Spectral Irradiance,W m-2 nm-1
values at z =      0.025 km
Columns: wavelength (nm),times (hrs.) or sza (deg.)
    wc,nm     18.000     18.017     18.033     18.050     18.067     18.083     18.100     18.117     18.133     18.150     18.167     18.183     18.200     18.217     18.233     18.250     18.267     18.283     18.300     18.317     18.333     18.350     18.367     18.383     18.400     18.417     18.433     18.450     18.467     18.483     18.500     18.517     18.533     18.550     18.567     18.583     18.600     18.617     18.633     18.650     18.667     18.683     18.700     18.717     18.733     18.750     18.767     18.783     18.800     18.817     18.833     18.850     18.867     18.883     18.900     18.917     18.933     18.950     18.967     18.983     19.000
    sza =      84.836     85.034     85.232     85.431     85.629     85.828     86.026     86.225     86.424     86.625     86.824     87.023     87.223     87.423     87.623     87.824     88.024     88.225     88.426     88.626     88.828     89.029     89.230     89.432     89.633     89.835     90.037     90.239     90.441     90.643     90.846     91.049     91.252     91.454     91.657     91.860     92.063     92.267     92.470     92.674     92.877     93.081     93.285     93.490     93.694     93.898     94.102     94.306     94.512     94.716     94.921     95.126     95.330     95.535     95.741     95.947     96.152     96.357     96.563     96.768     96.975
  280.5000  2.440E-24  2.386E-24  2.333E-24  2.279E-24  2.225E-24  2.170E-24  2.116E-24  2.061E-24  2.006E-24  1.951E-24  1.896E-24  1.840E-24  1.783E-24  1.727E-24  1.670E-24  1.612E-24  1.554E-24  1.496E-24  1.438E-24  1.379E-24  1.319E-24  1.259E-24  1.200E-24  1.140E-24  1.081E-24  1.022E-24  9.593E-25  8.826E-25  8.164E-25  7.587E-25  7.083E-25  6.469E-25  5.887E-25  5.348E-25  4.823E-25  4.266E-25  3.779E-25  3.342E-25  2.939E-25  2.513E-25  2.111E-25  1.768E-25  1.475E-25  1.223E-25  9.558E-26  7.547E-26  5.510E-26  3.867E-26  2.587E-26  1.438E-26  6.531E-27  1.957E-27  3.013E-28  7.968E-30  1.953E-32  7.326E-37  1.261E-44  0.000E+00  0.000E+00  0.000E+00  0.000E+00
  281.5000  3.389E-22  3.314E-22  3.240E-22  3.164E-22  3.089E-22  3.014E-22  2.938E-22  2.862E-22  2.786E-22  2.709E-22  2.632E-22  2.554E-22  2.476E-22  2.398E-22  2.319E-22  2.239E-22  2.159E-22  2.078E-22  1.997E-22  1.915E-22  1.833E-22  1.750E-22  1.668E-22  1.585E-22  1.503E-22  1.422E-22  1.335E-22  1.229E-22  1.137E-22  1.057E-22  9.870E-23  9.018E-23  8.209E-23  7.460E-23  6.730E-23  5.956E-23  5.276E-23  4.668E-23  4.106E-23  3.513E-23  2.952E-23  2.475E-23  2.066E-23  1.715E-23  1.345E-23  1.067E-23  7.868E-24  5.601E-24  3.827E-24  2.209E-24  1.062E-24  3.508E-25  6.328E-26  2.301E-27  9.559E-30  8.837E-34  7.707E-41  0.000E+00  0.000E+00  0.000E+00  0.000E+00
  282.5000  1.609E-20  1.574E-20  1.538E-20  1.502E-20  1.466E-20  1.431E-20  1.395E-20  1.358E-20  1.322E-20  1.286E-20  1.249E-20  1.212E-20  1.175E-20  1.138E-20  1.101E-20  1.063E-20  1.025E-20  9.865E-21  9.481E-21  9.094E-21  8.703E-21  8.313E-21  7.921E-21  7.530E-21  7.140E-21  6.756E-21  6.345E-21  5.842E-21  5.407E-21  5.028E-21  4.697E-21  4.293E-21  3.910E-21  3.554E-21  3.207E-21  2.838E-21  2.517E-21  2.227E-21  1.960E-21  1.678E-21  1.410E-21  1.183E-21  9.881E-22  8.213E-22  6.458E-22  5.147E-22  3.824E-22  2.755E-22  1.916E-22  1.142E-22  5.770E-23  2.076E-23  4.307E-24  2.077E-25  1.377E-27  2.815E-31  1.011E-37  0.000E+00  0.000E+00  0.000E+00  0.000E+00
  283.5000  1.783E-19  1.743E-19  1.704E-19  1.664E-19  1.624E-19  1.584E-19  1.544E-19  1.504E-19  1.464E-19  1.424E-19  1.383E-19  1.342E-19  1.301E-19  1.260E-19  1.219E-19  1.177E-19  1.135E-19  1.092E-19  1.050E-19  1.007E-19  9.639E-20  9.208E-20  8.775E-20  8.342E-20  7.911E-20  7.486E-20  7.033E-20  6.476E-20  5.995E-20  5.577E-20  5.211E-20  4.764E-20  4.339E-20  3.946E-20  3.562E-20  3.154E-20  2.796E-20  2.475E-20  2.178E-20  1.866E-20  1.569E-20  1.316E-20  1.100E-20  9.150E-21  7.207E-21  5.759E-21  4.301E-21  3.122E-21  2.196E-21  1.336E-21  6.971E-22  2.652E-22  6.030E-23  3.501E-24  3.160E-26  1.087E-29  9.819E-36  4.204E-45  0.000E+00  0.000E+00  0.000E+00
  284.5000  8.767E-18  8.571E-18  8.375E-18  8.178E-18  7.981E-18  7.784E-18  7.587E-18  7.390E-18  7.191E-18  6.992E-18  6.792E-18  6.591E-18  6.390E-18  6.187E-18  5.984E-18  5.778E-18  5.572E-18  5.365E-18  5.157E-18  4.947E-18  4.736E-18  4.524E-18  4.313E-18  4.101E-18  3.890E-18  3.683E-18  3.461E-18  3.188E-18  2.952E-18  2.748E-18  2.569E-18  2.350E-18  2.142E-18  1.948E-18  1.760E-18  1.559E-18  1.383E-18  1.225E-18  1.079E-18  9.247E-19  7.778E-19  6.531E-19  5.464E-19  4.551E-19  3.595E-19  2.886E-19  2.173E-19  1.598E-19  1.146E-19  7.212E-20  3.970E-20  1.657E-20  4.387E-21  3.471E-22  5.254E-24  4.376E-27  1.935E-32  8.930E-41  0.000E+00  0.000E+00  0.000E+00
  285.5000  9.818E-17  9.597E-17  9.376E-17  9.153E-17  8.932E-17  8.711E-17  8.489E-17  8.266E-17  8.044E-17  7.819E-17  7.595E-17  7.370E-17  7.144E-17  6.917E-17  6.689E-17  6.459E-17  6.229E-17  5.997E-17  5.765E-17  5.531E-17  5.295E-17  5.059E-17  4.823E-17  4.587E-17  4.352E-17  4.120E-17  3.873E-17  3.569E-17  3.306E-17  3.078E-17  2.879E-17  2.634E-17  2.402E-17  2.186E-17  1.976E-17  1.751E-17  1.554E-17  1.377E-17  1.213E-17  1.041E-17  8.759E-18  7.360E-18  6.162E-18  5.137E-18  4.067E-18  3.276E-18  2.482E-18  1.842E-18  1.339E-18  8.651E-19  4.960E-19  2.223E-19  6.632E-20  6.694E-21  1.522E-22  2.525E-25  3.783E-30  1.175E-37  0.000E+00  0.000E+00  0.000E+00
  286.5000  2.838E-15  2.774E-15  2.710E-15  2.645E-15  2.581E-15  2.516E-15  2.452E-15  2.387E-15  2.323E-15  2.257E-15  2.193E-15  2.127E-15  2.062E-15  1.996E-15  1.930E-15  1.864E-15  1.797E-15  1.730E-15  1.663E-15  1.596E-15  1.529E-15  1.460E-15  1.392E-15  1.324E-15  1.256E-15  1.190E-15  1.118E-15  1.031E-15  9.551E-16  8.895E-16  8.322E-16  7.618E-16  6.948E-16  6.327E-16  5.719E-16  5.073E-16  4.503E-16  3.993E-16  3.519E-16  3.021E-16  2.542E-16  2.138E-16  1.791E-16  1.494E-16  1.185E-16  9.567E-17  7.282E-17  5.443E-17  3.999E-17  2.633E-17  1.557E-17  7.371E-18  2.411E-18  2.939E-19  9.159E-21  2.597E-23  9.989E-28  1.349E-34  0.000E+00  0.000E+00  0.000E+00
  287.5000  4.421E-14  4.320E-14  4.219E-14  4.117E-14  4.016E-14  3.915E-14  3.814E-14  3.713E-14  3.611E-14  3.510E-14  3.408E-14  3.306E-14  3.204E-14  3.102E-14  2.999E-14  2.895E-14  2.792E-14  2.688E-14  2.583E-14  2.478E-14  2.373E-14  2.267E-14  2.162E-14  2.056E-14  1.952E-14  1.849E-14  1.738E-14  1.602E-14  1.485E-14  1.384E-14  1.295E-14  1.186E-14  1.082E-14  9.860E-15  8.917E-15  7.914E-15  7.030E-15  6.237E-15  5.498E-15  4.725E-15  3.978E-15  3.346E-15  2.806E-15  2.343E-15  1.861E-15  1.507E-15  1.152E-15  8.678E-16  6.446E-16  4.331E-16  2.646E-16  1.327E-16  4.785E-17  7.129E-18  3.117E-19  1.576E-21  1.687E-25  1.133E-31  6.218E-42  0.000E+00  0.000E+00
  288.5000  6.635E-13  6.480E-13  6.326E-13  6.172E-13  6.019E-13  5.865E-13  5.712E-13  5.559E-13  5.406E-13  5.252E-13  5.099E-13  4.945E-13  4.791E-13  4.637E-13  4.482E-13  4.327E-13  4.171E-13  4.015E-13  3.859E-13  3.702E-13  3.544E-13  3.387E-13  3.229E-13  3.072E-13  2.916E-13  2.762E-13  2.598E-13  2.395E-13  2.221E-13  2.070E-13  1.938E-13  1.776E-13  1.621E-13  1.478E-13  1.337E-13  1.188E-13  1.056E-13  9.374E-14  8.270E-14  7.114E-14  5.992E-14  5.045E-14  4.233E-14  3.539E-14  2.817E-14  2.287E-14  1.758E-14  1.334E-14  1.002E-14  6.880E-15  4.351E-15  2.322E-15  9.306E-16  1.727E-16  1.094E-17  1.045E-19  3.440E-23  1.337E-28  1.440E-37  0.000E+00  0.000E+00
  289.5000  8.018E-12  7.829E-12  7.640E-12  7.451E-12  7.264E-12  7.077E-12  6.890E-12  6.703E-12  6.517E-12  6.329E-12  6.143E-12  5.956E-12  5.770E-12  5.583E-12  5.395E-12  5.207E-12  5.019E-12  4.830E-12  4.642E-12  4.452E-12  4.262E-12  4.072E-12  3.883E-12  3.694E-12  3.506E-12  3.321E-12  3.124E-12  2.881E-12  2.672E-12  2.491E-12  2.333E-12  2.138E-12  1.953E-12  1.781E-12  1.612E-12  1.433E-12  1.274E-12  1.132E-12  9.992E-13  8.604E-13  7.249E-13  6.107E-13  5.128E-13  4.290E-13  3.420E-13  2.782E-13  2.146E-13  1.637E-13  1.240E-13  8.642E-14  5.604E-14  3.129E-14  1.356E-14  2.961E-15  2.474E-16  3.788E-18  2.840E-21  3.945E-26  3.607E-34  2.803E-45  0.000E+00
  290.5000  6.252E-11  6.103E-11  5.954E-11  5.805E-11  5.657E-11  5.510E-11  5.363E-11  5.216E-11  5.069E-11  4.922E-11  4.776E-11  4.629E-11  4.483E-11  4.337E-11  4.190E-11  4.043E-11  3.896E-11  3.749E-11  3.602E-11  3.454E-11  3.306E-11  3.158E-11  3.011E-11  2.864E-11  2.719E-11  2.576E-11  2.423E-11  2.235E-11  2.073E-11  1.933E-11  1.810E-11  1.660E-11  1.516E-11  1.384E-11  1.253E-11  1.114E-11  9.914E-12  8.813E-12  7.782E-12  6.707E-12  5.653E-12  4.765E-12  4.004E-12  3.352E-12  2.676E-12  2.180E-12  1.686E-12  1.292E-12  9.849E-13  6.948E-13  4.597E-13  2.663E-13  1.230E-13  3.070E-14  3.223E-15  7.307E-17  1.089E-19  4.399E-24  2.424E-31  2.270E-41  0.000E+00
  291.5000  4.227E-10  4.123E-10  4.021E-10  3.919E-10  3.817E-10  3.716E-10  3.615E-10  3.514E-10  3.414E-10  3.314E-10  3.214E-10  3.114E-10  3.014E-10  2.915E-10  2.815E-10  2.715E-10  2.616E-10  2.516E-10  2.417E-10  2.317E-10  2.218E-10  2.118E-10  2.019E-10  1.920E-10  1.822E-10  1.726E-10  1.624E-10  1.498E-10  1.390E-10  1.296E-10  1.214E-10  1.114E-10  1.018E-10  9.291E-11  8.420E-11  7.490E-11  6.671E-11  5.933E-11  5.243E-11  4.523E-11  3.814E-11  3.218E-11  2.706E-11  2.267E-11  1.812E-11  1.479E-11  1.148E-11  8.836E-12  6.781E-12  4.846E-12  3.275E-12  1.972E-12  9.752E-13  2.813E-13  3.788E-14  1.324E-15  4.235E-18  5.649E-22  2.351E-28  3.806E-37  0.000E+00
  292.5000  1.904E-09  1.857E-09  1.810E-09  1.763E-09  1.716E-09  1.670E-09  1.624E-09  1.578E-09  1.532E-09  1.486E-09  1.441E-09  1.396E-09  1.350E-09  1.305E-09  1.260E-09  1.215E-09  1.170E-09  1.125E-09  1.080E-09  1.035E-09  9.904E-10  9.458E-10  9.013E-10  8.571E-10  8.133E-10  7.703E-10  7.246E-10  6.684E-10  6.201E-10  5.782E-10  5.419E-10  4.971E-10  4.545E-10  4.150E-10  3.763E-10  3.349E-10  2.985E-10  2.656E-10  2.348E-10  2.028E-10  1.711E-10  1.444E-10  1.215E-10  1.019E-10  8.157E-11  6.669E-11  5.188E-11  4.008E-11  3.093E-11  2.233E-11  1.536E-11  9.555E-12  5.004E-12  1.632E-12  2.716E-13  1.369E-14  8.302E-17  2.981E-20  6.487E-26  1.071E-33  7.006E-45
  293.5000  9.989E-09  9.735E-09  9.483E-09  9.231E-09  8.982E-09  8.735E-09  8.489E-09  8.244E-09  8.001E-09  7.758E-09  7.517E-09  7.276E-09  7.037E-09  6.798E-09  6.560E-09  6.322E-09  6.085E-09  5.849E-09  5.613E-09  5.378E-09  5.142E-09  4.908E-09  4.676E-09  4.445E-09  4.217E-09  3.993E-09  3.756E-09  3.464E-09  3.213E-09  2.997E-09  2.808E-09  2.577E-09  2.357E-09  2.153E-09  1.952E-09  1.738E-09  1.550E-09  1.381E-09  1.221E-09  1.056E-09  8.913E-10  7.530E-10  6.341E-10  5.322E-10  4.265E-10  3.491E-10  2.722E-10  2.110E-10  1.636E-10  1.193E-10  8.328E-11  5.334E-11  2.942E-11  1.073E-11  2.168E-12  1.535E-13  1.691E-15  1.541E-18  1.594E-23  2.339E-30  3.745E-40
  294.5000  3.057E-08  2.977E-08  2.898E-08  2.820E-08  2.742E-08  2.665E-08  2.588E-08  2.512E-08  2.437E-08  2.362E-08  2.287E-08  2.213E-08  2.139E-08  2.065E-08  1.992E-08  1.919E-08  1.846E-08  1.773E-08  1.701E-08  1.629E-08  1.557E-08  1.486E-08  1.415E-08  1.344E-08  1.275E-08  1.207E-08  1.135E-08  1.047E-08  9.707E-09  9.052E-09  8.483E-09  7.785E-09  7.119E-09  6.505E-09  5.901E-09  5.257E-09  4.689E-09  4.179E-09  3.698E-09  3.201E-09  2.703E-09  2.285E-09  1.926E-09  1.618E-09  1.298E-09  1.064E-09  8.308E-10  6.459E-10  5.027E-10  3.690E-10  2.609E-10  1.710E-10  9.841E-11  3.933E-11  9.334E-12  8.747E-13  1.567E-14  3.027E-17  1.085E-21  8.952E-28  1.728E-36
  295.5000  1.287E-07  1.253E-07  1.219E-07  1.185E-07  1.151E-07  1.118E-07  1.085E-07  1.052E-07  1.020E-07  9.877E-08  9.558E-08  9.241E-08  8.926E-08  8.613E-08  8.301E-08  7.990E-08  7.682E-08  7.376E-08  7.071E-08  6.767E-08  6.464E-08  6.164E-08  5.866E-08  5.572E-08  5.282E-08  4.998E-08  4.698E-08  4.331E-08  4.016E-08  3.744E-08  3.508E-08  3.220E-08  2.945E-08  2.691E-08  2.442E-08  2.176E-08  1.942E-08  1.732E-08  1.534E-08  1.329E-08  1.123E-08  9.500E-09  8.012E-09  6.735E-09  5.409E-09  4.439E-09  3.475E-09  2.709E-09  2.116E-09  1.564E-09  1.119E-09  7.507E-10  4.502E-10  1.971E-10  5.496E-11  6.847E-12  2.022E-13  8.521E-16  1.119E-19  5.620E-25  1.477E-32
  296.5000  3.498E-07  3.401E-07  3.305E-07  3.210E-07  3.117E-07  3.024E-07  2.933E-07  2.842E-07  2.753E-07  2.663E-07  2.575E-07  2.488E-07  2.401E-07  2.315E-07  2.230E-07  2.145E-07  2.060E-07  1.977E-07  1.894E-07  1.811E-07  1.729E-07  1.648E-07  1.567E-07  1.488E-07  1.409E-07  1.333E-07  1.252E-07  1.154E-07  1.070E-07  9.969E-08  9.339E-08  8.570E-08  7.837E-08  7.163E-08  6.500E-08  5.795E-08  5.174E-08  4.616E-08  4.089E-08  3.547E-08  2.999E-08  2.539E-08  2.143E-08  1.803E-08  1.450E-08  1.191E-08  9.342E-09  7.299E-09  5.719E-09  4.254E-09  3.074E-09  2.101E-09  1.305E-09  6.177E-10  1.979E-10  3.151E-11  1.428E-12  1.173E-14  4.630E-18  1.061E-22  2.448E-29
  297.5000  1.000E-06  9.715E-07  9.433E-07  9.153E-07  8.878E-07  8.606E-07  8.338E-07  8.073E-07  7.811E-07  7.550E-07  7.294E-07  7.040E-07  6.789E-07  6.540E-07  6.294E-07  6.048E-07  5.806E-07  5.566E-07  5.328E-07  5.092E-07  4.857E-07  4.625E-07  4.396E-07  4.170E-07  3.948E-07  3.731E-07  3.503E-07  3.227E-07  2.990E-07  2.785E-07  2.608E-07  2.393E-07  2.188E-07  2.000E-07  1.815E-07  1.618E-07  1.445E-07  1.290E-07  1.143E-07  9.923E-08  8.396E-08  7.115E-08  6.010E-08  5.060E-08  4.074E-08  3.350E-08  2.632E-08  2.061E-08  1.619E-08  1.210E-08  8.814E-09  6.120E-09  3.915E-09  1.979E-09  7.135E-10  1.404E-10  9.220E-12  1.355E-13  1.399E-16  1.208E-20  1.869E-26
  298.5000  1.694E-06  1.644E-06  1.595E-06  1.546E-06  1.498E-06  1.450E-06  1.404E-06  1.358E-06  1.312E-06  1.267E-06  1.223E-06  1.179E-06  1.136E-06  1.094E-06  1.051E-06  1.009E-06  9.681E-07  9.272E-07  8.868E-07  8.467E-07  8.070E-07  7.679E-07  7.293E-07  6.912E-07  6.540E-07  6.176E-07  5.795E-07  5.335E-07  4.940E-07  4.600E-07  4.305E-07  3.948E-07  3.609E-07  3.298E-07  2.993E-07  2.669E-07  2.384E-07  2.129E-07  1.887E-07  1.640E-07  1.388E-07  1.177E-07  9.952E-08  8.385E-08  6.758E-08  5.563E-08  4.377E-08  3.433E-08  2.703E-08  2.028E-08  1.488E-08  1.047E-08  6.862E-09  3.668E-09  1.463E-09  3.452E-10  3.119E-11  7.555E-13  1.775E-15  4.739E-19  3.665E-24
  299.5000  5.333E-06  5.169E-06  5.007E-06  4.847E-06  4.691E-06  4.537E-06  4.386E-06  4.237E-06  4.090E-06  3.945E-06  3.803E-06  3.663E-06  3.525E-06  3.389E-06  3.254E-06  3.121E-06  2.990E-06  2.861E-06  2.733E-06  2.607E-06  2.482E-06  2.359E-06  2.239E-06  2.120E-06  2.004E-06  1.891E-06  1.773E-06  1.631E-06  1.509E-06  1.404E-06  1.313E-06  1.204E-06  1.100E-06  1.005E-06  9.116E-07  8.130E-07  7.264E-07  6.487E-07  5.752E-07  5.001E-07  4.237E-07  3.596E-07  3.042E-07  2.565E-07  2.070E-07  1.706E-07  1.344E-07  1.056E-07  8.329E-08  6.274E-08  4.629E-08  3.294E-08  2.205E-08  1.238E-08  5.403E-09  1.501E-09  1.811E-10  6.939E-12  3.490E-14  2.667E-17  9.392E-22
  300.5000  6.619E-06  6.407E-06  6.199E-06  5.994E-06  5.794E-06  5.597E-06  5.404E-06  5.215E-06  5.028E-06  4.844E-06  4.664E-06  4.487E-06  4.313E-06  4.142E-06  3.973E-06  3.806E-06  3.642E-06  3.481E-06  3.322E-06  3.166E-06  3.011E-06  2.859E-06  2.710E-06  2.564E-06  2.420E-06  2.282E-06  2.138E-06  1.966E-06  1.817E-06  1.690E-06  1.579E-06  1.447E-06  1.322E-06  1.207E-06  1.094E-06  9.760E-07  8.720E-07  7.791E-07  6.908E-07  6.010E-07  5.094E-07  4.326E-07  3.663E-07  3.090E-07  2.497E-07  2.059E-07  1.624E-07  1.278E-07  1.010E-07  7.629E-08  5.656E-08  4.060E-08  2.765E-08  1.614E-08  7.571E-09  2.400E-09  3.658E-10  2.029E-11  1.878E-13  3.292E-16  3.751E-20
  301.5000  1.816E-05  1.755E-05  1.696E-05  1.637E-05  1.580E-05  1.524E-05  1.469E-05  1.415E-05  1.362E-05  1.310E-05  1.260E-05  1.210E-05  1.161E-05  1.113E-05  1.066E-05  1.020E-05  9.744E-06  9.298E-06  8.861E-06  8.431E-06  8.007E-06  7.593E-06  7.188E-06  6.791E-06  6.404E-06  6.030E-06  5.643E-06  5.181E-06  4.785E-06  4.444E-06  4.153E-06  3.799E-06  3.467E-06  3.164E-06  2.868E-06  2.557E-06  2.284E-06  2.039E-06  1.809E-06  1.575E-06  1.336E-06  1.136E-06  9.622E-07  8.125E-07  6.572E-07  5.425E-07  4.286E-07  3.379E-07  2.674E-07  2.026E-07  1.509E-07  1.093E-07  7.569E-08  4.594E-08  2.320E-08  8.423E-09  1.638E-09  1.343E-10  2.377E-12  1.011E-14  4.056E-18
  302.5000  2.841E-05  2.742E-05  2.645E-05  2.550E-05  2.458E-05  2.368E-05  2.280E-05  2.193E-05  2.109E-05  2.026E-05  1.945E-05  1.866E-05  1.788E-05  1.712E-05  1.638E-05  1.565E-05  1.493E-05  1.423E-05  1.354E-05  1.288E-05  1.221E-05  1.156E-05  1.093E-05  1.032E-05  9.720E-06  9.143E-06  8.546E-06  7.840E-06  7.233E-06  6.712E-06  6.264E-06  5.729E-06  5.224E-06  4.765E-06  4.316E-06  3.847E-06  3.436E-06  3.068E-06  2.721E-06  2.370E-06  2.011E-06  1.710E-06  1.450E-06  1.225E-06  9.920E-07  8.194E-07  6.482E-07  5.117E-07  4.053E-07  3.079E-07  2.301E-07  1.676E-07  1.173E-07  7.311E-08  3.878E-08  1.544E-08  3.542E-09  3.782E-10  1.038E-11  7.957E-14  7.259E-17
  303.5000  6.492E-05  6.253E-05  6.021E-05  5.795E-05  5.574E-05  5.360E-05  5.151E-05  4.946E-05  4.747E-05  4.552E-05  4.362E-05  4.177E-05  3.995E-05  3.818E-05  3.646E-05  3.476E-05  3.311E-05  3.150E-05  2.992E-05  2.838E-05  2.687E-05  2.541E-05  2.398E-05  2.260E-05  2.125E-05  1.995E-05  1.862E-05  1.706E-05  1.572E-05  1.456E-05  1.357E-05  1.240E-05  1.129E-05  1.029E-05  9.314E-06  8.296E-06  7.406E-06  6.622E-06  5.863E-06  5.107E-06  4.336E-06  3.690E-06  3.131E-06  2.647E-06  2.147E-06  1.775E-06  1.406E-06  1.112E-06  8.819E-07  6.716E-07  5.037E-07  3.693E-07  2.617E-07  1.679E-07  9.408E-08  4.155E-08  1.150E-08  1.664E-09  7.581E-11  1.157E-12  2.801E-15
  304.5000  8.523E-05  8.198E-05  7.883E-05  7.576E-05  7.279E-05  6.989E-05  6.707E-05  6.433E-05  6.166E-05  5.905E-05  5.651E-05  5.404E-05  5.163E-05  4.928E-05  4.698E-05  4.474E-05  4.256E-05  4.043E-05  3.836E-05  3.634E-05  3.437E-05  3.245E-05  3.059E-05  2.878E-05  2.704E-05  2.536E-05  2.364E-05  2.163E-05  1.991E-05  1.843E-05  1.716E-05  1.566E-05  1.425E-05  1.298E-05  1.174E-05  1.045E-05  9.325E-06  8.321E-06  7.377E-06  6.427E-06  5.459E-06  4.647E-06  3.944E-06  3.337E-06  2.709E-06  2.241E-06  1.777E-06  1.407E-06  1.117E-06  8.519E-07  6.404E-07  4.714E-07  3.364E-07  2.196E-07  1.272E-07  5.977E-08  1.851E-08  3.208E-09  1.968E-10  4.502E-12  1.931E-14
  305.5000  1.524E-04  1.462E-04  1.402E-04  1.343E-04  1.287E-04  1.233E-04  1.180E-04  1.129E-04  1.079E-04  1.031E-04  9.844E-05  9.390E-05  8.950E-05  8.521E-05  8.105E-05  7.699E-05  7.306E-05  6.924E-05  6.554E-05  6.193E-05  5.842E-05  5.504E-05  5.175E-05  4.859E-05  4.553E-05  4.261E-05  3.963E-05  3.620E-05  3.325E-05  3.072E-05  2.854E-05  2.601E-05  2.363E-05  2.149E-05  1.941E-05  1.726E-05  1.539E-05  1.373E-05  1.216E-05  1.059E-05  9.001E-06  7.666E-06  6.510E-06  5.512E-06  4.481E-06  3.710E-06  2.948E-06  2.338E-06  1.858E-06  1.421E-06  1.071E-06  7.927E-07  5.711E-07  3.814E-07  2.307E-07  1.179E-07  4.256E-08  9.486E-09  8.876E-10  3.648E-11  3.668E-13
  306.5000  1.833E-04  1.756E-04  1.681E-04  1.609E-04  1.539E-04  1.472E-04  1.407E-04  1.345E-04  1.284E-04  1.225E-04  1.168E-04  1.113E-04  1.059E-04  1.007E-04  9.571E-05  9.080E-05  8.607E-05  8.147E-05  7.701E-05  7.269E-05  6.849E-05  6.444E-05  6.052E-05  5.680E-05  5.312E-05  4.965E-05  4.614E-05  4.209E-05  3.862E-05  3.564E-05  3.308E-05  3.013E-05  2.735E-05  2.485E-05  2.243E-05  1.993E-05  1.776E-05  1.584E-05  1.402E-05  1.221E-05  1.038E-05  8.840E-06  7.510E-06  6.360E-06  5.175E-06  4.287E-06  3.410E-06  2.706E-06  2.153E-06  1.648E-06  1.245E-06  9.231E-07  6.680E-07  4.508E-07  2.783E-07  1.477E-07  5.722E-08  1.429E-08  1.612E-09  8.539E-11  1.230E-12
  307.5000  3.610E-04  3.444E-04  3.284E-04  3.131E-04  2.985E-04  2.845E-04  2.710E-04  2.580E-04  2.456E-04  2.335E-04  2.220E-04  2.108E-04  2.000E-04  1.897E-04  1.796E-04  1.699E-04  1.606E-04  1.515E-04  1.428E-04  1.344E-04  1.263E-04  1.184E-04  1.109E-04  1.037E-04  9.677E-05  9.019E-05  8.357E-05  7.606E-05  6.960E-05  6.406E-05  5.931E-05  5.389E-05  4.880E-05  4.426E-05  3.987E-05  3.538E-05  3.149E-05  2.805E-05  2.480E-05  2.159E-05  1.835E-05  1.563E-05  1.328E-05  1.126E-05  9.171E-06  7.606E-06  6.060E-06  4.818E-06  3.837E-06  2.944E-06  2.230E-06  1.661E-06  1.210E-06  8.308E-07  5.296E-07  2.997E-07  1.308E-07  3.988E-08  6.316E-09  5.381E-10  1.556E-11
  308.5000  4.616E-04  4.396E-04  4.185E-04  3.983E-04  3.791E-04  3.607E-04  3.431E-04  3.261E-04  3.099E-04  2.943E-04  2.793E-04  2.649E-04  2.510E-04  2.377E-04  2.248E-04  2.124E-04  2.004E-04  1.889E-04  1.778E-04  1.671E-04  1.568E-04  1.469E-04  1.374E-04  1.282E-04  1.195E-04  1.113E-04  1.030E-04  9.359E-05  8.553E-05  7.863E-05  7.271E-05  6.599E-05  5.970E-05  5.409E-05  4.868E-05  4.316E-05  3.838E-05  3.417E-05  3.019E-05  2.628E-05  2.233E-05  1.902E-05  1.617E-05  1.371E-05  1.117E-05  9.272E-06  7.394E-06  5.883E-06  4.689E-06  3.602E-06  2.732E-06  2.038E-06  1.490E-06  1.031E-06  6.664E-07  3.875E-07  1.780E-07  5.898E-08  1.072E-08  1.101E-09  4.144E-11
  309.5000  5.274E-04  5.005E-04  4.750E-04  4.505E-04  4.272E-04  4.051E-04  3.839E-04  3.638E-04  3.445E-04  3.260E-04  3.084E-04  2.916E-04  2.755E-04  2.600E-04  2.452E-04  2.310E-04  2.173E-04  2.043E-04  1.917E-04  1.797E-04  1.681E-04  1.570E-04  1.464E-04  1.363E-04  1.267E-04  1.176E-04  1.086E-04  9.842E-05  8.972E-05  8.225E-05  7.586E-05  6.869E-05  6.200E-05  5.606E-05  5.034E-05  4.456E-05  3.957E-05  3.517E-05  3.104E-05  2.699E-05  2.293E-05  1.953E-05  1.660E-05  1.407E-05  1.149E-05  9.538E-06  7.618E-06  6.071E-06  4.844E-06  3.728E-06  2.833E-06  2.120E-06  1.557E-06  1.089E-06  7.182E-07  4.347E-07  2.156E-07  8.128E-08  1.844E-08  2.584E-09  1.535E-10
  310.5000  8.876E-04  8.404E-04  7.955E-04  7.525E-04  7.119E-04  6.731E-04  6.363E-04  6.012E-04  5.678E-04  5.359E-04  5.056E-04  4.767E-04  4.491E-04  4.228E-04  3.977E-04  3.736E-04  3.507E-04  3.288E-04  3.079E-04  2.878E-04  2.686E-04  2.504E-04  2.329E-04  2.163E-04  2.006E-04  1.858E-04  1.710E-04  1.547E-04  1.407E-04  1.287E-04  1.184E-04  1.070E-04  9.637E-05  8.697E-05  7.795E-05  6.888E-05  6.107E-05  5.422E-05  4.779E-05  4.152E-05  3.525E-05  3.001E-05  2.551E-05  2.163E-05  1.767E-05  1.468E-05  1.174E-05  9.367E-06  7.480E-06  5.766E-06  4.390E-06  3.293E-06  2.427E-06  1.711E-06  1.145E-06  7.137E-07  3.744E-07  1.552E-07  4.136E-08  7.247E-09  5.950E-10
  311.5000  1.328E-03  1.255E-03  1.186E-03  1.121E-03  1.058E-03  9.988E-04  9.423E-04  8.887E-04  8.376E-04  7.889E-04  7.428E-04  6.989E-04  6.571E-04  6.174E-04  5.796E-04  5.434E-04  5.091E-04  4.763E-04  4.452E-04  4.154E-04  3.870E-04  3.600E-04  3.348E-04  3.100E-04  2.869E-04  2.652E-04  2.437E-04  2.201E-04  1.998E-04  1.824E-04  1.676E-04  1.512E-04  1.359E-04  1.225E-04  1.096E-04  9.673E-05  8.565E-05  7.596E-05  6.687E-05  5.805E-05  4.927E-05  4.194E-05  3.563E-05  3.021E-05  2.469E-05  2.052E-05  1.642E-05  1.312E-05  1.048E-05  8.091E-06  6.168E-06  4.634E-06  3.424E-06  2.426E-06  1.639E-06  1.041E-06  5.659E-07  2.492E-07  7.373E-08  1.493E-08  1.511E-09
  312.5000  1.763E-03  1.664E-03  1.569E-03  1.479E-03  1.393E-03  1.311E-03  1.234E-03  1.160E-03  1.089E-03  1.022E-03  9.589E-04  8.987E-04  8.417E-04  7.876E-04  7.363E-04  6.875E-04  6.414E-04  5.977E-04  5.563E-04  5.170E-04  4.797E-04  4.444E-04  4.111E-04  3.796E-04  3.500E-04  3.222E-04  2.950E-04  2.654E-04  2.399E-04  2.182E-04  1.997E-04  1.794E-04  1.607E-04  1.443E-04  1.287E-04  1.132E-04  9.995E-05  8.840E-05  7.762E-05  6.725E-05  5.700E-05  4.846E-05  4.114E-05  3.486E-05  2.852E-05  2.371E-05  1.901E-05  1.521E-05  1.217E-05  9.416E-06  7.196E-06  5.423E-06  4.022E-06  2.875E-06  1.972E-06  1.290E-06  7.447E-07  3.637E-07  1.290E-07  3.374E-08  4.974E-09
  313.5000  2.158E-03  2.036E-03  1.920E-03  1.809E-03  1.703E-03  1.603E-03  1.507E-03  1.416E-03  1.329E-03  1.246E-03  1.168E-03  1.094E-03  1.024E-03  9.571E-04  8.940E-04  8.339E-04  7.773E-04  7.237E-04  6.729E-04  6.248E-04  5.791E-04  5.361E-04  4.955E-04  4.571E-04  4.210E-04  3.873E-04  3.542E-04  3.183E-04  2.876E-04  2.613E-04  2.388E-04  2.144E-04  1.919E-04  1.721E-04  1.534E-04  1.348E-04  1.189E-04  1.051E-04  9.217E-05  7.984E-05  6.764E-05  5.748E-05  4.879E-05  4.134E-05  3.383E-05  2.813E-05  2.256E-05  1.807E-05  1.446E-05  1.120E-05  8.564E-06  6.460E-06  4.798E-06  3.440E-06  2.370E-06  1.565E-06  9.190E-07  4.620E-07  1.720E-07  4.792E-08  7.694E-09
  314.5000  2.933E-03  2.769E-03  2.612E-03  2.460E-03  2.315E-03  2.176E-03  2.043E-03  1.917E-03  1.796E-03  1.681E-03  1.572E-03  1.468E-03  1.369E-03  1.276E-03  1.188E-03  1.104E-03  1.025E-03  9.501E-04  8.797E-04  8.133E-04  7.505E-04  6.917E-04  6.364E-04  5.844E-04  5.359E-04  4.907E-04  4.468E-04  3.998E-04  3.596E-04  3.252E-04  2.959E-04  2.645E-04  2.357E-04  2.105E-04  1.867E-04  1.635E-04  1.436E-04  1.265E-04  1.108E-04  9.547E-05  8.070E-05  6.845E-05  5.801E-05  4.909E-05  4.018E-05  3.341E-05  2.684E-05  2.153E-05  1.725E-05  1.339E-05  1.027E-05  7.771E-06  5.793E-06  4.185E-06  2.916E-06  1.970E-06  1.212E-06  6.609E-07  2.849E-07  9.785E-08  2.147E-08
  315.5000  3.192E-03  3.014E-03  2.843E-03  2.678E-03  2.521E-03  2.370E-03  2.225E-03  2.088E-03  1.956E-03  1.830E-03  1.711E-03  1.598E-03  1.490E-03  1.388E-03  1.292E-03  1.200E-03  1.114E-03  1.032E-03  9.552E-04  8.827E-04  8.141E-04  7.499E-04  6.895E-04  6.330E-04  5.801E-04  5.309E-04  4.831E-04  4.321E-04  3.884E-04  3.510E-04  3.192E-04  2.852E-04  2.539E-04  2.266E-04  2.009E-04  1.758E-04  1.543E-04  1.358E-04  1.185E-04  1.024E-04  8.651E-05  7.335E-05  6.214E-05  5.257E-05  4.303E-05  3.578E-05  2.876E-05  2.308E-05  1.851E-05  1.437E-05  1.103E-05  8.353E-06  6.234E-06  4.513E-06  3.155E-06  2.144E-06  1.334E-06  7.411E-07  3.294E-07  1.176E-07  2.710E-08
  316.5000  4.151E-03  3.927E-03  3.710E-03  3.500E-03  3.299E-03  3.105E-03  2.918E-03  2.739E-03  2.567E-03  2.402E-03  2.245E-03  2.095E-03  1.953E-03  1.817E-03  1.688E-03  1.565E-03  1.449E-03  1.340E-03  1.236E-03  1.139E-03  1.047E-03  9.611E-04  8.805E-04  8.051E-04  7.349E-04  6.699E-04  6.070E-04  5.407E-04  4.839E-04  4.354E-04  3.942E-04  3.506E-04  3.108E-04  2.762E-04  2.437E-04  2.123E-04  1.857E-04  1.628E-04  1.414E-04  1.218E-04  1.026E-04  8.673E-05  7.331E-05  6.191E-05  5.065E-05  4.209E-05  3.386E-05  2.720E-05  2.184E-05  1.700E-05  1.308E-05  9.938E-06  7.442E-06  5.422E-06  3.822E-06  2.640E-06  1.698E-06  1.001E-06  4.952E-07  2.068E-07  6.043E-08
  317.5000  5.868E-03  5.551E-03  5.244E-03  4.947E-03  4.662E-03  4.388E-03  4.124E-03  3.871E-03  3.628E-03  3.395E-03  3.173E-03  2.961E-03  2.760E-03  2.568E-03  2.385E-03  2.212E-03  2.048E-03  1.894E-03  1.748E-03  1.610E-03  1.481E-03  1.359E-03  1.245E-03  1.139E-03  1.040E-03  9.479E-04  8.592E-04  7.681E-04  6.851E-04  6.166E-04  5.584E-04  4.967E-04  4.403E-04  3.914E-04  3.454E-04  3.009E-04  2.632E-04  2.308E-04  2.006E-04  1.726E-04  1.454E-04  1.230E-04  1.039E-04  8.779E-05  7.182E-05  5.969E-05  4.802E-05  3.859E-05  3.099E-05  2.413E-05  1.857E-05  1.411E-05  1.057E-05  7.707E-06  5.438E-06  3.762E-06  2.427E-06  1.437E-06  7.150E-07  3.000E-07  8.777E-08
  318.5000  6.005E-03  5.697E-03  5.398E-03  5.106E-03  4.825E-03  4.552E-03  4.288E-03  4.034E-03  3.788E-03  3.551E-03  3.323E-03  3.105E-03  2.896E-03  2.697E-03  2.506E-03  2.323E-03  2.151E-03  1.987E-03  1.831E-03  1.685E-03  1.546E-03  1.416E-03  1.294E-03  1.180E-03  1.073E-03  9.751E-04  8.805E-04  7.812E-04  6.963E-04  6.240E-04  5.626E-04  4.981E-04  4.394E-04  3.888E-04  3.414E-04  2.959E-04  2.576E-04  2.248E-04  1.945E-04  1.666E-04  1.398E-04  1.178E-04  9.924E-05  8.359E-05  6.828E-05  5.667E-05  4.560E-05  3.668E-05  2.948E-05  2.301E-05  1.777E-05  1.354E-05  1.018E-05  7.474E-06  5.311E-06  3.726E-06  2.471E-06  1.537E-06  8.383E-07  4.028E-07  1.454E-07
  319.5000  7.712E-03  7.321E-03  6.941E-03  6.570E-03  6.212E-03  5.865E-03  5.528E-03  5.203E-03  4.889E-03  4.586E-03  4.294E-03  4.015E-03  3.746E-03  3.489E-03  3.244E-03  3.008E-03  2.785E-03  2.573E-03  2.373E-03  2.183E-03  2.003E-03  1.834E-03  1.676E-03  1.528E-03  1.390E-03  1.262E-03  1.139E-03  1.010E-03  8.998E-04  8.060E-04  7.262E-04  6.426E-04  5.665E-04  5.008E-04  4.394E-04  3.806E-04  3.310E-04  2.886E-04  2.495E-04  2.135E-04  1.790E-04  1.506E-04  1.268E-04  1.068E-04  8.718E-05  7.234E-05  5.821E-05  4.684E-05  3.766E-05  2.941E-05  2.272E-05  1.734E-05  1.305E-05  9.597E-06  6.833E-06  4.812E-06  3.214E-06  2.022E-06  1.126E-06  5.565E-07  2.088E-07
  320.5000  9.990E-03  9.492E-03  9.007E-03  8.533E-03  8.074E-03  7.628E-03  7.196E-03  6.778E-03  6.374E-03  5.982E-03  5.606E-03  5.243E-03  4.896E-03  4.562E-03  4.242E-03  3.936E-03  3.645E-03  3.368E-03  3.105E-03  2.857E-03  2.621E-03  2.400E-03  2.192E-03  1.997E-03  1.816E-03  1.648E-03  1.486E-03  1.317E-03  1.172E-03  1.049E-03  9.439E-04  8.342E-04  7.345E-04  6.485E-04  5.683E-04  4.915E-04  4.269E-04  3.718E-04  3.210E-04  2.743E-04  2.297E-04  1.931E-04  1.624E-04  1.366E-04  1.114E-04  9.242E-05  7.435E-05  5.983E-05  4.811E-05  3.760E-05  2.908E-05  2.221E-05  1.673E-05  1.233E-05  8.795E-06  6.214E-06  4.177E-06  2.657E-06  1.510E-06  7.695E-07  3.035E-07
  321.5000  1.101E-02  1.050E-02  1.001E-02  9.523E-03  9.050E-03  8.587E-03  8.136E-03  7.697E-03  7.269E-03  6.851E-03  6.447E-03  6.055E-03  5.675E-03  5.308E-03  4.955E-03  4.613E-03  4.285E-03  3.971E-03  3.671E-03  3.385E-03  3.111E-03  2.852E-03  2.608E-03  2.378E-03  2.162E-03  1.962E-03  1.767E-03  1.563E-03  1.388E-03  1.239E-03  1.113E-03  9.803E-04  8.599E-04  7.563E-04  6.598E-04  5.678E-04  4.906E-04  4.253E-04  3.650E-04  3.101E-04  2.582E-04  2.158E-04  1.806E-04  1.512E-04  1.229E-04  1.017E-04  8.165E-05  6.569E-05  5.283E-05  4.138E-05  3.210E-05  2.461E-05  1.864E-05  1.384E-05  9.939E-06  7.107E-06  4.888E-06  3.232E-06  1.976E-06  1.124E-06  5.274E-07
  322.5000  9.042E-03  8.598E-03  8.165E-03  7.741E-03  7.330E-03  6.931E-03  6.543E-03  6.168E-03  5.804E-03  5.450E-03  5.111E-03  4.784E-03  4.469E-03  4.166E-03  3.876E-03  3.598E-03  3.333E-03  3.081E-03  2.841E-03  2.614E-03  2.398E-03  2.195E-03  2.005E-03  1.827E-03  1.660E-03  1.506E-03  1.358E-03  1.202E-03  1.069E-03  9.561E-04  8.601E-04  7.595E-04  6.682E-04  5.895E-04  5.160E-04  4.458E-04  3.868E-04  3.366E-04  2.903E-04  2.476E-04  2.071E-04  1.739E-04  1.461E-04  1.228E-04  1.001E-04  8.301E-05  6.677E-05  5.375E-05  4.323E-05  3.381E-05  2.617E-05  2.001E-05  1.510E-05  1.115E-05  7.971E-06  5.655E-06  3.830E-06  2.467E-06  1.432E-06  7.521E-07  3.098E-07
  323.5000  1.286E-02  1.229E-02  1.174E-02  1.119E-02  1.066E-02  1.014E-02  9.630E-03  9.131E-03  8.643E-03  8.165E-03  7.702E-03  7.251E-03  6.812E-03  6.387E-03  5.975E-03  5.575E-03  5.191E-03  4.821E-03  4.466E-03  4.125E-03  3.798E-03  3.488E-03  3.194E-03  2.916E-03  2.655E-03  2.410E-03  2.173E-03  1.921E-03  1.706E-03  1.523E-03  1.367E-03  1.204E-03  1.054E-03  9.263E-04  8.067E-04  6.927E-04  5.973E-04  5.166E-04  4.422E-04  3.745E-04  3.108E-04  2.590E-04  2.161E-04  1.804E-04  1.463E-04  1.207E-04  9.684E-05  7.786E-05  6.260E-05  4.906E-05  3.812E-05  2.929E-05  2.223E-05  1.658E-05  1.195E-05  8.592E-06  5.970E-06  4.010E-06  2.527E-06  1.506E-06  7.621E-07
  324.5000  1.490E-02  1.424E-02  1.360E-02  1.296E-02  1.234E-02  1.174E-02  1.114E-02  1.056E-02  9.995E-03  9.440E-03  8.901E-03  8.378E-03  7.869E-03  7.376E-03  6.898E-03  6.435E-03  5.990E-03  5.561E-03  5.150E-03  4.756E-03  4.379E-03  4.020E-03  3.681E-03  3.360E-03  3.058E-03  2.777E-03  2.503E-03  2.213E-03  1.966E-03  1.755E-03  1.576E-03  1.387E-03  1.216E-03  1.068E-03  9.307E-04  7.995E-04  6.896E-04  5.968E-04  5.110E-04  4.330E-04  3.596E-04  2.997E-04  2.502E-04  2.090E-04  1.695E-04  1.399E-04  1.123E-04  9.028E-05  7.260E-05  5.691E-05  4.421E-05  3.397E-05  2.579E-05  1.923E-05  1.386E-05  9.968E-06  6.927E-06  4.654E-06  2.931E-06  1.743E-06  8.760E-07
  325.5000  1.600E-02  1.528E-02  1.458E-02  1.388E-02  1.321E-02  1.255E-02  1.190E-02  1.127E-02  1.065E-02  1.005E-02  9.468E-03  8.902E-03  8.353E-03  7.821E-03  7.307E-03  6.809E-03  6.331E-03  5.873E-03  5.433E-03  5.013E-03  4.610E-03  4.229E-03  3.869E-03  3.529E-03  3.210E-03  2.912E-03  2.624E-03  2.320E-03  2.060E-03  1.838E-03  1.650E-03  1.453E-03  1.273E-03  1.119E-03  9.752E-04  8.381E-04  7.233E-04  6.263E-04  5.367E-04  4.551E-04  3.782E-04  3.156E-04  2.637E-04  2.204E-04  1.789E-04  1.478E-04  1.186E-04  9.542E-05  7.674E-05  6.015E-05  4.671E-05  3.587E-05  2.721E-05  2.026E-05  1.459E-05  1.048E-05  7.263E-06  4.859E-06  3.034E-06  1.780E-06  8.755E-07
  326.5000  2.425E-02  2.326E-02  2.229E-02  2.133E-02  2.039E-02  1.946E-02  1.855E-02  1.766E-02  1.678E-02  1.592E-02  1.507E-02  1.425E-02  1.345E-02  1.266E-02  1.190E-02  1.115E-02  1.042E-02  9.724E-03  9.046E-03  8.392E-03  7.759E-03  7.155E-03  6.578E-03  6.028E-03  5.507E-03  5.017E-03  4.536E-03  4.017E-03  3.574E-03  3.197E-03  2.876E-03  2.534E-03  2.221E-03  1.951E-03  1.698E-03  1.456E-03  1.253E-03  1.082E-03  9.233E-04  7.793E-04  6.439E-04  5.340E-04  4.437E-04  3.690E-04  2.978E-04  2.449E-04  1.958E-04  1.572E-04  1.262E-04  9.896E-05  7.701E-05  5.935E-05  4.524E-05  3.395E-05  2.459E-05  1.783E-05  1.256E-05  8.607E-06  5.634E-06  3.560E-06  1.981E-06
  327.5000  2.099E-02  2.010E-02  1.924E-02  1.838E-02  1.754E-02  1.671E-02  1.590E-02  1.511E-02  1.433E-02  1.357E-02  1.283E-02  1.210E-02  1.140E-02  1.071E-02  1.004E-02  9.390E-03  8.762E-03  8.156E-03  7.571E-03  7.009E-03  6.467E-03  5.952E-03  5.460E-03  4.994E-03  4.554E-03  4.142E-03  3.739E-03  3.308E-03  2.940E-03  2.627E-03  2.360E-03  2.078E-03  1.821E-03  1.599E-03  1.392E-03  1.194E-03  1.028E-03  8.888E-04  7.592E-04  6.417E-04  5.313E-04  4.415E-04  3.675E-04  3.062E-04  2.476E-04  2.040E-04  1.633E-04  1.312E-04  1.054E-04  8.269E-05  6.432E-05  4.952E-05  3.769E-05  2.823E-05  2.041E-05  1.476E-05  1.035E-05  7.055E-06  4.561E-06  2.824E-06  1.516E-06
  328.5000  1.943E-02  1.861E-02  1.781E-02  1.701E-02  1.623E-02  1.547E-02  1.472E-02  1.399E-02  1.327E-02  1.256E-02  1.187E-02  1.120E-02  1.055E-02  9.910E-03  9.291E-03  8.688E-03  8.107E-03  7.545E-03  7.004E-03  6.483E-03  5.981E-03  5.503E-03  5.048E-03  4.616E-03  4.208E-03  3.826E-03  3.453E-03  3.054E-03  2.714E-03  2.424E-03  2.177E-03  1.916E-03  1.678E-03  1.473E-03  1.282E-03  1.099E-03  9.464E-04  8.176E-04  6.981E-04  5.898E-04  4.881E-04  4.055E-04  3.374E-04  2.810E-04  2.272E-04  1.871E-04  1.498E-04  1.203E-04  9.668E-05  7.581E-05  5.897E-05  4.541E-05  3.456E-05  2.589E-05  1.872E-05  1.354E-05  9.499E-06  6.474E-06  4.189E-06  2.598E-06  1.399E-06
  329.5000  2.985E-02  2.869E-02  2.756E-02  2.643E-02  2.532E-02  2.422E-02  2.315E-02  2.209E-02  2.104E-02  2.001E-02  1.900E-02  1.801E-02  1.704E-02  1.609E-02  1.517E-02  1.426E-02  1.337E-02  1.251E-02  1.168E-02  1.087E-02  1.008E-02  9.326E-03  8.600E-03  7.906E-03  7.245E-03  6.622E-03  6.003E-03  5.326E-03  4.750E-03  4.259E-03  3.841E-03  3.389E-03  2.975E-03  2.617E-03  2.280E-03  1.954E-03  1.682E-03  1.453E-03  1.238E-03  1.043E-03  8.598E-04  7.111E-04  5.893E-04  4.889E-04  3.932E-04  3.227E-04  2.572E-04  2.061E-04  1.654E-04  1.296E-04  1.009E-04  7.790E-05  5.952E-05  4.487E-05  3.260E-05  2.375E-05  1.685E-05  1.167E-05  7.786E-06  5.069E-06  2.967E-06
  330.5000  2.529E-02  2.428E-02  2.328E-02  2.229E-02  2.131E-02  2.036E-02  1.942E-02  1.849E-02  1.758E-02  1.669E-02  1.582E-02  1.496E-02  1.413E-02  1.331E-02  1.251E-02  1.174E-02  1.098E-02  1.025E-02  9.543E-03  8.859E-03  8.197E-03  7.564E-03  6.958E-03  6.380E-03  5.832E-03  5.317E-03  4.809E-03  4.260E-03  3.791E-03  3.393E-03  3.053E-03  2.690E-03  2.358E-03  2.072E-03  1.803E-03  1.546E-03  1.330E-03  1.149E-03  9.793E-04  8.258E-04  6.817E-04  5.647E-04  4.687E-04  3.895E-04  3.140E-04  2.580E-04  2.060E-04  1.653E-04  1.327E-04  1.041E-04  8.100E-05  6.248E-05  4.767E-05  3.584E-05  2.600E-05  1.889E-05  1.335E-05  9.199E-06  6.072E-06  3.885E-06  2.205E-06
  331.5000  2.465E-02  2.365E-02  2.267E-02  2.169E-02  2.074E-02  1.980E-02  1.888E-02  1.797E-02  1.708E-02  1.621E-02  1.535E-02  1.452E-02  1.370E-02  1.290E-02  1.212E-02  1.136E-02  1.063E-02  9.916E-03  9.226E-03  8.559E-03  7.915E-03  7.299E-03  6.710E-03  6.149E-03  5.618E-03  5.118E-03  4.627E-03  4.097E-03  3.644E-03  3.259E-03  2.932E-03  2.582E-03  2.262E-03  1.987E-03  1.729E-03  1.481E-03  1.274E-03  1.100E-03  9.380E-04  7.910E-04  6.531E-04  5.411E-04  4.491E-04  3.733E-04  3.010E-04  2.473E-04  1.976E-04  1.585E-04  1.273E-04  9.978E-05  7.768E-05  5.990E-05  4.569E-05  3.435E-05  2.491E-05  1.809E-05  1.278E-05  8.794E-06  5.794E-06  3.696E-06  2.088E-06
  332.5000  2.748E-02  2.644E-02  2.541E-02  2.439E-02  2.339E-02  2.240E-02  2.142E-02  2.046E-02  1.951E-02  1.858E-02  1.766E-02  1.676E-02  1.588E-02  1.501E-02  1.416E-02  1.333E-02  1.252E-02  1.173E-02  1.096E-02  1.021E-02  9.486E-03  8.788E-03  8.115E-03  7.470E-03  6.855E-03  6.273E-03  5.695E-03  5.057E-03  4.514E-03  4.052E-03  3.659E-03  3.231E-03  2.838E-03  2.499E-03  2.178E-03  1.867E-03  1.607E-03  1.389E-03  1.183E-03  9.959E-04  8.199E-04  6.773E-04  5.606E-04  4.646E-04  3.731E-04  3.058E-04  2.434E-04  1.948E-04  1.562E-04  1.224E-04  9.530E-05  7.361E-05  5.631E-05  4.253E-05  3.094E-05  2.260E-05  1.609E-05  1.119E-05  7.523E-06  4.957E-06  2.961E-06
  333.5000  2.449E-02  2.354E-02  2.260E-02  2.166E-02  2.074E-02  1.984E-02  1.895E-02  1.807E-02  1.721E-02  1.636E-02  1.553E-02  1.471E-02  1.391E-02  1.313E-02  1.236E-02  1.161E-02  1.089E-02  1.018E-02  9.494E-03  8.829E-03  8.183E-03  7.565E-03  6.971E-03  6.403E-03  5.863E-03  5.354E-03  4.850E-03  4.300E-03  3.831E-03  3.433E-03  3.093E-03  2.727E-03  2.392E-03  2.103E-03  1.831E-03  1.569E-03  1.350E-03  1.166E-03  9.928E-04  8.362E-04  6.891E-04  5.698E-04  4.721E-04  3.916E-04  3.150E-04  2.584E-04  2.060E-04  1.651E-04  1.324E-04  1.038E-04  8.081E-05  6.238E-05  4.767E-05  3.594E-05  2.612E-05  1.903E-05  1.351E-05  9.363E-06  6.251E-06  4.071E-06  2.381E-06
  334.5000  2.814E-02  2.706E-02  2.600E-02  2.494E-02  2.389E-02  2.287E-02  2.186E-02  2.086E-02  1.988E-02  1.891E-02  1.796E-02  1.703E-02  1.612E-02  1.523E-02  1.435E-02  1.350E-02  1.266E-02  1.185E-02  1.106E-02  1.030E-02  9.555E-03  8.841E-03  8.155E-03  7.497E-03  6.872E-03  6.281E-03  5.695E-03  5.052E-03  4.505E-03  4.039E-03  3.643E-03  3.214E-03  2.820E-03  2.481E-03  2.160E-03  1.851E-03  1.592E-03  1.375E-03  1.171E-03  9.857E-04  8.116E-04  6.705E-04  5.550E-04  4.601E-04  3.696E-04  3.030E-04  2.413E-04  1.932E-04  1.549E-04  1.214E-04  9.451E-05  7.298E-05  5.581E-05  4.212E-05  3.064E-05  2.236E-05  1.590E-05  1.104E-05  7.406E-06  4.860E-06  2.882E-06
  335.5000  3.030E-02  2.917E-02  2.806E-02  2.695E-02  2.587E-02  2.479E-02  2.373E-02  2.269E-02  2.166E-02  2.064E-02  1.964E-02  1.866E-02  1.770E-02  1.675E-02  1.582E-02  1.491E-02  1.402E-02  1.315E-02  1.230E-02  1.148E-02  1.068E-02  9.904E-03  9.158E-03  8.441E-03  7.756E-03  7.107E-03  6.460E-03  5.741E-03  5.130E-03  4.610E-03  4.168E-03  3.684E-03  3.238E-03  2.853E-03  2.488E-03  2.134E-03  1.837E-03  1.588E-03  1.352E-03  1.138E-03  9.358E-04  7.720E-04  6.383E-04  5.285E-04  4.236E-04  3.468E-04  2.756E-04  2.204E-04  1.766E-04  1.383E-04  1.077E-04  8.321E-05  6.371E-05  4.821E-05  3.512E-05  2.570E-05  1.835E-05  1.281E-05  8.664E-06  5.767E-06  3.507E-06
  336.5000  2.329E-02  2.242E-02  2.155E-02  2.070E-02  1.985E-02  1.902E-02  1.820E-02  1.739E-02  1.659E-02  1.580E-02  1.503E-02  1.427E-02  1.352E-02  1.279E-02  1.207E-02  1.137E-02  1.068E-02  1.002E-02  9.364E-03  8.730E-03  8.114E-03  7.520E-03  6.948E-03  6.399E-03  5.875E-03  5.379E-03  4.885E-03  4.338E-03  3.873E-03  3.478E-03  3.142E-03  2.775E-03  2.437E-03  2.146E-03  1.870E-03  1.603E-03  1.380E-03  1.192E-03  1.015E-03  8.539E-04  7.023E-04  5.795E-04  4.792E-04  3.968E-04  3.182E-04  2.606E-04  2.072E-04  1.657E-04  1.328E-04  1.040E-04  8.096E-05  6.255E-05  4.788E-05  3.621E-05  2.637E-05  1.929E-05  1.376E-05  9.596E-06  6.481E-06  4.301E-06  2.601E-06
  337.5000  2.453E-02  2.359E-02  2.266E-02  2.174E-02  2.083E-02  1.993E-02  1.905E-02  1.818E-02  1.733E-02  1.648E-02  1.566E-02  1.484E-02  1.405E-02  1.327E-02  1.251E-02  1.176E-02  1.103E-02  1.032E-02  9.636E-03  8.969E-03  8.321E-03  7.698E-03  7.099E-03  6.526E-03  5.981E-03  5.465E-03  4.954E-03  4.394E-03  3.917E-03  3.511E-03  3.166E-03  2.792E-03  2.449E-03  2.154E-03  1.875E-03  1.606E-03  1.381E-03  1.193E-03  1.015E-03  8.542E-04  7.030E-04  5.805E-04  4.803E-04  3.980E-04  3.195E-04  2.618E-04  2.084E-04  1.668E-04  1.337E-04  1.048E-04  8.158E-05  6.301E-05  4.819E-05  3.639E-05  2.648E-05  1.934E-05  1.377E-05  9.574E-06  6.432E-06  4.232E-06  2.522E-06
  338.5000  2.759E-02  2.657E-02  2.556E-02  2.455E-02  2.356E-02  2.259E-02  2.162E-02  2.067E-02  1.974E-02  1.881E-02  1.790E-02  1.701E-02  1.613E-02  1.527E-02  1.442E-02  1.359E-02  1.278E-02  1.199E-02  1.122E-02  1.047E-02  9.737E-03  9.032E-03  8.352E-03  7.698E-03  7.073E-03  6.481E-03  5.891E-03  5.235E-03  4.676E-03  4.202E-03  3.799E-03  3.357E-03  2.950E-03  2.599E-03  2.266E-03  1.942E-03  1.672E-03  1.445E-03  1.229E-03  1.034E-03  8.500E-04  7.008E-04  5.790E-04  4.791E-04  3.838E-04  3.140E-04  2.494E-04  1.994E-04  1.597E-04  1.250E-04  9.729E-05  7.519E-05  5.759E-05  4.360E-05  3.178E-05  2.327E-05  1.664E-05  1.162E-05  7.877E-06  5.259E-06  3.215E-06
  339.5000  3.027E-02  2.915E-02  2.805E-02  2.695E-02  2.587E-02  2.481E-02  2.375E-02  2.272E-02  2.169E-02  2.068E-02  1.968E-02  1.871E-02  1.775E-02  1.680E-02  1.588E-02  1.496E-02  1.408E-02  1.321E-02  1.236E-02  1.154E-02  1.074E-02  9.964E-03  9.217E-03  8.498E-03  7.812E-03  7.160E-03  6.510E-03  5.786E-03  5.170E-03  4.647E-03  4.202E-03  3.714E-03  3.265E-03  2.876E-03  2.508E-03  2.150E-03  1.850E-03  1.599E-03  1.361E-03  1.144E-03  9.403E-04  7.750E-04  6.401E-04  5.294E-04  4.238E-04  3.467E-04  2.752E-04  2.199E-04  1.761E-04  1.378E-04  1.073E-04  8.290E-05  6.350E-05  4.810E-05  3.507E-05  2.569E-05  1.838E-05  1.285E-05  8.724E-06  5.838E-06  3.586E-06
  340.5000  3.165E-02  3.046E-02  2.929E-02  2.813E-02  2.699E-02  2.586E-02  2.475E-02  2.365E-02  2.257E-02  2.150E-02  2.045E-02  1.942E-02  1.841E-02  1.742E-02  1.644E-02  1.548E-02  1.455E-02  1.364E-02  1.276E-02  1.190E-02  1.106E-02  1.025E-02  9.470E-03  8.722E-03  8.008E-03  7.332E-03  6.659E-03  5.913E-03  5.279E-03  4.739E-03  4.281E-03  3.780E-03  3.319E-03  2.922E-03  2.546E-03  2.181E-03  1.876E-03  1.621E-03  1.379E-03  1.159E-03  9.527E-04  7.854E-04  6.489E-04  5.369E-04  4.301E-04  3.519E-04  2.795E-04  2.234E-04  1.789E-04  1.400E-04  1.090E-04  8.425E-05  6.452E-05  4.883E-05  3.559E-05  2.605E-05  1.862E-05  1.300E-05  8.806E-06  5.870E-06  3.580E-06
  341.5000  2.905E-02  2.798E-02  2.693E-02  2.588E-02  2.485E-02  2.383E-02  2.283E-02  2.184E-02  2.086E-02  1.989E-02  1.894E-02  1.800E-02  1.708E-02  1.618E-02  1.529E-02  1.442E-02  1.357E-02  1.274E-02  1.193E-02  1.114E-02  1.037E-02  9.623E-03  8.904E-03  8.213E-03  7.552E-03  6.925E-03  6.298E-03  5.599E-03  5.004E-03  4.499E-03  4.070E-03  3.598E-03  3.163E-03  2.787E-03  2.431E-03  2.084E-03  1.794E-03  1.550E-03  1.319E-03  1.109E-03  9.106E-04  7.501E-04  6.193E-04  5.120E-04  4.096E-04  3.348E-04  2.656E-04  2.122E-04  1.698E-04  1.328E-04  1.034E-04  7.992E-05  6.125E-05  4.642E-05  3.386E-05  2.483E-05  1.778E-05  1.245E-05  8.467E-06  5.685E-06  3.512E-06
  342.5000  3.239E-02  3.121E-02  3.004E-02  2.887E-02  2.773E-02  2.660E-02  2.548E-02  2.438E-02  2.329E-02  2.221E-02  2.115E-02  2.011E-02  1.909E-02  1.808E-02  1.710E-02  1.612E-02  1.518E-02  1.425E-02  1.335E-02  1.246E-02  1.160E-02  1.077E-02  9.972E-03  9.200E-03  8.462E-03  7.761E-03  7.060E-03  6.277E-03  5.612E-03  5.046E-03  4.566E-03  4.036E-03  3.549E-03  3.128E-03  2.728E-03  2.339E-03  2.013E-03  1.740E-03  1.480E-03  1.244E-03  1.021E-03  8.412E-04  6.942E-04  5.738E-04  4.588E-04  3.750E-04  2.973E-04  2.374E-04  1.900E-04  1.486E-04  1.156E-04  8.939E-05  6.851E-05  5.194E-05  3.790E-05  2.780E-05  1.992E-05  1.395E-05  9.503E-06  6.392E-06  3.962E-06
  343.5000  3.330E-02  3.207E-02  3.086E-02  2.966E-02  2.847E-02  2.730E-02  2.615E-02  2.501E-02  2.388E-02  2.277E-02  2.168E-02  2.060E-02  1.955E-02  1.851E-02  1.749E-02  1.649E-02  1.551E-02  1.456E-02  1.363E-02  1.272E-02  1.184E-02  1.099E-02  1.016E-02  9.370E-03  8.613E-03  7.894E-03  7.177E-03  6.378E-03  5.698E-03  5.121E-03  4.630E-03  4.091E-03  3.595E-03  3.167E-03  2.760E-03  2.366E-03  2.035E-03  1.758E-03  1.495E-03  1.257E-03  1.032E-03  8.497E-04  7.012E-04  5.796E-04  4.635E-04  3.788E-04  3.005E-04  2.399E-04  1.920E-04  1.501E-04  1.169E-04  9.033E-05  6.922E-05  5.246E-05  3.828E-05  2.807E-05  2.011E-05  1.408E-05  9.579E-06  6.433E-06  3.977E-06
  344.5000  2.307E-02  2.222E-02  2.137E-02  2.053E-02  1.970E-02  1.889E-02  1.808E-02  1.729E-02  1.650E-02  1.573E-02  1.497E-02  1.422E-02  1.349E-02  1.276E-02  1.206E-02  1.136E-02  1.068E-02  1.002E-02  9.374E-03  8.746E-03  8.133E-03  7.542E-03  6.973E-03  6.425E-03  5.902E-03  5.406E-03  4.911E-03  4.363E-03  3.895E-03  3.498E-03  3.161E-03  2.791E-03  2.451E-03  2.158E-03  1.880E-03  1.611E-03  1.385E-03  1.196E-03  1.017E-03  8.547E-04  7.017E-04  5.779E-04  4.769E-04  3.942E-04  3.153E-04  2.577E-04  2.045E-04  1.633E-04  1.307E-04  1.022E-04  7.956E-05  6.149E-05  4.711E-05  3.569E-05  2.604E-05  1.909E-05  1.367E-05  9.564E-06  6.501E-06  4.358E-06  2.686E-06
  345.5000  3.264E-02  3.145E-02  3.028E-02  2.911E-02  2.796E-02  2.683E-02  2.571E-02  2.460E-02  2.351E-02  2.243E-02  2.136E-02  2.032E-02  1.929E-02  1.828E-02  1.729E-02  1.631E-02  1.535E-02  1.442E-02  1.351E-02  1.262E-02  1.175E-02  1.092E-02  1.011E-02  9.328E-03  8.582E-03  7.873E-03  7.164E-03  6.371E-03  5.696E-03  5.123E-03  4.636E-03  4.099E-03  3.604E-03  3.177E-03  2.771E-03  2.375E-03  2.044E-03  1.766E-03  1.502E-03  1.262E-03  1.036E-03  8.523E-04  7.029E-04  5.806E-04  4.638E-04  3.788E-04  3.001E-04  2.395E-04  1.915E-04  1.497E-04  1.165E-04  9.005E-05  6.904E-05  5.237E-05  3.824E-05  2.807E-05  2.014E-05  1.412E-05  9.643E-06  6.510E-06  4.060E-06
  346.5000  2.998E-02  2.887E-02  2.778E-02  2.670E-02  2.563E-02  2.458E-02  2.354E-02  2.251E-02  2.150E-02  2.050E-02  1.952E-02  1.855E-02  1.760E-02  1.666E-02  1.575E-02  1.484E-02  1.396E-02  1.310E-02  1.227E-02  1.145E-02  1.065E-02  9.884E-03  9.142E-03  8.428E-03  7.746E-03  7.099E-03  6.452E-03  5.733E-03  5.121E-03  4.601E-03  4.159E-03  3.674E-03  3.227E-03  2.842E-03  2.476E-03  2.121E-03  1.825E-03  1.576E-03  1.339E-03  1.125E-03  9.234E-04  7.600E-04  6.269E-04  5.179E-04  4.139E-04  3.381E-04  2.680E-04  2.139E-04  1.711E-04  1.338E-04  1.041E-04  8.048E-05  6.168E-05  4.676E-05  3.414E-05  2.504E-05  1.796E-05  1.258E-05  8.571E-06  5.767E-06  3.577E-06
  347.5000  2.937E-02  2.829E-02  2.723E-02  2.617E-02  2.512E-02  2.409E-02  2.308E-02  2.207E-02  2.108E-02  2.010E-02  1.914E-02  1.819E-02  1.726E-02  1.634E-02  1.544E-02  1.456E-02  1.370E-02  1.286E-02  1.203E-02  1.123E-02  1.045E-02  9.700E-03  8.972E-03  8.272E-03  7.603E-03  6.968E-03  6.334E-03  5.628E-03  5.027E-03  4.517E-03  4.083E-03  3.606E-03  3.168E-03  2.790E-03  2.431E-03  2.082E-03  1.791E-03  1.546E-03  1.314E-03  1.104E-03  9.057E-04  7.452E-04  6.145E-04  5.075E-04  4.055E-04  3.312E-04  2.625E-04  2.095E-04  1.675E-04  1.309E-04  1.019E-04  7.876E-05  6.037E-05  4.578E-05  3.342E-05  2.453E-05  1.759E-05  1.233E-05  8.406E-06  5.661E-06  3.519E-06
  348.5000  3.253E-02  3.134E-02  3.016E-02  2.899E-02  2.784E-02  2.670E-02  2.558E-02  2.447E-02  2.338E-02  2.229E-02  2.123E-02  2.018E-02  1.915E-02  1.814E-02  1.715E-02  1.617E-02  1.522E-02  1.429E-02  1.338E-02  1.249E-02  1.163E-02  1.079E-02  9.988E-03  9.211E-03  8.469E-03  7.764E-03  7.059E-03  6.274E-03  5.605E-03  5.037E-03  4.555E-03  4.024E-03  3.535E-03  3.114E-03  2.714E-03  2.325E-03  1.999E-03  1.727E-03  1.468E-03  1.232E-03  1.011E-03  8.314E-04  6.854E-04  5.659E-04  4.519E-04  3.690E-04  2.923E-04  2.332E-04  1.864E-04  1.457E-04  1.133E-04  8.761E-05  6.717E-05  5.095E-05  3.721E-05  2.732E-05  1.961E-05  1.375E-05  9.386E-06  6.334E-06  3.951E-06
  349.5000  2.725E-02  2.625E-02  2.527E-02  2.429E-02  2.332E-02  2.237E-02  2.143E-02  2.050E-02  1.958E-02  1.867E-02  1.778E-02  1.691E-02  1.604E-02  1.519E-02  1.436E-02  1.354E-02  1.274E-02  1.196E-02  1.120E-02  1.046E-02  9.735E-03  9.035E-03  8.360E-03  7.709E-03  7.087E-03  6.496E-03  5.906E-03  5.249E-03  4.688E-03  4.213E-03  3.809E-03  3.364E-03  2.955E-03  2.603E-03  2.268E-03  1.942E-03  1.670E-03  1.442E-03  1.226E-03  1.029E-03  8.437E-04  6.939E-04  5.719E-04  4.721E-04  3.770E-04  3.077E-04  2.437E-04  1.944E-04  1.554E-04  1.214E-04  9.446E-05  7.301E-05  5.598E-05  4.247E-05  3.102E-05  2.277E-05  1.635E-05  1.147E-05  7.829E-06  5.285E-06  3.299E-06
  350.5000  3.824E-02  3.684E-02  3.546E-02  3.408E-02  3.273E-02  3.139E-02  3.007E-02  2.877E-02  2.749E-02  2.621E-02  2.496E-02  2.373E-02  2.252E-02  2.133E-02  2.017E-02  1.902E-02  1.790E-02  1.680E-02  1.573E-02  1.469E-02  1.367E-02  1.269E-02  1.174E-02  1.083E-02  9.956E-03  9.127E-03  8.297E-03  7.373E-03  6.587E-03  5.918E-03  5.350E-03  4.726E-03  4.151E-03  3.656E-03  3.185E-03  2.728E-03  2.345E-03  2.025E-03  1.720E-03  1.445E-03  1.184E-03  9.736E-04  8.022E-04  6.621E-04  5.285E-04  4.313E-04  3.415E-04  2.723E-04  2.176E-04  1.700E-04  1.323E-04  1.022E-04  7.839E-05  5.948E-05  4.345E-05  3.191E-05  2.292E-05  1.608E-05  1.098E-05  7.421E-06  4.640E-06
  351.5000  3.289E-02  3.169E-02  3.049E-02  2.931E-02  2.815E-02  2.700E-02  2.586E-02  2.474E-02  2.363E-02  2.253E-02  2.146E-02  2.040E-02  1.936E-02  1.833E-02  1.733E-02  1.634E-02  1.537E-02  1.443E-02  1.351E-02  1.261E-02  1.174E-02  1.089E-02  1.008E-02  9.292E-03  8.541E-03  7.828E-03  7.115E-03  6.322E-03  5.646E-03  5.072E-03  4.584E-03  4.048E-03  3.555E-03  3.130E-03  2.726E-03  2.334E-03  2.007E-03  1.732E-03  1.472E-03  1.235E-03  1.012E-03  8.322E-04  6.856E-04  5.657E-04  4.515E-04  3.684E-04  2.916E-04  2.326E-04  1.858E-04  1.452E-04  1.129E-04  8.729E-05  6.693E-05  5.078E-05  3.710E-05  2.725E-05  1.957E-05  1.373E-05  9.380E-06  6.338E-06  3.964E-06
  352.5000  2.975E-02  2.866E-02  2.758E-02  2.652E-02  2.546E-02  2.442E-02  2.340E-02  2.238E-02  2.138E-02  2.039E-02  1.942E-02  1.846E-02  1.752E-02  1.660E-02  1.569E-02  1.479E-02  1.392E-02  1.307E-02  1.224E-02  1.142E-02  1.063E-02  9.868E-03  9.129E-03  8.419E-03  7.738E-03  7.093E-03  6.448E-03  5.729E-03  5.116E-03  4.596E-03  4.154E-03  3.669E-03  3.222E-03  2.836E-03  2.470E-03  2.115E-03  1.818E-03  1.570E-03  1.333E-03  1.119E-03  9.167E-04  7.534E-04  6.205E-04  5.119E-04  4.084E-04  3.332E-04  2.637E-04  2.102E-04  1.679E-04  1.312E-04  1.020E-04  7.886E-05  6.047E-05  4.589E-05  3.353E-05  2.463E-05  1.770E-05  1.242E-05  8.491E-06  5.743E-06  3.598E-06
  353.5000  3.595E-02  3.464E-02  3.335E-02  3.206E-02  3.079E-02  2.953E-02  2.830E-02  2.707E-02  2.586E-02  2.467E-02  2.350E-02  2.234E-02  2.120E-02  2.009E-02  1.899E-02  1.791E-02  1.686E-02  1.583E-02  1.482E-02  1.384E-02  1.288E-02  1.196E-02  1.106E-02  1.020E-02  9.381E-03  8.600E-03  7.819E-03  6.948E-03  6.205E-03  5.575E-03  5.039E-03  4.451E-03  3.908E-03  3.441E-03  2.997E-03  2.566E-03  2.206E-03  1.904E-03  1.617E-03  1.357E-03  1.112E-03  9.133E-04  7.520E-04  6.202E-04  4.947E-04  4.034E-04  3.191E-04  2.544E-04  2.032E-04  1.587E-04  1.234E-04  9.538E-05  7.314E-05  5.552E-05  4.057E-05  2.982E-05  2.143E-05  1.505E-05  1.029E-05  6.970E-06  4.377E-06
  354.5000  3.905E-02  3.763E-02  3.622E-02  3.482E-02  3.345E-02  3.209E-02  3.075E-02  2.942E-02  2.811E-02  2.681E-02  2.554E-02  2.429E-02  2.305E-02  2.184E-02  2.065E-02  1.948E-02  1.833E-02  1.722E-02  1.612E-02  1.506E-02  1.402E-02  1.301E-02  1.204E-02  1.111E-02  1.021E-02  9.364E-03  8.514E-03  7.566E-03  6.758E-03  6.072E-03  5.489E-03  4.848E-03  4.257E-03  3.748E-03  3.265E-03  2.795E-03  2.402E-03  2.074E-03  1.761E-03  1.477E-03  1.210E-03  9.939E-04  8.182E-04  6.747E-04  5.379E-04  4.386E-04  3.469E-04  2.764E-04  2.207E-04  1.723E-04  1.340E-04  1.036E-04  7.943E-05  6.030E-05  4.408E-05  3.240E-05  2.330E-05  1.636E-05  1.120E-05  7.593E-06  4.778E-06
  355.5000  3.652E-02  3.520E-02  3.388E-02  3.257E-02  3.129E-02  3.002E-02  2.876E-02  2.752E-02  2.629E-02  2.508E-02  2.389E-02  2.272E-02  2.157E-02  2.043E-02  1.932E-02  1.822E-02  1.715E-02  1.610E-02  1.508E-02  1.409E-02  1.311E-02  1.217E-02  1.127E-02  1.039E-02  9.554E-03  8.758E-03  7.963E-03  7.076E-03  6.320E-03  5.678E-03  5.132E-03  4.532E-03  3.980E-03  3.504E-03  3.051E-03  2.612E-03  2.245E-03  1.938E-03  1.645E-03  1.380E-03  1.130E-03  9.279E-04  7.637E-04  6.296E-04  5.018E-04  4.091E-04  3.234E-04  2.577E-04  2.057E-04  1.606E-04  1.249E-04  9.652E-05  7.402E-05  5.620E-05  4.109E-05  3.021E-05  2.173E-05  1.526E-05  1.045E-05  7.089E-06  4.465E-06
  356.5000  3.391E-02  3.267E-02  3.145E-02  3.024E-02  2.905E-02  2.787E-02  2.670E-02  2.555E-02  2.441E-02  2.328E-02  2.218E-02  2.109E-02  2.002E-02  1.897E-02  1.793E-02  1.691E-02  1.592E-02  1.495E-02  1.400E-02  1.307E-02  1.217E-02  1.130E-02  1.046E-02  9.643E-03  8.865E-03  8.127E-03  7.388E-03  6.565E-03  5.863E-03  5.266E-03  4.760E-03  4.203E-03  3.690E-03  3.248E-03  2.828E-03  2.421E-03  2.080E-03  1.795E-03  1.524E-03  1.278E-03  1.046E-03  8.591E-04  7.069E-04  5.826E-04  4.643E-04  3.784E-04  2.991E-04  2.383E-04  1.902E-04  1.485E-04  1.154E-04  8.921E-05  6.842E-05  5.195E-05  3.798E-05  2.793E-05  2.009E-05  1.412E-05  9.672E-06  6.562E-06  4.137E-06
  357.5000  2.883E-02  2.778E-02  2.674E-02  2.571E-02  2.470E-02  2.369E-02  2.270E-02  2.172E-02  2.075E-02  1.980E-02  1.886E-02  1.793E-02  1.702E-02  1.612E-02  1.524E-02  1.438E-02  1.353E-02  1.271E-02  1.190E-02  1.111E-02  1.034E-02  9.602E-03  8.884E-03  8.193E-03  7.532E-03  6.904E-03  6.276E-03  5.576E-03  4.979E-03  4.472E-03  4.042E-03  3.568E-03  3.132E-03  2.757E-03  2.400E-03  2.054E-03  1.764E-03  1.523E-03  1.292E-03  1.084E-03  8.869E-04  7.281E-04  5.990E-04  4.936E-04  3.933E-04  3.204E-04  2.533E-04  2.017E-04  1.610E-04  1.256E-04  9.768E-05  7.549E-05  5.789E-05  4.396E-05  3.215E-05  2.364E-05  1.701E-05  1.195E-05  8.191E-06  5.559E-06  3.508E-06
  358.5000  2.229E-02  2.148E-02  2.068E-02  1.988E-02  1.910E-02  1.832E-02  1.756E-02  1.680E-02  1.605E-02  1.531E-02  1.459E-02  1.387E-02  1.317E-02  1.247E-02  1.180E-02  1.113E-02  1.047E-02  9.833E-03  9.207E-03  8.600E-03  8.006E-03  7.432E-03  6.877E-03  6.343E-03  5.831E-03  5.345E-03  4.859E-03  4.317E-03  3.855E-03  3.462E-03  3.129E-03  2.762E-03  2.425E-03  2.134E-03  1.858E-03  1.589E-03  1.365E-03  1.178E-03  9.996E-04  8.383E-04  6.860E-04  5.630E-04  4.630E-04  3.815E-04  3.038E-04  2.475E-04  1.956E-04  1.557E-04  1.243E-04  9.697E-05  7.538E-05  5.825E-05  4.467E-05  3.393E-05  2.481E-05  1.825E-05  1.314E-05  9.234E-06  6.331E-06  4.300E-06  2.717E-06
  359.5000  3.754E-02  3.618E-02  3.483E-02  3.348E-02  3.216E-02  3.086E-02  2.957E-02  2.829E-02  2.703E-02  2.579E-02  2.456E-02  2.336E-02  2.217E-02  2.101E-02  1.986E-02  1.873E-02  1.763E-02  1.656E-02  1.550E-02  1.448E-02  1.348E-02  1.251E-02  1.158E-02  1.068E-02  9.816E-03  8.998E-03  8.179E-03  7.266E-03  6.488E-03  5.826E-03  5.265E-03  4.647E-03  4.079E-03  3.589E-03  3.124E-03  2.673E-03  2.296E-03  1.981E-03  1.680E-03  1.409E-03  1.153E-03  9.457E-04  7.777E-04  6.406E-04  5.101E-04  4.154E-04  3.282E-04  2.613E-04  2.084E-04  1.626E-04  1.264E-04  9.769E-05  7.492E-05  5.691E-05  4.162E-05  3.062E-05  2.204E-05  1.550E-05  1.063E-05  7.222E-06  4.567E-06
  360.5000  3.482E-02  3.356E-02  3.230E-02  3.106E-02  2.983E-02  2.862E-02  2.743E-02  2.624E-02  2.508E-02  2.392E-02  2.279E-02  2.167E-02  2.057E-02  1.949E-02  1.843E-02  1.738E-02  1.636E-02  1.536E-02  1.438E-02  1.343E-02  1.250E-02  1.161E-02  1.074E-02  9.905E-03  9.105E-03  8.345E-03  7.586E-03  6.739E-03  6.017E-03  5.403E-03  4.881E-03  4.309E-03  3.781E-03  3.327E-03  2.895E-03  2.477E-03  2.127E-03  1.835E-03  1.556E-03  1.305E-03  1.067E-03  8.754E-04  7.197E-04  5.927E-04  4.719E-04  3.842E-04  3.035E-04  2.415E-04  1.927E-04  1.503E-04  1.168E-04  9.026E-05  6.923E-05  5.259E-05  3.847E-05  2.830E-05  2.038E-05  1.433E-05  9.831E-06  6.684E-06  4.231E-06
  361.5000  3.144E-02  3.030E-02  2.917E-02  2.805E-02  2.694E-02  2.585E-02  2.477E-02  2.370E-02  2.265E-02  2.160E-02  2.058E-02  1.957E-02  1.858E-02  1.760E-02  1.664E-02  1.570E-02  1.478E-02  1.388E-02  1.300E-02  1.214E-02  1.130E-02  1.049E-02  9.705E-03  8.950E-03  8.228E-03  7.541E-03  6.855E-03  6.090E-03  5.437E-03  4.882E-03  4.411E-03  3.893E-03  3.416E-03  3.005E-03  2.615E-03  2.237E-03  1.921E-03  1.657E-03  1.406E-03  1.177E-03  9.631E-04  7.899E-04  6.493E-04  5.346E-04  4.254E-04  3.463E-04  2.735E-04  2.176E-04  1.736E-04  1.354E-04  1.052E-04  8.129E-05  6.234E-05  4.737E-05  3.465E-05  2.550E-05  1.837E-05  1.292E-05  8.866E-06  6.031E-06  3.823E-06
  362.5000  3.696E-02  3.562E-02  3.429E-02  3.297E-02  3.167E-02  3.039E-02  2.912E-02  2.787E-02  2.663E-02  2.540E-02  2.420E-02  2.301E-02  2.185E-02  2.070E-02  1.957E-02  1.846E-02  1.738E-02  1.632E-02  1.528E-02  1.427E-02  1.329E-02  1.234E-02  1.141E-02  1.053E-02  9.675E-03  8.868E-03  8.060E-03  7.160E-03  6.393E-03  5.740E-03  5.185E-03  4.576E-03  4.015E-03  3.532E-03  3.074E-03  2.629E-03  2.257E-03  1.947E-03  1.651E-03  1.383E-03  1.131E-03  9.273E-04  7.621E-04  6.273E-04  4.991E-04  4.062E-04  3.207E-04  2.551E-04  2.034E-04  1.587E-04  1.233E-04  9.525E-05  7.305E-05  5.551E-05  4.061E-05  2.989E-05  2.153E-05  1.515E-05  1.040E-05  7.079E-06  4.492E-06
  363.5000  3.290E-02  3.171E-02  3.053E-02  2.935E-02  2.820E-02  2.705E-02  2.592E-02  2.481E-02  2.371E-02  2.262E-02  2.154E-02  2.049E-02  1.945E-02  1.843E-02  1.743E-02  1.644E-02  1.547E-02  1.453E-02  1.361E-02  1.271E-02  1.183E-02  1.098E-02  1.016E-02  9.370E-03  8.613E-03  7.894E-03  7.175E-03  6.373E-03  5.690E-03  5.108E-03  4.614E-03  4.072E-03  3.572E-03  3.142E-03  2.734E-03  2.338E-03  2.007E-03  1.731E-03  1.468E-03  1.229E-03  1.005E-03  8.239E-04  6.769E-04  5.571E-04  4.431E-04  3.606E-04  2.846E-04  2.264E-04  1.805E-04  1.407E-04  1.093E-04  8.447E-05  6.479E-05  4.923E-05  3.602E-05  2.652E-05  1.911E-05  1.345E-05  9.234E-06  6.288E-06  3.993E-06
  364.5000  3.590E-02  3.460E-02  3.331E-02  3.203E-02  3.077E-02  2.952E-02  2.829E-02  2.707E-02  2.587E-02  2.468E-02  2.351E-02  2.236E-02  2.122E-02  2.011E-02  1.901E-02  1.793E-02  1.688E-02  1.585E-02  1.485E-02  1.386E-02  1.291E-02  1.198E-02  1.108E-02  1.022E-02  9.394E-03  8.609E-03  7.825E-03  6.950E-03  6.204E-03  5.569E-03  5.030E-03  4.438E-03  3.893E-03  3.424E-03  2.979E-03  2.547E-03  2.186E-03  1.885E-03  1.598E-03  1.338E-03  1.094E-03  8.965E-04  7.364E-04  6.059E-04  4.819E-04  3.921E-04  3.093E-04  2.460E-04  1.961E-04  1.529E-04  1.188E-04  9.176E-05  7.038E-05  5.348E-05  3.914E-05  2.882E-05  2.077E-05  1.461E-05  1.004E-05  6.839E-06  4.347E-06
  365.5000  4.375E-02  4.216E-02  4.059E-02  3.903E-02  3.749E-02  3.597E-02  3.447E-02  3.298E-02  3.152E-02  3.007E-02  2.864E-02  2.724E-02  2.586E-02  2.450E-02  2.316E-02  2.185E-02  2.057E-02  1.931E-02  1.809E-02  1.689E-02  1.572E-02  1.459E-02  1.350E-02  1.245E-02  1.144E-02  1.048E-02  9.527E-03  8.462E-03  7.552E-03  6.779E-03  6.122E-03  5.401E-03  4.737E-03  4.165E-03  3.623E-03  3.097E-03  2.658E-03  2.292E-03  1.942E-03  1.627E-03  1.329E-03  1.089E-03  8.944E-04  7.358E-04  5.850E-04  4.759E-04  3.754E-04  2.985E-04  2.379E-04  1.855E-04  1.441E-04  1.113E-04  8.535E-05  6.487E-05  4.747E-05  3.495E-05  2.520E-05  1.773E-05  1.219E-05  8.303E-06  5.281E-06
  366.5000  4.635E-02  4.467E-02  4.300E-02  4.135E-02  3.972E-02  3.811E-02  3.652E-02  3.495E-02  3.339E-02  3.186E-02  3.035E-02  2.886E-02  2.740E-02  2.596E-02  2.455E-02  2.315E-02  2.179E-02  2.046E-02  1.917E-02  1.790E-02  1.666E-02  1.546E-02  1.431E-02  1.319E-02  1.212E-02  1.111E-02  1.010E-02  8.966E-03  8.002E-03  7.182E-03  6.486E-03  5.721E-03  5.017E-03  4.412E-03  3.837E-03  3.279E-03  2.814E-03  2.426E-03  2.056E-03  1.721E-03  1.406E-03  1.152E-03  9.459E-04  7.780E-04  6.184E-04  5.029E-04  3.966E-04  3.153E-04  2.513E-04  1.958E-04  1.521E-04  1.175E-04  9.011E-05  6.849E-05  5.013E-05  3.692E-05  2.662E-05  1.874E-05  1.288E-05  8.781E-06  5.590E-06
  367.5000  4.405E-02  4.245E-02  4.087E-02  3.930E-02  3.775E-02  3.622E-02  3.471E-02  3.322E-02  3.175E-02  3.028E-02  2.885E-02  2.744E-02  2.605E-02  2.468E-02  2.334E-02  2.201E-02  2.072E-02  1.946E-02  1.822E-02  1.702E-02  1.584E-02  1.470E-02  1.360E-02  1.254E-02  1.153E-02  1.056E-02  9.598E-03  8.524E-03  7.607E-03  6.827E-03  6.165E-03  5.438E-03  4.768E-03  4.192E-03  3.645E-03  3.115E-03  2.673E-03  2.304E-03  1.951E-03  1.635E-03  1.335E-03  1.093E-03  8.976E-04  7.381E-04  5.866E-04  4.769E-04  3.760E-04  2.989E-04  2.381E-04  1.856E-04  1.441E-04  1.113E-04  8.537E-05  6.489E-05  4.750E-05  3.499E-05  2.523E-05  1.777E-05  1.222E-05  8.332E-06  5.309E-06
  368.5000  3.872E-02  3.731E-02  3.592E-02  3.454E-02  3.318E-02  3.184E-02  3.051E-02  2.920E-02  2.790E-02  2.662E-02  2.536E-02  2.412E-02  2.289E-02  2.169E-02  2.051E-02  1.935E-02  1.821E-02  1.710E-02  1.602E-02  1.495E-02  1.392E-02  1.292E-02  1.195E-02  1.102E-02  1.013E-02  9.281E-03  8.433E-03  7.489E-03  6.683E-03  5.997E-03  5.415E-03  4.776E-03  4.187E-03  3.681E-03  3.200E-03  2.735E-03  2.346E-03  2.022E-03  1.712E-03  1.434E-03  1.171E-03  9.588E-04  7.869E-04  6.469E-04  5.140E-04  4.178E-04  3.293E-04  2.617E-04  2.085E-04  1.624E-04  1.261E-04  9.742E-05  7.472E-05  5.680E-05  4.158E-05  3.063E-05  2.209E-05  1.556E-05  1.070E-05  7.302E-06  4.657E-06
  369.5000  4.646E-02  4.478E-02  4.311E-02  4.146E-02  3.982E-02  3.821E-02  3.662E-02  3.504E-02  3.349E-02  3.195E-02  3.043E-02  2.894E-02  2.748E-02  2.603E-02  2.462E-02  2.322E-02  2.186E-02  2.052E-02  1.922E-02  1.795E-02  1.671E-02  1.551E-02  1.434E-02  1.323E-02  1.215E-02  1.114E-02  1.012E-02  8.986E-03  8.018E-03  7.195E-03  6.495E-03  5.728E-03  5.021E-03  4.414E-03  3.837E-03  3.278E-03  2.812E-03  2.423E-03  2.052E-03  1.718E-03  1.402E-03  1.148E-03  9.421E-04  7.743E-04  6.151E-04  4.998E-04  3.939E-04  3.130E-04  2.493E-04  1.942E-04  1.508E-04  1.164E-04  8.931E-05  6.789E-05  4.971E-05  3.662E-05  2.642E-05  1.861E-05  1.280E-05  8.739E-06  5.578E-06
  370.5000  4.217E-02  4.065E-02  3.913E-02  3.763E-02  3.615E-02  3.468E-02  3.324E-02  3.181E-02  3.040E-02  2.900E-02  2.763E-02  2.627E-02  2.494E-02  2.363E-02  2.235E-02  2.108E-02  1.984E-02  1.863E-02  1.745E-02  1.629E-02  1.516E-02  1.407E-02  1.302E-02  1.200E-02  1.103E-02  1.011E-02  9.183E-03  8.154E-03  7.275E-03  6.527E-03  5.892E-03  5.195E-03  4.554E-03  4.002E-03  3.479E-03  2.972E-03  2.549E-03  2.196E-03  1.859E-03  1.556E-03  1.270E-03  1.040E-03  8.530E-04  7.009E-04  5.566E-04  4.522E-04  3.563E-04  2.831E-04  2.254E-04  1.756E-04  1.363E-04  1.053E-04  8.073E-05  6.137E-05  4.494E-05  3.311E-05  2.389E-05  1.683E-05  1.158E-05  7.909E-06  5.052E-06
  371.5000  4.828E-02  4.653E-02  4.480E-02  4.308E-02  4.139E-02  3.971E-02  3.805E-02  3.642E-02  3.480E-02  3.320E-02  3.163E-02  3.008E-02  2.856E-02  2.706E-02  2.558E-02  2.413E-02  2.272E-02  2.133E-02  1.998E-02  1.865E-02  1.736E-02  1.611E-02  1.491E-02  1.374E-02  1.263E-02  1.157E-02  1.051E-02  9.333E-03  8.327E-03  7.470E-03  6.743E-03  5.945E-03  5.210E-03  4.579E-03  3.979E-03  3.399E-03  2.914E-03  2.511E-03  2.125E-03  1.778E-03  1.452E-03  1.188E-03  9.742E-04  8.004E-04  6.355E-04  5.162E-04  4.066E-04  3.230E-04  2.571E-04  2.002E-04  1.554E-04  1.200E-04  9.205E-05  6.999E-05  5.126E-05  3.777E-05  2.726E-05  1.921E-05  1.322E-05  9.031E-06  5.773E-06
  372.5000  3.569E-02  3.439E-02  3.311E-02  3.184E-02  3.059E-02  2.935E-02  2.813E-02  2.692E-02  2.572E-02  2.454E-02  2.338E-02  2.224E-02  2.111E-02  2.000E-02  1.891E-02  1.784E-02  1.679E-02  1.577E-02  1.477E-02  1.379E-02  1.283E-02  1.191E-02  1.102E-02  1.016E-02  9.334E-03  8.551E-03  7.768E-03  6.898E-03  6.153E-03  5.520E-03  4.982E-03  4.392E-03  3.849E-03  3.382E-03  2.938E-03  2.509E-03  2.152E-03  1.854E-03  1.569E-03  1.312E-03  1.071E-03  8.761E-04  7.184E-04  5.901E-04  4.684E-04  3.804E-04  2.996E-04  2.379E-04  1.893E-04  1.474E-04  1.144E-04  8.836E-05  6.777E-05  5.153E-05  3.774E-05  2.781E-05  2.008E-05  1.415E-05  9.743E-06  6.657E-06  4.259E-06
  373.5000  3.227E-02  3.110E-02  2.994E-02  2.879E-02  2.766E-02  2.654E-02  2.543E-02  2.434E-02  2.326E-02  2.219E-02  2.114E-02  2.010E-02  1.909E-02  1.808E-02  1.710E-02  1.613E-02  1.518E-02  1.425E-02  1.335E-02  1.247E-02  1.160E-02  1.077E-02  9.960E-03  9.182E-03  8.437E-03  7.729E-03  7.021E-03  6.234E-03  5.561E-03  4.988E-03  4.501E-03  3.967E-03  3.476E-03  3.054E-03  2.653E-03  2.266E-03  1.942E-03  1.673E-03  1.416E-03  1.184E-03  9.660E-04  7.902E-04  6.478E-04  5.320E-04  4.222E-04  3.428E-04  2.699E-04  2.143E-04  1.705E-04  1.328E-04  1.030E-04  7.955E-05  6.101E-05  4.639E-05  3.398E-05  2.505E-05  1.808E-05  1.274E-05  8.778E-06  6.000E-06  3.841E-06
  374.5000  3.543E-02  3.414E-02  3.287E-02  3.161E-02  3.037E-02  2.914E-02  2.792E-02  2.672E-02  2.554E-02  2.436E-02  2.321E-02  2.207E-02  2.096E-02  1.986E-02  1.877E-02  1.771E-02  1.667E-02  1.565E-02  1.466E-02  1.369E-02  1.274E-02  1.182E-02  1.093E-02  1.008E-02  9.261E-03  8.484E-03  7.706E-03  6.842E-03  6.103E-03  5.473E-03  4.938E-03  4.352E-03  3.813E-03  3.350E-03  2.910E-03  2.484E-03  2.129E-03  1.834E-03  1.551E-03  1.297E-03  1.058E-03  8.654E-04  7.094E-04  5.824E-04  4.621E-04  3.751E-04  2.953E-04  2.344E-04  1.865E-04  1.452E-04  1.127E-04  8.697E-05  6.670E-05  5.072E-05  3.715E-05  2.739E-05  1.978E-05  1.394E-05  9.604E-06  6.567E-06  4.207E-06
  375.5000  3.999E-02  3.855E-02  3.711E-02  3.569E-02  3.428E-02  3.290E-02  3.153E-02  3.017E-02  2.883E-02  2.751E-02  2.621E-02  2.492E-02  2.366E-02  2.242E-02  2.120E-02  1.999E-02  1.882E-02  1.767E-02  1.655E-02  1.545E-02  1.438E-02  1.335E-02  1.234E-02  1.138E-02  1.046E-02  9.577E-03  8.700E-03  7.723E-03  6.888E-03  6.177E-03  5.573E-03  4.911E-03  4.302E-03  3.779E-03  3.282E-03  2.802E-03  2.401E-03  2.068E-03  1.749E-03  1.462E-03  1.193E-03  9.750E-04  7.990E-04  6.559E-04  5.202E-04  4.222E-04  3.323E-04  2.637E-04  2.098E-04  1.633E-04  1.267E-04  9.780E-05  7.500E-05  5.703E-05  4.178E-05  3.081E-05  2.225E-05  1.569E-05  1.081E-05  7.394E-06  4.740E-06
  376.5000  3.996E-02  3.851E-02  3.708E-02  3.566E-02  3.426E-02  3.287E-02  3.150E-02  3.015E-02  2.881E-02  2.749E-02  2.618E-02  2.490E-02  2.364E-02  2.240E-02  2.118E-02  1.998E-02  1.881E-02  1.766E-02  1.654E-02  1.544E-02  1.437E-02  1.334E-02  1.233E-02  1.137E-02  1.045E-02  9.569E-03  8.691E-03  7.716E-03  6.881E-03  6.170E-03  5.566E-03  4.905E-03  4.296E-03  3.773E-03  3.276E-03  2.796E-03  2.396E-03  2.063E-03  1.746E-03  1.458E-03  1.189E-03  9.721E-04  7.964E-04  6.536E-04  5.183E-04  4.206E-04  3.309E-04  2.626E-04  2.088E-04  1.625E-04  1.261E-04  9.732E-05  7.463E-05  5.676E-05  4.159E-05  3.066E-05  2.215E-05  1.562E-05  1.077E-05  7.367E-06  4.726E-06
  377.5000  4.761E-02  4.589E-02  4.418E-02  4.248E-02  4.081E-02  3.916E-02  3.753E-02  3.592E-02  3.433E-02  3.275E-02  3.120E-02  2.967E-02  2.817E-02  2.669E-02  2.524E-02  2.381E-02  2.241E-02  2.104E-02  1.971E-02  1.840E-02  1.712E-02  1.589E-02  1.470E-02  1.355E-02  1.245E-02  1.140E-02  1.035E-02  9.191E-03  8.196E-03  7.348E-03  6.628E-03  5.840E-03  5.115E-03  4.491E-03  3.900E-03  3.328E-03  2.851E-03  2.455E-03  2.077E-03  1.734E-03  1.414E-03  1.156E-03  9.466E-04  7.767E-04  6.157E-04  4.995E-04  3.930E-04  3.117E-04  2.479E-04  1.929E-04  1.496E-04  1.155E-04  8.855E-05  6.735E-05  4.935E-05  3.639E-05  2.629E-05  1.854E-05  1.279E-05  8.751E-06  5.619E-06
  378.5000  5.191E-02  5.003E-02  4.817E-02  4.632E-02  4.450E-02  4.270E-02  4.092E-02  3.917E-02  3.743E-02  3.571E-02  3.402E-02  3.236E-02  3.072E-02  2.910E-02  2.752E-02  2.596E-02  2.443E-02  2.294E-02  2.148E-02  2.006E-02  1.867E-02  1.732E-02  1.602E-02  1.477E-02  1.357E-02  1.243E-02  1.129E-02  1.002E-02  8.934E-03  8.009E-03  7.223E-03  6.364E-03  5.572E-03  4.893E-03  4.248E-03  3.624E-03  3.105E-03  2.672E-03  2.260E-03  1.887E-03  1.539E-03  1.257E-03  1.030E-03  8.446E-04  6.694E-04  5.429E-04  4.270E-04  3.387E-04  2.693E-04  2.095E-04  1.625E-04  1.254E-04  9.615E-05  7.313E-05  5.359E-05  3.952E-05  2.856E-05  2.015E-05  1.389E-05  9.513E-06  6.111E-06
  379.5000  3.842E-02  3.703E-02  3.565E-02  3.429E-02  3.294E-02  3.161E-02  3.029E-02  2.899E-02  2.770E-02  2.643E-02  2.518E-02  2.395E-02  2.273E-02  2.154E-02  2.037E-02  1.921E-02  1.808E-02  1.698E-02  1.590E-02  1.485E-02  1.382E-02  1.282E-02  1.186E-02  1.093E-02  1.004E-02  9.196E-03  8.351E-03  7.413E-03  6.609E-03  5.925E-03  5.343E-03  4.707E-03  4.121E-03  3.618E-03  3.140E-03  2.679E-03  2.295E-03  1.975E-03  1.670E-03  1.394E-03  1.136E-03  9.283E-04  7.600E-04  6.233E-04  4.939E-04  4.005E-04  3.149E-04  2.498E-04  1.985E-04  1.544E-04  1.197E-04  9.241E-05  7.086E-05  5.390E-05  3.950E-05  2.913E-05  2.106E-05  1.485E-05  1.025E-05  7.018E-06  4.512E-06
  380.5000  4.623E-02  4.456E-02  4.290E-02  4.125E-02  3.963E-02  3.803E-02  3.645E-02  3.488E-02  3.333E-02  3.180E-02  3.030E-02  2.882E-02  2.736E-02  2.592E-02  2.451E-02  2.312E-02  2.176E-02  2.043E-02  1.913E-02  1.786E-02  1.663E-02  1.543E-02  1.427E-02  1.315E-02  1.208E-02  1.106E-02  1.005E-02  8.917E-03  7.951E-03  7.126E-03  6.426E-03  5.660E-03  4.955E-03  4.349E-03  3.775E-03  3.220E-03  2.757E-03  2.373E-03  2.006E-03  1.675E-03  1.364E-03  1.114E-03  9.123E-04  7.480E-04  5.926E-04  4.804E-04  3.777E-04  2.994E-04  2.380E-04  1.851E-04  1.435E-04  1.107E-04  8.491E-05  6.458E-05  4.733E-05  3.492E-05  2.524E-05  1.781E-05  1.229E-05  8.419E-06  5.416E-06
  381.5000  4.346E-02  4.189E-02  4.033E-02  3.878E-02  3.726E-02  3.575E-02  3.426E-02  3.279E-02  3.134E-02  2.990E-02  2.849E-02  2.709E-02  2.572E-02  2.437E-02  2.304E-02  2.174E-02  2.046E-02  1.921E-02  1.799E-02  1.680E-02  1.563E-02  1.451E-02  1.341E-02  1.236E-02  1.136E-02  1.040E-02  9.444E-03  8.382E-03  7.473E-03  6.697E-03  6.038E-03  5.318E-03  4.655E-03  4.085E-03  3.545E-03  3.024E-03  2.589E-03  2.228E-03  1.883E-03  1.571E-03  1.280E-03  1.045E-03  8.556E-04  7.014E-04  5.555E-04  4.502E-04  3.539E-04  2.805E-04  2.229E-04  1.733E-04  1.344E-04  1.037E-04  7.949E-05  6.047E-05  4.432E-05  3.270E-05  2.364E-05  1.668E-05  1.151E-05  7.891E-06  5.079E-06
  382.5000  2.897E-02  2.792E-02  2.689E-02  2.586E-02  2.484E-02  2.384E-02  2.284E-02  2.186E-02  2.089E-02  1.993E-02  1.899E-02  1.806E-02  1.715E-02  1.625E-02  1.536E-02  1.449E-02  1.364E-02  1.281E-02  1.199E-02  1.120E-02  1.042E-02  9.670E-03  8.942E-03  8.242E-03  7.570E-03  6.932E-03  6.295E-03  5.587E-03  4.980E-03  4.463E-03  4.024E-03  3.543E-03  3.101E-03  2.721E-03  2.361E-03  2.013E-03  1.724E-03  1.483E-03  1.253E-03  1.046E-03  8.517E-04  6.953E-04  5.690E-04  4.663E-04  3.692E-04  2.992E-04  2.351E-04  1.863E-04  1.480E-04  1.151E-04  8.921E-05  6.882E-05  5.277E-05  4.014E-05  2.943E-05  2.171E-05  1.570E-05  1.108E-05  7.650E-06  5.244E-06  3.378E-06
  383.5000  2.545E-02  2.453E-02  2.362E-02  2.271E-02  2.182E-02  2.094E-02  2.007E-02  1.921E-02  1.836E-02  1.751E-02  1.668E-02  1.587E-02  1.506E-02  1.427E-02  1.350E-02  1.273E-02  1.198E-02  1.125E-02  1.054E-02  9.837E-03  9.154E-03  8.495E-03  7.855E-03  7.240E-03  6.650E-03  6.089E-03  5.529E-03  4.907E-03  4.374E-03  3.919E-03  3.533E-03  3.111E-03  2.722E-03  2.388E-03  2.072E-03  1.766E-03  1.512E-03  1.301E-03  1.099E-03  9.169E-04  7.467E-04  6.095E-04  4.986E-04  4.085E-04  3.234E-04  2.620E-04  2.058E-04  1.631E-04  1.295E-04  1.007E-04  7.805E-05  6.021E-05  4.616E-05  3.512E-05  2.574E-05  1.900E-05  1.374E-05  9.699E-06  6.697E-06  4.592E-06  2.960E-06
  384.5000  3.821E-02  3.683E-02  3.546E-02  3.410E-02  3.276E-02  3.144E-02  3.013E-02  2.884E-02  2.756E-02  2.629E-02  2.505E-02  2.383E-02  2.262E-02  2.143E-02  2.027E-02  1.912E-02  1.799E-02  1.689E-02  1.582E-02  1.477E-02  1.374E-02  1.275E-02  1.179E-02  1.087E-02  9.983E-03  9.141E-03  8.299E-03  7.365E-03  6.565E-03  5.882E-03  5.302E-03  4.668E-03  4.084E-03  3.583E-03  3.108E-03  2.649E-03  2.267E-03  1.950E-03  1.648E-03  1.374E-03  1.119E-03  9.130E-04  7.467E-04  6.118E-04  4.842E-04  3.922E-04  3.080E-04  2.440E-04  1.938E-04  1.506E-04  1.167E-04  9.002E-05  6.902E-05  5.250E-05  3.849E-05  2.841E-05  2.055E-05  1.451E-05  1.002E-05  6.873E-06  4.432E-06
  385.5000  3.782E-02  3.645E-02  3.510E-02  3.375E-02  3.243E-02  3.112E-02  2.982E-02  2.854E-02  2.728E-02  2.603E-02  2.480E-02  2.358E-02  2.239E-02  2.122E-02  2.006E-02  1.892E-02  1.781E-02  1.672E-02  1.566E-02  1.462E-02  1.361E-02  1.262E-02  1.167E-02  1.076E-02  9.881E-03  9.047E-03  8.214E-03  7.289E-03  6.497E-03  5.820E-03  5.246E-03  4.618E-03  4.040E-03  3.544E-03  3.073E-03  2.619E-03  2.242E-03  1.928E-03  1.628E-03  1.358E-03  1.105E-03  9.017E-04  7.373E-04  6.039E-04  4.779E-04  3.870E-04  3.039E-04  2.407E-04  1.911E-04  1.485E-04  1.150E-04  8.874E-05  6.803E-05  5.175E-05  3.795E-05  2.801E-05  2.027E-05  1.431E-05  9.884E-06  6.782E-06  4.376E-06
  386.5000  3.857E-02  3.717E-02  3.579E-02  3.442E-02  3.307E-02  3.173E-02  3.041E-02  2.911E-02  2.782E-02  2.654E-02  2.529E-02  2.405E-02  2.283E-02  2.164E-02  2.046E-02  1.930E-02  1.816E-02  1.705E-02  1.597E-02  1.491E-02  1.388E-02  1.287E-02  1.191E-02  1.097E-02  1.008E-02  9.225E-03  8.375E-03  7.432E-03  6.624E-03  5.933E-03  5.347E-03  4.707E-03  4.117E-03  3.611E-03  3.131E-03  2.668E-03  2.283E-03  1.963E-03  1.658E-03  1.382E-03  1.125E-03  9.175E-04  7.501E-04  6.142E-04  4.859E-04  3.934E-04  3.088E-04  2.446E-04  1.941E-04  1.508E-04  1.168E-04  9.011E-05  6.908E-05  5.256E-05  3.854E-05  2.845E-05  2.059E-05  1.454E-05  1.004E-05  6.894E-06  4.451E-06
  387.5000  3.586E-02  3.456E-02  3.328E-02  3.200E-02  3.075E-02  2.951E-02  2.828E-02  2.706E-02  2.587E-02  2.468E-02  2.351E-02  2.236E-02  2.123E-02  2.012E-02  1.902E-02  1.794E-02  1.689E-02  1.586E-02  1.485E-02  1.386E-02  1.290E-02  1.197E-02  1.107E-02  1.020E-02  9.368E-03  8.576E-03  7.785E-03  6.909E-03  6.157E-03  5.515E-03  4.969E-03  4.373E-03  3.825E-03  3.354E-03  2.908E-03  2.478E-03  2.120E-03  1.822E-03  1.539E-03  1.283E-03  1.044E-03  8.511E-04  6.957E-04  5.696E-04  4.504E-04  3.646E-04  2.862E-04  2.266E-04  1.798E-04  1.397E-04  1.082E-04  8.343E-05  6.396E-05  4.866E-05  3.568E-05  2.634E-05  1.907E-05  1.347E-05  9.306E-06  6.389E-06  4.127E-06
  388.5000  3.596E-02  3.466E-02  3.337E-02  3.209E-02  3.083E-02  2.959E-02  2.835E-02  2.714E-02  2.594E-02  2.475E-02  2.358E-02  2.242E-02  2.129E-02  2.017E-02  1.908E-02  1.799E-02  1.694E-02  1.590E-02  1.489E-02  1.390E-02  1.294E-02  1.200E-02  1.110E-02  1.023E-02  9.392E-03  8.598E-03  7.805E-03  6.926E-03  6.172E-03  5.528E-03  4.980E-03  4.383E-03  3.833E-03  3.361E-03  2.913E-03  2.482E-03  2.123E-03  1.824E-03  1.540E-03  1.284E-03  1.044E-03  8.515E-04  6.958E-04  5.696E-04  4.503E-04  3.644E-04  2.860E-04  2.264E-04  1.796E-04  1.395E-04  1.080E-04  8.331E-05  6.386E-05  4.858E-05  3.563E-05  2.631E-05  1.905E-05  1.345E-05  9.298E-06  6.385E-06  4.127E-06
  389.5000  4.536E-02  4.372E-02  4.210E-02  4.048E-02  3.890E-02  3.733E-02  3.577E-02  3.424E-02  3.272E-02  3.122E-02  2.975E-02  2.829E-02  2.686E-02  2.545E-02  2.407E-02  2.270E-02  2.137E-02  2.006E-02  1.879E-02  1.754E-02  1.632E-02  1.514E-02  1.400E-02  1.290E-02  1.185E-02  1.085E-02  9.846E-03  8.736E-03  7.784E-03  6.971E-03  6.280E-03  5.526E-03  4.832E-03  4.236E-03  3.672E-03  3.127E-03  2.675E-03  2.298E-03  1.940E-03  1.617E-03  1.315E-03  1.072E-03  8.757E-04  7.166E-04  5.665E-04  4.583E-04  3.595E-04  2.845E-04  2.257E-04  1.753E-04  1.357E-04  1.047E-04  8.023E-05  6.104E-05  4.477E-05  3.306E-05  2.394E-05  1.691E-05  1.169E-05  8.030E-06  5.193E-06
  390.5000  4.457E-02  4.296E-02  4.137E-02  3.978E-02  3.822E-02  3.668E-02  3.515E-02  3.365E-02  3.216E-02  3.068E-02  2.923E-02  2.780E-02  2.640E-02  2.501E-02  2.365E-02  2.231E-02  2.100E-02  1.972E-02  1.846E-02  1.724E-02  1.604E-02  1.488E-02  1.376E-02  1.268E-02  1.164E-02  1.066E-02  9.674E-03  8.584E-03  7.648E-03  6.849E-03  6.169E-03  5.428E-03  4.745E-03  4.160E-03  3.605E-03  3.070E-03  2.625E-03  2.256E-03  1.903E-03  1.586E-03  1.290E-03  1.051E-03  8.585E-04  7.024E-04  5.551E-04  4.490E-04  3.521E-04  2.786E-04  2.210E-04  1.716E-04  1.329E-04  1.024E-04  7.851E-05  5.973E-05  4.381E-05  3.235E-05  2.343E-05  1.655E-05  1.145E-05  7.865E-06  5.089E-06
  391.5000  5.291E-02  5.099E-02  4.910E-02  4.722E-02  4.537E-02  4.354E-02  4.173E-02  3.994E-02  3.817E-02  3.642E-02  3.470E-02  3.300E-02  3.133E-02  2.969E-02  2.808E-02  2.648E-02  2.493E-02  2.340E-02  2.192E-02  2.046E-02  1.904E-02  1.766E-02  1.633E-02  1.505E-02  1.382E-02  1.265E-02  1.148E-02  1.019E-02  9.076E-03  8.127E-03  7.319E-03  6.439E-03  5.629E-03  4.934E-03  4.275E-03  3.640E-03  3.112E-03  2.674E-03  2.256E-03  1.879E-03  1.528E-03  1.245E-03  1.017E-03  8.315E-04  6.570E-04  5.313E-04  4.166E-04  3.295E-04  2.613E-04  2.028E-04  1.570E-04  1.211E-04  9.279E-05  7.060E-05  5.179E-05  3.825E-05  2.770E-05  1.957E-05  1.354E-05  9.305E-06  6.024E-06
  392.5000  3.969E-02  3.826E-02  3.684E-02  3.543E-02  3.404E-02  3.266E-02  3.130E-02  2.996E-02  2.864E-02  2.732E-02  2.603E-02  2.476E-02  2.351E-02  2.228E-02  2.106E-02  1.987E-02  1.870E-02  1.756E-02  1.644E-02  1.535E-02  1.428E-02  1.325E-02  1.225E-02  1.129E-02  1.037E-02  9.490E-03  8.613E-03  7.642E-03  6.808E-03  6.095E-03  5.489E-03  4.829E-03  4.220E-03  3.699E-03  3.204E-03  2.728E-03  2.332E-03  2.003E-03  1.689E-03  1.407E-03  1.144E-03  9.319E-04  7.608E-04  6.222E-04  4.915E-04  3.973E-04  3.115E-04  2.464E-04  1.953E-04  1.516E-04  1.173E-04  9.045E-05  6.932E-05  5.274E-05  3.869E-05  2.858E-05  2.070E-05  1.463E-05  1.012E-05  6.958E-06  4.507E-06
  393.5000  1.726E-02  1.664E-02  1.602E-02  1.541E-02  1.480E-02  1.421E-02  1.362E-02  1.303E-02  1.246E-02  1.188E-02  1.132E-02  1.077E-02  1.023E-02  9.689E-03  9.162E-03  8.643E-03  8.135E-03  7.638E-03  7.152E-03  6.677E-03  6.213E-03  5.765E-03  5.330E-03  4.911E-03  4.509E-03  4.127E-03  3.746E-03  3.323E-03  2.960E-03  2.650E-03  2.386E-03  2.099E-03  1.834E-03  1.607E-03  1.392E-03  1.185E-03  1.013E-03  8.699E-04  7.335E-04  6.110E-04  4.966E-04  4.044E-04  3.301E-04  2.699E-04  2.131E-04  1.723E-04  1.350E-04  1.068E-04  8.462E-05  6.566E-05  5.083E-05  3.917E-05  3.002E-05  2.284E-05  1.676E-05  1.238E-05  8.969E-06  6.339E-06  4.386E-06  3.016E-06  1.955E-06
  394.5000  4.064E-02  3.917E-02  3.772E-02  3.627E-02  3.485E-02  3.344E-02  3.205E-02  3.068E-02  2.932E-02  2.798E-02  2.666E-02  2.536E-02  2.407E-02  2.281E-02  2.157E-02  2.035E-02  1.915E-02  1.798E-02  1.684E-02  1.572E-02  1.463E-02  1.357E-02  1.255E-02  1.156E-02  1.061E-02  9.714E-03  8.816E-03  7.822E-03  6.967E-03  6.237E-03  5.615E-03  4.939E-03  4.315E-03  3.781E-03  3.274E-03  2.787E-03  2.381E-03  2.045E-03  1.724E-03  1.436E-03  1.167E-03  9.499E-04  7.752E-04  6.336E-04  5.003E-04  4.043E-04  3.168E-04  2.504E-04  1.984E-04  1.540E-04  1.192E-04  9.182E-05  7.037E-05  5.354E-05  3.928E-05  2.902E-05  2.103E-05  1.486E-05  1.029E-05  7.076E-06  4.588E-06
  395.5000  5.231E-02  5.042E-02  4.855E-02  4.669E-02  4.486E-02  4.305E-02  4.126E-02  3.949E-02  3.774E-02  3.601E-02  3.431E-02  3.264E-02  3.099E-02  2.936E-02  2.777E-02  2.619E-02  2.465E-02  2.315E-02  2.167E-02  2.023E-02  1.883E-02  1.747E-02  1.615E-02  1.488E-02  1.366E-02  1.250E-02  1.135E-02  1.007E-02  8.966E-03  8.025E-03  7.225E-03  6.354E-03  5.551E-03  4.863E-03  4.211E-03  3.583E-03  3.061E-03  2.628E-03  2.215E-03  1.845E-03  1.499E-03  1.220E-03  9.953E-04  8.134E-04  6.420E-04  5.187E-04  4.064E-04  3.212E-04  2.545E-04  1.974E-04  1.527E-04  1.177E-04  9.019E-05  6.862E-05  5.035E-05  3.720E-05  2.696E-05  1.906E-05  1.319E-05  9.077E-06  5.889E-06
  396.5000  3.073E-02  2.962E-02  2.852E-02  2.743E-02  2.635E-02  2.529E-02  2.424E-02  2.320E-02  2.217E-02  2.116E-02  2.016E-02  1.917E-02  1.820E-02  1.725E-02  1.631E-02  1.539E-02  1.448E-02  1.360E-02  1.273E-02  1.189E-02  1.106E-02  1.026E-02  9.488E-03  8.741E-03  8.026E-03  7.345E-03  6.665E-03  5.913E-03  5.266E-03  4.713E-03  4.243E-03  3.731E-03  3.259E-03  2.855E-03  2.471E-03  2.103E-03  1.796E-03  1.542E-03  1.299E-03  1.082E-03  8.787E-04  7.151E-04  5.833E-04  4.766E-04  3.761E-04  3.038E-04  2.379E-04  1.880E-04  1.489E-04  1.155E-04  8.936E-05  6.885E-05  5.276E-05  4.014E-05  2.946E-05  2.176E-05  1.578E-05  1.115E-05  7.723E-06  5.315E-06  3.450E-06
  397.5000  3.547E-02  3.419E-02  3.292E-02  3.166E-02  3.042E-02  2.919E-02  2.798E-02  2.678E-02  2.560E-02  2.442E-02  2.327E-02  2.214E-02  2.102E-02  1.992E-02  1.883E-02  1.776E-02  1.672E-02  1.570E-02  1.470E-02  1.372E-02  1.277E-02  1.185E-02  1.095E-02  1.009E-02  9.265E-03  8.479E-03  7.694E-03  6.826E-03  6.079E-03  5.440E-03  4.897E-03  4.305E-03  3.760E-03  3.293E-03  2.851E-03  2.425E-03  2.071E-03  1.778E-03  1.498E-03  1.247E-03  1.012E-03  8.239E-04  6.719E-04  5.488E-04  4.330E-04  3.496E-04  2.738E-04  2.163E-04  1.713E-04  1.328E-04  1.028E-04  7.916E-05  6.065E-05  4.615E-05  3.387E-05  2.503E-05  1.814E-05  1.283E-05  8.885E-06  6.116E-06  3.971E-06
  398.5000  6.097E-02  5.877E-02  5.659E-02  5.442E-02  5.229E-02  5.018E-02  4.810E-02  4.604E-02  4.400E-02  4.199E-02  4.001E-02  3.805E-02  3.613E-02  3.424E-02  3.238E-02  3.054E-02  2.875E-02  2.699E-02  2.528E-02  2.360E-02  2.196E-02  2.037E-02  1.883E-02  1.735E-02  1.593E-02  1.458E-02  1.323E-02  1.173E-02  1.045E-02  9.350E-03  8.415E-03  7.398E-03  6.461E-03  5.658E-03  4.897E-03  4.165E-03  3.557E-03  3.052E-03  2.571E-03  2.140E-03  1.737E-03  1.413E-03  1.152E-03  9.410E-04  7.422E-04  5.992E-04  4.691E-04  3.706E-04  2.934E-04  2.274E-04  1.759E-04  1.355E-04  1.038E-04  7.900E-05  5.798E-05  4.285E-05  3.107E-05  2.197E-05  1.522E-05  1.048E-05  6.808E-06
  399.5000  6.344E-02  6.115E-02  5.888E-02  5.663E-02  5.441E-02  5.222E-02  5.005E-02  4.790E-02  4.579E-02  4.369E-02  4.163E-02  3.960E-02  3.760E-02  3.563E-02  3.369E-02  3.178E-02  2.992E-02  2.809E-02  2.630E-02  2.455E-02  2.285E-02  2.120E-02  1.960E-02  1.805E-02  1.657E-02  1.517E-02  1.376E-02  1.221E-02  1.087E-02  9.727E-03  8.753E-03  7.694E-03  6.719E-03  5.883E-03  5.091E-03  4.329E-03  3.696E-03  3.172E-03  2.671E-03  2.223E-03  1.804E-03  1.467E-03  1.196E-03  9.766E-04  7.701E-04  6.216E-04  4.865E-04  3.842E-04  3.041E-04  2.357E-04  1.823E-04  1.404E-04  1.076E-04  8.185E-05  6.007E-05  4.440E-05  3.220E-05  2.277E-05  1.578E-05  1.087E-05  7.063E-06
------------------------------------------------------------
Dose rates,W m-2
   1 = UV index (WMO, 1994; Webb et al., 2011)           
   2 = Previtamin-D3 (CIE 2006)                          
values at z =      0.025 km
Columns: time,sza,weighting spectra
time,hrs.  sza,deg.          1          2
   18.0000     84.836  1.082E-01  2.045E-03
   18.0167     85.034  1.035E-01  1.943E-03
   18.0333     85.232  9.888E-02  1.845E-03
   18.0500     85.431  9.436E-02  1.750E-03
   18.0667     85.629  8.998E-02  1.659E-03
   18.0833     85.828  8.571E-02  1.573E-03
   18.1000     86.026  8.155E-02  1.489E-03
   18.1167     86.225  7.750E-02  1.410E-03
   18.1333     86.424  7.356E-02  1.333E-03
   18.1500     86.625  6.972E-02  1.260E-03
   18.1667     86.824  6.600E-02  1.189E-03
   18.1833     87.023  6.238E-02  1.122E-03
   18.2000     87.223  5.888E-02  1.058E-03
   18.2167     87.423  5.548E-02  9.960E-04
   18.2333     87.623  5.219E-02  9.369E-04
   18.2500     87.824  4.899E-02  8.801E-04
   18.2667     88.024  4.591E-02  8.259E-04
   18.2833     88.225  4.293E-02  7.741E-04
   18.3000     88.426  4.006E-02  7.245E-04
   18.3167     88.626  3.730E-02  6.771E-04
   18.3333     88.828  3.463E-02  6.317E-04
   18.3500     89.029  3.208E-02  5.885E-04
   18.3667     89.230  2.964E-02  5.473E-04
   18.3833     89.432  2.732E-02  5.081E-04
   18.4000     89.633  2.511E-02  4.710E-04
   18.4167     89.835  2.303E-02  4.360E-04
   18.4333     90.037  2.097E-02  4.012E-04
   18.4500     90.239  1.871E-02  3.628E-04
   18.4667     90.441  1.678E-02  3.297E-04
   18.4833     90.643  1.513E-02  3.014E-04
   18.5000     90.846  1.373E-02  2.773E-04
   18.5167     91.049  1.221E-02  2.503E-04
   18.5333     91.252  1.080E-02  2.253E-04
   18.5500     91.454  9.582E-03  2.032E-04
   18.5667     91.657  8.425E-03  1.819E-04
   18.5833     91.860  7.296E-03  1.606E-04
   18.6000     92.063  6.343E-03  1.422E-04
   18.6167     92.267  5.533E-03  1.261E-04
   18.6333     92.470  4.769E-03  1.110E-04
   18.6500     92.674  4.061E-03  9.632E-05
   18.6667     92.877  3.381E-03  8.164E-05
   18.6833     93.081  2.824E-03  6.939E-05
   18.7000     93.285  2.360E-03  5.888E-05
   18.7167     93.490  1.973E-03  4.983E-05
   18.7333     93.694  1.594E-03  4.063E-05
   18.7500     93.898  1.312E-03  3.371E-05
   18.7667     94.102  1.045E-03  2.691E-05
   18.7833     94.306  8.347E-04  2.145E-05
   18.8000     94.512  6.673E-04  1.712E-05
   18.8167     94.716  5.184E-04  1.318E-05
   18.8333     94.921  3.992E-04  1.002E-05
   18.8500     95.126  3.040E-04  7.492E-06
   18.8667     95.330  2.283E-04  5.489E-06
   18.8833     95.535  1.669E-04  3.816E-06
   18.9000     95.741  1.170E-04  2.494E-06
   18.9167     95.947  8.042E-05  1.507E-06
   18.9333     96.152  5.259E-05  7.820E-07
   18.9500     96.357  3.324E-05  3.506E-07
   18.9667     96.563  2.020E-05  1.291E-07
   18.9833     96.768  1.233E-05  4.520E-08
   19.0000     96.975  7.016E-06  1.367E-08
------------------------------------------------------------
