Spectral Irradiance,W m-2 nm-1
values at z =      0.025 km
Columns: wavelength (nm),times (hrs.) or sza (deg.)
    wc,nm     18.000     18.017     18.033     18.050     18.067     18.083     18.100     18.117     18.133     18.150     18.167     18.183     18.200     18.217     18.233     18.250     18.267     18.283     18.300     18.317     18.333     18.350     18.367     18.383     18.400     18.417     18.433     18.450     18.467     18.483     18.500     18.517     18.533     18.550     18.567     18.583     18.600     18.617     18.633     18.650     18.667     18.683     18.700     18.717     18.733     18.750     18.767     18.783     18.800     18.817     18.833     18.850     18.867     18.883     18.900     18.917     18.933     18.950     18.967     18.983     19.000
    sza =      83.679     83.878     84.078     84.279     84.478     84.678     84.879     85.079     85.279     85.481     85.682     85.883     86.084     86.285     86.486     86.689     86.890     87.092     87.294     87.496     87.699     87.901     88.104     88.306     88.509     88.712     88.916     89.119     89.322     89.526     89.729     89.934     90.137     90.341     90.545     90.749     90.953     91.158     91.363     91.567     91.772     91.977     92.182     92.387     92.593     92.798     93.003     93.208     93.415     93.620     93.826     94.032     94.237     94.443     94.650     94.856     95.063     95.269     95.475     95.682     95.889
  280.5000  5.079E-25  4.980E-25  4.880E-25  4.780E-25  4.681E-25  4.581E-25  4.482E-25  4.382E-25  4.281E-25  4.180E-25  4.080E-25  3.978E-25  3.877E-25  3.775E-25  3.672E-25  3.568E-25  3.464E-25  3.360E-25  3.255E-25  3.149E-25  3.042E-25  2.934E-25  2.826E-25  2.717E-25  2.608E-25  2.497E-25  2.386E-25  2.274E-25  2.163E-25  2.052E-25  1.941E-25  1.832E-25  1.696E-25  1.564E-25  1.449E-25  1.349E-25  1.261E-25  1.128E-25  1.041E-25  9.243E-26  8.311E-26  7.441E-26  6.498E-26  5.643E-26  4.868E-26  4.167E-26  3.538E-26  2.913E-26  2.381E-26  1.944E-26  1.489E-26  1.146E-26  8.044E-27  5.260E-27  3.037E-27  1.456E-27  4.794E-28  8.244E-29  3.693E-30  2.228E-32  1.978E-36
  281.5000  8.238E-23  8.076E-23  7.915E-23  7.752E-23  7.590E-23  7.428E-23  7.266E-23  7.103E-23  6.940E-23  6.776E-23  6.612E-23  6.448E-23  6.283E-23  6.118E-23  5.951E-23  5.783E-23  5.615E-23  5.446E-23  5.276E-23  5.104E-23  4.931E-23  4.757E-23  4.582E-23  4.406E-23  4.229E-23  4.051E-23  3.871E-23  3.691E-23  3.510E-23  3.331E-23  3.152E-23  2.976E-23  2.756E-23  2.542E-23  2.355E-23  2.193E-23  2.051E-23  1.836E-23  1.694E-23  1.505E-23  1.354E-23  1.213E-23  1.059E-23  9.204E-24  7.943E-24  6.801E-24  5.778E-24  4.762E-24  3.897E-24  3.188E-24  2.455E-24  1.903E-24  1.354E-24  9.044E-25  5.403E-25  2.730E-25  9.817E-26  1.958E-26  1.150E-27  1.087E-29  2.198E-33
  282.5000  4.470E-21  4.382E-21  4.294E-21  4.205E-21  4.117E-21  4.028E-21  3.940E-21  3.852E-21  3.763E-21  3.674E-21  3.585E-21  3.496E-21  3.406E-21  3.316E-21  3.226E-21  3.135E-21  3.043E-21  2.952E-21  2.860E-21  2.767E-21  2.673E-21  2.579E-21  2.484E-21  2.389E-21  2.293E-21  2.197E-21  2.099E-21  2.002E-21  1.905E-21  1.807E-21  1.711E-21  1.616E-21  1.497E-21  1.381E-21  1.280E-21  1.192E-21  1.115E-21  9.984E-22  9.218E-22  8.193E-22  7.372E-22  6.604E-22  5.772E-22  5.016E-22  4.330E-22  3.709E-22  3.153E-22  2.601E-22  2.130E-22  1.746E-22  1.350E-22  1.053E-22  7.579E-23  5.153E-23  3.169E-23  1.675E-23  6.510E-24  1.480E-24  1.104E-25  1.556E-27  6.498E-31
  283.5000  5.401E-20  5.294E-20  5.187E-20  5.079E-20  4.972E-20  4.865E-20  4.758E-20  4.651E-20  4.544E-20  4.436E-20  4.328E-20  4.220E-20  4.112E-20  4.003E-20  3.894E-20  3.784E-20  3.673E-20  3.563E-20  3.451E-20  3.339E-20  3.226E-20  3.113E-20  2.999E-20  2.884E-20  2.768E-20  2.652E-20  2.535E-20  2.417E-20  2.300E-20  2.183E-20  2.067E-20  1.952E-20  1.809E-20  1.669E-20  1.547E-20  1.442E-20  1.349E-20  1.208E-20  1.115E-20  9.917E-21  8.925E-21  7.998E-21  6.991E-21  6.077E-21  5.248E-21  4.497E-21  3.823E-21  3.156E-21  2.587E-21  2.122E-21  1.646E-21  1.289E-21  9.340E-22  6.423E-22  4.025E-22  2.191E-22  8.952E-23  2.218E-23  1.938E-24  3.550E-26  2.388E-29
  284.5000  3.111E-18  3.048E-18  2.986E-18  2.924E-18  2.862E-18  2.799E-18  2.737E-18  2.675E-18  2.613E-18  2.551E-18  2.488E-18  2.426E-18  2.364E-18  2.301E-18  2.238E-18  2.175E-18  2.111E-18  2.047E-18  1.983E-18  1.919E-18  1.854E-18  1.789E-18  1.724E-18  1.658E-18  1.591E-18  1.525E-18  1.458E-18  1.390E-18  1.323E-18  1.256E-18  1.190E-18  1.124E-18  1.042E-18  9.616E-19  8.921E-19  8.316E-19  7.786E-19  6.975E-19  6.445E-19  5.734E-19  5.163E-19  4.629E-19  4.049E-19  3.521E-19  3.043E-19  2.609E-19  2.220E-19  1.834E-19  1.505E-19  1.238E-19  9.642E-20  7.601E-20  5.573E-20  3.906E-20  2.525E-20  1.443E-20  6.413E-21  1.832E-21  2.081E-22  5.915E-24  8.916E-27
  285.5000  3.917E-17  3.838E-17  3.758E-17  3.679E-17  3.600E-17  3.521E-17  3.443E-17  3.364E-17  3.286E-17  3.207E-17  3.128E-17  3.049E-17  2.970E-17  2.891E-17  2.811E-17  2.731E-17  2.652E-17  2.571E-17  2.491E-17  2.410E-17  2.328E-17  2.246E-17  2.164E-17  2.082E-17  1.999E-17  1.915E-17  1.847E-17  1.747E-17  1.662E-17  1.579E-17  1.495E-17  1.413E-17  1.310E-17  1.210E-17  1.123E-17  1.047E-17  9.805E-18  8.788E-18  8.124E-18  7.230E-18  6.514E-18  5.842E-18  5.113E-18  4.449E-18  3.846E-18  3.299E-18  2.809E-18  2.323E-18  1.908E-18  1.571E-18  1.228E-18  9.731E-19  7.196E-19  5.114E-19  3.384E-19  2.008E-19  9.514E-20  3.037E-20  4.242E-21  1.704E-22  4.828E-25
  286.5000  1.239E-15  1.214E-15  1.189E-15  1.163E-15  1.138E-15  1.113E-15  1.088E-15  1.063E-15  1.038E-15  1.013E-15  9.879E-16  9.629E-16  9.378E-16  9.127E-16  8.875E-16  8.622E-16  8.369E-16  8.115E-16  7.860E-16  7.604E-16  7.346E-16  7.088E-16  6.828E-16  6.567E-16  6.305E-16  6.042E-16  5.776E-16  5.512E-16  5.246E-16  4.982E-16  4.720E-16  4.462E-16  4.137E-16  3.821E-16  3.547E-16  3.309E-16  3.100E-16  2.779E-16  2.570E-16  2.289E-16  2.063E-16  1.851E-16  1.621E-16  1.411E-16  1.220E-16  1.047E-16  8.920E-17  7.381E-17  6.067E-17  5.002E-17  3.920E-17  3.117E-17  2.320E-17  1.666E-17  1.122E-17  6.845E-18  3.408E-18  1.185E-18  1.942E-19  1.020E-20  4.722E-23
  287.5000  2.134E-14  2.090E-14  2.046E-14  2.002E-14  1.958E-14  1.915E-14  1.871E-14  1.828E-14  1.784E-14  1.741E-14  1.697E-14  1.654E-14  1.610E-14  1.567E-14  1.524E-14  1.480E-14  1.436E-14  1.392E-14  1.348E-14  1.304E-14  1.260E-14  1.216E-14  1.171E-14  1.126E-14  1.081E-14  1.036E-14  9.907E-15  9.453E-15  8.999E-15  8.547E-15  8.099E-15  7.657E-15  7.102E-15  6.561E-15  6.092E-15  5.685E-15  5.329E-15  4.780E-15  4.422E-15  3.940E-15  3.553E-15  3.195E-15  2.794E-15  2.434E-15  2.106E-15  1.809E-15  1.542E-15  1.277E-15  1.050E-15  8.671E-16  6.814E-16  5.438E-16  4.074E-16  2.958E-16  2.029E-16  1.275E-16  6.688E-17  2.546E-17  4.949E-18  3.462E-19  2.719E-21
  288.5000  3.573E-13  3.498E-13  3.423E-13  3.348E-13  3.274E-13  3.200E-13  3.126E-13  3.052E-13  2.979E-13  2.905E-13  2.832E-13  2.759E-13  2.685E-13  2.612E-13  2.539E-13  2.466E-13  2.392E-13  2.319E-13  2.245E-13  2.171E-13  2.097E-13  2.023E-13  1.948E-13  1.874E-13  1.799E-13  1.724E-13  1.648E-13  1.572E-13  1.497E-13  1.422E-13  1.348E-13  1.274E-13  1.182E-13  1.092E-13  1.015E-13  9.475E-14  8.885E-14  7.974E-14  7.382E-14  6.581E-14  5.939E-14  5.335E-14  4.677E-14  4.077E-14  3.530E-14  3.034E-14  2.588E-14  2.145E-14  1.767E-14  1.460E-14  1.151E-14  9.222E-15  6.958E-15  5.111E-15  3.574E-15  2.318E-15  1.285E-15  5.398E-16  1.264E-16  1.211E-17  1.701E-19
  289.5000  4.671E-12  4.571E-12  4.471E-12  4.372E-12  4.274E-12  4.176E-12  4.078E-12  3.981E-12  3.884E-12  3.787E-12  3.690E-12  3.594E-12  3.497E-12  3.401E-12  3.305E-12  3.208E-12  3.112E-12  3.016E-12  2.920E-12  2.823E-12  2.726E-12  2.629E-12  2.532E-12  2.434E-12  2.337E-12  2.239E-12  2.140E-12  2.042E-12  1.944E-12  1.847E-12  1.750E-12  1.655E-12  1.536E-12  1.419E-12  1.319E-12  1.232E-12  1.155E-12  1.037E-12  9.607E-13  8.568E-13  7.737E-13  6.954E-13  6.100E-13  5.320E-13  4.610E-13  3.963E-13  3.383E-13  2.807E-13  2.313E-13  1.914E-13  1.512E-13  1.215E-13  9.209E-14  6.818E-14  4.834E-14  3.206E-14  1.852E-14  8.359E-15  2.247E-15  2.720E-16  5.888E-18
  290.5000  3.893E-11  3.808E-11  3.724E-11  3.640E-11  3.557E-11  3.474E-11  3.392E-11  3.310E-11  3.228E-11  3.146E-11  3.065E-11  2.984E-11  2.903E-11  2.822E-11  2.742E-11  2.661E-11  2.581E-11  2.500E-11  2.420E-11  2.339E-11  2.258E-11  2.177E-11  2.096E-11  2.015E-11  1.934E-11  1.853E-11  1.771E-11  1.690E-11  1.609E-11  1.528E-11  1.448E-11  1.370E-11  1.271E-11  1.175E-11  1.092E-11  1.020E-11  9.569E-12  8.594E-12  7.962E-12  7.105E-12  6.419E-12  5.772E-12  5.065E-12  4.421E-12  3.832E-12  3.297E-12  2.816E-12  2.338E-12  1.928E-12  1.597E-12  1.263E-12  1.017E-12  7.744E-13  5.771E-13  4.137E-13  2.794E-13  1.667E-13  7.983E-14  2.403E-14  3.529E-15  1.094E-16
  291.5000  2.838E-10  2.775E-10  2.713E-10  2.650E-10  2.588E-10  2.527E-10  2.466E-10  2.405E-10  2.345E-10  2.284E-10  2.224E-10  2.165E-10  2.105E-10  2.046E-10  1.986E-10  1.927E-10  1.868E-10  1.809E-10  1.750E-10  1.691E-10  1.632E-10  1.573E-10  1.514E-10  1.455E-10  1.396E-10  1.337E-10  1.278E-10  1.219E-10  1.161E-10  1.102E-10  1.045E-10  9.880E-11  9.169E-11  8.476E-11  7.879E-11  7.361E-11  6.909E-11  6.208E-11  5.753E-11  5.137E-11  4.643E-11  4.177E-11  3.669E-11  3.204E-11  2.780E-11  2.394E-11  2.046E-11  1.700E-11  1.403E-11  1.164E-11  9.222E-12  7.446E-12  5.691E-12  4.270E-12  3.097E-12  2.132E-12  1.318E-12  6.720E-13  2.285E-13  4.138E-14  1.903E-15
  292.5000  1.361E-09  1.330E-09  1.299E-09  1.269E-09  1.239E-09  1.209E-09  1.179E-09  1.149E-09  1.120E-09  1.090E-09  1.061E-09  1.032E-09  1.004E-09  9.748E-10  9.461E-10  9.175E-10  8.890E-10  8.606E-10  8.322E-10  8.039E-10  7.754E-10  7.472E-10  7.189E-10  6.907E-10  6.625E-10  6.343E-10  6.061E-10  5.780E-10  5.501E-10  5.223E-10  4.950E-10  4.681E-10  4.344E-10  4.016E-10  3.733E-10  3.488E-10  3.275E-10  2.943E-10  2.729E-10  2.437E-10  2.204E-10  1.984E-10  1.744E-10  1.524E-10  1.323E-10  1.140E-10  9.751E-11  8.110E-11  6.698E-11  5.560E-11  4.414E-11  3.571E-11  2.739E-11  2.066E-11  1.513E-11  1.058E-11  6.728E-12  3.618E-12  1.365E-12  2.954E-13  1.899E-14
  293.5000  7.579E-09  7.402E-09  7.226E-09  7.052E-09  6.880E-09  6.709E-09  6.540E-09  6.372E-09  6.205E-09  6.039E-09  5.874E-09  5.710E-09  5.548E-09  5.386E-09  5.225E-09  5.064E-09  4.904E-09  4.745E-09  4.586E-09  4.428E-09  4.269E-09  4.112E-09  3.955E-09  3.798E-09  3.641E-09  3.485E-09  3.328E-09  3.173E-09  3.019E-09  2.866E-09  2.715E-09  2.567E-09  2.382E-09  2.202E-09  2.047E-09  1.913E-09  1.796E-09  1.615E-09  1.497E-09  1.338E-09  1.211E-09  1.091E-09  9.590E-10  8.387E-10  7.286E-10  6.282E-10  5.378E-10  4.477E-10  3.700E-10  3.075E-10  2.445E-10  1.981E-10  1.524E-10  1.156E-10  8.531E-11  6.049E-11  3.949E-11  2.227E-11  9.227E-12  2.352E-12  2.060E-13
  294.5000  2.431E-08  2.373E-08  2.315E-08  2.258E-08  2.201E-08  2.145E-08  2.090E-08  2.035E-08  1.981E-08  1.927E-08  1.873E-08  1.820E-08  1.767E-08  1.715E-08  1.662E-08  1.610E-08  1.559E-08  1.507E-08  1.456E-08  1.405E-08  1.354E-08  1.304E-08  1.253E-08  1.203E-08  1.153E-08  1.103E-08  1.053E-08  1.003E-08  9.543E-09  9.056E-09  8.578E-09  8.109E-09  7.523E-09  6.953E-09  6.463E-09  6.039E-09  5.671E-09  5.099E-09  4.729E-09  4.228E-09  3.827E-09  3.448E-09  3.033E-09  2.655E-09  2.308E-09  1.991E-09  1.705E-09  1.421E-09  1.175E-09  9.774E-10  7.782E-10  6.317E-10  4.872E-10  3.708E-10  2.755E-10  1.975E-10  1.316E-10  7.717E-11  3.455E-11  1.008E-11  1.140E-12
  295.5000  1.078E-07  1.051E-07  1.024E-07  9.983E-08  9.725E-08  9.470E-08  9.218E-08  8.969E-08  8.722E-08  8.477E-08  8.235E-08  7.995E-08  7.757E-08  7.521E-08  7.287E-08  7.053E-08  6.822E-08  6.593E-08  6.365E-08  6.138E-08  5.911E-08  5.687E-08  5.463E-08  5.241E-08  5.019E-08  4.800E-08  4.579E-08  4.361E-08  4.146E-08  3.933E-08  3.723E-08  3.518E-08  3.263E-08  3.015E-08  2.802E-08  2.618E-08  2.458E-08  2.211E-08  2.050E-08  1.833E-08  1.660E-08  1.496E-08  1.318E-08  1.154E-08  1.004E-08  8.665E-09  7.429E-09  6.196E-09  5.129E-09  4.269E-09  3.404E-09  2.767E-09  2.140E-09  1.635E-09  1.223E-09  8.860E-10  6.025E-10  3.669E-10  1.773E-10  5.920E-11  8.679E-12
  296.5000  3.058E-07  2.979E-07  2.901E-07  2.825E-07  2.749E-07  2.675E-07  2.602E-07  2.529E-07  2.457E-07  2.386E-07  2.316E-07  2.247E-07  2.178E-07  2.110E-07  2.043E-07  1.976E-07  1.910E-07  1.844E-07  1.779E-07  1.714E-07  1.650E-07  1.586E-07  1.523E-07  1.460E-07  1.397E-07  1.335E-07  1.273E-07  1.212E-07  1.151E-07  1.091E-07  1.032E-07  9.752E-08  9.041E-08  8.351E-08  7.759E-08  7.247E-08  6.803E-08  6.117E-08  5.674E-08  5.075E-08  4.597E-08  4.144E-08  3.651E-08  3.199E-08  2.785E-08  2.406E-08  2.064E-08  1.723E-08  1.428E-08  1.189E-08  9.497E-09  7.731E-09  5.991E-09  4.592E-09  3.453E-09  2.524E-09  1.746E-09  1.098E-09  5.663E-10  2.124E-10  3.893E-11
  297.5000  9.090E-07  8.848E-07  8.609E-07  8.373E-07  8.142E-07  7.913E-07  7.689E-07  7.467E-07  7.249E-07  7.032E-07  6.819E-07  6.609E-07  6.401E-07  6.196E-07  5.993E-07  5.791E-07  5.592E-07  5.395E-07  5.200E-07  5.007E-07  4.814E-07  4.624E-07  4.436E-07  4.249E-07  4.064E-07  3.880E-07  3.697E-07  3.517E-07  3.338E-07  3.163E-07  2.991E-07  2.823E-07  2.616E-07  2.416E-07  2.243E-07  2.094E-07  1.965E-07  1.767E-07  1.639E-07  1.466E-07  1.328E-07  1.198E-07  1.055E-07  9.252E-08  8.060E-08  6.969E-08  5.983E-08  5.000E-08  4.146E-08  3.457E-08  2.764E-08  2.252E-08  1.749E-08  1.344E-08  1.015E-08  7.478E-09  5.244E-09  3.386E-09  1.846E-09  7.640E-10  1.697E-10
  298.5000  1.593E-06  1.549E-06  1.505E-06  1.463E-06  1.421E-06  1.379E-06  1.339E-06  1.299E-06  1.260E-06  1.221E-06  1.183E-06  1.145E-06  1.108E-06  1.071E-06  1.035E-06  9.993E-07  9.641E-07  9.292E-07  8.948E-07  8.608E-07  8.269E-07  7.936E-07  7.606E-07  7.279E-07  6.956E-07  6.636E-07  6.318E-07  6.005E-07  5.696E-07  5.393E-07  5.096E-07  4.807E-07  4.452E-07  4.108E-07  3.813E-07  3.558E-07  3.338E-07  3.001E-07  2.782E-07  2.488E-07  2.255E-07  2.033E-07  1.788E-07  1.572E-07  1.370E-07  1.186E-07  1.019E-07  8.521E-08  7.071E-08  5.900E-08  4.722E-08  3.853E-08  2.997E-08  2.309E-08  1.751E-08  1.297E-08  9.204E-09  6.078E-09  3.470E-09  1.563E-09  4.096E-10
  299.5000  5.184E-06  5.034E-06  4.887E-06  4.742E-06  4.600E-06  4.461E-06  4.324E-06  4.190E-06  4.059E-06  3.928E-06  3.801E-06  3.676E-06  3.552E-06  3.431E-06  3.311E-06  3.193E-06  3.077E-06  2.962E-06  2.849E-06  2.738E-06  2.627E-06  2.519E-06  2.411E-06  2.305E-06  2.201E-06  2.097E-06  1.995E-06  1.894E-06  1.795E-06  1.698E-06  1.603E-06  1.511E-06  1.398E-06  1.289E-06  1.196E-06  1.115E-06  1.046E-06  9.397E-07  8.710E-07  7.789E-07  7.057E-07  6.364E-07  5.612E-07  4.924E-07  4.294E-07  3.717E-07  3.196E-07  2.676E-07  2.223E-07  1.856E-07  1.488E-07  1.215E-07  9.467E-08  7.311E-08  5.561E-08  4.143E-08  2.969E-08  1.998E-08  1.188E-08  5.765E-09  1.752E-09
  300.5000  6.606E-06  6.407E-06  6.213E-06  6.021E-06  5.834E-06  5.651E-06  5.472E-06  5.296E-06  5.123E-06  4.953E-06  4.787E-06  4.624E-06  4.463E-06  4.306E-06  4.151E-06  3.998E-06  3.848E-06  3.700E-06  3.555E-06  3.412E-06  3.271E-06  3.132E-06  2.996E-06  2.861E-06  2.728E-06  2.598E-06  2.468E-06  2.341E-06  2.217E-06  2.095E-06  1.976E-06  1.861E-06  1.721E-06  1.586E-06  1.470E-06  1.370E-06  1.283E-06  1.153E-06  1.068E-06  9.549E-07  8.649E-07  7.799E-07  6.886E-07  6.037E-07  5.266E-07  4.561E-07  3.924E-07  3.289E-07  2.734E-07  2.285E-07  1.833E-07  1.499E-07  1.169E-07  9.048E-08  6.901E-08  5.163E-08  3.729E-08  2.549E-08  1.565E-08  8.063E-09  2.761E-09
  301.5000  1.869E-05  1.810E-05  1.752E-05  1.695E-05  1.640E-05  1.586E-05  1.533E-05  1.481E-05  1.431E-05  1.381E-05  1.333E-05  1.285E-05  1.239E-05  1.193E-05  1.148E-05  1.104E-05  1.061E-05  1.019E-05  9.773E-06  9.366E-06  8.964E-06  8.571E-06  8.185E-06  7.805E-06  7.433E-06  7.066E-06  6.705E-06  6.352E-06  6.006E-06  5.667E-06  5.341E-06  5.023E-06  4.641E-06  4.271E-06  3.954E-06  3.682E-06  3.447E-06  3.094E-06  2.864E-06  2.559E-06  2.318E-06  2.089E-06  1.842E-06  1.617E-06  1.411E-06  1.223E-06  1.053E-06  8.835E-07  7.350E-07  6.148E-07  4.940E-07  4.042E-07  3.160E-07  2.450E-07  1.874E-07  1.408E-07  1.025E-07  7.112E-08  4.511E-08  2.469E-08  9.561E-09
  302.5000  2.985E-05  2.887E-05  2.791E-05  2.697E-05  2.606E-05  2.517E-05  2.430E-05  2.345E-05  2.262E-05  2.181E-05  2.102E-05  2.024E-05  1.948E-05  1.874E-05  1.802E-05  1.730E-05  1.661E-05  1.592E-05  1.526E-05  1.460E-05  1.396E-05  1.333E-05  1.271E-05  1.211E-05  1.152E-05  1.094E-05  1.036E-05  9.807E-06  9.262E-06  8.732E-06  8.215E-06  7.721E-06  7.126E-06  6.553E-06  6.061E-06  5.639E-06  5.274E-06  4.731E-06  4.376E-06  3.909E-06  3.539E-06  3.188E-06  2.811E-06  2.468E-06  2.155E-06  1.868E-06  1.609E-06  1.351E-06  1.125E-06  9.413E-07  7.571E-07  6.201E-07  4.853E-07  3.768E-07  2.888E-07  2.177E-07  1.593E-07  1.116E-07  7.234E-08  4.123E-08  1.735E-08
  303.5000  7.013E-05  6.767E-05  6.528E-05  6.296E-05  6.070E-05  5.852E-05  5.639E-05  5.431E-05  5.230E-05  5.032E-05  4.840E-05  4.653E-05  4.471E-05  4.293E-05  4.119E-05  3.948E-05  3.782E-05  3.620E-05  3.462E-05  3.307E-05  3.156E-05  3.008E-05  2.863E-05  2.722E-05  2.584E-05  2.450E-05  2.317E-05  2.189E-05  2.064E-05  1.943E-05  1.825E-05  1.712E-05  1.578E-05  1.449E-05  1.339E-05  1.244E-05  1.162E-05  1.041E-05  9.618E-06  8.585E-06  7.766E-06  6.993E-06  6.165E-06  5.412E-06  4.725E-06  4.097E-06  3.530E-06  2.967E-06  2.473E-06  2.071E-06  1.668E-06  1.368E-06  1.072E-06  8.342E-07  6.409E-07  4.846E-07  3.566E-07  2.527E-07  1.677E-07  1.000E-07  4.622E-08
  304.5000  9.371E-05  9.027E-05  8.695E-05  8.372E-05  8.061E-05  7.759E-05  7.466E-05  7.182E-05  6.906E-05  6.636E-05  6.375E-05  6.120E-05  5.873E-05  5.632E-05  5.396E-05  5.166E-05  4.943E-05  4.725E-05  4.513E-05  4.306E-05  4.103E-05  3.905E-05  3.713E-05  3.526E-05  3.343E-05  3.164E-05  2.990E-05  2.821E-05  2.656E-05  2.497E-05  2.343E-05  2.196E-05  2.022E-05  1.855E-05  1.711E-05  1.588E-05  1.482E-05  1.327E-05  1.225E-05  1.093E-05  9.881E-06  8.892E-06  7.837E-06  6.879E-06  6.005E-06  5.208E-06  4.489E-06  3.776E-06  3.148E-06  2.639E-06  2.128E-06  1.745E-06  1.370E-06  1.067E-06  8.210E-07  6.221E-07  4.594E-07  3.277E-07  2.205E-07  1.351E-07  6.606E-08
  305.5000  1.728E-04  1.659E-04  1.592E-04  1.529E-04  1.467E-04  1.408E-04  1.351E-04  1.296E-04  1.243E-04  1.191E-04  1.141E-04  1.093E-04  1.046E-04  1.001E-04  9.565E-05  9.134E-05  8.718E-05  8.314E-05  7.921E-05  7.539E-05  7.166E-05  6.806E-05  6.455E-05  6.114E-05  5.783E-05  5.461E-05  5.148E-05  4.845E-05  4.552E-05  4.269E-05  3.997E-05  3.738E-05  3.434E-05  3.144E-05  2.896E-05  2.682E-05  2.499E-05  2.234E-05  2.059E-05  1.835E-05  1.657E-05  1.490E-05  1.312E-05  1.151E-05  1.005E-05  8.713E-06  7.511E-06  6.324E-06  5.278E-06  4.427E-06  3.575E-06  2.936E-06  2.308E-06  1.801E-06  1.389E-06  1.056E-06  7.833E-07  5.635E-07  3.863E-07  2.452E-07  1.293E-07
  306.5000  2.109E-04  2.022E-04  1.938E-04  1.857E-04  1.779E-04  1.705E-04  1.633E-04  1.564E-04  1.498E-04  1.433E-04  1.372E-04  1.312E-04  1.254E-04  1.198E-04  1.144E-04  1.091E-04  1.040E-04  9.905E-05  9.425E-05  8.960E-05  8.507E-05  8.069E-05  7.644E-05  7.231E-05  6.832E-05  6.444E-05  6.066E-05  5.703E-05  5.351E-05  5.013E-05  4.689E-05  4.379E-05  4.020E-05  3.676E-05  3.382E-05  3.129E-05  2.913E-05  2.601E-05  2.396E-05  2.133E-05  1.925E-05  1.730E-05  1.523E-05  1.335E-05  1.165E-05  1.011E-05  8.715E-06  7.341E-06  6.129E-06  5.143E-06  4.157E-06  3.416E-06  2.688E-06  2.100E-06  1.621E-06  1.234E-06  9.175E-07  6.627E-07  4.582E-07  2.957E-07  1.615E-07
  307.5000  4.295E-04  4.099E-04  3.912E-04  3.733E-04  3.562E-04  3.399E-04  3.244E-04  3.095E-04  2.952E-04  2.815E-04  2.683E-04  2.557E-04  2.436E-04  2.320E-04  2.207E-04  2.099E-04  1.994E-04  1.894E-04  1.797E-04  1.703E-04  1.612E-04  1.524E-04  1.440E-04  1.358E-04  1.280E-04  1.203E-04  1.129E-04  1.058E-04  9.901E-05  9.248E-05  8.624E-05  8.031E-05  7.353E-05  6.708E-05  6.154E-05  5.681E-05  5.274E-05  4.701E-05  4.321E-05  3.840E-05  3.460E-05  3.104E-05  2.729E-05  2.391E-05  2.086E-05  1.808E-05  1.559E-05  1.314E-05  1.098E-05  9.220E-06  7.464E-06  6.139E-06  4.840E-06  3.789E-06  2.931E-06  2.237E-06  1.669E-06  1.214E-06  8.505E-07  5.636E-07  3.259E-07
  308.5000  5.567E-04  5.304E-04  5.054E-04  4.814E-04  4.586E-04  4.369E-04  4.161E-04  3.963E-04  3.774E-04  3.592E-04  3.419E-04  3.253E-04  3.094E-04  2.942E-04  2.795E-04  2.654E-04  2.518E-04  2.388E-04  2.262E-04  2.141E-04  2.024E-04  1.912E-04  1.803E-04  1.699E-04  1.597E-04  1.501E-04  1.407E-04  1.317E-04  1.231E-04  1.148E-04  1.069E-04  9.942E-05  9.091E-05  8.283E-05  7.591E-05  6.998E-05  6.490E-05  5.779E-05  5.306E-05  4.711E-05  4.241E-05  3.801E-05  3.341E-05  2.938E-05  2.551E-05  2.211E-05  1.906E-05  1.607E-05  1.343E-05  1.128E-05  9.141E-06  7.522E-06  5.936E-06  4.651E-06  3.602E-06  2.752E-06  2.058E-06  1.500E-06  1.058E-06  7.091E-07  4.203E-07
  309.5000  6.523E-04  6.196E-04  5.885E-04  5.587E-04  5.305E-04  5.037E-04  4.781E-04  4.538E-04  4.306E-04  4.084E-04  3.873E-04  3.672E-04  3.481E-04  3.298E-04  3.123E-04  2.955E-04  2.796E-04  2.642E-04  2.496E-04  2.355E-04  2.220E-04  2.090E-04  1.966E-04  1.847E-04  1.732E-04  1.622E-04  1.517E-04  1.416E-04  1.319E-04  1.227E-04  1.140E-04  1.057E-04  9.640E-05  8.760E-05  8.007E-05  7.362E-05  6.811E-05  6.051E-05  5.544E-05  4.913E-05  4.415E-05  3.950E-05  3.466E-05  3.035E-05  2.641E-05  2.288E-05  1.971E-05  1.663E-05  1.390E-05  1.168E-05  9.478E-06  7.805E-06  6.170E-06  4.842E-06  3.757E-06  2.876E-06  2.156E-06  1.579E-06  1.123E-06  7.651E-07  4.702E-07
  310.5000  1.117E-03  1.059E-03  1.004E-03  9.511E-04  9.011E-04  8.536E-04  8.083E-04  7.652E-04  7.242E-04  6.850E-04  6.479E-04  6.126E-04  5.790E-04  5.471E-04  5.166E-04  4.875E-04  4.599E-04  4.335E-04  4.084E-04  3.844E-04  3.613E-04  3.394E-04  3.184E-04  2.984E-04  2.792E-04  2.609E-04  2.433E-04  2.265E-04  2.106E-04  1.954E-04  1.811E-04  1.675E-04  1.524E-04  1.382E-04  1.260E-04  1.156E-04  1.067E-04  9.462E-05  8.650E-05  7.652E-05  6.865E-05  6.132E-05  5.374E-05  4.697E-05  4.086E-05  3.536E-05  3.046E-05  2.569E-05  2.148E-05  1.806E-05  1.467E-05  1.209E-05  9.567E-06  7.519E-06  5.843E-06  4.481E-06  3.367E-06  2.474E-06  1.770E-06  1.221E-06  7.704E-07
  311.5000  1.688E-03  1.600E-03  1.515E-03  1.434E-03  1.357E-03  1.283E-03  1.213E-03  1.147E-03  1.083E-03  1.023E-03  9.658E-04  9.114E-04  8.597E-04  8.106E-04  7.639E-04  7.194E-04  6.772E-04  6.370E-04  5.988E-04  5.625E-04  5.277E-04  4.947E-04  4.632E-04  4.332E-04  4.046E-04  3.774E-04  3.513E-04  3.265E-04  3.030E-04  2.806E-04  2.595E-04  2.397E-04  2.177E-04  1.971E-04  1.794E-04  1.643E-04  1.514E-04  1.340E-04  1.223E-04  1.080E-04  9.678E-05  8.632E-05  7.557E-05  6.599E-05  5.735E-05  4.961E-05  4.271E-05  3.602E-05  3.012E-05  2.532E-05  2.058E-05  1.697E-05  1.344E-05  1.058E-05  8.229E-06  6.318E-06  4.755E-06  3.501E-06  2.515E-06  1.748E-06  1.122E-06
  312.5000  2.274E-03  2.153E-03  2.038E-03  1.927E-03  1.821E-03  1.720E-03  1.623E-03  1.531E-03  1.443E-03  1.359E-03  1.280E-03  1.204E-03  1.132E-03  1.063E-03  9.985E-04  9.366E-04  8.781E-04  8.227E-04  7.702E-04  7.204E-04  6.730E-04  6.283E-04  5.858E-04  5.456E-04  5.074E-04  4.713E-04  4.369E-04  4.045E-04  3.738E-04  3.449E-04  3.177E-04  2.922E-04  2.644E-04  2.384E-04  2.162E-04  1.972E-04  1.809E-04  1.596E-04  1.451E-04  1.277E-04  1.141E-04  1.014E-04  8.854E-05  7.709E-05  6.689E-05  5.776E-05  4.966E-05  4.186E-05  3.499E-05  2.942E-05  2.393E-05  1.975E-05  1.568E-05  1.236E-05  9.637E-06  7.417E-06  5.598E-06  4.138E-06  2.992E-06  2.105E-06  1.389E-06
  313.5000  2.790E-03  2.643E-03  2.501E-03  2.365E-03  2.235E-03  2.111E-03  1.992E-03  1.878E-03  1.770E-03  1.666E-03  1.568E-03  1.474E-03  1.385E-03  1.300E-03  1.220E-03  1.144E-03  1.071E-03  1.003E-03  9.380E-04  8.765E-04  8.180E-04  7.629E-04  7.107E-04  6.613E-04  6.156E-04  5.702E-04  5.281E-04  4.884E-04  4.510E-04  4.157E-04  3.825E-04  3.516E-04  3.178E-04  2.863E-04  2.593E-04  2.363E-04  2.167E-04  1.909E-04  1.734E-04  1.525E-04  1.361E-04  1.209E-04  1.055E-04  9.175E-05  7.956E-05  6.866E-05  5.900E-05  4.973E-05  4.156E-05  3.494E-05  2.844E-05  2.347E-05  1.864E-05  1.471E-05  1.148E-05  8.840E-06  6.679E-06  4.943E-06  3.583E-06  2.530E-06  1.684E-06
  314.5000  3.810E-03  3.614E-03  3.425E-03  3.242E-03  3.066E-03  2.897E-03  2.734E-03  2.578E-03  2.429E-03  2.285E-03  2.148E-03  2.017E-03  1.892E-03  1.773E-03  1.660E-03  1.552E-03  1.450E-03  1.353E-03  1.261E-03  1.174E-03  1.092E-03  1.014E-03  9.405E-04  8.713E-04  8.060E-04  7.445E-04  6.864E-04  6.319E-04  5.808E-04  5.329E-04  4.882E-04  4.465E-04  4.019E-04  3.604E-04  3.250E-04  2.947E-04  2.690E-04  2.360E-04  2.134E-04  1.869E-04  1.661E-04  1.469E-04  1.277E-04  1.107E-04  9.571E-05  8.238E-05  7.063E-05  5.946E-05  4.964E-05  4.171E-05  3.397E-05  2.804E-05  2.232E-05  1.764E-05  1.380E-05  1.066E-05  8.074E-06  5.998E-06  4.372E-06  3.117E-06  2.119E-06
  315.5000  4.146E-03  3.935E-03  3.730E-03  3.531E-03  3.341E-03  3.158E-03  2.981E-03  2.812E-03  2.649E-03  2.492E-03  2.343E-03  2.201E-03  2.064E-03  1.934E-03  1.811E-03  1.693E-03  1.581E-03  1.475E-03  1.374E-03  1.279E-03  1.189E-03  1.104E-03  1.023E-03  9.475E-04  8.760E-04  8.088E-04  7.452E-04  6.857E-04  6.299E-04  5.776E-04  5.289E-04  4.835E-04  4.349E-04  3.898E-04  3.512E-04  3.184E-04  2.904E-04  2.545E-04  2.301E-04  2.013E-04  1.788E-04  1.580E-04  1.373E-04  1.190E-04  1.028E-04  8.842E-05  7.577E-05  6.376E-05  5.322E-05  4.471E-05  3.642E-05  3.007E-05  2.394E-05  1.894E-05  1.482E-05  1.146E-05  8.688E-06  6.461E-06  4.716E-06  3.372E-06  2.306E-06
  316.5000  5.375E-03  5.113E-03  4.859E-03  4.611E-03  4.372E-03  4.140E-03  3.916E-03  3.700E-03  3.491E-03  3.289E-03  3.095E-03  2.909E-03  2.731E-03  2.560E-03  2.396E-03  2.239E-03  2.090E-03  1.948E-03  1.812E-03  1.684E-03  1.562E-03  1.447E-03  1.338E-03  1.235E-03  1.139E-03  1.048E-03  9.618E-04  8.816E-04  8.066E-04  7.366E-04  6.716E-04  6.114E-04  5.477E-04  4.887E-04  4.383E-04  3.955E-04  3.592E-04  3.134E-04  2.820E-04  2.456E-04  2.172E-04  1.911E-04  1.653E-04  1.427E-04  1.228E-04  1.053E-04  9.001E-05  7.560E-05  6.298E-05  5.284E-05  4.304E-05  3.553E-05  2.833E-05  2.245E-05  1.761E-05  1.365E-05  1.038E-05  7.744E-06  5.680E-06  4.090E-06  2.841E-06
  317.5000  7.600E-03  7.229E-03  6.869E-03  6.518E-03  6.180E-03  5.852E-03  5.535E-03  5.229E-03  4.934E-03  4.648E-03  4.375E-03  4.112E-03  3.859E-03  3.617E-03  3.386E-03  3.164E-03  2.953E-03  2.753E-03  2.562E-03  2.380E-03  2.208E-03  2.045E-03  1.892E-03  1.747E-03  1.610E-03  1.481E-03  1.360E-03  1.247E-03  1.141E-03  1.042E-03  9.505E-04  8.655E-04  7.754E-04  6.919E-04  6.208E-04  5.603E-04  5.089E-04  4.441E-04  3.997E-04  3.482E-04  3.079E-04  2.710E-04  2.344E-04  2.024E-04  1.742E-04  1.494E-04  1.277E-04  1.072E-04  8.932E-05  7.494E-05  6.105E-05  5.040E-05  4.020E-05  3.186E-05  2.500E-05  1.937E-05  1.474E-05  1.100E-05  8.073E-06  5.818E-06  4.049E-06
  318.5000  7.718E-03  7.366E-03  7.021E-03  6.683E-03  6.356E-03  6.037E-03  5.728E-03  5.426E-03  5.134E-03  4.850E-03  4.576E-03  4.311E-03  4.055E-03  3.808E-03  3.571E-03  3.342E-03  3.123E-03  2.913E-03  2.713E-03  2.522E-03  2.338E-03  2.165E-03  2.001E-03  1.845E-03  1.698E-03  1.559E-03  1.428E-03  1.306E-03  1.191E-03  1.084E-03  9.850E-04  8.933E-04  7.970E-04  7.082E-04  6.325E-04  5.683E-04  5.138E-04  4.461E-04  3.995E-04  3.463E-04  3.047E-04  2.668E-04  2.297E-04  1.973E-04  1.691E-04  1.444E-04  1.229E-04  1.029E-04  8.548E-05  7.156E-05  5.824E-05  4.805E-05  3.835E-05  3.045E-05  2.394E-05  1.861E-05  1.420E-05  1.064E-05  7.845E-06  5.692E-06  4.016E-06
  319.5000  9.893E-03  9.447E-03  9.012E-03  8.584E-03  8.169E-03  7.765E-03  7.372E-03  6.989E-03  6.617E-03  6.255E-03  5.905E-03  5.567E-03  5.240E-03  4.924E-03  4.620E-03  4.326E-03  4.044E-03  3.775E-03  3.516E-03  3.269E-03  3.033E-03  2.809E-03  2.596E-03  2.394E-03  2.203E-03  2.023E-03  1.853E-03  1.694E-03  1.545E-03  1.406E-03  1.277E-03  1.158E-03  1.032E-03  9.167E-04  8.183E-04  7.347E-04  6.638E-04  5.759E-04  5.154E-04  4.464E-04  3.924E-04  3.434E-04  2.953E-04  2.534E-04  2.169E-04  1.851E-04  1.574E-04  1.317E-04  1.093E-04  9.148E-05  7.443E-05  6.140E-05  4.901E-05  3.893E-05  3.063E-05  2.383E-05  1.820E-05  1.365E-05  1.008E-05  7.327E-06  5.188E-06
  320.5000  1.279E-02  1.222E-02  1.167E-02  1.112E-02  1.059E-02  1.008E-02  9.576E-03  9.087E-03  8.610E-03  8.146E-03  7.697E-03  7.261E-03  6.840E-03  6.432E-03  6.039E-03  5.658E-03  5.294E-03  4.943E-03  4.607E-03  4.285E-03  3.977E-03  3.684E-03  3.405E-03  3.141E-03  2.890E-03  2.654E-03  2.430E-03  2.220E-03  2.024E-03  1.841E-03  1.671E-03  1.513E-03  1.348E-03  1.196E-03  1.067E-03  9.567E-04  8.634E-04  7.481E-04  6.687E-04  5.783E-04  5.078E-04  4.437E-04  3.809E-04  3.265E-04  2.791E-04  2.378E-04  2.020E-04  1.689E-04  1.400E-04  1.171E-04  9.521E-05  7.851E-05  6.268E-05  4.980E-05  3.920E-05  3.052E-05  2.334E-05  1.752E-05  1.295E-05  9.435E-06  6.704E-06
  321.5000  1.390E-02  1.334E-02  1.279E-02  1.225E-02  1.171E-02  1.119E-02  1.068E-02  1.018E-02  9.688E-03  9.206E-03  8.737E-03  8.279E-03  7.833E-03  7.399E-03  6.977E-03  6.565E-03  6.167E-03  5.782E-03  5.410E-03  5.051E-03  4.704E-03  4.372E-03  4.053E-03  3.748E-03  3.457E-03  3.180E-03  2.916E-03  2.668E-03  2.433E-03  2.213E-03  2.008E-03  1.818E-03  1.616E-03  1.431E-03  1.273E-03  1.138E-03  1.025E-03  8.839E-04  7.870E-04  6.773E-04  5.919E-04  5.144E-04  4.392E-04  3.742E-04  3.181E-04  2.694E-04  2.276E-04  1.893E-04  1.562E-04  1.300E-04  1.054E-04  8.674E-05  6.920E-05  5.502E-05  4.340E-05  3.389E-05  2.602E-05  1.963E-05  1.459E-05  1.070E-05  7.698E-06
  322.5000  1.155E-02  1.104E-02  1.055E-02  1.007E-02  9.598E-03  9.138E-03  8.690E-03  8.252E-03  7.826E-03  7.409E-03  7.006E-03  6.615E-03  6.235E-03  5.868E-03  5.513E-03  5.169E-03  4.839E-03  4.521E-03  4.216E-03  3.924E-03  3.643E-03  3.376E-03  3.121E-03  2.879E-03  2.650E-03  2.433E-03  2.228E-03  2.035E-03  1.855E-03  1.687E-03  1.530E-03  1.385E-03  1.234E-03  1.094E-03  9.745E-04  8.734E-04  7.878E-04  6.818E-04  6.089E-04  5.261E-04  4.614E-04  4.027E-04  3.454E-04  2.956E-04  2.525E-04  2.148E-04  1.823E-04  1.522E-04  1.261E-04  1.054E-04  8.565E-05  7.060E-05  5.637E-05  4.481E-05  3.530E-05  2.751E-05  2.106E-05  1.583E-05  1.172E-05  8.557E-06  6.105E-06
  323.5000  1.613E-02  1.551E-02  1.490E-02  1.429E-02  1.370E-02  1.312E-02  1.255E-02  1.198E-02  1.143E-02  1.089E-02  1.036E-02  9.837E-03  9.329E-03  8.833E-03  8.349E-03  7.876E-03  7.417E-03  6.971E-03  6.538E-03  6.119E-03  5.711E-03  5.320E-03  4.943E-03  4.581E-03  4.234E-03  3.902E-03  3.584E-03  3.284E-03  2.999E-03  2.731E-03  2.480E-03  2.246E-03  1.998E-03  1.768E-03  1.572E-03  1.406E-03  1.265E-03  1.090E-03  9.690E-04  8.324E-04  7.261E-04  6.297E-04  5.361E-04  4.555E-04  3.860E-04  3.260E-04  2.745E-04  2.276E-04  1.872E-04  1.555E-04  1.258E-04  1.033E-04  8.232E-05  6.543E-05  5.164E-05  4.039E-05  3.107E-05  2.349E-05  1.752E-05  1.290E-05  9.334E-06
  324.5000  1.871E-02  1.799E-02  1.727E-02  1.657E-02  1.588E-02  1.520E-02  1.453E-02  1.388E-02  1.323E-02  1.260E-02  1.198E-02  1.138E-02  1.079E-02  1.021E-02  9.649E-03  9.099E-03  8.566E-03  8.048E-03  7.547E-03  7.060E-03  6.589E-03  6.136E-03  5.700E-03  5.281E-03  4.879E-03  4.496E-03  4.129E-03  3.782E-03  3.454E-03  3.145E-03  2.856E-03  2.586E-03  2.300E-03  2.036E-03  1.811E-03  1.619E-03  1.456E-03  1.256E-03  1.117E-03  9.598E-04  8.376E-04  7.267E-04  6.190E-04  5.262E-04  4.461E-04  3.769E-04  3.176E-04  2.635E-04  2.168E-04  1.801E-04  1.457E-04  1.197E-04  9.543E-05  7.586E-05  5.989E-05  4.684E-05  3.603E-05  2.725E-05  2.032E-05  1.496E-05  1.083E-05
  325.5000  2.015E-02  1.935E-02  1.857E-02  1.780E-02  1.704E-02  1.630E-02  1.557E-02  1.485E-02  1.415E-02  1.346E-02  1.279E-02  1.213E-02  1.149E-02  1.087E-02  1.026E-02  9.663E-03  9.088E-03  8.530E-03  7.990E-03  7.467E-03  6.961E-03  6.475E-03  6.009E-03  5.561E-03  5.134E-03  4.725E-03  4.336E-03  3.968E-03  3.621E-03  3.294E-03  2.990E-03  2.706E-03  2.406E-03  2.129E-03  1.893E-03  1.693E-03  1.523E-03  1.312E-03  1.168E-03  1.004E-03  8.763E-04  7.606E-04  6.484E-04  5.516E-04  4.680E-04  3.958E-04  3.337E-04  2.771E-04  2.282E-04  1.898E-04  1.537E-04  1.263E-04  1.007E-04  8.008E-05  6.321E-05  4.942E-05  3.800E-05  2.871E-05  2.139E-05  1.573E-05  1.137E-05
  326.5000  3.010E-02  2.903E-02  2.797E-02  2.692E-02  2.589E-02  2.487E-02  2.386E-02  2.287E-02  2.190E-02  2.093E-02  1.999E-02  1.906E-02  1.814E-02  1.725E-02  1.637E-02  1.551E-02  1.467E-02  1.384E-02  1.304E-02  1.226E-02  1.149E-02  1.076E-02  1.004E-02  9.345E-03  8.675E-03  8.030E-03  7.407E-03  6.814E-03  6.248E-03  5.711E-03  5.205E-03  4.730E-03  4.215E-03  3.736E-03  3.329E-03  2.983E-03  2.689E-03  2.315E-03  2.061E-03  1.768E-03  1.541E-03  1.335E-03  1.133E-03  9.599E-04  8.105E-04  6.818E-04  5.718E-04  4.721E-04  3.862E-04  3.194E-04  2.573E-04  2.106E-04  1.674E-04  1.329E-04  1.049E-04  8.222E-05  6.343E-05  4.813E-05  3.606E-05  2.670E-05  1.950E-05
  327.5000  2.619E-02  2.522E-02  2.427E-02  2.332E-02  2.239E-02  2.148E-02  2.058E-02  1.969E-02  1.882E-02  1.796E-02  1.712E-02  1.630E-02  1.549E-02  1.470E-02  1.392E-02  1.316E-02  1.242E-02  1.170E-02  1.100E-02  1.032E-02  9.655E-03  9.014E-03  8.395E-03  7.798E-03  7.223E-03  6.671E-03  6.141E-03  5.637E-03  5.159E-03  4.706E-03  4.281E-03  3.884E-03  3.457E-03  3.061E-03  2.724E-03  2.439E-03  2.195E-03  1.890E-03  1.682E-03  1.444E-03  1.259E-03  1.090E-03  9.269E-04  7.861E-04  6.647E-04  5.601E-04  4.705E-04  3.893E-04  3.192E-04  2.645E-04  2.134E-04  1.750E-04  1.393E-04  1.107E-04  8.739E-05  6.844E-05  5.275E-05  3.999E-05  2.991E-05  2.210E-05  1.609E-05
  328.5000  2.424E-02  2.335E-02  2.247E-02  2.159E-02  2.073E-02  1.989E-02  1.905E-02  1.823E-02  1.743E-02  1.663E-02  1.585E-02  1.509E-02  1.434E-02  1.360E-02  1.289E-02  1.218E-02  1.150E-02  1.083E-02  1.018E-02  9.550E-03  8.935E-03  8.341E-03  7.768E-03  7.214E-03  6.681E-03  6.170E-03  5.679E-03  5.212E-03  4.769E-03  4.349E-03  3.955E-03  3.587E-03  3.192E-03  2.826E-03  2.514E-03  2.249E-03  2.024E-03  1.742E-03  1.550E-03  1.329E-03  1.159E-03  1.003E-03  8.526E-04  7.228E-04  6.110E-04  5.146E-04  4.322E-04  3.574E-04  2.930E-04  2.427E-04  1.958E-04  1.605E-04  1.277E-04  1.015E-04  8.012E-05  6.274E-05  4.836E-05  3.666E-05  2.742E-05  2.027E-05  1.476E-05
  329.5000  3.681E-02  3.556E-02  3.433E-02  3.310E-02  3.189E-02  3.070E-02  2.952E-02  2.836E-02  2.721E-02  2.607E-02  2.495E-02  2.385E-02  2.277E-02  2.170E-02  2.065E-02  1.962E-02  1.861E-02  1.761E-02  1.664E-02  1.569E-02  1.476E-02  1.385E-02  1.297E-02  1.211E-02  1.128E-02  1.048E-02  9.698E-03  8.952E-03  8.235E-03  7.551E-03  6.904E-03  6.294E-03  5.621E-03  4.993E-03  4.460E-03  4.006E-03  3.621E-03  3.120E-03  2.783E-03  2.389E-03  2.084E-03  1.805E-03  1.531E-03  1.296E-03  1.092E-03  9.171E-04  7.674E-04  6.320E-04  5.152E-04  4.250E-04  3.412E-04  2.787E-04  2.210E-04  1.752E-04  1.383E-04  1.084E-04  8.374E-05  6.368E-05  4.786E-05  3.557E-05  2.612E-05
  330.5000  3.135E-02  3.025E-02  2.916E-02  2.807E-02  2.701E-02  2.596E-02  2.493E-02  2.390E-02  2.290E-02  2.190E-02  2.092E-02  1.996E-02  1.902E-02  1.809E-02  1.718E-02  1.629E-02  1.541E-02  1.456E-02  1.373E-02  1.291E-02  1.212E-02  1.134E-02  1.060E-02  9.871E-03  9.170E-03  8.493E-03  7.840E-03  7.217E-03  6.622E-03  6.057E-03  5.523E-03  5.022E-03  4.477E-03  3.970E-03  3.538E-03  3.172E-03  2.860E-03  2.463E-03  2.193E-03  1.881E-03  1.640E-03  1.420E-03  1.205E-03  1.020E-03  8.605E-04  7.233E-04  6.060E-04  4.999E-04  4.084E-04  3.375E-04  2.715E-04  2.221E-04  1.764E-04  1.400E-04  1.105E-04  8.663E-05  6.688E-05  5.080E-05  3.811E-05  2.827E-05  2.069E-05
  331.5000  3.058E-02  2.950E-02  2.843E-02  2.736E-02  2.632E-02  2.529E-02  2.427E-02  2.327E-02  2.228E-02  2.130E-02  2.035E-02  1.940E-02  1.848E-02  1.757E-02  1.668E-02  1.580E-02  1.495E-02  1.411E-02  1.330E-02  1.250E-02  1.173E-02  1.097E-02  1.024E-02  9.537E-03  8.854E-03  8.196E-03  7.561E-03  6.956E-03  6.379E-03  5.830E-03  5.313E-03  4.828E-03  4.302E-03  3.812E-03  3.396E-03  3.043E-03  2.742E-03  2.360E-03  2.101E-03  1.802E-03  1.570E-03  1.359E-03  1.153E-03  9.760E-04  8.236E-04  6.922E-04  5.800E-04  4.785E-04  3.910E-04  3.232E-04  2.601E-04  2.128E-04  1.690E-04  1.341E-04  1.059E-04  8.300E-05  6.406E-05  4.865E-05  3.649E-05  2.706E-05  1.980E-05
  332.5000  3.379E-02  3.267E-02  3.156E-02  3.046E-02  2.937E-02  2.829E-02  2.723E-02  2.618E-02  2.514E-02  2.411E-02  2.310E-02  2.210E-02  2.112E-02  2.015E-02  1.920E-02  1.825E-02  1.733E-02  1.643E-02  1.554E-02  1.467E-02  1.382E-02  1.299E-02  1.218E-02  1.139E-02  1.062E-02  9.878E-03  9.156E-03  8.462E-03  7.796E-03  7.159E-03  6.555E-03  5.984E-03  5.350E-03  4.757E-03  4.253E-03  3.826E-03  3.462E-03  2.985E-03  2.665E-03  2.288E-03  1.997E-03  1.730E-03  1.468E-03  1.241E-03  1.046E-03  8.775E-04  7.337E-04  6.035E-04  4.911E-04  4.047E-04  3.244E-04  2.647E-04  2.096E-04  1.660E-04  1.310E-04  1.027E-04  7.937E-05  6.041E-05  4.546E-05  3.385E-05  2.492E-05
  333.5000  3.024E-02  2.921E-02  2.819E-02  2.717E-02  2.617E-02  2.518E-02  2.421E-02  2.324E-02  2.229E-02  2.135E-02  2.043E-02  1.952E-02  1.862E-02  1.774E-02  1.687E-02  1.602E-02  1.518E-02  1.437E-02  1.357E-02  1.278E-02  1.202E-02  1.127E-02  1.055E-02  9.843E-03  9.161E-03  8.501E-03  7.862E-03  7.250E-03  6.665E-03  6.106E-03  5.578E-03  5.080E-03  4.534E-03  4.025E-03  3.592E-03  3.224E-03  2.911E-03  2.507E-03  2.235E-03  1.917E-03  1.672E-03  1.447E-03  1.227E-03  1.038E-03  8.749E-04  7.343E-04  6.144E-04  5.058E-04  4.123E-04  3.401E-04  2.730E-04  2.230E-04  1.768E-04  1.402E-04  1.106E-04  8.674E-05  6.701E-05  5.096E-05  3.830E-05  2.848E-05  2.091E-05
  334.5000  3.468E-02  3.351E-02  3.236E-02  3.121E-02  3.008E-02  2.896E-02  2.786E-02  2.676E-02  2.569E-02  2.462E-02  2.357E-02  2.253E-02  2.152E-02  2.051E-02  1.953E-02  1.855E-02  1.760E-02  1.667E-02  1.575E-02  1.486E-02  1.398E-02  1.312E-02  1.229E-02  1.148E-02  1.070E-02  9.938E-03  9.200E-03  8.493E-03  7.815E-03  7.168E-03  6.554E-03  5.975E-03  5.337E-03  4.740E-03  4.233E-03  3.803E-03  3.437E-03  2.961E-03  2.641E-03  2.266E-03  1.976E-03  1.711E-03  1.451E-03  1.227E-03  1.033E-03  8.668E-04  7.247E-04  5.962E-04  4.854E-04  4.000E-04  3.208E-04  2.618E-04  2.074E-04  1.643E-04  1.296E-04  1.016E-04  7.854E-05  5.976E-05  4.495E-05  3.346E-05  2.460E-05
  335.5000  3.716E-02  3.595E-02  3.476E-02  3.356E-02  3.239E-02  3.123E-02  3.008E-02  2.894E-02  2.781E-02  2.670E-02  2.560E-02  2.452E-02  2.345E-02  2.239E-02  2.136E-02  2.033E-02  1.932E-02  1.834E-02  1.737E-02  1.641E-02  1.548E-02  1.456E-02  1.367E-02  1.280E-02  1.196E-02  1.114E-02  1.034E-02  9.566E-03  8.825E-03  8.115E-03  7.440E-03  6.801E-03  6.087E-03  5.418E-03  4.850E-03  4.368E-03  3.958E-03  3.414E-03  3.052E-03  2.621E-03  2.289E-03  1.984E-03  1.683E-03  1.423E-03  1.199E-03  1.005E-03  8.394E-04  6.897E-04  5.604E-04  4.612E-04  3.690E-04  3.009E-04  2.379E-04  1.882E-04  1.484E-04  1.164E-04  8.997E-05  6.852E-05  5.162E-05  3.851E-05  2.841E-05
  336.5000  2.861E-02  2.767E-02  2.674E-02  2.581E-02  2.490E-02  2.399E-02  2.310E-02  2.222E-02  2.135E-02  2.048E-02  1.963E-02  1.879E-02  1.796E-02  1.714E-02  1.634E-02  1.555E-02  1.477E-02  1.400E-02  1.325E-02  1.252E-02  1.180E-02  1.109E-02  1.041E-02  9.738E-03  9.087E-03  8.456E-03  7.842E-03  7.251E-03  6.684E-03  6.141E-03  5.625E-03  5.138E-03  4.595E-03  4.087E-03  3.655E-03  3.289E-03  2.977E-03  2.567E-03  2.293E-03  1.968E-03  1.718E-03  1.488E-03  1.262E-03  1.067E-03  8.983E-04  7.530E-04  6.291E-04  5.169E-04  4.201E-04  3.458E-04  2.768E-04  2.257E-04  1.785E-04  1.413E-04  1.114E-04  8.737E-05  6.754E-05  5.143E-05  3.873E-05  2.888E-05  2.129E-05
  337.5000  3.023E-02  2.922E-02  2.821E-02  2.721E-02  2.622E-02  2.525E-02  2.428E-02  2.333E-02  2.239E-02  2.146E-02  2.054E-02  1.964E-02  1.875E-02  1.788E-02  1.702E-02  1.617E-02  1.534E-02  1.453E-02  1.373E-02  1.295E-02  1.218E-02  1.144E-02  1.071E-02  1.000E-02  9.319E-03  8.655E-03  8.012E-03  7.394E-03  6.803E-03  6.239E-03  5.704E-03  5.199E-03  4.642E-03  4.122E-03  3.680E-03  3.305E-03  2.987E-03  2.572E-03  2.294E-03  1.967E-03  1.715E-03  1.485E-03  1.258E-03  1.063E-03  8.956E-04  7.509E-04  6.276E-04  5.160E-04  4.199E-04  3.459E-04  2.773E-04  2.262E-04  1.791E-04  1.419E-04  1.119E-04  8.775E-05  6.781E-05  5.161E-05  3.883E-05  2.892E-05  2.128E-05
  338.5000  3.384E-02  3.274E-02  3.165E-02  3.056E-02  2.950E-02  2.844E-02  2.740E-02  2.636E-02  2.534E-02  2.432E-02  2.333E-02  2.234E-02  2.137E-02  2.041E-02  1.947E-02  1.853E-02  1.762E-02  1.672E-02  1.583E-02  1.497E-02  1.411E-02  1.328E-02  1.247E-02  1.168E-02  1.091E-02  1.016E-02  9.428E-03  8.726E-03  8.050E-03  7.403E-03  6.787E-03  6.204E-03  5.552E-03  4.941E-03  4.422E-03  3.982E-03  3.608E-03  3.111E-03  2.781E-03  2.388E-03  2.085E-03  1.807E-03  1.532E-03  1.295E-03  1.090E-03  9.132E-04  7.624E-04  6.260E-04  5.083E-04  4.181E-04  3.343E-04  2.724E-04  2.152E-04  1.702E-04  1.342E-04  1.052E-04  8.132E-05  6.195E-05  4.669E-05  3.485E-05  2.573E-05
  339.5000  3.710E-02  3.590E-02  3.471E-02  3.353E-02  3.236E-02  3.121E-02  3.007E-02  2.894E-02  2.782E-02  2.671E-02  2.562E-02  2.455E-02  2.348E-02  2.244E-02  2.140E-02  2.038E-02  1.938E-02  1.840E-02  1.743E-02  1.648E-02  1.555E-02  1.463E-02  1.374E-02  1.288E-02  1.203E-02  1.121E-02  1.041E-02  9.634E-03  8.891E-03  8.179E-03  7.502E-03  6.860E-03  6.140E-03  5.466E-03  4.893E-03  4.408E-03  3.995E-03  3.445E-03  3.080E-03  2.645E-03  2.310E-03  2.002E-03  1.697E-03  1.434E-03  1.207E-03  1.011E-03  8.439E-04  6.927E-04  5.621E-04  4.622E-04  3.694E-04  3.008E-04  2.376E-04  1.878E-04  1.480E-04  1.160E-04  8.972E-05  6.836E-05  5.154E-05  3.848E-05  2.843E-05
  340.5000  3.886E-02  3.758E-02  3.632E-02  3.507E-02  3.383E-02  3.261E-02  3.140E-02  3.020E-02  2.902E-02  2.785E-02  2.670E-02  2.556E-02  2.443E-02  2.333E-02  2.224E-02  2.116E-02  2.010E-02  1.907E-02  1.805E-02  1.705E-02  1.607E-02  1.512E-02  1.418E-02  1.327E-02  1.239E-02  1.153E-02  1.069E-02  9.889E-03  9.115E-03  8.376E-03  7.672E-03  7.007E-03  6.266E-03  5.572E-03  4.983E-03  4.483E-03  4.058E-03  3.498E-03  3.124E-03  2.680E-03  2.339E-03  2.025E-03  1.717E-03  1.450E-03  1.220E-03  1.022E-03  8.534E-04  7.006E-04  5.689E-04  4.679E-04  3.742E-04  3.048E-04  2.409E-04  1.905E-04  1.502E-04  1.177E-04  9.102E-05  6.933E-05  5.224E-05  3.899E-05  2.877E-05
  341.5000  3.557E-02  3.443E-02  3.330E-02  3.217E-02  3.106E-02  2.996E-02  2.887E-02  2.779E-02  2.673E-02  2.567E-02  2.463E-02  2.360E-02  2.258E-02  2.158E-02  2.059E-02  1.962E-02  1.866E-02  1.772E-02  1.679E-02  1.588E-02  1.499E-02  1.411E-02  1.326E-02  1.243E-02  1.161E-02  1.082E-02  1.005E-02  9.313E-03  8.597E-03  7.912E-03  7.259E-03  6.640E-03  5.946E-03  5.294E-03  4.741E-03  4.272E-03  3.873E-03  3.341E-03  2.988E-03  2.565E-03  2.241E-03  1.942E-03  1.646E-03  1.391E-03  1.171E-03  9.802E-04  8.179E-04  6.710E-04  5.442E-04  4.472E-04  3.571E-04  2.907E-04  2.295E-04  1.813E-04  1.428E-04  1.120E-04  8.659E-05  6.598E-05  4.977E-05  3.719E-05  2.749E-05
  342.5000  3.965E-02  3.838E-02  3.712E-02  3.587E-02  3.464E-02  3.341E-02  3.220E-02  3.101E-02  2.982E-02  2.864E-02  2.749E-02  2.634E-02  2.521E-02  2.410E-02  2.300E-02  2.191E-02  2.085E-02  1.980E-02  1.877E-02  1.776E-02  1.676E-02  1.579E-02  1.484E-02  1.391E-02  1.300E-02  1.212E-02  1.126E-02  1.043E-02  9.634E-03  8.868E-03  8.138E-03  7.447E-03  6.669E-03  5.939E-03  5.319E-03  4.794E-03  4.348E-03  3.750E-03  3.355E-03  2.880E-03  2.516E-03  2.181E-03  1.849E-03  1.562E-03  1.314E-03  1.100E-03  9.179E-04  7.528E-04  6.102E-04  5.013E-04  4.002E-04  3.257E-04  2.569E-04  2.030E-04  1.599E-04  1.253E-04  9.690E-05  7.384E-05  5.571E-05  4.164E-05  3.080E-05
  343.5000  4.080E-02  3.948E-02  3.818E-02  3.688E-02  3.560E-02  3.434E-02  3.309E-02  3.185E-02  3.062E-02  2.941E-02  2.821E-02  2.703E-02  2.586E-02  2.471E-02  2.357E-02  2.245E-02  2.135E-02  2.027E-02  1.921E-02  1.816E-02  1.713E-02  1.613E-02  1.515E-02  1.420E-02  1.326E-02  1.236E-02  1.148E-02  1.063E-02  9.806E-03  9.021E-03  8.274E-03  7.565E-03  6.771E-03  6.027E-03  5.394E-03  4.858E-03  4.403E-03  3.796E-03  3.393E-03  2.912E-03  2.543E-03  2.203E-03  1.867E-03  1.577E-03  1.326E-03  1.110E-03  9.261E-04  7.595E-04  6.158E-04  5.059E-04  4.039E-04  3.287E-04  2.594E-04  2.049E-04  1.614E-04  1.265E-04  9.782E-05  7.454E-05  5.622E-05  4.202E-05  3.107E-05
  344.5000  2.829E-02  2.737E-02  2.646E-02  2.556E-02  2.467E-02  2.378E-02  2.291E-02  2.204E-02  2.119E-02  2.034E-02  1.951E-02  1.868E-02  1.787E-02  1.707E-02  1.628E-02  1.550E-02  1.473E-02  1.398E-02  1.324E-02  1.251E-02  1.180E-02  1.110E-02  1.042E-02  9.759E-03  9.113E-03  8.485E-03  7.874E-03  7.287E-03  6.721E-03  6.178E-03  5.662E-03  5.174E-03  4.628E-03  4.117E-03  3.682E-03  3.314E-03  3.001E-03  2.586E-03  2.310E-03  1.982E-03  1.730E-03  1.498E-03  1.269E-03  1.071E-03  9.010E-04  7.542E-04  6.291E-04  5.159E-04  4.184E-04  3.437E-04  2.745E-04  2.234E-04  1.763E-04  1.393E-04  1.098E-04  8.605E-05  6.652E-05  5.068E-05  3.822E-05  2.855E-05  2.110E-05
  345.5000  3.993E-02  3.865E-02  3.739E-02  3.614E-02  3.490E-02  3.368E-02  3.246E-02  3.126E-02  3.008E-02  2.890E-02  2.773E-02  2.659E-02  2.545E-02  2.434E-02  2.323E-02  2.214E-02  2.107E-02  2.001E-02  1.898E-02  1.796E-02  1.696E-02  1.598E-02  1.502E-02  1.408E-02  1.317E-02  1.228E-02  1.141E-02  1.057E-02  9.773E-03  8.999E-03  8.261E-03  7.561E-03  6.773E-03  6.032E-03  5.404E-03  4.871E-03  4.418E-03  3.811E-03  3.410E-03  2.928E-03  2.558E-03  2.217E-03  1.879E-03  1.587E-03  1.334E-03  1.117E-03  9.311E-04  7.631E-04  6.181E-04  5.074E-04  4.047E-04  3.291E-04  2.594E-04  2.048E-04  1.612E-04  1.264E-04  9.769E-05  7.446E-05  5.620E-05  4.204E-05  3.112E-05
  346.5000  3.672E-02  3.554E-02  3.437E-02  3.320E-02  3.205E-02  3.091E-02  2.979E-02  2.867E-02  2.757E-02  2.647E-02  2.539E-02  2.433E-02  2.328E-02  2.224E-02  2.122E-02  2.021E-02  1.922E-02  1.825E-02  1.729E-02  1.635E-02  1.542E-02  1.452E-02  1.364E-02  1.278E-02  1.194E-02  1.112E-02  1.033E-02  9.561E-03  8.822E-03  8.115E-03  7.441E-03  6.803E-03  6.088E-03  5.417E-03  4.847E-03  4.364E-03  3.954E-03  3.408E-03  3.046E-03  2.613E-03  2.281E-03  1.975E-03  1.673E-03  1.413E-03  1.188E-03  9.939E-04  8.286E-04  6.792E-04  5.503E-04  4.519E-04  3.606E-04  2.933E-04  2.313E-04  1.827E-04  1.439E-04  1.128E-04  8.717E-05  6.643E-05  5.012E-05  3.747E-05  2.772E-05
  347.5000  3.598E-02  3.482E-02  3.367E-02  3.253E-02  3.141E-02  3.029E-02  2.919E-02  2.810E-02  2.702E-02  2.595E-02  2.489E-02  2.385E-02  2.282E-02  2.181E-02  2.081E-02  1.982E-02  1.885E-02  1.789E-02  1.696E-02  1.604E-02  1.513E-02  1.425E-02  1.338E-02  1.254E-02  1.171E-02  1.091E-02  1.013E-02  9.381E-03  8.660E-03  7.966E-03  7.305E-03  6.679E-03  5.977E-03  5.319E-03  4.760E-03  4.285E-03  3.883E-03  3.346E-03  2.991E-03  2.565E-03  2.239E-03  1.939E-03  1.642E-03  1.386E-03  1.166E-03  9.751E-04  8.128E-04  6.661E-04  5.395E-04  4.429E-04  3.533E-04  2.873E-04  2.265E-04  1.789E-04  1.408E-04  1.104E-04  8.532E-05  6.502E-05  4.906E-05  3.669E-05  2.715E-05
  348.5000  3.982E-02  3.854E-02  3.728E-02  3.602E-02  3.478E-02  3.355E-02  3.233E-02  3.113E-02  2.994E-02  2.876E-02  2.760E-02  2.645E-02  2.531E-02  2.419E-02  2.309E-02  2.199E-02  2.092E-02  1.987E-02  1.883E-02  1.781E-02  1.681E-02  1.583E-02  1.488E-02  1.394E-02  1.303E-02  1.215E-02  1.128E-02  1.045E-02  9.646E-03  8.876E-03  8.143E-03  7.447E-03  6.666E-03  5.933E-03  5.311E-03  4.783E-03  4.335E-03  3.737E-03  3.340E-03  2.866E-03  2.502E-03  2.167E-03  1.835E-03  1.549E-03  1.302E-03  1.089E-03  9.076E-04  7.435E-04  6.020E-04  4.940E-04  3.939E-04  3.202E-04  2.524E-04  1.992E-04  1.568E-04  1.229E-04  9.498E-05  7.239E-05  5.463E-05  4.087E-05  3.026E-05
  349.5000  3.336E-02  3.229E-02  3.123E-02  3.018E-02  2.914E-02  2.811E-02  2.709E-02  2.608E-02  2.508E-02  2.409E-02  2.312E-02  2.215E-02  2.120E-02  2.026E-02  1.934E-02  1.842E-02  1.752E-02  1.664E-02  1.577E-02  1.492E-02  1.408E-02  1.326E-02  1.246E-02  1.167E-02  1.091E-02  1.017E-02  9.443E-03  8.746E-03  8.073E-03  7.428E-03  6.813E-03  6.230E-03  5.577E-03  4.963E-03  4.441E-03  4.000E-03  3.624E-03  3.123E-03  2.792E-03  2.395E-03  2.090E-03  1.810E-03  1.533E-03  1.293E-03  1.087E-03  9.091E-04  7.575E-04  6.204E-04  5.022E-04  4.120E-04  3.285E-04  2.670E-04  2.104E-04  1.660E-04  1.307E-04  1.024E-04  7.915E-05  6.032E-05  4.553E-05  3.406E-05  2.522E-05
  350.5000  4.681E-02  4.531E-02  4.382E-02  4.234E-02  4.089E-02  3.944E-02  3.801E-02  3.660E-02  3.520E-02  3.381E-02  3.245E-02  3.109E-02  2.976E-02  2.845E-02  2.715E-02  2.586E-02  2.460E-02  2.336E-02  2.215E-02  2.095E-02  1.977E-02  1.862E-02  1.749E-02  1.640E-02  1.532E-02  1.428E-02  1.327E-02  1.229E-02  1.134E-02  1.044E-02  9.573E-03  8.754E-03  7.836E-03  6.973E-03  6.241E-03  5.620E-03  5.093E-03  4.388E-03  3.922E-03  3.364E-03  2.936E-03  2.542E-03  2.153E-03  1.816E-03  1.526E-03  1.276E-03  1.063E-03  8.705E-04  7.044E-04  5.778E-04  4.605E-04  3.742E-04  2.948E-04  2.326E-04  1.830E-04  1.434E-04  1.109E-04  8.449E-05  6.378E-05  4.772E-05  3.534E-05
  351.5000  4.027E-02  3.898E-02  3.770E-02  3.642E-02  3.517E-02  3.392E-02  3.269E-02  3.148E-02  3.027E-02  2.907E-02  2.790E-02  2.673E-02  2.559E-02  2.445E-02  2.333E-02  2.223E-02  2.114E-02  2.008E-02  1.903E-02  1.800E-02  1.698E-02  1.599E-02  1.502E-02  1.408E-02  1.316E-02  1.226E-02  1.139E-02  1.054E-02  9.731E-03  8.952E-03  8.210E-03  7.506E-03  6.717E-03  5.977E-03  5.347E-03  4.814E-03  4.361E-03  3.757E-03  3.357E-03  2.879E-03  2.512E-03  2.175E-03  1.841E-03  1.553E-03  1.305E-03  1.091E-03  9.085E-04  7.438E-04  6.018E-04  4.936E-04  3.933E-04  3.196E-04  2.517E-04  1.986E-04  1.563E-04  1.224E-04  9.462E-05  7.212E-05  5.444E-05  4.073E-05  3.017E-05
  352.5000  3.641E-02  3.525E-02  3.409E-02  3.294E-02  3.181E-02  3.068E-02  2.957E-02  2.847E-02  2.739E-02  2.630E-02  2.524E-02  2.419E-02  2.315E-02  2.213E-02  2.112E-02  2.012E-02  1.914E-02  1.817E-02  1.723E-02  1.629E-02  1.538E-02  1.448E-02  1.361E-02  1.275E-02  1.192E-02  1.111E-02  1.031E-02  9.552E-03  8.817E-03  8.112E-03  7.440E-03  6.803E-03  6.088E-03  5.417E-03  4.847E-03  4.364E-03  3.954E-03  3.406E-03  3.043E-03  2.609E-03  2.277E-03  1.971E-03  1.668E-03  1.407E-03  1.182E-03  9.880E-04  8.227E-04  6.734E-04  5.447E-04  4.466E-04  3.558E-04  2.890E-04  2.276E-04  1.795E-04  1.412E-04  1.106E-04  8.550E-05  6.517E-05  4.920E-05  3.682E-05  2.728E-05
  353.5000  4.400E-02  4.259E-02  4.120E-02  3.981E-02  3.845E-02  3.709E-02  3.575E-02  3.443E-02  3.311E-02  3.181E-02  3.053E-02  2.926E-02  2.801E-02  2.677E-02  2.555E-02  2.435E-02  2.316E-02  2.200E-02  2.085E-02  1.973E-02  1.862E-02  1.754E-02  1.648E-02  1.545E-02  1.444E-02  1.346E-02  1.250E-02  1.158E-02  1.069E-02  9.836E-03  9.023E-03  8.251E-03  7.386E-03  6.572E-03  5.881E-03  5.295E-03  4.798E-03  4.133E-03  3.693E-03  3.167E-03  2.764E-03  2.392E-03  2.025E-03  1.708E-03  1.434E-03  1.199E-03  9.979E-04  8.166E-04  6.603E-04  5.412E-04  4.310E-04  3.500E-04  2.755E-04  2.172E-04  1.709E-04  1.339E-04  1.035E-04  7.885E-05  5.953E-05  4.457E-05  3.303E-05
  354.5000  4.777E-02  4.625E-02  4.474E-02  4.324E-02  4.176E-02  4.029E-02  3.884E-02  3.740E-02  3.597E-02  3.456E-02  3.317E-02  3.179E-02  3.044E-02  2.910E-02  2.778E-02  2.647E-02  2.518E-02  2.392E-02  2.268E-02  2.146E-02  2.025E-02  1.908E-02  1.793E-02  1.681E-02  1.571E-02  1.465E-02  1.361E-02  1.261E-02  1.164E-02  1.071E-02  9.826E-03  8.987E-03  8.045E-03  7.159E-03  6.407E-03  5.769E-03  5.228E-03  4.503E-03  4.025E-03  3.451E-03  3.011E-03  2.606E-03  2.206E-03  1.860E-03  1.562E-03  1.305E-03  1.087E-03  8.890E-04  7.185E-04  5.888E-04  4.687E-04  3.805E-04  2.995E-04  2.361E-04  1.857E-04  1.454E-04  1.124E-04  8.565E-05  6.468E-05  4.843E-05  3.590E-05
  355.5000  4.468E-02  4.326E-02  4.185E-02  4.044E-02  3.906E-02  3.768E-02  3.632E-02  3.498E-02  3.365E-02  3.233E-02  3.103E-02  2.974E-02  2.847E-02  2.722E-02  2.598E-02  2.476E-02  2.356E-02  2.238E-02  2.121E-02  2.007E-02  1.895E-02  1.785E-02  1.677E-02  1.572E-02  1.470E-02  1.370E-02  1.273E-02  1.180E-02  1.089E-02  1.002E-02  9.191E-03  8.406E-03  7.524E-03  6.695E-03  5.991E-03  5.394E-03  4.888E-03  4.210E-03  3.762E-03  3.225E-03  2.814E-03  2.436E-03  2.061E-03  1.738E-03  1.459E-03  1.219E-03  1.014E-03  8.298E-04  6.705E-04  5.494E-04  4.372E-04  3.549E-04  2.792E-04  2.201E-04  1.730E-04  1.355E-04  1.047E-04  7.982E-05  6.028E-05  4.514E-05  3.347E-05
  356.5000  4.148E-02  4.016E-02  3.885E-02  3.754E-02  3.626E-02  3.498E-02  3.372E-02  3.247E-02  3.124E-02  3.001E-02  2.880E-02  2.761E-02  2.643E-02  2.527E-02  2.412E-02  2.298E-02  2.187E-02  2.077E-02  1.969E-02  1.863E-02  1.759E-02  1.657E-02  1.557E-02  1.459E-02  1.364E-02  1.272E-02  1.181E-02  1.095E-02  1.010E-02  9.298E-03  8.529E-03  7.799E-03  6.981E-03  6.211E-03  5.557E-03  5.003E-03  4.533E-03  3.904E-03  3.488E-03  2.990E-03  2.609E-03  2.257E-03  1.910E-03  1.610E-03  1.352E-03  1.129E-03  9.393E-04  7.682E-04  6.206E-04  5.083E-04  4.044E-04  3.282E-04  2.582E-04  2.035E-04  1.600E-04  1.253E-04  9.681E-05  7.378E-05  5.572E-05  4.173E-05  3.094E-05
  357.5000  3.527E-02  3.415E-02  3.303E-02  3.192E-02  3.083E-02  2.975E-02  2.867E-02  2.761E-02  2.656E-02  2.552E-02  2.449E-02  2.347E-02  2.247E-02  2.148E-02  2.051E-02  1.954E-02  1.859E-02  1.766E-02  1.674E-02  1.584E-02  1.495E-02  1.408E-02  1.323E-02  1.240E-02  1.160E-02  1.081E-02  1.004E-02  9.299E-03  8.585E-03  7.899E-03  7.245E-03  6.625E-03  5.929E-03  5.275E-03  4.719E-03  4.248E-03  3.848E-03  3.314E-03  2.960E-03  2.537E-03  2.213E-03  1.915E-03  1.620E-03  1.365E-03  1.146E-03  9.569E-04  7.961E-04  6.509E-04  5.257E-04  4.306E-04  3.425E-04  2.779E-04  2.186E-04  1.722E-04  1.354E-04  1.060E-04  8.191E-05  6.243E-05  4.715E-05  3.531E-05  2.619E-05
  358.5000  2.727E-02  2.640E-02  2.554E-02  2.468E-02  2.384E-02  2.300E-02  2.217E-02  2.135E-02  2.054E-02  1.973E-02  1.894E-02  1.816E-02  1.738E-02  1.662E-02  1.586E-02  1.512E-02  1.438E-02  1.366E-02  1.295E-02  1.226E-02  1.157E-02  1.090E-02  1.024E-02  9.601E-03  8.976E-03  8.366E-03  7.772E-03  7.198E-03  6.647E-03  6.116E-03  5.610E-03  5.130E-03  4.591E-03  4.085E-03  3.654E-03  3.289E-03  2.980E-03  2.565E-03  2.292E-03  1.964E-03  1.713E-03  1.482E-03  1.254E-03  1.056E-03  8.867E-04  7.403E-04  6.157E-04  5.033E-04  4.064E-04  3.328E-04  2.646E-04  2.147E-04  1.688E-04  1.329E-04  1.045E-04  8.182E-05  6.322E-05  4.818E-05  3.639E-05  2.726E-05  2.022E-05
  359.5000  4.592E-02  4.446E-02  4.301E-02  4.156E-02  4.014E-02  3.873E-02  3.734E-02  3.596E-02  3.459E-02  3.323E-02  3.190E-02  3.058E-02  2.927E-02  2.798E-02  2.671E-02  2.545E-02  2.422E-02  2.301E-02  2.181E-02  2.064E-02  1.948E-02  1.835E-02  1.725E-02  1.617E-02  1.511E-02  1.409E-02  1.309E-02  1.212E-02  1.119E-02  1.030E-02  9.444E-03  8.635E-03  7.728E-03  6.875E-03  6.150E-03  5.535E-03  5.014E-03  4.316E-03  3.855E-03  3.303E-03  2.881E-03  2.492E-03  2.108E-03  1.776E-03  1.490E-03  1.244E-03  1.034E-03  8.455E-04  6.825E-04  5.587E-04  4.442E-04  3.603E-04  2.832E-04  2.230E-04  1.753E-04  1.372E-04  1.060E-04  8.080E-05  6.103E-05  4.572E-05  3.392E-05
  360.5000  4.259E-02  4.124E-02  3.989E-02  3.855E-02  3.723E-02  3.593E-02  3.463E-02  3.335E-02  3.209E-02  3.083E-02  2.959E-02  2.836E-02  2.715E-02  2.596E-02  2.478E-02  2.361E-02  2.247E-02  2.134E-02  2.023E-02  1.915E-02  1.807E-02  1.702E-02  1.600E-02  1.500E-02  1.402E-02  1.307E-02  1.214E-02  1.124E-02  1.038E-02  9.551E-03  8.760E-03  8.009E-03  7.167E-03  6.376E-03  5.703E-03  5.132E-03  4.649E-03  4.001E-03  3.574E-03  3.062E-03  2.670E-03  2.309E-03  1.953E-03  1.645E-03  1.380E-03  1.152E-03  9.576E-04  7.825E-04  6.315E-04  5.169E-04  4.108E-04  3.331E-04  2.618E-04  2.062E-04  1.620E-04  1.268E-04  9.797E-05  7.467E-05  5.640E-05  4.226E-05  3.136E-05
  361.5000  3.845E-02  3.723E-02  3.602E-02  3.481E-02  3.362E-02  3.244E-02  3.127E-02  3.012E-02  2.897E-02  2.784E-02  2.672E-02  2.561E-02  2.452E-02  2.345E-02  2.238E-02  2.133E-02  2.030E-02  1.928E-02  1.828E-02  1.730E-02  1.633E-02  1.538E-02  1.446E-02  1.355E-02  1.267E-02  1.181E-02  1.097E-02  1.016E-02  9.381E-03  8.631E-03  7.916E-03  7.238E-03  6.477E-03  5.761E-03  5.153E-03  4.638E-03  4.200E-03  3.615E-03  3.229E-03  2.766E-03  2.412E-03  2.086E-03  1.763E-03  1.486E-03  1.246E-03  1.040E-03  8.642E-04  7.061E-04  5.697E-04  4.661E-04  3.704E-04  3.003E-04  2.359E-04  1.857E-04  1.459E-04  1.142E-04  8.824E-05  6.725E-05  5.080E-05  3.807E-05  2.825E-05
  362.5000  4.520E-02  4.376E-02  4.234E-02  4.092E-02  3.952E-02  3.814E-02  3.677E-02  3.541E-02  3.406E-02  3.273E-02  3.141E-02  3.012E-02  2.883E-02  2.757E-02  2.632E-02  2.508E-02  2.387E-02  2.267E-02  2.149E-02  2.034E-02  1.920E-02  1.809E-02  1.700E-02  1.594E-02  1.490E-02  1.389E-02  1.290E-02  1.195E-02  1.103E-02  1.015E-02  9.310E-03  8.512E-03  7.617E-03  6.776E-03  6.060E-03  5.453E-03  4.938E-03  4.250E-03  3.795E-03  3.251E-03  2.835E-03  2.451E-03  2.072E-03  1.745E-03  1.464E-03  1.221E-03  1.015E-03  8.289E-04  6.686E-04  5.469E-04  4.345E-04  3.522E-04  2.766E-04  2.177E-04  1.711E-04  1.339E-04  1.034E-04  7.881E-05  5.954E-05  4.462E-05  3.312E-05
  363.5000  4.024E-02  3.896E-02  3.769E-02  3.643E-02  3.518E-02  3.395E-02  3.273E-02  3.152E-02  3.033E-02  2.914E-02  2.797E-02  2.681E-02  2.567E-02  2.454E-02  2.343E-02  2.233E-02  2.125E-02  2.018E-02  1.914E-02  1.811E-02  1.709E-02  1.610E-02  1.514E-02  1.419E-02  1.326E-02  1.236E-02  1.149E-02  1.064E-02  9.821E-03  9.036E-03  8.288E-03  7.577E-03  6.780E-03  6.031E-03  5.393E-03  4.853E-03  4.394E-03  3.782E-03  3.377E-03  2.892E-03  2.521E-03  2.180E-03  1.842E-03  1.552E-03  1.301E-03  1.085E-03  9.017E-04  7.364E-04  5.938E-04  4.857E-04  3.857E-04  3.126E-04  2.455E-04  1.932E-04  1.517E-04  1.187E-04  9.171E-05  6.989E-05  5.280E-05  3.958E-05  2.938E-05
  364.5000  4.391E-02  4.251E-02  4.113E-02  3.975E-02  3.839E-02  3.704E-02  3.571E-02  3.439E-02  3.309E-02  3.179E-02  3.052E-02  2.925E-02  2.801E-02  2.678E-02  2.556E-02  2.436E-02  2.318E-02  2.202E-02  2.088E-02  1.976E-02  1.865E-02  1.757E-02  1.651E-02  1.548E-02  1.447E-02  1.349E-02  1.253E-02  1.161E-02  1.071E-02  9.856E-03  9.039E-03  8.263E-03  7.394E-03  6.576E-03  5.880E-03  5.290E-03  4.790E-03  4.121E-03  3.680E-03  3.151E-03  2.747E-03  2.374E-03  2.006E-03  1.689E-03  1.416E-03  1.181E-03  9.813E-04  8.012E-04  6.459E-04  5.282E-04  4.194E-04  3.398E-04  2.668E-04  2.099E-04  1.649E-04  1.290E-04  9.963E-05  7.592E-05  5.736E-05  4.299E-05  3.192E-05
  365.5000  5.350E-02  5.180E-02  5.011E-02  4.843E-02  4.678E-02  4.514E-02  4.352E-02  4.191E-02  4.032E-02  3.874E-02  3.718E-02  3.565E-02  3.413E-02  3.263E-02  3.115E-02  2.968E-02  2.825E-02  2.683E-02  2.544E-02  2.407E-02  2.272E-02  2.141E-02  2.012E-02  1.886E-02  1.763E-02  1.643E-02  1.526E-02  1.413E-02  1.305E-02  1.200E-02  1.101E-02  1.006E-02  9.002E-03  8.005E-03  7.157E-03  6.438E-03  5.828E-03  5.014E-03  4.476E-03  3.832E-03  3.340E-03  2.887E-03  2.439E-03  2.053E-03  1.721E-03  1.435E-03  1.192E-03  9.731E-04  7.844E-04  6.412E-04  5.091E-04  4.124E-04  3.237E-04  2.546E-04  2.000E-04  1.564E-04  1.208E-04  9.207E-05  6.956E-05  5.214E-05  3.872E-05
  366.5000  5.668E-02  5.487E-02  5.309E-02  5.131E-02  4.956E-02  4.782E-02  4.610E-02  4.440E-02  4.272E-02  4.104E-02  3.940E-02  3.777E-02  3.616E-02  3.457E-02  3.300E-02  3.145E-02  2.993E-02  2.843E-02  2.696E-02  2.551E-02  2.408E-02  2.268E-02  2.132E-02  1.998E-02  1.868E-02  1.741E-02  1.617E-02  1.499E-02  1.383E-02  1.272E-02  1.166E-02  1.066E-02  9.540E-03  8.484E-03  7.584E-03  6.822E-03  6.175E-03  5.312E-03  4.741E-03  4.059E-03  3.537E-03  3.057E-03  2.582E-03  2.174E-03  1.822E-03  1.519E-03  1.261E-03  1.029E-03  8.294E-04  6.779E-04  5.381E-04  4.357E-04  3.420E-04  2.690E-04  2.112E-04  1.652E-04  1.276E-04  9.721E-05  7.345E-05  5.507E-05  4.090E-05
  367.5000  5.386E-02  5.215E-02  5.046E-02  4.877E-02  4.710E-02  4.545E-02  4.382E-02  4.220E-02  4.060E-02  3.901E-02  3.745E-02  3.590E-02  3.437E-02  3.286E-02  3.138E-02  2.990E-02  2.845E-02  2.703E-02  2.563E-02  2.425E-02  2.289E-02  2.157E-02  2.027E-02  1.900E-02  1.776E-02  1.656E-02  1.538E-02  1.425E-02  1.315E-02  1.209E-02  1.109E-02  1.014E-02  9.070E-03  8.066E-03  7.210E-03  6.485E-03  5.870E-03  5.049E-03  4.506E-03  3.857E-03  3.361E-03  2.904E-03  2.453E-03  2.064E-03  1.731E-03  1.442E-03  1.197E-03  9.769E-04  7.870E-04  6.431E-04  5.103E-04  4.132E-04  3.242E-04  2.549E-04  2.001E-04  1.565E-04  1.209E-04  9.210E-05  6.959E-05  5.218E-05  3.876E-05
  368.5000  4.734E-02  4.584E-02  4.434E-02  4.286E-02  4.140E-02  3.995E-02  3.851E-02  3.709E-02  3.569E-02  3.429E-02  3.291E-02  3.155E-02  3.021E-02  2.888E-02  2.758E-02  2.628E-02  2.501E-02  2.376E-02  2.253E-02  2.131E-02  2.012E-02  1.896E-02  1.781E-02  1.670E-02  1.561E-02  1.455E-02  1.352E-02  1.252E-02  1.155E-02  1.063E-02  9.745E-03  8.908E-03  7.969E-03  7.086E-03  6.334E-03  5.696E-03  5.155E-03  4.434E-03  3.957E-03  3.386E-03  2.950E-03  2.549E-03  2.153E-03  1.811E-03  1.518E-03  1.265E-03  1.050E-03  8.565E-04  6.898E-04  5.636E-04  4.471E-04  3.619E-04  2.839E-04  2.232E-04  1.752E-04  1.370E-04  1.058E-04  8.061E-05  6.091E-05  4.567E-05  3.393E-05
  369.5000  5.681E-02  5.501E-02  5.322E-02  5.144E-02  4.968E-02  4.794E-02  4.622E-02  4.451E-02  4.283E-02  4.115E-02  3.950E-02  3.787E-02  3.626E-02  3.467E-02  3.310E-02  3.154E-02  3.002E-02  2.851E-02  2.704E-02  2.558E-02  2.415E-02  2.275E-02  2.138E-02  2.004E-02  1.874E-02  1.746E-02  1.622E-02  1.503E-02  1.387E-02  1.275E-02  1.169E-02  1.069E-02  9.562E-03  8.502E-03  7.599E-03  6.833E-03  6.183E-03  5.317E-03  4.745E-03  4.060E-03  3.537E-03  3.055E-03  2.580E-03  2.170E-03  1.819E-03  1.515E-03  1.257E-03  1.026E-03  8.258E-04  6.745E-04  5.349E-04  4.329E-04  3.396E-04  2.669E-04  2.094E-04  1.638E-04  1.265E-04  9.635E-05  7.281E-05  5.460E-05  4.057E-05
  370.5000  5.157E-02  4.993E-02  4.831E-02  4.669E-02  4.509E-02  4.352E-02  4.195E-02  4.041E-02  3.887E-02  3.735E-02  3.586E-02  3.437E-02  3.291E-02  3.147E-02  3.004E-02  2.863E-02  2.725E-02  2.588E-02  2.454E-02  2.322E-02  2.192E-02  2.065E-02  1.941E-02  1.819E-02  1.701E-02  1.585E-02  1.472E-02  1.364E-02  1.258E-02  1.158E-02  1.061E-02  9.699E-03  8.677E-03  7.714E-03  6.894E-03  6.199E-03  5.609E-03  4.823E-03  4.303E-03  3.681E-03  3.207E-03  2.769E-03  2.338E-03  1.967E-03  1.648E-03  1.372E-03  1.139E-03  9.286E-04  7.475E-04  6.104E-04  4.840E-04  3.916E-04  3.071E-04  2.414E-04  1.894E-04  1.481E-04  1.143E-04  8.709E-05  6.581E-05  4.936E-05  3.668E-05
  371.5000  5.904E-02  5.716E-02  5.530E-02  5.345E-02  5.163E-02  4.982E-02  4.803E-02  4.626E-02  4.451E-02  4.277E-02  4.105E-02  3.936E-02  3.768E-02  3.603E-02  3.440E-02  3.278E-02  3.120E-02  2.963E-02  2.810E-02  2.659E-02  2.510E-02  2.365E-02  2.222E-02  2.083E-02  1.947E-02  1.815E-02  1.686E-02  1.561E-02  1.441E-02  1.325E-02  1.215E-02  1.110E-02  9.932E-03  8.830E-03  7.891E-03  7.094E-03  6.418E-03  5.518E-03  4.922E-03  4.211E-03  3.668E-03  3.167E-03  2.673E-03  2.248E-03  1.883E-03  1.568E-03  1.301E-03  1.061E-03  8.537E-04  6.970E-04  5.525E-04  4.470E-04  3.504E-04  2.753E-04  2.160E-04  1.689E-04  1.304E-04  9.932E-05  7.505E-05  5.629E-05  4.184E-05
  372.5000  4.363E-02  4.225E-02  4.087E-02  3.951E-02  3.816E-02  3.682E-02  3.550E-02  3.419E-02  3.290E-02  3.161E-02  3.034E-02  2.909E-02  2.785E-02  2.663E-02  2.543E-02  2.423E-02  2.306E-02  2.191E-02  2.077E-02  1.965E-02  1.855E-02  1.748E-02  1.643E-02  1.540E-02  1.439E-02  1.341E-02  1.246E-02  1.154E-02  1.065E-02  9.795E-03  8.980E-03  8.206E-03  7.340E-03  6.526E-03  5.831E-03  5.242E-03  4.742E-03  4.076E-03  3.636E-03  3.110E-03  2.708E-03  2.338E-03  1.974E-03  1.660E-03  1.389E-03  1.157E-03  9.597E-04  7.823E-04  6.294E-04  5.138E-04  4.072E-04  3.293E-04  2.581E-04  2.028E-04  1.591E-04  1.243E-04  9.598E-05  7.312E-05  5.526E-05  4.145E-05  3.081E-05
  373.5000  3.945E-02  3.820E-02  3.696E-02  3.572E-02  3.450E-02  3.329E-02  3.210E-02  3.091E-02  2.974E-02  2.858E-02  2.743E-02  2.630E-02  2.518E-02  2.408E-02  2.299E-02  2.191E-02  2.085E-02  1.981E-02  1.878E-02  1.777E-02  1.677E-02  1.580E-02  1.485E-02  1.392E-02  1.301E-02  1.213E-02  1.126E-02  1.044E-02  9.627E-03  8.854E-03  8.117E-03  7.417E-03  6.634E-03  5.897E-03  5.269E-03  4.736E-03  4.284E-03  3.682E-03  3.284E-03  2.808E-03  2.445E-03  2.111E-03  1.781E-03  1.498E-03  1.254E-03  1.044E-03  8.657E-04  7.055E-04  5.675E-04  4.631E-04  3.669E-04  2.967E-04  2.325E-04  1.826E-04  1.432E-04  1.120E-04  8.641E-05  6.582E-05  4.974E-05  3.731E-05  2.774E-05
  374.5000  4.331E-02  4.194E-02  4.057E-02  3.922E-02  3.788E-02  3.655E-02  3.524E-02  3.394E-02  3.266E-02  3.138E-02  3.012E-02  2.888E-02  2.765E-02  2.644E-02  2.524E-02  2.405E-02  2.289E-02  2.175E-02  2.062E-02  1.951E-02  1.842E-02  1.735E-02  1.631E-02  1.528E-02  1.429E-02  1.331E-02  1.237E-02  1.145E-02  1.057E-02  9.719E-03  8.910E-03  8.141E-03  7.281E-03  6.472E-03  5.782E-03  5.197E-03  4.700E-03  4.039E-03  3.602E-03  3.080E-03  2.681E-03  2.314E-03  1.953E-03  1.641E-03  1.374E-03  1.144E-03  9.482E-04  7.726E-04  6.213E-04  5.069E-04  4.016E-04  3.246E-04  2.544E-04  1.997E-04  1.566E-04  1.224E-04  9.447E-05  7.196E-05  5.438E-05  4.080E-05  3.033E-05
  375.5000  4.890E-02  4.735E-02  4.581E-02  4.427E-02  4.276E-02  4.127E-02  3.979E-02  3.832E-02  3.687E-02  3.543E-02  3.401E-02  3.260E-02  3.122E-02  2.985E-02  2.850E-02  2.716E-02  2.585E-02  2.455E-02  2.328E-02  2.203E-02  2.080E-02  1.959E-02  1.841E-02  1.726E-02  1.613E-02  1.503E-02  1.396E-02  1.293E-02  1.193E-02  1.097E-02  1.006E-02  9.191E-03  8.220E-03  7.306E-03  6.526E-03  5.865E-03  5.304E-03  4.558E-03  4.064E-03  3.474E-03  3.024E-03  2.610E-03  2.202E-03  1.851E-03  1.549E-03  1.289E-03  1.068E-03  8.703E-04  6.998E-04  5.708E-04  4.520E-04  3.654E-04  2.862E-04  2.247E-04  1.762E-04  1.377E-04  1.062E-04  8.092E-05  6.116E-05  4.588E-05  3.412E-05
  376.5000  4.886E-02  4.730E-02  4.577E-02  4.424E-02  4.273E-02  4.123E-02  3.975E-02  3.829E-02  3.684E-02  3.540E-02  3.398E-02  3.258E-02  3.119E-02  2.982E-02  2.848E-02  2.714E-02  2.583E-02  2.453E-02  2.326E-02  2.201E-02  2.078E-02  1.958E-02  1.840E-02  1.724E-02  1.612E-02  1.502E-02  1.395E-02  1.292E-02  1.192E-02  1.096E-02  1.005E-02  9.182E-03  8.212E-03  7.298E-03  6.519E-03  5.858E-03  5.297E-03  4.551E-03  4.057E-03  3.468E-03  3.019E-03  2.605E-03  2.197E-03  1.847E-03  1.544E-03  1.285E-03  1.065E-03  8.677E-04  6.974E-04  5.688E-04  4.503E-04  3.639E-04  2.850E-04  2.237E-04  1.754E-04  1.370E-04  1.057E-04  8.053E-05  6.086E-05  4.566E-05  3.396E-05
  377.5000  5.821E-02  5.636E-02  5.452E-02  5.270E-02  5.090E-02  4.912E-02  4.736E-02  4.562E-02  4.389E-02  4.217E-02  4.048E-02  3.881E-02  3.716E-02  3.554E-02  3.393E-02  3.233E-02  3.077E-02  2.923E-02  2.772E-02  2.623E-02  2.476E-02  2.332E-02  2.192E-02  2.055E-02  1.921E-02  1.790E-02  1.662E-02  1.539E-02  1.420E-02  1.306E-02  1.197E-02  1.094E-02  9.782E-03  8.693E-03  7.765E-03  6.976E-03  6.308E-03  5.419E-03  4.830E-03  4.129E-03  3.593E-03  3.100E-03  2.614E-03  2.197E-03  1.836E-03  1.528E-03  1.266E-03  1.031E-03  8.288E-04  6.757E-04  5.349E-04  4.322E-04  3.384E-04  2.655E-04  2.081E-04  1.626E-04  1.254E-04  9.555E-05  7.221E-05  5.418E-05  4.030E-05
  378.5000  6.347E-02  6.145E-02  5.945E-02  5.746E-02  5.550E-02  5.356E-02  5.164E-02  4.974E-02  4.786E-02  4.598E-02  4.414E-02  4.232E-02  4.052E-02  3.875E-02  3.699E-02  3.526E-02  3.355E-02  3.188E-02  3.022E-02  2.860E-02  2.700E-02  2.543E-02  2.390E-02  2.240E-02  2.094E-02  1.952E-02  1.813E-02  1.678E-02  1.549E-02  1.424E-02  1.305E-02  1.192E-02  1.066E-02  9.476E-03  8.463E-03  7.603E-03  6.873E-03  5.904E-03  5.262E-03  4.497E-03  3.913E-03  3.375E-03  2.846E-03  2.391E-03  1.999E-03  1.663E-03  1.378E-03  1.122E-03  9.013E-04  7.347E-04  5.814E-04  4.696E-04  3.676E-04  2.885E-04  2.260E-04  1.766E-04  1.362E-04  1.037E-04  7.841E-05  5.884E-05  4.377E-05
  379.5000  4.697E-02  4.548E-02  4.400E-02  4.253E-02  4.108E-02  3.964E-02  3.822E-02  3.681E-02  3.542E-02  3.403E-02  3.267E-02  3.132E-02  2.999E-02  2.868E-02  2.738E-02  2.610E-02  2.483E-02  2.359E-02  2.237E-02  2.117E-02  1.998E-02  1.882E-02  1.769E-02  1.658E-02  1.550E-02  1.444E-02  1.341E-02  1.243E-02  1.146E-02  1.054E-02  9.659E-03  8.823E-03  7.890E-03  7.011E-03  6.261E-03  5.624E-03  5.084E-03  4.366E-03  3.891E-03  3.325E-03  2.893E-03  2.495E-03  2.103E-03  1.767E-03  1.477E-03  1.228E-03  1.018E-03  8.282E-04  6.653E-04  5.422E-04  4.290E-04  3.464E-04  2.711E-04  2.127E-04  1.666E-04  1.302E-04  1.004E-04  7.646E-05  5.779E-05  4.337E-05  3.226E-05
  380.5000  5.652E-02  5.472E-02  5.294E-02  5.117E-02  4.943E-02  4.770E-02  4.599E-02  4.429E-02  4.262E-02  4.095E-02  3.931E-02  3.769E-02  3.609E-02  3.451E-02  3.295E-02  3.140E-02  2.988E-02  2.839E-02  2.692E-02  2.547E-02  2.405E-02  2.265E-02  2.129E-02  1.995E-02  1.865E-02  1.738E-02  1.614E-02  1.495E-02  1.379E-02  1.268E-02  1.162E-02  1.062E-02  9.492E-03  8.434E-03  7.531E-03  6.764E-03  6.114E-03  5.251E-03  4.678E-03  3.997E-03  3.477E-03  2.998E-03  2.527E-03  2.123E-03  1.774E-03  1.475E-03  1.222E-03  9.942E-04  7.984E-04  6.505E-04  5.146E-04  4.155E-04  3.251E-04  2.550E-04  1.997E-04  1.560E-04  1.203E-04  9.162E-05  6.924E-05  5.197E-05  3.866E-05
  381.5000  5.313E-02  5.144E-02  4.977E-02  4.811E-02  4.647E-02  4.484E-02  4.323E-02  4.164E-02  4.007E-02  3.850E-02  3.696E-02  3.544E-02  3.393E-02  3.244E-02  3.098E-02  2.952E-02  2.810E-02  2.669E-02  2.531E-02  2.395E-02  2.261E-02  2.130E-02  2.001E-02  1.876E-02  1.753E-02  1.634E-02  1.518E-02  1.406E-02  1.296E-02  1.192E-02  1.092E-02  9.978E-03  8.922E-03  7.927E-03  7.078E-03  6.357E-03  5.745E-03  4.933E-03  4.395E-03  3.754E-03  3.265E-03  2.815E-03  2.373E-03  1.993E-03  1.665E-03  1.384E-03  1.146E-03  9.325E-04  7.487E-04  6.099E-04  4.823E-04  3.893E-04  3.045E-04  2.388E-04  1.870E-04  1.461E-04  1.126E-04  8.578E-05  6.483E-05  4.866E-05  3.620E-05
  382.5000  3.542E-02  3.429E-02  3.318E-02  3.207E-02  3.098E-02  2.989E-02  2.882E-02  2.776E-02  2.671E-02  2.567E-02  2.464E-02  2.362E-02  2.262E-02  2.163E-02  2.065E-02  1.968E-02  1.873E-02  1.779E-02  1.687E-02  1.597E-02  1.507E-02  1.420E-02  1.334E-02  1.251E-02  1.169E-02  1.089E-02  1.012E-02  9.369E-03  8.642E-03  7.946E-03  7.282E-03  6.651E-03  5.947E-03  5.283E-03  4.717E-03  4.236E-03  3.828E-03  3.286E-03  2.927E-03  2.500E-03  2.174E-03  1.874E-03  1.580E-03  1.326E-03  1.108E-03  9.210E-04  7.624E-04  6.202E-04  4.978E-04  4.054E-04  3.205E-04  2.587E-04  2.023E-04  1.586E-04  1.242E-04  9.698E-05  7.479E-05  5.695E-05  4.304E-05  3.230E-05  2.404E-05
  383.5000  3.111E-02  3.013E-02  2.915E-02  2.817E-02  2.721E-02  2.626E-02  2.532E-02  2.439E-02  2.346E-02  2.255E-02  2.165E-02  2.075E-02  1.987E-02  1.900E-02  1.814E-02  1.729E-02  1.646E-02  1.563E-02  1.482E-02  1.403E-02  1.324E-02  1.247E-02  1.172E-02  1.099E-02  1.027E-02  9.570E-03  8.887E-03  8.232E-03  7.592E-03  6.980E-03  6.396E-03  5.842E-03  5.223E-03  4.640E-03  4.142E-03  3.719E-03  3.361E-03  2.885E-03  2.570E-03  2.194E-03  1.908E-03  1.645E-03  1.386E-03  1.163E-03  9.714E-04  8.074E-04  6.683E-04  5.435E-04  4.361E-04  3.551E-04  2.807E-04  2.265E-04  1.771E-04  1.388E-04  1.087E-04  8.485E-05  6.543E-05  4.981E-05  3.765E-05  2.826E-05  2.103E-05
  384.5000  4.671E-02  4.523E-02  4.376E-02  4.230E-02  4.085E-02  3.943E-02  3.801E-02  3.661E-02  3.523E-02  3.385E-02  3.250E-02  3.116E-02  2.984E-02  2.853E-02  2.724E-02  2.596E-02  2.471E-02  2.347E-02  2.226E-02  2.106E-02  1.988E-02  1.873E-02  1.760E-02  1.650E-02  1.542E-02  1.437E-02  1.334E-02  1.236E-02  1.140E-02  1.048E-02  9.602E-03  8.770E-03  7.841E-03  6.965E-03  6.217E-03  5.582E-03  5.043E-03  4.329E-03  3.855E-03  3.292E-03  2.862E-03  2.466E-03  2.077E-03  1.744E-03  1.456E-03  1.210E-03  1.001E-03  8.142E-04  6.531E-04  5.317E-04  4.202E-04  3.389E-04  2.649E-04  2.076E-04  1.626E-04  1.269E-04  9.783E-05  7.448E-05  5.629E-05  4.226E-05  3.145E-05
  385.5000  4.624E-02  4.477E-02  4.331E-02  4.186E-02  4.044E-02  3.902E-02  3.762E-02  3.624E-02  3.487E-02  3.351E-02  3.217E-02  3.084E-02  2.953E-02  2.824E-02  2.696E-02  2.570E-02  2.446E-02  2.323E-02  2.203E-02  2.085E-02  1.968E-02  1.854E-02  1.742E-02  1.633E-02  1.526E-02  1.422E-02  1.321E-02  1.223E-02  1.128E-02  1.037E-02  9.504E-03  8.680E-03  7.760E-03  6.893E-03  6.152E-03  5.523E-03  4.989E-03  4.282E-03  3.813E-03  3.255E-03  2.830E-03  2.438E-03  2.054E-03  1.723E-03  1.439E-03  1.195E-03  9.889E-04  8.040E-04  6.448E-04  5.248E-04  4.146E-04  3.344E-04  2.613E-04  2.048E-04  1.603E-04  1.251E-04  9.643E-05  7.342E-05  5.549E-05  4.165E-05  3.101E-05
  386.5000  4.715E-02  4.565E-02  4.417E-02  4.269E-02  4.124E-02  3.979E-02  3.837E-02  3.696E-02  3.556E-02  3.417E-02  3.280E-02  3.145E-02  3.012E-02  2.880E-02  2.750E-02  2.621E-02  2.494E-02  2.370E-02  2.247E-02  2.126E-02  2.007E-02  1.891E-02  1.777E-02  1.665E-02  1.557E-02  1.451E-02  1.347E-02  1.247E-02  1.151E-02  1.058E-02  9.691E-03  8.850E-03  7.912E-03  7.028E-03  6.272E-03  5.630E-03  5.085E-03  4.364E-03  3.885E-03  3.317E-03  2.883E-03  2.483E-03  2.091E-03  1.755E-03  1.464E-03  1.217E-03  1.006E-03  8.180E-04  6.559E-04  5.337E-04  4.215E-04  3.399E-04  2.656E-04  2.081E-04  1.628E-04  1.271E-04  9.794E-05  7.455E-05  5.635E-05  4.230E-05  3.149E-05
  387.5000  4.384E-02  4.244E-02  4.106E-02  3.969E-02  3.834E-02  3.700E-02  3.567E-02  3.436E-02  3.306E-02  3.177E-02  3.050E-02  2.924E-02  2.800E-02  2.678E-02  2.557E-02  2.437E-02  2.319E-02  2.203E-02  2.089E-02  1.977E-02  1.866E-02  1.758E-02  1.652E-02  1.549E-02  1.447E-02  1.349E-02  1.252E-02  1.160E-02  1.070E-02  9.834E-03  9.010E-03  8.227E-03  7.355E-03  6.533E-03  5.830E-03  5.233E-03  4.726E-03  4.055E-03  3.610E-03  3.081E-03  2.677E-03  2.306E-03  1.942E-03  1.629E-03  1.359E-03  1.129E-03  9.336E-04  7.587E-04  6.082E-04  4.948E-04  3.907E-04  3.150E-04  2.460E-04  1.927E-04  1.508E-04  1.177E-04  9.068E-05  6.902E-05  5.217E-05  3.917E-05  2.916E-05
  388.5000  4.395E-02  4.256E-02  4.117E-02  3.980E-02  3.844E-02  3.710E-02  3.577E-02  3.445E-02  3.315E-02  3.186E-02  3.058E-02  2.932E-02  2.808E-02  2.685E-02  2.564E-02  2.443E-02  2.325E-02  2.209E-02  2.095E-02  1.982E-02  1.871E-02  1.763E-02  1.657E-02  1.553E-02  1.451E-02  1.352E-02  1.256E-02  1.163E-02  1.073E-02  9.860E-03  9.033E-03  8.248E-03  7.374E-03  6.549E-03  5.844E-03  5.245E-03  4.736E-03  4.063E-03  3.617E-03  3.086E-03  2.681E-03  2.309E-03  1.944E-03  1.630E-03  1.361E-03  1.130E-03  9.341E-04  7.590E-04  6.083E-04  4.947E-04  3.906E-04  3.148E-04  2.458E-04  1.925E-04  1.506E-04  1.175E-04  9.055E-05  6.892E-05  5.209E-05  3.911E-05  2.912E-05
  389.5000  5.545E-02  5.369E-02  5.194E-02  5.021E-02  4.850E-02  4.680E-02  4.512E-02  4.346E-02  4.182E-02  4.019E-02  3.858E-02  3.699E-02  3.542E-02  3.387E-02  3.234E-02  3.083E-02  2.934E-02  2.787E-02  2.643E-02  2.501E-02  2.361E-02  2.224E-02  2.090E-02  1.959E-02  1.831E-02  1.706E-02  1.584E-02  1.467E-02  1.353E-02  1.244E-02  1.140E-02  1.040E-02  9.301E-03  8.261E-03  7.370E-03  6.614E-03  5.972E-03  5.123E-03  4.559E-03  3.890E-03  3.379E-03  2.910E-03  2.449E-03  2.054E-03  1.714E-03  1.423E-03  1.176E-03  9.553E-04  7.654E-04  6.224E-04  4.912E-04  3.958E-04  3.091E-04  2.420E-04  1.893E-04  1.476E-04  1.138E-04  8.658E-05  6.544E-05  4.913E-05  3.659E-05
  390.5000  5.449E-02  5.276E-02  5.104E-02  4.934E-02  4.765E-02  4.599E-02  4.434E-02  4.271E-02  4.110E-02  3.949E-02  3.791E-02  3.635E-02  3.481E-02  3.329E-02  3.178E-02  3.029E-02  2.883E-02  2.739E-02  2.597E-02  2.458E-02  2.320E-02  2.186E-02  2.054E-02  1.925E-02  1.800E-02  1.677E-02  1.557E-02  1.442E-02  1.330E-02  1.222E-02  1.120E-02  1.022E-02  9.139E-03  8.116E-03  7.241E-03  6.497E-03  5.866E-03  5.032E-03  4.477E-03  3.820E-03  3.318E-03  2.856E-03  2.404E-03  2.015E-03  1.681E-03  1.395E-03  1.153E-03  9.366E-04  7.502E-04  6.099E-04  4.813E-04  3.877E-04  3.026E-04  2.369E-04  1.853E-04  1.445E-04  1.113E-04  8.473E-05  6.403E-05  4.808E-05  3.581E-05
  391.5000  6.467E-02  6.262E-02  6.058E-02  5.856E-02  5.656E-02  5.459E-02  5.263E-02  5.069E-02  4.878E-02  4.687E-02  4.500E-02  4.315E-02  4.132E-02  3.951E-02  3.773E-02  3.596E-02  3.422E-02  3.251E-02  3.083E-02  2.918E-02  2.754E-02  2.595E-02  2.438E-02  2.286E-02  2.136E-02  1.990E-02  1.848E-02  1.711E-02  1.578E-02  1.451E-02  1.329E-02  1.213E-02  1.085E-02  9.632E-03  8.593E-03  7.709E-03  6.959E-03  5.969E-03  5.310E-03  4.530E-03  3.934E-03  3.386E-03  2.849E-03  2.388E-03  1.992E-03  1.653E-03  1.366E-03  1.109E-03  8.882E-04  7.219E-04  5.695E-04  4.587E-04  3.580E-04  2.802E-04  2.190E-04  1.708E-04  1.316E-04  1.001E-04  7.568E-05  5.683E-05  4.233E-05
  392.5000  4.852E-02  4.698E-02  4.545E-02  4.393E-02  4.243E-02  4.095E-02  3.948E-02  3.803E-02  3.659E-02  3.517E-02  3.376E-02  3.237E-02  3.100E-02  2.964E-02  2.831E-02  2.698E-02  2.568E-02  2.439E-02  2.313E-02  2.189E-02  2.066E-02  1.947E-02  1.830E-02  1.715E-02  1.603E-02  1.493E-02  1.387E-02  1.284E-02  1.184E-02  1.088E-02  9.971E-03  9.102E-03  8.136E-03  7.225E-03  6.445E-03  5.782E-03  5.219E-03  4.476E-03  3.981E-03  3.395E-03  2.948E-03  2.538E-03  2.135E-03  1.789E-03  1.492E-03  1.238E-03  1.023E-03  8.302E-04  6.647E-04  5.401E-04  4.260E-04  3.430E-04  2.676E-04  2.094E-04  1.637E-04  1.276E-04  9.832E-05  7.482E-05  5.654E-05  4.246E-05  3.163E-05
  393.5000  2.110E-02  2.043E-02  1.977E-02  1.911E-02  1.846E-02  1.781E-02  1.717E-02  1.654E-02  1.592E-02  1.530E-02  1.468E-02  1.408E-02  1.348E-02  1.289E-02  1.231E-02  1.173E-02  1.117E-02  1.061E-02  1.006E-02  9.521E-03  8.989E-03  8.468E-03  7.958E-03  7.459E-03  6.971E-03  6.496E-03  6.032E-03  5.585E-03  5.150E-03  4.734E-03  4.336E-03  3.959E-03  3.538E-03  3.142E-03  2.802E-03  2.514E-03  2.269E-03  1.945E-03  1.730E-03  1.476E-03  1.281E-03  1.102E-03  9.272E-04  7.769E-04  6.478E-04  5.373E-04  4.438E-04  3.602E-04  2.883E-04  2.342E-04  1.847E-04  1.487E-04  1.160E-04  9.074E-05  7.092E-05  5.529E-05  4.259E-05  3.240E-05  2.449E-05  1.839E-05  1.370E-05
  394.5000  4.968E-02  4.810E-02  4.653E-02  4.498E-02  4.345E-02  4.193E-02  4.043E-02  3.894E-02  3.747E-02  3.601E-02  3.457E-02  3.315E-02  3.174E-02  3.035E-02  2.898E-02  2.762E-02  2.629E-02  2.498E-02  2.369E-02  2.242E-02  2.116E-02  1.994E-02  1.873E-02  1.756E-02  1.641E-02  1.529E-02  1.420E-02  1.314E-02  1.212E-02  1.114E-02  1.021E-02  9.318E-03  8.328E-03  7.394E-03  6.595E-03  5.915E-03  5.338E-03  4.577E-03  4.070E-03  3.470E-03  3.012E-03  2.592E-03  2.179E-03  1.826E-03  1.522E-03  1.262E-03  1.043E-03  8.460E-04  6.770E-04  5.498E-04  4.335E-04  3.489E-04  2.721E-04  2.128E-04  1.663E-04  1.296E-04  9.983E-05  7.595E-05  5.740E-05  4.311E-05  3.211E-05
  395.5000  6.394E-02  6.191E-02  5.990E-02  5.789E-02  5.592E-02  5.397E-02  5.203E-02  5.012E-02  4.823E-02  4.635E-02  4.449E-02  4.266E-02  4.086E-02  3.907E-02  3.731E-02  3.556E-02  3.384E-02  3.215E-02  3.049E-02  2.885E-02  2.724E-02  2.566E-02  2.412E-02  2.260E-02  2.113E-02  1.968E-02  1.828E-02  1.692E-02  1.561E-02  1.434E-02  1.314E-02  1.199E-02  1.072E-02  9.516E-03  8.487E-03  7.611E-03  6.868E-03  5.888E-03  5.235E-03  4.463E-03  3.874E-03  3.332E-03  2.802E-03  2.346E-03  1.956E-03  1.622E-03  1.339E-03  1.086E-03  8.692E-04  7.057E-04  5.562E-04  4.476E-04  3.490E-04  2.729E-04  2.132E-04  1.662E-04  1.280E-04  9.735E-05  7.356E-05  5.525E-05  4.116E-05
  396.5000  3.756E-02  3.637E-02  3.518E-02  3.401E-02  3.285E-02  3.170E-02  3.057E-02  2.944E-02  2.833E-02  2.722E-02  2.614E-02  2.506E-02  2.400E-02  2.295E-02  2.192E-02  2.089E-02  1.988E-02  1.889E-02  1.791E-02  1.695E-02  1.600E-02  1.508E-02  1.417E-02  1.328E-02  1.241E-02  1.156E-02  1.074E-02  9.945E-03  9.168E-03  8.426E-03  7.718E-03  7.044E-03  6.296E-03  5.590E-03  4.985E-03  4.470E-03  4.033E-03  3.457E-03  3.073E-03  2.620E-03  2.273E-03  1.955E-03  1.644E-03  1.376E-03  1.147E-03  9.510E-04  7.850E-04  6.368E-04  5.093E-04  4.134E-04  3.258E-04  2.621E-04  2.043E-04  1.597E-04  1.248E-04  9.724E-05  7.486E-05  5.695E-05  4.303E-05  3.232E-05  2.408E-05
  397.5000  4.336E-02  4.198E-02  4.062E-02  3.926E-02  3.792E-02  3.660E-02  3.528E-02  3.399E-02  3.270E-02  3.143E-02  3.017E-02  2.893E-02  2.771E-02  2.650E-02  2.530E-02  2.412E-02  2.295E-02  2.181E-02  2.068E-02  1.957E-02  1.848E-02  1.741E-02  1.636E-02  1.533E-02  1.433E-02  1.335E-02  1.240E-02  1.148E-02  1.058E-02  9.728E-03  8.910E-03  8.132E-03  7.268E-03  6.452E-03  5.754E-03  5.159E-03  4.654E-03  3.989E-03  3.546E-03  3.022E-03  2.622E-03  2.255E-03  1.895E-03  1.587E-03  1.322E-03  1.096E-03  9.045E-04  7.335E-04  5.865E-04  4.760E-04  3.750E-04  3.016E-04  2.350E-04  1.837E-04  1.435E-04  1.118E-04  8.607E-05  6.547E-05  4.947E-05  3.716E-05  2.769E-05
  398.5000  7.454E-02  7.217E-02  6.982E-02  6.748E-02  6.518E-02  6.291E-02  6.065E-02  5.842E-02  5.622E-02  5.403E-02  5.187E-02  4.974E-02  4.763E-02  4.555E-02  4.349E-02  4.146E-02  3.946E-02  3.749E-02  3.555E-02  3.365E-02  3.176E-02  2.992E-02  2.812E-02  2.636E-02  2.463E-02  2.295E-02  2.131E-02  1.973E-02  1.820E-02  1.672E-02  1.532E-02  1.398E-02  1.249E-02  1.109E-02  9.889E-03  8.866E-03  7.997E-03  6.854E-03  6.092E-03  5.191E-03  4.504E-03  3.872E-03  3.254E-03  2.724E-03  2.269E-03  1.881E-03  1.552E-03  1.258E-03  1.006E-03  8.161E-04  6.427E-04  5.168E-04  4.027E-04  3.147E-04  2.457E-04  1.914E-04  1.474E-04  1.121E-04  8.469E-05  6.361E-05  4.741E-05
  399.5000  7.756E-02  7.509E-02  7.265E-02  7.022E-02  6.782E-02  6.545E-02  6.311E-02  6.079E-02  5.850E-02  5.621E-02  5.397E-02  5.175E-02  4.956E-02  4.740E-02  4.526E-02  4.314E-02  4.106E-02  3.901E-02  3.700E-02  3.501E-02  3.305E-02  3.114E-02  2.926E-02  2.743E-02  2.564E-02  2.389E-02  2.218E-02  2.054E-02  1.893E-02  1.740E-02  1.594E-02  1.454E-02  1.300E-02  1.154E-02  1.029E-02  9.223E-03  8.318E-03  7.128E-03  6.335E-03  5.397E-03  4.682E-03  4.024E-03  3.381E-03  2.830E-03  2.357E-03  1.953E-03  1.611E-03  1.306E-03  1.044E-03  8.468E-04  6.668E-04  5.360E-04  4.175E-04  3.262E-04  2.547E-04  1.984E-04  1.527E-04  1.161E-04  8.775E-05  6.591E-05  4.912E-05
------------------------------------------------------------
Dose rates,W m-2
   1 = UV index (WMO, 1994; Webb et al., 2011)           
   2 = Previtamin-D3 (CIE 2006)                          
values at z =      0.025 km
Columns: time,sza,weighting spectra
time,hrs.  sza,deg.          1          2
   18.0000     83.679  1.344E-01  2.529E-03
   18.0167     83.878  1.291E-01  2.408E-03
   18.0333     84.078  1.238E-01  2.292E-03
   18.0500     84.279  1.187E-01  2.180E-03
   18.0667     84.478  1.138E-01  2.073E-03
   18.0833     84.678  1.089E-01  1.970E-03
   18.1000     84.879  1.042E-01  1.871E-03
   18.1167     85.079  9.958E-02  1.777E-03
   18.1333     85.279  9.508E-02  1.686E-03
   18.1500     85.481  9.067E-02  1.598E-03
   18.1667     85.682  8.640E-02  1.515E-03
   18.1833     85.883  8.224E-02  1.435E-03
   18.2000     86.084  7.819E-02  1.358E-03
   18.2167     86.285  7.424E-02  1.284E-03
   18.2333     86.486  7.041E-02  1.214E-03
   18.2500     86.689  6.667E-02  1.146E-03
   18.2667     86.890  6.305E-02  1.081E-03
   18.2833     87.092  5.954E-02  1.019E-03
   18.3000     87.294  5.613E-02  9.602E-04
   18.3167     87.496  5.283E-02  9.034E-04
   18.3333     87.699  4.962E-02  8.488E-04
   18.3500     87.901  4.652E-02  7.968E-04
   18.3667     88.104  4.354E-02  7.471E-04
   18.3833     88.306  4.065E-02  6.996E-04
   18.4000     88.509  3.788E-02  6.542E-04
   18.4167     88.712  3.520E-02  6.106E-04
   18.4333     88.916  3.262E-02  5.690E-04
   18.4500     89.119  3.016E-02  5.294E-04
   18.4667     89.322  2.781E-02  4.917E-04
   18.4833     89.526  2.558E-02  4.560E-04
   18.5000     89.729  2.346E-02  4.221E-04
   18.5167     89.934  2.147E-02  3.903E-04
   18.5333     90.137  1.928E-02  3.548E-04
   18.5500     90.341  1.722E-02  3.214E-04
   18.5667     90.545  1.547E-02  2.929E-04
   18.5833     90.749  1.398E-02  2.684E-04
   18.6000     90.953  1.272E-02  2.476E-04
   18.6167     91.158  1.105E-02  2.192E-04
   18.6333     91.363  9.935E-03  2.002E-04
   18.6500     91.567  8.606E-03  1.769E-04
   18.6667     91.772  7.576E-03  1.585E-04
   18.6833     91.977  6.628E-03  1.414E-04
   18.7000     92.182  5.683E-03  1.237E-04
   18.7167     92.387  4.860E-03  1.080E-04
   18.7333     92.593  4.140E-03  9.379E-05
   18.7500     92.798  3.511E-03  8.105E-05
   18.7667     93.003  2.966E-03  6.968E-05
   18.7833     93.208  2.461E-03  5.866E-05
   18.8000     93.415  2.022E-03  4.896E-05
   18.8167     93.620  1.678E-03  4.109E-05
   18.8333     93.826  1.351E-03  3.331E-05
   18.8500     94.032  1.105E-03  2.742E-05
   18.8667     94.237  8.742E-04  2.168E-05
   18.8833     94.443  6.892E-04  1.702E-05
   18.9000     94.650  5.396E-04  1.322E-05
   18.9167     94.856  4.187E-04  1.012E-05
   18.9333     95.063  3.194E-04  7.590E-06
   18.9500     95.269  2.391E-04  5.550E-06
   18.9667     95.475  1.758E-04  3.928E-06
   18.9833     95.682  1.266E-04  2.659E-06
   19.0000     95.889  8.800E-05  1.633E-06
------------------------------------------------------------
