Spectral Irradiance,W m-2 nm-1
values at z =      0.025 km
Columns: wavelength (nm),times (hrs.) or sza (deg.)
    wc,nm     18.000     18.017     18.033     18.050     18.067     18.083     18.100     18.117     18.133     18.150     18.167     18.183     18.200     18.217     18.233     18.250     18.267     18.283     18.300     18.317     18.333     18.350     18.367     18.383     18.400     18.417     18.433     18.450     18.467     18.483     18.500     18.517     18.533     18.550     18.567     18.583     18.600     18.617     18.633     18.650     18.667     18.683     18.700     18.717     18.733     18.750     18.767     18.783     18.800     18.817     18.833     18.850     18.867     18.883     18.900     18.917     18.933     18.950     18.967     18.983     19.000
    sza =      80.597     80.800     81.003     81.207     81.410     81.613     81.816     82.020     82.223     82.428     82.632     82.836     83.040     83.244     83.448     83.654     83.858     84.063     84.268     84.472     84.678     84.883     85.089     85.294     85.499     85.705     85.912     86.117     86.323     86.529     86.735     86.942     87.148     87.355     87.561     87.767     87.974     88.182     88.388     88.595     88.802     89.009     89.216     89.424     89.632     89.839     90.046     90.254     90.462     90.670     90.878     91.085     91.293     91.501     91.710     91.918     92.126     92.334     92.542     92.751     92.960
  280.5000  2.173E-24  2.137E-24  2.103E-24  2.068E-24  2.033E-24  1.999E-24  1.965E-24  1.930E-24  1.897E-24  1.863E-24  1.829E-24  1.795E-24  1.762E-24  1.728E-24  1.695E-24  1.661E-24  1.628E-24  1.595E-24  1.562E-24  1.528E-24  1.495E-24  1.461E-24  1.428E-24  1.394E-24  1.361E-24  1.327E-24  1.293E-24  1.259E-24  1.225E-24  1.191E-24  1.156E-24  1.121E-24  1.087E-24  1.051E-24  1.016E-24  9.805E-25  9.447E-25  9.085E-25  8.721E-25  8.356E-25  7.988E-25  7.618E-25  7.248E-25  6.876E-25  6.508E-25  6.144E-25  5.753E-25  5.283E-25  4.876E-25  4.525E-25  4.219E-25  3.814E-25  3.487E-25  3.123E-25  2.842E-25  2.495E-25  2.186E-25  1.903E-25  1.642E-25  1.404E-25  1.188E-25
  281.5000  3.172E-22  3.120E-22  3.069E-22  3.017E-22  2.966E-22  2.916E-22  2.865E-22  2.815E-22  2.765E-22  2.716E-22  2.666E-22  2.617E-22  2.568E-22  2.519E-22  2.470E-22  2.420E-22  2.372E-22  2.323E-22  2.274E-22  2.226E-22  2.177E-22  2.128E-22  2.079E-22  2.030E-22  1.981E-22  1.932E-22  1.882E-22  1.833E-22  1.783E-22  1.733E-22  1.683E-22  1.632E-22  1.582E-22  1.531E-22  1.479E-22  1.428E-22  1.376E-22  1.323E-22  1.270E-22  1.217E-22  1.164E-22  1.110E-22  1.056E-22  1.002E-22  9.489E-23  8.961E-23  8.392E-23  7.709E-23  7.118E-23  6.608E-23  6.164E-23  5.574E-23  5.098E-23  4.568E-23  4.158E-23  3.652E-23  3.200E-23  2.787E-23  2.406E-23  2.057E-23  1.742E-23
  282.5000  1.573E-20  1.547E-20  1.521E-20  1.496E-20  1.470E-20  1.445E-20  1.420E-20  1.395E-20  1.370E-20  1.345E-20  1.320E-20  1.296E-20  1.271E-20  1.247E-20  1.222E-20  1.198E-20  1.173E-20  1.149E-20  1.125E-20  1.101E-20  1.076E-20  1.052E-20  1.028E-20  1.004E-20  9.794E-21  9.550E-21  9.304E-21  9.059E-21  8.813E-21  8.566E-21  8.318E-21  8.068E-21  7.817E-21  7.565E-21  7.311E-21  7.056E-21  6.799E-21  6.539E-21  6.279E-21  6.017E-21  5.754E-21  5.490E-21  5.225E-21  4.959E-21  4.695E-21  4.435E-21  4.155E-21  3.818E-21  3.526E-21  3.274E-21  3.055E-21  2.764E-21  2.529E-21  2.267E-21  2.064E-21  1.812E-21  1.589E-21  1.385E-21  1.196E-21  1.023E-21  8.667E-22
  283.5000  1.794E-19  1.764E-19  1.734E-19  1.704E-19  1.675E-19  1.646E-19  1.617E-19  1.589E-19  1.560E-19  1.531E-19  1.503E-19  1.475E-19  1.447E-19  1.419E-19  1.391E-19  1.363E-19  1.335E-19  1.308E-19  1.280E-19  1.252E-19  1.224E-19  1.197E-19  1.169E-19  1.141E-19  1.114E-19  1.086E-19  1.058E-19  1.030E-19  1.002E-19  9.739E-20  9.457E-20  9.171E-20  8.886E-20  8.600E-20  8.311E-20  8.021E-20  7.730E-20  7.434E-20  7.139E-20  6.842E-20  6.543E-20  6.243E-20  5.942E-20  5.640E-20  5.341E-20  5.046E-20  4.728E-20  4.345E-20  4.014E-20  3.728E-20  3.480E-20  3.149E-20  2.881E-20  2.584E-20  2.353E-20  2.070E-20  1.813E-20  1.580E-20  1.365E-20  1.168E-20  9.898E-21
  284.5000  9.298E-18  9.141E-18  8.985E-18  8.829E-18  8.675E-18  8.522E-18  8.371E-18  8.220E-18  8.070E-18  7.920E-18  7.772E-18  7.624E-18  7.477E-18  7.331E-18  7.185E-18  7.039E-18  6.894E-18  6.750E-18  6.606E-18  6.462E-18  6.317E-18  6.173E-18  6.029E-18  5.886E-18  5.742E-18  5.598E-18  5.453E-18  5.308E-18  5.164E-18  5.018E-18  4.872E-18  4.725E-18  4.578E-18  4.430E-18  4.282E-18  4.133E-18  3.982E-18  3.831E-18  3.679E-18  3.526E-18  3.373E-18  3.219E-18  3.064E-18  2.909E-18  2.756E-18  2.604E-18  2.441E-18  2.244E-18  2.074E-18  1.927E-18  1.800E-18  1.630E-18  1.492E-18  1.339E-18  1.220E-18  1.073E-18  9.411E-19  8.207E-19  7.094E-19  6.073E-19  5.151E-19
  285.5000  1.084E-16  1.065E-16  1.047E-16  1.029E-16  1.010E-16  9.923E-17  9.744E-17  9.566E-17  9.390E-17  9.213E-17  9.038E-17  8.865E-17  8.692E-17  8.520E-17  8.349E-17  8.177E-17  8.007E-17  7.838E-17  7.668E-17  7.500E-17  7.331E-17  7.162E-17  6.994E-17  6.826E-17  6.659E-17  6.491E-17  6.321E-17  6.153E-17  5.984E-17  5.815E-17  5.646E-17  5.475E-17  5.304E-17  5.132E-17  4.960E-17  4.787E-17  4.613E-17  4.437E-17  4.261E-17  4.084E-17  3.907E-17  3.729E-17  3.550E-17  3.371E-17  3.194E-17  3.019E-17  2.831E-17  2.603E-17  2.407E-17  2.238E-17  2.090E-17  1.893E-17  1.734E-17  1.557E-17  1.419E-17  1.249E-17  1.096E-17  9.563E-18  8.270E-18  7.083E-18  6.012E-18
  286.5000  3.236E-15  3.179E-15  3.123E-15  3.067E-15  3.012E-15  2.958E-15  2.904E-15  2.850E-15  2.797E-15  2.744E-15  2.691E-15  2.639E-15  2.587E-15  2.535E-15  2.484E-15  2.432E-15  2.381E-15  2.330E-15  2.279E-15  2.229E-15  2.178E-15  2.128E-15  2.077E-15  2.027E-15  1.977E-15  1.927E-15  1.876E-15  1.826E-15  1.776E-15  1.725E-15  1.675E-15  1.624E-15  1.573E-15  1.522E-15  1.471E-15  1.419E-15  1.368E-15  1.316E-15  1.263E-15  1.211E-15  1.159E-15  1.106E-15  1.053E-15  9.999E-16  9.475E-16  8.958E-16  8.400E-16  7.727E-16  7.146E-16  6.645E-16  6.210E-16  5.627E-16  5.156E-16  4.630E-16  4.223E-16  3.718E-16  3.264E-16  2.849E-16  2.465E-16  2.112E-16  1.794E-16
  287.5000  5.227E-14  5.134E-14  5.042E-14  4.950E-14  4.860E-14  4.770E-14  4.682E-14  4.594E-14  4.506E-14  4.419E-14  4.333E-14  4.248E-14  4.163E-14  4.078E-14  3.994E-14  3.910E-14  3.827E-14  3.744E-14  3.662E-14  3.580E-14  3.497E-14  3.416E-14  3.334E-14  3.253E-14  3.171E-14  3.090E-14  3.009E-14  2.927E-14  2.846E-14  2.765E-14  2.683E-14  2.601E-14  2.520E-14  2.438E-14  2.355E-14  2.273E-14  2.190E-14  2.106E-14  2.023E-14  1.939E-14  1.855E-14  1.770E-14  1.686E-14  1.601E-14  1.517E-14  1.435E-14  1.346E-14  1.238E-14  1.145E-14  1.066E-14  9.962E-15  9.031E-15  8.280E-15  7.439E-15  6.788E-15  5.977E-15  5.253E-15  4.588E-15  3.972E-15  3.405E-15  2.893E-15
  288.5000  8.176E-13  8.027E-13  7.879E-13  7.732E-13  7.588E-13  7.445E-13  7.303E-13  7.162E-13  7.023E-13  6.884E-13  6.747E-13  6.611E-13  6.477E-13  6.343E-13  6.210E-13  6.077E-13  5.945E-13  5.814E-13  5.684E-13  5.554E-13  5.425E-13  5.296E-13  5.168E-13  5.040E-13  4.912E-13  4.785E-13  4.657E-13  4.530E-13  4.403E-13  4.276E-13  4.149E-13  4.021E-13  3.894E-13  3.766E-13  3.638E-13  3.510E-13  3.381E-13  3.252E-13  3.122E-13  2.993E-13  2.861E-13  2.732E-13  2.602E-13  2.472E-13  2.343E-13  2.216E-13  2.078E-13  1.913E-13  1.770E-13  1.648E-13  1.541E-13  1.398E-13  1.282E-13  1.152E-13  1.052E-13  9.275E-14  8.155E-14  7.128E-14  6.175E-14  5.298E-14  4.505E-14
  289.5000  1.019E-11  1.000E-11  9.816E-12  9.628E-12  9.445E-12  9.263E-12  9.083E-12  8.904E-12  8.728E-12  8.552E-12  8.379E-12  8.207E-12  8.036E-12  7.867E-12  7.699E-12  7.532E-12  7.366E-12  7.202E-12  7.038E-12  6.875E-12  6.712E-12  6.551E-12  6.390E-12  6.230E-12  6.071E-12  5.911E-12  5.752E-12  5.593E-12  5.435E-12  5.276E-12  5.118E-12  4.959E-12  4.801E-12  4.642E-12  4.483E-12  4.324E-12  4.165E-12  4.005E-12  3.845E-12  3.685E-12  3.524E-12  3.364E-12  3.203E-12  3.042E-12  2.884E-12  2.728E-12  2.559E-12  2.356E-12  2.180E-12  2.030E-12  1.899E-12  1.723E-12  1.581E-12  1.422E-12  1.299E-12  1.146E-12  1.008E-12  8.815E-13  7.641E-13  6.560E-13  5.582E-13
  290.5000  8.175E-11  8.018E-11  7.864E-11  7.711E-11  7.560E-11  7.411E-11  7.264E-11  7.119E-11  6.975E-11  6.831E-11  6.690E-11  6.550E-11  6.412E-11  6.275E-11  6.138E-11  6.003E-11  5.868E-11  5.735E-11  5.603E-11  5.471E-11  5.340E-11  5.210E-11  5.080E-11  4.951E-11  4.823E-11  4.695E-11  4.566E-11  4.439E-11  4.312E-11  4.185E-11  4.058E-11  3.931E-11  3.805E-11  3.678E-11  3.551E-11  3.425E-11  3.298E-11  3.170E-11  3.043E-11  2.916E-11  2.788E-11  2.661E-11  2.534E-11  2.407E-11  2.281E-11  2.158E-11  2.024E-11  1.864E-11  1.725E-11  1.606E-11  1.503E-11  1.364E-11  1.252E-11  1.127E-11  1.030E-11  9.088E-12  8.000E-12  7.000E-12  6.072E-12  5.216E-12  4.441E-12
  291.5000  5.719E-10  5.606E-10  5.494E-10  5.384E-10  5.275E-10  5.168E-10  5.062E-10  4.958E-10  4.855E-10  4.752E-10  4.651E-10  4.551E-10  4.453E-10  4.355E-10  4.258E-10  4.161E-10  4.066E-10  3.972E-10  3.878E-10  3.785E-10  3.692E-10  3.600E-10  3.509E-10  3.419E-10  3.328E-10  3.238E-10  3.148E-10  3.059E-10  2.970E-10  2.882E-10  2.793E-10  2.705E-10  2.616E-10  2.528E-10  2.440E-10  2.352E-10  2.265E-10  2.176E-10  2.088E-10  2.000E-10  1.913E-10  1.825E-10  1.737E-10  1.650E-10  1.564E-10  1.479E-10  1.388E-10  1.278E-10  1.183E-10  1.102E-10  1.031E-10  9.363E-11  8.598E-11  7.741E-11  7.078E-11  6.249E-11  5.505E-11  4.821E-11  4.185E-11  3.597E-11  3.065E-11
  292.5000  2.656E-09  2.601E-09  2.548E-09  2.495E-09  2.443E-09  2.392E-09  2.342E-09  2.292E-09  2.243E-09  2.194E-09  2.146E-09  2.099E-09  2.052E-09  2.006E-09  1.960E-09  1.915E-09  1.870E-09  1.826E-09  1.782E-09  1.738E-09  1.694E-09  1.652E-09  1.609E-09  1.566E-09  1.524E-09  1.482E-09  1.441E-09  1.399E-09  1.358E-09  1.317E-09  1.276E-09  1.235E-09  1.194E-09  1.153E-09  1.113E-09  1.072E-09  1.032E-09  9.910E-10  9.507E-10  9.103E-10  8.701E-10  8.300E-10  7.899E-10  7.500E-10  7.107E-10  6.721E-10  6.306E-10  5.806E-10  5.376E-10  5.007E-10  4.687E-10  4.257E-10  3.911E-10  3.522E-10  3.222E-10  2.846E-10  2.509E-10  2.199E-10  1.910E-10  1.643E-10  1.401E-10
  293.5000  1.439E-08  1.408E-08  1.378E-08  1.348E-08  1.319E-08  1.291E-08  1.263E-08  1.235E-08  1.208E-08  1.181E-08  1.154E-08  1.128E-08  1.102E-08  1.076E-08  1.051E-08  1.026E-08  1.001E-08  9.767E-09  9.525E-09  9.286E-09  9.048E-09  8.812E-09  8.579E-09  8.348E-09  8.119E-09  7.891E-09  7.664E-09  7.439E-09  7.215E-09  6.993E-09  6.771E-09  6.550E-09  6.330E-09  6.111E-09  5.893E-09  5.676E-09  5.459E-09  5.241E-09  5.026E-09  4.810E-09  4.595E-09  4.382E-09  4.169E-09  3.957E-09  3.749E-09  3.545E-09  3.325E-09  3.061E-09  2.834E-09  2.640E-09  2.472E-09  2.245E-09  2.063E-09  1.859E-09  1.701E-09  1.504E-09  1.326E-09  1.163E-09  1.011E-09  8.703E-10  7.426E-10
  294.5000  4.526E-08  4.426E-08  4.329E-08  4.233E-08  4.138E-08  4.046E-08  3.955E-08  3.865E-08  3.777E-08  3.689E-08  3.604E-08  3.520E-08  3.436E-08  3.354E-08  3.273E-08  3.193E-08  3.114E-08  3.036E-08  2.959E-08  2.883E-08  2.807E-08  2.732E-08  2.658E-08  2.585E-08  2.513E-08  2.441E-08  2.369E-08  2.298E-08  2.228E-08  2.158E-08  2.088E-08  2.019E-08  1.950E-08  1.882E-08  1.814E-08  1.746E-08  1.678E-08  1.611E-08  1.544E-08  1.477E-08  1.410E-08  1.344E-08  1.279E-08  1.213E-08  1.149E-08  1.086E-08  1.018E-08  9.374E-09  8.678E-09  8.082E-09  7.567E-09  6.875E-09  6.318E-09  5.694E-09  5.212E-09  4.609E-09  4.068E-09  3.569E-09  3.104E-09  2.674E-09  2.283E-09
  295.5000  1.971E-07  1.926E-07  1.882E-07  1.838E-07  1.795E-07  1.753E-07  1.712E-07  1.672E-07  1.632E-07  1.593E-07  1.554E-07  1.517E-07  1.479E-07  1.443E-07  1.407E-07  1.371E-07  1.336E-07  1.301E-07  1.267E-07  1.233E-07  1.200E-07  1.167E-07  1.134E-07  1.102E-07  1.070E-07  1.039E-07  1.008E-07  9.767E-08  9.461E-08  9.157E-08  8.856E-08  8.555E-08  8.258E-08  7.962E-08  7.669E-08  7.377E-08  7.087E-08  6.797E-08  6.509E-08  6.224E-08  5.940E-08  5.658E-08  5.378E-08  5.100E-08  4.828E-08  4.561E-08  4.277E-08  3.935E-08  3.642E-08  3.391E-08  3.175E-08  2.885E-08  2.651E-08  2.390E-08  2.188E-08  1.936E-08  1.708E-08  1.501E-08  1.306E-08  1.126E-08  9.624E-09
  296.5000  5.529E-07  5.397E-07  5.267E-07  5.140E-07  5.015E-07  4.893E-07  4.774E-07  4.656E-07  4.541E-07  4.428E-07  4.317E-07  4.207E-07  4.100E-07  3.995E-07  3.891E-07  3.789E-07  3.688E-07  3.589E-07  3.492E-07  3.396E-07  3.301E-07  3.207E-07  3.115E-07  3.024E-07  2.934E-07  2.845E-07  2.757E-07  2.670E-07  2.584E-07  2.499E-07  2.415E-07  2.331E-07  2.248E-07  2.166E-07  2.085E-07  2.004E-07  1.924E-07  1.844E-07  1.764E-07  1.686E-07  1.608E-07  1.531E-07  1.454E-07  1.378E-07  1.304E-07  1.231E-07  1.153E-07  1.061E-07  9.817E-08  9.138E-08  8.552E-08  7.770E-08  7.140E-08  6.438E-08  5.895E-08  5.218E-08  4.609E-08  4.049E-08  3.526E-08  3.043E-08  2.602E-08
  297.5000  1.633E-06  1.592E-06  1.552E-06  1.513E-06  1.475E-06  1.437E-06  1.401E-06  1.365E-06  1.330E-06  1.295E-06  1.261E-06  1.228E-06  1.195E-06  1.163E-06  1.132E-06  1.101E-06  1.071E-06  1.041E-06  1.011E-06  9.826E-07  9.541E-07  9.262E-07  8.986E-07  8.715E-07  8.448E-07  8.184E-07  7.922E-07  7.666E-07  7.412E-07  7.161E-07  6.913E-07  6.667E-07  6.424E-07  6.184E-07  5.946E-07  5.711E-07  5.478E-07  5.245E-07  5.016E-07  4.789E-07  4.564E-07  4.341E-07  4.121E-07  3.902E-07  3.689E-07  3.482E-07  3.261E-07  2.998E-07  2.772E-07  2.579E-07  2.413E-07  2.192E-07  2.014E-07  1.816E-07  1.663E-07  1.472E-07  1.301E-07  1.144E-07  9.966E-08  8.604E-08  7.364E-08
  298.5000  2.857E-06  2.782E-06  2.709E-06  2.637E-06  2.567E-06  2.499E-06  2.433E-06  2.367E-06  2.304E-06  2.241E-06  2.180E-06  2.120E-06  2.062E-06  2.004E-06  1.948E-06  1.893E-06  1.838E-06  1.785E-06  1.733E-06  1.682E-06  1.631E-06  1.582E-06  1.533E-06  1.485E-06  1.438E-06  1.392E-06  1.346E-06  1.301E-06  1.257E-06  1.213E-06  1.170E-06  1.127E-06  1.085E-06  1.043E-06  1.002E-06  9.616E-07  9.214E-07  8.815E-07  8.423E-07  8.035E-07  7.650E-07  7.271E-07  6.896E-07  6.526E-07  6.165E-07  5.814E-07  5.441E-07  5.000E-07  4.621E-07  4.297E-07  4.018E-07  3.649E-07  3.351E-07  3.022E-07  2.767E-07  2.450E-07  2.164E-07  1.904E-07  1.660E-07  1.434E-07  1.229E-07
  299.5000  9.334E-06  9.074E-06  8.820E-06  8.573E-06  8.334E-06  8.100E-06  7.873E-06  7.651E-06  7.435E-06  7.222E-06  7.016E-06  6.815E-06  6.617E-06  6.425E-06  6.236E-06  6.050E-06  5.870E-06  5.693E-06  5.519E-06  5.349E-06  5.181E-06  5.018E-06  4.857E-06  4.699E-06  4.545E-06  4.392E-06  4.242E-06  4.095E-06  3.951E-06  3.808E-06  3.668E-06  3.530E-06  3.394E-06  3.260E-06  3.128E-06  2.998E-06  2.870E-06  2.742E-06  2.617E-06  2.494E-06  2.372E-06  2.253E-06  2.134E-06  2.018E-06  1.904E-06  1.794E-06  1.678E-06  1.541E-06  1.423E-06  1.322E-06  1.236E-06  1.122E-06  1.030E-06  9.282E-07  8.497E-07  7.525E-07  6.653E-07  5.852E-07  5.105E-07  4.413E-07  3.782E-07
  300.5000  1.199E-05  1.163E-05  1.129E-05  1.096E-05  1.063E-05  1.032E-05  1.002E-05  9.721E-06  9.433E-06  9.151E-06  8.878E-06  8.612E-06  8.352E-06  8.098E-06  7.851E-06  7.607E-06  7.371E-06  7.140E-06  6.914E-06  6.692E-06  6.475E-06  6.262E-06  6.055E-06  5.851E-06  5.651E-06  5.455E-06  5.262E-06  5.074E-06  4.889E-06  4.707E-06  4.529E-06  4.353E-06  4.180E-06  4.011E-06  3.844E-06  3.680E-06  3.518E-06  3.358E-06  3.202E-06  3.047E-06  2.896E-06  2.747E-06  2.600E-06  2.456E-06  2.343E-06  2.179E-06  2.037E-06  1.869E-06  1.724E-06  1.601E-06  1.495E-06  1.357E-06  1.245E-06  1.122E-06  1.026E-06  9.090E-07  8.037E-07  7.072E-07  6.171E-07  5.337E-07  4.577E-07
  301.5000  3.452E-05  3.341E-05  3.234E-05  3.131E-05  3.031E-05  2.935E-05  2.842E-05  2.752E-05  2.665E-05  2.580E-05  2.498E-05  2.419E-05  2.342E-05  2.266E-05  2.193E-05  2.122E-05  2.052E-05  1.984E-05  1.918E-05  1.854E-05  1.790E-05  1.729E-05  1.669E-05  1.610E-05  1.552E-05  1.496E-05  1.441E-05  1.387E-05  1.334E-05  1.283E-05  1.232E-05  1.182E-05  1.133E-05  1.086E-05  1.039E-05  9.929E-06  9.478E-06  9.034E-06  8.599E-06  8.172E-06  7.755E-06  7.345E-06  6.943E-06  6.548E-06  6.166E-06  5.797E-06  5.410E-06  4.959E-06  4.571E-06  4.240E-06  3.956E-06  3.586E-06  3.288E-06  2.961E-06  2.708E-06  2.397E-06  2.120E-06  1.865E-06  1.628E-06  1.409E-06  1.209E-06
  302.5000  5.622E-05  5.428E-05  5.242E-05  5.062E-05  4.891E-05  4.726E-05  4.567E-05  4.415E-05  4.267E-05  4.124E-05  3.986E-05  3.853E-05  3.724E-05  3.598E-05  3.477E-05  3.358E-05  3.244E-05  3.132E-05  3.024E-05  2.918E-05  2.815E-05  2.714E-05  2.617E-05  2.521E-05  2.428E-05  2.337E-05  2.247E-05  2.161E-05  2.076E-05  1.993E-05  1.911E-05  1.832E-05  1.754E-05  1.678E-05  1.603E-05  1.530E-05  1.459E-05  1.389E-05  1.320E-05  1.253E-05  1.188E-05  1.124E-05  1.061E-05  9.994E-06  9.401E-06  8.824E-06  8.230E-06  7.535E-06  6.939E-06  6.431E-06  5.994E-06  5.430E-06  4.975E-06  4.478E-06  4.093E-06  3.623E-06  3.203E-06  2.817E-06  2.460E-06  2.130E-06  1.828E-06
  303.5000  1.367E-04  1.315E-04  1.266E-04  1.218E-04  1.173E-04  1.130E-04  1.088E-04  1.049E-04  1.010E-04  9.737E-05  9.385E-05  9.047E-05  8.721E-05  8.406E-05  8.103E-05  7.808E-05  7.524E-05  7.250E-05  6.983E-05  6.725E-05  6.473E-05  6.230E-05  5.993E-05  5.763E-05  5.540E-05  5.322E-05  5.108E-05  4.901E-05  4.700E-05  4.503E-05  4.311E-05  4.123E-05  3.941E-05  3.762E-05  3.589E-05  3.419E-05  3.253E-05  3.091E-05  2.933E-05  2.779E-05  2.628E-05  2.482E-05  2.339E-05  2.199E-05  2.065E-05  1.936E-05  1.802E-05  1.648E-05  1.515E-05  1.402E-05  1.305E-05  1.181E-05  1.081E-05  9.721E-06  8.877E-06  7.852E-06  6.939E-06  6.105E-06  5.330E-06  4.615E-06  3.964E-06
  304.5000  1.877E-04  1.801E-04  1.729E-04  1.660E-04  1.595E-04  1.532E-04  1.473E-04  1.416E-04  1.361E-04  1.309E-04  1.259E-04  1.211E-04  1.165E-04  1.121E-04  1.078E-04  1.037E-04  9.980E-05  9.599E-05  9.232E-05  8.877E-05  8.531E-05  8.198E-05  7.876E-05  7.563E-05  7.259E-05  6.964E-05  6.676E-05  6.397E-05  6.125E-05  5.861E-05  5.604E-05  5.353E-05  5.109E-05  4.871E-05  4.640E-05  4.415E-05  4.195E-05  3.980E-05  3.771E-05  3.568E-05  3.371E-05  3.179E-05  2.992E-05  2.810E-05  2.636E-05  2.468E-05  2.294E-05  2.096E-05  1.925E-05  1.780E-05  1.655E-05  1.496E-05  1.368E-05  1.229E-05  1.122E-05  9.919E-06  8.763E-06  7.704E-06  6.729E-06  5.826E-06  5.005E-06
  305.5000  3.640E-04  3.480E-04  3.329E-04  3.183E-04  3.046E-04  2.915E-04  2.790E-04  2.671E-04  2.558E-04  2.450E-04  2.347E-04  2.249E-04  2.155E-04  2.066E-04  1.980E-04  1.898E-04  1.819E-04  1.744E-04  1.671E-04  1.602E-04  1.535E-04  1.471E-04  1.409E-04  1.349E-04  1.291E-04  1.235E-04  1.181E-04  1.129E-04  1.078E-04  1.029E-04  9.812E-05  9.348E-05  8.900E-05  8.465E-05  8.043E-05  7.633E-05  7.236E-05  6.847E-05  6.473E-05  6.110E-05  5.757E-05  5.415E-05  5.085E-05  4.764E-05  4.457E-05  4.164E-05  3.862E-05  3.522E-05  3.228E-05  2.978E-05  2.764E-05  2.495E-05  2.278E-05  2.044E-05  1.863E-05  1.645E-05  1.452E-05  1.278E-05  1.114E-05  9.648E-06  8.291E-06
  306.5000  4.552E-04  4.346E-04  4.150E-04  3.963E-04  3.785E-04  3.616E-04  3.455E-04  3.302E-04  3.156E-04  3.016E-04  2.884E-04  2.758E-04  2.638E-04  2.523E-04  2.414E-04  2.309E-04  2.210E-04  2.114E-04  2.023E-04  1.936E-04  1.852E-04  1.771E-04  1.694E-04  1.619E-04  1.548E-04  1.479E-04  1.412E-04  1.347E-04  1.285E-04  1.225E-04  1.167E-04  1.110E-04  1.056E-04  1.003E-04  9.518E-05  9.022E-05  8.541E-05  8.073E-05  7.621E-05  7.184E-05  6.761E-05  6.352E-05  5.957E-05  5.573E-05  5.210E-05  4.861E-05  4.505E-05  4.102E-05  3.756E-05  3.461E-05  3.203E-05  2.894E-05  2.640E-05  2.367E-05  2.156E-05  1.903E-05  1.679E-05  1.476E-05  1.287E-05  1.115E-05  9.578E-06
  307.5000  9.694E-04  9.237E-04  8.801E-04  8.382E-04  7.984E-04  7.605E-04  7.244E-04  6.899E-04  6.571E-04  6.257E-04  5.960E-04  5.677E-04  5.408E-04  5.151E-04  4.907E-04  4.674E-04  4.453E-04  4.243E-04  4.042E-04  3.851E-04  3.668E-04  3.494E-04  3.328E-04  3.169E-04  3.018E-04  2.872E-04  2.732E-04  2.598E-04  2.470E-04  2.346E-04  2.227E-04  2.112E-04  2.002E-04  1.896E-04  1.794E-04  1.695E-04  1.600E-04  1.507E-04  1.419E-04  1.333E-04  1.251E-04  1.172E-04  1.096E-04  1.022E-04  9.522E-05  8.859E-05  8.187E-05  7.435E-05  6.789E-05  6.241E-05  5.771E-05  5.193E-05  4.726E-05  4.230E-05  3.844E-05  3.388E-05  2.986E-05  2.621E-05  2.285E-05  1.978E-05  1.699E-05
  308.5000  1.274E-03  1.213E-03  1.156E-03  1.100E-03  1.047E-03  9.966E-04  9.484E-04  9.024E-04  8.585E-04  8.165E-04  7.767E-04  7.388E-04  7.027E-04  6.684E-04  6.357E-04  6.045E-04  5.749E-04  5.468E-04  5.201E-04  4.946E-04  4.702E-04  4.471E-04  4.251E-04  4.041E-04  3.841E-04  3.649E-04  3.466E-04  3.291E-04  3.123E-04  2.962E-04  2.808E-04  2.659E-04  2.517E-04  2.380E-04  2.248E-04  2.122E-04  2.000E-04  1.882E-04  1.769E-04  1.660E-04  1.556E-04  1.455E-04  1.359E-04  1.266E-04  1.178E-04  1.094E-04  1.010E-04  9.160E-05  8.354E-05  7.668E-05  7.084E-05  6.367E-05  5.787E-05  5.175E-05  4.698E-05  4.138E-05  3.644E-05  3.197E-05  2.786E-05  2.411E-05  2.071E-05
  309.5000  1.514E-03  1.443E-03  1.374E-03  1.308E-03  1.244E-03  1.184E-03  1.125E-03  1.070E-03  1.016E-03  9.652E-04  9.166E-04  8.701E-04  8.259E-04  7.837E-04  7.435E-04  7.050E-04  6.686E-04  6.339E-04  6.010E-04  5.697E-04  5.397E-04  5.114E-04  4.845E-04  4.590E-04  4.346E-04  4.115E-04  3.894E-04  3.684E-04  3.484E-04  3.293E-04  3.111E-04  2.937E-04  2.771E-04  2.612E-04  2.460E-04  2.314E-04  2.175E-04  2.040E-04  1.912E-04  1.789E-04  1.672E-04  1.559E-04  1.452E-04  1.349E-04  1.251E-04  1.159E-04  1.067E-04  9.652E-05  8.778E-05  8.036E-05  7.404E-05  6.639E-05  6.021E-05  5.373E-05  4.868E-05  4.280E-05  3.763E-05  3.297E-05  2.871E-05  2.482E-05  2.131E-05
  310.5000  2.590E-03  2.470E-03  2.354E-03  2.242E-03  2.134E-03  2.030E-03  1.931E-03  1.835E-03  1.744E-03  1.655E-03  1.571E-03  1.490E-03  1.413E-03  1.340E-03  1.269E-03  1.202E-03  1.138E-03  1.077E-03  1.019E-03  9.641E-04  9.114E-04  8.616E-04  8.142E-04  7.692E-04  7.265E-04  6.859E-04  6.472E-04  6.106E-04  5.758E-04  5.428E-04  5.113E-04  4.813E-04  4.528E-04  4.257E-04  3.998E-04  3.752E-04  3.516E-04  3.291E-04  3.076E-04  2.872E-04  2.677E-04  2.490E-04  2.313E-04  2.143E-04  1.984E-04  1.833E-04  1.683E-04  1.519E-04  1.378E-04  1.259E-04  1.157E-04  1.035E-04  9.368E-05  8.344E-05  7.545E-05  6.622E-05  5.814E-05  5.088E-05  4.425E-05  3.823E-05  3.280E-05
  311.5000  3.893E-03  3.716E-03  3.544E-03  3.377E-03  3.217E-03  3.063E-03  2.914E-03  2.771E-03  2.633E-03  2.500E-03  2.372E-03  2.250E-03  2.134E-03  2.022E-03  1.915E-03  1.812E-03  1.714E-03  1.621E-03  1.532E-03  1.447E-03  1.367E-03  1.290E-03  1.217E-03  1.148E-03  1.082E-03  1.020E-03  9.605E-04  9.044E-04  8.511E-04  8.005E-04  7.526E-04  7.068E-04  6.636E-04  6.225E-04  5.835E-04  5.464E-04  5.111E-04  4.774E-04  4.454E-04  4.150E-04  3.860E-04  3.585E-04  3.323E-04  3.074E-04  2.840E-04  2.620E-04  2.401E-04  2.163E-04  1.959E-04  1.786E-04  1.639E-04  1.464E-04  1.322E-04  1.176E-04  1.062E-04  9.305E-05  8.160E-05  7.133E-05  6.198E-05  5.350E-05  4.589E-05
  312.5000  5.097E-03  4.876E-03  4.662E-03  4.452E-03  4.250E-03  4.054E-03  3.864E-03  3.680E-03  3.503E-03  3.330E-03  3.165E-03  3.005E-03  2.851E-03  2.703E-03  2.561E-03  2.423E-03  2.292E-03  2.167E-03  2.047E-03  1.931E-03  1.821E-03  1.716E-03  1.616E-03  1.521E-03  1.431E-03  1.344E-03  1.262E-03  1.185E-03  1.111E-03  1.041E-03  9.750E-04  9.120E-04  8.527E-04  7.966E-04  7.435E-04  6.933E-04  6.457E-04  6.005E-04  5.579E-04  5.176E-04  4.795E-04  4.434E-04  4.094E-04  3.771E-04  3.470E-04  3.188E-04  2.910E-04  2.611E-04  2.355E-04  2.139E-04  1.954E-04  1.739E-04  1.565E-04  1.387E-04  1.247E-04  1.090E-04  9.530E-05  8.309E-05  7.204E-05  6.206E-05  5.315E-05
  313.5000  6.200E-03  5.935E-03  5.677E-03  5.425E-03  5.182E-03  4.946E-03  4.717E-03  4.495E-03  4.280E-03  4.071E-03  3.870E-03  3.676E-03  3.490E-03  3.309E-03  3.136E-03  2.969E-03  2.808E-03  2.655E-03  2.508E-03  2.367E-03  2.231E-03  2.102E-03  1.979E-03  1.862E-03  1.751E-03  1.645E-03  1.543E-03  1.447E-03  1.357E-03  1.270E-03  1.189E-03  1.111E-03  1.038E-03  9.688E-04  9.034E-04  8.416E-04  7.831E-04  7.275E-04  6.753E-04  6.259E-04  5.792E-04  5.352E-04  4.939E-04  4.543E-04  4.176E-04  3.833E-04  3.495E-04  3.134E-04  2.824E-04  2.562E-04  2.339E-04  2.079E-04  1.869E-04  1.655E-04  1.487E-04  1.298E-04  1.134E-04  9.881E-05  8.561E-05  7.371E-05  6.309E-05
  314.5000  8.084E-03  7.762E-03  7.447E-03  7.137E-03  6.837E-03  6.544E-03  6.258E-03  5.980E-03  5.709E-03  5.445E-03  5.189E-03  4.941E-03  4.700E-03  4.467E-03  4.241E-03  4.022E-03  3.811E-03  3.608E-03  3.412E-03  3.223E-03  3.041E-03  2.867E-03  2.700E-03  2.540E-03  2.386E-03  2.240E-03  2.100E-03  1.966E-03  1.840E-03  1.719E-03  1.605E-03  1.496E-03  1.393E-03  1.296E-03  1.204E-03  1.117E-03  1.035E-03  9.576E-04  8.850E-04  8.166E-04  7.523E-04  6.919E-04  6.351E-04  5.818E-04  5.323E-04  4.863E-04  4.415E-04  3.940E-04  3.534E-04  3.191E-04  2.899E-04  2.566E-04  2.296E-04  2.024E-04  1.811E-04  1.574E-04  1.370E-04  1.189E-04  1.027E-04  8.820E-05  7.532E-05
  315.5000  8.721E-03  8.378E-03  8.041E-03  7.711E-03  7.390E-03  7.077E-03  6.772E-03  6.474E-03  6.184E-03  5.900E-03  5.626E-03  5.360E-03  5.101E-03  4.850E-03  4.607E-03  4.371E-03  4.143E-03  3.924E-03  3.712E-03  3.508E-03  3.310E-03  3.122E-03  2.940E-03  2.766E-03  2.600E-03  2.441E-03  2.288E-03  2.143E-03  2.004E-03  1.873E-03  1.748E-03  1.629E-03  1.517E-03  1.410E-03  1.310E-03  1.215E-03  1.126E-03  1.041E-03  9.614E-04  8.866E-04  8.164E-04  7.504E-04  6.885E-04  6.304E-04  5.764E-04  5.263E-04  4.775E-04  4.259E-04  3.818E-04  3.445E-04  3.128E-04  2.767E-04  2.474E-04  2.179E-04  1.949E-04  1.693E-04  1.472E-04  1.277E-04  1.102E-04  9.460E-05  8.075E-05
  316.5000  1.076E-02  1.036E-02  9.973E-03  9.591E-03  9.219E-03  8.854E-03  8.496E-03  8.146E-03  7.804E-03  7.468E-03  7.141E-03  6.822E-03  6.511E-03  6.208E-03  5.913E-03  5.625E-03  5.346E-03  5.075E-03  4.813E-03  4.559E-03  4.311E-03  4.073E-03  3.844E-03  3.623E-03  3.409E-03  3.204E-03  3.007E-03  2.818E-03  2.637E-03  2.465E-03  2.300E-03  2.142E-03  1.992E-03  1.851E-03  1.716E-03  1.589E-03  1.468E-03  1.354E-03  1.247E-03  1.147E-03  1.052E-03  9.635E-04  8.791E-04  8.031E-04  7.313E-04  6.649E-04  6.007E-04  5.336E-04  4.761E-04  4.276E-04  3.865E-04  3.403E-04  3.029E-04  2.656E-04  2.364E-04  2.045E-04  1.771E-04  1.530E-04  1.316E-04  1.125E-04  9.573E-05
  317.5000  1.521E-02  1.466E-02  1.411E-02  1.357E-02  1.304E-02  1.252E-02  1.202E-02  1.152E-02  1.104E-02  1.056E-02  1.010E-02  9.647E-03  9.207E-03  8.778E-03  8.361E-03  7.953E-03  7.558E-03  7.175E-03  6.804E-03  6.444E-03  6.094E-03  5.758E-03  5.433E-03  5.120E-03  4.819E-03  4.529E-03  4.249E-03  3.982E-03  3.727E-03  3.483E-03  3.250E-03  3.027E-03  2.816E-03  2.615E-03  2.425E-03  2.245E-03  2.075E-03  1.914E-03  1.763E-03  1.621E-03  1.488E-03  1.363E-03  1.242E-03  1.136E-03  1.035E-03  9.410E-04  8.502E-04  7.552E-04  6.741E-04  6.056E-04  5.476E-04  4.821E-04  4.292E-04  3.764E-04  3.351E-04  2.899E-04  2.511E-04  2.169E-04  1.865E-04  1.595E-04  1.357E-04
  318.5000  1.463E-02  1.413E-02  1.364E-02  1.316E-02  1.268E-02  1.222E-02  1.176E-02  1.131E-02  1.087E-02  1.044E-02  1.001E-02  9.596E-03  9.188E-03  8.789E-03  8.399E-03  8.015E-03  7.643E-03  7.279E-03  6.925E-03  6.580E-03  6.242E-03  5.916E-03  5.599E-03  5.291E-03  4.994E-03  4.706E-03  4.426E-03  4.158E-03  3.899E-03  3.650E-03  3.412E-03  3.182E-03  2.963E-03  2.754E-03  2.554E-03  2.365E-03  2.185E-03  2.013E-03  1.852E-03  1.700E-03  1.557E-03  1.423E-03  1.297E-03  1.179E-03  1.070E-03  9.695E-04  8.726E-04  7.716E-04  6.859E-04  6.134E-04  5.520E-04  4.837E-04  4.285E-04  3.739E-04  3.312E-04  2.850E-04  2.456E-04  2.112E-04  1.808E-04  1.539E-04  1.304E-04
  319.5000  1.854E-02  1.792E-02  1.731E-02  1.671E-02  1.612E-02  1.554E-02  1.496E-02  1.440E-02  1.385E-02  1.330E-02  1.277E-02  1.225E-02  1.173E-02  1.123E-02  1.074E-02  1.026E-02  9.788E-03  9.329E-03  8.881E-03  8.444E-03  8.017E-03  7.603E-03  7.200E-03  6.810E-03  6.431E-03  6.064E-03  5.708E-03  5.365E-03  5.034E-03  4.716E-03  4.410E-03  4.115E-03  3.834E-03  3.565E-03  3.308E-03  3.063E-03  2.831E-03  2.609E-03  2.400E-03  2.204E-03  2.018E-03  1.844E-03  1.681E-03  1.527E-03  1.386E-03  1.255E-03  1.129E-03  9.983E-04  8.866E-04  7.924E-04  7.128E-04  6.241E-04  5.525E-04  4.817E-04  4.263E-04  3.666E-04  3.156E-04  2.711E-04  2.318E-04  1.972E-04  1.670E-04
  320.5000  2.364E-02  2.286E-02  2.210E-02  2.135E-02  2.061E-02  1.988E-02  1.916E-02  1.845E-02  1.776E-02  1.707E-02  1.640E-02  1.574E-02  1.510E-02  1.446E-02  1.384E-02  1.323E-02  1.264E-02  1.205E-02  1.149E-02  1.093E-02  1.039E-02  9.859E-03  9.345E-03  8.846E-03  8.361E-03  7.890E-03  7.432E-03  6.992E-03  6.566E-03  6.155E-03  5.759E-03  5.377E-03  5.013E-03  4.663E-03  4.329E-03  4.010E-03  3.707E-03  3.417E-03  3.144E-03  2.886E-03  2.643E-03  2.414E-03  2.199E-03  1.998E-03  1.812E-03  1.640E-03  1.474E-03  1.302E-03  1.155E-03  1.031E-03  9.267E-04  8.104E-04  7.165E-04  6.239E-04  5.514E-04  4.735E-04  4.070E-04  3.492E-04  2.982E-04  2.533E-04  2.142E-04
  321.5000  2.420E-02  2.348E-02  2.276E-02  2.206E-02  2.136E-02  2.067E-02  1.999E-02  1.932E-02  1.866E-02  1.800E-02  1.736E-02  1.672E-02  1.610E-02  1.548E-02  1.488E-02  1.428E-02  1.369E-02  1.311E-02  1.255E-02  1.199E-02  1.144E-02  1.091E-02  1.039E-02  9.877E-03  9.378E-03  8.890E-03  8.412E-03  7.949E-03  7.498E-03  7.060E-03  6.635E-03  6.221E-03  5.823E-03  5.439E-03  5.068E-03  4.712E-03  4.370E-03  4.041E-03  3.728E-03  3.430E-03  3.147E-03  2.878E-03  2.625E-03  2.386E-03  2.164E-03  1.958E-03  1.758E-03  1.549E-03  1.372E-03  1.222E-03  1.095E-03  9.539E-04  8.402E-04  7.283E-04  6.408E-04  5.473E-04  4.679E-04  3.991E-04  3.389E-04  2.862E-04  2.406E-04
  322.5000  2.109E-02  2.041E-02  1.974E-02  1.908E-02  1.843E-02  1.779E-02  1.716E-02  1.654E-02  1.593E-02  1.532E-02  1.473E-02  1.415E-02  1.358E-02  1.302E-02  1.247E-02  1.193E-02  1.140E-02  1.089E-02  1.038E-02  9.886E-03  9.402E-03  8.931E-03  8.473E-03  8.027E-03  7.593E-03  7.171E-03  6.760E-03  6.364E-03  5.981E-03  5.611E-03  5.254E-03  4.908E-03  4.578E-03  4.261E-03  3.958E-03  3.668E-03  3.392E-03  3.128E-03  2.878E-03  2.642E-03  2.420E-03  2.210E-03  2.013E-03  1.829E-03  1.658E-03  1.500E-03  1.347E-03  1.189E-03  1.054E-03  9.408E-04  8.447E-04  7.381E-04  6.520E-04  5.671E-04  5.008E-04  4.295E-04  3.688E-04  3.160E-04  2.695E-04  2.287E-04  1.932E-04
  323.5000  2.729E-02  2.652E-02  2.575E-02  2.498E-02  2.423E-02  2.349E-02  2.275E-02  2.202E-02  2.130E-02  2.059E-02  1.988E-02  1.919E-02  1.851E-02  1.783E-02  1.716E-02  1.650E-02  1.586E-02  1.522E-02  1.459E-02  1.398E-02  1.337E-02  1.277E-02  1.219E-02  1.161E-02  1.105E-02  1.050E-02  9.960E-03  9.434E-03  8.920E-03  8.420E-03  7.932E-03  7.456E-03  6.996E-03  6.550E-03  6.119E-03  5.702E-03  5.300E-03  4.912E-03  4.541E-03  4.186E-03  3.848E-03  3.526E-03  3.221E-03  2.931E-03  2.661E-03  2.410E-03  2.165E-03  1.908E-03  1.689E-03  1.504E-03  1.347E-03  1.172E-03  1.032E-03  8.927E-04  7.843E-04  6.682E-04  5.699E-04  4.848E-04  4.103E-04  3.455E-04  2.896E-04
  324.5000  3.176E-02  3.085E-02  2.995E-02  2.906E-02  2.818E-02  2.731E-02  2.645E-02  2.560E-02  2.476E-02  2.392E-02  2.310E-02  2.229E-02  2.149E-02  2.070E-02  1.992E-02  1.915E-02  1.840E-02  1.765E-02  1.692E-02  1.620E-02  1.549E-02  1.480E-02  1.412E-02  1.345E-02  1.279E-02  1.215E-02  1.152E-02  1.091E-02  1.032E-02  9.734E-03  9.168E-03  8.615E-03  8.081E-03  7.563E-03  7.063E-03  6.580E-03  6.115E-03  5.665E-03  5.236E-03  4.826E-03  4.435E-03  4.063E-03  3.711E-03  3.377E-03  3.065E-03  2.776E-03  2.493E-03  2.198E-03  1.945E-03  1.732E-03  1.552E-03  1.351E-03  1.189E-03  1.030E-03  9.049E-04  7.712E-04  6.580E-04  5.600E-04  4.742E-04  3.995E-04  3.350E-04
  325.5000  3.457E-02  3.357E-02  3.257E-02  3.158E-02  3.061E-02  2.964E-02  2.869E-02  2.775E-02  2.682E-02  2.590E-02  2.499E-02  2.410E-02  2.322E-02  2.235E-02  2.150E-02  2.065E-02  1.982E-02  1.900E-02  1.820E-02  1.741E-02  1.663E-02  1.588E-02  1.513E-02  1.440E-02  1.369E-02  1.299E-02  1.231E-02  1.164E-02  1.099E-02  1.036E-02  9.749E-03  9.151E-03  8.575E-03  8.017E-03  7.479E-03  6.960E-03  6.461E-03  5.979E-03  5.521E-03  5.083E-03  4.667E-03  4.271E-03  3.898E-03  3.544E-03  3.215E-03  2.909E-03  2.612E-03  2.301E-03  2.037E-03  1.813E-03  1.624E-03  1.414E-03  1.245E-03  1.078E-03  9.476E-04  8.081E-04  6.899E-04  5.876E-04  4.980E-04  4.199E-04  3.524E-04
  326.5000  4.885E-02  4.756E-02  4.627E-02  4.499E-02  4.373E-02  4.248E-02  4.124E-02  4.002E-02  3.880E-02  3.759E-02  3.640E-02  3.522E-02  3.406E-02  3.290E-02  3.176E-02  3.063E-02  2.952E-02  2.842E-02  2.733E-02  2.626E-02  2.520E-02  2.416E-02  2.314E-02  2.213E-02  2.113E-02  2.016E-02  1.919E-02  1.825E-02  1.733E-02  1.642E-02  1.554E-02  1.467E-02  1.382E-02  1.300E-02  1.220E-02  1.142E-02  1.066E-02  9.926E-03  9.218E-03  8.536E-03  7.880E-03  7.251E-03  6.650E-03  6.077E-03  5.537E-03  5.032E-03  4.533E-03  4.002E-03  3.549E-03  3.167E-03  2.843E-03  2.475E-03  2.179E-03  1.885E-03  1.656E-03  1.408E-03  1.198E-03  1.016E-03  8.573E-04  7.191E-04  6.003E-04
  327.5000  4.330E-02  4.211E-02  4.094E-02  3.977E-02  3.862E-02  3.748E-02  3.635E-02  3.523E-02  3.412E-02  3.302E-02  3.194E-02  3.087E-02  2.981E-02  2.877E-02  2.773E-02  2.671E-02  2.570E-02  2.471E-02  2.374E-02  2.277E-02  2.182E-02  2.089E-02  1.997E-02  1.906E-02  1.818E-02  1.731E-02  1.645E-02  1.562E-02  1.480E-02  1.400E-02  1.322E-02  1.245E-02  1.171E-02  1.099E-02  1.029E-02  9.612E-03  8.955E-03  8.319E-03  7.708E-03  7.122E-03  6.561E-03  6.024E-03  5.514E-03  5.028E-03  4.573E-03  4.148E-03  3.731E-03  3.290E-03  2.915E-03  2.598E-03  2.330E-03  2.027E-03  1.784E-03  1.543E-03  1.356E-03  1.153E-03  9.823E-04  8.342E-04  7.047E-04  5.921E-04  4.951E-04
  328.5000  4.007E-02  3.898E-02  3.789E-02  3.681E-02  3.574E-02  3.469E-02  3.364E-02  3.261E-02  3.158E-02  3.057E-02  2.956E-02  2.857E-02  2.760E-02  2.663E-02  2.567E-02  2.473E-02  2.380E-02  2.288E-02  2.197E-02  2.108E-02  2.020E-02  1.934E-02  1.849E-02  1.765E-02  1.683E-02  1.602E-02  1.523E-02  1.446E-02  1.370E-02  1.296E-02  1.224E-02  1.153E-02  1.084E-02  1.017E-02  9.523E-03  8.894E-03  8.286E-03  7.696E-03  7.131E-03  6.588E-03  6.067E-03  5.570E-03  5.097E-03  4.647E-03  4.226E-03  3.832E-03  3.445E-03  3.038E-03  2.690E-03  2.397E-03  2.148E-03  1.869E-03  1.644E-03  1.421E-03  1.248E-03  1.062E-03  9.037E-04  7.672E-04  6.479E-04  5.441E-04  4.548E-04
  329.5000  5.827E-02  5.680E-02  5.533E-02  5.387E-02  5.242E-02  5.099E-02  4.957E-02  4.816E-02  4.677E-02  4.538E-02  4.401E-02  4.265E-02  4.130E-02  3.997E-02  3.865E-02  3.734E-02  3.605E-02  3.477E-02  3.351E-02  3.226E-02  3.102E-02  2.980E-02  2.860E-02  2.741E-02  2.624E-02  2.509E-02  2.395E-02  2.283E-02  2.174E-02  2.066E-02  1.960E-02  1.855E-02  1.754E-02  1.654E-02  1.557E-02  1.462E-02  1.369E-02  1.279E-02  1.192E-02  1.107E-02  1.025E-02  9.466E-03  8.711E-03  7.986E-03  7.300E-03  6.654E-03  6.012E-03  5.318E-03  4.727E-03  4.229E-03  3.806E-03  3.318E-03  2.927E-03  2.533E-03  2.229E-03  1.894E-03  1.611E-03  1.365E-03  1.150E-03  9.630E-04  8.022E-04
  330.5000  5.055E-02  4.922E-02  4.791E-02  4.660E-02  4.531E-02  4.403E-02  4.276E-02  4.150E-02  4.026E-02  3.902E-02  3.780E-02  3.659E-02  3.539E-02  3.421E-02  3.304E-02  3.187E-02  3.073E-02  2.960E-02  2.848E-02  2.738E-02  2.629E-02  2.522E-02  2.416E-02  2.312E-02  2.209E-02  2.109E-02  2.009E-02  1.912E-02  1.816E-02  1.722E-02  1.631E-02  1.541E-02  1.453E-02  1.367E-02  1.284E-02  1.203E-02  1.124E-02  1.047E-02  9.728E-03  9.015E-03  8.328E-03  7.668E-03  7.038E-03  6.435E-03  5.867E-03  5.335E-03  4.808E-03  4.246E-03  3.766E-03  3.362E-03  3.020E-03  2.629E-03  2.315E-03  2.003E-03  1.759E-03  1.496E-03  1.272E-03  1.078E-03  9.092E-04  7.620E-04  6.355E-04
  331.5000  4.950E-02  4.820E-02  4.690E-02  4.561E-02  4.434E-02  4.308E-02  4.183E-02  4.059E-02  3.936E-02  3.814E-02  3.694E-02  3.575E-02  3.457E-02  3.341E-02  3.225E-02  3.111E-02  2.998E-02  2.887E-02  2.778E-02  2.669E-02  2.562E-02  2.457E-02  2.353E-02  2.251E-02  2.150E-02  2.051E-02  1.954E-02  1.858E-02  1.765E-02  1.673E-02  1.583E-02  1.495E-02  1.409E-02  1.325E-02  1.244E-02  1.164E-02  1.087E-02  1.012E-02  9.403E-03  8.708E-03  8.039E-03  7.398E-03  6.786E-03  6.201E-03  5.650E-03  5.134E-03  4.625E-03  4.082E-03  3.619E-03  3.229E-03  2.898E-03  2.522E-03  2.220E-03  1.920E-03  1.686E-03  1.433E-03  1.218E-03  1.033E-03  8.707E-04  7.298E-04  6.087E-04
  332.5000  5.298E-02  5.166E-02  5.035E-02  4.904E-02  4.775E-02  4.647E-02  4.520E-02  4.394E-02  4.269E-02  4.145E-02  4.022E-02  3.900E-02  3.779E-02  3.660E-02  3.541E-02  3.424E-02  3.308E-02  3.193E-02  3.079E-02  2.967E-02  2.855E-02  2.745E-02  2.637E-02  2.530E-02  2.424E-02  2.320E-02  2.217E-02  2.115E-02  2.016E-02  1.918E-02  1.821E-02  1.726E-02  1.634E-02  1.543E-02  1.454E-02  1.367E-02  1.282E-02  1.199E-02  1.119E-02  1.041E-02  9.654E-03  8.926E-03  8.225E-03  7.551E-03  6.913E-03  6.310E-03  5.708E-03  5.053E-03  4.496E-03  4.027E-03  3.630E-03  3.166E-03  2.795E-03  2.421E-03  2.131E-03  1.812E-03  1.541E-03  1.305E-03  1.099E-03  9.196E-04  7.653E-04
  333.5000  4.808E-02  4.685E-02  4.563E-02  4.442E-02  4.322E-02  4.203E-02  4.085E-02  3.968E-02  3.852E-02  3.736E-02  3.623E-02  3.510E-02  3.398E-02  3.288E-02  3.178E-02  3.069E-02  2.962E-02  2.856E-02  2.752E-02  2.648E-02  2.546E-02  2.445E-02  2.345E-02  2.247E-02  2.150E-02  2.055E-02  1.961E-02  1.868E-02  1.778E-02  1.688E-02  1.601E-02  1.515E-02  1.431E-02  1.349E-02  1.269E-02  1.191E-02  1.115E-02  1.040E-02  9.685E-03  8.991E-03  8.321E-03  7.676E-03  7.058E-03  6.465E-03  5.905E-03  5.378E-03  4.855E-03  4.291E-03  3.811E-03  3.406E-03  3.064E-03  2.669E-03  2.352E-03  2.035E-03  1.789E-03  1.520E-03  1.292E-03  1.095E-03  9.221E-04  7.717E-04  6.427E-04
  334.5000  5.475E-02  5.337E-02  5.200E-02  5.063E-02  4.928E-02  4.794E-02  4.661E-02  4.530E-02  4.399E-02  4.269E-02  4.141E-02  4.014E-02  3.888E-02  3.763E-02  3.640E-02  3.517E-02  3.396E-02  3.276E-02  3.158E-02  3.041E-02  2.925E-02  2.811E-02  2.698E-02  2.587E-02  2.477E-02  2.369E-02  2.262E-02  2.157E-02  2.054E-02  1.952E-02  1.853E-02  1.754E-02  1.659E-02  1.565E-02  1.473E-02  1.384E-02  1.297E-02  1.211E-02  1.129E-02  1.049E-02  9.720E-03  8.976E-03  8.261E-03  7.575E-03  6.926E-03  6.314E-03  5.704E-03  5.045E-03  4.484E-03  4.011E-03  3.611E-03  3.147E-03  2.775E-03  2.401E-03  2.112E-03  1.795E-03  1.525E-03  1.292E-03  1.088E-03  9.098E-04  7.571E-04
  335.5000  5.777E-02  5.635E-02  5.494E-02  5.354E-02  5.215E-02  5.078E-02  4.941E-02  4.806E-02  4.671E-02  4.538E-02  4.405E-02  4.274E-02  4.145E-02  4.016E-02  3.888E-02  3.761E-02  3.636E-02  3.512E-02  3.390E-02  3.268E-02  3.148E-02  3.029E-02  2.912E-02  2.796E-02  2.681E-02  2.568E-02  2.456E-02  2.346E-02  2.238E-02  2.131E-02  2.026E-02  1.923E-02  1.821E-02  1.722E-02  1.625E-02  1.529E-02  1.436E-02  1.345E-02  1.257E-02  1.171E-02  1.087E-02  1.007E-02  9.288E-03  8.539E-03  7.828E-03  7.155E-03  6.480E-03  5.743E-03  5.115E-03  4.587E-03  4.140E-03  3.614E-03  3.193E-03  2.767E-03  2.438E-03  2.073E-03  1.763E-03  1.493E-03  1.257E-03  1.051E-03  8.738E-04
  336.5000  4.467E-02  4.357E-02  4.247E-02  4.138E-02  4.030E-02  3.922E-02  3.816E-02  3.710E-02  3.606E-02  3.501E-02  3.399E-02  3.297E-02  3.195E-02  3.095E-02  2.996E-02  2.897E-02  2.800E-02  2.703E-02  2.608E-02  2.514E-02  2.420E-02  2.328E-02  2.237E-02  2.147E-02  2.058E-02  1.970E-02  1.883E-02  1.798E-02  1.714E-02  1.632E-02  1.550E-02  1.470E-02  1.392E-02  1.315E-02  1.240E-02  1.166E-02  1.095E-02  1.024E-02  9.562E-03  8.900E-03  8.259E-03  7.640E-03  7.045E-03  6.471E-03  5.926E-03  5.412E-03  4.898E-03  4.337E-03  3.860E-03  3.458E-03  3.118E-03  2.720E-03  2.402E-03  2.080E-03  1.832E-03  1.557E-03  1.323E-03  1.121E-03  9.430E-04  7.884E-04  6.556E-04
  337.5000  4.773E-02  4.653E-02  4.533E-02  4.414E-02  4.296E-02  4.179E-02  4.064E-02  3.949E-02  3.835E-02  3.722E-02  3.610E-02  3.499E-02  3.389E-02  3.280E-02  3.173E-02  3.066E-02  2.960E-02  2.856E-02  2.753E-02  2.651E-02  2.550E-02  2.450E-02  2.352E-02  2.255E-02  2.159E-02  2.065E-02  1.971E-02  1.880E-02  1.790E-02  1.702E-02  1.615E-02  1.529E-02  1.446E-02  1.364E-02  1.284E-02  1.206E-02  1.130E-02  1.055E-02  9.834E-03  9.138E-03  8.465E-03  7.816E-03  7.192E-03  6.594E-03  6.027E-03  5.494E-03  4.963E-03  4.388E-03  3.899E-03  3.487E-03  3.138E-03  2.734E-03  2.410E-03  2.085E-03  1.833E-03  1.557E-03  1.323E-03  1.120E-03  9.428E-04  7.882E-04  6.557E-04
  338.5000  5.255E-02  5.126E-02  4.998E-02  4.871E-02  4.745E-02  4.620E-02  4.496E-02  4.373E-02  4.251E-02  4.129E-02  4.009E-02  3.890E-02  3.772E-02  3.655E-02  3.540E-02  3.424E-02  3.310E-02  3.198E-02  3.086E-02  2.976E-02  2.866E-02  2.759E-02  2.652E-02  2.546E-02  2.442E-02  2.340E-02  2.238E-02  2.138E-02  2.039E-02  1.942E-02  1.847E-02  1.752E-02  1.660E-02  1.570E-02  1.481E-02  1.394E-02  1.310E-02  1.226E-02  1.146E-02  1.068E-02  9.915E-03  9.180E-03  8.471E-03  7.788E-03  7.139E-03  6.525E-03  5.910E-03  5.236E-03  4.663E-03  4.181E-03  3.773E-03  3.293E-03  2.909E-03  2.520E-03  2.220E-03  1.887E-03  1.604E-03  1.358E-03  1.143E-03  9.549E-04  7.936E-04
  339.5000  5.748E-02  5.608E-02  5.469E-02  5.330E-02  5.193E-02  5.056E-02  4.921E-02  4.787E-02  4.654E-02  4.522E-02  4.391E-02  4.261E-02  4.133E-02  4.005E-02  3.879E-02  3.753E-02  3.629E-02  3.506E-02  3.385E-02  3.264E-02  3.145E-02  3.027E-02  2.910E-02  2.795E-02  2.682E-02  2.569E-02  2.458E-02  2.349E-02  2.241E-02  2.135E-02  2.031E-02  1.928E-02  1.827E-02  1.728E-02  1.631E-02  1.536E-02  1.443E-02  1.352E-02  1.263E-02  1.177E-02  1.094E-02  1.013E-02  9.351E-03  8.599E-03  7.886E-03  7.210E-03  6.532E-03  5.789E-03  5.157E-03  4.625E-03  4.175E-03  3.644E-03  3.220E-03  2.790E-03  2.458E-03  2.089E-03  1.776E-03  1.504E-03  1.265E-03  1.057E-03  8.780E-04
  340.5000  6.057E-02  5.908E-02  5.760E-02  5.612E-02  5.465E-02  5.320E-02  5.177E-02  5.034E-02  4.892E-02  4.751E-02  4.612E-02  4.474E-02  4.337E-02  4.202E-02  4.068E-02  3.934E-02  3.802E-02  3.672E-02  3.543E-02  3.415E-02  3.288E-02  3.163E-02  3.040E-02  2.918E-02  2.798E-02  2.679E-02  2.561E-02  2.446E-02  2.332E-02  2.220E-02  2.110E-02  2.001E-02  1.895E-02  1.791E-02  1.688E-02  1.589E-02  1.491E-02  1.395E-02  1.303E-02  1.213E-02  1.126E-02  1.041E-02  9.603E-03  8.821E-03  8.080E-03  7.379E-03  6.678E-03  5.912E-03  5.261E-03  4.713E-03  4.249E-03  3.706E-03  3.271E-03  2.832E-03  2.493E-03  2.118E-03  1.799E-03  1.523E-03  1.281E-03  1.070E-03  8.891E-04
  341.5000  5.499E-02  5.365E-02  5.233E-02  5.100E-02  4.970E-02  4.840E-02  4.711E-02  4.584E-02  4.457E-02  4.331E-02  4.206E-02  4.082E-02  3.960E-02  3.838E-02  3.718E-02  3.598E-02  3.480E-02  3.363E-02  3.247E-02  3.132E-02  3.018E-02  2.905E-02  2.794E-02  2.684E-02  2.576E-02  2.469E-02  2.362E-02  2.258E-02  2.155E-02  2.054E-02  1.954E-02  1.855E-02  1.759E-02  1.664E-02  1.571E-02  1.480E-02  1.391E-02  1.303E-02  1.219E-02  1.136E-02  1.056E-02  9.784E-03  9.035E-03  8.312E-03  7.625E-03  6.975E-03  6.321E-03  5.603E-03  4.993E-03  4.479E-03  4.045E-03  3.531E-03  3.121E-03  2.704E-03  2.383E-03  2.026E-03  1.722E-03  1.458E-03  1.226E-03  1.024E-03  8.503E-04
  342.5000  6.119E-02  5.971E-02  5.824E-02  5.677E-02  5.532E-02  5.388E-02  5.245E-02  5.104E-02  4.963E-02  4.823E-02  4.685E-02  4.547E-02  4.411E-02  4.276E-02  4.143E-02  4.009E-02  3.878E-02  3.748E-02  3.619E-02  3.492E-02  3.365E-02  3.240E-02  3.117E-02  2.995E-02  2.874E-02  2.755E-02  2.637E-02  2.521E-02  2.406E-02  2.293E-02  2.182E-02  2.072E-02  1.965E-02  1.860E-02  1.756E-02  1.655E-02  1.556E-02  1.458E-02  1.364E-02  1.272E-02  1.182E-02  1.096E-02  1.012E-02  9.313E-03  8.545E-03  7.818E-03  7.087E-03  6.283E-03  5.599E-03  5.024E-03  4.538E-03  3.962E-03  3.503E-03  3.035E-03  2.676E-03  2.274E-03  1.933E-03  1.636E-03  1.376E-03  1.149E-03  9.538E-04
  343.5000  6.315E-02  6.161E-02  6.008E-02  5.856E-02  5.705E-02  5.556E-02  5.408E-02  5.261E-02  5.115E-02  4.970E-02  4.827E-02  4.684E-02  4.543E-02  4.403E-02  4.265E-02  4.127E-02  3.991E-02  3.856E-02  3.723E-02  3.591E-02  3.460E-02  3.330E-02  3.203E-02  3.076E-02  2.951E-02  2.828E-02  2.706E-02  2.586E-02  2.468E-02  2.351E-02  2.237E-02  2.123E-02  2.012E-02  1.903E-02  1.797E-02  1.692E-02  1.590E-02  1.490E-02  1.392E-02  1.298E-02  1.206E-02  1.117E-02  1.031E-02  9.482E-03  8.695E-03  7.950E-03  7.202E-03  6.382E-03  5.684E-03  5.097E-03  4.600E-03  4.014E-03  3.547E-03  3.072E-03  2.706E-03  2.299E-03  1.953E-03  1.653E-03  1.390E-03  1.160E-03  9.632E-04
  344.5000  4.394E-02  4.286E-02  4.179E-02  4.072E-02  3.967E-02  3.863E-02  3.759E-02  3.656E-02  3.554E-02  3.452E-02  3.352E-02  3.253E-02  3.154E-02  3.056E-02  2.960E-02  2.863E-02  2.768E-02  2.674E-02  2.581E-02  2.489E-02  2.397E-02  2.307E-02  2.218E-02  2.129E-02  2.042E-02  1.956E-02  1.871E-02  1.788E-02  1.705E-02  1.624E-02  1.544E-02  1.465E-02  1.388E-02  1.312E-02  1.238E-02  1.166E-02  1.095E-02  1.025E-02  9.575E-03  8.919E-03  8.282E-03  7.666E-03  7.073E-03  6.500E-03  5.957E-03  5.443E-03  4.927E-03  4.364E-03  3.884E-03  3.480E-03  3.139E-03  2.738E-03  2.417E-03  2.092E-03  1.842E-03  1.564E-03  1.329E-03  1.124E-03  9.450E-04  7.888E-04  6.548E-04
  345.5000  6.148E-02  6.000E-02  5.853E-02  5.706E-02  5.561E-02  5.417E-02  5.274E-02  5.132E-02  4.991E-02  4.851E-02  4.712E-02  4.575E-02  4.439E-02  4.304E-02  4.170E-02  4.036E-02  3.905E-02  3.775E-02  3.646E-02  3.518E-02  3.391E-02  3.266E-02  3.142E-02  3.019E-02  2.898E-02  2.779E-02  2.660E-02  2.544E-02  2.429E-02  2.316E-02  2.204E-02  2.094E-02  1.986E-02  1.880E-02  1.776E-02  1.674E-02  1.574E-02  1.476E-02  1.381E-02  1.288E-02  1.198E-02  1.110E-02  1.026E-02  9.444E-03  8.669E-03  7.933E-03  7.193E-03  6.379E-03  5.685E-03  5.102E-03  4.609E-03  4.025E-03  3.558E-03  3.083E-03  2.718E-03  2.310E-03  1.963E-03  1.661E-03  1.395E-03  1.165E-03  9.670E-04
  346.5000  5.684E-02  5.546E-02  5.408E-02  5.271E-02  5.136E-02  5.001E-02  4.868E-02  4.736E-02  4.604E-02  4.473E-02  4.344E-02  4.216E-02  4.089E-02  3.964E-02  3.839E-02  3.715E-02  3.592E-02  3.471E-02  3.351E-02  3.232E-02  3.114E-02  2.998E-02  2.883E-02  2.769E-02  2.657E-02  2.546E-02  2.436E-02  2.328E-02  2.221E-02  2.117E-02  2.013E-02  1.911E-02  1.811E-02  1.713E-02  1.617E-02  1.523E-02  1.431E-02  1.341E-02  1.253E-02  1.168E-02  1.085E-02  1.005E-02  9.276E-03  8.529E-03  7.821E-03  7.149E-03  6.475E-03  5.737E-03  5.108E-03  4.579E-03  4.132E-03  3.604E-03  3.183E-03  2.756E-03  2.427E-03  2.061E-03  1.751E-03  1.481E-03  1.245E-03  1.039E-03  8.618E-04
  347.5000  5.565E-02  5.430E-02  5.296E-02  5.161E-02  5.029E-02  4.897E-02  4.767E-02  4.638E-02  4.509E-02  4.381E-02  4.255E-02  4.130E-02  4.006E-02  3.883E-02  3.761E-02  3.639E-02  3.520E-02  3.401E-02  3.284E-02  3.167E-02  3.052E-02  2.938E-02  2.825E-02  2.714E-02  2.604E-02  2.496E-02  2.388E-02  2.282E-02  2.178E-02  2.075E-02  1.974E-02  1.874E-02  1.776E-02  1.680E-02  1.586E-02  1.494E-02  1.404E-02  1.315E-02  1.229E-02  1.146E-02  1.065E-02  9.862E-03  9.104E-03  8.372E-03  7.677E-03  7.018E-03  6.357E-03  5.632E-03  5.015E-03  4.496E-03  4.057E-03  3.539E-03  3.125E-03  2.706E-03  2.383E-03  2.023E-03  1.718E-03  1.454E-03  1.221E-03  1.019E-03  8.452E-04
  348.5000  6.148E-02  5.999E-02  5.851E-02  5.703E-02  5.557E-02  5.412E-02  5.269E-02  5.126E-02  4.985E-02  4.844E-02  4.705E-02  4.567E-02  4.430E-02  4.295E-02  4.160E-02  4.027E-02  3.895E-02  3.764E-02  3.635E-02  3.506E-02  3.379E-02  3.254E-02  3.130E-02  3.007E-02  2.886E-02  2.766E-02  2.647E-02  2.530E-02  2.415E-02  2.302E-02  2.190E-02  2.080E-02  1.972E-02  1.866E-02  1.762E-02  1.660E-02  1.560E-02  1.462E-02  1.367E-02  1.275E-02  1.185E-02  1.098E-02  1.014E-02  9.324E-03  8.552E-03  7.821E-03  7.086E-03  6.279E-03  5.593E-03  5.015E-03  4.527E-03  3.949E-03  3.489E-03  3.021E-03  2.661E-03  2.260E-03  1.919E-03  1.623E-03  1.363E-03  1.137E-03  9.434E-04
  349.5000  5.152E-02  5.027E-02  4.903E-02  4.779E-02  4.657E-02  4.536E-02  4.415E-02  4.296E-02  4.177E-02  4.059E-02  3.942E-02  3.827E-02  3.712E-02  3.599E-02  3.486E-02  3.374E-02  3.263E-02  3.154E-02  3.045E-02  2.938E-02  2.831E-02  2.726E-02  2.622E-02  2.519E-02  2.417E-02  2.317E-02  2.217E-02  2.120E-02  2.023E-02  1.928E-02  1.835E-02  1.742E-02  1.652E-02  1.563E-02  1.475E-02  1.390E-02  1.306E-02  1.224E-02  1.145E-02  1.067E-02  9.917E-03  9.187E-03  8.483E-03  7.803E-03  7.156E-03  6.544E-03  5.928E-03  5.253E-03  4.678E-03  4.194E-03  3.785E-03  3.302E-03  2.916E-03  2.524E-03  2.223E-03  1.888E-03  1.603E-03  1.356E-03  1.139E-03  9.495E-04  7.874E-04
  350.5000  7.225E-02  7.050E-02  6.876E-02  6.703E-02  6.531E-02  6.361E-02  6.192E-02  6.025E-02  5.859E-02  5.693E-02  5.530E-02  5.368E-02  5.207E-02  5.048E-02  4.890E-02  4.733E-02  4.578E-02  4.425E-02  4.273E-02  4.122E-02  3.972E-02  3.825E-02  3.679E-02  3.535E-02  3.393E-02  3.252E-02  3.112E-02  2.975E-02  2.840E-02  2.707E-02  2.575E-02  2.446E-02  2.319E-02  2.194E-02  2.072E-02  1.952E-02  1.835E-02  1.719E-02  1.608E-02  1.499E-02  1.393E-02  1.291E-02  1.192E-02  1.096E-02  1.005E-02  9.194E-03  8.329E-03  7.380E-03  6.572E-03  5.892E-03  5.317E-03  4.638E-03  4.096E-03  3.546E-03  3.123E-03  2.651E-03  2.251E-03  1.903E-03  1.598E-03  1.333E-03  1.105E-03
  351.5000  6.221E-02  6.070E-02  5.920E-02  5.770E-02  5.622E-02  5.476E-02  5.330E-02  5.186E-02  5.043E-02  4.900E-02  4.759E-02  4.620E-02  4.481E-02  4.344E-02  4.208E-02  4.072E-02  3.939E-02  3.807E-02  3.676E-02  3.546E-02  3.417E-02  3.290E-02  3.164E-02  3.040E-02  2.917E-02  2.796E-02  2.676E-02  2.558E-02  2.441E-02  2.327E-02  2.214E-02  2.102E-02  1.993E-02  1.885E-02  1.780E-02  1.677E-02  1.576E-02  1.477E-02  1.380E-02  1.287E-02  1.196E-02  1.108E-02  1.023E-02  9.405E-03  8.625E-03  7.885E-03  7.142E-03  6.327E-03  5.633E-03  5.049E-03  4.555E-03  3.972E-03  3.507E-03  3.036E-03  2.673E-03  2.269E-03  1.925E-03  1.628E-03  1.367E-03  1.139E-03  9.445E-04
  352.5000  5.622E-02  5.485E-02  5.350E-02  5.215E-02  5.081E-02  4.949E-02  4.818E-02  4.687E-02  4.558E-02  4.429E-02  4.302E-02  4.176E-02  4.051E-02  3.927E-02  3.804E-02  3.682E-02  3.562E-02  3.442E-02  3.324E-02  3.207E-02  3.090E-02  2.976E-02  2.862E-02  2.750E-02  2.639E-02  2.530E-02  2.421E-02  2.314E-02  2.209E-02  2.106E-02  2.003E-02  1.902E-02  1.804E-02  1.707E-02  1.611E-02  1.518E-02  1.427E-02  1.337E-02  1.250E-02  1.165E-02  1.083E-02  1.003E-02  9.265E-03  8.521E-03  7.815E-03  7.145E-03  6.472E-03  5.734E-03  5.105E-03  4.576E-03  4.128E-03  3.600E-03  3.179E-03  2.751E-03  2.422E-03  2.056E-03  1.745E-03  1.475E-03  1.238E-03  1.032E-03  8.553E-04
  353.5000  6.786E-02  6.622E-02  6.459E-02  6.296E-02  6.135E-02  5.976E-02  5.817E-02  5.660E-02  5.505E-02  5.349E-02  5.196E-02  5.044E-02  4.894E-02  4.744E-02  4.596E-02  4.449E-02  4.303E-02  4.159E-02  4.017E-02  3.876E-02  3.735E-02  3.597E-02  3.460E-02  3.325E-02  3.191E-02  3.059E-02  2.928E-02  2.799E-02  2.672E-02  2.547E-02  2.424E-02  2.302E-02  2.183E-02  2.066E-02  1.951E-02  1.838E-02  1.728E-02  1.620E-02  1.514E-02  1.412E-02  1.312E-02  1.216E-02  1.123E-02  1.033E-02  9.475E-03  8.664E-03  7.849E-03  6.954E-03  6.192E-03  5.551E-03  5.009E-03  4.368E-03  3.857E-03  3.338E-03  2.939E-03  2.494E-03  2.117E-03  1.789E-03  1.502E-03  1.252E-03  1.037E-03
  354.5000  7.363E-02  7.185E-02  7.008E-02  6.831E-02  6.657E-02  6.484E-02  6.313E-02  6.143E-02  5.974E-02  5.806E-02  5.640E-02  5.475E-02  5.312E-02  5.150E-02  4.990E-02  4.830E-02  4.672E-02  4.516E-02  4.362E-02  4.209E-02  4.057E-02  3.907E-02  3.758E-02  3.612E-02  3.467E-02  3.324E-02  3.182E-02  3.042E-02  2.904E-02  2.769E-02  2.635E-02  2.503E-02  2.373E-02  2.246E-02  2.122E-02  1.999E-02  1.879E-02  1.762E-02  1.648E-02  1.536E-02  1.428E-02  1.324E-02  1.222E-02  1.125E-02  1.032E-02  9.435E-03  8.548E-03  7.574E-03  6.744E-03  6.046E-03  5.456E-03  4.758E-03  4.202E-03  3.636E-03  3.202E-03  2.717E-03  2.306E-03  1.949E-03  1.636E-03  1.363E-03  1.129E-03
  355.5000  6.886E-02  6.720E-02  6.554E-02  6.389E-02  6.226E-02  6.065E-02  5.904E-02  5.745E-02  5.587E-02  5.430E-02  5.275E-02  5.121E-02  4.968E-02  4.817E-02  4.667E-02  4.517E-02  4.370E-02  4.224E-02  4.080E-02  3.937E-02  3.794E-02  3.654E-02  3.516E-02  3.378E-02  3.243E-02  3.109E-02  2.976E-02  2.846E-02  2.717E-02  2.590E-02  2.465E-02  2.341E-02  2.220E-02  2.101E-02  1.985E-02  1.870E-02  1.758E-02  1.648E-02  1.541E-02  1.437E-02  1.336E-02  1.238E-02  1.143E-02  1.052E-02  9.649E-03  8.824E-03  7.995E-03  7.084E-03  6.307E-03  5.654E-03  5.102E-03  4.449E-03  3.928E-03  3.399E-03  2.993E-03  2.539E-03  2.154E-03  1.821E-03  1.528E-03  1.273E-03  1.054E-03
  356.5000  6.393E-02  6.238E-02  6.085E-02  5.932E-02  5.780E-02  5.630E-02  5.481E-02  5.334E-02  5.187E-02  5.041E-02  4.897E-02  4.754E-02  4.612E-02  4.472E-02  4.332E-02  4.194E-02  4.057E-02  3.922E-02  3.787E-02  3.655E-02  3.522E-02  3.392E-02  3.264E-02  3.136E-02  3.011E-02  2.886E-02  2.763E-02  2.642E-02  2.522E-02  2.404E-02  2.288E-02  2.173E-02  2.061E-02  1.951E-02  1.842E-02  1.736E-02  1.632E-02  1.530E-02  1.431E-02  1.334E-02  1.240E-02  1.149E-02  1.061E-02  9.762E-03  8.954E-03  8.188E-03  7.418E-03  6.572E-03  5.851E-03  5.244E-03  4.731E-03  4.125E-03  3.642E-03  3.151E-03  2.774E-03  2.353E-03  1.996E-03  1.687E-03  1.415E-03  1.179E-03  9.760E-04
  357.5000  5.437E-02  5.306E-02  5.175E-02  5.045E-02  4.916E-02  4.788E-02  4.662E-02  4.536E-02  4.411E-02  4.287E-02  4.164E-02  4.043E-02  3.922E-02  3.803E-02  3.684E-02  3.566E-02  3.450E-02  3.335E-02  3.221E-02  3.108E-02  2.995E-02  2.885E-02  2.775E-02  2.667E-02  2.560E-02  2.454E-02  2.349E-02  2.246E-02  2.144E-02  2.044E-02  1.945E-02  1.848E-02  1.752E-02  1.658E-02  1.566E-02  1.476E-02  1.387E-02  1.300E-02  1.216E-02  1.134E-02  1.054E-02  9.765E-03  9.017E-03  8.295E-03  7.607E-03  6.956E-03  6.301E-03  5.582E-03  4.969E-03  4.453E-03  4.017E-03  3.502E-03  3.091E-03  2.674E-03  2.354E-03  1.996E-03  1.693E-03  1.430E-03  1.200E-03  9.992E-04  8.273E-04
  358.5000  4.202E-02  4.101E-02  4.000E-02  3.899E-02  3.799E-02  3.701E-02  3.603E-02  3.506E-02  3.410E-02  3.314E-02  3.219E-02  3.125E-02  3.032E-02  2.940E-02  2.848E-02  2.757E-02  2.667E-02  2.578E-02  2.490E-02  2.403E-02  2.316E-02  2.230E-02  2.146E-02  2.062E-02  1.980E-02  1.898E-02  1.817E-02  1.737E-02  1.659E-02  1.581E-02  1.505E-02  1.429E-02  1.356E-02  1.283E-02  1.212E-02  1.142E-02  1.074E-02  1.006E-02  9.411E-03  8.775E-03  8.158E-03  7.559E-03  6.980E-03  6.421E-03  5.889E-03  5.385E-03  4.878E-03  4.322E-03  3.847E-03  3.447E-03  3.110E-03  2.711E-03  2.393E-03  2.070E-03  1.822E-03  1.545E-03  1.310E-03  1.107E-03  9.287E-04  7.730E-04  6.398E-04
  359.5000  7.076E-02  6.905E-02  6.735E-02  6.565E-02  6.398E-02  6.232E-02  6.067E-02  5.903E-02  5.741E-02  5.580E-02  5.420E-02  5.262E-02  5.105E-02  4.950E-02  4.796E-02  4.642E-02  4.491E-02  4.341E-02  4.193E-02  4.046E-02  3.900E-02  3.756E-02  3.614E-02  3.473E-02  3.334E-02  3.196E-02  3.059E-02  2.925E-02  2.793E-02  2.663E-02  2.534E-02  2.407E-02  2.283E-02  2.160E-02  2.040E-02  1.923E-02  1.808E-02  1.695E-02  1.585E-02  1.478E-02  1.374E-02  1.273E-02  1.175E-02  1.081E-02  9.915E-03  9.066E-03  8.212E-03  7.274E-03  6.474E-03  5.802E-03  5.233E-03  4.561E-03  4.025E-03  3.481E-03  3.064E-03  2.598E-03  2.203E-03  1.860E-03  1.561E-03  1.299E-03  1.075E-03
  360.5000  6.563E-02  6.404E-02  6.247E-02  6.089E-02  5.934E-02  5.780E-02  5.627E-02  5.475E-02  5.325E-02  5.175E-02  5.027E-02  4.881E-02  4.735E-02  4.591E-02  4.448E-02  4.306E-02  4.166E-02  4.027E-02  3.889E-02  3.753E-02  3.617E-02  3.484E-02  3.352E-02  3.221E-02  3.092E-02  2.965E-02  2.838E-02  2.714E-02  2.591E-02  2.470E-02  2.351E-02  2.233E-02  2.118E-02  2.004E-02  1.893E-02  1.784E-02  1.677E-02  1.572E-02  1.470E-02  1.371E-02  1.274E-02  1.181E-02  1.090E-02  1.003E-02  9.197E-03  8.408E-03  7.616E-03  6.746E-03  6.004E-03  5.380E-03  4.852E-03  4.228E-03  3.731E-03  3.227E-03  2.839E-03  2.407E-03  2.041E-03  1.723E-03  1.445E-03  1.203E-03  9.952E-04
  361.5000  5.924E-02  5.781E-02  5.638E-02  5.496E-02  5.356E-02  5.217E-02  5.079E-02  4.943E-02  4.807E-02  4.672E-02  4.538E-02  4.406E-02  4.275E-02  4.145E-02  4.016E-02  3.887E-02  3.761E-02  3.636E-02  3.511E-02  3.389E-02  3.266E-02  3.146E-02  3.027E-02  2.909E-02  2.792E-02  2.677E-02  2.563E-02  2.451E-02  2.340E-02  2.231E-02  2.123E-02  2.017E-02  1.913E-02  1.810E-02  1.710E-02  1.611E-02  1.515E-02  1.420E-02  1.328E-02  1.238E-02  1.151E-02  1.067E-02  9.851E-03  9.062E-03  8.310E-03  7.598E-03  6.882E-03  6.096E-03  5.425E-03  4.861E-03  4.384E-03  3.820E-03  3.371E-03  2.915E-03  2.565E-03  2.174E-03  1.843E-03  1.556E-03  1.304E-03  1.086E-03  8.980E-04
  362.5000  6.963E-02  6.794E-02  6.627E-02  6.460E-02  6.296E-02  6.132E-02  5.970E-02  5.809E-02  5.650E-02  5.491E-02  5.334E-02  5.179E-02  5.025E-02  4.872E-02  4.720E-02  4.570E-02  4.421E-02  4.274E-02  4.128E-02  3.983E-02  3.840E-02  3.698E-02  3.558E-02  3.420E-02  3.283E-02  3.148E-02  3.013E-02  2.882E-02  2.751E-02  2.623E-02  2.497E-02  2.372E-02  2.249E-02  2.129E-02  2.011E-02  1.895E-02  1.782E-02  1.670E-02  1.562E-02  1.456E-02  1.354E-02  1.255E-02  1.158E-02  1.066E-02  9.773E-03  8.935E-03  8.093E-03  7.168E-03  6.379E-03  5.715E-03  5.154E-03  4.491E-03  3.963E-03  3.426E-03  3.014E-03  2.555E-03  2.166E-03  1.828E-03  1.533E-03  1.275E-03  1.054E-03
  363.5000  6.198E-02  6.048E-02  5.899E-02  5.751E-02  5.604E-02  5.459E-02  5.314E-02  5.171E-02  5.029E-02  4.888E-02  4.748E-02  4.610E-02  4.473E-02  4.337E-02  4.202E-02  4.068E-02  3.935E-02  3.804E-02  3.674E-02  3.546E-02  3.418E-02  3.292E-02  3.168E-02  3.044E-02  2.923E-02  2.802E-02  2.683E-02  2.565E-02  2.450E-02  2.335E-02  2.223E-02  2.111E-02  2.003E-02  1.895E-02  1.790E-02  1.687E-02  1.586E-02  1.487E-02  1.391E-02  1.297E-02  1.205E-02  1.117E-02  1.031E-02  9.487E-03  8.700E-03  7.954E-03  7.204E-03  6.380E-03  5.678E-03  5.086E-03  4.587E-03  3.996E-03  3.525E-03  3.048E-03  2.681E-03  2.272E-03  1.926E-03  1.625E-03  1.362E-03  1.133E-03  9.370E-04
  364.5000  6.764E-02  6.600E-02  6.437E-02  6.275E-02  6.115E-02  5.956E-02  5.799E-02  5.643E-02  5.488E-02  5.333E-02  5.181E-02  5.030E-02  4.880E-02  4.732E-02  4.585E-02  4.438E-02  4.294E-02  4.151E-02  4.009E-02  3.869E-02  3.730E-02  3.592E-02  3.456E-02  3.322E-02  3.189E-02  3.058E-02  2.927E-02  2.799E-02  2.673E-02  2.548E-02  2.425E-02  2.304E-02  2.185E-02  2.068E-02  1.953E-02  1.841E-02  1.731E-02  1.622E-02  1.517E-02  1.415E-02  1.315E-02  1.218E-02  1.125E-02  1.035E-02  9.489E-03  8.675E-03  7.856E-03  6.957E-03  6.191E-03  5.545E-03  5.000E-03  4.356E-03  3.842E-03  3.321E-03  2.921E-03  2.475E-03  2.097E-03  1.770E-03  1.483E-03  1.233E-03  1.020E-03
  365.5000  8.244E-02  8.044E-02  7.846E-02  7.648E-02  7.453E-02  7.259E-02  7.067E-02  6.877E-02  6.688E-02  6.500E-02  6.314E-02  6.130E-02  5.947E-02  5.766E-02  5.587E-02  5.409E-02  5.233E-02  5.058E-02  4.886E-02  4.715E-02  4.545E-02  4.377E-02  4.212E-02  4.048E-02  3.886E-02  3.726E-02  3.567E-02  3.411E-02  3.257E-02  3.105E-02  2.955E-02  2.807E-02  2.662E-02  2.520E-02  2.380E-02  2.243E-02  2.108E-02  1.976E-02  1.848E-02  1.723E-02  1.602E-02  1.484E-02  1.370E-02  1.260E-02  1.156E-02  1.056E-02  9.566E-03  8.471E-03  7.536E-03  6.749E-03  6.085E-03  5.300E-03  4.674E-03  4.040E-03  3.553E-03  3.010E-03  2.550E-03  2.151E-03  1.803E-03  1.499E-03  1.239E-03
  366.5000  8.732E-02  8.520E-02  8.310E-02  8.101E-02  7.894E-02  7.689E-02  7.486E-02  7.284E-02  7.084E-02  6.885E-02  6.688E-02  6.493E-02  6.300E-02  6.108E-02  5.919E-02  5.729E-02  5.543E-02  5.359E-02  5.176E-02  4.995E-02  4.815E-02  4.637E-02  4.462E-02  4.288E-02  4.117E-02  3.947E-02  3.779E-02  3.614E-02  3.451E-02  3.290E-02  3.131E-02  2.974E-02  2.821E-02  2.670E-02  2.522E-02  2.376E-02  2.234E-02  2.094E-02  1.959E-02  1.826E-02  1.697E-02  1.573E-02  1.452E-02  1.336E-02  1.225E-02  1.119E-02  1.014E-02  8.976E-03  7.985E-03  7.151E-03  6.446E-03  5.614E-03  4.951E-03  4.278E-03  3.762E-03  3.187E-03  2.700E-03  2.278E-03  1.908E-03  1.586E-03  1.311E-03
  367.5000  8.298E-02  8.097E-02  7.897E-02  7.698E-02  7.502E-02  7.307E-02  7.114E-02  6.922E-02  6.732E-02  6.543E-02  6.356E-02  6.171E-02  5.987E-02  5.805E-02  5.625E-02  5.445E-02  5.268E-02  5.093E-02  4.919E-02  4.747E-02  4.576E-02  4.408E-02  4.241E-02  4.076E-02  3.913E-02  3.752E-02  3.592E-02  3.435E-02  3.280E-02  3.127E-02  2.977E-02  2.828E-02  2.682E-02  2.538E-02  2.397E-02  2.259E-02  2.124E-02  1.991E-02  1.862E-02  1.736E-02  1.614E-02  1.495E-02  1.381E-02  1.270E-02  1.164E-02  1.064E-02  9.637E-03  8.534E-03  7.591E-03  6.798E-03  6.128E-03  5.336E-03  4.705E-03  4.065E-03  3.575E-03  3.028E-03  2.564E-03  2.163E-03  1.813E-03  1.506E-03  1.244E-03
  368.5000  7.293E-02  7.117E-02  6.941E-02  6.766E-02  6.593E-02  6.422E-02  6.252E-02  6.084E-02  5.917E-02  5.750E-02  5.586E-02  5.423E-02  5.262E-02  5.102E-02  4.943E-02  4.786E-02  4.630E-02  4.476E-02  4.323E-02  4.172E-02  4.022E-02  3.874E-02  3.727E-02  3.582E-02  3.439E-02  3.298E-02  3.157E-02  3.019E-02  2.883E-02  2.749E-02  2.616E-02  2.485E-02  2.357E-02  2.231E-02  2.107E-02  1.986E-02  1.867E-02  1.750E-02  1.637E-02  1.526E-02  1.418E-02  1.314E-02  1.213E-02  1.116E-02  1.023E-02  9.352E-03  8.468E-03  7.498E-03  6.669E-03  5.972E-03  5.382E-03  4.686E-03  4.132E-03  3.569E-03  3.138E-03  2.657E-03  2.250E-03  1.898E-03  1.591E-03  1.321E-03  1.091E-03
  369.5000  8.753E-02  8.541E-02  8.330E-02  8.120E-02  7.913E-02  7.707E-02  7.504E-02  7.301E-02  7.101E-02  6.901E-02  6.704E-02  6.509E-02  6.315E-02  6.123E-02  5.933E-02  5.743E-02  5.557E-02  5.372E-02  5.188E-02  5.007E-02  4.827E-02  4.649E-02  4.473E-02  4.299E-02  4.128E-02  3.958E-02  3.789E-02  3.623E-02  3.460E-02  3.299E-02  3.140E-02  2.983E-02  2.829E-02  2.678E-02  2.529E-02  2.383E-02  2.241E-02  2.100E-02  1.964E-02  1.831E-02  1.702E-02  1.577E-02  1.456E-02  1.339E-02  1.228E-02  1.122E-02  1.016E-02  8.996E-03  8.001E-03  7.164E-03  6.456E-03  5.621E-03  4.955E-03  4.280E-03  3.762E-03  3.185E-03  2.697E-03  2.274E-03  1.906E-03  1.582E-03  1.307E-03
  370.5000  7.946E-02  7.753E-02  7.562E-02  7.371E-02  7.183E-02  6.996E-02  6.811E-02  6.627E-02  6.445E-02  6.264E-02  6.085E-02  5.908E-02  5.732E-02  5.558E-02  5.385E-02  5.213E-02  5.044E-02  4.876E-02  4.709E-02  4.545E-02  4.381E-02  4.220E-02  4.060E-02  3.903E-02  3.747E-02  3.592E-02  3.439E-02  3.289E-02  3.141E-02  2.994E-02  2.850E-02  2.708E-02  2.568E-02  2.431E-02  2.296E-02  2.163E-02  2.034E-02  1.907E-02  1.783E-02  1.662E-02  1.545E-02  1.432E-02  1.322E-02  1.215E-02  1.114E-02  1.018E-02  9.220E-03  8.163E-03  7.260E-03  6.499E-03  5.856E-03  5.098E-03  4.493E-03  3.881E-03  3.411E-03  2.888E-03  2.444E-03  2.061E-03  1.727E-03  1.433E-03  1.184E-03
  371.5000  9.097E-02  8.876E-02  8.657E-02  8.439E-02  8.223E-02  8.009E-02  7.797E-02  7.587E-02  7.379E-02  7.171E-02  6.966E-02  6.763E-02  6.562E-02  6.362E-02  6.165E-02  5.968E-02  5.774E-02  5.582E-02  5.392E-02  5.203E-02  5.016E-02  4.831E-02  4.649E-02  4.468E-02  4.289E-02  4.113E-02  3.938E-02  3.766E-02  3.596E-02  3.428E-02  3.263E-02  3.100E-02  2.940E-02  2.783E-02  2.629E-02  2.477E-02  2.329E-02  2.183E-02  2.041E-02  1.903E-02  1.769E-02  1.639E-02  1.513E-02  1.391E-02  1.276E-02  1.166E-02  1.055E-02  9.344E-03  8.309E-03  7.438E-03  6.701E-03  5.833E-03  5.141E-03  4.439E-03  3.901E-03  3.302E-03  2.795E-03  2.356E-03  1.973E-03  1.638E-03  1.352E-03
  372.5000  6.724E-02  6.560E-02  6.398E-02  6.237E-02  6.078E-02  5.919E-02  5.763E-02  5.607E-02  5.453E-02  5.300E-02  5.148E-02  4.998E-02  4.850E-02  4.702E-02  4.556E-02  4.411E-02  4.267E-02  4.125E-02  3.985E-02  3.846E-02  3.707E-02  3.571E-02  3.436E-02  3.302E-02  3.170E-02  3.040E-02  2.911E-02  2.783E-02  2.658E-02  2.534E-02  2.412E-02  2.291E-02  2.173E-02  2.057E-02  1.943E-02  1.831E-02  1.721E-02  1.614E-02  1.509E-02  1.407E-02  1.308E-02  1.211E-02  1.118E-02  1.028E-02  9.428E-03  8.616E-03  7.800E-03  6.905E-03  6.140E-03  5.496E-03  4.951E-03  4.309E-03  3.797E-03  3.279E-03  2.881E-03  2.438E-03  2.063E-03  1.739E-03  1.455E-03  1.208E-03  9.975E-04
  373.5000  6.080E-02  5.932E-02  5.786E-02  5.640E-02  5.495E-02  5.353E-02  5.211E-02  5.070E-02  4.931E-02  4.792E-02  4.655E-02  4.519E-02  4.385E-02  4.252E-02  4.120E-02  3.988E-02  3.858E-02  3.730E-02  3.603E-02  3.477E-02  3.352E-02  3.229E-02  3.107E-02  2.986E-02  2.867E-02  2.749E-02  2.632E-02  2.517E-02  2.403E-02  2.291E-02  2.181E-02  2.072E-02  1.965E-02  1.860E-02  1.757E-02  1.656E-02  1.556E-02  1.459E-02  1.364E-02  1.272E-02  1.182E-02  1.095E-02  1.011E-02  9.297E-03  8.523E-03  7.788E-03  7.050E-03  6.240E-03  5.549E-03  4.966E-03  4.473E-03  3.893E-03  3.430E-03  2.961E-03  2.601E-03  2.201E-03  1.863E-03  1.570E-03  1.313E-03  1.090E-03  8.998E-04
  374.5000  6.676E-02  6.514E-02  6.353E-02  6.192E-02  6.034E-02  5.877E-02  5.721E-02  5.567E-02  5.414E-02  5.261E-02  5.111E-02  4.962E-02  4.814E-02  4.668E-02  4.523E-02  4.379E-02  4.236E-02  4.095E-02  3.956E-02  3.818E-02  3.680E-02  3.545E-02  3.411E-02  3.278E-02  3.147E-02  3.018E-02  2.889E-02  2.763E-02  2.639E-02  2.516E-02  2.395E-02  2.275E-02  2.157E-02  2.042E-02  1.929E-02  1.818E-02  1.709E-02  1.602E-02  1.498E-02  1.396E-02  1.298E-02  1.202E-02  1.110E-02  1.021E-02  9.355E-03  8.548E-03  7.738E-03  6.849E-03  6.089E-03  5.449E-03  4.908E-03  4.270E-03  3.762E-03  3.247E-03  2.853E-03  2.413E-03  2.042E-03  1.720E-03  1.440E-03  1.195E-03  9.856E-04
  375.5000  7.537E-02  7.354E-02  7.172E-02  6.991E-02  6.812E-02  6.635E-02  6.459E-02  6.285E-02  6.112E-02  5.940E-02  5.770E-02  5.602E-02  5.435E-02  5.270E-02  5.106E-02  4.943E-02  4.782E-02  4.623E-02  4.466E-02  4.310E-02  4.155E-02  4.002E-02  3.851E-02  3.701E-02  3.553E-02  3.407E-02  3.262E-02  3.120E-02  2.979E-02  2.840E-02  2.704E-02  2.568E-02  2.436E-02  2.306E-02  2.178E-02  2.052E-02  1.929E-02  1.809E-02  1.691E-02  1.577E-02  1.465E-02  1.358E-02  1.253E-02  1.152E-02  1.056E-02  9.650E-03  8.735E-03  7.731E-03  6.873E-03  6.150E-03  5.539E-03  4.819E-03  4.245E-03  3.663E-03  3.218E-03  2.722E-03  2.302E-03  1.940E-03  1.622E-03  1.346E-03  1.111E-03
  376.5000  7.531E-02  7.348E-02  7.166E-02  6.985E-02  6.806E-02  6.629E-02  6.453E-02  6.279E-02  6.106E-02  5.934E-02  5.765E-02  5.597E-02  5.430E-02  5.265E-02  5.102E-02  4.939E-02  4.778E-02  4.619E-02  4.462E-02  4.306E-02  4.151E-02  3.998E-02  3.847E-02  3.698E-02  3.550E-02  3.404E-02  3.260E-02  3.117E-02  2.977E-02  2.838E-02  2.702E-02  2.566E-02  2.434E-02  2.304E-02  2.176E-02  2.051E-02  1.928E-02  1.807E-02  1.690E-02  1.576E-02  1.464E-02  1.356E-02  1.252E-02  1.151E-02  1.055E-02  9.642E-03  8.727E-03  7.724E-03  6.866E-03  6.143E-03  5.532E-03  4.812E-03  4.238E-03  3.657E-03  3.212E-03  2.717E-03  2.298E-03  1.935E-03  1.617E-03  1.343E-03  1.107E-03
  377.5000  8.973E-02  8.754E-02  8.538E-02  8.322E-02  8.109E-02  7.898E-02  7.689E-02  7.481E-02  7.275E-02  7.070E-02  6.868E-02  6.668E-02  6.469E-02  6.273E-02  6.078E-02  5.884E-02  5.693E-02  5.503E-02  5.316E-02  5.130E-02  4.946E-02  4.764E-02  4.584E-02  4.406E-02  4.230E-02  4.056E-02  3.884E-02  3.714E-02  3.547E-02  3.382E-02  3.219E-02  3.058E-02  2.900E-02  2.745E-02  2.593E-02  2.444E-02  2.297E-02  2.153E-02  2.014E-02  1.877E-02  1.745E-02  1.616E-02  1.492E-02  1.372E-02  1.257E-02  1.149E-02  1.040E-02  9.200E-03  8.178E-03  7.316E-03  6.587E-03  5.730E-03  5.046E-03  4.354E-03  3.823E-03  3.233E-03  2.734E-03  2.303E-03  1.923E-03  1.597E-03  1.317E-03
  378.5000  9.785E-02  9.546E-02  9.310E-02  9.075E-02  8.842E-02  8.612E-02  8.384E-02  8.157E-02  7.933E-02  7.709E-02  7.489E-02  7.270E-02  7.054E-02  6.840E-02  6.627E-02  6.416E-02  6.207E-02  6.001E-02  5.796E-02  5.594E-02  5.392E-02  5.194E-02  4.998E-02  4.804E-02  4.612E-02  4.423E-02  4.235E-02  4.050E-02  3.867E-02  3.687E-02  3.510E-02  3.334E-02  3.162E-02  2.993E-02  2.827E-02  2.664E-02  2.505E-02  2.348E-02  2.196E-02  2.047E-02  1.902E-02  1.762E-02  1.627E-02  1.495E-02  1.371E-02  1.252E-02  1.133E-02  1.003E-02  8.914E-03  7.973E-03  7.178E-03  6.243E-03  5.497E-03  4.743E-03  4.164E-03  3.520E-03  2.977E-03  2.506E-03  2.093E-03  1.737E-03  1.432E-03
  379.5000  7.243E-02  7.066E-02  6.891E-02  6.717E-02  6.545E-02  6.374E-02  6.205E-02  6.038E-02  5.872E-02  5.706E-02  5.543E-02  5.381E-02  5.221E-02  5.062E-02  4.905E-02  4.748E-02  4.594E-02  4.441E-02  4.290E-02  4.140E-02  3.991E-02  3.844E-02  3.699E-02  3.556E-02  3.414E-02  3.274E-02  3.134E-02  2.997E-02  2.862E-02  2.729E-02  2.598E-02  2.468E-02  2.341E-02  2.216E-02  2.093E-02  1.972E-02  1.854E-02  1.738E-02  1.625E-02  1.515E-02  1.408E-02  1.304E-02  1.204E-02  1.107E-02  1.014E-02  9.266E-03  8.385E-03  7.420E-03  6.595E-03  5.898E-03  5.310E-03  4.617E-03  4.065E-03  3.507E-03  3.078E-03  2.602E-03  2.200E-03  1.852E-03  1.547E-03  1.283E-03  1.058E-03
  380.5000  8.715E-02  8.503E-02  8.292E-02  8.082E-02  7.875E-02  7.670E-02  7.466E-02  7.265E-02  7.065E-02  6.866E-02  6.669E-02  6.475E-02  6.282E-02  6.091E-02  5.902E-02  5.713E-02  5.527E-02  5.344E-02  5.162E-02  4.981E-02  4.802E-02  4.626E-02  4.451E-02  4.278E-02  4.108E-02  3.939E-02  3.771E-02  3.607E-02  3.444E-02  3.284E-02  3.126E-02  2.970E-02  2.817E-02  2.666E-02  2.518E-02  2.373E-02  2.231E-02  2.091E-02  1.955E-02  1.823E-02  1.694E-02  1.569E-02  1.448E-02  1.332E-02  1.220E-02  1.115E-02  1.009E-02  8.927E-03  7.933E-03  7.094E-03  6.386E-03  5.553E-03  4.888E-03  4.216E-03  3.700E-03  3.127E-03  2.643E-03  2.225E-03  1.858E-03  1.541E-03  1.270E-03
  381.5000  8.194E-02  7.994E-02  7.796E-02  7.599E-02  7.404E-02  7.211E-02  7.020E-02  6.830E-02  6.642E-02  6.455E-02  6.270E-02  6.087E-02  5.906E-02  5.726E-02  5.548E-02  5.371E-02  5.196E-02  5.024E-02  4.852E-02  4.683E-02  4.515E-02  4.349E-02  4.185E-02  4.022E-02  3.862E-02  3.703E-02  3.546E-02  3.391E-02  3.238E-02  3.088E-02  2.939E-02  2.792E-02  2.648E-02  2.507E-02  2.368E-02  2.231E-02  2.098E-02  1.966E-02  1.838E-02  1.714E-02  1.593E-02  1.475E-02  1.362E-02  1.252E-02  1.147E-02  1.048E-02  9.482E-03  8.391E-03  7.456E-03  6.667E-03  6.001E-03  5.217E-03  4.592E-03  3.960E-03  3.475E-03  2.937E-03  2.482E-03  2.089E-03  1.743E-03  1.446E-03  1.192E-03
  382.5000  5.463E-02  5.330E-02  5.198E-02  5.066E-02  4.936E-02  4.807E-02  4.680E-02  4.553E-02  4.428E-02  4.303E-02  4.180E-02  4.058E-02  3.937E-02  3.817E-02  3.698E-02  3.580E-02  3.464E-02  3.349E-02  3.235E-02  3.122E-02  3.010E-02  2.899E-02  2.790E-02  2.681E-02  2.574E-02  2.469E-02  2.364E-02  2.261E-02  2.159E-02  2.058E-02  1.959E-02  1.861E-02  1.765E-02  1.671E-02  1.578E-02  1.487E-02  1.398E-02  1.311E-02  1.226E-02  1.143E-02  1.062E-02  9.835E-03  9.078E-03  8.345E-03  7.647E-03  6.985E-03  6.320E-03  5.592E-03  4.969E-03  4.443E-03  3.998E-03  3.476E-03  3.059E-03  2.637E-03  2.314E-03  1.955E-03  1.652E-03  1.390E-03  1.160E-03  9.623E-04  7.927E-04
  383.5000  4.800E-02  4.683E-02  4.566E-02  4.451E-02  4.336E-02  4.223E-02  4.111E-02  4.000E-02  3.890E-02  3.780E-02  3.672E-02  3.565E-02  3.458E-02  3.353E-02  3.249E-02  3.145E-02  3.043E-02  2.942E-02  2.842E-02  2.742E-02  2.644E-02  2.547E-02  2.451E-02  2.356E-02  2.262E-02  2.169E-02  2.076E-02  1.986E-02  1.896E-02  1.808E-02  1.721E-02  1.635E-02  1.551E-02  1.468E-02  1.387E-02  1.307E-02  1.229E-02  1.152E-02  1.077E-02  1.004E-02  9.329E-03  8.640E-03  7.974E-03  7.330E-03  6.717E-03  6.135E-03  5.551E-03  4.912E-03  4.364E-03  3.902E-03  3.511E-03  3.052E-03  2.685E-03  2.315E-03  2.031E-03  1.716E-03  1.449E-03  1.219E-03  1.018E-03  8.437E-04  6.949E-04
  384.5000  7.207E-02  7.031E-02  6.856E-02  6.683E-02  6.511E-02  6.341E-02  6.173E-02  6.006E-02  5.840E-02  5.675E-02  5.513E-02  5.352E-02  5.192E-02  5.034E-02  4.878E-02  4.722E-02  4.569E-02  4.417E-02  4.266E-02  4.117E-02  3.969E-02  3.823E-02  3.679E-02  3.537E-02  3.396E-02  3.256E-02  3.118E-02  2.982E-02  2.847E-02  2.715E-02  2.585E-02  2.455E-02  2.329E-02  2.204E-02  2.082E-02  1.962E-02  1.845E-02  1.729E-02  1.617E-02  1.507E-02  1.401E-02  1.297E-02  1.197E-02  1.101E-02  1.008E-02  9.210E-03  8.333E-03  7.373E-03  6.550E-03  5.856E-03  5.268E-03  4.579E-03  4.028E-03  3.472E-03  3.046E-03  2.573E-03  2.173E-03  1.828E-03  1.525E-03  1.264E-03  1.041E-03
  385.5000  7.134E-02  6.960E-02  6.787E-02  6.615E-02  6.445E-02  6.277E-02  6.110E-02  5.945E-02  5.781E-02  5.617E-02  5.457E-02  5.297E-02  5.139E-02  4.983E-02  4.828E-02  4.674E-02  4.522E-02  4.372E-02  4.223E-02  4.075E-02  3.929E-02  3.784E-02  3.642E-02  3.501E-02  3.361E-02  3.223E-02  3.086E-02  2.951E-02  2.819E-02  2.687E-02  2.558E-02  2.430E-02  2.305E-02  2.182E-02  2.061E-02  1.942E-02  1.826E-02  1.712E-02  1.600E-02  1.492E-02  1.386E-02  1.284E-02  1.185E-02  1.089E-02  9.982E-03  9.116E-03  8.247E-03  7.297E-03  6.482E-03  5.794E-03  5.212E-03  4.530E-03  3.984E-03  3.434E-03  3.012E-03  2.544E-03  2.148E-03  1.807E-03  1.507E-03  1.249E-03  1.028E-03
  386.5000  7.276E-02  7.098E-02  6.922E-02  6.746E-02  6.573E-02  6.401E-02  6.231E-02  6.062E-02  5.895E-02  5.729E-02  5.565E-02  5.402E-02  5.241E-02  5.081E-02  4.924E-02  4.766E-02  4.611E-02  4.458E-02  4.306E-02  4.156E-02  4.006E-02  3.859E-02  3.714E-02  3.570E-02  3.427E-02  3.287E-02  3.147E-02  3.010E-02  2.874E-02  2.741E-02  2.609E-02  2.479E-02  2.351E-02  2.225E-02  2.102E-02  1.981E-02  1.862E-02  1.746E-02  1.632E-02  1.522E-02  1.414E-02  1.310E-02  1.209E-02  1.111E-02  1.018E-02  9.295E-03  8.409E-03  7.440E-03  6.609E-03  5.907E-03  5.313E-03  4.617E-03  4.060E-03  3.499E-03  3.068E-03  2.591E-03  2.188E-03  1.840E-03  1.534E-03  1.271E-03  1.047E-03
  387.5000  6.766E-02  6.600E-02  6.436E-02  6.273E-02  6.111E-02  5.952E-02  5.793E-02  5.636E-02  5.481E-02  5.326E-02  5.174E-02  5.022E-02  4.873E-02  4.724E-02  4.578E-02  4.431E-02  4.287E-02  4.145E-02  4.004E-02  3.864E-02  3.725E-02  3.588E-02  3.453E-02  3.319E-02  3.187E-02  3.056E-02  2.926E-02  2.798E-02  2.672E-02  2.548E-02  2.426E-02  2.305E-02  2.186E-02  2.069E-02  1.954E-02  1.842E-02  1.731E-02  1.623E-02  1.518E-02  1.415E-02  1.315E-02  1.218E-02  1.124E-02  1.033E-02  9.463E-03  8.641E-03  7.817E-03  6.916E-03  6.143E-03  5.490E-03  4.937E-03  4.290E-03  3.772E-03  3.250E-03  2.850E-03  2.406E-03  2.031E-03  1.708E-03  1.424E-03  1.180E-03  9.709E-04
  388.5000  6.785E-02  6.619E-02  6.454E-02  6.290E-02  6.128E-02  5.968E-02  5.809E-02  5.652E-02  5.496E-02  5.341E-02  5.188E-02  5.036E-02  4.886E-02  4.737E-02  4.590E-02  4.443E-02  4.299E-02  4.156E-02  4.014E-02  3.874E-02  3.735E-02  3.598E-02  3.462E-02  3.328E-02  3.195E-02  3.064E-02  2.934E-02  2.806E-02  2.680E-02  2.555E-02  2.432E-02  2.311E-02  2.192E-02  2.075E-02  1.960E-02  1.847E-02  1.736E-02  1.627E-02  1.522E-02  1.419E-02  1.318E-02  1.221E-02  1.127E-02  1.036E-02  9.488E-03  8.664E-03  7.837E-03  6.933E-03  6.158E-03  5.502E-03  4.948E-03  4.299E-03  3.780E-03  3.256E-03  2.854E-03  2.410E-03  2.034E-03  1.710E-03  1.426E-03  1.181E-03  9.715E-04
  389.5000  8.561E-02  8.351E-02  8.143E-02  7.936E-02  7.732E-02  7.530E-02  7.329E-02  7.131E-02  6.934E-02  6.738E-02  6.545E-02  6.354E-02  6.164E-02  5.976E-02  5.790E-02  5.606E-02  5.423E-02  5.243E-02  5.064E-02  4.888E-02  4.712E-02  4.539E-02  4.368E-02  4.198E-02  4.031E-02  3.866E-02  3.702E-02  3.540E-02  3.381E-02  3.224E-02  3.069E-02  2.916E-02  2.765E-02  2.618E-02  2.473E-02  2.330E-02  2.191E-02  2.053E-02  1.920E-02  1.790E-02  1.663E-02  1.540E-02  1.421E-02  1.306E-02  1.197E-02  1.093E-02  9.886E-03  8.745E-03  7.767E-03  6.940E-03  6.240E-03  5.420E-03  4.765E-03  4.105E-03  3.598E-03  3.036E-03  2.563E-03  2.154E-03  1.796E-03  1.487E-03  1.223E-03
  390.5000  8.414E-02  8.207E-02  8.003E-02  7.799E-02  7.599E-02  7.400E-02  7.203E-02  7.007E-02  6.814E-02  6.621E-02  6.431E-02  6.243E-02  6.057E-02  5.873E-02  5.690E-02  5.508E-02  5.329E-02  5.152E-02  4.976E-02  4.803E-02  4.630E-02  4.460E-02  4.292E-02  4.126E-02  3.961E-02  3.799E-02  3.637E-02  3.479E-02  3.322E-02  3.168E-02  3.016E-02  2.865E-02  2.718E-02  2.573E-02  2.430E-02  2.290E-02  2.153E-02  2.018E-02  1.887E-02  1.759E-02  1.634E-02  1.514E-02  1.397E-02  1.284E-02  1.176E-02  1.074E-02  9.714E-03  8.592E-03  7.630E-03  6.817E-03  6.129E-03  5.324E-03  4.680E-03  4.030E-03  3.532E-03  2.980E-03  2.515E-03  2.113E-03  1.762E-03  1.458E-03  1.199E-03
  391.5000  9.988E-02  9.743E-02  9.500E-02  9.258E-02  9.020E-02  8.784E-02  8.550E-02  8.318E-02  8.088E-02  7.859E-02  7.634E-02  7.411E-02  7.189E-02  6.970E-02  6.754E-02  6.538E-02  6.325E-02  6.115E-02  5.907E-02  5.700E-02  5.496E-02  5.294E-02  5.094E-02  4.897E-02  4.702E-02  4.509E-02  4.317E-02  4.129E-02  3.944E-02  3.760E-02  3.580E-02  3.401E-02  3.226E-02  3.054E-02  2.884E-02  2.718E-02  2.555E-02  2.395E-02  2.240E-02  2.088E-02  1.940E-02  1.797E-02  1.658E-02  1.524E-02  1.396E-02  1.275E-02  1.153E-02  1.020E-02  9.055E-03  8.089E-03  7.272E-03  6.316E-03  5.551E-03  4.780E-03  4.188E-03  3.534E-03  2.981E-03  2.505E-03  2.087E-03  1.728E-03  1.421E-03
  392.5000  7.494E-02  7.310E-02  7.128E-02  6.947E-02  6.768E-02  6.590E-02  6.415E-02  6.241E-02  6.068E-02  5.896E-02  5.727E-02  5.560E-02  5.394E-02  5.229E-02  5.067E-02  4.905E-02  4.745E-02  4.587E-02  4.431E-02  4.277E-02  4.123E-02  3.971E-02  3.822E-02  3.674E-02  3.527E-02  3.383E-02  3.239E-02  3.098E-02  2.959E-02  2.821E-02  2.686E-02  2.552E-02  2.420E-02  2.291E-02  2.164E-02  2.039E-02  1.917E-02  1.797E-02  1.680E-02  1.566E-02  1.456E-02  1.348E-02  1.244E-02  1.143E-02  1.047E-02  9.562E-03  8.648E-03  7.649E-03  6.792E-03  6.067E-03  5.453E-03  4.736E-03  4.162E-03  3.583E-03  3.139E-03  2.648E-03  2.234E-03  1.876E-03  1.564E-03  1.294E-03  1.064E-03
  393.5000  3.260E-02  3.180E-02  3.101E-02  3.022E-02  2.944E-02  2.867E-02  2.790E-02  2.714E-02  2.639E-02  2.565E-02  2.491E-02  2.418E-02  2.346E-02  2.275E-02  2.204E-02  2.133E-02  2.064E-02  1.995E-02  1.927E-02  1.860E-02  1.793E-02  1.727E-02  1.662E-02  1.598E-02  1.534E-02  1.471E-02  1.409E-02  1.347E-02  1.287E-02  1.227E-02  1.168E-02  1.110E-02  1.053E-02  9.965E-03  9.413E-03  8.871E-03  8.340E-03  7.817E-03  7.309E-03  6.814E-03  6.331E-03  5.863E-03  5.410E-03  4.972E-03  4.555E-03  4.158E-03  3.761E-03  3.326E-03  2.953E-03  2.638E-03  2.371E-03  2.059E-03  1.809E-03  1.557E-03  1.364E-03  1.150E-03  9.703E-04  8.149E-04  6.790E-04  5.617E-04  4.617E-04
  394.5000  7.676E-02  7.487E-02  7.300E-02  7.114E-02  6.931E-02  6.749E-02  6.569E-02  6.390E-02  6.214E-02  6.038E-02  5.864E-02  5.693E-02  5.523E-02  5.354E-02  5.188E-02  5.022E-02  4.859E-02  4.697E-02  4.537E-02  4.379E-02  4.221E-02  4.066E-02  3.913E-02  3.761E-02  3.612E-02  3.464E-02  3.317E-02  3.172E-02  3.029E-02  2.889E-02  2.750E-02  2.613E-02  2.478E-02  2.346E-02  2.216E-02  2.088E-02  1.963E-02  1.840E-02  1.721E-02  1.604E-02  1.491E-02  1.380E-02  1.274E-02  1.170E-02  1.072E-02  9.788E-03  8.852E-03  7.829E-03  6.951E-03  6.208E-03  5.579E-03  4.843E-03  4.255E-03  3.663E-03  3.208E-03  2.705E-03  2.281E-03  1.915E-03  1.596E-03  1.320E-03  1.085E-03
  395.5000  9.881E-02  9.639E-02  9.398E-02  9.158E-02  8.922E-02  8.688E-02  8.456E-02  8.226E-02  7.998E-02  7.772E-02  7.549E-02  7.328E-02  7.109E-02  6.892E-02  6.677E-02  6.464E-02  6.254E-02  6.046E-02  5.840E-02  5.636E-02  5.433E-02  5.234E-02  5.036E-02  4.841E-02  4.649E-02  4.458E-02  4.269E-02  4.083E-02  3.899E-02  3.718E-02  3.540E-02  3.363E-02  3.190E-02  3.020E-02  2.853E-02  2.688E-02  2.527E-02  2.369E-02  2.215E-02  2.065E-02  1.919E-02  1.777E-02  1.639E-02  1.507E-02  1.380E-02  1.260E-02  1.139E-02  1.008E-02  8.945E-03  7.988E-03  7.178E-03  6.231E-03  5.473E-03  4.711E-03  4.125E-03  3.478E-03  2.932E-03  2.462E-03  2.051E-03  1.696E-03  1.393E-03
  396.5000  5.806E-02  5.663E-02  5.521E-02  5.380E-02  5.241E-02  5.104E-02  4.967E-02  4.832E-02  4.699E-02  4.566E-02  4.434E-02  4.304E-02  4.176E-02  4.049E-02  3.922E-02  3.797E-02  3.674E-02  3.551E-02  3.430E-02  3.311E-02  3.192E-02  3.074E-02  2.959E-02  2.844E-02  2.731E-02  2.619E-02  2.508E-02  2.399E-02  2.291E-02  2.184E-02  2.080E-02  1.976E-02  1.874E-02  1.774E-02  1.676E-02  1.579E-02  1.485E-02  1.392E-02  1.301E-02  1.213E-02  1.127E-02  1.044E-02  9.631E-03  8.851E-03  8.107E-03  7.400E-03  6.692E-03  5.919E-03  5.254E-03  4.691E-03  4.215E-03  3.659E-03  3.213E-03  2.765E-03  2.421E-03  2.041E-03  1.720E-03  1.444E-03  1.203E-03  9.944E-04  8.167E-04
  397.5000  6.703E-02  6.538E-02  6.375E-02  6.212E-02  6.051E-02  5.892E-02  5.735E-02  5.579E-02  5.424E-02  5.271E-02  5.119E-02  4.969E-02  4.821E-02  4.674E-02  4.528E-02  4.383E-02  4.241E-02  4.100E-02  3.960E-02  3.822E-02  3.684E-02  3.549E-02  3.415E-02  3.283E-02  3.152E-02  3.023E-02  2.895E-02  2.769E-02  2.645E-02  2.522E-02  2.401E-02  2.281E-02  2.164E-02  2.048E-02  1.935E-02  1.823E-02  1.714E-02  1.607E-02  1.502E-02  1.401E-02  1.301E-02  1.205E-02  1.112E-02  1.022E-02  9.359E-03  8.543E-03  7.725E-03  6.832E-03  6.065E-03  5.415E-03  4.864E-03  4.222E-03  3.708E-03  3.190E-03  2.792E-03  2.354E-03  1.984E-03  1.665E-03  1.387E-03  1.146E-03  9.410E-04
  398.5000  1.152E-01  1.124E-01  1.096E-01  1.068E-01  1.040E-01  1.013E-01  9.859E-02  9.591E-02  9.325E-02  9.061E-02  8.800E-02  8.542E-02  8.287E-02  8.034E-02  7.784E-02  7.535E-02  7.290E-02  7.047E-02  6.807E-02  6.570E-02  6.333E-02  6.101E-02  5.871E-02  5.644E-02  5.419E-02  5.197E-02  4.977E-02  4.760E-02  4.546E-02  4.335E-02  4.127E-02  3.921E-02  3.720E-02  3.521E-02  3.326E-02  3.135E-02  2.947E-02  2.763E-02  2.583E-02  2.408E-02  2.237E-02  2.072E-02  1.912E-02  1.757E-02  1.609E-02  1.469E-02  1.328E-02  1.174E-02  1.042E-02  9.306E-03  8.360E-03  7.255E-03  6.370E-03  5.480E-03  4.796E-03  4.042E-03  3.406E-03  2.858E-03  2.380E-03  1.966E-03  1.614E-03
  399.5000  1.199E-01  1.170E-01  1.141E-01  1.111E-01  1.083E-01  1.054E-01  1.026E-01  9.980E-02  9.704E-02  9.428E-02  9.157E-02  8.889E-02  8.623E-02  8.360E-02  8.099E-02  7.840E-02  7.585E-02  7.332E-02  7.083E-02  6.836E-02  6.590E-02  6.348E-02  6.109E-02  5.872E-02  5.639E-02  5.408E-02  5.178E-02  4.953E-02  4.731E-02  4.511E-02  4.295E-02  4.081E-02  3.871E-02  3.664E-02  3.461E-02  3.262E-02  3.067E-02  2.875E-02  2.688E-02  2.506E-02  2.328E-02  2.156E-02  1.989E-02  1.828E-02  1.674E-02  1.528E-02  1.382E-02  1.222E-02  1.084E-02  9.681E-03  8.695E-03  7.545E-03  6.624E-03  5.698E-03  4.986E-03  4.201E-03  3.540E-03  2.969E-03  2.472E-03  2.042E-03  1.676E-03
------------------------------------------------------------
Dose rates,W m-2
   1 = UV index (WMO, 1994; Webb et al., 2011)           
   2 = Previtamin-D3 (CIE 2006)                          
values at z =      0.025 km
Columns: time,sza,weighting spectra
time,hrs.  sza,deg.          1          2
   18.0000     80.597  2.413E-01  5.448E-03
   18.0167     80.800  2.335E-01  5.216E-03
   18.0333     81.003  2.257E-01  4.992E-03
   18.0500     81.207  2.181E-01  4.775E-03
   18.0667     81.410  2.107E-01  4.566E-03
   18.0833     81.613  2.034E-01  4.364E-03
   18.1000     81.816  1.963E-01  4.169E-03
   18.1167     82.020  1.894E-01  3.982E-03
   18.1333     82.223  1.826E-01  3.801E-03
   18.1500     82.428  1.759E-01  3.626E-03
   18.1667     82.632  1.694E-01  3.458E-03
   18.1833     82.836  1.630E-01  3.296E-03
   18.2000     83.040  1.568E-01  3.141E-03
   18.2167     83.244  1.508E-01  2.992E-03
   18.2333     83.448  1.448E-01  2.848E-03
   18.2500     83.654  1.390E-01  2.709E-03
   18.2667     83.858  1.333E-01  2.577E-03
   18.2833     84.063  1.278E-01  2.449E-03
   18.3000     84.268  1.224E-01  2.327E-03
   18.3167     84.472  1.172E-01  2.210E-03
   18.3333     84.678  1.120E-01  2.097E-03
   18.3500     84.883  1.070E-01  1.989E-03
   18.3667     85.089  1.022E-01  1.886E-03
   18.3833     85.294  9.744E-02  1.787E-03
   18.4000     85.499  9.282E-02  1.692E-03
   18.4167     85.705  8.833E-02  1.601E-03
   18.4333     85.912  8.393E-02  1.514E-03
   18.4500     86.117  7.968E-02  1.431E-03
   18.4667     86.323  7.555E-02  1.351E-03
   18.4833     86.529  7.154E-02  1.275E-03
   18.5000     86.735  6.765E-02  1.202E-03
   18.5167     86.942  6.385E-02  1.132E-03
   18.5333     87.148  6.019E-02  1.066E-03
   18.5500     87.355  5.664E-02  1.002E-03
   18.5667     87.561  5.321E-02  9.411E-04
   18.5833     87.767  4.989E-02  8.829E-04
   18.6000     87.974  4.668E-02  8.272E-04
   18.6167     88.182  4.358E-02  7.738E-04
   18.6333     88.388  4.060E-02  7.231E-04
   18.6500     88.595  3.773E-02  6.746E-04
   18.6667     88.802  3.498E-02  6.284E-04
   18.6833     89.009  3.234E-02  5.844E-04
   18.7000     89.216  2.981E-02  5.424E-04
   18.7167     89.424  2.741E-02  5.024E-04
   18.7333     89.632  2.513E-02  4.648E-04
   18.7500     89.839  2.299E-02  4.293E-04
   18.7667     90.046  2.086E-02  3.939E-04
   18.7833     90.254  1.856E-02  3.553E-04
   18.8000     90.462  1.660E-02  3.222E-04
   18.8167     90.670  1.494E-02  2.941E-04
   18.8333     90.878  1.353E-02  2.701E-04
   18.8500     91.085  1.189E-02  2.415E-04
   18.8667     91.293  1.057E-02  2.184E-04
   18.8833     91.501  9.235E-03  1.943E-04
   18.9000     91.710  8.199E-03  1.755E-04
   18.9167     91.918  7.043E-03  1.539E-04
   18.9333     92.126  6.054E-03  1.349E-04
   18.9500     92.334  5.187E-03  1.179E-04
   18.9667     92.542  4.417E-03  1.024E-04
   18.9833     92.751  3.738E-03  8.831E-05
   19.0000     92.960  3.145E-03  7.566E-05
------------------------------------------------------------
