Spectral Irradiance,W m-2 nm-1
values at z =      0.025 km
Columns: wavelength (nm),times (hrs.) or sza (deg.)
    wc,nm     18.000     18.017     18.033     18.050     18.067     18.083     18.100     18.117     18.133     18.150     18.167     18.183     18.200     18.217     18.233     18.250     18.267     18.283     18.300     18.317     18.333     18.350     18.367     18.383     18.400     18.417     18.433     18.450     18.467     18.483     18.500     18.517     18.533     18.550     18.567     18.583     18.600     18.617     18.633     18.650     18.667     18.683     18.700     18.717     18.733     18.750     18.767     18.783     18.800     18.817     18.833     18.850     18.867     18.883     18.900     18.917     18.933     18.950     18.967     18.983     19.000
    sza =      83.438     83.637     83.837     84.038     84.238     84.438     84.639     84.839     85.040     85.242     85.443     85.644     85.846     86.047     86.249     86.451     86.653     86.855     87.057     87.260     87.463     87.666     87.868     88.071     88.274     88.477     88.681     88.885     89.088     89.292     89.495     89.700     89.904     90.108     90.312     90.517     90.721     90.926     91.131     91.336     91.541     91.745     91.951     92.157     92.362     92.567     92.773     92.978     93.185     93.391     93.596     93.802     94.008     94.214     94.422     94.628     94.834     95.041     95.247     95.454     95.662
  280.5000  4.414E-24  4.329E-24  4.245E-24  4.160E-24  4.075E-24  3.990E-24  3.905E-24  3.820E-24  3.735E-24  3.649E-24  3.564E-24  3.478E-24  3.392E-24  3.306E-24  3.219E-24  3.131E-24  3.043E-24  2.955E-24  2.866E-24  2.777E-24  2.687E-24  2.596E-24  2.505E-24  2.414E-24  2.321E-24  2.228E-24  2.134E-24  2.040E-24  1.945E-24  1.851E-24  1.756E-24  1.662E-24  1.570E-24  1.459E-24  1.344E-24  1.244E-24  1.157E-24  1.081E-24  9.709E-25  8.936E-25  7.964E-25  7.301E-25  6.403E-25  5.599E-25  4.873E-25  4.208E-25  3.603E-25  3.059E-25  2.576E-25  2.076E-25  1.690E-25  1.313E-25  1.007E-25  7.186E-26  4.822E-26  2.946E-26  1.529E-26  5.700E-27  1.125E-27  6.394E-29  5.323E-31
  281.5000  5.891E-22  5.777E-22  5.663E-22  5.549E-22  5.435E-22  5.322E-22  5.208E-22  5.094E-22  4.980E-22  4.866E-22  4.752E-22  4.637E-22  4.522E-22  4.407E-22  4.291E-22  4.174E-22  4.057E-22  3.939E-22  3.821E-22  3.702E-22  3.582E-22  3.462E-22  3.341E-22  3.218E-22  3.096E-22  2.972E-22  2.847E-22  2.722E-22  2.596E-22  2.470E-22  2.345E-22  2.219E-22  2.097E-22  1.949E-22  1.796E-22  1.663E-22  1.548E-22  1.447E-22  1.300E-22  1.197E-22  1.067E-22  9.782E-23  8.582E-23  7.508E-23  6.536E-23  5.647E-23  4.837E-23  4.108E-23  3.462E-23  2.794E-23  2.279E-23  1.779E-23  1.374E-23  9.917E-24  6.781E-24  4.266E-24  2.316E-24  9.315E-25  2.106E-25  1.534E-26  1.946E-28
  282.5000  2.703E-20  2.651E-20  2.598E-20  2.546E-20  2.493E-20  2.441E-20  2.388E-20  2.336E-20  2.284E-20  2.231E-20  2.178E-20  2.126E-20  2.073E-20  2.020E-20  1.967E-20  1.913E-20  1.859E-20  1.805E-20  1.751E-20  1.697E-20  1.642E-20  1.586E-20  1.531E-20  1.475E-20  1.419E-20  1.362E-20  1.305E-20  1.248E-20  1.191E-20  1.133E-20  1.076E-20  1.018E-20  9.622E-21  8.947E-21  8.246E-21  7.640E-21  7.112E-21  6.649E-21  5.975E-21  5.503E-21  4.908E-21  4.503E-21  3.951E-21  3.458E-21  3.012E-21  2.603E-21  2.230E-21  1.895E-21  1.599E-21  1.291E-21  1.055E-21  8.266E-22  6.419E-22  4.681E-22  3.251E-22  2.097E-22  1.183E-22  5.087E-23  1.296E-23  1.176E-24  2.168E-26
  283.5000  2.930E-19  2.873E-19  2.816E-19  2.758E-19  2.701E-19  2.644E-19  2.587E-19  2.530E-19  2.473E-19  2.416E-19  2.359E-19  2.302E-19  2.244E-19  2.187E-19  2.129E-19  2.071E-19  2.013E-19  1.954E-19  1.896E-19  1.837E-19  1.777E-19  1.717E-19  1.657E-19  1.597E-19  1.536E-19  1.475E-19  1.413E-19  1.351E-19  1.289E-19  1.227E-19  1.165E-19  1.103E-19  1.042E-19  9.694E-20  8.937E-20  8.281E-20  7.711E-20  7.210E-20  6.482E-20  5.972E-20  5.327E-20  4.888E-20  4.290E-20  3.756E-20  3.272E-20  2.829E-20  2.424E-20  2.061E-20  1.739E-20  1.406E-20  1.150E-20  9.030E-21  7.038E-21  5.164E-21  3.623E-21  2.375E-21  1.374E-21  6.168E-22  1.699E-22  1.782E-23  4.200E-25
  284.5000  1.384E-17  1.357E-17  1.330E-17  1.302E-17  1.275E-17  1.248E-17  1.221E-17  1.194E-17  1.167E-17  1.139E-17  1.112E-17  1.085E-17  1.058E-17  1.031E-17  1.003E-17  9.759E-18  9.484E-18  9.208E-18  8.931E-18  8.653E-18  8.372E-18  8.091E-18  7.808E-18  7.524E-18  7.238E-18  6.950E-18  6.660E-18  6.369E-18  6.078E-18  5.786E-18  5.495E-18  5.205E-18  4.920E-18  4.577E-18  4.221E-18  3.914E-18  3.646E-18  3.411E-18  3.068E-18  2.828E-18  2.524E-18  2.317E-18  2.036E-18  1.783E-18  1.554E-18  1.344E-18  1.153E-18  9.808E-19  8.284E-19  6.703E-19  5.493E-19  4.332E-19  3.397E-19  2.519E-19  1.797E-19  1.210E-19  7.295E-20  3.520E-20  1.103E-20  1.472E-21  5.236E-23
  285.5000  1.506E-16  1.476E-16  1.446E-16  1.416E-16  1.386E-16  1.356E-16  1.326E-16  1.297E-16  1.267E-16  1.237E-16  1.207E-16  1.178E-16  1.148E-16  1.118E-16  1.089E-16  1.059E-16  1.029E-16  9.987E-17  9.685E-17  9.383E-17  9.077E-17  8.772E-17  8.465E-17  8.157E-17  7.847E-17  7.536E-17  7.221E-17  6.907E-17  6.591E-17  6.276E-17  5.961E-17  5.647E-17  5.340E-17  4.969E-17  4.584E-17  4.251E-17  3.962E-17  3.708E-17  3.337E-17  3.077E-17  2.748E-17  2.524E-17  2.217E-17  1.944E-17  1.695E-17  1.467E-17  1.259E-17  1.072E-17  9.056E-18  7.335E-18  6.019E-18  4.761E-18  3.750E-18  2.802E-18  2.024E-18  1.391E-18  8.648E-19  4.410E-19  1.529E-19  2.465E-20  1.212E-21
  286.5000  4.258E-15  4.172E-15  4.086E-15  4.001E-15  3.916E-15  3.831E-15  3.746E-15  3.662E-15  3.577E-15  3.492E-15  3.408E-15  3.324E-15  3.240E-15  3.155E-15  3.071E-15  2.986E-15  2.901E-15  2.816E-15  2.731E-15  2.645E-15  2.559E-15  2.473E-15  2.386E-15  2.299E-15  2.212E-15  2.124E-15  2.035E-15  1.947E-15  1.858E-15  1.769E-15  1.680E-15  1.592E-15  1.506E-15  1.401E-15  1.293E-15  1.200E-15  1.118E-15  1.047E-15  9.425E-16  8.695E-16  7.769E-16  7.138E-16  6.274E-16  5.502E-16  4.800E-16  4.156E-16  3.568E-16  3.039E-16  2.570E-16  2.083E-16  1.711E-16  1.356E-16  1.072E-16  8.056E-17  5.873E-17  4.096E-17  2.608E-17  1.387E-17  5.198E-18  9.703E-19  6.128E-20
  287.5000  6.474E-14  6.342E-14  6.210E-14  6.078E-14  5.947E-14  5.817E-14  5.687E-14  5.557E-14  5.427E-14  5.298E-14  5.169E-14  5.040E-14  4.911E-14  4.782E-14  4.653E-14  4.523E-14  4.394E-14  4.264E-14  4.135E-14  4.004E-14  3.873E-14  3.742E-14  3.611E-14  3.479E-14  3.347E-14  3.214E-14  3.079E-14  2.946E-14  2.811E-14  2.677E-14  2.543E-14  2.410E-14  2.280E-14  2.122E-14  1.959E-14  1.818E-14  1.695E-14  1.588E-14  1.430E-14  1.320E-14  1.180E-14  1.084E-14  9.539E-15  8.370E-15  7.306E-15  6.329E-15  5.436E-15  4.633E-15  3.921E-15  3.181E-15  2.616E-15  2.079E-15  1.649E-15  1.246E-15  9.174E-16  6.501E-16  4.243E-16  2.359E-16  9.596E-17  2.093E-17  1.728E-18
  288.5000  9.470E-13  9.273E-13  9.077E-13  8.880E-13  8.686E-13  8.492E-13  8.299E-13  8.107E-13  7.915E-13  7.723E-13  7.533E-13  7.342E-13  7.152E-13  6.962E-13  6.772E-13  6.582E-13  6.392E-13  6.202E-13  6.011E-13  5.821E-13  5.629E-13  5.437E-13  5.245E-13  5.053E-13  4.860E-13  4.666E-13  4.471E-13  4.276E-13  4.082E-13  3.887E-13  3.693E-13  3.500E-13  3.311E-13  3.083E-13  2.847E-13  2.642E-13  2.465E-13  2.310E-13  2.081E-13  1.922E-13  1.719E-13  1.581E-13  1.392E-13  1.222E-13  1.068E-13  9.256E-14  7.956E-14  6.786E-14  5.748E-14  4.667E-14  3.844E-14  3.062E-14  2.438E-14  1.854E-14  1.379E-14  9.937E-15  6.657E-15  3.882E-15  1.725E-15  4.460E-16  4.939E-17
  289.5000  1.124E-11  1.100E-11  1.077E-11  1.053E-11  1.030E-11  1.006E-11  9.832E-12  9.601E-12  9.371E-12  9.140E-12  8.912E-12  8.684E-12  8.456E-12  8.229E-12  8.003E-12  7.775E-12  7.549E-12  7.322E-12  7.096E-12  6.869E-12  6.641E-12  6.413E-12  6.186E-12  5.958E-12  5.729E-12  5.500E-12  5.269E-12  5.039E-12  4.809E-12  4.580E-12  4.351E-12  4.124E-12  3.902E-12  3.634E-12  3.355E-12  3.115E-12  2.907E-12  2.725E-12  2.456E-12  2.269E-12  2.030E-12  1.868E-12  1.647E-12  1.446E-12  1.264E-12  1.096E-12  9.429E-13  8.047E-13  6.821E-13  5.543E-13  4.570E-13  3.647E-13  2.911E-13  2.224E-13  1.665E-13  1.215E-13  8.288E-14  5.003E-14  2.373E-14  6.958E-15  9.587E-16
  290.5000  8.641E-11  8.455E-11  8.270E-11  8.085E-11  7.903E-11  7.721E-11  7.541E-11  7.361E-11  7.182E-11  7.003E-11  6.826E-11  6.649E-11  6.473E-11  6.297E-11  6.122E-11  5.946E-11  5.771E-11  5.596E-11  5.421E-11  5.247E-11  5.071E-11  4.897E-11  4.722E-11  4.546E-11  4.371E-11  4.195E-11  4.019E-11  3.843E-11  3.667E-11  3.492E-11  3.317E-11  3.144E-11  2.975E-11  2.771E-11  2.558E-11  2.376E-11  2.265E-11  2.079E-11  1.875E-11  1.732E-11  1.551E-11  1.428E-11  1.259E-11  1.106E-11  9.674E-12  8.396E-12  7.226E-12  6.170E-12  5.233E-12  4.256E-12  3.512E-12  2.807E-12  2.245E-12  1.721E-12  1.296E-12  9.546E-13  6.612E-13  4.103E-13  2.053E-13  6.672E-14  1.100E-14
  291.5000  5.752E-10  5.624E-10  5.498E-10  5.373E-10  5.249E-10  5.125E-10  5.003E-10  4.881E-10  4.761E-10  4.640E-10  4.520E-10  4.401E-10  4.282E-10  4.164E-10  4.046E-10  3.928E-10  3.811E-10  3.694E-10  3.577E-10  3.461E-10  3.344E-10  3.227E-10  3.111E-10  2.994E-10  2.878E-10  2.761E-10  2.645E-10  2.528E-10  2.412E-10  2.296E-10  2.181E-10  2.067E-10  1.956E-10  1.822E-10  1.682E-10  1.562E-10  1.459E-10  1.368E-10  1.234E-10  1.141E-10  1.022E-10  9.412E-11  8.301E-11  7.301E-11  6.390E-11  5.550E-11  4.780E-11  4.085E-11  3.467E-11  2.823E-11  2.332E-11  1.867E-11  1.496E-11  1.152E-11  8.726E-12  6.492E-12  4.567E-12  2.920E-12  1.546E-12  5.614E-13  1.126E-13
  292.5000  2.560E-09  2.502E-09  2.445E-09  2.388E-09  2.331E-09  2.275E-09  2.220E-09  2.165E-09  2.110E-09  2.055E-09  2.001E-09  1.948E-09  1.894E-09  1.841E-09  1.788E-09  1.735E-09  1.683E-09  1.630E-09  1.578E-09  1.526E-09  1.474E-09  1.422E-09  1.370E-09  1.318E-09  1.267E-09  1.215E-09  1.163E-09  1.112E-09  1.060E-09  1.009E-09  9.583E-10  9.081E-10  8.590E-10  8.000E-10  7.389E-10  6.862E-10  6.408E-10  6.009E-10  5.422E-10  5.014E-10  4.493E-10  4.140E-10  3.654E-10  3.215E-10  2.816E-10  2.448E-10  2.109E-10  1.804E-10  1.532E-10  1.249E-10  1.032E-10  8.278E-11  6.648E-11  5.132E-11  3.908E-11  2.931E-11  2.088E-11  1.368E-11  7.594E-12  3.030E-12  7.173E-13
  293.5000  1.330E-08  1.299E-08  1.268E-08  1.238E-08  1.208E-08  1.178E-08  1.148E-08  1.119E-08  1.090E-08  1.061E-08  1.033E-08  1.004E-08  9.764E-09  9.484E-09  9.206E-09  8.928E-09  8.653E-09  8.379E-09  8.107E-09  7.835E-09  7.562E-09  7.292E-09  7.023E-09  6.754E-09  6.486E-09  6.219E-09  5.951E-09  5.685E-09  5.421E-09  5.157E-09  4.897E-09  4.638E-09  4.387E-09  4.085E-09  3.773E-09  3.504E-09  3.271E-09  3.069E-09  2.769E-09  2.561E-09  2.296E-09  2.117E-09  1.869E-09  1.646E-09  1.443E-09  1.255E-09  1.082E-09  9.261E-10  7.872E-10  6.421E-10  5.314E-10  4.267E-10  3.433E-10  2.658E-10  2.032E-10  1.536E-10  1.106E-10  7.407E-11  4.292E-11  1.865E-11  5.136E-12
  294.5000  4.041E-08  3.944E-08  3.848E-08  3.753E-08  3.660E-08  3.567E-08  3.476E-08  3.385E-08  3.296E-08  3.207E-08  3.119E-08  3.031E-08  2.945E-08  2.859E-08  2.773E-08  2.688E-08  2.604E-08  2.520E-08  2.437E-08  2.354E-08  2.271E-08  2.189E-08  2.107E-08  2.025E-08  1.944E-08  1.863E-08  1.782E-08  1.701E-08  1.621E-08  1.542E-08  1.464E-08  1.386E-08  1.311E-08  1.220E-08  1.127E-08  1.046E-08  9.767E-09  9.161E-09  8.269E-09  7.649E-09  6.860E-09  6.325E-09  5.587E-09  4.923E-09  4.317E-09  3.757E-09  3.242E-09  2.777E-09  2.362E-09  1.928E-09  1.597E-09  1.284E-09  1.035E-09  8.027E-10  6.160E-10  4.683E-10  3.403E-10  2.318E-10  1.391E-10  6.479E-11  2.023E-11
  295.5000  1.692E-07  1.650E-07  1.608E-07  1.567E-07  1.527E-07  1.487E-07  1.448E-07  1.409E-07  1.370E-07  1.332E-07  1.294E-07  1.257E-07  1.220E-07  1.184E-07  1.147E-07  1.111E-07  1.076E-07  1.040E-07  1.005E-07  9.702E-08  9.354E-08  9.009E-08  8.665E-08  8.324E-08  7.985E-08  7.647E-08  7.304E-08  6.976E-08  6.645E-08  6.316E-08  5.991E-08  5.671E-08  5.360E-08  4.988E-08  4.604E-08  4.275E-08  3.990E-08  3.742E-08  3.378E-08  3.125E-08  2.803E-08  2.585E-08  2.285E-08  2.014E-08  1.767E-08  1.539E-08  1.329E-08  1.139E-08  9.701E-09  7.927E-09  6.571E-09  5.291E-09  4.269E-09  3.320E-09  2.557E-09  1.956E-09  1.433E-09  9.925E-10  6.161E-10  3.076E-10  1.088E-10
  296.5000  4.580E-07  4.462E-07  4.346E-07  4.231E-07  4.118E-07  4.007E-07  3.897E-07  3.789E-07  3.682E-07  3.577E-07  3.473E-07  3.370E-07  3.268E-07  3.167E-07  3.068E-07  2.969E-07  2.871E-07  2.774E-07  2.679E-07  2.583E-07  2.489E-07  2.395E-07  2.302E-07  2.210E-07  2.118E-07  2.027E-07  1.936E-07  1.847E-07  1.758E-07  1.670E-07  1.583E-07  1.498E-07  1.415E-07  1.316E-07  1.214E-07  1.127E-07  1.051E-07  9.860E-08  8.899E-08  8.232E-08  7.386E-08  6.812E-08  6.022E-08  5.311E-08  4.664E-08  4.065E-08  3.513E-08  3.013E-08  2.567E-08  2.100E-08  1.742E-08  1.405E-08  1.135E-08  8.844E-09  6.831E-09  5.251E-09  3.873E-09  2.721E-09  1.738E-09  9.204E-10  3.626E-10
  297.5000  1.308E-06  1.273E-06  1.238E-06  1.204E-06  1.171E-06  1.138E-06  1.106E-06  1.074E-06  1.043E-06  1.012E-06  9.813E-07  9.513E-07  9.217E-07  8.924E-07  8.636E-07  8.349E-07  8.067E-07  7.788E-07  7.512E-07  7.239E-07  6.967E-07  6.699E-07  6.434E-07  6.171E-07  5.910E-07  5.651E-07  5.394E-07  5.140E-07  4.889E-07  4.641E-07  4.397E-07  4.157E-07  3.924E-07  3.648E-07  3.365E-07  3.121E-07  2.911E-07  2.729E-07  2.462E-07  2.277E-07  2.043E-07  1.885E-07  1.667E-07  1.471E-07  1.292E-07  1.126E-07  9.743E-08  8.363E-08  7.131E-08  5.839E-08  4.848E-08  3.914E-08  3.166E-08  2.472E-08  1.914E-08  1.477E-08  1.096E-08  7.788E-09  5.096E-09  2.834E-09  1.223E-09
  298.5000  2.215E-06  2.154E-06  2.093E-06  2.034E-06  1.975E-06  1.918E-06  1.861E-06  1.806E-06  1.752E-06  1.698E-06  1.645E-06  1.593E-06  1.542E-06  1.491E-06  1.441E-06  1.392E-06  1.344E-06  1.296E-06  1.249E-06  1.202E-06  1.156E-06  1.111E-06  1.066E-06  1.021E-06  9.770E-07  9.335E-07  8.901E-07  8.476E-07  8.056E-07  7.641E-07  7.233E-07  6.833E-07  6.446E-07  5.989E-07  5.520E-07  5.117E-07  4.770E-07  4.469E-07  4.032E-07  3.728E-07  3.345E-07  3.085E-07  2.728E-07  2.408E-07  2.116E-07  1.846E-07  1.598E-07  1.373E-07  1.171E-07  9.600E-08  7.978E-08  6.447E-08  5.220E-08  4.083E-08  3.169E-08  2.455E-08  1.829E-08  1.312E-08  8.764E-09  5.081E-09  2.371E-09
  299.5000  6.989E-06  6.786E-06  6.587E-06  6.390E-06  6.199E-06  6.011E-06  5.827E-06  5.646E-06  5.469E-06  5.294E-06  5.123E-06  4.955E-06  4.789E-06  4.627E-06  4.467E-06  4.309E-06  4.154E-06  4.002E-06  3.852E-06  3.703E-06  3.557E-06  3.413E-06  3.271E-06  3.131E-06  2.993E-06  2.856E-06  2.721E-06  2.588E-06  2.457E-06  2.328E-06  2.202E-06  2.079E-06  1.959E-06  1.819E-06  1.675E-06  1.552E-06  1.445E-06  1.353E-06  1.220E-06  1.128E-06  1.012E-06  9.328E-07  8.251E-07  7.285E-07  6.404E-07  5.590E-07  4.840E-07  4.161E-07  3.553E-07  2.915E-07  2.425E-07  1.962E-07  1.590E-07  1.246E-07  9.687E-08  7.529E-08  5.631E-08  4.075E-08  2.769E-08  1.665E-08  8.317E-09
  300.5000  8.702E-06  8.439E-06  8.181E-06  7.927E-06  7.681E-06  7.439E-06  7.202E-06  6.971E-06  6.743E-06  6.520E-06  6.301E-06  6.087E-06  5.877E-06  5.671E-06  5.468E-06  5.269E-06  5.073E-06  4.881E-06  4.692E-06  4.507E-06  4.323E-06  4.144E-06  3.967E-06  3.793E-06  3.621E-06  3.452E-06  3.285E-06  3.122E-06  2.961E-06  2.803E-06  2.648E-06  2.497E-06  2.350E-06  2.181E-06  2.007E-06  1.858E-06  1.730E-06  1.618E-06  1.459E-06  1.348E-06  1.208E-06  1.114E-06  9.850E-07  8.698E-07  7.647E-07  6.678E-07  5.786E-07  4.976E-07  4.251E-07  3.492E-07  2.907E-07  2.355E-07  1.910E-07  1.499E-07  1.167E-07  9.096E-08  6.824E-08  4.972E-08  3.426E-08  2.119E-08  1.119E-08
  301.5000  2.403E-05  2.326E-05  2.251E-05  2.178E-05  2.106E-05  2.037E-05  1.969E-05  1.902E-05  1.837E-05  1.773E-05  1.711E-05  1.650E-05  1.591E-05  1.532E-05  1.475E-05  1.419E-05  1.364E-05  1.310E-05  1.258E-05  1.206E-05  1.155E-05  1.105E-05  1.056E-05  1.009E-05  9.614E-06  9.152E-06  8.697E-06  8.252E-06  7.815E-06  7.388E-06  6.973E-06  6.564E-06  6.173E-06  5.721E-06  5.259E-06  4.862E-06  4.522E-06  4.227E-06  3.807E-06  3.513E-06  3.149E-06  2.901E-06  2.565E-06  2.265E-06  1.991E-06  1.740E-06  1.508E-06  1.298E-06  1.109E-06  9.125E-07  7.602E-07  6.166E-07  5.008E-07  3.935E-07  3.071E-07  2.399E-07  1.806E-07  1.324E-07  9.255E-08  5.890E-08  3.287E-08
  302.5000  3.781E-05  3.655E-05  3.532E-05  3.412E-05  3.296E-05  3.182E-05  3.072E-05  2.964E-05  2.859E-05  2.756E-05  2.656E-05  2.558E-05  2.463E-05  2.370E-05  2.278E-05  2.189E-05  2.101E-05  2.016E-05  1.932E-05  1.850E-05  1.770E-05  1.691E-05  1.615E-05  1.539E-05  1.466E-05  1.393E-05  1.322E-05  1.253E-05  1.185E-05  1.119E-05  1.055E-05  9.921E-06  9.320E-06  8.629E-06  7.924E-06  7.320E-06  6.800E-06  6.351E-06  5.716E-06  5.272E-06  4.722E-06  4.347E-06  3.843E-06  3.393E-06  2.984E-06  2.607E-06  2.260E-06  1.946E-06  1.664E-06  1.370E-06  1.142E-06  9.275E-07  7.539E-07  5.931E-07  4.636E-07  3.629E-07  2.737E-07  2.016E-07  1.422E-07  9.223E-08  5.342E-08
  303.5000  8.737E-05  8.426E-05  8.124E-05  7.830E-05  7.547E-05  7.272E-05  7.005E-05  6.746E-05  6.494E-05  6.248E-05  6.010E-05  5.777E-05  5.551E-05  5.330E-05  5.115E-05  4.905E-05  4.700E-05  4.500E-05  4.305E-05  4.115E-05  3.929E-05  3.747E-05  3.570E-05  3.397E-05  3.228E-05  3.063E-05  2.902E-05  2.745E-05  2.592E-05  2.443E-05  2.299E-05  2.158E-05  2.024E-05  1.871E-05  1.716E-05  1.583E-05  1.468E-05  1.369E-05  1.231E-05  1.134E-05  1.015E-05  9.336E-06  8.249E-06  7.280E-06  6.401E-06  5.592E-06  4.850E-06  4.177E-06  3.575E-06  2.947E-06  2.459E-06  1.999E-06  1.627E-06  1.282E-06  1.004E-06  7.873E-07  5.953E-07  4.406E-07  3.141E-07  2.080E-07  1.255E-07
  304.5000  1.158E-04  1.114E-04  1.072E-04  1.032E-04  9.930E-05  9.554E-05  9.189E-05  8.836E-05  8.494E-05  8.160E-05  7.838E-05  7.525E-05  7.220E-05  6.924E-05  6.636E-05  6.354E-05  6.081E-05  5.815E-05  5.556E-05  5.303E-05  5.056E-05  4.816E-05  4.583E-05  4.355E-05  4.133E-05  3.917E-05  3.705E-05  3.500E-05  3.301E-05  3.107E-05  2.919E-05  2.738E-05  2.565E-05  2.368E-05  2.170E-05  1.999E-05  1.853E-05  1.726E-05  1.551E-05  1.427E-05  1.276E-05  1.173E-05  1.036E-05  9.140E-06  8.035E-06  7.019E-06  6.088E-06  5.245E-06  4.491E-06  3.705E-06  3.093E-06  2.517E-06  2.050E-06  1.617E-06  1.268E-06  9.956E-07  7.539E-07  5.597E-07  4.016E-07  2.692E-07  1.665E-07
  305.5000  2.111E-04  2.025E-04  1.942E-04  1.863E-04  1.786E-04  1.713E-04  1.643E-04  1.575E-04  1.509E-04  1.446E-04  1.385E-04  1.326E-04  1.269E-04  1.214E-04  1.160E-04  1.108E-04  1.058E-04  1.009E-04  9.617E-05  9.157E-05  8.709E-05  8.275E-05  7.854E-05  7.445E-05  7.049E-05  6.663E-05  6.288E-05  5.925E-05  5.574E-05  5.234E-05  4.907E-05  4.591E-05  4.291E-05  3.955E-05  3.615E-05  3.324E-05  3.074E-05  2.859E-05  2.564E-05  2.356E-05  2.105E-05  1.932E-05  1.704E-05  1.502E-05  1.320E-05  1.153E-05  9.998E-06  8.615E-06  7.380E-06  6.095E-06  5.093E-06  4.151E-06  3.384E-06  2.674E-06  2.100E-06  1.653E-06  1.254E-06  9.350E-07  6.765E-07  4.607E-07  2.945E-07
  306.5000  2.568E-04  2.458E-04  2.353E-04  2.253E-04  2.157E-04  2.065E-04  1.976E-04  1.892E-04  1.810E-04  1.731E-04  1.656E-04  1.583E-04  1.513E-04  1.445E-04  1.380E-04  1.316E-04  1.255E-04  1.195E-04  1.138E-04  1.082E-04  1.028E-04  9.755E-05  9.247E-05  8.755E-05  8.278E-05  7.816E-05  7.366E-05  6.933E-05  6.514E-05  6.110E-05  5.720E-05  5.345E-05  4.991E-05  4.594E-05  4.195E-05  3.853E-05  3.560E-05  3.307E-05  2.963E-05  2.721E-05  2.428E-05  2.227E-05  1.964E-05  1.730E-05  1.521E-05  1.327E-05  1.151E-05  9.917E-06  8.496E-06  7.021E-06  5.870E-06  4.788E-06  3.905E-06  3.089E-06  2.428E-06  1.913E-06  1.453E-06  1.086E-06  7.886E-07  5.411E-07  3.511E-07
  307.5000  5.192E-04  4.950E-04  4.720E-04  4.499E-04  4.289E-04  4.089E-04  3.898E-04  3.716E-04  3.541E-04  3.374E-04  3.214E-04  3.062E-04  2.915E-04  2.775E-04  2.640E-04  2.509E-04  2.384E-04  2.264E-04  2.148E-04  2.037E-04  1.929E-04  1.825E-04  1.724E-04  1.628E-04  1.534E-04  1.444E-04  1.357E-04  1.273E-04  1.193E-04  1.116E-04  1.041E-04  9.701E-05  9.030E-05  8.287E-05  7.549E-05  6.916E-05  6.373E-05  5.906E-05  5.280E-05  4.837E-05  4.309E-05  3.944E-05  3.473E-05  3.056E-05  2.678E-05  2.339E-05  2.028E-05  1.747E-05  1.497E-05  1.239E-05  1.036E-05  8.465E-06  6.912E-06  5.477E-06  4.314E-06  3.404E-06  2.592E-06  1.942E-06  1.420E-06  9.862E-07  6.554E-07
  308.5000  6.712E-04  6.389E-04  6.081E-04  5.787E-04  5.508E-04  5.242E-04  4.988E-04  4.747E-04  4.516E-04  4.295E-04  4.085E-04  3.884E-04  3.692E-04  3.508E-04  3.332E-04  3.163E-04  3.001E-04  2.846E-04  2.696E-04  2.552E-04  2.414E-04  2.280E-04  2.152E-04  2.029E-04  1.910E-04  1.796E-04  1.685E-04  1.579E-04  1.477E-04  1.379E-04  1.286E-04  1.196E-04  1.112E-04  1.020E-04  9.275E-05  8.485E-05  7.810E-05  7.229E-05  6.456E-05  5.908E-05  5.258E-05  4.808E-05  4.230E-05  3.720E-05  3.258E-05  2.845E-05  2.465E-05  2.124E-05  1.820E-05  1.506E-05  1.261E-05  1.031E-05  8.419E-06  6.678E-06  5.264E-06  4.158E-06  3.169E-06  2.379E-06  1.745E-06  1.218E-06  8.178E-07
  309.5000  7.816E-04  7.422E-04  7.045E-04  6.685E-04  6.343E-04  6.018E-04  5.708E-04  5.414E-04  5.133E-04  4.865E-04  4.611E-04  4.369E-04  4.139E-04  3.919E-04  3.709E-04  3.509E-04  3.318E-04  3.136E-04  2.961E-04  2.795E-04  2.634E-04  2.482E-04  2.335E-04  2.195E-04  2.060E-04  1.931E-04  1.807E-04  1.689E-04  1.575E-04  1.467E-04  1.364E-04  1.265E-04  1.173E-04  1.072E-04  9.727E-05  8.875E-05  8.146E-05  7.520E-05  6.701E-05  6.118E-05  5.434E-05  4.959E-05  4.355E-05  3.824E-05  3.346E-05  2.918E-05  2.527E-05  2.176E-05  1.864E-05  1.544E-05  1.293E-05  1.058E-05  8.650E-06  6.872E-06  5.426E-06  4.291E-06  3.276E-06  2.465E-06  1.816E-06  1.277E-06  8.707E-07
  310.5000  1.330E-03  1.261E-03  1.195E-03  1.132E-03  1.073E-03  1.016E-03  9.614E-04  9.098E-04  8.606E-04  8.137E-04  7.692E-04  7.269E-04  6.867E-04  6.485E-04  6.121E-04  5.774E-04  5.445E-04  5.132E-04  4.833E-04  4.549E-04  4.277E-04  4.018E-04  3.771E-04  3.536E-04  3.311E-04  3.096E-04  2.889E-04  2.693E-04  2.506E-04  2.329E-04  2.159E-04  1.998E-04  1.848E-04  1.686E-04  1.526E-04  1.389E-04  1.272E-04  1.171E-04  1.042E-04  9.488E-05  8.412E-05  7.661E-05  6.718E-05  5.890E-05  5.152E-05  4.484E-05  3.880E-05  3.339E-05  2.860E-05  2.369E-05  1.984E-05  1.625E-05  1.330E-05  1.058E-05  8.364E-06  6.622E-06  5.064E-06  3.818E-06  2.823E-06  1.997E-06  1.376E-06
  311.5000  2.000E-03  1.896E-03  1.796E-03  1.700E-03  1.609E-03  1.522E-03  1.439E-03  1.360E-03  1.284E-03  1.212E-03  1.144E-03  1.079E-03  1.018E-03  9.594E-04  9.039E-04  8.508E-04  8.007E-04  7.531E-04  7.078E-04  6.648E-04  6.237E-04  5.848E-04  5.478E-04  5.126E-04  4.790E-04  4.470E-04  4.165E-04  3.875E-04  3.599E-04  3.340E-04  3.089E-04  2.854E-04  2.634E-04  2.399E-04  2.167E-04  1.969E-04  1.800E-04  1.655E-04  1.469E-04  1.336E-04  1.183E-04  1.076E-04  9.419E-05  8.248E-05  7.207E-05  6.268E-05  5.419E-05  4.661E-05  3.990E-05  3.306E-05  2.769E-05  2.270E-05  1.858E-05  1.480E-05  1.171E-05  9.280E-06  7.104E-06  5.364E-06  3.976E-06  2.822E-06  1.959E-06
  312.5000  2.660E-03  2.521E-03  2.388E-03  2.260E-03  2.138E-03  2.020E-03  1.908E-03  1.801E-03  1.698E-03  1.600E-03  1.507E-03  1.418E-03  1.334E-03  1.253E-03  1.177E-03  1.104E-03  1.035E-03  9.701E-04  9.083E-04  8.496E-04  7.939E-04  7.413E-04  6.915E-04  6.443E-04  5.996E-04  5.573E-04  5.170E-04  4.791E-04  4.432E-04  4.093E-04  3.773E-04  3.472E-04  3.192E-04  2.895E-04  2.606E-04  2.358E-04  2.147E-04  1.965E-04  1.739E-04  1.575E-04  1.389E-04  1.259E-04  1.099E-04  9.598E-05  8.365E-05  7.258E-05  6.264E-05  5.379E-05  4.600E-05  3.811E-05  3.192E-05  2.618E-05  2.145E-05  1.711E-05  1.357E-05  1.077E-05  8.264E-06  6.256E-06  4.656E-06  3.327E-06  2.334E-06
  313.5000  3.252E-03  3.083E-03  2.921E-03  2.765E-03  2.616E-03  2.472E-03  2.335E-03  2.203E-03  2.077E-03  1.957E-03  1.842E-03  1.733E-03  1.629E-03  1.530E-03  1.436E-03  1.346E-03  1.262E-03  1.181E-03  1.105E-03  1.033E-03  9.641E-04  8.995E-04  8.382E-04  7.803E-04  7.255E-04  6.736E-04  6.244E-04  5.780E-04  5.343E-04  4.929E-04  4.540E-04  4.174E-04  3.834E-04  3.474E-04  3.124E-04  2.824E-04  2.569E-04  2.349E-04  2.077E-04  1.879E-04  1.656E-04  1.500E-04  1.308E-04  1.141E-04  9.938E-05  8.617E-05  7.432E-05  6.380E-05  5.453E-05  4.518E-05  3.784E-05  3.105E-05  2.545E-05  2.031E-05  1.612E-05  1.280E-05  9.827E-06  7.446E-06  5.549E-06  3.973E-06  2.798E-06
  314.5000  4.369E-03  4.151E-03  3.940E-03  3.734E-03  3.537E-03  3.347E-03  3.164E-03  2.987E-03  2.818E-03  2.654E-03  2.499E-03  2.349E-03  2.206E-03  2.070E-03  1.940E-03  1.815E-03  1.698E-03  1.586E-03  1.479E-03  1.378E-03  1.282E-03  1.192E-03  1.107E-03  1.026E-03  9.502E-04  8.785E-04  8.107E-04  7.472E-04  6.875E-04  6.315E-04  5.790E-04  5.298E-04  4.844E-04  4.371E-04  3.912E-04  3.521E-04  3.188E-04  2.903E-04  2.554E-04  2.301E-04  2.019E-04  1.820E-04  1.581E-04  1.374E-04  1.193E-04  1.031E-04  8.866E-05  7.592E-05  6.477E-05  5.363E-05  4.487E-05  3.683E-05  3.020E-05  2.414E-05  1.920E-05  1.526E-05  1.175E-05  8.929E-06  6.680E-06  4.811E-06  3.418E-06
  315.5000  4.741E-03  4.506E-03  4.278E-03  4.056E-03  3.844E-03  3.638E-03  3.440E-03  3.249E-03  3.066E-03  2.888E-03  2.719E-03  2.557E-03  2.402E-03  2.254E-03  2.112E-03  1.976E-03  1.848E-03  1.726E-03  1.610E-03  1.500E-03  1.395E-03  1.296E-03  1.203E-03  1.115E-03  1.032E-03  9.535E-04  8.795E-04  8.102E-04  7.451E-04  6.840E-04  6.268E-04  5.733E-04  5.239E-04  4.724E-04  4.226E-04  3.801E-04  3.439E-04  3.130E-04  2.751E-04  2.478E-04  2.172E-04  1.957E-04  1.699E-04  1.476E-04  1.280E-04  1.106E-04  9.504E-05  8.135E-05  6.937E-05  5.742E-05  4.804E-05  3.944E-05  3.234E-05  2.587E-05  2.058E-05  1.637E-05  1.261E-05  9.591E-06  7.184E-06  5.181E-06  3.690E-06
  316.5000  6.048E-03  5.763E-03  5.486E-03  5.215E-03  4.953E-03  4.699E-03  4.453E-03  4.215E-03  3.984E-03  3.760E-03  3.546E-03  3.339E-03  3.140E-03  2.948E-03  2.765E-03  2.588E-03  2.420E-03  2.259E-03  2.106E-03  1.960E-03  1.821E-03  1.690E-03  1.565E-03  1.447E-03  1.336E-03  1.231E-03  1.132E-03  1.040E-03  9.526E-04  8.712E-04  7.953E-04  7.244E-04  6.593E-04  5.920E-04  5.274E-04  4.723E-04  4.255E-04  3.855E-04  3.374E-04  3.024E-04  2.640E-04  2.368E-04  2.046E-04  1.770E-04  1.529E-04  1.316E-04  1.127E-04  9.620E-05  8.182E-05  6.762E-05  5.650E-05  4.637E-05  3.801E-05  3.044E-05  2.425E-05  1.932E-05  1.492E-05  1.138E-05  8.554E-06  6.200E-06  4.446E-06
  317.5000  8.552E-03  8.148E-03  7.756E-03  7.373E-03  7.002E-03  6.643E-03  6.295E-03  5.958E-03  5.631E-03  5.315E-03  5.011E-03  4.719E-03  4.437E-03  4.167E-03  3.907E-03  3.658E-03  3.420E-03  3.193E-03  2.977E-03  2.771E-03  2.574E-03  2.388E-03  2.212E-03  2.046E-03  1.889E-03  1.741E-03  1.601E-03  1.470E-03  1.347E-03  1.232E-03  1.125E-03  1.025E-03  9.330E-04  8.379E-04  7.466E-04  6.687E-04  6.025E-04  5.461E-04  4.779E-04  4.285E-04  3.741E-04  3.356E-04  2.901E-04  2.509E-04  2.168E-04  1.865E-04  1.598E-04  1.364E-04  1.160E-04  9.587E-05  8.010E-05  6.575E-05  5.391E-05  4.317E-05  3.441E-05  2.742E-05  2.118E-05  1.616E-05  1.215E-05  8.809E-06  6.322E-06
  318.5000  8.538E-03  8.162E-03  7.794E-03  7.432E-03  7.081E-03  6.739E-03  6.405E-03  6.081E-03  5.765E-03  5.457E-03  5.159E-03  4.871E-03  4.592E-03  4.322E-03  4.062E-03  3.810E-03  3.569E-03  3.337E-03  3.114E-03  2.902E-03  2.697E-03  2.503E-03  2.319E-03  2.143E-03  1.977E-03  1.820E-03  1.671E-03  1.531E-03  1.400E-03  1.277E-03  1.162E-03  1.055E-03  9.572E-04  8.564E-04  7.599E-04  6.777E-04  6.079E-04  5.485E-04  4.778E-04  4.263E-04  3.704E-04  3.306E-04  2.843E-04  2.447E-04  2.104E-04  1.803E-04  1.538E-04  1.307E-04  1.108E-04  9.132E-05  7.612E-05  6.240E-05  5.112E-05  4.097E-05  3.269E-05  2.609E-05  2.020E-05  1.546E-05  1.167E-05  8.507E-06  6.144E-06
  319.5000  1.091E-02  1.043E-02  9.969E-03  9.513E-03  9.070E-03  8.637E-03  8.215E-03  7.804E-03  7.404E-03  7.013E-03  6.635E-03  6.268E-03  5.913E-03  5.569E-03  5.237E-03  4.915E-03  4.606E-03  4.309E-03  4.024E-03  3.751E-03  3.488E-03  3.239E-03  3.001E-03  2.774E-03  2.560E-03  2.357E-03  2.163E-03  1.983E-03  1.812E-03  1.653E-03  1.504E-03  1.366E-03  1.238E-03  1.107E-03  9.820E-04  8.753E-04  7.848E-04  7.077E-04  6.159E-04  5.492E-04  4.767E-04  4.253E-04  3.654E-04  3.142E-04  2.699E-04  2.310E-04  1.969E-04  1.672E-04  1.416E-04  1.167E-04  9.718E-05  7.965E-05  6.524E-05  5.228E-05  4.174E-05  3.332E-05  2.582E-05  1.978E-05  1.495E-05  1.091E-05  7.894E-06
  320.5000  1.404E-02  1.344E-02  1.285E-02  1.227E-02  1.171E-02  1.116E-02  1.063E-02  1.010E-02  9.593E-03  9.094E-03  8.611E-03  8.142E-03  7.686E-03  7.245E-03  6.818E-03  6.404E-03  6.006E-03  5.622E-03  5.253E-03  4.899E-03  4.558E-03  4.234E-03  3.924E-03  3.629E-03  3.348E-03  3.083E-03  2.830E-03  2.593E-03  2.370E-03  2.161E-03  1.965E-03  1.783E-03  1.616E-03  1.444E-03  1.279E-03  1.139E-03  1.020E-03  9.190E-04  7.989E-04  7.116E-04  6.168E-04  5.496E-04  4.715E-04  4.049E-04  3.473E-04  2.969E-04  2.527E-04  2.144E-04  1.813E-04  1.492E-04  1.242E-04  1.017E-04  8.330E-05  6.676E-05  5.331E-05  4.257E-05  3.302E-05  2.531E-05  1.915E-05  1.400E-05  1.015E-05
  321.5000  1.499E-02  1.441E-02  1.383E-02  1.326E-02  1.271E-02  1.216E-02  1.163E-02  1.110E-02  1.058E-02  1.008E-02  9.584E-03  9.101E-03  8.630E-03  8.170E-03  7.722E-03  7.284E-03  6.861E-03  6.450E-03  6.051E-03  5.666E-03  5.292E-03  4.933E-03  4.588E-03  4.257E-03  3.939E-03  3.636E-03  3.345E-03  3.071E-03  2.811E-03  2.565E-03  2.334E-03  2.118E-03  1.918E-03  1.712E-03  1.514E-03  1.345E-03  1.202E-03  1.080E-03  9.354E-04  8.303E-04  7.165E-04  6.358E-04  5.426E-04  4.634E-04  3.953E-04  3.360E-04  2.844E-04  2.399E-04  2.019E-04  1.653E-04  1.370E-04  1.119E-04  9.139E-05  7.317E-05  5.846E-05  4.672E-05  3.633E-05  2.796E-05  2.125E-05  1.563E-05  1.140E-05
  322.5000  1.263E-02  1.210E-02  1.158E-02  1.107E-02  1.057E-02  1.008E-02  9.604E-03  9.138E-03  8.684E-03  8.239E-03  7.807E-03  7.388E-03  6.980E-03  6.584E-03  6.200E-03  5.828E-03  5.469E-03  5.123E-03  4.790E-03  4.470E-03  4.161E-03  3.866E-03  3.585E-03  3.317E-03  3.061E-03  2.819E-03  2.588E-03  2.371E-03  2.167E-03  1.976E-03  1.797E-03  1.629E-03  1.476E-03  1.318E-03  1.167E-03  1.039E-03  9.296E-04  8.369E-04  7.268E-04  6.468E-04  5.601E-04  4.987E-04  4.274E-04  3.665E-04  3.141E-04  2.681E-04  2.280E-04  1.931E-04  1.632E-04  1.342E-04  1.116E-04  9.138E-05  7.479E-05  5.994E-05  4.788E-05  3.825E-05  2.969E-05  2.279E-05  1.726E-05  1.264E-05  9.181E-06
  323.5000  1.724E-02  1.660E-02  1.597E-02  1.534E-02  1.473E-02  1.413E-02  1.353E-02  1.295E-02  1.237E-02  1.180E-02  1.125E-02  1.071E-02  1.018E-02  9.658E-03  9.150E-03  8.651E-03  8.168E-03  7.696E-03  7.238E-03  6.793E-03  6.360E-03  5.943E-03  5.539E-03  5.151E-03  4.777E-03  4.418E-03  4.073E-03  3.745E-03  3.433E-03  3.138E-03  2.859E-03  2.597E-03  2.354E-03  2.101E-03  1.858E-03  1.651E-03  1.475E-03  1.325E-03  1.146E-03  1.016E-03  8.757E-04  7.760E-04  6.607E-04  5.629E-04  4.789E-04  4.059E-04  3.425E-04  2.881E-04  2.417E-04  1.973E-04  1.631E-04  1.329E-04  1.083E-04  8.666E-05  6.921E-05  5.532E-05  4.307E-05  3.320E-05  2.529E-05  1.867E-05  1.367E-05
  324.5000  2.002E-02  1.927E-02  1.853E-02  1.780E-02  1.709E-02  1.638E-02  1.569E-02  1.501E-02  1.434E-02  1.368E-02  1.303E-02  1.240E-02  1.178E-02  1.118E-02  1.059E-02  1.001E-02  9.444E-03  8.896E-03  8.364E-03  7.848E-03  7.345E-03  6.861E-03  6.394E-03  5.944E-03  5.511E-03  5.095E-03  4.696E-03  4.318E-03  3.957E-03  3.616E-03  3.295E-03  2.992E-03  2.712E-03  2.421E-03  2.141E-03  1.903E-03  1.700E-03  1.528E-03  1.322E-03  1.172E-03  1.010E-03  8.955E-04  7.628E-04  6.501E-04  5.533E-04  4.692E-04  3.961E-04  3.333E-04  2.798E-04  2.285E-04  1.890E-04  1.541E-04  1.256E-04  1.005E-04  8.026E-05  6.416E-05  4.995E-05  3.851E-05  2.934E-05  2.166E-05  1.586E-05
  325.5000  2.163E-02  2.080E-02  1.999E-02  1.919E-02  1.840E-02  1.763E-02  1.687E-02  1.612E-02  1.539E-02  1.467E-02  1.396E-02  1.327E-02  1.260E-02  1.194E-02  1.130E-02  1.067E-02  1.006E-02  9.467E-03  8.891E-03  8.334E-03  7.792E-03  7.271E-03  6.768E-03  6.285E-03  5.821E-03  5.377E-03  4.951E-03  4.548E-03  4.165E-03  3.803E-03  3.462E-03  3.142E-03  2.846E-03  2.539E-03  2.245E-03  1.994E-03  1.782E-03  1.600E-03  1.385E-03  1.228E-03  1.059E-03  9.388E-04  8.001E-04  6.823E-04  5.812E-04  4.931E-04  4.167E-04  3.509E-04  2.948E-04  2.410E-04  1.995E-04  1.627E-04  1.327E-04  1.062E-04  8.487E-05  6.785E-05  5.281E-05  4.069E-05  3.098E-05  2.285E-05  1.671E-05
  326.5000  3.178E-02  3.069E-02  2.960E-02  2.852E-02  2.746E-02  2.642E-02  2.539E-02  2.437E-02  2.336E-02  2.237E-02  2.140E-02  2.044E-02  1.950E-02  1.857E-02  1.766E-02  1.677E-02  1.589E-02  1.504E-02  1.420E-02  1.339E-02  1.259E-02  1.181E-02  1.106E-02  1.033E-02  9.620E-03  8.936E-03  8.274E-03  7.640E-03  7.033E-03  6.453E-03  5.902E-03  5.379E-03  4.893E-03  4.377E-03  3.877E-03  3.453E-03  3.091E-03  2.783E-03  2.407E-03  2.136E-03  1.839E-03  1.630E-03  1.385E-03  1.177E-03  9.987E-04  8.436E-04  7.093E-04  5.942E-04  4.966E-04  4.034E-04  3.321E-04  2.696E-04  2.189E-04  1.746E-04  1.393E-04  1.113E-04  8.676E-05  6.704E-05  5.127E-05  3.804E-05  2.800E-05
  327.5000  2.780E-02  2.681E-02  2.583E-02  2.485E-02  2.390E-02  2.295E-02  2.203E-02  2.111E-02  2.021E-02  1.932E-02  1.845E-02  1.760E-02  1.676E-02  1.593E-02  1.513E-02  1.433E-02  1.356E-02  1.281E-02  1.207E-02  1.135E-02  1.065E-02  9.977E-03  9.321E-03  8.687E-03  8.074E-03  7.484E-03  6.915E-03  6.372E-03  5.853E-03  5.360E-03  4.893E-03  4.451E-03  4.041E-03  3.611E-03  3.195E-03  2.842E-03  2.542E-03  2.286E-03  1.976E-03  1.753E-03  1.509E-03  1.337E-03  1.137E-03  9.674E-04  8.217E-04  6.951E-04  5.853E-04  4.912E-04  4.112E-04  3.348E-04  2.761E-04  2.245E-04  1.826E-04  1.459E-04  1.165E-04  9.309E-05  7.254E-05  5.601E-05  4.279E-05  3.169E-05  2.328E-05
  328.5000  2.573E-02  2.481E-02  2.391E-02  2.301E-02  2.212E-02  2.125E-02  2.039E-02  1.954E-02  1.871E-02  1.789E-02  1.708E-02  1.629E-02  1.551E-02  1.475E-02  1.400E-02  1.327E-02  1.255E-02  1.185E-02  1.117E-02  1.051E-02  9.859E-03  9.232E-03  8.625E-03  8.037E-03  7.469E-03  6.923E-03  6.395E-03  5.892E-03  5.411E-03  4.954E-03  4.522E-03  4.113E-03  3.733E-03  3.334E-03  2.950E-03  2.623E-03  2.345E-03  2.108E-03  1.822E-03  1.615E-03  1.390E-03  1.231E-03  1.047E-03  8.901E-04  7.557E-04  6.390E-04  5.379E-04  4.512E-04  3.776E-04  3.073E-04  2.534E-04  2.060E-04  1.675E-04  1.338E-04  1.068E-04  8.535E-05  6.651E-05  5.136E-05  3.923E-05  2.906E-05  2.136E-05
  329.5000  3.858E-02  3.731E-02  3.605E-02  3.480E-02  3.357E-02  3.236E-02  3.115E-02  2.996E-02  2.879E-02  2.762E-02  2.648E-02  2.535E-02  2.424E-02  2.315E-02  2.207E-02  2.100E-02  1.996E-02  1.894E-02  1.794E-02  1.695E-02  1.599E-02  1.505E-02  1.413E-02  1.324E-02  1.237E-02  1.153E-02  1.071E-02  9.918E-03  9.159E-03  8.431E-03  7.735E-03  7.072E-03  6.452E-03  5.786E-03  5.136E-03  4.583E-03  4.114E-03  3.714E-03  3.215E-03  2.859E-03  2.462E-03  2.186E-03  1.857E-03  1.577E-03  1.336E-03  1.127E-03  9.462E-04  7.910E-04  6.596E-04  5.340E-04  4.384E-04  3.549E-04  2.875E-04  2.288E-04  1.823E-04  1.456E-04  1.135E-04  8.778E-05  6.728E-05  5.008E-05  3.699E-05
  330.5000  3.303E-02  3.191E-02  3.079E-02  2.969E-02  2.860E-02  2.752E-02  2.646E-02  2.541E-02  2.438E-02  2.335E-02  2.235E-02  2.136E-02  2.039E-02  1.943E-02  1.849E-02  1.757E-02  1.666E-02  1.578E-02  1.491E-02  1.406E-02  1.323E-02  1.242E-02  1.164E-02  1.088E-02  1.014E-02  9.425E-03  8.732E-03  8.069E-03  7.432E-03  6.824E-03  6.245E-03  5.696E-03  5.183E-03  4.639E-03  4.110E-03  3.661E-03  3.279E-03  2.954E-03  2.554E-03  2.268E-03  1.952E-03  1.730E-03  1.470E-03  1.248E-03  1.059E-03  8.937E-04  7.508E-04  6.284E-04  5.247E-04  4.257E-04  3.501E-04  2.839E-04  2.304E-04  1.836E-04  1.465E-04  1.170E-04  9.120E-05  7.051E-05  5.398E-05  4.011E-05  2.957E-05
  331.5000  3.226E-02  3.115E-02  3.006E-02  2.897E-02  2.790E-02  2.684E-02  2.580E-02  2.477E-02  2.375E-02  2.275E-02  2.176E-02  2.079E-02  1.984E-02  1.890E-02  1.798E-02  1.707E-02  1.618E-02  1.532E-02  1.447E-02  1.364E-02  1.283E-02  1.204E-02  1.127E-02  1.053E-02  9.809E-03  9.112E-03  8.438E-03  7.792E-03  7.173E-03  6.582E-03  6.020E-03  5.487E-03  4.990E-03  4.464E-03  3.953E-03  3.519E-03  3.150E-03  2.836E-03  2.452E-03  2.176E-03  1.872E-03  1.659E-03  1.409E-03  1.196E-03  1.014E-03  8.563E-04  7.194E-04  6.022E-04  5.029E-04  4.081E-04  3.357E-04  2.722E-04  2.210E-04  1.761E-04  1.405E-04  1.122E-04  8.747E-05  6.762E-05  5.176E-05  3.845E-05  2.833E-05
  332.5000  3.532E-02  3.418E-02  3.305E-02  3.192E-02  3.082E-02  2.972E-02  2.864E-02  2.757E-02  2.651E-02  2.546E-02  2.443E-02  2.341E-02  2.240E-02  2.141E-02  2.043E-02  1.947E-02  1.852E-02  1.759E-02  1.668E-02  1.578E-02  1.490E-02  1.404E-02  1.321E-02  1.239E-02  1.159E-02  1.081E-02  1.006E-02  9.330E-03  8.628E-03  7.952E-03  7.306E-03  6.690E-03  6.111E-03  5.486E-03  4.874E-03  4.354E-03  3.913E-03  3.537E-03  3.063E-03  2.727E-03  2.349E-03  2.087E-03  1.773E-03  1.505E-03  1.275E-03  1.075E-03  9.019E-04  7.533E-04  6.276E-04  5.073E-04  4.159E-04  3.362E-04  2.720E-04  2.162E-04  1.721E-04  1.374E-04  1.071E-04  8.287E-05  6.358E-05  4.739E-05  3.506E-05
  333.5000  3.174E-02  3.068E-02  2.964E-02  2.860E-02  2.758E-02  2.657E-02  2.558E-02  2.459E-02  2.362E-02  2.266E-02  2.171E-02  2.078E-02  1.986E-02  1.895E-02  1.806E-02  1.718E-02  1.632E-02  1.548E-02  1.465E-02  1.384E-02  1.304E-02  1.227E-02  1.151E-02  1.078E-02  1.006E-02  9.371E-03  8.698E-03  8.052E-03  7.430E-03  6.833E-03  6.264E-03  5.723E-03  5.217E-03  4.674E-03  4.146E-03  3.697E-03  3.316E-03  2.991E-03  2.587E-03  2.299E-03  1.979E-03  1.756E-03  1.491E-03  1.266E-03  1.072E-03  9.042E-04  7.586E-04  6.341E-04  5.286E-04  4.279E-04  3.513E-04  2.843E-04  2.303E-04  1.833E-04  1.460E-04  1.166E-04  9.088E-05  7.031E-05  5.390E-05  4.012E-05  2.964E-05
  334.5000  3.632E-02  3.513E-02  3.395E-02  3.278E-02  3.163E-02  3.049E-02  2.936E-02  2.825E-02  2.715E-02  2.606E-02  2.498E-02  2.393E-02  2.288E-02  2.185E-02  2.084E-02  1.984E-02  1.886E-02  1.790E-02  1.696E-02  1.603E-02  1.512E-02  1.424E-02  1.337E-02  1.253E-02  1.171E-02  1.092E-02  1.014E-02  9.399E-03  8.681E-03  7.992E-03  7.334E-03  6.707E-03  6.119E-03  5.487E-03  4.870E-03  4.346E-03  3.901E-03  3.521E-03  3.047E-03  2.710E-03  2.333E-03  2.070E-03  1.758E-03  1.492E-03  1.264E-03  1.065E-03  8.933E-04  7.461E-04  6.216E-04  5.026E-04  4.122E-04  3.333E-04  2.698E-04  2.145E-04  1.708E-04  1.363E-04  1.062E-04  8.221E-05  6.305E-05  4.698E-05  3.473E-05
  335.5000  3.874E-02  3.752E-02  3.630E-02  3.509E-02  3.389E-02  3.271E-02  3.154E-02  3.039E-02  2.924E-02  2.810E-02  2.699E-02  2.588E-02  2.479E-02  2.372E-02  2.265E-02  2.160E-02  2.058E-02  1.956E-02  1.857E-02  1.759E-02  1.663E-02  1.569E-02  1.477E-02  1.387E-02  1.299E-02  1.214E-02  1.130E-02  1.050E-02  9.721E-03  8.972E-03  8.254E-03  7.567E-03  6.922E-03  6.220E-03  5.531E-03  4.947E-03  4.451E-03  4.028E-03  3.490E-03  3.110E-03  2.681E-03  2.384E-03  2.025E-03  1.719E-03  1.457E-03  1.228E-03  1.029E-03  8.586E-04  7.147E-04  5.767E-04  4.723E-04  3.813E-04  3.081E-04  2.445E-04  1.945E-04  1.552E-04  1.209E-04  9.358E-05  7.186E-05  5.363E-05  3.972E-05
  336.5000  2.986E-02  2.891E-02  2.796E-02  2.702E-02  2.609E-02  2.517E-02  2.426E-02  2.336E-02  2.248E-02  2.159E-02  2.072E-02  1.987E-02  1.902E-02  1.819E-02  1.737E-02  1.655E-02  1.575E-02  1.497E-02  1.420E-02  1.344E-02  1.270E-02  1.197E-02  1.126E-02  1.057E-02  9.896E-03  9.238E-03  8.597E-03  7.979E-03  7.382E-03  6.808E-03  6.258E-03  5.732E-03  5.239E-03  4.704E-03  4.180E-03  3.735E-03  3.358E-03  3.036E-03  2.629E-03  2.341E-03  2.017E-03  1.792E-03  1.522E-03  1.292E-03  1.094E-03  9.218E-04  7.725E-04  6.447E-04  5.366E-04  4.332E-04  3.548E-04  2.865E-04  2.316E-04  1.839E-04  1.463E-04  1.167E-04  9.093E-05  7.038E-05  5.403E-05  4.031E-05  2.985E-05
  337.5000  3.166E-02  3.062E-02  2.960E-02  2.858E-02  2.757E-02  2.658E-02  2.560E-02  2.463E-02  2.367E-02  2.271E-02  2.178E-02  2.085E-02  1.994E-02  1.905E-02  1.817E-02  1.729E-02  1.644E-02  1.560E-02  1.478E-02  1.397E-02  1.318E-02  1.241E-02  1.165E-02  1.092E-02  1.020E-02  9.510E-03  8.834E-03  8.185E-03  7.559E-03  6.958E-03  6.384E-03  5.836E-03  5.324E-03  4.773E-03  4.235E-03  3.778E-03  3.391E-03  3.060E-03  2.647E-03  2.353E-03  2.025E-03  1.797E-03  1.525E-03  1.294E-03  1.096E-03  9.233E-04  7.739E-04  6.461E-04  5.380E-04  4.348E-04  3.564E-04  2.881E-04  2.331E-04  1.852E-04  1.475E-04  1.177E-04  9.170E-05  7.097E-05  5.444E-05  4.058E-05  3.002E-05
  338.5000  3.526E-02  3.415E-02  3.304E-02  3.194E-02  3.086E-02  2.979E-02  2.872E-02  2.767E-02  2.663E-02  2.560E-02  2.458E-02  2.358E-02  2.258E-02  2.161E-02  2.064E-02  1.969E-02  1.875E-02  1.783E-02  1.692E-02  1.603E-02  1.515E-02  1.430E-02  1.346E-02  1.264E-02  1.184E-02  1.107E-02  1.031E-02  9.573E-03  8.864E-03  8.182E-03  7.527E-03  6.900E-03  6.312E-03  5.671E-03  5.042E-03  4.509E-03  4.056E-03  3.670E-03  3.180E-03  2.833E-03  2.441E-03  2.170E-03  1.843E-03  1.564E-03  1.325E-03  1.116E-03  9.346E-04  7.796E-04  6.485E-04  5.230E-04  4.280E-04  3.453E-04  2.788E-04  2.212E-04  1.759E-04  1.402E-04  1.092E-04  8.456E-05  6.494E-05  4.848E-05  3.593E-05
  339.5000  3.864E-02  3.742E-02  3.622E-02  3.502E-02  3.383E-02  3.266E-02  3.150E-02  3.035E-02  2.922E-02  2.809E-02  2.698E-02  2.588E-02  2.480E-02  2.373E-02  2.268E-02  2.163E-02  2.061E-02  1.960E-02  1.861E-02  1.764E-02  1.668E-02  1.574E-02  1.482E-02  1.392E-02  1.305E-02  1.220E-02  1.136E-02  1.056E-02  9.779E-03  9.029E-03  8.309E-03  7.620E-03  6.972E-03  6.267E-03  5.573E-03  4.985E-03  4.486E-03  4.060E-03  3.517E-03  3.135E-03  2.701E-03  2.402E-03  2.040E-03  1.731E-03  1.466E-03  1.235E-03  1.034E-03  8.621E-04  7.169E-04  5.778E-04  4.727E-04  3.812E-04  3.076E-04  2.439E-04  1.939E-04  1.546E-04  1.204E-04  9.320E-05  7.159E-05  5.347E-05  3.964E-05
  340.5000  4.054E-02  3.925E-02  3.797E-02  3.669E-02  3.544E-02  3.419E-02  3.296E-02  3.175E-02  3.054E-02  2.935E-02  2.817E-02  2.701E-02  2.586E-02  2.473E-02  2.362E-02  2.251E-02  2.143E-02  2.037E-02  1.933E-02  1.830E-02  1.729E-02  1.630E-02  1.534E-02  1.440E-02  1.348E-02  1.259E-02  1.171E-02  1.087E-02  1.006E-02  9.278E-03  8.529E-03  7.813E-03  7.140E-03  6.411E-03  5.697E-03  5.090E-03  4.575E-03  4.136E-03  3.581E-03  3.187E-03  2.745E-03  2.439E-03  2.070E-03  1.756E-03  1.486E-03  1.252E-03  1.048E-03  8.741E-04  7.270E-04  5.862E-04  4.797E-04  3.870E-04  3.125E-04  2.479E-04  1.972E-04  1.572E-04  1.224E-04  9.477E-05  7.278E-05  5.433E-05  4.026E-05
  341.5000  3.702E-02  3.587E-02  3.472E-02  3.357E-02  3.244E-02  3.133E-02  3.022E-02  2.913E-02  2.804E-02  2.697E-02  2.591E-02  2.486E-02  2.382E-02  2.280E-02  2.180E-02  2.080E-02  1.982E-02  1.886E-02  1.791E-02  1.698E-02  1.606E-02  1.516E-02  1.428E-02  1.342E-02  1.258E-02  1.176E-02  1.096E-02  1.019E-02  9.443E-03  8.722E-03  8.029E-03  7.366E-03  6.742E-03  6.062E-03  5.392E-03  4.824E-03  4.342E-03  3.932E-03  3.407E-03  3.037E-03  2.617E-03  2.328E-03  1.976E-03  1.677E-03  1.420E-03  1.196E-03  1.001E-03  8.345E-04  6.937E-04  5.587E-04  4.568E-04  3.681E-04  2.970E-04  2.353E-04  1.870E-04  1.490E-04  1.160E-04  8.983E-05  6.902E-05  5.157E-05  3.825E-05
  342.5000  4.125E-02  3.996E-02  3.869E-02  3.742E-02  3.616E-02  3.492E-02  3.369E-02  3.248E-02  3.127E-02  3.008E-02  2.890E-02  2.774E-02  2.659E-02  2.545E-02  2.433E-02  2.322E-02  2.213E-02  2.106E-02  2.001E-02  1.897E-02  1.795E-02  1.695E-02  1.597E-02  1.501E-02  1.407E-02  1.316E-02  1.227E-02  1.141E-02  1.057E-02  9.767E-03  8.994E-03  8.253E-03  7.556E-03  6.795E-03  6.047E-03  5.409E-03  4.870E-03  4.410E-03  3.822E-03  3.407E-03  2.936E-03  2.612E-03  2.218E-03  1.882E-03  1.593E-03  1.341E-03  1.123E-03  9.358E-04  7.777E-04  6.261E-04  5.117E-04  4.123E-04  3.324E-04  2.633E-04  2.092E-04  1.667E-04  1.298E-04  1.005E-04  7.719E-05  5.769E-05  4.280E-05
  343.5000  4.248E-02  4.114E-02  3.982E-02  3.851E-02  3.721E-02  3.592E-02  3.465E-02  3.339E-02  3.215E-02  3.091E-02  2.969E-02  2.849E-02  2.730E-02  2.612E-02  2.497E-02  2.382E-02  2.269E-02  2.159E-02  2.050E-02  1.943E-02  1.837E-02  1.734E-02  1.633E-02  1.535E-02  1.438E-02  1.344E-02  1.252E-02  1.164E-02  1.078E-02  9.954E-03  9.160E-03  8.400E-03  7.686E-03  6.908E-03  6.143E-03  5.493E-03  4.942E-03  4.473E-03  3.874E-03  3.451E-03  2.973E-03  2.644E-03  2.244E-03  1.903E-03  1.611E-03  1.356E-03  1.135E-03  9.456E-04  7.857E-04  6.327E-04  5.171E-04  4.166E-04  3.360E-04  2.662E-04  2.115E-04  1.685E-04  1.312E-04  1.015E-04  7.801E-05  5.830E-05  4.325E-05
  344.5000  2.949E-02  2.855E-02  2.763E-02  2.671E-02  2.580E-02  2.491E-02  2.402E-02  2.314E-02  2.227E-02  2.140E-02  2.055E-02  1.971E-02  1.889E-02  1.807E-02  1.726E-02  1.646E-02  1.568E-02  1.491E-02  1.415E-02  1.340E-02  1.267E-02  1.195E-02  1.125E-02  1.057E-02  9.898E-03  9.246E-03  8.610E-03  7.996E-03  7.402E-03  6.830E-03  6.282E-03  5.757E-03  5.264E-03  4.728E-03  4.201E-03  3.755E-03  3.376E-03  3.053E-03  2.643E-03  2.353E-03  2.026E-03  1.801E-03  1.528E-03  1.296E-03  1.096E-03  9.224E-04  7.719E-04  6.432E-04  5.345E-04  4.304E-04  3.518E-04  2.835E-04  2.287E-04  1.812E-04  1.440E-04  1.147E-04  8.933E-05  6.914E-05  5.311E-05  3.968E-05  2.943E-05
  345.5000  4.151E-02  4.022E-02  3.894E-02  3.767E-02  3.642E-02  3.517E-02  3.394E-02  3.272E-02  3.152E-02  3.032E-02  2.914E-02  2.797E-02  2.682E-02  2.568E-02  2.455E-02  2.344E-02  2.235E-02  2.127E-02  2.021E-02  1.917E-02  1.814E-02  1.713E-02  1.615E-02  1.518E-02  1.424E-02  1.332E-02  1.242E-02  1.155E-02  1.071E-02  9.900E-03  9.119E-03  8.370E-03  7.665E-03  6.894E-03  6.132E-03  5.490E-03  4.943E-03  4.478E-03  3.880E-03  3.460E-03  2.981E-03  2.653E-03  2.252E-03  1.911E-03  1.617E-03  1.361E-03  1.139E-03  9.484E-04  7.877E-04  6.336E-04  5.175E-04  4.165E-04  3.356E-04  2.656E-04  2.109E-04  1.679E-04  1.307E-04  1.012E-04  7.775E-05  5.814E-05  4.316E-05
  346.5000  3.824E-02  3.704E-02  3.585E-02  3.466E-02  3.349E-02  3.234E-02  3.119E-02  3.006E-02  2.894E-02  2.782E-02  2.673E-02  2.564E-02  2.457E-02  2.352E-02  2.247E-02  2.144E-02  2.043E-02  1.943E-02  1.845E-02  1.749E-02  1.654E-02  1.561E-02  1.470E-02  1.381E-02  1.294E-02  1.210E-02  1.127E-02  1.047E-02  9.699E-03  8.954E-03  8.239E-03  7.555E-03  6.911E-03  6.210E-03  5.522E-03  4.936E-03  4.440E-03  4.017E-03  3.478E-03  3.098E-03  2.667E-03  2.371E-03  2.012E-03  1.706E-03  1.443E-03  1.214E-03  1.016E-03  8.460E-04  7.026E-04  5.654E-04  4.619E-04  3.719E-04  2.998E-04  2.374E-04  1.885E-04  1.502E-04  1.169E-04  9.046E-05  6.951E-05  5.196E-05  3.856E-05
  347.5000  3.745E-02  3.628E-02  3.512E-02  3.396E-02  3.281E-02  3.168E-02  3.056E-02  2.945E-02  2.836E-02  2.727E-02  2.619E-02  2.513E-02  2.409E-02  2.305E-02  2.203E-02  2.102E-02  2.003E-02  1.905E-02  1.809E-02  1.715E-02  1.622E-02  1.531E-02  1.442E-02  1.355E-02  1.270E-02  1.187E-02  1.106E-02  1.028E-02  9.518E-03  8.788E-03  8.087E-03  7.415E-03  6.784E-03  6.096E-03  5.420E-03  4.845E-03  4.358E-03  3.943E-03  3.414E-03  3.041E-03  2.618E-03  2.327E-03  1.974E-03  1.674E-03  1.416E-03  1.191E-03  9.962E-04  8.296E-04  6.889E-04  5.542E-04  4.526E-04  3.643E-04  2.936E-04  2.324E-04  1.845E-04  1.470E-04  1.144E-04  8.852E-05  6.802E-05  5.085E-05  3.774E-05
  348.5000  4.143E-02  4.013E-02  3.885E-02  3.758E-02  3.632E-02  3.507E-02  3.383E-02  3.261E-02  3.140E-02  3.020E-02  2.902E-02  2.785E-02  2.669E-02  2.555E-02  2.443E-02  2.331E-02  2.222E-02  2.114E-02  2.008E-02  1.903E-02  1.801E-02  1.700E-02  1.602E-02  1.505E-02  1.411E-02  1.319E-02  1.230E-02  1.143E-02  1.059E-02  9.782E-03  9.004E-03  8.259E-03  7.558E-03  6.794E-03  6.040E-03  5.402E-03  4.860E-03  4.399E-03  3.809E-03  3.393E-03  2.922E-03  2.598E-03  2.204E-03  1.869E-03  1.581E-03  1.329E-03  1.112E-03  9.255E-04  7.683E-04  6.178E-04  5.044E-04  4.059E-04  3.269E-04  2.587E-04  2.053E-04  1.635E-04  1.272E-04  9.846E-05  7.566E-05  5.658E-05  4.201E-05
  349.5000  3.471E-02  3.363E-02  3.255E-02  3.148E-02  3.043E-02  2.938E-02  2.835E-02  2.732E-02  2.631E-02  2.530E-02  2.431E-02  2.333E-02  2.236E-02  2.140E-02  2.046E-02  1.952E-02  1.861E-02  1.770E-02  1.682E-02  1.594E-02  1.508E-02  1.424E-02  1.341E-02  1.261E-02  1.182E-02  1.105E-02  1.030E-02  9.569E-03  8.865E-03  8.187E-03  7.536E-03  6.911E-03  6.324E-03  5.684E-03  5.052E-03  4.518E-03  4.064E-03  3.678E-03  3.184E-03  2.836E-03  2.442E-03  2.171E-03  1.841E-03  1.561E-03  1.320E-03  1.110E-03  9.281E-04  7.725E-04  6.412E-04  5.155E-04  4.207E-04  3.385E-04  2.726E-04  2.157E-04  1.712E-04  1.363E-04  1.060E-04  8.206E-05  6.306E-05  4.716E-05  3.502E-05
  350.5000  4.869E-02  4.717E-02  4.567E-02  4.417E-02  4.269E-02  4.123E-02  3.977E-02  3.834E-02  3.692E-02  3.550E-02  3.411E-02  3.274E-02  3.138E-02  3.004E-02  2.872E-02  2.741E-02  2.612E-02  2.485E-02  2.361E-02  2.238E-02  2.117E-02  1.999E-02  1.883E-02  1.770E-02  1.659E-02  1.552E-02  1.446E-02  1.344E-02  1.245E-02  1.150E-02  1.059E-02  9.709E-03  8.884E-03  7.985E-03  7.100E-03  6.347E-03  5.710E-03  5.167E-03  4.473E-03  3.984E-03  3.430E-03  3.049E-03  2.586E-03  2.192E-03  1.853E-03  1.558E-03  1.303E-03  1.084E-03  8.996E-04  7.230E-04  5.900E-04  4.745E-04  3.820E-04  3.022E-04  2.398E-04  1.909E-04  1.485E-04  1.149E-04  8.831E-05  6.605E-05  4.905E-05
  351.5000  4.190E-02  4.059E-02  3.929E-02  3.800E-02  3.673E-02  3.547E-02  3.422E-02  3.298E-02  3.175E-02  3.054E-02  2.934E-02  2.816E-02  2.699E-02  2.583E-02  2.469E-02  2.356E-02  2.245E-02  2.136E-02  2.029E-02  1.923E-02  1.819E-02  1.718E-02  1.618E-02  1.520E-02  1.425E-02  1.332E-02  1.242E-02  1.154E-02  1.069E-02  9.870E-03  9.083E-03  8.329E-03  7.620E-03  6.847E-03  6.085E-03  5.441E-03  4.893E-03  4.427E-03  3.831E-03  3.412E-03  2.936E-03  2.610E-03  2.213E-03  1.875E-03  1.585E-03  1.333E-03  1.114E-03  9.267E-04  7.689E-04  6.179E-04  5.041E-04  4.054E-04  3.263E-04  2.581E-04  2.048E-04  1.630E-04  1.268E-04  9.810E-05  7.539E-05  5.639E-05  4.188E-05
  352.5000  3.788E-02  3.670E-02  3.553E-02  3.436E-02  3.321E-02  3.207E-02  3.094E-02  2.983E-02  2.872E-02  2.762E-02  2.654E-02  2.547E-02  2.441E-02  2.337E-02  2.234E-02  2.132E-02  2.032E-02  1.933E-02  1.836E-02  1.741E-02  1.647E-02  1.555E-02  1.465E-02  1.377E-02  1.291E-02  1.207E-02  1.124E-02  1.045E-02  9.683E-03  8.941E-03  8.229E-03  7.546E-03  6.904E-03  6.204E-03  5.516E-03  4.930E-03  4.434E-03  4.011E-03  3.472E-03  3.092E-03  2.661E-03  2.365E-03  2.005E-03  1.699E-03  1.436E-03  1.207E-03  1.009E-03  8.390E-04  6.960E-04  5.591E-04  4.560E-04  3.666E-04  2.951E-04  2.333E-04  1.851E-04  1.473E-04  1.145E-04  8.862E-05  6.811E-05  5.095E-05  3.784E-05
  353.5000  4.576E-02  4.434E-02  4.292E-02  4.152E-02  4.013E-02  3.876E-02  3.740E-02  3.605E-02  3.472E-02  3.339E-02  3.209E-02  3.080E-02  2.952E-02  2.826E-02  2.702E-02  2.579E-02  2.458E-02  2.339E-02  2.222E-02  2.107E-02  1.993E-02  1.882E-02  1.774E-02  1.667E-02  1.563E-02  1.461E-02  1.362E-02  1.266E-02  1.173E-02  1.084E-02  9.974E-03  9.148E-03  8.371E-03  7.523E-03  6.690E-03  5.979E-03  5.378E-03  4.866E-03  4.211E-03  3.751E-03  3.228E-03  2.869E-03  2.432E-03  2.061E-03  1.742E-03  1.464E-03  1.223E-03  1.017E-03  8.435E-04  6.774E-04  5.524E-04  4.440E-04  3.572E-04  2.823E-04  2.239E-04  1.781E-04  1.385E-04  1.072E-04  8.237E-05  6.163E-05  4.578E-05
  354.5000  4.968E-02  4.813E-02  4.660E-02  4.508E-02  4.357E-02  4.209E-02  4.061E-02  3.915E-02  3.770E-02  3.627E-02  3.485E-02  3.346E-02  3.207E-02  3.071E-02  2.936E-02  2.803E-02  2.672E-02  2.543E-02  2.416E-02  2.291E-02  2.167E-02  2.047E-02  1.929E-02  1.813E-02  1.700E-02  1.590E-02  1.482E-02  1.378E-02  1.277E-02  1.179E-02  1.086E-02  9.960E-03  9.114E-03  8.192E-03  7.283E-03  6.511E-03  5.857E-03  5.300E-03  4.587E-03  4.085E-03  3.516E-03  3.125E-03  2.649E-03  2.245E-03  1.897E-03  1.594E-03  1.331E-03  1.107E-03  9.179E-04  7.369E-04  6.007E-04  4.827E-04  3.882E-04  3.067E-04  2.432E-04  1.934E-04  1.504E-04  1.164E-04  8.944E-05  6.693E-05  4.973E-05
  355.5000  4.646E-02  4.502E-02  4.359E-02  4.216E-02  4.076E-02  3.936E-02  3.798E-02  3.662E-02  3.527E-02  3.392E-02  3.260E-02  3.129E-02  3.000E-02  2.873E-02  2.747E-02  2.622E-02  2.499E-02  2.378E-02  2.260E-02  2.143E-02  2.027E-02  1.915E-02  1.804E-02  1.696E-02  1.590E-02  1.487E-02  1.386E-02  1.289E-02  1.194E-02  1.103E-02  1.016E-02  9.316E-03  8.525E-03  7.662E-03  6.811E-03  6.089E-03  5.477E-03  4.955E-03  4.288E-03  3.819E-03  3.286E-03  2.921E-03  2.475E-03  2.097E-03  1.772E-03  1.488E-03  1.243E-03  1.034E-03  8.568E-04  6.877E-04  5.604E-04  4.502E-04  3.620E-04  2.860E-04  2.267E-04  1.803E-04  1.402E-04  1.085E-04  8.335E-05  6.237E-05  4.635E-05
  356.5000  4.313E-02  4.179E-02  4.046E-02  3.914E-02  3.784E-02  3.654E-02  3.526E-02  3.399E-02  3.274E-02  3.149E-02  3.027E-02  2.905E-02  2.785E-02  2.667E-02  2.550E-02  2.434E-02  2.320E-02  2.208E-02  2.098E-02  1.989E-02  1.882E-02  1.777E-02  1.675E-02  1.574E-02  1.476E-02  1.381E-02  1.287E-02  1.196E-02  1.108E-02  1.024E-02  9.424E-03  8.644E-03  7.910E-03  7.109E-03  6.319E-03  5.648E-03  5.080E-03  4.596E-03  3.976E-03  3.541E-03  3.046E-03  2.707E-03  2.294E-03  1.943E-03  1.642E-03  1.379E-03  1.151E-03  9.571E-04  7.932E-04  6.365E-04  5.186E-04  4.165E-04  3.348E-04  2.645E-04  2.096E-04  1.667E-04  1.296E-04  1.002E-04  7.704E-05  5.766E-05  4.285E-05
  357.5000  3.668E-02  3.554E-02  3.441E-02  3.328E-02  3.217E-02  3.107E-02  2.998E-02  2.891E-02  2.784E-02  2.678E-02  2.573E-02  2.470E-02  2.368E-02  2.267E-02  2.168E-02  2.069E-02  1.973E-02  1.877E-02  1.783E-02  1.691E-02  1.600E-02  1.511E-02  1.424E-02  1.338E-02  1.255E-02  1.173E-02  1.094E-02  1.017E-02  9.420E-03  8.700E-03  8.008E-03  7.344E-03  6.720E-03  6.039E-03  5.367E-03  4.797E-03  4.313E-03  3.902E-03  3.375E-03  3.005E-03  2.585E-03  2.297E-03  1.946E-03  1.648E-03  1.392E-03  1.169E-03  9.761E-04  8.112E-04  6.722E-04  5.393E-04  4.393E-04  3.528E-04  2.835E-04  2.239E-04  1.774E-04  1.411E-04  1.097E-04  8.482E-05  6.519E-05  4.879E-05  3.626E-05
  358.5000  2.835E-02  2.747E-02  2.660E-02  2.573E-02  2.487E-02  2.403E-02  2.318E-02  2.235E-02  2.153E-02  2.071E-02  1.990E-02  1.910E-02  1.831E-02  1.754E-02  1.677E-02  1.601E-02  1.526E-02  1.452E-02  1.380E-02  1.308E-02  1.238E-02  1.169E-02  1.102E-02  1.036E-02  9.711E-03  9.081E-03  8.465E-03  7.869E-03  7.291E-03  6.734E-03  6.199E-03  5.685E-03  5.202E-03  4.675E-03  4.154E-03  3.713E-03  3.339E-03  3.020E-03  2.613E-03  2.326E-03  2.001E-03  1.778E-03  1.506E-03  1.275E-03  1.077E-03  9.046E-04  7.550E-04  6.273E-04  5.197E-04  4.168E-04  3.395E-04  2.725E-04  2.190E-04  1.729E-04  1.370E-04  1.089E-04  8.462E-05  6.545E-05  5.031E-05  3.765E-05  2.799E-05
  359.5000  4.774E-02  4.626E-02  4.479E-02  4.333E-02  4.188E-02  4.046E-02  3.904E-02  3.764E-02  3.625E-02  3.487E-02  3.351E-02  3.217E-02  3.084E-02  2.953E-02  2.824E-02  2.695E-02  2.569E-02  2.445E-02  2.323E-02  2.203E-02  2.084E-02  1.969E-02  1.855E-02  1.744E-02  1.635E-02  1.529E-02  1.425E-02  1.325E-02  1.228E-02  1.134E-02  1.044E-02  9.571E-03  8.757E-03  7.869E-03  6.994E-03  6.250E-03  5.619E-03  5.082E-03  4.396E-03  3.913E-03  3.365E-03  2.990E-03  2.533E-03  2.144E-03  1.810E-03  1.520E-03  1.269E-03  1.054E-03  8.729E-04  7.000E-04  5.699E-04  4.574E-04  3.675E-04  2.901E-04  2.298E-04  1.826E-04  1.419E-04  1.098E-04  8.436E-05  6.315E-05  4.695E-05
  360.5000  4.428E-02  4.291E-02  4.155E-02  4.019E-02  3.885E-02  3.752E-02  3.621E-02  3.491E-02  3.362E-02  3.234E-02  3.108E-02  2.984E-02  2.861E-02  2.739E-02  2.619E-02  2.500E-02  2.383E-02  2.268E-02  2.155E-02  2.044E-02  1.934E-02  1.826E-02  1.721E-02  1.618E-02  1.517E-02  1.418E-02  1.322E-02  1.229E-02  1.139E-02  1.052E-02  9.680E-03  8.877E-03  8.122E-03  7.298E-03  6.485E-03  5.795E-03  5.210E-03  4.712E-03  4.075E-03  3.627E-03  3.119E-03  2.771E-03  2.347E-03  1.987E-03  1.677E-03  1.408E-03  1.175E-03  9.757E-04  8.080E-04  6.477E-04  5.273E-04  4.231E-04  3.398E-04  2.682E-04  2.124E-04  1.688E-04  1.311E-04  1.014E-04  7.795E-05  5.835E-05  4.339E-05
  361.5000  3.998E-02  3.874E-02  3.751E-02  3.628E-02  3.508E-02  3.388E-02  3.270E-02  3.152E-02  3.036E-02  2.921E-02  2.807E-02  2.695E-02  2.584E-02  2.474E-02  2.365E-02  2.258E-02  2.153E-02  2.049E-02  1.947E-02  1.846E-02  1.747E-02  1.650E-02  1.555E-02  1.461E-02  1.370E-02  1.281E-02  1.195E-02  1.110E-02  1.029E-02  9.503E-03  8.747E-03  8.022E-03  7.339E-03  6.595E-03  5.858E-03  5.237E-03  4.708E-03  4.257E-03  3.681E-03  3.277E-03  2.817E-03  2.503E-03  2.119E-03  1.794E-03  1.514E-03  1.270E-03  1.060E-03  8.804E-04  7.289E-04  5.842E-04  4.754E-04  3.814E-04  3.063E-04  2.416E-04  1.914E-04  1.520E-04  1.181E-04  9.134E-05  7.020E-05  5.255E-05  3.908E-05
  362.5000  4.699E-02  4.553E-02  4.409E-02  4.265E-02  4.123E-02  3.983E-02  3.843E-02  3.706E-02  3.569E-02  3.434E-02  3.300E-02  3.168E-02  3.037E-02  2.908E-02  2.781E-02  2.655E-02  2.531E-02  2.409E-02  2.289E-02  2.171E-02  2.054E-02  1.940E-02  1.828E-02  1.719E-02  1.612E-02  1.507E-02  1.405E-02  1.306E-02  1.210E-02  1.118E-02  1.029E-02  9.433E-03  8.630E-03  7.754E-03  6.895E-03  6.157E-03  5.535E-03  5.005E-03  4.328E-03  3.851E-03  3.311E-03  2.941E-03  2.490E-03  2.107E-03  1.779E-03  1.493E-03  1.245E-03  1.034E-03  8.557E-04  6.856E-04  5.578E-04  4.474E-04  3.592E-04  2.833E-04  2.243E-04  1.782E-04  1.384E-04  1.070E-04  8.225E-05  6.158E-05  4.580E-05
  363.5000  4.183E-02  4.053E-02  3.925E-02  3.797E-02  3.670E-02  3.545E-02  3.421E-02  3.299E-02  3.177E-02  3.057E-02  2.938E-02  2.820E-02  2.704E-02  2.589E-02  2.476E-02  2.364E-02  2.253E-02  2.145E-02  2.038E-02  1.933E-02  1.829E-02  1.727E-02  1.628E-02  1.530E-02  1.435E-02  1.342E-02  1.251E-02  1.163E-02  1.077E-02  9.949E-03  9.157E-03  8.397E-03  7.682E-03  6.903E-03  6.135E-03  5.480E-03  4.926E-03  4.454E-03  3.851E-03  3.426E-03  2.945E-03  2.616E-03  2.215E-03  1.874E-03  1.581E-03  1.327E-03  1.106E-03  9.185E-04  7.602E-04  6.089E-04  4.953E-04  3.972E-04  3.188E-04  2.514E-04  1.990E-04  1.581E-04  1.228E-04  9.492E-05  7.294E-05  5.462E-05  4.062E-05
  364.5000  4.564E-02  4.423E-02  4.282E-02  4.143E-02  4.005E-02  3.868E-02  3.733E-02  3.599E-02  3.467E-02  3.335E-02  3.205E-02  3.077E-02  2.950E-02  2.825E-02  2.702E-02  2.579E-02  2.459E-02  2.340E-02  2.223E-02  2.109E-02  1.995E-02  1.884E-02  1.776E-02  1.669E-02  1.565E-02  1.464E-02  1.364E-02  1.268E-02  1.175E-02  1.085E-02  9.988E-03  9.159E-03  8.378E-03  7.527E-03  6.691E-03  5.975E-03  5.370E-03  4.855E-03  4.197E-03  3.734E-03  3.209E-03  2.850E-03  2.412E-03  2.041E-03  1.722E-03  1.445E-03  1.204E-03  9.996E-04  8.271E-04  6.624E-04  5.387E-04  4.319E-04  3.465E-04  2.732E-04  2.163E-04  1.717E-04  1.334E-04  1.031E-04  7.924E-05  5.933E-05  4.413E-05
  365.5000  5.562E-02  5.390E-02  5.219E-02  5.048E-02  4.880E-02  4.714E-02  4.549E-02  4.386E-02  4.225E-02  4.064E-02  3.906E-02  3.750E-02  3.595E-02  3.443E-02  3.292E-02  3.142E-02  2.996E-02  2.851E-02  2.709E-02  2.569E-02  2.431E-02  2.296E-02  2.163E-02  2.034E-02  1.907E-02  1.783E-02  1.662E-02  1.545E-02  1.431E-02  1.322E-02  1.216E-02  1.115E-02  1.020E-02  9.165E-03  8.142E-03  7.273E-03  6.536E-03  5.908E-03  5.107E-03  4.543E-03  3.904E-03  3.466E-03  2.933E-03  2.481E-03  2.093E-03  1.756E-03  1.464E-03  1.214E-03  1.005E-03  8.044E-04  6.541E-04  5.243E-04  4.206E-04  3.315E-04  2.624E-04  2.083E-04  1.618E-04  1.251E-04  9.610E-05  7.196E-05  5.352E-05
  366.5000  5.892E-02  5.709E-02  5.528E-02  5.348E-02  5.170E-02  4.994E-02  4.819E-02  4.647E-02  4.476E-02  4.306E-02  4.138E-02  3.973E-02  3.809E-02  3.647E-02  3.488E-02  3.330E-02  3.174E-02  3.021E-02  2.871E-02  2.722E-02  2.576E-02  2.433E-02  2.293E-02  2.155E-02  2.021E-02  1.890E-02  1.761E-02  1.637E-02  1.517E-02  1.401E-02  1.289E-02  1.182E-02  1.081E-02  9.712E-03  8.632E-03  7.706E-03  6.924E-03  6.259E-03  5.409E-03  4.812E-03  4.134E-03  3.670E-03  3.106E-03  2.627E-03  2.216E-03  1.858E-03  1.549E-03  1.285E-03  1.063E-03  8.506E-04  6.915E-04  5.541E-04  4.444E-04  3.502E-04  2.771E-04  2.200E-04  1.708E-04  1.320E-04  1.015E-04  7.598E-05  5.652E-05
  367.5000  5.599E-02  5.426E-02  5.254E-02  5.082E-02  4.913E-02  4.746E-02  4.580E-02  4.416E-02  4.254E-02  4.092E-02  3.933E-02  3.776E-02  3.621E-02  3.467E-02  3.315E-02  3.165E-02  3.018E-02  2.872E-02  2.729E-02  2.588E-02  2.449E-02  2.313E-02  2.180E-02  2.049E-02  1.921E-02  1.797E-02  1.675E-02  1.557E-02  1.442E-02  1.332E-02  1.226E-02  1.124E-02  1.028E-02  9.233E-03  8.206E-03  7.326E-03  6.582E-03  5.949E-03  5.141E-03  4.572E-03  3.928E-03  3.487E-03  2.950E-03  2.495E-03  2.104E-03  1.765E-03  1.470E-03  1.220E-03  1.009E-03  8.071E-04  6.559E-04  5.255E-04  4.214E-04  3.320E-04  2.626E-04  2.085E-04  1.618E-04  1.251E-04  9.611E-05  7.198E-05  5.355E-05
  368.5000  4.921E-02  4.769E-02  4.617E-02  4.467E-02  4.318E-02  4.171E-02  4.026E-02  3.881E-02  3.739E-02  3.597E-02  3.457E-02  3.319E-02  3.182E-02  3.047E-02  2.914E-02  2.782E-02  2.652E-02  2.524E-02  2.398E-02  2.275E-02  2.152E-02  2.033E-02  1.916E-02  1.801E-02  1.689E-02  1.579E-02  1.472E-02  1.368E-02  1.268E-02  1.170E-02  1.077E-02  9.874E-03  9.031E-03  8.113E-03  7.211E-03  6.436E-03  5.782E-03  5.225E-03  4.515E-03  4.015E-03  3.449E-03  3.061E-03  2.590E-03  2.190E-03  1.846E-03  1.549E-03  1.290E-03  1.070E-03  8.842E-04  7.075E-04  5.748E-04  4.604E-04  3.691E-04  2.908E-04  2.300E-04  1.825E-04  1.416E-04  1.095E-04  8.412E-05  6.300E-05  4.688E-05
  369.5000  5.906E-02  5.723E-02  5.541E-02  5.361E-02  5.183E-02  5.006E-02  4.831E-02  4.658E-02  4.487E-02  4.317E-02  4.149E-02  3.983E-02  3.819E-02  3.657E-02  3.497E-02  3.339E-02  3.183E-02  3.030E-02  2.879E-02  2.730E-02  2.583E-02  2.440E-02  2.299E-02  2.161E-02  2.027E-02  1.895E-02  1.766E-02  1.642E-02  1.521E-02  1.405E-02  1.292E-02  1.185E-02  1.084E-02  9.734E-03  8.650E-03  7.721E-03  6.936E-03  6.267E-03  5.415E-03  4.815E-03  4.135E-03  3.670E-03  3.104E-03  2.624E-03  2.212E-03  1.855E-03  1.545E-03  1.281E-03  1.059E-03  8.469E-04  6.880E-04  5.509E-04  4.415E-04  3.477E-04  2.750E-04  2.182E-04  1.693E-04  1.309E-04  1.005E-04  7.531E-05  5.603E-05
  370.5000  5.361E-02  5.194E-02  5.030E-02  4.866E-02  4.704E-02  4.544E-02  4.385E-02  4.228E-02  4.073E-02  3.918E-02  3.766E-02  3.615E-02  3.467E-02  3.320E-02  3.175E-02  3.031E-02  2.889E-02  2.750E-02  2.613E-02  2.478E-02  2.345E-02  2.215E-02  2.087E-02  1.962E-02  1.840E-02  1.720E-02  1.603E-02  1.490E-02  1.381E-02  1.275E-02  1.173E-02  1.075E-02  9.834E-03  8.833E-03  7.849E-03  7.005E-03  6.292E-03  5.685E-03  4.911E-03  4.366E-03  3.750E-03  3.327E-03  2.814E-03  2.378E-03  2.005E-03  1.681E-03  1.399E-03  1.160E-03  9.587E-04  7.667E-04  6.226E-04  4.985E-04  3.994E-04  3.145E-04  2.487E-04  1.973E-04  1.531E-04  1.183E-04  9.089E-05  6.807E-05  5.066E-05
  371.5000  6.137E-02  5.947E-02  5.758E-02  5.571E-02  5.385E-02  5.202E-02  5.021E-02  4.841E-02  4.663E-02  4.486E-02  4.312E-02  4.139E-02  3.969E-02  3.801E-02  3.635E-02  3.470E-02  3.308E-02  3.149E-02  2.992E-02  2.837E-02  2.685E-02  2.536E-02  2.390E-02  2.246E-02  2.106E-02  1.969E-02  1.836E-02  1.706E-02  1.581E-02  1.459E-02  1.343E-02  1.231E-02  1.126E-02  1.011E-02  8.984E-03  8.018E-03  7.201E-03  6.505E-03  5.619E-03  4.995E-03  4.289E-03  3.806E-03  3.218E-03  2.719E-03  2.292E-03  1.921E-03  1.599E-03  1.325E-03  1.095E-03  8.756E-04  7.109E-04  5.690E-04  4.559E-04  3.589E-04  2.837E-04  2.250E-04  1.746E-04  1.349E-04  1.036E-04  7.763E-05  5.777E-05
  372.5000  4.536E-02  4.395E-02  4.256E-02  4.117E-02  3.980E-02  3.845E-02  3.711E-02  3.578E-02  3.446E-02  3.316E-02  3.187E-02  3.060E-02  2.934E-02  2.809E-02  2.687E-02  2.565E-02  2.445E-02  2.327E-02  2.211E-02  2.097E-02  1.985E-02  1.874E-02  1.766E-02  1.660E-02  1.557E-02  1.456E-02  1.357E-02  1.261E-02  1.168E-02  1.079E-02  9.925E-03  9.099E-03  8.320E-03  7.472E-03  6.639E-03  5.925E-03  5.320E-03  4.806E-03  4.151E-03  3.690E-03  3.168E-03  2.810E-03  2.376E-03  2.008E-03  1.692E-03  1.417E-03  1.180E-03  9.777E-04  8.076E-04  6.456E-04  5.241E-04  4.194E-04  3.359E-04  2.644E-04  2.089E-04  1.657E-04  1.285E-04  9.931E-05  7.630E-05  5.715E-05  4.253E-05
  373.5000  4.101E-02  3.974E-02  3.848E-02  3.723E-02  3.599E-02  3.476E-02  3.355E-02  3.235E-02  3.116E-02  2.998E-02  2.881E-02  2.766E-02  2.653E-02  2.540E-02  2.429E-02  2.319E-02  2.211E-02  2.104E-02  2.000E-02  1.896E-02  1.794E-02  1.695E-02  1.597E-02  1.501E-02  1.408E-02  1.316E-02  1.227E-02  1.140E-02  1.056E-02  9.752E-03  8.972E-03  8.224E-03  7.520E-03  6.754E-03  5.999E-03  5.354E-03  4.807E-03  4.342E-03  3.750E-03  3.332E-03  2.861E-03  2.537E-03  2.145E-03  1.812E-03  1.527E-03  1.279E-03  1.064E-03  8.819E-04  7.284E-04  5.821E-04  4.724E-04  3.779E-04  3.026E-04  2.381E-04  1.882E-04  1.492E-04  1.157E-04  8.940E-05  6.869E-05  5.145E-05  3.829E-05
  374.5000  4.503E-02  4.363E-02  4.225E-02  4.087E-02  3.951E-02  3.817E-02  3.684E-02  3.552E-02  3.421E-02  3.291E-02  3.164E-02  3.037E-02  2.912E-02  2.789E-02  2.667E-02  2.546E-02  2.428E-02  2.311E-02  2.195E-02  2.082E-02  1.970E-02  1.861E-02  1.753E-02  1.648E-02  1.545E-02  1.445E-02  1.347E-02  1.252E-02  1.160E-02  1.071E-02  9.849E-03  9.028E-03  8.254E-03  7.413E-03  6.584E-03  5.875E-03  5.275E-03  4.764E-03  4.113E-03  3.655E-03  3.137E-03  2.782E-03  2.351E-03  1.986E-03  1.673E-03  1.402E-03  1.166E-03  9.660E-04  7.977E-04  6.373E-04  5.171E-04  4.136E-04  3.311E-04  2.605E-04  2.058E-04  1.632E-04  1.265E-04  9.774E-05  7.509E-05  5.625E-05  4.187E-05
  375.5000  5.083E-02  4.925E-02  4.769E-02  4.614E-02  4.461E-02  4.309E-02  4.159E-02  4.010E-02  3.862E-02  3.716E-02  3.572E-02  3.429E-02  3.288E-02  3.149E-02  3.011E-02  2.875E-02  2.741E-02  2.609E-02  2.479E-02  2.351E-02  2.224E-02  2.101E-02  1.980E-02  1.861E-02  1.745E-02  1.632E-02  1.521E-02  1.413E-02  1.309E-02  1.209E-02  1.112E-02  1.019E-02  9.318E-03  8.368E-03  7.433E-03  6.632E-03  5.953E-03  5.376E-03  4.641E-03  4.124E-03  3.539E-03  3.138E-03  2.652E-03  2.240E-03  1.886E-03  1.579E-03  1.314E-03  1.088E-03  8.986E-04  7.177E-04  5.823E-04  4.656E-04  3.727E-04  2.931E-04  2.316E-04  1.835E-04  1.423E-04  1.099E-04  8.444E-05  6.326E-05  4.709E-05
  376.5000  5.078E-02  4.921E-02  4.765E-02  4.610E-02  4.457E-02  4.305E-02  4.155E-02  4.006E-02  3.859E-02  3.713E-02  3.569E-02  3.426E-02  3.285E-02  3.146E-02  3.009E-02  2.872E-02  2.739E-02  2.607E-02  2.477E-02  2.349E-02  2.223E-02  2.099E-02  1.978E-02  1.860E-02  1.744E-02  1.630E-02  1.519E-02  1.412E-02  1.308E-02  1.208E-02  1.111E-02  1.018E-02  9.309E-03  8.360E-03  7.426E-03  6.624E-03  5.946E-03  5.369E-03  4.635E-03  4.118E-03  3.533E-03  3.133E-03  2.647E-03  2.235E-03  1.882E-03  1.575E-03  1.311E-03  1.085E-03  8.958E-04  7.154E-04  5.802E-04  4.639E-04  3.712E-04  2.919E-04  2.305E-04  1.827E-04  1.416E-04  1.094E-04  8.403E-05  6.295E-05  4.686E-05
  377.5000  6.050E-02  5.863E-02  5.677E-02  5.492E-02  5.310E-02  5.129E-02  4.950E-02  4.773E-02  4.598E-02  4.423E-02  4.252E-02  4.082E-02  3.914E-02  3.748E-02  3.585E-02  3.422E-02  3.263E-02  3.106E-02  2.951E-02  2.799E-02  2.648E-02  2.501E-02  2.357E-02  2.216E-02  2.078E-02  1.943E-02  1.810E-02  1.683E-02  1.559E-02  1.439E-02  1.324E-02  1.213E-02  1.109E-02  9.958E-03  8.845E-03  7.890E-03  7.082E-03  6.394E-03  5.519E-03  4.902E-03  4.206E-03  3.728E-03  3.150E-03  2.660E-03  2.239E-03  1.873E-03  1.559E-03  1.290E-03  1.065E-03  8.501E-04  6.893E-04  5.510E-04  4.408E-04  3.466E-04  2.737E-04  2.168E-04  1.681E-04  1.298E-04  9.970E-05  7.469E-05  5.560E-05
  378.5000  6.597E-02  6.393E-02  6.190E-02  5.988E-02  5.790E-02  5.593E-02  5.398E-02  5.204E-02  5.013E-02  4.823E-02  4.636E-02  4.451E-02  4.268E-02  4.087E-02  3.909E-02  3.732E-02  3.558E-02  3.387E-02  3.218E-02  3.052E-02  2.888E-02  2.728E-02  2.570E-02  2.416E-02  2.265E-02  2.118E-02  1.974E-02  1.835E-02  1.699E-02  1.569E-02  1.443E-02  1.323E-02  1.209E-02  1.086E-02  9.642E-03  8.600E-03  7.718E-03  6.967E-03  6.013E-03  5.340E-03  4.581E-03  4.061E-03  3.430E-03  2.896E-03  2.438E-03  2.039E-03  1.696E-03  1.404E-03  1.158E-03  9.245E-04  7.495E-04  5.989E-04  4.790E-04  3.765E-04  2.973E-04  2.355E-04  1.825E-04  1.409E-04  1.082E-04  8.110E-05  6.038E-05
  379.5000  4.883E-02  4.731E-02  4.581E-02  4.432E-02  4.285E-02  4.139E-02  3.995E-02  3.852E-02  3.710E-02  3.570E-02  3.431E-02  3.294E-02  3.159E-02  3.025E-02  2.893E-02  2.762E-02  2.634E-02  2.507E-02  2.382E-02  2.259E-02  2.137E-02  2.019E-02  1.902E-02  1.788E-02  1.677E-02  1.568E-02  1.461E-02  1.358E-02  1.258E-02  1.161E-02  1.068E-02  9.787E-03  8.946E-03  8.032E-03  7.133E-03  6.362E-03  5.709E-03  5.153E-03  4.447E-03  3.949E-03  3.387E-03  3.002E-03  2.535E-03  2.140E-03  1.801E-03  1.507E-03  1.253E-03  1.037E-03  8.552E-04  6.824E-04  5.531E-04  4.419E-04  3.534E-04  2.777E-04  2.192E-04  1.736E-04  1.345E-04  1.039E-04  7.978E-05  5.977E-05  4.450E-05
  380.5000  5.875E-02  5.693E-02  5.512E-02  5.333E-02  5.156E-02  4.980E-02  4.807E-02  4.635E-02  4.464E-02  4.295E-02  4.129E-02  3.964E-02  3.801E-02  3.640E-02  3.481E-02  3.324E-02  3.169E-02  3.016E-02  2.866E-02  2.718E-02  2.572E-02  2.429E-02  2.289E-02  2.152E-02  2.018E-02  1.886E-02  1.758E-02  1.634E-02  1.513E-02  1.397E-02  1.285E-02  1.177E-02  1.076E-02  9.663E-03  8.582E-03  7.653E-03  6.867E-03  6.197E-03  5.347E-03  4.748E-03  4.072E-03  3.608E-03  3.047E-03  2.571E-03  2.164E-03  1.809E-03  1.504E-03  1.245E-03  1.027E-03  8.190E-04  6.636E-04  5.301E-04  4.238E-04  3.330E-04  2.628E-04  2.081E-04  1.612E-04  1.245E-04  9.559E-05  7.162E-05  5.333E-05
  381.5000  5.523E-02  5.352E-02  5.182E-02  5.013E-02  4.847E-02  4.682E-02  4.519E-02  4.357E-02  4.197E-02  4.038E-02  3.882E-02  3.727E-02  3.574E-02  3.422E-02  3.273E-02  3.125E-02  2.979E-02  2.836E-02  2.695E-02  2.556E-02  2.418E-02  2.284E-02  2.152E-02  2.023E-02  1.897E-02  1.774E-02  1.653E-02  1.536E-02  1.423E-02  1.313E-02  1.208E-02  1.107E-02  1.012E-02  9.083E-03  8.066E-03  7.193E-03  6.453E-03  5.823E-03  5.024E-03  4.460E-03  3.825E-03  3.389E-03  2.861E-03  2.414E-03  2.031E-03  1.698E-03  1.412E-03  1.168E-03  9.629E-04  7.680E-04  6.222E-04  4.969E-04  3.971E-04  3.119E-04  2.461E-04  1.949E-04  1.510E-04  1.165E-04  8.950E-05  6.706E-05  4.993E-05
  382.5000  3.682E-02  3.568E-02  3.455E-02  3.342E-02  3.231E-02  3.121E-02  3.012E-02  2.905E-02  2.798E-02  2.692E-02  2.588E-02  2.484E-02  2.382E-02  2.281E-02  2.182E-02  2.083E-02  1.986E-02  1.891E-02  1.796E-02  1.704E-02  1.612E-02  1.523E-02  1.435E-02  1.349E-02  1.265E-02  1.182E-02  1.102E-02  1.024E-02  9.485E-03  8.754E-03  8.052E-03  7.378E-03  6.743E-03  6.054E-03  5.375E-03  4.793E-03  4.300E-03  3.880E-03  3.347E-03  2.971E-03  2.547E-03  2.257E-03  1.905E-03  1.607E-03  1.352E-03  1.130E-03  9.393E-04  7.768E-04  6.404E-04  5.107E-04  4.136E-04  3.302E-04  2.639E-04  2.072E-04  1.635E-04  1.294E-04  1.002E-04  7.737E-05  5.941E-05  4.452E-05  3.315E-05
  383.5000  3.234E-02  3.134E-02  3.035E-02  2.936E-02  2.838E-02  2.742E-02  2.646E-02  2.552E-02  2.458E-02  2.365E-02  2.273E-02  2.183E-02  2.093E-02  2.004E-02  1.917E-02  1.830E-02  1.745E-02  1.661E-02  1.578E-02  1.497E-02  1.416E-02  1.338E-02  1.261E-02  1.185E-02  1.111E-02  1.039E-02  9.681E-03  8.996E-03  8.332E-03  7.690E-03  7.073E-03  6.481E-03  5.923E-03  5.317E-03  4.720E-03  4.210E-03  3.776E-03  3.407E-03  2.938E-03  2.608E-03  2.236E-03  1.980E-03  1.671E-03  1.410E-03  1.186E-03  9.909E-04  8.235E-04  6.809E-04  5.612E-04  4.475E-04  3.623E-04  2.892E-04  2.310E-04  1.814E-04  1.431E-04  1.132E-04  8.770E-05  6.768E-05  5.197E-05  3.894E-05  2.900E-05
  384.5000  4.856E-02  4.705E-02  4.556E-02  4.408E-02  4.261E-02  4.117E-02  3.973E-02  3.831E-02  3.690E-02  3.551E-02  3.413E-02  3.277E-02  3.142E-02  3.009E-02  2.878E-02  2.748E-02  2.620E-02  2.494E-02  2.370E-02  2.247E-02  2.127E-02  2.009E-02  1.893E-02  1.779E-02  1.668E-02  1.560E-02  1.453E-02  1.351E-02  1.251E-02  1.155E-02  1.062E-02  9.730E-03  8.892E-03  7.982E-03  7.088E-03  6.318E-03  5.667E-03  5.112E-03  4.409E-03  3.913E-03  3.354E-03  2.970E-03  2.506E-03  2.114E-03  1.778E-03  1.485E-03  1.234E-03  1.020E-03  8.407E-04  6.701E-04  5.425E-04  4.329E-04  3.458E-04  2.714E-04  2.140E-04  1.694E-04  1.311E-04  1.012E-04  7.771E-05  5.823E-05  4.336E-05
  385.5000  4.806E-02  4.657E-02  4.510E-02  4.363E-02  4.218E-02  4.074E-02  3.932E-02  3.792E-02  3.653E-02  3.514E-02  3.378E-02  3.243E-02  3.110E-02  2.979E-02  2.849E-02  2.720E-02  2.593E-02  2.469E-02  2.346E-02  2.225E-02  2.105E-02  1.988E-02  1.874E-02  1.761E-02  1.651E-02  1.544E-02  1.439E-02  1.337E-02  1.238E-02  1.143E-02  1.051E-02  9.630E-03  8.800E-03  7.900E-03  7.012E-03  6.252E-03  5.607E-03  5.058E-03  4.362E-03  3.870E-03  3.317E-03  2.937E-03  2.478E-03  2.089E-03  1.757E-03  1.467E-03  1.219E-03  1.008E-03  8.302E-04  6.616E-04  5.354E-04  4.272E-04  3.411E-04  2.677E-04  2.111E-04  1.670E-04  1.293E-04  9.976E-05  7.660E-05  5.740E-05  4.274E-05
  386.5000  4.901E-02  4.749E-02  4.599E-02  4.449E-02  4.301E-02  4.155E-02  4.010E-02  3.867E-02  3.725E-02  3.584E-02  3.445E-02  3.308E-02  3.172E-02  3.038E-02  2.905E-02  2.774E-02  2.645E-02  2.517E-02  2.392E-02  2.269E-02  2.147E-02  2.028E-02  1.911E-02  1.796E-02  1.684E-02  1.575E-02  1.467E-02  1.363E-02  1.263E-02  1.165E-02  1.072E-02  9.820E-03  8.973E-03  8.055E-03  7.151E-03  6.374E-03  5.716E-03  5.155E-03  4.445E-03  3.944E-03  3.379E-03  2.992E-03  2.524E-03  2.128E-03  1.789E-03  1.494E-03  1.241E-03  1.025E-03  8.447E-04  6.729E-04  5.445E-04  4.344E-04  3.467E-04  2.721E-04  2.145E-04  1.696E-04  1.313E-04  1.013E-04  7.778E-05  5.829E-05  4.341E-05
  387.5000  4.557E-02  4.415E-02  4.276E-02  4.136E-02  3.999E-02  3.863E-02  3.728E-02  3.595E-02  3.463E-02  3.332E-02  3.203E-02  3.075E-02  2.949E-02  2.824E-02  2.701E-02  2.579E-02  2.459E-02  2.341E-02  2.224E-02  2.109E-02  1.996E-02  1.885E-02  1.777E-02  1.670E-02  1.566E-02  1.464E-02  1.364E-02  1.268E-02  1.174E-02  1.084E-02  9.965E-03  9.129E-03  8.342E-03  7.488E-03  6.646E-03  5.925E-03  5.312E-03  4.791E-03  4.130E-03  3.664E-03  3.139E-03  2.779E-03  2.344E-03  1.976E-03  1.661E-03  1.387E-03  1.152E-03  9.514E-04  7.835E-04  6.241E-04  5.048E-04  4.026E-04  3.213E-04  2.521E-04  1.987E-04  1.571E-04  1.216E-04  9.380E-05  7.201E-05  5.396E-05  4.019E-05
  388.5000  4.569E-02  4.427E-02  4.287E-02  4.147E-02  4.010E-02  3.873E-02  3.738E-02  3.605E-02  3.473E-02  3.341E-02  3.212E-02  3.084E-02  2.957E-02  2.832E-02  2.709E-02  2.586E-02  2.466E-02  2.347E-02  2.230E-02  2.115E-02  2.002E-02  1.891E-02  1.782E-02  1.675E-02  1.570E-02  1.468E-02  1.368E-02  1.271E-02  1.177E-02  1.086E-02  9.992E-03  9.154E-03  8.363E-03  7.507E-03  6.662E-03  5.939E-03  5.325E-03  4.801E-03  4.139E-03  3.671E-03  3.144E-03  2.783E-03  2.347E-03  1.978E-03  1.662E-03  1.388E-03  1.152E-03  9.519E-04  7.838E-04  6.241E-04  5.048E-04  4.025E-04  3.211E-04  2.519E-04  1.985E-04  1.569E-04  1.214E-04  9.367E-05  7.190E-05  5.388E-05  4.013E-05
  389.5000  5.764E-02  5.586E-02  5.408E-02  5.232E-02  5.059E-02  4.887E-02  4.716E-02  4.548E-02  4.381E-02  4.215E-02  4.052E-02  3.890E-02  3.731E-02  3.573E-02  3.417E-02  3.263E-02  3.111E-02  2.961E-02  2.814E-02  2.669E-02  2.525E-02  2.385E-02  2.248E-02  2.113E-02  1.981E-02  1.852E-02  1.726E-02  1.604E-02  1.485E-02  1.371E-02  1.261E-02  1.155E-02  1.055E-02  9.469E-03  8.405E-03  7.491E-03  6.715E-03  6.054E-03  5.218E-03  4.628E-03  3.964E-03  3.508E-03  2.957E-03  2.492E-03  2.094E-03  1.748E-03  1.451E-03  1.198E-03  9.865E-04  7.854E-04  6.350E-04  5.062E-04  4.038E-04  3.166E-04  2.495E-04  1.972E-04  1.526E-04  1.177E-04  9.033E-05  6.769E-05  5.042E-05
  390.5000  5.664E-02  5.489E-02  5.315E-02  5.141E-02  4.971E-02  4.802E-02  4.634E-02  4.469E-02  4.305E-02  4.142E-02  3.982E-02  3.823E-02  3.666E-02  3.511E-02  3.358E-02  3.206E-02  3.057E-02  2.910E-02  2.765E-02  2.623E-02  2.482E-02  2.344E-02  2.209E-02  2.077E-02  1.947E-02  1.820E-02  1.696E-02  1.576E-02  1.460E-02  1.347E-02  1.239E-02  1.135E-02  1.037E-02  9.304E-03  8.257E-03  7.359E-03  6.597E-03  5.947E-03  5.125E-03  4.545E-03  3.892E-03  3.444E-03  2.903E-03  2.446E-03  2.055E-03  1.715E-03  1.423E-03  1.175E-03  9.672E-04  7.698E-04  6.223E-04  4.960E-04  3.956E-04  3.101E-04  2.442E-04  1.930E-04  1.493E-04  1.152E-04  8.840E-05  6.624E-05  4.934E-05
  391.5000  6.723E-02  6.515E-02  6.308E-02  6.102E-02  5.900E-02  5.699E-02  5.501E-02  5.304E-02  5.110E-02  4.916E-02  4.726E-02  4.538E-02  4.351E-02  4.167E-02  3.986E-02  3.806E-02  3.629E-02  3.454E-02  3.282E-02  3.113E-02  2.946E-02  2.783E-02  2.622E-02  2.465E-02  2.311E-02  2.161E-02  2.013E-02  1.871E-02  1.733E-02  1.599E-02  1.470E-02  1.347E-02  1.230E-02  1.104E-02  9.801E-03  8.733E-03  7.827E-03  7.056E-03  6.080E-03  5.391E-03  4.616E-03  4.084E-03  3.442E-03  2.899E-03  2.435E-03  2.032E-03  1.686E-03  1.392E-03  1.145E-03  9.115E-04  7.366E-04  5.870E-04  4.680E-04  3.668E-04  2.888E-04  2.282E-04  1.766E-04  1.361E-04  1.045E-04  7.829E-05  5.832E-05
  392.5000  5.044E-02  4.887E-02  4.732E-02  4.578E-02  4.426E-02  4.276E-02  4.127E-02  3.979E-02  3.833E-02  3.688E-02  3.545E-02  3.404E-02  3.265E-02  3.127E-02  2.990E-02  2.855E-02  2.723E-02  2.592E-02  2.463E-02  2.336E-02  2.210E-02  2.088E-02  1.967E-02  1.849E-02  1.734E-02  1.621E-02  1.511E-02  1.404E-02  1.300E-02  1.200E-02  1.103E-02  1.010E-02  9.230E-03  8.283E-03  7.352E-03  6.550E-03  5.870E-03  5.291E-03  4.559E-03  4.041E-03  3.460E-03  3.061E-03  2.579E-03  2.172E-03  1.824E-03  1.522E-03  1.263E-03  1.042E-03  8.574E-04  6.821E-04  5.511E-04  4.390E-04  3.500E-04  2.742E-04  2.159E-04  1.706E-04  1.319E-04  1.017E-04  7.805E-05  5.849E-05  4.357E-05
  393.5000  2.194E-02  2.126E-02  2.058E-02  1.991E-02  1.925E-02  1.860E-02  1.795E-02  1.731E-02  1.667E-02  1.604E-02  1.542E-02  1.481E-02  1.420E-02  1.360E-02  1.301E-02  1.242E-02  1.184E-02  1.127E-02  1.071E-02  1.016E-02  9.614E-03  9.081E-03  8.557E-03  8.044E-03  7.542E-03  7.051E-03  6.571E-03  6.105E-03  5.654E-03  5.217E-03  4.797E-03  4.394E-03  4.014E-03  3.602E-03  3.197E-03  2.848E-03  2.552E-03  2.300E-03  1.982E-03  1.757E-03  1.504E-03  1.330E-03  1.120E-03  9.435E-04  7.922E-04  6.610E-04  5.482E-04  4.523E-04  3.720E-04  2.959E-04  2.390E-04  1.904E-04  1.517E-04  1.189E-04  9.356E-05  7.390E-05  5.715E-05  4.405E-05  3.381E-05  2.533E-05  1.887E-05
  394.5000  5.164E-02  5.004E-02  4.845E-02  4.687E-02  4.532E-02  4.378E-02  4.225E-02  4.074E-02  3.925E-02  3.776E-02  3.630E-02  3.486E-02  3.343E-02  3.201E-02  3.062E-02  2.924E-02  2.788E-02  2.654E-02  2.522E-02  2.392E-02  2.263E-02  2.138E-02  2.015E-02  1.894E-02  1.776E-02  1.660E-02  1.547E-02  1.437E-02  1.331E-02  1.228E-02  1.129E-02  1.034E-02  9.448E-03  8.479E-03  7.524E-03  6.703E-03  6.006E-03  5.412E-03  4.662E-03  4.132E-03  3.536E-03  3.127E-03  2.634E-03  2.218E-03  1.862E-03  1.554E-03  1.288E-03  1.063E-03  8.737E-04  6.948E-04  5.611E-04  4.468E-04  3.560E-04  2.788E-04  2.194E-04  1.733E-04  1.340E-04  1.033E-04  7.924E-05  5.938E-05  4.424E-05
  395.5000  6.647E-02  6.441E-02  6.237E-02  6.033E-02  5.833E-02  5.635E-02  5.438E-02  5.244E-02  5.052E-02  4.861E-02  4.672E-02  4.486E-02  4.302E-02  4.121E-02  3.941E-02  3.763E-02  3.588E-02  3.416E-02  3.246E-02  3.079E-02  2.914E-02  2.752E-02  2.593E-02  2.438E-02  2.286E-02  2.137E-02  1.991E-02  1.850E-02  1.713E-02  1.581E-02  1.454E-02  1.331E-02  1.216E-02  1.091E-02  9.682E-03  8.626E-03  7.728E-03  6.963E-03  5.998E-03  5.315E-03  4.548E-03  4.021E-03  3.387E-03  2.851E-03  2.393E-03  1.996E-03  1.655E-03  1.365E-03  1.122E-03  8.920E-04  7.202E-04  5.734E-04  4.567E-04  3.576E-04  2.814E-04  2.222E-04  1.718E-04  1.324E-04  1.016E-04  7.611E-05  5.670E-05
  396.5000  3.905E-02  3.784E-02  3.663E-02  3.544E-02  3.426E-02  3.310E-02  3.195E-02  3.080E-02  2.967E-02  2.855E-02  2.745E-02  2.635E-02  2.527E-02  2.421E-02  2.315E-02  2.211E-02  2.108E-02  2.007E-02  1.907E-02  1.809E-02  1.712E-02  1.617E-02  1.524E-02  1.432E-02  1.343E-02  1.255E-02  1.170E-02  1.087E-02  1.007E-02  9.288E-03  8.539E-03  7.821E-03  7.143E-03  6.410E-03  5.688E-03  5.066E-03  4.539E-03  4.089E-03  3.522E-03  3.120E-03  2.670E-03  2.360E-03  1.987E-03  1.673E-03  1.404E-03  1.171E-03  9.703E-04  8.001E-04  6.577E-04  5.227E-04  4.220E-04  3.358E-04  2.674E-04  2.094E-04  1.647E-04  1.300E-04  1.005E-04  7.744E-05  5.941E-05  4.452E-05  3.317E-05
  397.5000  4.508E-02  4.368E-02  4.229E-02  4.091E-02  3.955E-02  3.821E-02  3.688E-02  3.556E-02  3.426E-02  3.296E-02  3.169E-02  3.042E-02  2.918E-02  2.795E-02  2.673E-02  2.552E-02  2.434E-02  2.317E-02  2.202E-02  2.088E-02  1.976E-02  1.867E-02  1.759E-02  1.654E-02  1.550E-02  1.449E-02  1.351E-02  1.255E-02  1.162E-02  1.072E-02  9.859E-03  9.029E-03  8.246E-03  7.399E-03  6.566E-03  5.848E-03  5.239E-03  4.719E-03  4.064E-03  3.600E-03  3.080E-03  2.722E-03  2.292E-03  1.929E-03  1.618E-03  1.349E-03  1.118E-03  9.219E-04  7.576E-04  6.020E-04  4.858E-04  3.866E-04  3.078E-04  2.409E-04  1.895E-04  1.495E-04  1.156E-04  8.903E-05  6.830E-05  5.118E-05  3.813E-05
  398.5000  7.749E-02  7.508E-02  7.270E-02  7.033E-02  6.799E-02  6.568E-02  6.339E-02  6.113E-02  5.889E-02  5.666E-02  5.447E-02  5.230E-02  5.016E-02  4.804E-02  4.595E-02  4.387E-02  4.184E-02  3.983E-02  3.785E-02  3.590E-02  3.397E-02  3.209E-02  3.024E-02  2.843E-02  2.665E-02  2.492E-02  2.322E-02  2.157E-02  1.998E-02  1.843E-02  1.695E-02  1.552E-02  1.418E-02  1.272E-02  1.128E-02  1.005E-02  9.003E-03  8.109E-03  6.983E-03  6.185E-03  5.290E-03  4.676E-03  3.936E-03  3.312E-03  2.778E-03  2.316E-03  1.919E-03  1.582E-03  1.299E-03  1.032E-03  8.329E-04  6.626E-04  5.274E-04  4.127E-04  3.245E-04  2.561E-04  1.979E-04  1.524E-04  1.169E-04  8.762E-05  6.528E-05
  399.5000  8.063E-02  7.812E-02  7.564E-02  7.318E-02  7.075E-02  6.834E-02  6.596E-02  6.360E-02  6.127E-02  5.896E-02  5.667E-02  5.442E-02  5.219E-02  4.999E-02  4.781E-02  4.565E-02  4.353E-02  4.144E-02  3.938E-02  3.736E-02  3.535E-02  3.339E-02  3.147E-02  2.958E-02  2.774E-02  2.593E-02  2.416E-02  2.245E-02  2.079E-02  1.918E-02  1.764E-02  1.615E-02  1.475E-02  1.323E-02  1.174E-02  1.046E-02  9.366E-03  8.435E-03  7.262E-03  6.432E-03  5.501E-03  4.861E-03  4.091E-03  3.441E-03  2.886E-03  2.406E-03  1.993E-03  1.642E-03  1.349E-03  1.071E-03  8.643E-04  6.874E-04  5.470E-04  4.279E-04  3.364E-04  2.654E-04  2.050E-04  1.579E-04  1.211E-04  9.078E-05  6.764E-05
------------------------------------------------------------
Dose rates,W m-2
   1 = UV index (WMO, 1994; Webb et al., 2011)           
   2 = Previtamin-D3 (CIE 2006)                          
values at z =      0.025 km
Columns: time,sza,weighting spectra
time,hrs.  sza,deg.          1          2
   18.0000     83.438  1.470E-01  2.973E-03
   18.0167     83.637  1.412E-01  2.832E-03
   18.0333     83.837  1.356E-01  2.697E-03
   18.0500     84.038  1.301E-01  2.566E-03
   18.0667     84.238  1.247E-01  2.441E-03
   18.0833     84.438  1.195E-01  2.321E-03
   18.1000     84.639  1.144E-01  2.205E-03
   18.1167     84.839  1.094E-01  2.094E-03
   18.1333     85.040  1.046E-01  1.988E-03
   18.1500     85.242  9.980E-02  1.886E-03
   18.1667     85.443  9.519E-02  1.788E-03
   18.1833     85.644  9.069E-02  1.694E-03
   18.2000     85.846  8.632E-02  1.604E-03
   18.2167     86.047  8.206E-02  1.518E-03
   18.2333     86.249  7.792E-02  1.435E-03
   18.2500     86.451  7.388E-02  1.356E-03
   18.2667     86.653  6.997E-02  1.280E-03
   18.2833     86.855  6.617E-02  1.208E-03
   18.3000     87.057  6.249E-02  1.138E-03
   18.3167     87.260  5.892E-02  1.072E-03
   18.3333     87.463  5.544E-02  1.008E-03
   18.3500     87.666  5.209E-02  9.472E-04
   18.3667     87.868  4.885E-02  8.890E-04
   18.3833     88.071  4.572E-02  8.334E-04
   18.4000     88.274  4.270E-02  7.802E-04
   18.4167     88.477  3.979E-02  7.293E-04
   18.4333     88.681  3.698E-02  6.805E-04
   18.4500     88.885  3.429E-02  6.342E-04
   18.4667     89.088  3.171E-02  5.900E-04
   18.4833     89.292  2.925E-02  5.480E-04
   18.5000     89.495  2.691E-02  5.079E-04
   18.5167     89.700  2.468E-02  4.700E-04
   18.5333     89.904  2.260E-02  4.345E-04
   18.5500     90.108  2.037E-02  3.962E-04
   18.5667     90.312  1.818E-02  3.584E-04
   18.5833     90.517  1.632E-02  3.261E-04
   18.6000     90.721  1.474E-02  2.986E-04
   18.6167     90.926  1.339E-02  2.749E-04
   18.6333     91.131  1.169E-02  2.442E-04
   18.6500     91.336  1.048E-02  2.224E-04
   18.6667     91.541  9.108E-03  1.970E-04
   18.6833     91.745  8.157E-03  1.793E-04
   18.7000     91.951  7.003E-03  1.570E-04
   18.7167     92.157  6.013E-03  1.375E-04
   18.7333     92.362  5.152E-03  1.201E-04
   18.7500     92.567  4.394E-03  1.044E-04
   18.7667     92.773  3.728E-03  9.022E-05
   18.7833     92.978  3.148E-03  7.752E-05
   18.8000     93.185  2.650E-03  6.628E-05
   18.8167     93.391  2.161E-03  5.479E-05
   18.8333     93.596  1.786E-03  4.581E-05
   18.8500     93.802  1.450E-03  3.746E-05
   18.8667     94.008  1.178E-03  3.061E-05
   18.8833     94.214  9.352E-04  2.432E-05
   18.9000     94.422  7.414E-04  1.920E-05
   18.9167     94.628  5.889E-04  1.518E-05
   18.9333     94.834  4.546E-04  1.160E-05
   18.9500     95.041  3.473E-04  8.726E-06
   18.9667     95.247  2.616E-04  6.417E-06
   18.9833     95.454  1.901E-04  4.492E-06
   19.0000     95.662  1.359E-04  3.036E-06
------------------------------------------------------------
