Spectral Irradiance,W m-2 nm-1
values at z =      0.025 km
Columns: wavelength (nm),times (hrs.) or sza (deg.)
    wc,nm     18.000     18.017     18.033     18.050     18.067     18.083     18.100     18.117     18.133     18.150     18.167     18.183     18.200     18.217     18.233     18.250     18.267     18.283     18.300     18.317     18.333     18.350     18.367     18.383     18.400     18.417     18.433     18.450     18.467     18.483     18.500     18.517     18.533     18.550     18.567     18.583     18.600     18.617     18.633     18.650     18.667     18.683     18.700     18.717     18.733     18.750     18.767     18.783     18.800     18.817     18.833     18.850     18.867     18.883     18.900     18.917     18.933     18.950     18.967     18.983     19.000
    sza =      84.384     84.582     84.781     84.980     85.179     85.379     85.578     85.777     85.977     86.178     86.378     86.578     86.778     86.978     87.179     87.381     87.581     87.782     87.984     88.185     88.387     88.589     88.790     88.992     89.194     89.396     89.599     89.802     90.004     90.207     90.410     90.614     90.817     91.020     91.223     91.426     91.630     91.834     92.038     92.242     92.446     92.650     92.854     93.060     93.264     93.469     93.673     93.878     94.084     94.289     94.494     94.699     94.904     95.110     95.316     95.521     95.727     95.933     96.139     96.345     96.552
  280.5000  2.430E-25  2.379E-25  2.328E-25  2.277E-25  2.226E-25  2.174E-25  2.123E-25  2.072E-25  2.020E-25  1.968E-25  1.915E-25  1.863E-25  1.810E-25  1.757E-25  1.703E-25  1.649E-25  1.595E-25  1.540E-25  1.485E-25  1.430E-25  1.374E-25  1.318E-25  1.261E-25  1.204E-25  1.147E-25  1.090E-25  1.033E-25  9.772E-26  9.217E-26  8.469E-26  7.824E-26  7.260E-26  6.771E-26  6.260E-26  5.636E-26  5.227E-26  4.615E-26  4.094E-26  3.648E-26  3.244E-26  2.811E-26  2.422E-26  2.072E-26  1.704E-26  1.415E-26  1.171E-26  9.215E-27  7.219E-27  5.277E-27  3.743E-27  2.438E-27  1.343E-27  5.996E-28  1.749E-28  2.542E-29  8.381E-31  1.562E-33  4.069E-38  1.401E-45  0.000E+00  0.000E+00
  281.5000  4.186E-23  4.098E-23  4.010E-23  3.922E-23  3.834E-23  3.746E-23  3.657E-23  3.568E-23  3.479E-23  3.389E-23  3.299E-23  3.208E-23  3.117E-23  3.026E-23  2.934E-23  2.841E-23  2.747E-23  2.654E-23  2.559E-23  2.464E-23  2.367E-23  2.271E-23  2.174E-23  2.076E-23  1.979E-23  1.881E-23  1.783E-23  1.686E-23  1.591E-23  1.462E-23  1.351E-23  1.255E-23  1.170E-23  1.082E-23  9.748E-24  9.044E-24  7.989E-24  7.085E-24  6.319E-24  5.620E-24  4.872E-24  4.199E-24  3.594E-24  2.959E-24  2.459E-24  2.037E-24  1.608E-24  1.267E-24  9.350E-25  6.728E-25  4.483E-25  2.565E-25  1.215E-25  3.920E-26  6.707E-27  2.981E-28  9.655E-31  6.401E-35  1.112E-41  0.000E+00  0.000E+00
  282.5000  2.392E-21  2.342E-21  2.291E-21  2.241E-21  2.190E-21  2.139E-21  2.089E-21  2.038E-21  1.987E-21  1.935E-21  1.884E-21  1.832E-21  1.780E-21  1.728E-21  1.675E-21  1.622E-21  1.569E-21  1.515E-21  1.462E-21  1.407E-21  1.352E-21  1.297E-21  1.242E-21  1.187E-21  1.131E-21  1.075E-21  1.019E-21  9.644E-22  9.102E-22  8.368E-22  7.735E-22  7.183E-22  6.703E-22  6.201E-22  5.587E-22  5.184E-22  4.581E-22  4.066E-22  3.626E-22  3.226E-22  2.798E-22  2.412E-22  2.065E-22  1.701E-22  1.415E-22  1.174E-22  9.292E-23  7.351E-23  5.471E-23  3.984E-23  2.705E-23  1.600E-23  7.980E-24  2.809E-24  5.556E-25  3.217E-26  1.701E-28  2.565E-32  1.735E-38  0.000E+00  0.000E+00
  283.5000  2.989E-20  2.925E-20  2.862E-20  2.799E-20  2.735E-20  2.672E-20  2.608E-20  2.545E-20  2.481E-20  2.416E-20  2.352E-20  2.288E-20  2.223E-20  2.157E-20  2.092E-20  2.025E-20  1.959E-20  1.892E-20  1.825E-20  1.757E-20  1.689E-20  1.620E-20  1.551E-20  1.482E-20  1.413E-20  1.343E-20  1.274E-20  1.205E-20  1.138E-20  1.046E-20  9.672E-21  8.983E-21  8.385E-21  7.759E-21  6.992E-21  6.490E-21  5.736E-21  5.093E-21  4.542E-21  4.042E-21  3.506E-21  3.023E-21  2.590E-21  2.135E-21  1.777E-21  1.475E-21  1.169E-21  9.276E-22  6.939E-22  5.092E-22  3.500E-22  2.115E-22  1.090E-22  4.064E-23  8.837E-24  6.092E-25  4.446E-27  1.150E-30  1.888E-36  0.000E+00  0.000E+00
  284.5000  1.830E-18  1.791E-18  1.752E-18  1.713E-18  1.674E-18  1.634E-18  1.595E-18  1.556E-18  1.517E-18  1.478E-18  1.438E-18  1.398E-18  1.359E-18  1.319E-18  1.279E-18  1.238E-18  1.197E-18  1.157E-18  1.116E-18  1.074E-18  1.033E-18  9.908E-19  9.488E-19  9.067E-19  8.644E-19  8.220E-19  7.797E-19  7.381E-19  6.969E-19  6.411E-19  5.930E-19  5.511E-19  5.146E-19  4.765E-19  4.296E-19  3.990E-19  3.529E-19  3.134E-19  2.797E-19  2.490E-19  2.162E-19  1.865E-19  1.598E-19  1.319E-19  1.099E-19  9.130E-20  7.261E-20  5.788E-20  4.368E-20  3.247E-20  2.278E-20  1.426E-20  7.768E-21  3.184E-21  8.106E-22  7.470E-23  9.363E-25  6.050E-28  4.553E-33  5.193E-42  0.000E+00
  285.5000  2.409E-17  2.358E-17  2.306E-17  2.254E-17  2.202E-17  2.151E-17  2.099E-17  2.047E-17  1.995E-17  1.943E-17  1.891E-17  1.839E-17  1.786E-17  1.734E-17  1.681E-17  1.627E-17  1.574E-17  1.520E-17  1.466E-17  1.412E-17  1.357E-17  1.302E-17  1.247E-17  1.192E-17  1.137E-17  1.081E-17  1.026E-17  9.711E-18  9.172E-18  8.440E-18  7.809E-18  7.259E-18  6.782E-18  6.282E-18  5.666E-18  5.264E-18  4.658E-18  4.139E-18  3.697E-18  3.292E-18  2.859E-18  2.468E-18  2.116E-18  1.747E-18  1.457E-18  1.212E-18  9.659E-19  7.726E-19  5.867E-19  4.403E-19  3.135E-19  2.015E-19  1.145E-19  5.052E-20  1.455E-20  1.685E-21  3.232E-23  4.266E-26  1.036E-30  9.111E-39  0.000E+00
  286.5000  7.890E-16  7.719E-16  7.549E-16  7.377E-16  7.207E-16  7.037E-16  6.867E-16  6.696E-16  6.526E-16  6.354E-16  6.183E-16  6.011E-16  5.839E-16  5.666E-16  5.493E-16  5.318E-16  5.144E-16  4.968E-16  4.792E-16  4.614E-16  4.435E-16  4.256E-16  4.076E-16  3.896E-16  3.715E-16  3.534E-16  3.353E-16  3.175E-16  2.999E-16  2.761E-16  2.555E-16  2.376E-16  2.220E-16  2.057E-16  1.856E-16  1.725E-16  1.527E-16  1.358E-16  1.213E-16  1.081E-16  9.391E-17  8.110E-17  6.957E-17  5.747E-17  4.795E-17  3.992E-17  3.187E-17  2.556E-17  1.950E-17  1.474E-17  1.061E-17  6.960E-18  4.083E-18  1.905E-18  6.035E-19  8.343E-20  2.227E-21  5.118E-24  3.074E-28  1.306E-35  0.000E+00
  287.5000  1.411E-14  1.380E-14  1.349E-14  1.319E-14  1.288E-14  1.257E-14  1.226E-14  1.196E-14  1.165E-14  1.134E-14  1.104E-14  1.073E-14  1.042E-14  1.011E-14  9.798E-15  9.485E-15  9.173E-15  8.859E-15  8.544E-15  8.227E-15  7.908E-15  7.588E-15  7.268E-15  6.946E-15  6.624E-15  6.303E-15  5.981E-15  5.665E-15  5.352E-15  4.928E-15  4.562E-15  4.244E-15  3.967E-15  3.678E-15  3.320E-15  3.087E-15  2.734E-15  2.432E-15  2.174E-15  1.938E-15  1.685E-15  1.456E-15  1.250E-15  1.033E-15  8.625E-16  7.187E-16  5.748E-16  4.623E-16  3.544E-16  2.699E-16  1.966E-16  1.317E-16  7.989E-17  3.957E-17  1.386E-17  2.314E-18  8.800E-20  3.681E-22  5.900E-26  1.398E-32  5.199E-43
  288.5000  2.461E-13  2.406E-13  2.352E-13  2.297E-13  2.243E-13  2.189E-13  2.135E-13  2.081E-13  2.027E-13  1.973E-13  1.919E-13  1.865E-13  1.810E-13  1.756E-13  1.702E-13  1.647E-13  1.593E-13  1.538E-13  1.483E-13  1.428E-13  1.372E-13  1.317E-13  1.261E-13  1.205E-13  1.150E-13  1.094E-13  1.038E-13  9.834E-14  9.294E-14  8.559E-14  7.926E-14  7.376E-14  6.899E-14  6.399E-14  5.779E-14  5.377E-14  4.766E-14  4.242E-14  3.795E-14  3.385E-14  2.945E-14  2.546E-14  2.187E-14  1.810E-14  1.512E-14  1.261E-14  1.011E-14  8.153E-15  6.284E-15  4.821E-15  3.556E-15  2.435E-15  1.531E-15  8.085E-16  3.160E-16  6.483E-17  3.635E-18  2.938E-20  1.382E-23  2.148E-29  1.644E-38
  289.5000  3.312E-12  3.237E-12  3.163E-12  3.088E-12  3.015E-12  2.941E-12  2.867E-12  2.794E-12  2.721E-12  2.647E-12  2.574E-12  2.501E-12  2.428E-12  2.355E-12  2.281E-12  2.207E-12  2.134E-12  2.060E-12  1.986E-12  1.912E-12  1.837E-12  1.763E-12  1.687E-12  1.613E-12  1.539E-12  1.464E-12  1.390E-12  1.317E-12  1.244E-12  1.146E-12  1.062E-12  9.882E-13  9.245E-13  8.578E-13  7.750E-13  7.213E-13  6.397E-13  5.697E-13  5.100E-13  4.551E-13  3.961E-13  3.427E-13  2.946E-13  2.439E-13  2.040E-13  1.703E-13  1.366E-13  1.104E-13  8.542E-14  6.590E-14  4.902E-14  3.410E-14  2.200E-14  1.217E-14  5.157E-15  1.233E-15  9.235E-17  1.217E-18  1.261E-21  7.681E-27  5.177E-35
  290.5000  2.827E-11  2.762E-11  2.698E-11  2.634E-11  2.570E-11  2.507E-11  2.443E-11  2.380E-11  2.317E-11  2.254E-11  2.191E-11  2.128E-11  2.065E-11  2.002E-11  1.939E-11  1.876E-11  1.813E-11  1.750E-11  1.687E-11  1.624E-11  1.560E-11  1.497E-11  1.433E-11  1.370E-11  1.306E-11  1.243E-11  1.179E-11  1.117E-11  1.056E-11  9.729E-12  9.013E-12  8.391E-12  7.853E-12  7.288E-12  6.588E-12  6.133E-12  5.442E-12  4.849E-12  4.343E-12  3.878E-12  3.377E-12  2.923E-12  2.514E-12  2.083E-12  1.743E-12  1.456E-12  1.170E-12  9.472E-13  7.348E-13  5.694E-13  4.264E-13  3.004E-13  1.979E-13  1.137E-13  5.145E-14  1.396E-14  1.327E-15  2.626E-17  5.255E-20  1.005E-24  4.209E-32
  291.5000  2.118E-10  2.068E-10  2.019E-10  1.970E-10  1.922E-10  1.873E-10  1.825E-10  1.777E-10  1.729E-10  1.681E-10  1.634E-10  1.586E-10  1.539E-10  1.491E-10  1.444E-10  1.396E-10  1.349E-10  1.302E-10  1.254E-10  1.207E-10  1.159E-10  1.112E-10  1.064E-10  1.017E-10  9.697E-11  9.226E-11  8.756E-11  8.295E-11  7.841E-11  7.224E-11  6.694E-11  6.233E-11  5.834E-11  5.417E-11  4.898E-11  4.562E-11  4.050E-11  3.612E-11  3.237E-11  2.892E-11  2.520E-11  2.183E-11  1.879E-11  1.558E-11  1.305E-11  1.091E-11  8.779E-12  7.121E-12  5.542E-12  4.315E-12  3.254E-12  2.323E-12  1.565E-12  9.357E-13  4.546E-13  1.412E-13  1.741E-14  5.395E-16  2.242E-18  1.544E-22  5.045E-29
  292.5000  1.038E-09  1.013E-09  9.884E-10  9.639E-10  9.397E-10  9.156E-10  8.917E-10  8.678E-10  8.441E-10  8.203E-10  7.967E-10  7.733E-10  7.498E-10  7.264E-10  7.031E-10  6.797E-10  6.564E-10  6.331E-10  6.099E-10  5.866E-10  5.633E-10  5.401E-10  5.169E-10  4.937E-10  4.706E-10  4.477E-10  4.248E-10  4.024E-10  3.804E-10  3.504E-10  3.247E-10  3.024E-10  2.831E-10  2.629E-10  2.378E-10  2.216E-10  1.968E-10  1.756E-10  1.575E-10  1.408E-10  1.227E-10  1.064E-10  9.165E-11  7.607E-11  6.374E-11  5.334E-11  4.297E-11  3.491E-11  2.724E-11  2.129E-11  1.615E-11  1.165E-11  7.991E-12  4.941E-12  2.548E-12  8.884E-13  1.367E-13  6.191E-15  4.747E-17  9.456E-21  1.661E-26
  293.5000  5.893E-09  5.749E-09  5.606E-09  5.464E-09  5.324E-09  5.185E-09  5.046E-09  4.908E-09  4.772E-09  4.635E-09  4.499E-09  4.364E-09  4.230E-09  4.096E-09  3.962E-09  3.828E-09  3.695E-09  3.563E-09  3.430E-09  3.298E-09  3.166E-09  3.034E-09  2.902E-09  2.772E-09  2.641E-09  2.512E-09  2.383E-09  2.257E-09  2.133E-09  1.965E-09  1.821E-09  1.696E-09  1.588E-09  1.475E-09  1.334E-09  1.243E-09  1.105E-09  9.863E-10  8.847E-10  7.915E-10  6.908E-10  5.993E-10  5.165E-10  4.291E-10  3.598E-10  3.014E-10  2.431E-10  1.978E-10  1.547E-10  1.213E-10  9.250E-11  6.739E-11  4.695E-11  2.991E-11  1.628E-11  6.302E-12  1.188E-12  7.653E-14  1.039E-15  5.615E-19  4.813E-24
  294.5000  1.919E-08  1.871E-08  1.823E-08  1.776E-08  1.730E-08  1.683E-08  1.637E-08  1.592E-08  1.547E-08  1.501E-08  1.457E-08  1.412E-08  1.368E-08  1.324E-08  1.280E-08  1.236E-08  1.193E-08  1.149E-08  1.106E-08  1.063E-08  1.020E-08  9.772E-09  9.345E-09  8.919E-09  8.497E-09  8.077E-09  7.660E-09  7.253E-09  6.854E-09  6.313E-09  5.855E-09  5.447E-09  5.100E-09  4.738E-09  4.287E-09  3.996E-09  3.552E-09  3.172E-09  2.848E-09  2.548E-09  2.225E-09  1.932E-09  1.666E-09  1.385E-09  1.162E-09  9.742E-10  7.867E-10  6.408E-10  5.022E-10  3.950E-10  3.023E-10  2.219E-10  1.566E-10  1.022E-10  5.810E-11  2.453E-11  5.470E-12  4.711E-13  1.018E-14  1.234E-17  3.742E-22
  295.5000  8.634E-08  8.412E-08  8.192E-08  7.974E-08  7.758E-08  7.545E-08  7.334E-08  7.124E-08  6.917E-08  6.710E-08  6.505E-08  6.302E-08  6.101E-08  5.900E-08  5.701E-08  5.502E-08  5.305E-08  5.109E-08  4.914E-08  4.719E-08  4.525E-08  4.332E-08  4.140E-08  3.950E-08  3.761E-08  3.573E-08  3.388E-08  3.206E-08  3.029E-08  2.789E-08  2.584E-08  2.405E-08  2.252E-08  2.092E-08  1.893E-08  1.765E-08  1.569E-08  1.402E-08  1.259E-08  1.127E-08  9.852E-09  8.559E-09  7.388E-09  6.149E-09  5.164E-09  4.332E-09  3.502E-09  2.856E-09  2.243E-09  1.769E-09  1.359E-09  1.005E-09  7.182E-10  4.798E-10  2.848E-10  1.310E-10  3.457E-11  3.999E-12  1.394E-13  3.901E-16  4.426E-20
  296.5000  2.479E-07  2.413E-07  2.348E-07  2.283E-07  2.220E-07  2.157E-07  2.095E-07  2.033E-07  1.973E-07  1.912E-07  1.852E-07  1.793E-07  1.734E-07  1.676E-07  1.618E-07  1.561E-07  1.504E-07  1.447E-07  1.391E-07  1.335E-07  1.279E-07  1.224E-07  1.169E-07  1.114E-07  1.060E-07  1.007E-07  9.541E-08  9.026E-08  8.522E-08  7.844E-08  7.262E-08  6.761E-08  6.329E-08  5.879E-08  5.320E-08  4.960E-08  4.411E-08  3.943E-08  3.542E-08  3.173E-08  2.774E-08  2.412E-08  2.083E-08  1.736E-08  1.459E-08  1.225E-08  9.913E-09  8.094E-09  6.368E-09  5.036E-09  3.881E-09  2.887E-09  2.084E-09  1.420E-09  8.742E-10  4.326E-10  1.320E-10  1.970E-11  1.034E-12  5.926E-15  2.059E-18
  297.5000  7.441E-07  7.236E-07  7.034E-07  6.834E-07  6.637E-07  6.443E-07  6.252E-07  6.063E-07  5.876E-07  5.691E-07  5.508E-07  5.327E-07  5.149E-07  4.971E-07  4.796E-07  4.621E-07  4.449E-07  4.278E-07  4.108E-07  3.940E-07  3.772E-07  3.607E-07  3.442E-07  3.280E-07  3.118E-07  2.959E-07  2.802E-07  2.649E-07  2.500E-07  2.300E-07  2.129E-07  1.981E-07  1.853E-07  1.722E-07  1.557E-07  1.452E-07  1.292E-07  1.155E-07  1.038E-07  9.298E-08  8.135E-08  7.076E-08  6.117E-08  5.101E-08  4.291E-08  3.605E-08  2.921E-08  2.388E-08  1.882E-08  1.491E-08  1.152E-08  8.617E-09  6.273E-09  4.344E-09  2.757E-09  1.451E-09  5.012E-10  9.311E-11  6.971E-12  7.459E-14  6.887E-17
  298.5000  1.313E-06  1.276E-06  1.239E-06  1.202E-06  1.167E-06  1.131E-06  1.097E-06  1.063E-06  1.029E-06  9.954E-07  9.625E-07  9.300E-07  8.979E-07  8.662E-07  8.349E-07  8.038E-07  7.731E-07  7.427E-07  7.126E-07  6.829E-07  6.533E-07  6.241E-07  5.952E-07  5.666E-07  5.383E-07  5.105E-07  4.830E-07  4.563E-07  4.303E-07  3.958E-07  3.661E-07  3.405E-07  3.184E-07  2.957E-07  2.674E-07  2.492E-07  2.217E-07  1.982E-07  1.782E-07  1.597E-07  1.398E-07  1.217E-07  1.053E-07  8.786E-08  7.396E-08  6.219E-08  5.045E-08  4.128E-08  3.258E-08  2.587E-08  2.003E-08  1.504E-08  1.103E-08  7.741E-09  5.039E-09  2.795E-09  1.074E-09  2.408E-10  2.445E-11  4.476E-13  9.537E-16
  299.5000  4.298E-06  4.171E-06  4.045E-06  3.921E-06  3.800E-06  3.681E-06  3.564E-06  3.449E-06  3.335E-06  3.223E-06  3.113E-06  3.004E-06  2.897E-06  2.792E-06  2.688E-06  2.585E-06  2.483E-06  2.383E-06  2.284E-06  2.187E-06  2.090E-06  1.994E-06  1.900E-06  1.807E-06  1.715E-06  1.625E-06  1.536E-06  1.450E-06  1.367E-06  1.256E-06  1.161E-06  1.079E-06  1.009E-06  9.361E-07  8.463E-07  7.885E-07  7.014E-07  6.271E-07  5.639E-07  5.054E-07  4.426E-07  3.854E-07  3.336E-07  2.787E-07  2.349E-07  1.976E-07  1.605E-07  1.315E-07  1.039E-07  8.265E-08  6.414E-08  4.834E-08  3.566E-08  2.532E-08  1.685E-08  9.785E-09  4.128E-09  1.097E-09  1.468E-10  4.400E-12  2.032E-14
  300.5000  5.497E-06  5.328E-06  5.161E-06  4.997E-06  4.837E-06  4.680E-06  4.526E-06  4.375E-06  4.226E-06  4.079E-06  3.935E-06  3.794E-06  3.654E-06  3.517E-06  3.383E-06  3.249E-06  3.118E-06  2.989E-06  2.862E-06  2.737E-06  2.613E-06  2.492E-06  2.371E-06  2.253E-06  2.137E-06  2.023E-06  1.910E-06  1.802E-06  1.696E-06  1.558E-06  1.439E-06  1.336E-06  1.249E-06  1.158E-06  1.047E-06  9.746E-07  8.668E-07  7.749E-07  6.968E-07  6.245E-07  5.471E-07  4.766E-07  4.128E-07  3.452E-07  2.911E-07  2.451E-07  1.993E-07  1.633E-07  1.293E-07  1.030E-07  8.005E-08  6.053E-08  4.486E-08  3.215E-08  2.177E-08  1.311E-08  5.969E-09  1.819E-09  3.042E-10  1.357E-11  1.165E-13
  301.5000  1.559E-05  1.509E-05  1.459E-05  1.411E-05  1.363E-05  1.317E-05  1.272E-05  1.227E-05  1.184E-05  1.141E-05  1.099E-05  1.057E-05  1.017E-05  9.775E-06  9.386E-06  9.002E-06  8.626E-06  8.257E-06  7.895E-06  7.538E-06  7.186E-06  6.833E-06  6.503E-06  6.170E-06  5.844E-06  5.525E-06  5.211E-06  4.909E-06  4.617E-06  4.236E-06  3.912E-06  3.626E-06  3.384E-06  3.137E-06  2.832E-06  2.636E-06  2.343E-06  2.095E-06  1.883E-06  1.688E-06  1.479E-06  1.289E-06  1.117E-06  9.349E-07  7.890E-07  6.649E-07  5.413E-07  4.441E-07  3.520E-07  2.810E-07  2.188E-07  1.659E-07  1.236E-07  8.937E-08  6.158E-08  3.847E-08  1.891E-08  6.638E-09  1.401E-09  9.507E-11  1.579E-12
  302.5000  2.492E-05  2.408E-05  2.327E-05  2.246E-05  2.168E-05  2.092E-05  2.017E-05  1.944E-05  1.873E-05  1.803E-05  1.734E-05  1.667E-05  1.602E-05  1.537E-05  1.474E-05  1.412E-05  1.352E-05  1.292E-05  1.234E-05  1.177E-05  1.120E-05  1.065E-05  1.011E-05  9.586E-06  9.069E-06  8.563E-06  8.069E-06  7.588E-06  7.136E-06  6.539E-06  6.030E-06  5.588E-06  5.210E-06  4.826E-06  4.355E-06  4.050E-06  3.599E-06  3.216E-06  2.891E-06  2.589E-06  2.270E-06  1.979E-06  1.715E-06  1.437E-06  1.213E-06  1.023E-06  8.340E-07  6.848E-07  5.434E-07  4.344E-07  3.385E-07  2.573E-07  1.923E-07  1.399E-07  9.752E-08  6.243E-08  3.233E-08  1.248E-08  3.083E-09  2.782E-10  7.217E-12
  303.5000  5.847E-05  5.640E-05  5.438E-05  5.240E-05  5.049E-05  4.862E-05  4.680E-05  4.503E-05  4.329E-05  4.159E-05  3.994E-05  3.833E-05  3.675E-05  3.521E-05  3.370E-05  3.222E-05  3.078E-05  2.938E-05  2.800E-05  2.666E-05  2.533E-05  2.405E-05  2.279E-05  2.156E-05  2.036E-05  1.920E-05  1.806E-05  1.697E-05  1.592E-05  1.457E-05  1.342E-05  1.242E-05  1.156E-05  1.070E-05  9.643E-06  8.959E-06  7.956E-06  7.105E-06  6.383E-06  5.718E-06  5.010E-06  4.368E-06  3.788E-06  3.177E-06  2.684E-06  2.265E-06  1.849E-06  1.520E-06  1.208E-06  9.670E-07  7.546E-07  5.751E-07  4.314E-07  3.160E-07  2.230E-07  1.467E-07  8.047E-08  3.461E-08  1.022E-08  1.280E-09  5.558E-11
  304.5000  7.797E-05  7.509E-05  7.231E-05  6.958E-05  6.695E-05  6.439E-05  6.190E-05  5.948E-05  5.711E-05  5.480E-05  5.256E-05  5.037E-05  4.824E-05  4.616E-05  4.412E-05  4.213E-05  4.020E-05  3.831E-05  3.647E-05  3.467E-05  3.291E-05  3.121E-05  2.953E-05  2.791E-05  2.632E-05  2.479E-05  2.329E-05  2.186E-05  2.048E-05  1.873E-05  1.723E-05  1.593E-05  1.482E-05  1.370E-05  1.234E-05  1.145E-05  1.016E-05  9.073E-06  8.148E-06  7.297E-06  6.391E-06  5.574E-06  4.834E-06  4.056E-06  3.430E-06  2.896E-06  2.365E-06  1.945E-06  1.548E-06  1.241E-06  9.692E-07  7.399E-07  5.563E-07  4.091E-07  2.909E-07  1.944E-07  1.104E-07  5.067E-08  1.666E-08  2.532E-09  1.489E-10
  305.5000  1.428E-04  1.371E-04  1.317E-04  1.264E-04  1.213E-04  1.163E-04  1.115E-04  1.069E-04  1.024E-04  9.800E-05  9.376E-05  8.964E-05  8.564E-05  8.175E-05  7.797E-05  7.427E-05  7.070E-05  6.722E-05  6.383E-05  6.054E-05  5.733E-05  5.420E-05  5.120E-05  4.826E-05  4.542E-05  4.268E-05  4.001E-05  3.746E-05  3.502E-05  3.197E-05  2.935E-05  2.709E-05  2.515E-05  2.321E-05  2.088E-05  1.935E-05  1.715E-05  1.530E-05  1.373E-05  1.228E-05  1.075E-05  9.377E-06  8.133E-06  6.830E-06  5.779E-06  4.883E-06  3.994E-06  3.289E-06  2.621E-06  2.105E-06  1.646E-06  1.260E-06  9.502E-07  7.025E-07  5.045E-07  3.442E-07  2.047E-07  1.025E-07  3.899E-08  7.773E-09  7.024E-10
  306.5000  1.737E-04  1.665E-04  1.596E-04  1.530E-04  1.466E-04  1.404E-04  1.344E-04  1.287E-04  1.231E-04  1.177E-04  1.124E-04  1.074E-04  1.024E-04  9.767E-05  9.304E-05  8.853E-05  8.417E-05  7.993E-05  7.581E-05  7.182E-05  6.793E-05  6.417E-05  6.052E-05  5.698E-05  5.356E-05  5.026E-05  4.707E-05  4.402E-05  4.111E-05  3.749E-05  3.438E-05  3.170E-05  2.941E-05  2.712E-05  2.436E-05  2.257E-05  1.999E-05  1.781E-05  1.598E-05  1.428E-05  1.251E-05  1.091E-05  9.458E-06  7.947E-06  6.725E-06  5.685E-06  4.654E-06  3.834E-06  3.058E-06  2.459E-06  1.924E-06  1.474E-06  1.114E-06  8.254E-07  5.955E-07  4.103E-07  2.493E-07  1.299E-07  5.284E-08  1.191E-08  1.301E-09
  307.5000  3.496E-04  3.339E-04  3.188E-04  3.043E-04  2.905E-04  2.772E-04  2.645E-04  2.523E-04  2.405E-04  2.291E-04  2.183E-04  2.077E-04  1.976E-04  1.878E-04  1.784E-04  1.692E-04  1.604E-04  1.519E-04  1.436E-04  1.357E-04  1.279E-04  1.205E-04  1.133E-04  1.064E-04  9.971E-05  9.337E-05  8.711E-05  8.124E-05  7.567E-05  6.883E-05  6.295E-05  5.789E-05  5.357E-05  4.929E-05  4.420E-05  4.085E-05  3.613E-05  3.215E-05  2.879E-05  2.571E-05  2.250E-05  1.960E-05  1.700E-05  1.429E-05  1.210E-05  1.023E-05  8.388E-06  6.917E-06  5.528E-06  4.452E-06  3.488E-06  2.679E-06  2.029E-06  1.510E-06  1.098E-06  7.679E-07  4.830E-07  2.689E-07  1.226E-07  3.425E-08  5.287E-09
  308.5000  4.511E-04  4.301E-04  4.099E-04  3.906E-04  3.722E-04  3.546E-04  3.378E-04  3.217E-04  3.062E-04  2.913E-04  2.770E-04  2.633E-04  2.501E-04  2.374E-04  2.251E-04  2.133E-04  2.019E-04  1.909E-04  1.803E-04  1.701E-04  1.602E-04  1.507E-04  1.415E-04  1.327E-04  1.242E-04  1.161E-04  1.082E-04  1.008E-04  9.378E-05  8.520E-05  7.783E-05  7.149E-05  6.608E-05  6.074E-05  5.440E-05  5.023E-05  4.439E-05  3.947E-05  3.532E-05  3.152E-05  2.757E-05  2.401E-05  2.082E-05  1.750E-05  1.482E-05  1.254E-05  1.029E-05  8.487E-06  6.788E-06  5.472E-06  4.290E-06  3.298E-06  2.502E-06  1.866E-06  1.360E-06  9.583E-07  6.119E-07  3.505E-07  1.677E-07  5.128E-08  9.113E-09
  309.5000  5.241E-04  4.979E-04  4.729E-04  4.491E-04  4.264E-04  4.048E-04  3.843E-04  3.646E-04  3.459E-04  3.279E-04  3.108E-04  2.945E-04  2.788E-04  2.638E-04  2.494E-04  2.356E-04  2.224E-04  2.097E-04  1.975E-04  1.858E-04  1.745E-04  1.636E-04  1.533E-04  1.433E-04  1.338E-04  1.246E-04  1.159E-04  1.077E-04  9.987E-05  9.052E-05  8.247E-05  7.556E-05  6.966E-05  6.388E-05  5.709E-05  5.260E-05  4.639E-05  4.118E-05  3.680E-05  3.279E-05  2.864E-05  2.493E-05  2.160E-05  1.816E-05  1.538E-05  1.302E-05  1.069E-05  8.827E-06  7.071E-06  5.710E-06  4.481E-06  3.451E-06  2.624E-06  1.962E-06  1.438E-06  1.022E-06  6.671E-07  3.984E-07  2.050E-07  7.207E-08  1.604E-08
  310.5000  8.930E-04  8.464E-04  8.021E-04  7.597E-04  7.195E-04  6.813E-04  6.449E-04  6.102E-04  5.773E-04  5.457E-04  5.158E-04  4.873E-04  4.602E-04  4.342E-04  4.095E-04  3.858E-04  3.632E-04  3.416E-04  3.209E-04  3.011E-04  2.821E-04  2.640E-04  2.467E-04  2.301E-04  2.143E-04  1.992E-04  1.848E-04  1.712E-04  1.585E-04  1.433E-04  1.303E-04  1.191E-04  1.095E-04  1.002E-04  8.939E-05  8.219E-05  7.236E-05  6.413E-05  5.722E-05  5.091E-05  4.444E-05  3.863E-05  3.345E-05  2.812E-05  2.382E-05  2.016E-05  1.657E-05  1.369E-05  1.098E-05  8.879E-06  6.974E-06  5.380E-06  4.097E-06  3.072E-06  2.259E-06  1.618E-06  1.072E-06  6.603E-07  3.583E-07  1.396E-07  3.662E-08
  311.5000  1.347E-03  1.275E-03  1.207E-03  1.141E-03  1.079E-03  1.020E-03  9.634E-04  9.099E-04  8.591E-04  8.105E-04  7.645E-04  7.208E-04  6.792E-04  6.396E-04  6.019E-04  5.658E-04  5.316E-04  4.990E-04  4.679E-04  4.382E-04  4.098E-04  3.828E-04  3.570E-04  3.324E-04  3.090E-04  2.867E-04  2.655E-04  2.456E-04  2.269E-04  2.048E-04  1.859E-04  1.696E-04  1.557E-04  1.423E-04  1.267E-04  1.163E-04  1.022E-04  9.049E-05  8.065E-05  7.167E-05  6.244E-05  5.428E-05  4.697E-05  3.949E-05  3.344E-05  2.830E-05  2.327E-05  1.924E-05  1.544E-05  1.250E-05  9.825E-06  7.589E-06  5.787E-06  4.346E-06  3.203E-06  2.304E-06  1.543E-06  9.688E-07  5.439E-07  2.263E-07  6.603E-08
  312.5000  1.816E-03  1.716E-03  1.621E-03  1.530E-03  1.443E-03  1.361E-03  1.282E-03  1.207E-03  1.136E-03  1.068E-03  1.004E-03  9.426E-04  8.847E-04  8.298E-04  7.776E-04  7.280E-04  6.811E-04  6.366E-04  5.944E-04  5.544E-04  5.163E-04  4.803E-04  4.461E-04  4.137E-04  3.830E-04  3.540E-04  3.265E-04  3.008E-04  2.768E-04  2.489E-04  2.250E-04  2.045E-04  1.870E-04  1.702E-04  1.510E-04  1.381E-04  1.210E-04  1.068E-04  9.491E-05  8.409E-05  7.422E-05  6.342E-05  5.479E-05  4.603E-05  3.895E-05  3.295E-05  2.712E-05  2.243E-05  1.804E-05  1.463E-05  1.151E-05  8.912E-06  6.813E-06  5.131E-06  3.797E-06  2.752E-06  1.874E-06  1.214E-06  7.208E-07  3.355E-07  1.178E-07
  313.5000  2.231E-03  2.108E-03  1.991E-03  1.878E-03  1.771E-03  1.669E-03  1.572E-03  1.479E-03  1.391E-03  1.307E-03  1.228E-03  1.152E-03  1.081E-03  1.013E-03  9.481E-04  8.867E-04  8.288E-04  7.740E-04  7.220E-04  6.727E-04  6.259E-04  5.816E-04  5.397E-04  5.001E-04  4.626E-04  4.271E-04  3.936E-04  3.623E-04  3.331E-04  2.993E-04  2.703E-04  2.454E-04  2.242E-04  2.039E-04  1.807E-04  1.651E-04  1.446E-04  1.274E-04  1.132E-04  1.002E-04  8.717E-05  7.546E-05  6.516E-05  5.472E-05  4.630E-05  3.916E-05  3.224E-05  2.667E-05  2.145E-05  1.741E-05  1.371E-05  1.062E-05  8.126E-06  6.127E-06  4.541E-06  3.299E-06  2.258E-06  1.476E-06  8.914E-07  4.281E-07  1.580E-07
  314.5000  3.071E-03  2.904E-03  2.743E-03  2.588E-03  2.440E-03  2.298E-03  2.162E-03  2.033E-03  1.909E-03  1.790E-03  1.677E-03  1.570E-03  1.469E-03  1.372E-03  1.280E-03  1.193E-03  1.111E-03  1.033E-03  9.599E-04  8.905E-04  8.248E-04  7.631E-04  7.049E-04  6.501E-04  5.984E-04  5.502E-04  5.047E-04  4.624E-04  4.232E-04  3.786E-04  3.404E-04  3.076E-04  2.798E-04  2.533E-04  2.234E-04  2.033E-04  1.772E-04  1.556E-04  1.376E-04  1.214E-04  1.052E-04  9.087E-05  7.827E-05  6.563E-05  5.545E-05  4.685E-05  3.858E-05  3.191E-05  2.571E-05  2.091E-05  1.648E-05  1.280E-05  9.820E-06  7.426E-06  5.524E-06  4.038E-06  2.800E-06  1.875E-06  1.182E-06  6.205E-07  2.659E-07
  315.5000  3.348E-03  3.167E-03  2.992E-03  2.824E-03  2.663E-03  2.508E-03  2.360E-03  2.219E-03  2.083E-03  1.954E-03  1.831E-03  1.714E-03  1.602E-03  1.496E-03  1.396E-03  1.301E-03  1.211E-03  1.125E-03  1.045E-03  9.691E-04  8.971E-04  8.295E-04  7.659E-04  7.060E-04  6.498E-04  5.968E-04  5.472E-04  5.011E-04  4.583E-04  4.098E-04  3.681E-04  3.325E-04  3.022E-04  2.735E-04  2.411E-04  2.192E-04  1.909E-04  1.675E-04  1.481E-04  1.305E-04  1.128E-04  9.760E-05  8.402E-05  7.043E-05  5.948E-05  5.025E-05  4.137E-05  3.423E-05  2.759E-05  2.245E-05  1.770E-05  1.376E-05  1.056E-05  7.995E-06  5.954E-06  4.359E-06  3.033E-06  2.044E-06  1.303E-06  6.980E-07  3.087E-07
  316.5000  4.394E-03  4.164E-03  3.942E-03  3.727E-03  3.519E-03  3.320E-03  3.127E-03  2.942E-03  2.764E-03  2.593E-03  2.430E-03  2.274E-03  2.125E-03  1.983E-03  1.848E-03  1.719E-03  1.597E-03  1.481E-03  1.372E-03  1.269E-03  1.171E-03  1.079E-03  9.926E-04  9.116E-04  8.355E-04  7.645E-04  6.979E-04  6.365E-04  5.796E-04  5.160E-04  4.616E-04  4.150E-04  3.755E-04  3.383E-04  2.968E-04  2.687E-04  2.330E-04  2.035E-04  1.792E-04  1.572E-04  1.357E-04  1.167E-04  1.001E-04  8.376E-05  7.058E-05  5.953E-05  4.898E-05  4.051E-05  3.268E-05  2.662E-05  2.102E-05  1.638E-05  1.261E-05  9.571E-06  7.152E-06  5.262E-06  3.698E-06  2.535E-06  1.666E-06  9.520E-07  4.701E-07
  317.5000  6.211E-03  5.887E-03  5.572E-03  5.268E-03  4.974E-03  4.692E-03  4.420E-03  4.158E-03  3.907E-03  3.665E-03  3.435E-03  3.214E-03  3.004E-03  2.803E-03  2.612E-03  2.429E-03  2.257E-03  2.094E-03  1.939E-03  1.794E-03  1.655E-03  1.526E-03  1.404E-03  1.289E-03  1.182E-03  1.082E-03  9.877E-04  9.009E-04  8.205E-04  7.306E-04  6.536E-04  5.878E-04  5.320E-04  4.794E-04  4.207E-04  3.809E-04  3.303E-04  2.886E-04  2.541E-04  2.230E-04  1.923E-04  1.655E-04  1.420E-04  1.188E-04  1.001E-04  8.443E-05  6.948E-05  5.747E-05  4.636E-05  3.778E-05  2.983E-05  2.325E-05  1.790E-05  1.359E-05  1.016E-05  7.481E-06  5.263E-06  3.615E-06  2.383E-06  1.368E-06  6.794E-07
  318.5000  6.405E-03  6.088E-03  5.781E-03  5.480E-03  5.190E-03  4.908E-03  4.635E-03  4.371E-03  4.116E-03  3.869E-03  3.632E-03  3.404E-03  3.185E-03  2.975E-03  2.775E-03  2.582E-03  2.399E-03  2.224E-03  2.059E-03  1.902E-03  1.752E-03  1.612E-03  1.480E-03  1.356E-03  1.239E-03  1.130E-03  1.028E-03  9.342E-04  8.474E-04  7.514E-04  6.692E-04  5.990E-04  5.397E-04  4.840E-04  4.226E-04  3.807E-04  3.285E-04  2.855E-04  2.502E-04  2.185E-04  1.875E-04  1.607E-04  1.373E-04  1.144E-04  9.612E-05  8.086E-05  6.645E-05  5.489E-05  4.429E-05  3.613E-05  2.856E-05  2.231E-05  1.723E-05  1.313E-05  9.851E-06  7.288E-06  5.174E-06  3.605E-06  2.438E-06  1.478E-06  8.062E-07
  319.5000  8.236E-03  7.835E-03  7.444E-03  7.062E-03  6.692E-03  6.333E-03  5.985E-03  5.648E-03  5.322E-03  5.005E-03  4.701E-03  4.409E-03  4.127E-03  3.857E-03  3.598E-03  3.349E-03  3.113E-03  2.887E-03  2.673E-03  2.469E-03  2.276E-03  2.094E-03  1.922E-03  1.760E-03  1.606E-03  1.467E-03  1.334E-03  1.212E-03  1.099E-03  9.734E-04  8.665E-04  7.752E-04  6.979E-04  6.255E-04  5.457E-04  4.913E-04  4.235E-04  3.678E-04  3.220E-04  2.809E-04  2.409E-04  2.062E-04  1.761E-04  1.466E-04  1.231E-04  1.035E-04  8.498E-05  7.018E-05  5.662E-05  4.621E-05  3.653E-05  2.856E-05  2.207E-05  1.684E-05  1.265E-05  9.369E-06  6.668E-06  4.663E-06  3.175E-06  1.949E-06  1.087E-06
  320.5000  1.069E-02  1.017E-02  9.675E-03  9.187E-03  8.713E-03  8.252E-03  7.805E-03  7.371E-03  6.951E-03  6.542E-03  6.150E-03  5.771E-03  5.406E-03  5.054E-03  4.718E-03  4.393E-03  4.084E-03  3.790E-03  3.509E-03  3.242E-03  2.988E-03  2.748E-03  2.522E-03  2.309E-03  2.108E-03  1.922E-03  1.747E-03  1.586E-03  1.437E-03  1.272E-03  1.131E-03  1.011E-03  9.090E-04  8.137E-04  7.089E-04  6.375E-04  5.487E-04  4.759E-04  4.160E-04  3.625E-04  3.104E-04  2.653E-04  2.263E-04  1.882E-04  1.578E-04  1.325E-04  1.088E-04  8.979E-05  7.244E-05  5.912E-05  4.675E-05  3.658E-05  2.829E-05  2.160E-05  1.624E-05  1.205E-05  8.598E-06  6.034E-06  4.133E-06  2.568E-06  1.461E-06
  321.5000  1.184E-02  1.132E-02  1.082E-02  1.031E-02  9.825E-03  9.347E-03  8.879E-03  8.423E-03  7.978E-03  7.542E-03  7.120E-03  6.710E-03  6.312E-03  5.926E-03  5.553E-03  5.191E-03  4.843E-03  4.509E-03  4.188E-03  3.880E-03  3.584E-03  3.304E-03  3.037E-03  2.784E-03  2.545E-03  2.320E-03  2.108E-03  1.912E-03  1.731E-03  1.529E-03  1.356E-03  1.209E-03  1.084E-03  9.672E-04  8.388E-04  7.514E-04  6.434E-04  5.551E-04  4.828E-04  4.183E-04  3.561E-04  3.026E-04  2.566E-04  2.122E-04  1.770E-04  1.480E-04  1.210E-04  9.958E-05  8.021E-05  6.545E-05  5.177E-05  4.059E-05  3.150E-05  2.415E-05  1.825E-05  1.362E-05  9.804E-06  6.966E-06  4.872E-06  3.160E-06  1.939E-06
  322.5000  9.687E-03  9.231E-03  8.785E-03  8.347E-03  7.923E-03  7.510E-03  7.109E-03  6.719E-03  6.340E-03  5.972E-03  5.617E-03  5.275E-03  4.944E-03  4.626E-03  4.320E-03  4.025E-03  3.744E-03  3.475E-03  3.218E-03  2.974E-03  2.741E-03  2.522E-03  2.314E-03  2.119E-03  1.935E-03  1.763E-03  1.602E-03  1.453E-03  1.316E-03  1.164E-03  1.034E-03  9.237E-04  8.301E-04  7.426E-04  6.463E-04  5.807E-04  4.993E-04  4.325E-04  3.777E-04  3.287E-04  2.812E-04  2.400E-04  2.045E-04  1.699E-04  1.423E-04  1.194E-04  9.795E-05  8.081E-05  6.519E-05  5.322E-05  4.209E-05  3.295E-05  2.552E-05  1.950E-05  1.469E-05  1.092E-05  7.809E-06  5.503E-06  3.796E-06  2.391E-06  1.391E-06
  323.5000  1.387E-02  1.329E-02  1.272E-02  1.215E-02  1.160E-02  1.106E-02  1.054E-02  1.002E-02  9.510E-03  9.013E-03  8.529E-03  8.057E-03  7.597E-03  7.150E-03  6.716E-03  6.293E-03  5.886E-03  5.492E-03  5.112E-03  4.747E-03  4.394E-03  4.058E-03  3.737E-03  3.431E-03  3.141E-03  2.867E-03  2.608E-03  2.368E-03  2.144E-03  1.893E-03  1.679E-03  1.496E-03  1.341E-03  1.196E-03  1.035E-03  9.266E-04  7.917E-04  6.815E-04  5.915E-04  5.111E-04  4.339E-04  3.675E-04  3.106E-04  2.560E-04  2.129E-04  1.775E-04  1.448E-04  1.189E-04  9.562E-05  7.797E-05  6.165E-05  4.837E-05  3.760E-05  2.888E-05  2.189E-05  1.638E-05  1.185E-05  8.470E-06  5.978E-06  3.947E-06  2.499E-06
  324.5000  1.607E-02  1.539E-02  1.473E-02  1.407E-02  1.343E-02  1.280E-02  1.219E-02  1.159E-02  1.100E-02  1.042E-02  9.855E-03  9.307E-03  8.774E-03  8.255E-03  7.752E-03  7.261E-03  6.789E-03  6.333E-03  5.894E-03  5.471E-03  5.063E-03  4.675E-03  4.304E-03  3.952E-03  3.617E-03  3.301E-03  3.003E-03  2.725E-03  2.468E-03  2.179E-03  1.933E-03  1.722E-03  1.544E-03  1.378E-03  1.193E-03  1.068E-03  9.129E-04  7.862E-04  6.826E-04  5.901E-04  5.012E-04  4.248E-04  3.592E-04  2.962E-04  2.464E-04  2.055E-04  1.677E-04  1.378E-04  1.108E-04  9.040E-05  7.148E-05  5.609E-05  4.360E-05  3.350E-05  2.538E-05  1.900E-05  1.374E-05  9.824E-06  6.937E-06  4.581E-06  2.898E-06
  325.5000  1.724E-02  1.650E-02  1.577E-02  1.506E-02  1.436E-02  1.368E-02  1.301E-02  1.235E-02  1.171E-02  1.108E-02  1.047E-02  9.882E-03  9.306E-03  8.747E-03  8.205E-03  7.678E-03  7.171E-03  6.682E-03  6.212E-03  5.760E-03  5.326E-03  4.912E-03  4.519E-03  4.145E-03  3.790E-03  3.457E-03  3.142E-03  2.850E-03  2.579E-03  2.277E-03  2.019E-03  1.799E-03  1.613E-03  1.438E-03  1.246E-03  1.116E-03  9.542E-04  8.221E-04  7.142E-04  6.178E-04  5.251E-04  4.455E-04  3.770E-04  3.112E-04  2.591E-04  2.163E-04  1.767E-04  1.452E-04  1.169E-04  9.536E-05  7.542E-05  5.917E-05  4.598E-05  3.530E-05  2.673E-05  1.999E-05  1.444E-05  1.031E-05  7.259E-06  4.771E-06  2.992E-06
  326.5000  2.624E-02  2.522E-02  2.422E-02  2.323E-02  2.226E-02  2.130E-02  2.036E-02  1.943E-02  1.852E-02  1.762E-02  1.674E-02  1.588E-02  1.504E-02  1.422E-02  1.341E-02  1.262E-02  1.186E-02  1.111E-02  1.039E-02  9.692E-03  9.013E-03  8.360E-03  7.732E-03  7.129E-03  6.553E-03  6.004E-03  5.482E-03  4.993E-03  4.536E-03  4.011E-03  3.564E-03  3.181E-03  2.858E-03  2.552E-03  2.209E-03  1.978E-03  1.688E-03  1.450E-03  1.257E-03  1.084E-03  9.167E-04  7.737E-04  6.513E-04  5.341E-04  4.419E-04  3.669E-04  2.979E-04  2.437E-04  1.954E-04  1.591E-04  1.256E-04  9.858E-05  7.676E-05  5.915E-05  4.500E-05  3.386E-05  2.467E-05  1.777E-05  1.270E-05  8.579E-06  5.651E-06
  327.5000  2.268E-02  2.177E-02  2.088E-02  1.999E-02  1.912E-02  1.827E-02  1.743E-02  1.661E-02  1.580E-02  1.500E-02  1.423E-02  1.347E-02  1.273E-02  1.201E-02  1.131E-02  1.062E-02  9.956E-03  9.311E-03  8.688E-03  8.085E-03  7.502E-03  6.943E-03  6.408E-03  5.896E-03  5.408E-03  4.945E-03  4.507E-03  4.098E-03  3.716E-03  3.283E-03  2.914E-03  2.598E-03  2.331E-03  2.080E-03  1.800E-03  1.612E-03  1.376E-03  1.183E-03  1.026E-03  8.849E-04  7.497E-04  6.337E-04  5.344E-04  4.393E-04  3.642E-04  3.029E-04  2.465E-04  2.020E-04  1.622E-04  1.322E-04  1.044E-04  8.200E-05  6.382E-05  4.913E-05  3.733E-05  2.804E-05  2.038E-05  1.465E-05  1.043E-05  6.995E-06  4.549E-06
  328.5000  2.100E-02  2.016E-02  1.933E-02  1.851E-02  1.770E-02  1.691E-02  1.614E-02  1.537E-02  1.463E-02  1.389E-02  1.317E-02  1.247E-02  1.179E-02  1.112E-02  1.047E-02  9.830E-03  9.214E-03  8.617E-03  8.039E-03  7.480E-03  6.940E-03  6.422E-03  5.926E-03  5.452E-03  5.000E-03  4.571E-03  4.165E-03  3.785E-03  3.432E-03  3.031E-03  2.689E-03  2.397E-03  2.150E-03  1.918E-03  1.659E-03  1.485E-03  1.267E-03  1.089E-03  9.437E-04  8.139E-04  6.893E-04  5.824E-04  4.909E-04  4.034E-04  3.343E-04  2.780E-04  2.262E-04  1.853E-04  1.487E-04  1.212E-04  9.575E-05  7.516E-05  5.850E-05  4.504E-05  3.422E-05  2.571E-05  1.869E-05  1.343E-05  9.565E-06  6.418E-06  4.177E-06
  329.5000  3.235E-02  3.116E-02  2.999E-02  2.882E-02  2.768E-02  2.655E-02  2.543E-02  2.433E-02  2.325E-02  2.218E-02  2.113E-02  2.010E-02  1.909E-02  1.809E-02  1.712E-02  1.616E-02  1.523E-02  1.432E-02  1.343E-02  1.257E-02  1.173E-02  1.091E-02  1.013E-02  9.370E-03  8.641E-03  7.943E-03  7.276E-03  6.649E-03  6.058E-03  5.367E-03  4.779E-03  4.277E-03  3.852E-03  3.448E-03  2.987E-03  2.681E-03  2.287E-03  1.966E-03  1.704E-03  1.468E-03  1.241E-03  1.045E-03  8.782E-04  7.179E-04  5.922E-04  4.904E-04  3.970E-04  3.238E-04  2.589E-04  2.105E-04  1.659E-04  1.302E-04  1.014E-04  7.828E-05  5.972E-05  4.508E-05  3.299E-05  2.389E-05  1.719E-05  1.174E-05  7.892E-06
  330.5000  2.738E-02  2.634E-02  2.530E-02  2.428E-02  2.328E-02  2.229E-02  2.132E-02  2.036E-02  1.942E-02  1.848E-02  1.758E-02  1.668E-02  1.581E-02  1.495E-02  1.412E-02  1.330E-02  1.250E-02  1.172E-02  1.097E-02  1.024E-02  9.529E-03  8.845E-03  8.186E-03  7.553E-03  6.947E-03  6.370E-03  5.819E-03  5.304E-03  4.820E-03  4.264E-03  3.789E-03  3.384E-03  3.041E-03  2.717E-03  2.351E-03  2.107E-03  1.797E-03  1.544E-03  1.338E-03  1.153E-03  9.746E-04  8.219E-04  6.913E-04  5.663E-04  4.680E-04  3.882E-04  3.149E-04  2.573E-04  2.061E-04  1.678E-04  1.324E-04  1.039E-04  8.093E-05  6.241E-05  4.754E-05  3.582E-05  2.615E-05  1.888E-05  1.354E-05  9.194E-06  6.110E-06
  331.5000  2.668E-02  2.565E-02  2.464E-02  2.363E-02  2.265E-02  2.168E-02  2.072E-02  1.978E-02  1.886E-02  1.795E-02  1.706E-02  1.619E-02  1.533E-02  1.449E-02  1.368E-02  1.287E-02  1.210E-02  1.134E-02  1.061E-02  9.893E-03  9.201E-03  8.535E-03  7.895E-03  7.280E-03  6.692E-03  6.132E-03  5.598E-03  5.099E-03  4.631E-03  4.095E-03  3.637E-03  3.246E-03  2.916E-03  2.603E-03  2.252E-03  2.017E-03  1.720E-03  1.477E-03  1.280E-03  1.103E-03  9.322E-04  7.863E-04  6.614E-04  5.419E-04  4.479E-04  3.715E-04  3.015E-04  2.464E-04  1.974E-04  1.607E-04  1.268E-04  9.952E-05  7.751E-05  5.977E-05  4.551E-05  3.428E-05  2.502E-05  1.806E-05  1.294E-05  8.777E-06  5.821E-06
  332.5000  2.980E-02  2.873E-02  2.767E-02  2.661E-02  2.558E-02  2.456E-02  2.355E-02  2.255E-02  2.157E-02  2.060E-02  1.965E-02  1.871E-02  1.779E-02  1.688E-02  1.599E-02  1.512E-02  1.426E-02  1.343E-02  1.261E-02  1.182E-02  1.104E-02  1.029E-02  9.562E-03  8.859E-03  8.182E-03  7.532E-03  6.909E-03  6.322E-03  5.769E-03  5.115E-03  4.560E-03  4.085E-03  3.684E-03  3.301E-03  2.861E-03  2.571E-03  2.194E-03  1.886E-03  1.635E-03  1.409E-03  1.190E-03  1.002E-03  8.414E-04  6.868E-04  5.658E-04  4.680E-04  3.782E-04  3.081E-04  2.460E-04  1.999E-04  1.574E-04  1.234E-04  9.616E-05  7.427E-05  5.672E-05  4.289E-05  3.146E-05  2.282E-05  1.648E-05  1.131E-05  7.662E-06
  333.5000  2.654E-02  2.556E-02  2.459E-02  2.362E-02  2.267E-02  2.174E-02  2.082E-02  1.991E-02  1.901E-02  1.813E-02  1.726E-02  1.641E-02  1.558E-02  1.476E-02  1.396E-02  1.317E-02  1.240E-02  1.165E-02  1.092E-02  1.021E-02  9.522E-03  8.855E-03  8.211E-03  7.590E-03  6.994E-03  6.424E-03  5.879E-03  5.368E-03  4.886E-03  4.326E-03  3.849E-03  3.442E-03  3.097E-03  2.770E-03  2.398E-03  2.151E-03  1.834E-03  1.576E-03  1.365E-03  1.176E-03  9.933E-04  8.367E-04  7.028E-04  5.745E-04  4.739E-04  3.923E-04  3.176E-04  2.590E-04  2.071E-04  1.684E-04  1.327E-04  1.041E-04  8.112E-05  6.262E-05  4.777E-05  3.607E-05  2.640E-05  1.912E-05  1.377E-05  9.409E-06  6.327E-06
  334.5000  3.051E-02  2.940E-02  2.830E-02  2.720E-02  2.613E-02  2.507E-02  2.402E-02  2.299E-02  2.197E-02  2.097E-02  1.998E-02  1.901E-02  1.806E-02  1.712E-02  1.621E-02  1.531E-02  1.443E-02  1.357E-02  1.273E-02  1.192E-02  1.112E-02  1.035E-02  9.609E-03  8.892E-03  8.202E-03  7.541E-03  6.909E-03  6.314E-03  5.754E-03  5.097E-03  4.538E-03  4.061E-03  3.658E-03  3.274E-03  2.835E-03  2.545E-03  2.170E-03  1.864E-03  1.616E-03  1.392E-03  1.175E-03  9.891E-04  8.303E-04  6.780E-04  5.586E-04  4.621E-04  3.736E-04  3.045E-04  2.432E-04  1.976E-04  1.556E-04  1.221E-04  9.511E-05  7.344E-05  5.607E-05  4.237E-05  3.105E-05  2.252E-05  1.624E-05  1.113E-05  7.520E-06
  335.5000  3.287E-02  3.171E-02  3.057E-02  2.943E-02  2.831E-02  2.720E-02  2.610E-02  2.502E-02  2.396E-02  2.290E-02  2.186E-02  2.084E-02  1.983E-02  1.884E-02  1.787E-02  1.691E-02  1.598E-02  1.506E-02  1.416E-02  1.329E-02  1.243E-02  1.160E-02  1.080E-02  1.002E-02  9.262E-03  8.539E-03  7.844E-03  7.188E-03  6.567E-03  5.829E-03  5.201E-03  4.665E-03  4.213E-03  3.779E-03  3.278E-03  2.949E-03  2.517E-03  2.164E-03  1.878E-03  1.618E-03  1.366E-03  1.150E-03  9.646E-04  7.864E-04  6.470E-04  5.345E-04  4.313E-04  3.509E-04  2.797E-04  2.271E-04  1.786E-04  1.400E-04  1.091E-04  8.427E-05  6.443E-05  4.879E-05  3.585E-05  2.606E-05  1.887E-05  1.300E-05  8.865E-06
  336.5000  2.526E-02  2.436E-02  2.347E-02  2.259E-02  2.172E-02  2.086E-02  2.001E-02  1.917E-02  1.835E-02  1.753E-02  1.672E-02  1.593E-02  1.516E-02  1.439E-02  1.364E-02  1.290E-02  1.218E-02  1.147E-02  1.078E-02  1.011E-02  9.447E-03  8.809E-03  8.191E-03  7.593E-03  7.016E-03  6.462E-03  5.931E-03  5.430E-03  4.956E-03  4.396E-03  3.919E-03  3.513E-03  3.169E-03  2.841E-03  2.462E-03  2.213E-03  1.888E-03  1.623E-03  1.407E-03  1.212E-03  1.023E-03  8.611E-04  7.223E-04  5.890E-04  4.847E-04  4.005E-04  3.233E-04  2.631E-04  2.098E-04  1.704E-04  1.340E-04  1.050E-04  8.184E-05  6.323E-05  4.832E-05  3.658E-05  2.686E-05  1.952E-05  1.412E-05  9.717E-06  6.615E-06
  337.5000  2.660E-02  2.563E-02  2.467E-02  2.371E-02  2.278E-02  2.185E-02  2.094E-02  2.004E-02  1.915E-02  1.828E-02  1.742E-02  1.657E-02  1.574E-02  1.492E-02  1.412E-02  1.334E-02  1.257E-02  1.182E-02  1.109E-02  1.038E-02  9.688E-03  9.017E-03  8.369E-03  7.743E-03  7.141E-03  6.565E-03  6.013E-03  5.494E-03  5.005E-03  4.433E-03  3.946E-03  3.531E-03  3.179E-03  2.844E-03  2.463E-03  2.210E-03  1.884E-03  1.618E-03  1.402E-03  1.207E-03  1.019E-03  8.572E-04  7.193E-04  5.870E-04  4.835E-04  3.998E-04  3.231E-04  2.632E-04  2.101E-04  1.707E-04  1.344E-04  1.054E-04  8.211E-05  6.341E-05  4.842E-05  3.661E-05  2.685E-05  1.948E-05  1.406E-05  9.648E-06  6.532E-06
  338.5000  2.994E-02  2.888E-02  2.784E-02  2.681E-02  2.579E-02  2.478E-02  2.378E-02  2.280E-02  2.183E-02  2.087E-02  1.993E-02  1.900E-02  1.808E-02  1.718E-02  1.629E-02  1.542E-02  1.457E-02  1.373E-02  1.292E-02  1.212E-02  1.134E-02  1.058E-02  9.848E-03  9.137E-03  8.450E-03  7.790E-03  7.156E-03  6.557E-03  5.991E-03  5.317E-03  4.743E-03  4.254E-03  3.841E-03  3.445E-03  2.987E-03  2.687E-03  2.293E-03  1.971E-03  1.710E-03  1.473E-03  1.243E-03  1.046E-03  8.766E-04  7.142E-04  5.872E-04  4.848E-04  3.909E-04  3.178E-04  2.532E-04  2.055E-04  1.615E-04  1.265E-04  9.859E-05  7.618E-05  5.826E-05  4.414E-05  3.245E-05  2.361E-05  1.711E-05  1.180E-05  8.064E-06
  339.5000  3.285E-02  3.170E-02  3.056E-02  2.943E-02  2.832E-02  2.722E-02  2.613E-02  2.506E-02  2.399E-02  2.294E-02  2.191E-02  2.089E-02  1.989E-02  1.891E-02  1.794E-02  1.698E-02  1.605E-02  1.513E-02  1.424E-02  1.336E-02  1.251E-02  1.168E-02  1.087E-02  1.009E-02  9.333E-03  8.607E-03  7.910E-03  7.250E-03  6.626E-03  5.882E-03  5.249E-03  4.709E-03  4.253E-03  3.816E-03  3.309E-03  2.978E-03  2.541E-03  2.184E-03  1.895E-03  1.632E-03  1.377E-03  1.158E-03  9.709E-04  7.906E-04  6.498E-04  5.363E-04  4.322E-04  3.513E-04  2.797E-04  2.269E-04  1.783E-04  1.397E-04  1.088E-04  8.407E-05  6.430E-05  4.874E-05  3.585E-05  2.609E-05  1.892E-05  1.306E-05  8.941E-06
  340.5000  3.433E-02  3.311E-02  3.191E-02  3.071E-02  2.953E-02  2.837E-02  2.722E-02  2.608E-02  2.496E-02  2.385E-02  2.276E-02  2.169E-02  2.063E-02  1.960E-02  1.858E-02  1.757E-02  1.659E-02  1.563E-02  1.469E-02  1.378E-02  1.288E-02  1.201E-02  1.117E-02  1.035E-02  9.569E-03  8.814E-03  8.090E-03  7.407E-03  6.761E-03  5.997E-03  5.346E-03  4.790E-03  4.321E-03  3.873E-03  3.355E-03  3.016E-03  2.572E-03  2.209E-03  1.915E-03  1.649E-03  1.391E-03  1.170E-03  9.808E-04  7.990E-04  6.569E-04  5.423E-04  4.373E-04  3.556E-04  2.833E-04  2.299E-04  1.807E-04  1.416E-04  1.103E-04  8.522E-05  6.516E-05  4.936E-05  3.628E-05  2.638E-05  1.911E-05  1.318E-05  8.997E-06
  341.5000  3.152E-02  3.043E-02  2.934E-02  2.827E-02  2.720E-02  2.615E-02  2.511E-02  2.409E-02  2.307E-02  2.207E-02  2.108E-02  2.011E-02  1.915E-02  1.821E-02  1.728E-02  1.637E-02  1.547E-02  1.459E-02  1.374E-02  1.290E-02  1.207E-02  1.128E-02  1.050E-02  9.751E-03  9.025E-03  8.326E-03  7.654E-03  7.019E-03  6.417E-03  5.698E-03  5.086E-03  4.564E-03  4.124E-03  3.701E-03  3.210E-03  2.889E-03  2.465E-03  2.119E-03  1.839E-03  1.584E-03  1.336E-03  1.124E-03  9.417E-04  7.664E-04  6.295E-04  5.193E-04  4.183E-04  3.397E-04  2.704E-04  2.193E-04  1.722E-04  1.348E-04  1.050E-04  8.116E-05  6.210E-05  4.709E-05  3.466E-05  2.524E-05  1.832E-05  1.267E-05  8.690E-06
  342.5000  3.516E-02  3.394E-02  3.273E-02  3.154E-02  3.035E-02  2.919E-02  2.803E-02  2.689E-02  2.576E-02  2.465E-02  2.355E-02  2.247E-02  2.140E-02  2.035E-02  1.932E-02  1.830E-02  1.730E-02  1.633E-02  1.537E-02  1.443E-02  1.352E-02  1.263E-02  1.176E-02  1.092E-02  1.011E-02  9.333E-03  8.582E-03  7.871E-03  7.199E-03  6.393E-03  5.707E-03  5.123E-03  4.629E-03  4.156E-03  3.604E-03  3.245E-03  2.769E-03  2.380E-03  2.065E-03  1.780E-03  1.501E-03  1.262E-03  1.057E-03  8.601E-04  7.063E-04  5.824E-04  4.689E-04  3.807E-04  3.029E-04  2.456E-04  1.928E-04  1.509E-04  1.175E-04  9.084E-05  6.951E-05  5.272E-05  3.883E-05  2.829E-05  2.054E-05  1.421E-05  9.762E-06
  343.5000  3.614E-02  3.488E-02  3.363E-02  3.239E-02  3.117E-02  2.996E-02  2.877E-02  2.759E-02  2.642E-02  2.527E-02  2.413E-02  2.302E-02  2.191E-02  2.083E-02  1.977E-02  1.872E-02  1.769E-02  1.668E-02  1.570E-02  1.473E-02  1.379E-02  1.288E-02  1.199E-02  1.113E-02  1.029E-02  9.494E-03  8.725E-03  7.997E-03  7.309E-03  6.488E-03  5.788E-03  5.192E-03  4.688E-03  4.206E-03  3.646E-03  3.281E-03  2.798E-03  2.404E-03  2.085E-03  1.796E-03  1.514E-03  1.273E-03  1.066E-03  8.675E-04  7.124E-04  5.874E-04  4.730E-04  3.841E-04  3.056E-04  2.478E-04  1.945E-04  1.523E-04  1.186E-04  9.167E-05  7.014E-05  5.319E-05  3.916E-05  2.852E-05  2.070E-05  1.432E-05  9.824E-06
  344.5000  2.503E-02  2.415E-02  2.328E-02  2.242E-02  2.157E-02  2.072E-02  1.989E-02  1.907E-02  1.826E-02  1.745E-02  1.666E-02  1.588E-02  1.512E-02  1.436E-02  1.362E-02  1.289E-02  1.218E-02  1.148E-02  1.080E-02  1.013E-02  9.476E-03  8.842E-03  8.227E-03  7.631E-03  7.056E-03  6.503E-03  5.972E-03  5.470E-03  4.995E-03  4.432E-03  3.951E-03  3.542E-03  3.196E-03  2.865E-03  2.483E-03  2.232E-03  1.903E-03  1.635E-03  1.417E-03  1.220E-03  1.028E-03  8.643E-04  7.239E-04  5.890E-04  4.837E-04  3.989E-04  3.213E-04  2.609E-04  2.076E-04  1.684E-04  1.322E-04  1.035E-04  8.063E-05  6.231E-05  4.767E-05  3.614E-05  2.660E-05  1.937E-05  1.405E-05  9.711E-06  6.656E-06
  345.5000  3.543E-02  3.421E-02  3.300E-02  3.180E-02  3.061E-02  2.944E-02  2.829E-02  2.714E-02  2.601E-02  2.489E-02  2.379E-02  2.270E-02  2.163E-02  2.057E-02  1.953E-02  1.851E-02  1.751E-02  1.652E-02  1.556E-02  1.462E-02  1.369E-02  1.280E-02  1.193E-02  1.108E-02  1.026E-02  9.471E-03  8.712E-03  7.993E-03  7.312E-03  6.495E-03  5.799E-03  5.206E-03  4.705E-03  4.226E-03  3.665E-03  3.300E-03  2.815E-03  2.420E-03  2.100E-03  1.809E-03  1.526E-03  1.282E-03  1.073E-03  8.726E-04  7.160E-04  5.901E-04  4.747E-04  3.851E-04  3.060E-04  2.480E-04  1.945E-04  1.522E-04  1.185E-04  9.160E-05  7.012E-05  5.321E-05  3.922E-05  2.860E-05  2.079E-05  1.440E-05  9.919E-06
  346.5000  3.253E-02  3.140E-02  3.027E-02  2.916E-02  2.806E-02  2.697E-02  2.590E-02  2.483E-02  2.379E-02  2.275E-02  2.173E-02  2.072E-02  1.973E-02  1.875E-02  1.779E-02  1.685E-02  1.592E-02  1.502E-02  1.413E-02  1.326E-02  1.241E-02  1.159E-02  1.079E-02  1.001E-02  9.262E-03  8.541E-03  7.848E-03  7.192E-03  6.572E-03  5.832E-03  5.202E-03  4.665E-03  4.211E-03  3.778E-03  3.273E-03  2.944E-03  2.510E-03  2.156E-03  1.869E-03  1.610E-03  1.357E-03  1.140E-03  9.544E-04  7.761E-04  6.369E-04  5.250E-04  4.225E-04  3.429E-04  2.726E-04  2.210E-04  1.734E-04  1.357E-04  1.057E-04  8.168E-05  6.250E-05  4.741E-05  3.492E-05  2.545E-05  1.849E-05  1.279E-05  8.792E-06
  347.5000  3.188E-02  3.077E-02  2.967E-02  2.858E-02  2.750E-02  2.644E-02  2.539E-02  2.435E-02  2.332E-02  2.230E-02  2.130E-02  2.032E-02  1.935E-02  1.839E-02  1.745E-02  1.653E-02  1.562E-02  1.473E-02  1.386E-02  1.301E-02  1.218E-02  1.137E-02  1.059E-02  9.827E-03  9.092E-03  8.385E-03  7.705E-03  7.062E-03  6.453E-03  5.727E-03  5.108E-03  4.581E-03  4.136E-03  3.710E-03  3.214E-03  2.891E-03  2.465E-03  2.117E-03  1.835E-03  1.580E-03  1.332E-03  1.119E-03  9.365E-04  7.613E-04  6.246E-04  5.147E-04  4.141E-04  3.360E-04  2.671E-04  2.164E-04  1.698E-04  1.329E-04  1.035E-04  7.996E-05  6.119E-05  4.642E-05  3.420E-05  2.493E-05  1.812E-05  1.254E-05  8.625E-06
  348.5000  3.530E-02  3.408E-02  3.287E-02  3.166E-02  3.048E-02  2.930E-02  2.814E-02  2.700E-02  2.586E-02  2.474E-02  2.364E-02  2.255E-02  2.148E-02  2.042E-02  1.938E-02  1.836E-02  1.736E-02  1.638E-02  1.541E-02  1.447E-02  1.355E-02  1.266E-02  1.179E-02  1.094E-02  1.013E-02  9.343E-03  8.588E-03  7.874E-03  7.198E-03  6.389E-03  5.700E-03  5.113E-03  4.618E-03  4.143E-03  3.590E-03  3.231E-03  2.754E-03  2.366E-03  2.051E-03  1.766E-03  1.488E-03  1.250E-03  1.046E-03  8.501E-04  6.973E-04  5.744E-04  4.619E-04  3.746E-04  2.977E-04  2.412E-04  1.891E-04  1.480E-04  1.152E-04  8.903E-05  6.814E-05  5.171E-05  3.812E-05  2.780E-05  2.021E-05  1.400E-05  9.642E-06
  349.5000  2.958E-02  2.855E-02  2.753E-02  2.653E-02  2.553E-02  2.455E-02  2.357E-02  2.261E-02  2.166E-02  2.072E-02  1.980E-02  1.889E-02  1.799E-02  1.710E-02  1.623E-02  1.537E-02  1.453E-02  1.371E-02  1.291E-02  1.212E-02  1.134E-02  1.060E-02  9.866E-03  9.160E-03  8.477E-03  7.819E-03  7.186E-03  6.588E-03  6.021E-03  5.344E-03  4.768E-03  4.276E-03  3.861E-03  3.464E-03  3.001E-03  2.700E-03  2.301E-03  1.977E-03  1.713E-03  1.475E-03  1.243E-03  1.043E-03  8.733E-04  7.095E-04  5.818E-04  4.791E-04  3.852E-04  3.124E-04  2.482E-04  2.010E-04  1.576E-04  1.233E-04  9.599E-05  7.418E-05  5.678E-05  4.309E-05  3.177E-05  2.317E-05  1.685E-05  1.168E-05  8.041E-06
  350.5000  4.150E-02  4.006E-02  3.864E-02  3.723E-02  3.583E-02  3.445E-02  3.309E-02  3.174E-02  3.041E-02  2.909E-02  2.779E-02  2.651E-02  2.525E-02  2.401E-02  2.279E-02  2.159E-02  2.041E-02  1.926E-02  1.813E-02  1.702E-02  1.594E-02  1.488E-02  1.386E-02  1.287E-02  1.191E-02  1.099E-02  1.010E-02  9.257E-03  8.461E-03  7.510E-03  6.699E-03  6.008E-03  5.425E-03  4.867E-03  4.216E-03  3.793E-03  3.233E-03  2.777E-03  2.407E-03  2.072E-03  1.745E-03  1.465E-03  1.226E-03  9.957E-04  8.163E-04  6.721E-04  5.403E-04  4.380E-04  3.478E-04  2.817E-04  2.208E-04  1.727E-04  1.345E-04  1.039E-04  7.954E-05  6.037E-05  4.451E-05  3.247E-05  2.362E-05  1.637E-05  1.128E-05
  351.5000  3.570E-02  3.446E-02  3.323E-02  3.201E-02  3.081E-02  2.962E-02  2.845E-02  2.729E-02  2.614E-02  2.501E-02  2.389E-02  2.279E-02  2.170E-02  2.063E-02  1.958E-02  1.855E-02  1.753E-02  1.654E-02  1.557E-02  1.461E-02  1.368E-02  1.278E-02  1.190E-02  1.104E-02  1.022E-02  9.424E-03  8.660E-03  7.937E-03  7.253E-03  6.437E-03  5.741E-03  5.148E-03  4.646E-03  4.167E-03  3.610E-03  3.247E-03  2.766E-03  2.375E-03  2.058E-03  1.771E-03  1.492E-03  1.252E-03  1.048E-03  8.508E-04  6.974E-04  5.741E-04  4.614E-04  3.740E-04  2.970E-04  2.405E-04  1.885E-04  1.474E-04  1.148E-04  8.868E-05  6.788E-05  5.152E-05  3.799E-05  2.772E-05  2.016E-05  1.398E-05  9.633E-06
  352.5000  3.229E-02  3.117E-02  3.006E-02  2.896E-02  2.787E-02  2.680E-02  2.574E-02  2.469E-02  2.366E-02  2.263E-02  2.162E-02  2.063E-02  1.965E-02  1.868E-02  1.773E-02  1.679E-02  1.588E-02  1.498E-02  1.410E-02  1.324E-02  1.239E-02  1.157E-02  1.078E-02  1.001E-02  9.259E-03  8.540E-03  7.848E-03  7.194E-03  6.575E-03  5.834E-03  5.204E-03  4.666E-03  4.212E-03  3.778E-03  3.272E-03  2.943E-03  2.508E-03  2.153E-03  1.866E-03  1.605E-03  1.352E-03  1.135E-03  9.490E-04  7.705E-04  6.314E-04  5.196E-04  4.175E-04  3.383E-04  2.686E-04  2.175E-04  1.704E-04  1.333E-04  1.037E-04  8.014E-05  6.134E-05  4.657E-05  3.435E-05  2.506E-05  1.824E-05  1.265E-05  8.723E-06
  353.5000  3.903E-02  3.768E-02  3.634E-02  3.501E-02  3.371E-02  3.241E-02  3.113E-02  2.987E-02  2.862E-02  2.738E-02  2.616E-02  2.496E-02  2.378E-02  2.261E-02  2.146E-02  2.033E-02  1.922E-02  1.814E-02  1.708E-02  1.604E-02  1.502E-02  1.403E-02  1.306E-02  1.213E-02  1.123E-02  1.036E-02  9.518E-03  8.726E-03  7.976E-03  7.079E-03  6.314E-03  5.662E-03  5.112E-03  4.585E-03  3.972E-03  3.573E-03  3.044E-03  2.613E-03  2.265E-03  1.949E-03  1.641E-03  1.377E-03  1.151E-03  9.345E-04  7.656E-04  6.300E-04  5.060E-04  4.099E-04  3.253E-04  2.633E-04  2.063E-04  1.613E-04  1.255E-04  9.697E-05  7.423E-05  5.637E-05  4.159E-05  3.035E-05  2.209E-05  1.533E-05  1.058E-05
  354.5000  4.239E-02  4.092E-02  3.948E-02  3.804E-02  3.662E-02  3.522E-02  3.383E-02  3.246E-02  3.110E-02  2.976E-02  2.844E-02  2.713E-02  2.585E-02  2.459E-02  2.334E-02  2.211E-02  2.091E-02  1.973E-02  1.858E-02  1.745E-02  1.634E-02  1.527E-02  1.422E-02  1.320E-02  1.222E-02  1.128E-02  1.037E-02  9.505E-03  8.688E-03  7.712E-03  6.879E-03  6.170E-03  5.570E-03  4.997E-03  4.328E-03  3.894E-03  3.317E-03  2.848E-03  2.468E-03  2.123E-03  1.788E-03  1.500E-03  1.254E-03  1.018E-03  8.334E-04  6.856E-04  5.505E-04  4.458E-04  3.537E-04  2.862E-04  2.242E-04  1.752E-04  1.363E-04  1.053E-04  8.065E-05  6.125E-05  4.520E-05  3.300E-05  2.403E-05  1.668E-05  1.152E-05
  355.5000  3.964E-02  3.828E-02  3.692E-02  3.558E-02  3.425E-02  3.294E-02  3.164E-02  3.036E-02  2.909E-02  2.784E-02  2.660E-02  2.538E-02  2.418E-02  2.300E-02  2.184E-02  2.069E-02  1.956E-02  1.846E-02  1.738E-02  1.632E-02  1.529E-02  1.428E-02  1.330E-02  1.235E-02  1.143E-02  1.055E-02  9.697E-03  8.890E-03  8.126E-03  7.213E-03  6.434E-03  5.769E-03  5.209E-03  4.672E-03  4.046E-03  3.640E-03  3.100E-03  2.661E-03  2.306E-03  1.984E-03  1.670E-03  1.401E-03  1.171E-03  9.500E-04  7.779E-04  6.398E-04  5.136E-04  4.158E-04  3.298E-04  2.669E-04  2.090E-04  1.633E-04  1.271E-04  9.817E-05  7.516E-05  5.708E-05  4.213E-05  3.076E-05  2.241E-05  1.556E-05  1.075E-05
  356.5000  3.680E-02  3.554E-02  3.428E-02  3.303E-02  3.180E-02  3.058E-02  2.938E-02  2.818E-02  2.701E-02  2.584E-02  2.469E-02  2.356E-02  2.245E-02  2.135E-02  2.027E-02  1.920E-02  1.816E-02  1.714E-02  1.613E-02  1.515E-02  1.419E-02  1.325E-02  1.235E-02  1.146E-02  1.061E-02  9.789E-03  8.998E-03  8.249E-03  7.540E-03  6.691E-03  5.968E-03  5.351E-03  4.831E-03  4.333E-03  3.751E-03  3.374E-03  2.874E-03  2.467E-03  2.137E-03  1.838E-03  1.547E-03  1.298E-03  1.085E-03  8.796E-04  7.201E-04  5.921E-04  4.752E-04  3.846E-04  3.050E-04  2.468E-04  1.932E-04  1.510E-04  1.174E-04  9.074E-05  6.947E-05  5.277E-05  3.895E-05  2.844E-05  2.072E-05  1.439E-05  9.946E-06
  357.5000  3.129E-02  3.022E-02  2.915E-02  2.808E-02  2.704E-02  2.600E-02  2.498E-02  2.396E-02  2.296E-02  2.197E-02  2.099E-02  2.003E-02  1.908E-02  1.815E-02  1.723E-02  1.632E-02  1.544E-02  1.457E-02  1.371E-02  1.288E-02  1.206E-02  1.126E-02  1.049E-02  9.742E-03  9.016E-03  8.317E-03  7.644E-03  7.008E-03  6.404E-03  5.683E-03  5.068E-03  4.544E-03  4.101E-03  3.678E-03  3.184E-03  2.863E-03  2.438E-03  2.093E-03  1.813E-03  1.559E-03  1.312E-03  1.100E-03  9.193E-04  7.454E-04  6.101E-04  5.016E-04  4.024E-04  3.257E-04  2.582E-04  2.089E-04  1.635E-04  1.277E-04  9.936E-05  7.677E-05  5.878E-05  4.465E-05  3.296E-05  2.407E-05  1.754E-05  1.218E-05  8.423E-06
  358.5000  2.420E-02  2.336E-02  2.254E-02  2.172E-02  2.091E-02  2.011E-02  1.932E-02  1.854E-02  1.776E-02  1.699E-02  1.624E-02  1.550E-02  1.476E-02  1.404E-02  1.333E-02  1.263E-02  1.195E-02  1.127E-02  1.061E-02  9.967E-03  9.334E-03  8.720E-03  8.122E-03  7.541E-03  6.980E-03  6.439E-03  5.919E-03  5.426E-03  4.959E-03  4.401E-03  3.925E-03  3.519E-03  3.176E-03  2.848E-03  2.465E-03  2.217E-03  1.888E-03  1.620E-03  1.403E-03  1.206E-03  1.015E-03  8.513E-04  7.112E-04  5.765E-04  4.718E-04  3.877E-04  3.110E-04  2.516E-04  1.995E-04  1.613E-04  1.262E-04  9.861E-05  7.670E-05  5.925E-05  4.537E-05  3.446E-05  2.545E-05  1.859E-05  1.355E-05  9.413E-06  6.512E-06
  359.5000  4.075E-02  3.934E-02  3.795E-02  3.657E-02  3.521E-02  3.386E-02  3.253E-02  3.121E-02  2.991E-02  2.862E-02  2.735E-02  2.610E-02  2.486E-02  2.365E-02  2.245E-02  2.127E-02  2.011E-02  1.898E-02  1.787E-02  1.678E-02  1.572E-02  1.468E-02  1.368E-02  1.270E-02  1.175E-02  1.084E-02  9.964E-03  9.134E-03  8.348E-03  7.408E-03  6.605E-03  5.921E-03  5.344E-03  4.792E-03  4.147E-03  3.729E-03  3.175E-03  2.724E-03  2.359E-03  2.028E-03  1.706E-03  1.431E-03  1.195E-03  9.685E-04  7.923E-04  6.511E-04  5.221E-04  4.224E-04  3.347E-04  2.706E-04  2.118E-04  1.654E-04  1.286E-04  9.937E-05  7.608E-05  5.780E-05  4.269E-05  3.119E-05  2.273E-05  1.580E-05  1.093E-05
  360.5000  3.780E-02  3.649E-02  3.521E-02  3.392E-02  3.266E-02  3.141E-02  3.017E-02  2.895E-02  2.775E-02  2.655E-02  2.537E-02  2.421E-02  2.306E-02  2.194E-02  2.083E-02  1.973E-02  1.866E-02  1.761E-02  1.658E-02  1.557E-02  1.458E-02  1.362E-02  1.269E-02  1.178E-02  1.090E-02  1.006E-02  9.243E-03  8.472E-03  7.742E-03  6.870E-03  6.126E-03  5.491E-03  4.955E-03  4.442E-03  3.845E-03  3.457E-03  2.943E-03  2.524E-03  2.186E-03  1.879E-03  1.580E-03  1.325E-03  1.106E-03  8.966E-04  7.333E-04  6.025E-04  4.830E-04  3.906E-04  3.095E-04  2.502E-04  1.957E-04  1.529E-04  1.189E-04  9.182E-05  7.031E-05  5.342E-05  3.945E-05  2.883E-05  2.101E-05  1.461E-05  1.011E-05
  361.5000  3.413E-02  3.295E-02  3.179E-02  3.063E-02  2.949E-02  2.837E-02  2.725E-02  2.615E-02  2.506E-02  2.398E-02  2.292E-02  2.187E-02  2.083E-02  1.982E-02  1.882E-02  1.783E-02  1.686E-02  1.591E-02  1.498E-02  1.407E-02  1.318E-02  1.231E-02  1.146E-02  1.064E-02  9.852E-03  9.088E-03  8.353E-03  7.657E-03  6.997E-03  6.209E-03  5.536E-03  4.962E-03  4.477E-03  4.014E-03  3.474E-03  3.123E-03  2.658E-03  2.280E-03  1.974E-03  1.697E-03  1.428E-03  1.196E-03  9.987E-04  8.091E-04  6.616E-04  5.434E-04  4.356E-04  3.522E-04  2.790E-04  2.255E-04  1.764E-04  1.377E-04  1.071E-04  8.270E-05  6.332E-05  4.812E-05  3.555E-05  2.598E-05  1.894E-05  1.317E-05  9.121E-06
  362.5000  4.012E-02  3.874E-02  3.737E-02  3.601E-02  3.467E-02  3.335E-02  3.204E-02  3.074E-02  2.946E-02  2.819E-02  2.694E-02  2.571E-02  2.450E-02  2.330E-02  2.212E-02  2.096E-02  1.982E-02  1.871E-02  1.761E-02  1.654E-02  1.549E-02  1.447E-02  1.348E-02  1.252E-02  1.159E-02  1.069E-02  9.824E-03  9.005E-03  8.229E-03  7.301E-03  6.510E-03  5.835E-03  5.265E-03  4.720E-03  4.084E-03  3.671E-03  3.124E-03  2.680E-03  2.320E-03  1.994E-03  1.677E-03  1.405E-03  1.173E-03  9.500E-04  7.767E-04  6.378E-04  5.111E-04  4.131E-04  3.272E-04  2.644E-04  2.067E-04  1.614E-04  1.255E-04  9.692E-05  7.421E-05  5.639E-05  4.166E-05  3.045E-05  2.221E-05  1.545E-05  1.070E-05
  363.5000  3.571E-02  3.449E-02  3.327E-02  3.206E-02  3.087E-02  2.969E-02  2.852E-02  2.737E-02  2.623E-02  2.510E-02  2.399E-02  2.289E-02  2.181E-02  2.075E-02  1.970E-02  1.866E-02  1.765E-02  1.666E-02  1.568E-02  1.473E-02  1.380E-02  1.289E-02  1.200E-02  1.115E-02  1.032E-02  9.516E-03  8.745E-03  8.016E-03  7.325E-03  6.499E-03  5.795E-03  5.193E-03  4.685E-03  4.200E-03  3.634E-03  3.266E-03  2.779E-03  2.383E-03  2.063E-03  1.773E-03  1.491E-03  1.249E-03  1.042E-03  8.441E-04  6.899E-04  5.664E-04  4.538E-04  3.667E-04  2.904E-04  2.346E-04  1.834E-04  1.432E-04  1.113E-04  8.595E-05  6.581E-05  5.001E-05  3.696E-05  2.702E-05  1.971E-05  1.371E-05  9.502E-06
  364.5000  3.897E-02  3.763E-02  3.630E-02  3.498E-02  3.368E-02  3.239E-02  3.112E-02  2.986E-02  2.862E-02  2.739E-02  2.617E-02  2.498E-02  2.380E-02  2.264E-02  2.149E-02  2.036E-02  1.926E-02  1.817E-02  1.711E-02  1.607E-02  1.505E-02  1.406E-02  1.309E-02  1.216E-02  1.125E-02  1.038E-02  9.538E-03  8.742E-03  7.988E-03  7.087E-03  6.318E-03  5.662E-03  5.107E-03  4.578E-03  3.960E-03  3.559E-03  3.028E-03  2.596E-03  2.247E-03  1.931E-03  1.623E-03  1.360E-03  1.135E-03  9.185E-04  7.506E-04  6.161E-04  4.935E-04  3.987E-04  3.156E-04  2.549E-04  1.993E-04  1.555E-04  1.209E-04  9.337E-05  7.149E-05  5.433E-05  4.015E-05  2.936E-05  2.142E-05  1.490E-05  1.033E-05
  365.5000  4.748E-02  4.585E-02  4.423E-02  4.263E-02  4.104E-02  3.947E-02  3.792E-02  3.639E-02  3.487E-02  3.337E-02  3.189E-02  3.043E-02  2.899E-02  2.758E-02  2.618E-02  2.481E-02  2.346E-02  2.214E-02  2.084E-02  1.958E-02  1.833E-02  1.712E-02  1.595E-02  1.481E-02  1.370E-02  1.264E-02  1.162E-02  1.065E-02  9.726E-03  8.628E-03  7.691E-03  6.891E-03  6.215E-03  5.570E-03  4.818E-03  4.329E-03  3.683E-03  3.157E-03  2.732E-03  2.347E-03  1.972E-03  1.652E-03  1.379E-03  1.116E-03  9.116E-04  7.481E-04  5.991E-04  4.839E-04  3.830E-04  3.093E-04  2.417E-04  1.886E-04  1.466E-04  1.132E-04  8.669E-05  6.589E-05  4.870E-05  3.561E-05  2.598E-05  1.808E-05  1.254E-05
  366.5000  5.030E-02  4.858E-02  4.686E-02  4.516E-02  4.348E-02  4.182E-02  4.018E-02  3.855E-02  3.695E-02  3.536E-02  3.379E-02  3.225E-02  3.072E-02  2.922E-02  2.775E-02  2.629E-02  2.486E-02  2.346E-02  2.209E-02  2.075E-02  1.943E-02  1.815E-02  1.690E-02  1.569E-02  1.452E-02  1.340E-02  1.231E-02  1.128E-02  1.031E-02  9.143E-03  8.150E-03  7.302E-03  6.585E-03  5.901E-03  5.104E-03  4.586E-03  3.901E-03  3.343E-03  2.893E-03  2.485E-03  2.088E-03  1.749E-03  1.459E-03  1.180E-03  9.642E-04  7.911E-04  6.334E-04  5.115E-04  4.047E-04  3.268E-04  2.553E-04  1.992E-04  1.548E-04  1.196E-04  9.154E-05  6.957E-05  5.143E-05  3.761E-05  2.745E-05  1.911E-05  1.325E-05
  367.5000  4.781E-02  4.617E-02  4.454E-02  4.292E-02  4.133E-02  3.975E-02  3.819E-02  3.665E-02  3.512E-02  3.361E-02  3.212E-02  3.066E-02  2.921E-02  2.778E-02  2.638E-02  2.499E-02  2.364E-02  2.231E-02  2.100E-02  1.973E-02  1.847E-02  1.726E-02  1.607E-02  1.492E-02  1.381E-02  1.274E-02  1.170E-02  1.073E-02  9.800E-03  8.694E-03  7.748E-03  6.942E-03  6.260E-03  5.610E-03  4.851E-03  4.358E-03  3.706E-03  3.177E-03  2.748E-03  2.360E-03  1.983E-03  1.661E-03  1.385E-03  1.121E-03  9.151E-04  7.506E-04  6.008E-04  4.851E-04  3.837E-04  3.098E-04  2.420E-04  1.888E-04  1.467E-04  1.133E-04  8.673E-05  6.592E-05  4.874E-05  3.565E-05  2.602E-05  1.812E-05  1.257E-05
  368.5000  4.202E-02  4.058E-02  3.915E-02  3.773E-02  3.632E-02  3.494E-02  3.357E-02  3.221E-02  3.087E-02  2.954E-02  2.823E-02  2.694E-02  2.567E-02  2.442E-02  2.319E-02  2.197E-02  2.078E-02  1.961E-02  1.846E-02  1.734E-02  1.624E-02  1.517E-02  1.413E-02  1.311E-02  1.214E-02  1.119E-02  1.029E-02  9.426E-03  8.611E-03  7.638E-03  6.807E-03  6.098E-03  5.499E-03  4.927E-03  4.260E-03  3.827E-03  3.254E-03  2.788E-03  2.412E-03  2.071E-03  1.740E-03  1.457E-03  1.215E-03  9.826E-04  8.022E-04  6.579E-04  5.265E-04  4.250E-04  3.361E-04  2.713E-04  2.119E-04  1.653E-04  1.284E-04  9.914E-05  7.591E-05  5.770E-05  4.266E-05  3.121E-05  2.278E-05  1.587E-05  1.101E-05
  369.5000  5.043E-02  4.870E-02  4.698E-02  4.528E-02  4.360E-02  4.193E-02  4.029E-02  3.866E-02  3.705E-02  3.545E-02  3.389E-02  3.234E-02  3.081E-02  2.931E-02  2.783E-02  2.637E-02  2.494E-02  2.353E-02  2.216E-02  2.081E-02  1.949E-02  1.820E-02  1.695E-02  1.574E-02  1.456E-02  1.343E-02  1.234E-02  1.131E-02  1.033E-02  9.165E-03  8.167E-03  7.315E-03  6.596E-03  5.909E-03  5.108E-03  4.589E-03  3.901E-03  3.343E-03  2.891E-03  2.482E-03  2.084E-03  1.745E-03  1.455E-03  1.177E-03  9.604E-04  7.875E-04  6.300E-04  5.084E-04  4.020E-04  3.244E-04  2.534E-04  1.976E-04  1.535E-04  1.185E-04  9.073E-05  6.897E-05  5.100E-05  3.731E-05  2.724E-05  1.898E-05  1.318E-05
  370.5000  4.577E-02  4.420E-02  4.265E-02  4.110E-02  3.957E-02  3.806E-02  3.657E-02  3.509E-02  3.363E-02  3.218E-02  3.076E-02  2.935E-02  2.797E-02  2.660E-02  2.526E-02  2.393E-02  2.263E-02  2.136E-02  2.011E-02  1.889E-02  1.769E-02  1.652E-02  1.539E-02  1.429E-02  1.322E-02  1.219E-02  1.120E-02  1.026E-02  9.375E-03  8.316E-03  7.410E-03  6.637E-03  5.983E-03  5.360E-03  4.633E-03  4.161E-03  3.537E-03  3.030E-03  2.621E-03  2.250E-03  1.889E-03  1.581E-03  1.318E-03  1.066E-03  8.696E-04  7.128E-04  5.702E-04  4.600E-04  3.637E-04  2.934E-04  2.291E-04  1.786E-04  1.387E-04  1.071E-04  8.201E-05  6.234E-05  4.611E-05  3.374E-05  2.463E-05  1.716E-05  1.192E-05
  371.5000  5.241E-02  5.061E-02  4.882E-02  4.705E-02  4.530E-02  4.358E-02  4.187E-02  4.018E-02  3.850E-02  3.685E-02  3.522E-02  3.361E-02  3.202E-02  3.046E-02  2.892E-02  2.740E-02  2.592E-02  2.446E-02  2.303E-02  2.163E-02  2.025E-02  1.892E-02  1.762E-02  1.636E-02  1.513E-02  1.396E-02  1.282E-02  1.175E-02  1.073E-02  9.519E-03  8.482E-03  7.596E-03  6.847E-03  6.133E-03  5.301E-03  4.760E-03  4.046E-03  3.466E-03  2.997E-03  2.572E-03  2.160E-03  1.807E-03  1.506E-03  1.217E-03  9.932E-04  8.140E-04  6.510E-04  5.251E-04  4.150E-04  3.348E-04  2.613E-04  2.037E-04  1.582E-04  1.221E-04  9.352E-05  7.110E-05  5.259E-05  3.848E-05  2.810E-05  1.958E-05  1.361E-05
  372.5000  3.873E-02  3.740E-02  3.609E-02  3.478E-02  3.349E-02  3.221E-02  3.094E-02  2.970E-02  2.846E-02  2.724E-02  2.603E-02  2.484E-02  2.367E-02  2.252E-02  2.138E-02  2.026E-02  1.916E-02  1.808E-02  1.702E-02  1.599E-02  1.497E-02  1.398E-02  1.302E-02  1.209E-02  1.119E-02  1.032E-02  9.479E-03  8.685E-03  7.932E-03  7.035E-03  6.268E-03  5.613E-03  5.059E-03  4.531E-03  3.915E-03  3.516E-03  2.988E-03  2.559E-03  2.213E-03  1.899E-03  1.594E-03  1.333E-03  1.111E-03  8.979E-04  7.325E-04  6.002E-04  4.798E-04  3.870E-04  3.058E-04  2.466E-04  1.925E-04  1.500E-04  1.165E-04  8.993E-05  6.885E-05  5.234E-05  3.872E-05  2.834E-05  2.070E-05  1.443E-05  1.003E-05
  373.5000  3.502E-02  3.382E-02  3.263E-02  3.144E-02  3.028E-02  2.912E-02  2.798E-02  2.685E-02  2.573E-02  2.463E-02  2.354E-02  2.246E-02  2.140E-02  2.036E-02  1.933E-02  1.831E-02  1.732E-02  1.635E-02  1.539E-02  1.445E-02  1.353E-02  1.264E-02  1.177E-02  1.093E-02  1.011E-02  9.326E-03  8.568E-03  7.850E-03  7.169E-03  6.358E-03  5.665E-03  5.072E-03  4.571E-03  4.093E-03  3.537E-03  3.175E-03  2.698E-03  2.310E-03  1.997E-03  1.714E-03  1.438E-03  1.203E-03  1.002E-03  8.099E-04  6.605E-04  5.411E-04  4.325E-04  3.487E-04  2.755E-04  2.221E-04  1.733E-04  1.351E-04  1.049E-04  8.096E-05  6.198E-05  4.712E-05  3.486E-05  2.552E-05  1.864E-05  1.300E-05  9.034E-06
  374.5000  3.845E-02  3.713E-02  3.582E-02  3.452E-02  3.324E-02  3.197E-02  3.072E-02  2.948E-02  2.825E-02  2.704E-02  2.584E-02  2.466E-02  2.350E-02  2.235E-02  2.122E-02  2.011E-02  1.902E-02  1.795E-02  1.690E-02  1.587E-02  1.486E-02  1.388E-02  1.293E-02  1.200E-02  1.110E-02  1.024E-02  9.405E-03  8.616E-03  7.868E-03  6.978E-03  6.216E-03  5.565E-03  5.015E-03  4.491E-03  3.879E-03  3.483E-03  2.959E-03  2.533E-03  2.190E-03  1.878E-03  1.576E-03  1.318E-03  1.098E-03  8.871E-04  7.232E-04  5.924E-04  4.734E-04  3.816E-04  3.014E-04  2.430E-04  1.896E-04  1.477E-04  1.147E-04  8.850E-05  6.776E-05  5.152E-05  3.812E-05  2.790E-05  2.039E-05  1.422E-05  9.884E-06
  375.5000  4.341E-02  4.192E-02  4.044E-02  3.897E-02  3.753E-02  3.610E-02  3.468E-02  3.328E-02  3.190E-02  3.053E-02  2.918E-02  2.784E-02  2.653E-02  2.524E-02  2.396E-02  2.270E-02  2.147E-02  2.026E-02  1.908E-02  1.792E-02  1.678E-02  1.567E-02  1.459E-02  1.355E-02  1.253E-02  1.156E-02  1.062E-02  9.727E-03  8.883E-03  7.877E-03  7.017E-03  6.282E-03  5.660E-03  5.068E-03  4.377E-03  3.929E-03  3.338E-03  2.857E-03  2.469E-03  2.118E-03  1.777E-03  1.486E-03  1.237E-03  9.994E-04  8.147E-04  6.671E-04  5.330E-04  4.295E-04  3.392E-04  2.734E-04  2.132E-04  1.661E-04  1.290E-04  9.953E-05  7.619E-05  5.793E-05  4.287E-05  3.139E-05  2.293E-05  1.600E-05  1.113E-05
  376.5000  4.337E-02  4.188E-02  4.041E-02  3.894E-02  3.750E-02  3.607E-02  3.465E-02  3.325E-02  3.187E-02  3.050E-02  2.915E-02  2.782E-02  2.651E-02  2.522E-02  2.394E-02  2.269E-02  2.146E-02  2.025E-02  1.906E-02  1.790E-02  1.677E-02  1.566E-02  1.458E-02  1.354E-02  1.252E-02  1.155E-02  1.061E-02  9.719E-03  8.874E-03  7.870E-03  7.010E-03  6.274E-03  5.653E-03  5.061E-03  4.371E-03  3.923E-03  3.332E-03  2.852E-03  2.465E-03  2.114E-03  1.774E-03  1.482E-03  1.234E-03  9.965E-04  8.121E-04  6.648E-04  5.310E-04  4.279E-04  3.378E-04  2.722E-04  2.123E-04  1.654E-04  1.283E-04  9.904E-05  7.582E-05  5.765E-05  4.267E-05  3.124E-05  2.283E-05  1.593E-05  1.108E-05
  377.5000  5.167E-02  4.990E-02  4.814E-02  4.640E-02  4.467E-02  4.297E-02  4.129E-02  3.962E-02  3.797E-02  3.634E-02  3.474E-02  3.315E-02  3.159E-02  3.005E-02  2.853E-02  2.703E-02  2.557E-02  2.413E-02  2.271E-02  2.133E-02  1.998E-02  1.866E-02  1.738E-02  1.613E-02  1.492E-02  1.376E-02  1.264E-02  1.158E-02  1.057E-02  9.374E-03  8.350E-03  7.473E-03  6.732E-03  6.026E-03  5.204E-03  4.670E-03  3.966E-03  3.394E-03  2.933E-03  2.515E-03  2.110E-03  1.762E-03  1.467E-03  1.185E-03  9.652E-04  7.900E-04  6.309E-04  5.082E-04  4.011E-04  3.232E-04  2.520E-04  1.963E-04  1.523E-04  1.175E-04  8.997E-05  6.841E-05  5.064E-05  3.708E-05  2.710E-05  1.891E-05  1.316E-05
  378.5000  5.634E-02  5.441E-02  5.249E-02  5.059E-02  4.871E-02  4.686E-02  4.502E-02  4.320E-02  4.141E-02  3.963E-02  3.788E-02  3.615E-02  3.444E-02  3.276E-02  3.111E-02  2.948E-02  2.788E-02  2.631E-02  2.477E-02  2.326E-02  2.178E-02  2.034E-02  1.895E-02  1.759E-02  1.627E-02  1.500E-02  1.378E-02  1.262E-02  1.152E-02  1.022E-02  9.102E-03  8.145E-03  7.337E-03  6.567E-03  5.670E-03  5.088E-03  4.320E-03  3.696E-03  3.193E-03  2.738E-03  2.297E-03  1.918E-03  1.597E-03  1.289E-03  1.050E-03  8.591E-04  6.859E-04  5.524E-04  4.359E-04  3.511E-04  2.737E-04  2.131E-04  1.654E-04  1.276E-04  9.768E-05  7.428E-05  5.499E-05  4.027E-05  2.944E-05  2.054E-05  1.430E-05
  379.5000  4.170E-02  4.027E-02  3.885E-02  3.744E-02  3.605E-02  3.468E-02  3.332E-02  3.198E-02  3.065E-02  2.933E-02  2.803E-02  2.675E-02  2.549E-02  2.425E-02  2.303E-02  2.182E-02  2.063E-02  1.947E-02  1.833E-02  1.722E-02  1.612E-02  1.506E-02  1.402E-02  1.302E-02  1.204E-02  1.110E-02  1.020E-02  9.340E-03  8.527E-03  7.561E-03  6.734E-03  6.025E-03  5.427E-03  4.857E-03  4.193E-03  3.762E-03  3.193E-03  2.732E-03  2.360E-03  2.023E-03  1.697E-03  1.417E-03  1.179E-03  9.516E-04  7.750E-04  6.341E-04  5.061E-04  4.075E-04  3.215E-04  2.589E-04  2.018E-04  1.571E-04  1.219E-04  9.405E-05  7.199E-05  5.474E-05  4.053E-05  2.968E-05  2.170E-05  1.515E-05  1.055E-05
  380.5000  5.017E-02  4.845E-02  4.675E-02  4.505E-02  4.338E-02  4.173E-02  4.009E-02  3.848E-02  3.688E-02  3.529E-02  3.373E-02  3.219E-02  3.068E-02  2.918E-02  2.771E-02  2.625E-02  2.483E-02  2.343E-02  2.206E-02  2.072E-02  1.940E-02  1.812E-02  1.687E-02  1.566E-02  1.449E-02  1.336E-02  1.227E-02  1.124E-02  1.026E-02  9.096E-03  8.100E-03  7.247E-03  6.527E-03  5.841E-03  5.042E-03  4.523E-03  3.839E-03  3.284E-03  2.836E-03  2.431E-03  2.038E-03  1.702E-03  1.416E-03  1.143E-03  9.303E-04  7.609E-04  6.072E-04  4.888E-04  3.855E-04  3.104E-04  2.419E-04  1.883E-04  1.461E-04  1.127E-04  8.626E-05  6.560E-05  4.857E-05  3.558E-05  2.601E-05  1.816E-05  1.265E-05
  381.5000  4.717E-02  4.555E-02  4.395E-02  4.235E-02  4.078E-02  3.923E-02  3.769E-02  3.617E-02  3.467E-02  3.318E-02  3.171E-02  3.027E-02  2.884E-02  2.743E-02  2.605E-02  2.468E-02  2.334E-02  2.203E-02  2.074E-02  1.948E-02  1.824E-02  1.703E-02  1.586E-02  1.472E-02  1.362E-02  1.256E-02  1.153E-02  1.056E-02  9.643E-03  8.550E-03  7.614E-03  6.811E-03  6.133E-03  5.488E-03  4.737E-03  4.249E-03  3.606E-03  3.084E-03  2.663E-03  2.282E-03  1.913E-03  1.597E-03  1.329E-03  1.072E-03  8.725E-04  7.135E-04  5.692E-04  4.581E-04  3.613E-04  2.908E-04  2.266E-04  1.763E-04  1.368E-04  1.055E-04  8.076E-05  6.141E-05  4.548E-05  3.332E-05  2.436E-05  1.701E-05  1.185E-05
  382.5000  3.144E-02  3.036E-02  2.930E-02  2.823E-02  2.719E-02  2.615E-02  2.513E-02  2.411E-02  2.311E-02  2.212E-02  2.114E-02  2.018E-02  1.923E-02  1.829E-02  1.737E-02  1.646E-02  1.556E-02  1.469E-02  1.383E-02  1.299E-02  1.216E-02  1.136E-02  1.057E-02  9.816E-03  9.080E-03  8.371E-03  7.689E-03  7.041E-03  6.427E-03  5.699E-03  5.074E-03  4.539E-03  4.087E-03  3.656E-03  3.155E-03  2.830E-03  2.401E-03  2.054E-03  1.773E-03  1.519E-03  1.273E-03  1.063E-03  8.840E-04  7.129E-04  5.802E-04  4.744E-04  3.784E-04  3.044E-04  2.400E-04  1.932E-04  1.505E-04  1.171E-04  9.082E-05  7.005E-05  5.361E-05  4.077E-05  3.019E-05  2.212E-05  1.618E-05  1.130E-05  7.874E-06
  383.5000  2.762E-02  2.667E-02  2.574E-02  2.480E-02  2.388E-02  2.297E-02  2.207E-02  2.118E-02  2.030E-02  1.943E-02  1.857E-02  1.773E-02  1.689E-02  1.607E-02  1.526E-02  1.446E-02  1.367E-02  1.290E-02  1.215E-02  1.141E-02  1.068E-02  9.977E-03  9.290E-03  8.623E-03  7.977E-03  7.354E-03  6.754E-03  6.185E-03  5.645E-03  5.005E-03  4.456E-03  3.986E-03  3.588E-03  3.210E-03  2.770E-03  2.484E-03  2.107E-03  1.802E-03  1.556E-03  1.333E-03  1.117E-03  9.319E-04  7.750E-04  6.249E-04  5.085E-04  4.156E-04  3.314E-04  2.666E-04  2.101E-04  1.691E-04  1.317E-04  1.025E-04  7.945E-05  6.128E-05  4.690E-05  3.567E-05  2.642E-05  1.935E-05  1.416E-05  9.889E-06  6.893E-06
  384.5000  4.147E-02  4.005E-02  3.864E-02  3.724E-02  3.586E-02  3.449E-02  3.314E-02  3.181E-02  3.049E-02  2.918E-02  2.789E-02  2.662E-02  2.536E-02  2.413E-02  2.291E-02  2.171E-02  2.053E-02  1.937E-02  1.824E-02  1.713E-02  1.604E-02  1.498E-02  1.395E-02  1.295E-02  1.198E-02  1.104E-02  1.014E-02  9.285E-03  8.475E-03  7.513E-03  6.689E-03  5.983E-03  5.385E-03  4.817E-03  4.156E-03  3.726E-03  3.161E-03  2.702E-03  2.333E-03  1.998E-03  1.674E-03  1.397E-03  1.161E-03  9.361E-04  7.615E-04  6.223E-04  4.962E-04  3.990E-04  3.144E-04  2.530E-04  1.970E-04  1.532E-04  1.188E-04  9.162E-05  7.012E-05  5.333E-05  3.950E-05  2.894E-05  2.118E-05  1.479E-05  1.031E-05
  385.5000  4.105E-02  3.964E-02  3.825E-02  3.686E-02  3.549E-02  3.414E-02  3.280E-02  3.148E-02  3.018E-02  2.888E-02  2.760E-02  2.635E-02  2.510E-02  2.388E-02  2.268E-02  2.149E-02  2.032E-02  1.918E-02  1.805E-02  1.696E-02  1.588E-02  1.483E-02  1.381E-02  1.282E-02  1.185E-02  1.093E-02  1.004E-02  9.190E-03  8.387E-03  7.436E-03  6.620E-03  5.920E-03  5.328E-03  4.766E-03  4.111E-03  3.686E-03  3.126E-03  2.672E-03  2.306E-03  1.975E-03  1.655E-03  1.380E-03  1.147E-03  9.246E-04  7.520E-04  6.144E-04  4.897E-04  3.938E-04  3.102E-04  2.495E-04  1.942E-04  1.511E-04  1.171E-04  9.031E-05  6.912E-05  5.256E-05  3.894E-05  2.854E-05  2.088E-05  1.459E-05  1.017E-05
  386.5000  4.186E-02  4.042E-02  3.900E-02  3.759E-02  3.619E-02  3.482E-02  3.345E-02  3.211E-02  3.077E-02  2.945E-02  2.815E-02  2.687E-02  2.560E-02  2.436E-02  2.313E-02  2.191E-02  2.072E-02  1.956E-02  1.841E-02  1.729E-02  1.619E-02  1.512E-02  1.408E-02  1.307E-02  1.209E-02  1.114E-02  1.023E-02  9.370E-03  8.552E-03  7.581E-03  6.749E-03  6.035E-03  5.431E-03  4.857E-03  4.190E-03  3.755E-03  3.185E-03  2.722E-03  2.349E-03  2.011E-03  1.685E-03  1.405E-03  1.168E-03  9.408E-04  7.650E-04  6.249E-04  4.980E-04  4.003E-04  3.153E-04  2.536E-04  1.973E-04  1.535E-04  1.190E-04  9.172E-05  7.019E-05  5.338E-05  3.955E-05  2.898E-05  2.121E-05  1.482E-05  1.034E-05
  387.5000  3.892E-02  3.758E-02  3.626E-02  3.495E-02  3.365E-02  3.237E-02  3.110E-02  2.985E-02  2.861E-02  2.738E-02  2.617E-02  2.498E-02  2.380E-02  2.264E-02  2.150E-02  2.037E-02  1.927E-02  1.818E-02  1.712E-02  1.608E-02  1.506E-02  1.406E-02  1.309E-02  1.215E-02  1.124E-02  1.036E-02  9.514E-03  8.711E-03  7.950E-03  7.047E-03  6.273E-03  5.609E-03  5.047E-03  4.513E-03  3.893E-03  3.489E-03  2.958E-03  2.528E-03  2.181E-03  1.867E-03  1.564E-03  1.304E-03  1.083E-03  8.728E-04  7.095E-04  5.794E-04  4.616E-04  3.710E-04  2.922E-04  2.349E-04  1.828E-04  1.421E-04  1.101E-04  8.492E-05  6.498E-05  4.942E-05  3.662E-05  2.684E-05  1.964E-05  1.373E-05  9.579E-06
  388.5000  3.902E-02  3.768E-02  3.636E-02  3.504E-02  3.374E-02  3.246E-02  3.119E-02  2.993E-02  2.869E-02  2.746E-02  2.625E-02  2.505E-02  2.387E-02  2.271E-02  2.156E-02  2.043E-02  1.932E-02  1.823E-02  1.717E-02  1.612E-02  1.510E-02  1.410E-02  1.313E-02  1.218E-02  1.127E-02  1.039E-02  9.539E-03  8.734E-03  7.970E-03  7.065E-03  6.288E-03  5.622E-03  5.059E-03  4.523E-03  3.900E-03  3.495E-03  2.963E-03  2.532E-03  2.184E-03  1.869E-03  1.565E-03  1.305E-03  1.084E-03  8.732E-04  7.097E-04  5.795E-04  4.616E-04  3.708E-04  2.920E-04  2.347E-04  1.826E-04  1.419E-04  1.100E-04  8.479E-05  6.488E-05  4.934E-05  3.656E-05  2.680E-05  1.962E-05  1.372E-05  9.571E-06
  389.5000  4.923E-02  4.754E-02  4.587E-02  4.421E-02  4.257E-02  4.095E-02  3.935E-02  3.776E-02  3.620E-02  3.464E-02  3.311E-02  3.160E-02  3.012E-02  2.865E-02  2.720E-02  2.578E-02  2.438E-02  2.301E-02  2.166E-02  2.034E-02  1.905E-02  1.779E-02  1.656E-02  1.537E-02  1.422E-02  1.311E-02  1.203E-02  1.102E-02  1.005E-02  8.912E-03  7.932E-03  7.091E-03  6.380E-03  5.703E-03  4.918E-03  4.406E-03  3.735E-03  3.190E-03  2.752E-03  2.355E-03  1.971E-03  1.643E-03  1.365E-03  1.099E-03  8.932E-04  7.291E-04  5.806E-04  4.664E-04  3.671E-04  2.950E-04  2.295E-04  1.784E-04  1.382E-04  1.065E-04  8.151E-05  6.199E-05  4.594E-05  3.368E-05  2.465E-05  1.724E-05  1.203E-05
  390.5000  4.837E-02  4.671E-02  4.507E-02  4.344E-02  4.183E-02  4.024E-02  3.866E-02  3.711E-02  3.557E-02  3.404E-02  3.254E-02  3.106E-02  2.960E-02  2.815E-02  2.673E-02  2.533E-02  2.396E-02  2.261E-02  2.129E-02  1.999E-02  1.872E-02  1.748E-02  1.628E-02  1.511E-02  1.397E-02  1.288E-02  1.183E-02  1.083E-02  9.879E-03  8.756E-03  7.793E-03  6.966E-03  6.267E-03  5.602E-03  4.829E-03  4.327E-03  3.667E-03  3.132E-03  2.701E-03  2.311E-03  1.934E-03  1.612E-03  1.339E-03  1.078E-03  8.756E-04  7.146E-04  5.689E-04  4.569E-04  3.596E-04  2.889E-04  2.247E-04  1.746E-04  1.353E-04  1.042E-04  7.976E-05  6.066E-05  4.496E-05  3.296E-05  2.413E-05  1.688E-05  1.178E-05
  391.5000  5.741E-02  5.545E-02  5.350E-02  5.156E-02  4.965E-02  4.776E-02  4.589E-02  4.404E-02  4.222E-02  4.041E-02  3.862E-02  3.686E-02  3.513E-02  3.342E-02  3.173E-02  3.007E-02  2.844E-02  2.684E-02  2.527E-02  2.373E-02  2.222E-02  2.075E-02  1.932E-02  1.793E-02  1.659E-02  1.529E-02  1.404E-02  1.285E-02  1.172E-02  1.039E-02  9.248E-03  8.266E-03  7.435E-03  6.646E-03  5.729E-03  5.132E-03  4.348E-03  3.713E-03  3.202E-03  2.739E-03  2.292E-03  1.910E-03  1.586E-03  1.277E-03  1.037E-03  8.460E-04  6.734E-04  5.407E-04  4.254E-04  3.417E-04  2.657E-04  2.064E-04  1.599E-04  1.232E-04  9.427E-05  7.170E-05  5.314E-05  3.896E-05  2.853E-05  1.996E-05  1.394E-05
  392.5000  4.307E-02  4.160E-02  4.013E-02  3.868E-02  3.725E-02  3.583E-02  3.443E-02  3.304E-02  3.167E-02  3.031E-02  2.898E-02  2.766E-02  2.636E-02  2.507E-02  2.381E-02  2.256E-02  2.134E-02  2.014E-02  1.896E-02  1.780E-02  1.667E-02  1.557E-02  1.450E-02  1.345E-02  1.244E-02  1.147E-02  1.053E-02  9.639E-03  8.795E-03  7.795E-03  6.937E-03  6.200E-03  5.576E-03  4.984E-03  4.295E-03  3.847E-03  3.259E-03  2.783E-03  2.399E-03  2.052E-03  1.717E-03  1.431E-03  1.188E-03  9.557E-04  7.760E-04  6.330E-04  5.038E-04  4.044E-04  3.181E-04  2.555E-04  1.986E-04  1.543E-04  1.195E-04  9.206E-05  7.043E-05  5.356E-05  3.970E-05  2.911E-05  2.132E-05  1.492E-05  1.042E-05
  393.5000  1.873E-02  1.809E-02  1.746E-02  1.682E-02  1.620E-02  1.558E-02  1.497E-02  1.437E-02  1.378E-02  1.319E-02  1.260E-02  1.203E-02  1.146E-02  1.091E-02  1.036E-02  9.813E-03  9.281E-03  8.759E-03  8.246E-03  7.744E-03  7.251E-03  6.772E-03  6.305E-03  5.852E-03  5.412E-03  4.988E-03  4.580E-03  4.192E-03  3.825E-03  3.390E-03  3.016E-03  2.696E-03  2.424E-03  2.166E-03  1.867E-03  1.672E-03  1.416E-03  1.209E-03  1.042E-03  8.912E-04  7.455E-04  6.211E-04  5.155E-04  4.147E-04  3.367E-04  2.746E-04  2.185E-04  1.753E-04  1.379E-04  1.107E-04  8.604E-05  6.683E-05  5.175E-05  3.987E-05  3.050E-05  2.320E-05  1.720E-05  1.261E-05  9.236E-06  6.463E-06  4.515E-06
  394.5000  4.410E-02  4.259E-02  4.109E-02  3.960E-02  3.814E-02  3.669E-02  3.525E-02  3.383E-02  3.243E-02  3.104E-02  2.967E-02  2.832E-02  2.699E-02  2.567E-02  2.438E-02  2.310E-02  2.185E-02  2.062E-02  1.941E-02  1.823E-02  1.707E-02  1.594E-02  1.484E-02  1.378E-02  1.274E-02  1.174E-02  1.078E-02  9.868E-03  9.002E-03  7.979E-03  7.099E-03  6.344E-03  5.705E-03  5.097E-03  4.392E-03  3.933E-03  3.331E-03  2.843E-03  2.450E-03  2.095E-03  1.752E-03  1.460E-03  1.211E-03  9.742E-04  7.907E-04  6.447E-04  5.128E-04  4.114E-04  3.234E-04  2.597E-04  2.018E-04  1.567E-04  1.213E-04  9.346E-05  7.149E-05  5.437E-05  4.031E-05  2.956E-05  2.166E-05  1.515E-05  1.059E-05
  395.5000  5.676E-02  5.482E-02  5.289E-02  5.097E-02  4.909E-02  4.722E-02  4.537E-02  4.355E-02  4.174E-02  3.995E-02  3.819E-02  3.645E-02  3.474E-02  3.305E-02  3.138E-02  2.974E-02  2.813E-02  2.654E-02  2.499E-02  2.347E-02  2.197E-02  2.052E-02  1.911E-02  1.773E-02  1.640E-02  1.511E-02  1.388E-02  1.270E-02  1.159E-02  1.027E-02  9.136E-03  8.163E-03  7.340E-03  6.558E-03  5.650E-03  5.058E-03  4.283E-03  3.656E-03  3.150E-03  2.693E-03  2.251E-03  1.875E-03  1.556E-03  1.251E-03  1.015E-03  8.276E-04  6.582E-04  5.279E-04  4.149E-04  3.331E-04  2.587E-04  2.009E-04  1.555E-04  1.198E-04  9.163E-05  6.969E-05  5.167E-05  3.790E-05  2.776E-05  1.943E-05  1.358E-05
  396.5000  3.334E-02  3.220E-02  3.107E-02  2.994E-02  2.884E-02  2.774E-02  2.665E-02  2.558E-02  2.452E-02  2.347E-02  2.244E-02  2.141E-02  2.041E-02  1.941E-02  1.844E-02  1.747E-02  1.652E-02  1.559E-02  1.468E-02  1.379E-02  1.291E-02  1.206E-02  1.123E-02  1.042E-02  9.634E-03  8.879E-03  8.151E-03  7.461E-03  6.806E-03  6.032E-03  5.366E-03  4.794E-03  4.310E-03  3.851E-03  3.317E-03  2.969E-03  2.514E-03  2.145E-03  1.848E-03  1.580E-03  1.321E-03  1.100E-03  9.123E-04  7.335E-04  5.950E-04  4.850E-04  3.855E-04  3.092E-04  2.430E-04  1.950E-04  1.514E-04  1.175E-04  9.098E-05  7.008E-05  5.360E-05  4.076E-05  3.023E-05  2.217E-05  1.624E-05  1.137E-05  7.950E-06
  397.5000  3.849E-02  3.717E-02  3.587E-02  3.457E-02  3.329E-02  3.202E-02  3.077E-02  2.953E-02  2.831E-02  2.709E-02  2.590E-02  2.472E-02  2.356E-02  2.241E-02  2.129E-02  2.017E-02  1.908E-02  1.800E-02  1.695E-02  1.592E-02  1.491E-02  1.392E-02  1.296E-02  1.203E-02  1.112E-02  1.025E-02  9.411E-03  8.613E-03  7.857E-03  6.963E-03  6.194E-03  5.534E-03  4.975E-03  4.444E-03  3.828E-03  3.426E-03  2.900E-03  2.474E-03  2.131E-03  1.821E-03  1.522E-03  1.268E-03  1.051E-03  8.450E-04  6.854E-04  5.584E-04  4.439E-04  3.559E-04  2.796E-04  2.243E-04  1.742E-04  1.352E-04  1.046E-04  8.057E-05  6.162E-05  4.686E-05  3.475E-05  2.549E-05  1.868E-05  1.308E-05  9.146E-06
  398.5000  6.617E-02  6.390E-02  6.165E-02  5.942E-02  5.722E-02  5.505E-02  5.289E-02  5.077E-02  4.866E-02  4.658E-02  4.453E-02  4.250E-02  4.050E-02  3.853E-02  3.659E-02  3.467E-02  3.280E-02  3.095E-02  2.914E-02  2.737E-02  2.563E-02  2.393E-02  2.228E-02  2.068E-02  1.912E-02  1.762E-02  1.618E-02  1.481E-02  1.351E-02  1.197E-02  1.065E-02  9.511E-03  8.549E-03  7.636E-03  6.576E-03  5.885E-03  4.982E-03  4.249E-03  3.660E-03  3.127E-03  2.613E-03  2.175E-03  1.804E-03  1.450E-03  1.175E-03  9.576E-04  7.609E-04  6.099E-04  4.790E-04  3.843E-04  2.983E-04  2.315E-04  1.791E-04  1.379E-04  1.055E-04  8.022E-05  5.949E-05  4.365E-05  3.199E-05  2.240E-05  1.567E-05
  399.5000  6.884E-02  6.648E-02  6.415E-02  6.183E-02  5.954E-02  5.728E-02  5.504E-02  5.282E-02  5.064E-02  4.847E-02  4.633E-02  4.422E-02  4.215E-02  4.010E-02  3.808E-02  3.608E-02  3.413E-02  3.221E-02  3.032E-02  2.848E-02  2.667E-02  2.490E-02  2.319E-02  2.152E-02  1.990E-02  1.834E-02  1.683E-02  1.541E-02  1.405E-02  1.245E-02  1.108E-02  9.895E-03  8.893E-03  7.942E-03  6.839E-03  6.120E-03  5.179E-03  4.417E-03  3.804E-03  3.249E-03  2.715E-03  2.260E-03  1.873E-03  1.505E-03  1.220E-03  9.938E-04  7.895E-04  6.327E-04  4.968E-04  3.984E-04  3.092E-04  2.399E-04  1.856E-04  1.429E-04  1.093E-04  8.312E-05  6.164E-05  4.523E-05  3.315E-05  2.322E-05  1.624E-05
------------------------------------------------------------
Dose rates,W m-2
   1 = UV index (WMO, 1994; Webb et al., 2011)           
   2 = Previtamin-D3 (CIE 2006)                          
values at z =      0.025 km
Columns: time,sza,weighting spectra
time,hrs.  sza,deg.          1          2
   18.0000     84.384  1.146E-01  2.055E-03
   18.0167     84.582  1.098E-01  1.954E-03
   18.0333     84.781  1.051E-01  1.858E-03
   18.0500     84.980  1.005E-01  1.764E-03
   18.0667     85.179  9.603E-02  1.675E-03
   18.0833     85.379  9.168E-02  1.590E-03
   18.1000     85.578  8.744E-02  1.508E-03
   18.1167     85.777  8.331E-02  1.429E-03
   18.1333     85.977  7.928E-02  1.354E-03
   18.1500     86.178  7.534E-02  1.281E-03
   18.1667     86.378  7.153E-02  1.212E-03
   18.1833     86.578  6.782E-02  1.145E-03
   18.2000     86.778  6.422E-02  1.082E-03
   18.2167     86.978  6.072E-02  1.021E-03
   18.2333     87.179  5.732E-02  9.625E-04
   18.2500     87.381  5.401E-02  9.063E-04
   18.2667     87.581  5.081E-02  8.527E-04
   18.2833     87.782  4.772E-02  8.014E-04
   18.3000     87.984  4.473E-02  7.523E-04
   18.3167     88.185  4.184E-02  7.053E-04
   18.3333     88.387  3.904E-02  6.602E-04
   18.3500     88.589  3.635E-02  6.172E-04
   18.3667     88.790  3.377E-02  5.761E-04
   18.3833     88.992  3.129E-02  5.369E-04
   18.4000     89.194  2.891E-02  4.995E-04
   18.4167     89.396  2.664E-02  4.640E-04
   18.4333     89.599  2.448E-02  4.300E-04
   18.4500     89.802  2.245E-02  3.981E-04
   18.4667     90.004  2.054E-02  3.681E-04
   18.4833     90.207  1.830E-02  3.325E-04
   18.5000     90.410  1.639E-02  3.020E-04
   18.5167     90.614  1.475E-02  2.757E-04
   18.5333     90.817  1.337E-02  2.534E-04
   18.5500     91.020  1.204E-02  2.316E-04
   18.5667     91.223  1.052E-02  2.063E-04
   18.5833     91.426  9.516E-03  1.895E-04
   18.6000     91.630  8.196E-03  1.666E-04
   18.6167     91.834  7.112E-03  1.474E-04
   18.6333     92.038  6.224E-03  1.314E-04
   18.6500     92.242  5.420E-03  1.167E-04
   18.6667     92.446  4.629E-03  1.018E-04
   18.6833     92.650  3.939E-03  8.828E-05
   18.7000     92.854  3.342E-03  7.630E-05
   18.7167     93.060  2.756E-03  6.403E-05
   18.7333     93.264  2.292E-03  5.413E-05
   18.7500     93.469  1.911E-03  4.574E-05
   18.7667     93.673  1.553E-03  3.752E-05
   18.7833     93.878  1.271E-03  3.096E-05
   18.8000     94.084  1.015E-03  2.480E-05
   18.8167     94.289  8.226E-04  2.003E-05
   18.8333     94.494  6.462E-04  1.573E-05
   18.8500     94.699  5.027E-04  1.212E-05
   18.8667     94.904  3.875E-04  9.220E-06
   18.8833     95.110  2.952E-04  6.895E-06
   18.9000     95.316  2.216E-04  5.042E-06
   18.9167     95.521  1.635E-04  3.569E-06
   18.9333     95.727  1.151E-04  2.316E-06
   18.9500     95.933  7.886E-05  1.389E-06
   18.9667     96.139  5.286E-05  7.506E-07
   18.9833     96.345  3.292E-05  3.225E-07
   19.0000     96.552  2.030E-05  1.201E-07
------------------------------------------------------------
