Spectral Irradiance,W m-2 nm-1
values at z =      0.025 km
Columns: wavelength (nm),times (hrs.) or sza (deg.)
    wc,nm     18.000     18.017     18.033     18.050     18.067     18.083     18.100     18.117     18.133     18.150     18.167     18.183     18.200     18.217     18.233     18.250     18.267     18.283     18.300     18.317     18.333     18.350     18.367     18.383     18.400     18.417     18.433     18.450     18.467     18.483     18.500     18.517     18.533     18.550     18.567     18.583     18.600     18.617     18.633     18.650     18.667     18.683     18.700     18.717     18.733     18.750     18.767     18.783     18.800     18.817     18.833     18.850     18.867     18.883     18.900     18.917     18.933     18.950     18.967     18.983     19.000
    sza =      85.694     85.891     86.088     86.286     86.483     86.681     86.878     87.076     87.274     87.473     87.671     87.869     88.068     88.267     88.466     88.666     88.865     89.064     89.264     89.464     89.664     89.864     90.064     90.265     90.465     90.666     90.867     91.068     91.269     91.471     91.672     91.874     92.076     92.277     92.479     92.681     92.883     93.086     93.289     93.491     93.694     93.897     94.100     94.303     94.507     94.710     94.913     95.117     95.321     95.525     95.729     95.933     96.137     96.341     96.546     96.750     96.955     97.159     97.364     97.569     97.775
  280.5000  7.974E-25  7.780E-25  7.585E-25  7.388E-25  7.191E-25  6.993E-25  6.794E-25  6.594E-25  6.392E-25  6.188E-25  5.984E-25  5.778E-25  5.570E-25  5.361E-25  5.151E-25  4.938E-25  4.726E-25  4.512E-25  4.297E-25  4.083E-25  3.870E-25  3.660E-25  3.425E-25  3.155E-25  2.922E-25  2.718E-25  2.539E-25  2.309E-25  2.111E-25  1.908E-25  1.730E-25  1.529E-25  1.352E-25  1.192E-25  1.043E-25  8.948E-26  7.567E-26  6.349E-26  5.303E-26  4.404E-26  3.441E-26  2.718E-26  1.984E-26  1.391E-26  9.279E-27  5.145E-27  2.329E-27  6.958E-28  1.060E-28  3.826E-30  8.346E-33  3.145E-37  2.522E-44  0.000E+00  0.000E+00  0.000E+00  0.000E+00  0.000E+00  0.000E+00  0.000E+00  0.000E+00
  281.5000  1.215E-22  1.185E-22  1.156E-22  1.126E-22  1.096E-22  1.065E-22  1.035E-22  1.005E-22  9.739E-23  9.429E-23  9.118E-23  8.805E-23  8.490E-23  8.172E-23  7.853E-23  7.530E-23  7.206E-23  6.882E-23  6.556E-23  6.231E-23  5.906E-23  5.587E-23  5.230E-23  4.820E-23  4.465E-23  4.155E-23  3.883E-23  3.532E-23  3.230E-23  2.921E-23  2.650E-23  2.342E-23  2.071E-23  1.827E-23  1.599E-23  1.373E-23  1.161E-23  9.750E-24  8.151E-24  6.778E-24  5.315E-24  4.219E-24  3.109E-24  2.213E-24  1.508E-24  8.683E-25  4.163E-25  1.372E-25  2.451E-26  1.183E-27  4.424E-30  4.104E-34  1.431E-40  0.000E+00  0.000E+00  0.000E+00  0.000E+00  0.000E+00  0.000E+00  0.000E+00  0.000E+00
  282.5000  6.246E-21  6.093E-21  5.940E-21  5.786E-21  5.631E-21  5.476E-21  5.320E-21  5.164E-21  5.006E-21  4.847E-21  4.687E-21  4.526E-21  4.364E-21  4.201E-21  4.037E-21  3.872E-21  3.706E-21  3.540E-21  3.373E-21  3.206E-21  3.039E-21  2.876E-21  2.693E-21  2.482E-21  2.300E-21  2.141E-21  2.002E-21  1.821E-21  1.666E-21  1.507E-21  1.368E-21  1.209E-21  1.070E-21  9.441E-22  8.268E-22  7.097E-22  6.008E-22  5.047E-22  4.222E-22  3.515E-22  2.764E-22  2.204E-22  1.637E-22  1.180E-22  8.185E-23  4.869E-23  2.454E-23  8.812E-24  1.812E-24  1.132E-25  6.822E-28  1.398E-31  1.782E-37  0.000E+00  0.000E+00  0.000E+00  0.000E+00  0.000E+00  0.000E+00  0.000E+00  0.000E+00
  283.5000  7.285E-20  7.107E-20  6.928E-20  6.747E-20  6.567E-20  6.386E-20  6.204E-20  6.021E-20  5.837E-20  5.651E-20  5.465E-20  5.278E-20  5.089E-20  4.900E-20  4.709E-20  4.516E-20  4.323E-20  4.129E-20  3.935E-20  3.740E-20  3.547E-20  3.357E-20  3.143E-20  2.898E-20  2.686E-20  2.501E-20  2.338E-20  2.128E-20  1.947E-20  1.762E-20  1.599E-20  1.414E-20  1.252E-20  1.105E-20  9.679E-21  8.311E-21  7.037E-21  5.915E-21  4.950E-21  4.124E-21  3.249E-21  2.597E-21  1.940E-21  1.409E-21  9.886E-22  6.004E-22  3.126E-22  1.187E-22  2.678E-23  1.981E-24  1.635E-26  5.641E-30  1.674E-35  2.803E-45  0.000E+00  0.000E+00  0.000E+00  0.000E+00  0.000E+00  0.000E+00  0.000E+00
  284.5000  3.934E-18  3.837E-18  3.740E-18  3.642E-18  3.545E-18  3.447E-18  3.348E-18  3.249E-18  3.150E-18  3.050E-18  2.949E-18  2.848E-18  2.747E-18  2.645E-18  2.542E-18  2.438E-18  2.334E-18  2.230E-18  2.126E-18  2.021E-18  1.917E-18  1.815E-18  1.700E-18  1.568E-18  1.454E-18  1.354E-18  1.267E-18  1.154E-18  1.056E-18  9.565E-19  8.685E-19  7.689E-19  6.805E-19  6.011E-19  5.269E-19  4.526E-19  3.835E-19  3.226E-19  2.703E-19  2.254E-19  1.781E-19  1.431E-19  1.078E-19  7.931E-20  5.674E-20  3.568E-20  1.961E-20  8.170E-21  2.149E-21  2.108E-22  2.949E-24  2.461E-27  3.118E-32  7.708E-41  0.000E+00  0.000E+00  0.000E+00  0.000E+00  0.000E+00  0.000E+00  0.000E+00
  285.5000  4.720E-17  4.603E-17  4.486E-17  4.368E-17  4.251E-17  4.133E-17  4.014E-17  3.896E-17  3.776E-17  3.656E-17  3.535E-17  3.414E-17  3.293E-17  3.170E-17  3.047E-17  2.923E-17  2.799E-17  2.674E-17  2.549E-17  2.424E-17  2.300E-17  2.178E-17  2.040E-17  1.883E-17  1.746E-17  1.627E-17  1.523E-17  1.387E-17  1.271E-17  1.151E-17  1.046E-17  9.257E-18  8.202E-18  7.248E-18  6.356E-18  5.463E-18  4.631E-18  3.898E-18  3.268E-18  2.729E-18  2.161E-18  1.742E-18  1.320E-18  9.808E-19  7.118E-19  4.594E-19  2.631E-19  1.178E-19  3.492E-20  4.280E-21  9.062E-23  1.507E-25  5.833E-30  1.030E-37  0.000E+00  0.000E+00  0.000E+00  0.000E+00  0.000E+00  0.000E+00  0.000E+00
  286.5000  1.439E-15  1.403E-15  1.367E-15  1.331E-15  1.295E-15  1.259E-15  1.223E-15  1.186E-15  1.150E-15  1.113E-15  1.076E-15  1.039E-15  1.002E-15  9.651E-16  9.276E-16  8.898E-16  8.520E-16  8.141E-16  7.761E-16  7.382E-16  7.004E-16  6.633E-16  6.216E-16  5.737E-16  5.322E-16  4.962E-16  4.645E-16  4.233E-16  3.878E-16  3.515E-16  3.194E-16  2.829E-16  2.508E-16  2.217E-16  1.945E-16  1.673E-16  1.419E-16  1.195E-16  1.002E-16  8.375E-17  6.644E-17  5.368E-17  4.088E-17  3.059E-17  2.244E-17  1.477E-17  8.725E-18  4.127E-18  1.342E-18  1.954E-19  5.709E-21  1.621E-23  1.489E-27  1.198E-34  1.401E-45  0.000E+00  0.000E+00  0.000E+00  0.000E+00  0.000E+00  0.000E+00
  287.5000  2.375E-14  2.316E-14  2.256E-14  2.196E-14  2.137E-14  2.077E-14  2.017E-14  1.957E-14  1.896E-14  1.835E-14  1.775E-14  1.714E-14  1.652E-14  1.591E-14  1.529E-14  1.467E-14  1.404E-14  1.342E-14  1.280E-14  1.217E-14  1.155E-14  1.094E-14  1.026E-14  9.467E-15  8.785E-15  8.193E-15  7.672E-15  6.996E-15  6.412E-15  5.814E-15  5.287E-15  4.685E-15  4.154E-15  3.675E-15  3.227E-15  2.776E-15  2.356E-15  1.985E-15  1.667E-15  1.394E-15  1.108E-15  8.975E-16  6.869E-16  5.178E-16  3.841E-16  2.580E-16  1.576E-16  7.897E-17  2.833E-17  4.956E-18  2.044E-19  1.034E-21  2.424E-25  1.020E-31  1.618E-41  0.000E+00  0.000E+00  0.000E+00  0.000E+00  0.000E+00  0.000E+00
  288.5000  3.797E-13  3.700E-13  3.604E-13  3.507E-13  3.411E-13  3.315E-13  3.218E-13  3.121E-13  3.024E-13  2.927E-13  2.829E-13  2.732E-13  2.633E-13  2.535E-13  2.436E-13  2.337E-13  2.238E-13  2.138E-13  2.039E-13  1.940E-13  1.841E-13  1.744E-13  1.635E-13  1.510E-13  1.402E-13  1.308E-13  1.225E-13  1.118E-13  1.025E-13  9.299E-14  8.460E-14  7.502E-14  6.658E-14  5.894E-14  5.179E-14  4.458E-14  3.786E-14  3.193E-14  2.683E-14  2.246E-14  1.789E-14  1.453E-14  1.118E-14  8.493E-15  6.374E-15  4.377E-15  2.768E-15  1.477E-15  5.893E-16  1.259E-16  7.582E-18  7.248E-20  4.742E-23  1.220E-28  3.317E-37  0.000E+00  0.000E+00  0.000E+00  0.000E+00  0.000E+00  0.000E+00
  289.5000  4.798E-12  4.675E-12  4.552E-12  4.428E-12  4.306E-12  4.183E-12  4.060E-12  3.937E-12  3.814E-12  3.690E-12  3.566E-12  3.442E-12  3.318E-12  3.194E-12  3.069E-12  2.943E-12  2.818E-12  2.693E-12  2.567E-12  2.443E-12  2.318E-12  2.196E-12  2.059E-12  1.902E-12  1.766E-12  1.648E-12  1.544E-12  1.409E-12  1.293E-12  1.174E-12  1.068E-12  9.479E-13  8.417E-13  7.455E-13  6.555E-13  5.646E-13  4.797E-13  4.048E-13  3.404E-13  2.853E-13  2.275E-13  1.852E-13  1.430E-13  1.092E-13  8.264E-14  5.762E-14  3.737E-14  2.086E-14  9.007E-15  2.234E-15  1.783E-16  2.731E-18  3.798E-21  3.641E-26  7.632E-34  2.803E-45  0.000E+00  0.000E+00  0.000E+00  0.000E+00  0.000E+00
  290.5000  3.884E-11  3.783E-11  3.682E-11  3.581E-11  3.481E-11  3.381E-11  3.281E-11  3.180E-11  3.080E-11  2.979E-11  2.879E-11  2.778E-11  2.678E-11  2.577E-11  2.476E-11  2.374E-11  2.273E-11  2.171E-11  2.070E-11  1.969E-11  1.869E-11  1.771E-11  1.661E-11  1.534E-11  1.424E-11  1.329E-11  1.246E-11  1.138E-11  1.044E-11  9.481E-12  8.633E-12  7.664E-12  6.809E-12  6.034E-12  5.309E-12  4.576E-12  3.890E-12  3.284E-12  2.764E-12  2.317E-12  1.851E-12  1.509E-12  1.168E-12  8.964E-13  6.827E-13  4.819E-13  3.189E-13  1.847E-13  8.504E-14  2.384E-14  2.400E-15  5.444E-17  1.420E-19  4.096E-24  4.770E-31  2.439E-41  0.000E+00  0.000E+00  0.000E+00  0.000E+00  0.000E+00
  291.5000  2.737E-10  2.665E-10  2.593E-10  2.521E-10  2.449E-10  2.378E-10  2.306E-10  2.235E-10  2.164E-10  2.092E-10  2.021E-10  1.950E-10  1.878E-10  1.807E-10  1.736E-10  1.664E-10  1.593E-10  1.521E-10  1.450E-10  1.380E-10  1.309E-10  1.240E-10  1.163E-10  1.074E-10  9.980E-11  9.317E-11  8.736E-11  7.978E-11  7.324E-11  6.654E-11  6.063E-11  5.385E-11  4.787E-11  4.246E-11  3.738E-11  3.224E-11  2.743E-11  2.318E-11  1.952E-11  1.638E-11  1.310E-11  1.070E-11  8.313E-12  6.408E-12  4.914E-12  3.515E-12  2.376E-12  1.432E-12  7.060E-13  2.258E-13  2.928E-14  1.023E-15  5.364E-18  5.311E-22  4.254E-28  4.044E-37  0.000E+00  0.000E+00  0.000E+00  0.000E+00  0.000E+00
  292.5000  1.275E-09  1.241E-09  1.207E-09  1.173E-09  1.139E-09  1.105E-09  1.072E-09  1.038E-09  1.005E-09  9.711E-10  9.376E-10  9.042E-10  8.708E-10  8.375E-10  8.041E-10  7.707E-10  7.374E-10  7.042E-10  6.712E-10  6.383E-10  6.057E-10  5.738E-10  5.381E-10  4.970E-10  4.617E-10  4.310E-10  4.042E-10  3.692E-10  3.391E-10  3.082E-10  2.809E-10  2.497E-10  2.220E-10  1.971E-10  1.736E-10  1.499E-10  1.276E-10  1.079E-10  9.091E-11  7.636E-11  6.114E-11  5.003E-11  3.896E-11  3.014E-11  2.325E-11  1.680E-11  1.156E-11  7.196E-12  3.760E-12  1.345E-12  2.164E-13  1.091E-14  1.027E-16  2.827E-20  1.099E-25  1.130E-33  1.121E-44  0.000E+00  0.000E+00  0.000E+00  0.000E+00
  293.5000  6.902E-09  6.713E-09  6.525E-09  6.337E-09  6.151E-09  5.966E-09  5.781E-09  5.597E-09  5.414E-09  5.230E-09  5.048E-09  4.866E-09  4.684E-09  4.502E-09  4.321E-09  4.140E-09  3.960E-09  3.780E-09  3.602E-09  3.424E-09  3.248E-09  3.077E-09  2.885E-09  2.665E-09  2.475E-09  2.311E-09  2.167E-09  1.980E-09  1.819E-09  1.654E-09  1.508E-09  1.341E-09  1.194E-09  1.060E-09  9.345E-10  8.071E-10  6.876E-10  5.819E-10  4.907E-10  4.125E-10  3.307E-10  2.710E-10  2.115E-10  1.642E-10  1.273E-10  9.286E-11  6.490E-11  4.159E-11  2.290E-11  9.067E-12  1.778E-12  1.259E-13  2.044E-15  1.472E-18  2.535E-23  2.448E-30  5.520E-40  0.000E+00  0.000E+00  0.000E+00  0.000E+00
  294.5000  2.163E-08  2.102E-08  2.042E-08  1.982E-08  1.923E-08  1.864E-08  1.806E-08  1.747E-08  1.689E-08  1.631E-08  1.573E-08  1.516E-08  1.459E-08  1.401E-08  1.344E-08  1.288E-08  1.231E-08  1.175E-08  1.119E-08  1.063E-08  1.008E-08  9.549E-09  8.951E-09  8.267E-09  7.677E-09  7.168E-09  6.722E-09  6.142E-09  5.643E-09  5.132E-09  4.681E-09  4.164E-09  3.708E-09  3.295E-09  2.907E-09  2.512E-09  2.142E-09  1.814E-09  1.531E-09  1.288E-09  1.033E-09  8.477E-10  6.631E-10  5.162E-10  4.016E-10  2.952E-10  2.089E-10  1.370E-10  7.872E-11  3.390E-11  7.829E-12  7.334E-13  1.859E-14  2.909E-17  1.643E-21  9.324E-28  2.441E-36  0.000E+00  0.000E+00  0.000E+00  0.000E+00
  295.5000  9.333E-08  9.065E-08  8.800E-08  8.536E-08  8.275E-08  8.016E-08  7.758E-08  7.502E-08  7.248E-08  6.994E-08  6.742E-08  6.491E-08  6.242E-08  5.994E-08  5.747E-08  5.500E-08  5.255E-08  5.012E-08  4.771E-08  4.532E-08  4.296E-08  4.067E-08  3.811E-08  3.519E-08  3.267E-08  3.049E-08  2.860E-08  2.613E-08  2.401E-08  2.184E-08  1.992E-08  1.773E-08  1.580E-08  1.405E-08  1.240E-08  1.073E-08  9.151E-09  7.756E-09  6.551E-09  5.515E-09  4.432E-09  3.640E-09  2.853E-09  2.227E-09  1.739E-09  1.288E-09  9.223E-10  6.191E-10  3.708E-10  1.735E-10  4.721E-11  5.878E-12  2.352E-13  8.240E-16  1.607E-19  5.822E-25  1.995E-32  2.000E-42  0.000E+00  0.000E+00  0.000E+00
  296.5000  2.585E-07  2.509E-07  2.434E-07  2.359E-07  2.285E-07  2.211E-07  2.139E-07  2.067E-07  1.995E-07  1.924E-07  1.853E-07  1.783E-07  1.713E-07  1.644E-07  1.575E-07  1.506E-07  1.439E-07  1.371E-07  1.304E-07  1.238E-07  1.173E-07  1.110E-07  1.040E-07  9.596E-08  8.907E-08  8.311E-08  7.792E-08  7.120E-08  6.541E-08  5.951E-08  5.430E-08  4.835E-08  4.308E-08  3.833E-08  3.387E-08  2.931E-08  2.502E-08  2.123E-08  1.794E-08  1.512E-08  1.216E-08  1.000E-08  7.852E-09  6.146E-09  4.814E-09  3.585E-09  2.594E-09  1.775E-09  1.101E-09  5.533E-10  1.733E-10  2.758E-11  1.633E-12  1.140E-14  6.367E-18  1.095E-22  3.191E-29  5.589E-38  0.000E+00  0.000E+00  0.000E+00
  297.5000  7.509E-07  7.281E-07  7.056E-07  6.833E-07  6.613E-07  6.395E-07  6.179E-07  5.966E-07  5.754E-07  5.544E-07  5.336E-07  5.130E-07  4.925E-07  4.722E-07  4.521E-07  4.321E-07  4.123E-07  3.927E-07  3.733E-07  3.542E-07  3.354E-07  3.171E-07  2.969E-07  2.739E-07  2.541E-07  2.370E-07  2.221E-07  2.029E-07  1.864E-07  1.696E-07  1.547E-07  1.378E-07  1.229E-07  1.094E-07  9.666E-08  8.371E-08  7.152E-08  6.071E-08  5.136E-08  4.331E-08  3.488E-08  2.871E-08  2.258E-08  1.771E-08  1.391E-08  1.041E-08  7.594E-09  5.279E-09  3.374E-09  1.800E-09  6.360E-10  1.250E-10  1.039E-11  1.323E-13  1.851E-16  1.242E-20  2.359E-26  5.083E-34  7.006E-45  0.000E+00  0.000E+00
  298.5000  1.288E-06  1.247E-06  1.208E-06  1.168E-06  1.129E-06  1.091E-06  1.053E-06  1.016E-06  9.792E-07  9.425E-07  9.063E-07  8.705E-07  8.351E-07  8.000E-07  7.653E-07  7.308E-07  6.968E-07  6.632E-07  6.300E-07  5.973E-07  5.651E-07  5.339E-07  4.995E-07  4.606E-07  4.271E-07  3.981E-07  3.730E-07  3.406E-07  3.128E-07  2.846E-07  2.596E-07  2.313E-07  2.063E-07  1.836E-07  1.624E-07  1.407E-07  1.203E-07  1.022E-07  8.653E-08  7.302E-08  5.888E-08  4.851E-08  3.821E-08  3.003E-08  2.363E-08  1.776E-08  1.305E-08  9.189E-09  6.020E-09  3.378E-09  1.323E-09  3.119E-10  3.469E-11  7.402E-13  2.273E-15  4.859E-19  4.507E-24  8.040E-31  2.050E-40  0.000E+00  0.000E+00
  299.5000  4.095E-06  3.963E-06  3.832E-06  3.702E-06  3.575E-06  3.450E-06  3.327E-06  3.205E-06  3.085E-06  2.966E-06  2.850E-06  2.734E-06  2.620E-06  2.507E-06  2.396E-06  2.286E-06  2.177E-06  2.070E-06  1.965E-06  1.861E-06  1.759E-06  1.661E-06  1.553E-06  1.431E-06  1.326E-06  1.235E-06  1.156E-06  1.056E-06  9.689E-07  8.812E-07  8.038E-07  7.160E-07  6.387E-07  5.688E-07  5.033E-07  4.364E-07  3.733E-07  3.174E-07  2.689E-07  2.271E-07  1.833E-07  1.512E-07  1.193E-07  9.388E-08  7.403E-08  5.585E-08  4.127E-08  2.940E-08  1.968E-08  1.154E-08  4.954E-09  1.374E-09  1.990E-10  6.822E-12  4.334E-14  2.726E-17  1.125E-21  1.482E-27  6.592E-36  1.401E-45  0.000E+00
  300.5000  5.117E-06  4.945E-06  4.776E-06  4.609E-06  4.446E-06  4.286E-06  4.128E-06  3.973E-06  3.820E-06  3.668E-06  3.520E-06  3.374E-06  3.230E-06  3.087E-06  2.947E-06  2.807E-06  2.673E-06  2.539E-06  2.407E-06  2.278E-06  2.152E-06  2.032E-06  1.896E-06  1.746E-06  1.616E-06  1.505E-06  1.408E-06  1.285E-06  1.178E-06  1.072E-06  9.771E-07  8.703E-07  7.764E-07  6.914E-07  6.121E-07  5.309E-07  4.545E-07  3.866E-07  3.278E-07  2.770E-07  2.239E-07  1.848E-07  1.460E-07  1.151E-07  9.089E-08  6.877E-08  5.106E-08  3.670E-08  2.498E-08  1.518E-08  7.015E-09  2.220E-09  3.980E-10  1.999E-11  2.275E-13  3.359E-16  4.410E-20  2.689E-25  1.037E-32  1.949E-41  0.000E+00
  301.5000  1.412E-05  1.363E-05  1.314E-05  1.266E-05  1.220E-05  1.174E-05  1.129E-05  1.085E-05  1.041E-05  9.984E-06  9.565E-06  9.154E-06  8.750E-06  8.353E-06  7.962E-06  7.577E-06  7.200E-06  6.830E-06  6.468E-06  6.113E-06  5.766E-06  5.432E-06  5.069E-06  4.662E-06  4.312E-06  4.010E-06  3.749E-06  3.418E-06  3.133E-06  2.847E-06  2.595E-06  2.311E-06  2.061E-06  1.836E-06  1.626E-06  1.411E-06  1.208E-06  1.029E-06  8.728E-07  7.382E-07  5.974E-07  4.936E-07  3.905E-07  3.084E-07  2.440E-07  1.852E-07  1.381E-07  1.002E-07  6.935E-08  4.367E-08  2.174E-08  7.882E-09  1.764E-09  1.326E-10  2.805E-12  1.029E-14  4.673E-18  1.491E-22  6.083E-29  1.826E-36  1.555E-43
  302.5000  2.215E-05  2.134E-05  2.056E-05  1.978E-05  1.903E-05  1.829E-05  1.757E-05  1.686E-05  1.617E-05  1.548E-05  1.481E-05  1.416E-05  1.352E-05  1.289E-05  1.227E-05  1.166E-05  1.107E-05  1.049E-05  9.920E-06  9.363E-06  8.823E-06  8.306E-06  7.742E-06  7.114E-06  6.574E-06  6.108E-06  5.705E-06  5.198E-06  4.762E-06  4.325E-06  3.939E-06  3.507E-06  3.128E-06  2.766E-06  2.467E-06  2.141E-06  1.835E-06  1.563E-06  1.327E-06  1.123E-06  9.098E-07  7.521E-07  5.958E-07  4.711E-07  3.731E-07  2.838E-07  2.124E-07  1.550E-07  1.085E-07  6.993E-08  3.662E-08  1.455E-08  3.786E-09  3.742E-10  1.203E-11  8.095E-14  8.265E-17  7.738E-21  1.460E-26  2.623E-33  1.077E-39
  303.5000  5.068E-05  4.875E-05  4.687E-05  4.502E-05  4.323E-05  4.147E-05  3.976E-05  3.809E-05  3.645E-05  3.485E-05  3.328E-05  3.175E-05  3.026E-05  2.880E-05  2.737E-05  2.597E-05  2.460E-05  2.327E-05  2.197E-05  2.071E-05  1.948E-05  1.830E-05  1.704E-05  1.563E-05  1.443E-05  1.339E-05  1.249E-05  1.136E-05  1.040E-05  9.437E-06  8.588E-06  7.642E-06  6.813E-06  6.069E-06  5.372E-06  4.663E-06  3.998E-06  3.408E-06  2.895E-06  2.452E-06  1.989E-06  1.646E-06  1.306E-06  1.034E-06  8.204E-07  6.257E-07  4.700E-07  3.451E-07  2.445E-07  1.618E-07  8.962E-08  3.951E-08  1.220E-08  1.650E-09  8.610E-11  1.176E-12  3.141E-15  1.060E-18  1.236E-23  1.871E-29  5.059E-35
  304.5000  6.650E-05  6.389E-05  6.134E-05  5.885E-05  5.643E-05  5.408E-05  5.178E-05  4.954E-05  4.735E-05  4.520E-05  4.312E-05  4.109E-05  3.910E-05  3.716E-05  3.527E-05  3.343E-05  3.163E-05  2.988E-05  2.818E-05  2.653E-05  2.492E-05  2.339E-05  2.176E-05  1.994E-05  1.838E-05  1.704E-05  1.588E-05  1.444E-05  1.320E-05  1.197E-05  1.089E-05  9.682E-06  8.628E-06  7.683E-06  6.801E-06  5.905E-06  5.063E-06  4.318E-06  3.670E-06  3.109E-06  2.525E-06  2.091E-06  1.661E-06  1.317E-06  1.045E-06  7.985E-07  6.012E-07  4.432E-07  3.163E-07  2.126E-07  1.218E-07  5.712E-08  1.953E-08  3.183E-09  2.209E-10  4.572E-12  2.146E-14  1.525E-17  5.044E-22  2.536E-27  1.956E-32
  305.5000  1.184E-04  1.135E-04  1.087E-04  1.040E-04  9.950E-05  9.512E-05  9.085E-05  8.671E-05  8.268E-05  7.875E-05  7.494E-05  7.124E-05  6.763E-05  6.413E-05  6.073E-05  5.740E-05  5.419E-05  5.107E-05  4.805E-05  4.513E-05  4.231E-05  3.962E-05  3.677E-05  3.364E-05  3.095E-05  2.863E-05  2.663E-05  2.418E-05  2.208E-05  1.999E-05  1.816E-05  1.613E-05  1.437E-05  1.278E-05  1.131E-05  9.820E-06  8.423E-06  7.186E-06  6.112E-06  5.182E-06  4.215E-06  3.493E-06  2.779E-06  2.207E-06  1.755E-06  1.344E-06  1.015E-06  7.520E-07  5.419E-07  3.716E-07  2.225E-07  1.135E-07  4.461E-08  9.432E-09  9.792E-10  3.698E-11  4.017E-13  8.736E-16  1.396E-19  4.380E-24  1.691E-28
  306.5000  1.420E-04  1.359E-04  1.300E-04  1.242E-04  1.187E-04  1.133E-04  1.081E-04  1.031E-04  9.817E-05  9.339E-05  8.877E-05  8.428E-05  7.992E-05  7.570E-05  7.159E-05  6.759E-05  6.373E-05  5.999E-05  5.638E-05  5.289E-05  4.953E-05  4.633E-05  4.294E-05  3.925E-05  3.607E-05  3.334E-05  3.098E-05  2.811E-05  2.563E-05  2.320E-05  2.105E-05  1.869E-05  1.664E-05  1.480E-05  1.310E-05  1.137E-05  9.749E-06  8.319E-06  7.077E-06  6.003E-06  4.886E-06  4.052E-06  3.227E-06  2.565E-06  2.041E-06  1.564E-06  1.183E-06  8.791E-07  6.363E-07  4.404E-07  2.693E-07  1.427E-07  5.980E-08  1.422E-08  1.765E-09  8.655E-11  1.340E-12  4.674E-15  1.456E-18  9.896E-23  7.557E-27
  307.5000  2.767E-04  2.638E-04  2.515E-04  2.396E-04  2.282E-04  2.172E-04  2.066E-04  1.963E-04  1.864E-04  1.768E-04  1.676E-04  1.586E-04  1.500E-04  1.416E-04  1.335E-04  1.257E-04  1.182E-04  1.109E-04  1.039E-04  9.723E-05  9.078E-05  8.467E-05  7.828E-05  7.137E-05  6.542E-05  6.031E-05  5.590E-05  5.061E-05  4.606E-05  4.160E-05  3.769E-05  3.341E-05  2.970E-05  2.639E-05  2.333E-05  2.024E-05  1.736E-05  1.481E-05  1.261E-05  1.070E-05  8.723E-06  7.241E-06  5.776E-06  4.600E-06  3.664E-06  2.816E-06  2.136E-06  1.593E-06  1.161E-06  8.158E-07  5.158E-07  2.912E-07  1.360E-07  3.975E-08  6.822E-09  5.446E-10  1.674E-11  1.468E-13  1.688E-16  5.260E-20  1.542E-23
  308.5000  3.519E-04  3.351E-04  3.190E-04  3.034E-04  2.885E-04  2.742E-04  2.604E-04  2.472E-04  2.344E-04  2.220E-04  2.101E-04  1.987E-04  1.876E-04  1.769E-04  1.666E-04  1.566E-04  1.471E-04  1.379E-04  1.290E-04  1.205E-04  1.124E-04  1.047E-04  9.667E-05  8.802E-05  8.059E-05  7.421E-05  6.870E-05  6.213E-05  5.648E-05  5.097E-05  4.613E-05  4.087E-05  3.630E-05  3.223E-05  2.849E-05  2.471E-05  2.119E-05  1.808E-05  1.539E-05  1.307E-05  1.066E-05  8.852E-06  7.067E-06  5.633E-06  4.490E-06  3.454E-06  2.624E-06  1.961E-06  1.434E-06  1.014E-06  6.505E-07  3.775E-07  1.847E-07  5.882E-08  1.152E-08  1.115E-09  4.442E-11  5.507E-13  1.033E-15  5.649E-19  2.715E-22
  309.5000  3.976E-04  3.773E-04  3.579E-04  3.393E-04  3.216E-04  3.047E-04  2.884E-04  2.729E-04  2.580E-04  2.436E-04  2.299E-04  2.168E-04  2.041E-04  1.919E-04  1.803E-04  1.690E-04  1.583E-04  1.479E-04  1.366E-04  1.286E-04  1.196E-04  1.111E-04  1.023E-04  9.293E-05  8.486E-05  7.793E-05  7.197E-05  6.494E-05  5.890E-05  5.305E-05  4.791E-05  4.238E-05  3.759E-05  3.333E-05  2.943E-05  2.550E-05  2.186E-05  1.865E-05  1.588E-05  1.348E-05  1.101E-05  9.149E-06  7.316E-06  5.841E-06  4.660E-06  3.592E-06  2.734E-06  2.049E-06  1.506E-06  1.075E-06  7.040E-07  4.252E-07  2.229E-07  8.115E-08  1.963E-08  2.613E-09  1.632E-10  3.713E-12  1.647E-14  2.449E-17  2.843E-20
  310.5000  6.638E-04  6.282E-04  5.943E-04  5.619E-04  5.311E-04  5.017E-04  4.737E-04  4.470E-04  4.215E-04  3.970E-04  3.737E-04  3.514E-04  3.301E-04  3.097E-04  2.901E-04  2.714E-04  2.535E-04  2.364E-04  2.201E-04  2.046E-04  1.898E-04  1.759E-04  1.616E-04  1.465E-04  1.334E-04  1.223E-04  1.127E-04  1.014E-04  9.181E-05  8.254E-05  7.441E-05  6.570E-05  5.819E-05  5.153E-05  4.546E-05  3.935E-05  3.371E-05  2.875E-05  2.447E-05  2.078E-05  1.699E-05  1.413E-05  1.131E-05  9.041E-06  7.221E-06  5.574E-06  4.251E-06  3.194E-06  2.354E-06  1.692E-06  1.126E-06  7.001E-07  3.861E-07  1.550E-07  4.375E-08  7.326E-09  6.294E-10  2.198E-11  1.791E-13  5.364E-16  1.151E-18
  311.5000  9.881E-04  9.334E-04  8.813E-04  8.315E-04  7.844E-04  7.395E-04  6.968E-04  6.562E-04  6.175E-04  5.804E-04  5.453E-04  5.118E-04  4.798E-04  4.493E-04  4.201E-04  3.923E-04  3.658E-04  3.405E-04  3.165E-04  2.936E-04  2.719E-04  2.515E-04  2.307E-04  2.087E-04  1.898E-04  1.736E-04  1.597E-04  1.436E-04  1.297E-04  1.164E-04  1.048E-04  9.244E-05  8.178E-05  7.234E-05  6.376E-05  5.515E-05  4.721E-05  4.026E-05  3.426E-05  2.909E-05  2.380E-05  1.979E-05  1.586E-05  1.269E-05  1.014E-05  7.840E-06  5.986E-06  4.505E-06  3.329E-06  2.403E-06  1.615E-06  1.023E-06  5.827E-07  2.491E-07  7.768E-08  1.509E-08  1.593E-09  7.368E-11  8.973E-13  4.286E-15  1.393E-17
  312.5000  1.305E-03  1.229E-03  1.157E-03  1.088E-03  1.023E-03  9.607E-04  9.018E-04  8.459E-04  7.928E-04  7.422E-04  6.943E-04  6.490E-04  6.059E-04  5.650E-04  5.263E-04  4.893E-04  4.544E-04  4.214E-04  3.901E-04  3.605E-04  3.325E-04  3.064E-04  2.799E-04  2.523E-04  2.286E-04  2.083E-04  1.908E-04  1.709E-04  1.538E-04  1.376E-04  1.235E-04  1.085E-04  9.574E-05  8.447E-05  7.429E-05  6.413E-05  5.481E-05  4.669E-05  3.970E-05  3.370E-05  2.759E-05  2.296E-05  1.843E-05  1.477E-05  1.182E-05  9.159E-06  7.011E-06  5.292E-06  3.926E-06  2.854E-06  1.949E-06  1.272E-06  7.645E-07  3.639E-07  1.349E-07  3.408E-08  5.212E-09  3.984E-10  9.925E-12  1.080E-13  7.204E-16
  313.5000  1.598E-03  1.504E-03  1.415E-03  1.330E-03  1.249E-03  1.172E-03  1.100E-03  1.030E-03  9.649E-04  9.025E-04  8.436E-04  7.877E-04  7.348E-04  6.846E-04  6.371E-04  5.918E-04  5.491E-04  5.086E-04  4.703E-04  4.343E-04  4.002E-04  3.685E-04  3.364E-04  3.029E-04  2.742E-04  2.495E-04  2.284E-04  2.044E-04  1.838E-04  1.643E-04  1.473E-04  1.293E-04  1.140E-04  1.005E-04  8.835E-05  7.621E-05  6.511E-05  5.544E-05  4.713E-05  4.000E-05  3.275E-05  2.726E-05  2.190E-05  1.756E-05  1.406E-05  1.090E-05  8.353E-06  6.310E-06  4.689E-06  3.417E-06  2.345E-06  1.544E-06  9.428E-07  4.624E-07  1.796E-07  4.842E-08  8.056E-09  6.905E-10  2.026E-11  2.656E-13  2.093E-15
  314.5000  2.182E-03  2.051E-03  1.927E-03  1.808E-03  1.695E-03  1.587E-03  1.484E-03  1.387E-03  1.295E-03  1.207E-03  1.124E-03  1.045E-03  9.710E-04  9.009E-04  8.345E-04  7.720E-04  7.131E-04  6.577E-04  6.055E-04  5.565E-04  5.106E-04  4.679E-04  4.253E-04  3.813E-04  3.436E-04  3.113E-04  2.837E-04  2.527E-04  2.263E-04  2.014E-04  1.797E-04  1.572E-04  1.381E-04  1.213E-04  1.063E-04  9.141E-05  7.791E-05  6.621E-05  5.621E-05  4.765E-05  3.903E-05  3.248E-05  2.613E-05  2.099E-05  1.683E-05  1.308E-05  1.005E-05  7.615E-06  5.679E-06  4.163E-06  2.893E-06  1.950E-06  1.240E-06  6.621E-07  2.958E-07  9.885E-08  2.236E-08  2.927E-09  1.580E-10  4.194E-12  6.136E-14
  315.5000  2.378E-03  2.237E-03  2.101E-03  1.971E-03  1.847E-03  1.729E-03  1.617E-03  1.511E-03  1.410E-03  1.314E-03  1.223E-03  1.137E-03  1.056E-03  9.793E-04  9.072E-04  8.383E-04  7.740E-04  7.134E-04  6.565E-04  6.031E-04  5.530E-04  5.066E-04  4.601E-04  4.123E-04  3.712E-04  3.362E-04  3.062E-04  2.726E-04  2.439E-04  2.169E-04  1.935E-04  1.691E-04  1.484E-04  1.303E-04  1.143E-04  9.811E-05  8.356E-05  7.099E-05  6.024E-05  5.106E-05  4.183E-05  3.481E-05  2.802E-05  2.252E-05  1.806E-05  1.405E-05  1.080E-05  8.191E-06  6.116E-06  4.490E-06  3.131E-06  2.123E-06  1.364E-06  7.427E-07  3.418E-07  1.189E-07  2.823E-08  3.947E-09  2.341E-10  6.900E-12  1.110E-13
  316.5000  3.131E-03  2.947E-03  2.770E-03  2.599E-03  2.436E-03  2.281E-03  2.132E-03  1.990E-03  1.855E-03  1.726E-03  1.604E-03  1.488E-03  1.378E-03  1.275E-03  1.177E-03  1.085E-03  9.979E-04  9.164E-04  8.401E-04  7.687E-04  7.020E-04  6.404E-04  5.793E-04  5.168E-04  4.634E-04  4.178E-04  3.788E-04  3.358E-04  2.991E-04  2.649E-04  2.351E-04  2.047E-04  1.789E-04  1.564E-04  1.374E-04  1.169E-04  9.930E-05  8.413E-05  7.124E-05  6.028E-05  4.935E-05  4.106E-05  3.307E-05  2.662E-05  2.137E-05  1.666E-05  1.285E-05  9.771E-06  7.320E-06  5.401E-06  3.803E-06  2.621E-06  1.734E-06  1.004E-06  5.120E-07  2.090E-07  6.271E-08  1.213E-08  1.147E-09  5.769E-11  1.481E-12
  317.5000  4.425E-03  4.165E-03  3.914E-03  3.673E-03  3.443E-03  3.223E-03  3.013E-03  2.812E-03  2.621E-03  2.439E-03  2.267E-03  2.103E-03  1.948E-03  1.802E-03  1.664E-03  1.534E-03  1.411E-03  1.296E-03  1.188E-03  1.088E-03  9.934E-04  9.064E-04  8.200E-04  7.316E-04  6.562E-04  5.918E-04  5.366E-04  4.757E-04  4.239E-04  3.754E-04  3.333E-04  2.902E-04  2.536E-04  2.218E-04  1.942E-04  1.658E-04  1.408E-04  1.193E-04  1.010E-04  8.548E-05  6.999E-05  5.823E-05  4.691E-05  3.776E-05  3.033E-05  2.365E-05  1.824E-05  1.388E-05  1.040E-05  7.676E-06  5.411E-06  3.736E-06  2.479E-06  1.441E-06  7.393E-07  3.033E-07  9.114E-08  1.765E-08  1.671E-09  8.410E-11  2.174E-12
  318.5000  4.611E-03  4.350E-03  4.097E-03  3.852E-03  3.617E-03  3.391E-03  3.174E-03  2.966E-03  2.766E-03  2.575E-03  2.393E-03  2.220E-03  2.055E-03  1.899E-03  1.750E-03  1.610E-03  1.479E-03  1.355E-03  1.239E-03  1.130E-03  1.028E-03  9.349E-04  8.425E-04  7.488E-04  6.686E-04  6.002E-04  5.418E-04  4.781E-04  4.239E-04  3.736E-04  3.301E-04  2.860E-04  2.487E-04  2.165E-04  1.879E-04  1.605E-04  1.357E-04  1.145E-04  9.667E-05  8.158E-05  6.671E-05  5.543E-05  4.466E-05  3.599E-05  2.893E-05  2.262E-05  1.749E-05  1.335E-05  1.004E-05  7.450E-06  5.299E-06  3.709E-06  2.522E-06  1.544E-06  8.646E-07  4.074E-07  1.505E-07  3.898E-08  5.626E-09  4.596E-10  1.817E-11
  319.5000  5.946E-03  5.612E-03  5.290E-03  4.977E-03  4.676E-03  4.386E-03  4.107E-03  3.839E-03  3.583E-03  3.336E-03  3.101E-03  2.877E-03  2.664E-03  2.462E-03  2.270E-03  2.088E-03  1.917E-03  1.757E-03  1.606E-03  1.464E-03  1.333E-03  1.211E-03  1.091E-03  9.690E-04  8.646E-04  7.758E-04  6.999E-04  6.172E-04  5.468E-04  4.816E-04  4.252E-04  3.680E-04  3.198E-04  2.781E-04  2.418E-04  2.057E-04  1.738E-04  1.466E-04  1.236E-04  1.043E-04  8.523E-05  7.080E-05  5.705E-05  4.599E-05  3.698E-05  2.893E-05  2.239E-05  1.711E-05  1.288E-05  9.569E-06  6.822E-06  4.793E-06  3.279E-06  2.032E-06  1.161E-06  5.631E-07  2.162E-07  5.908E-08  9.215E-09  8.217E-10  3.525E-11
  320.5000  7.741E-03  7.313E-03  6.898E-03  6.495E-03  6.106E-03  5.731E-03  5.370E-03  5.023E-03  4.689E-03  4.368E-03  4.062E-03  3.770E-03  3.492E-03  3.227E-03  2.976E-03  2.737E-03  2.512E-03  2.301E-03  2.102E-03  1.916E-03  1.743E-03  1.583E-03  1.424E-03  1.264E-03  1.127E-03  1.010E-03  9.103E-04  8.018E-04  7.095E-04  6.241E-04  5.502E-04  4.756E-04  4.127E-04  3.585E-04  3.103E-04  2.645E-04  2.231E-04  1.879E-04  1.584E-04  1.335E-04  1.090E-04  9.051E-05  7.292E-05  5.879E-05  4.728E-05  3.701E-05  2.867E-05  2.193E-05  1.653E-05  1.230E-05  8.786E-06  6.194E-06  4.262E-06  2.672E-06  1.557E-06  7.789E-07  3.139E-07  9.195E-08  1.584E-08  1.585E-09  7.571E-11
  321.5000  8.750E-03  8.302E-03  7.864E-03  7.436E-03  7.021E-03  6.618E-03  6.226E-03  5.847E-03  5.480E-03  5.123E-03  4.781E-03  4.452E-03  4.136E-03  3.832E-03  3.542E-03  3.265E-03  3.002E-03  2.753E-03  2.517E-03  2.296E-03  2.087E-03  1.894E-03  1.703E-03  1.508E-03  1.341E-03  1.199E-03  1.078E-03  9.461E-04  8.341E-04  7.306E-04  6.412E-04  5.514E-04  4.760E-04  4.113E-04  3.554E-04  3.001E-04  2.516E-04  2.108E-04  1.767E-04  1.483E-04  1.207E-04  9.990E-05  8.037E-05  6.478E-05  5.211E-05  4.088E-05  3.177E-05  2.440E-05  1.848E-05  1.382E-05  9.966E-06  7.110E-06  4.991E-06  3.258E-06  2.038E-06  1.140E-06  5.450E-07  2.045E-07  5.070E-08  7.707E-09  5.323E-10
  322.5000  7.040E-03  6.656E-03  6.283E-03  5.919E-03  5.569E-03  5.231E-03  4.904E-03  4.590E-03  4.287E-03  3.996E-03  3.717E-03  3.451E-03  3.197E-03  2.956E-03  2.726E-03  2.507E-03  2.302E-03  2.108E-03  1.926E-03  1.755E-03  1.595E-03  1.448E-03  1.303E-03  1.155E-03  1.029E-03  9.218E-04  8.303E-04  7.306E-04  6.460E-04  5.676E-04  5.000E-04  4.317E-04  3.742E-04  3.247E-04  2.813E-04  2.390E-04  2.014E-04  1.694E-04  1.426E-04  1.201E-04  9.804E-05  8.137E-05  6.555E-05  5.285E-05  4.252E-05  3.331E-05  2.583E-05  1.978E-05  1.493E-05  1.112E-05  7.970E-06  5.641E-06  3.908E-06  2.481E-06  1.476E-06  7.616E-07  3.204E-07  9.983E-08  1.884E-08  2.098E-09  1.118E-10
  323.5000  1.035E-02  9.843E-03  9.346E-03  8.858E-03  8.383E-03  7.920E-03  7.469E-03  7.031E-03  6.605E-03  6.190E-03  5.790E-03  5.403E-03  5.030E-03  4.671E-03  4.326E-03  3.995E-03  3.680E-03  3.379E-03  3.094E-03  2.825E-03  2.571E-03  2.336E-03  2.100E-03  1.860E-03  1.654E-03  1.479E-03  1.329E-03  1.165E-03  1.026E-03  8.970E-04  7.860E-04  6.743E-04  5.808E-04  5.006E-04  4.316E-04  3.634E-04  3.036E-04  2.535E-04  2.119E-04  1.773E-04  1.439E-04  1.189E-04  9.552E-05  7.695E-05  6.188E-05  4.858E-05  3.781E-05  2.910E-05  2.210E-05  1.658E-05  1.201E-05  8.615E-06  6.101E-06  4.051E-06  2.611E-06  1.530E-06  7.875E-07  3.300E-07  9.654E-08  1.786E-08  1.491E-09
  324.5000  1.198E-02  1.139E-02  1.081E-02  1.024E-02  9.690E-03  9.153E-03  8.629E-03  8.120E-03  7.626E-03  7.145E-03  6.681E-03  6.233E-03  5.801E-03  5.386E-03  4.987E-03  4.604E-03  4.240E-03  3.893E-03  3.564E-03  3.254E-03  2.961E-03  2.690E-03  2.419E-03  2.142E-03  1.905E-03  1.703E-03  1.531E-03  1.342E-03  1.182E-03  1.034E-03  9.067E-04  7.782E-04  6.705E-04  5.782E-04  4.988E-04  4.201E-04  3.511E-04  2.933E-04  2.453E-04  2.054E-04  1.668E-04  1.378E-04  1.107E-04  8.921E-05  7.176E-05  5.634E-05  4.385E-05  3.375E-05  2.563E-05  1.923E-05  1.393E-05  9.994E-06  7.079E-06  4.702E-06  3.028E-06  1.770E-06  9.054E-07  3.758E-07  1.084E-07  1.972E-08  1.634E-09
  325.5000  1.280E-02  1.215E-02  1.152E-02  1.091E-02  1.031E-02  9.730E-03  9.164E-03  8.614E-03  8.081E-03  7.564E-03  7.065E-03  6.585E-03  6.122E-03  5.678E-03  5.253E-03  4.845E-03  4.457E-03  4.089E-03  3.741E-03  3.413E-03  3.104E-03  2.817E-03  2.532E-03  2.242E-03  1.993E-03  1.782E-03  1.601E-03  1.404E-03  1.237E-03  1.082E-03  9.490E-04  8.149E-04  7.025E-04  6.063E-04  5.231E-04  4.411E-04  3.691E-04  3.086E-04  2.583E-04  2.164E-04  1.759E-04  1.454E-04  1.169E-04  9.421E-05  7.579E-05  5.950E-05  4.629E-05  3.560E-05  2.702E-05  2.025E-05  1.465E-05  1.050E-05  7.419E-06  4.905E-06  3.132E-06  1.807E-06  9.046E-07  3.636E-07  9.993E-08  1.725E-08  1.377E-09
  326.5000  1.991E-02  1.901E-02  1.812E-02  1.724E-02  1.638E-02  1.554E-02  1.471E-02  1.391E-02  1.312E-02  1.235E-02  1.160E-02  1.087E-02  1.017E-02  9.484E-03  8.822E-03  8.181E-03  7.566E-03  6.977E-03  6.414E-03  5.878E-03  5.369E-03  4.893E-03  4.411E-03  3.912E-03  3.486E-03  3.123E-03  2.812E-03  2.466E-03  2.172E-03  1.900E-03  1.664E-03  1.425E-03  1.225E-03  1.054E-03  9.065E-04  7.599E-04  6.318E-04  5.252E-04  4.371E-04  3.643E-04  2.943E-04  2.423E-04  1.940E-04  1.560E-04  1.253E-04  9.843E-05  7.673E-05  5.923E-05  4.517E-05  3.406E-05  2.484E-05  1.796E-05  1.287E-05  8.732E-06  5.843E-06  3.628E-06  2.050E-06  9.908E-07  3.598E-07  8.621E-08  9.262E-09
  327.5000  1.708E-02  1.628E-02  1.549E-02  1.471E-02  1.395E-02  1.321E-02  1.248E-02  1.178E-02  1.109E-02  1.041E-02  9.764E-03  9.132E-03  8.521E-03  7.931E-03  7.362E-03  6.812E-03  6.288E-03  5.786E-03  5.309E-03  4.856E-03  4.427E-03  4.027E-03  3.626E-03  3.212E-03  2.859E-03  2.558E-03  2.301E-03  2.017E-03  1.776E-03  1.553E-03  1.360E-03  1.166E-03  1.003E-03  8.634E-04  7.435E-04  6.244E-04  5.202E-04  4.333E-04  3.613E-04  3.016E-04  2.442E-04  2.014E-04  1.615E-04  1.300E-04  1.045E-04  8.208E-05  6.396E-05  4.932E-05  3.756E-05  2.828E-05  2.057E-05  1.484E-05  1.060E-05  7.143E-06  4.722E-06  2.874E-06  1.568E-06  7.177E-07  2.398E-07  5.210E-08  5.171E-09
  328.5000  1.581E-02  1.507E-02  1.434E-02  1.362E-02  1.291E-02  1.223E-02  1.156E-02  1.090E-02  1.026E-02  9.639E-03  9.036E-03  8.450E-03  7.884E-03  7.337E-03  6.809E-03  6.301E-03  5.814E-03  5.350E-03  4.907E-03  4.487E-03  4.090E-03  3.720E-03  3.348E-03  2.966E-03  2.639E-03  2.360E-03  2.122E-03  1.860E-03  1.637E-03  1.431E-03  1.253E-03  1.073E-03  9.227E-04  7.941E-04  6.835E-04  5.738E-04  4.779E-04  3.979E-04  3.317E-04  2.768E-04  2.241E-04  1.847E-04  1.481E-04  1.192E-04  9.580E-05  7.525E-05  5.863E-05  4.522E-05  3.444E-05  2.593E-05  1.887E-05  1.361E-05  9.721E-06  6.555E-06  4.336E-06  2.643E-06  1.446E-06  6.659E-07  2.251E-07  4.984E-08  5.089E-09
  329.5000  2.482E-02  2.375E-02  2.269E-02  2.164E-02  2.062E-02  1.961E-02  1.862E-02  1.765E-02  1.670E-02  1.577E-02  1.486E-02  1.397E-02  1.310E-02  1.226E-02  1.144E-02  1.064E-02  9.874E-03  9.134E-03  8.424E-03  7.744E-03  7.096E-03  6.487E-03  5.863E-03  5.210E-03  4.653E-03  4.178E-03  3.772E-03  3.312E-03  2.923E-03  2.558E-03  2.243E-03  1.921E-03  1.651E-03  1.419E-03  1.221E-03  1.021E-03  8.468E-04  7.020E-04  5.828E-04  4.845E-04  3.900E-04  3.204E-04  2.558E-04  2.054E-04  1.648E-04  1.294E-04  1.009E-04  7.802E-05  5.964E-05  4.512E-05  3.305E-05  2.401E-05  1.732E-05  1.188E-05  8.106E-06  5.181E-06  3.075E-06  1.607E-06  6.601E-07  1.845E-07  2.334E-08
  330.5000  2.084E-02  1.990E-02  1.898E-02  1.807E-02  1.718E-02  1.631E-02  1.546E-02  1.462E-02  1.380E-02  1.300E-02  1.222E-02  1.146E-02  1.072E-02  1.001E-02  9.317E-03  8.646E-03  8.002E-03  7.384E-03  6.792E-03  6.229E-03  5.693E-03  5.191E-03  4.682E-03  4.153E-03  3.702E-03  3.317E-03  2.988E-03  2.621E-03  2.309E-03  2.019E-03  1.769E-03  1.514E-03  1.301E-03  1.119E-03  9.625E-04  8.062E-04  6.695E-04  5.560E-04  4.623E-04  3.849E-04  3.106E-04  2.555E-04  2.044E-04  1.643E-04  1.319E-04  1.036E-04  8.079E-05  6.241E-05  4.765E-05  3.598E-05  2.629E-05  1.905E-05  1.370E-05  9.341E-06  6.304E-06  3.962E-06  2.282E-06  1.138E-06  4.342E-07  1.113E-07  1.314E-08
  331.5000  2.027E-02  1.935E-02  1.845E-02  1.756E-02  1.668E-02  1.583E-02  1.499E-02  1.418E-02  1.338E-02  1.259E-02  1.183E-02  1.109E-02  1.037E-02  9.675E-03  9.001E-03  8.348E-03  7.722E-03  7.121E-03  6.546E-03  5.999E-03  5.480E-03  4.994E-03  4.501E-03  3.991E-03  3.556E-03  3.184E-03  2.867E-03  2.513E-03  2.214E-03  1.935E-03  1.694E-03  1.450E-03  1.246E-03  1.071E-03  9.213E-04  7.718E-04  6.411E-04  5.324E-04  4.427E-04  3.687E-04  2.976E-04  2.448E-04  1.959E-04  1.575E-04  1.264E-04  9.930E-05  7.743E-05  5.981E-05  4.565E-05  3.446E-05  2.517E-05  1.823E-05  1.310E-05  8.924E-06  6.011E-06  3.767E-06  2.160E-06  1.069E-06  4.041E-07  1.028E-07  1.216E-08
  332.5000  2.296E-02  2.199E-02  2.103E-02  2.008E-02  1.915E-02  1.823E-02  1.733E-02  1.645E-02  1.558E-02  1.473E-02  1.389E-02  1.308E-02  1.228E-02  1.151E-02  1.075E-02  1.002E-02  9.308E-03  8.623E-03  7.963E-03  7.331E-03  6.726E-03  6.157E-03  5.572E-03  4.955E-03  4.430E-03  3.982E-03  3.600E-03  3.164E-03  2.794E-03  2.447E-03  2.147E-03  1.838E-03  1.580E-03  1.359E-03  1.169E-03  9.770E-04  8.089E-04  6.698E-04  5.554E-04  4.612E-04  3.707E-04  3.042E-04  2.425E-04  1.945E-04  1.559E-04  1.224E-04  9.546E-05  7.385E-05  5.652E-05  4.283E-05  3.143E-05  2.288E-05  1.656E-05  1.141E-05  7.847E-06  5.073E-06  3.071E-06  1.659E-06  7.193E-07  2.163E-07  2.996E-08
  333.5000  2.032E-02  1.944E-02  1.856E-02  1.770E-02  1.685E-02  1.602E-02  1.520E-02  1.440E-02  1.362E-02  1.285E-02  1.210E-02  1.137E-02  1.066E-02  9.964E-03  9.292E-03  8.638E-03  8.009E-03  7.403E-03  6.822E-03  6.267E-03  5.737E-03  5.240E-03  4.733E-03  4.202E-03  3.750E-03  3.364E-03  3.035E-03  2.663E-03  2.349E-03  2.055E-03  1.800E-03  1.541E-03  1.324E-03  1.138E-03  9.781E-04  8.183E-04  6.783E-04  5.622E-04  4.666E-04  3.879E-04  3.123E-04  2.565E-04  2.048E-04  1.644E-04  1.319E-04  1.035E-04  8.076E-05  6.245E-05  4.774E-05  3.613E-05  2.646E-05  1.923E-05  1.388E-05  9.526E-06  6.503E-06  4.158E-06  2.466E-06  1.290E-06  5.313E-07  1.505E-07  1.993E-08
  334.5000  2.344E-02  2.243E-02  2.144E-02  2.045E-02  1.949E-02  1.854E-02  1.761E-02  1.670E-02  1.580E-02  1.492E-02  1.407E-02  1.323E-02  1.241E-02  1.161E-02  1.084E-02  1.009E-02  9.363E-03  8.664E-03  7.991E-03  7.348E-03  6.734E-03  6.156E-03  5.565E-03  4.944E-03  4.415E-03  3.964E-03  3.579E-03  3.142E-03  2.772E-03  2.426E-03  2.127E-03  1.820E-03  1.563E-03  1.344E-03  1.155E-03  9.658E-04  7.997E-04  6.623E-04  5.492E-04  4.562E-04  3.668E-04  3.010E-04  2.401E-04  1.926E-04  1.545E-04  1.212E-04  9.455E-05  7.314E-05  5.595E-05  4.238E-05  3.108E-05  2.261E-05  1.635E-05  1.125E-05  7.715E-06  4.968E-06  2.987E-06  1.596E-06  6.809E-07  2.018E-07  2.807E-08
  335.5000  2.543E-02  2.437E-02  2.333E-02  2.230E-02  2.129E-02  2.029E-02  1.931E-02  1.834E-02  1.739E-02  1.646E-02  1.555E-02  1.465E-02  1.378E-02  1.292E-02  1.209E-02  1.128E-02  1.049E-02  9.734E-03  9.002E-03  8.298E-03  7.624E-03  6.988E-03  6.332E-03  5.636E-03  5.043E-03  4.539E-03  4.108E-03  3.613E-03  3.194E-03  2.799E-03  2.458E-03  2.105E-03  1.809E-03  1.556E-03  1.338E-03  1.118E-03  9.248E-04  7.649E-04  6.336E-04  5.256E-04  4.217E-04  3.456E-04  2.751E-04  2.205E-04  1.766E-04  1.385E-04  1.080E-04  8.361E-05  6.406E-05  4.861E-05  3.573E-05  2.606E-05  1.891E-05  1.308E-05  9.054E-06  5.909E-06  3.640E-06  2.024E-06  9.208E-07  2.958E-07  4.461E-08
  336.5000  1.950E-02  1.869E-02  1.788E-02  1.708E-02  1.629E-02  1.552E-02  1.476E-02  1.402E-02  1.328E-02  1.256E-02  1.186E-02  1.117E-02  1.049E-02  9.835E-03  9.195E-03  8.570E-03  7.968E-03  7.385E-03  6.823E-03  6.285E-03  5.769E-03  5.283E-03  4.783E-03  4.255E-03  3.804E-03  3.421E-03  3.093E-03  2.719E-03  2.401E-03  2.103E-03  1.846E-03  1.580E-03  1.358E-03  1.167E-03  1.003E-03  8.385E-04  6.935E-04  5.736E-04  4.752E-04  3.942E-04  3.164E-04  2.594E-04  2.066E-04  1.656E-04  1.327E-04  1.040E-04  8.116E-05  6.281E-05  4.810E-05  3.649E-05  2.681E-05  1.955E-05  1.417E-05  9.791E-06  6.765E-06  4.403E-06  2.698E-06  1.488E-06  6.687E-07  2.121E-07  3.189E-08
  337.5000  2.043E-02  1.955E-02  1.868E-02  1.783E-02  1.699E-02  1.616E-02  1.535E-02  1.455E-02  1.377E-02  1.300E-02  1.226E-02  1.152E-02  1.081E-02  1.012E-02  9.443E-03  8.786E-03  8.154E-03  7.544E-03  6.957E-03  6.396E-03  5.860E-03  5.357E-03  4.841E-03  4.300E-03  3.839E-03  3.446E-03  3.110E-03  2.730E-03  2.408E-03  2.107E-03  1.846E-03  1.579E-03  1.356E-03  1.165E-03  1.002E-03  8.369E-04  6.927E-04  5.734E-04  4.753E-04  3.946E-04  3.171E-04  2.602E-04  2.074E-04  1.664E-04  1.334E-04  1.046E-04  8.163E-05  6.314E-05  4.832E-05  3.661E-05  2.687E-05  1.956E-05  1.415E-05  9.750E-06  6.700E-06  4.326E-06  2.612E-06  1.407E-06  6.088E-07  1.849E-07  2.693E-08
  338.5000  2.317E-02  2.221E-02  2.126E-02  2.032E-02  1.940E-02  1.849E-02  1.760E-02  1.672E-02  1.586E-02  1.501E-02  1.417E-02  1.336E-02  1.256E-02  1.179E-02  1.103E-02  1.029E-02  9.571E-03  8.879E-03  8.211E-03  7.569E-03  6.954E-03  6.374E-03  5.774E-03  5.139E-03  4.598E-03  4.138E-03  3.745E-03  3.293E-03  2.910E-03  2.550E-03  2.238E-03  1.916E-03  1.647E-03  1.416E-03  1.217E-03  1.017E-03  8.402E-04  6.944E-04  5.748E-04  4.766E-04  3.821E-04  3.130E-04  2.490E-04  1.994E-04  1.597E-04  1.252E-04  9.763E-05  7.557E-05  5.791E-05  4.396E-05  3.234E-05  2.361E-05  1.714E-05  1.187E-05  8.233E-06  5.388E-06  3.336E-06  1.873E-06  8.674E-07  2.871E-07  4.557E-08
  339.5000  2.545E-02  2.440E-02  2.336E-02  2.234E-02  2.133E-02  2.034E-02  1.936E-02  1.840E-02  1.745E-02  1.652E-02  1.561E-02  1.472E-02  1.384E-02  1.299E-02  1.216E-02  1.135E-02  1.056E-02  9.800E-03  9.065E-03  8.360E-03  7.683E-03  7.044E-03  6.384E-03  5.683E-03  5.086E-03  4.578E-03  4.144E-03  3.645E-03  3.222E-03  2.823E-03  2.479E-03  2.122E-03  1.824E-03  1.568E-03  1.348E-03  1.126E-03  9.298E-04  7.682E-04  6.357E-04  5.269E-04  4.221E-04  3.457E-04  2.748E-04  2.201E-04  1.762E-04  1.381E-04  1.077E-04  8.335E-05  6.388E-05  4.852E-05  3.571E-05  2.607E-05  1.895E-05  1.313E-05  9.122E-06  5.984E-06  3.721E-06  2.105E-06  9.877E-07  3.332E-07  5.427E-08
  340.5000  2.652E-02  2.541E-02  2.432E-02  2.324E-02  2.217E-02  2.112E-02  2.009E-02  1.908E-02  1.809E-02  1.710E-02  1.615E-02  1.521E-02  1.430E-02  1.340E-02  1.253E-02  1.168E-02  1.086E-02  1.007E-02  9.303E-03  8.569E-03  7.866E-03  7.204E-03  6.522E-03  5.801E-03  5.186E-03  4.663E-03  4.216E-03  3.705E-03  3.271E-03  2.865E-03  2.513E-03  2.150E-03  1.847E-03  1.587E-03  1.364E-03  1.139E-03  9.410E-04  7.777E-04  6.437E-04  5.336E-04  4.278E-04  3.504E-04  2.788E-04  2.233E-04  1.788E-04  1.402E-04  1.093E-04  8.462E-05  6.483E-05  4.921E-05  3.619E-05  2.641E-05  1.917E-05  1.327E-05  9.195E-06  6.010E-06  3.712E-06  2.076E-06  9.567E-07  3.162E-07  5.093E-08
  341.5000  2.445E-02  2.345E-02  2.246E-02  2.148E-02  2.052E-02  1.957E-02  1.863E-02  1.771E-02  1.681E-02  1.591E-02  1.504E-02  1.419E-02  1.335E-02  1.253E-02  1.173E-02  1.095E-02  1.020E-02  9.468E-03  8.762E-03  8.083E-03  7.431E-03  6.816E-03  6.179E-03  5.502E-03  4.926E-03  4.435E-03  4.016E-03  3.533E-03  3.123E-03  2.738E-03  2.404E-03  2.058E-03  1.768E-03  1.520E-03  1.307E-03  1.091E-03  9.010E-04  7.440E-04  6.154E-04  5.098E-04  4.082E-04  3.341E-04  2.654E-04  2.125E-04  1.700E-04  1.332E-04  1.039E-04  8.040E-05  6.165E-05  4.684E-05  3.450E-05  2.521E-05  1.834E-05  1.272E-05  8.858E-06  5.828E-06  3.645E-06  2.083E-06  9.940E-07  3.441E-07  5.826E-08
  342.5000  2.729E-02  2.618E-02  2.508E-02  2.399E-02  2.291E-02  2.186E-02  2.082E-02  1.979E-02  1.879E-02  1.779E-02  1.682E-02  1.587E-02  1.493E-02  1.402E-02  1.313E-02  1.226E-02  1.142E-02  1.060E-02  9.816E-03  9.057E-03  8.329E-03  7.642E-03  6.929E-03  6.171E-03  5.525E-03  4.976E-03  4.507E-03  3.965E-03  3.506E-03  3.073E-03  2.699E-03  2.311E-03  1.985E-03  1.707E-03  1.467E-03  1.225E-03  1.011E-03  8.346E-04  6.901E-04  5.715E-04  4.574E-04  3.742E-04  2.972E-04  2.378E-04  1.902E-04  1.490E-04  1.162E-04  8.995E-05  6.898E-05  5.243E-05  3.862E-05  2.824E-05  2.055E-05  1.427E-05  9.946E-06  6.555E-06  4.112E-06  2.363E-06  1.139E-06  4.004E-07  6.928E-08
  343.5000  2.801E-02  2.686E-02  2.572E-02  2.460E-02  2.349E-02  2.240E-02  2.132E-02  2.027E-02  1.923E-02  1.820E-02  1.720E-02  1.622E-02  1.526E-02  1.432E-02  1.341E-02  1.251E-02  1.164E-02  1.081E-02  9.997E-03  9.219E-03  8.472E-03  7.768E-03  7.040E-03  6.266E-03  5.607E-03  5.046E-03  4.567E-03  4.016E-03  3.549E-03  3.109E-03  2.729E-03  2.336E-03  2.006E-03  1.724E-03  1.482E-03  1.237E-03  1.021E-03  8.425E-04  6.966E-04  5.769E-04  4.618E-04  3.778E-04  3.001E-04  2.402E-04  1.921E-04  1.505E-04  1.174E-04  9.085E-05  6.966E-05  5.293E-05  3.899E-05  2.849E-05  2.073E-05  1.439E-05  1.002E-05  6.593E-06  4.126E-06  2.361E-06  1.132E-06  3.957E-07  6.867E-08
  344.5000  1.937E-02  1.857E-02  1.778E-02  1.699E-02  1.622E-02  1.546E-02  1.472E-02  1.398E-02  1.326E-02  1.254E-02  1.185E-02  1.117E-02  1.050E-02  9.849E-03  9.214E-03  8.594E-03  7.995E-03  7.414E-03  6.855E-03  6.317E-03  5.802E-03  5.316E-03  4.814E-03  4.283E-03  3.830E-03  3.445E-03  3.116E-03  2.738E-03  2.418E-03  2.117E-03  1.857E-03  1.589E-03  1.364E-03  1.172E-03  1.007E-03  8.403E-04  6.936E-04  5.726E-04  4.735E-04  3.921E-04  3.139E-04  2.569E-04  2.041E-04  1.634E-04  1.307E-04  1.024E-04  7.984E-05  6.180E-05  4.738E-05  3.599E-05  2.650E-05  1.936E-05  1.408E-05  9.768E-06  6.794E-06  4.464E-06  2.785E-06  1.586E-06  7.546E-07  2.619E-07  4.547E-08
  345.5000  2.753E-02  2.641E-02  2.531E-02  2.421E-02  2.314E-02  2.208E-02  2.103E-02  2.000E-02  1.899E-02  1.799E-02  1.701E-02  1.606E-02  1.512E-02  1.420E-02  1.330E-02  1.242E-02  1.157E-02  1.075E-02  9.954E-03  9.188E-03  8.452E-03  7.756E-03  7.035E-03  6.266E-03  5.611E-03  5.054E-03  4.579E-03  4.028E-03  3.562E-03  3.123E-03  2.742E-03  2.348E-03  2.017E-03  1.734E-03  1.491E-03  1.243E-03  1.025E-03  8.460E-04  6.991E-04  5.786E-04  4.626E-04  3.782E-04  3.001E-04  2.400E-04  1.918E-04  1.502E-04  1.171E-04  9.065E-05  6.954E-05  5.288E-05  3.899E-05  2.852E-05  2.078E-05  1.445E-05  1.010E-05  6.677E-06  4.214E-06  2.448E-06  1.204E-06  4.367E-07  7.953E-08
  346.5000  2.522E-02  2.418E-02  2.316E-02  2.214E-02  2.115E-02  2.016E-02  1.920E-02  1.824E-02  1.731E-02  1.639E-02  1.548E-02  1.460E-02  1.373E-02  1.289E-02  1.206E-02  1.126E-02  1.048E-02  9.723E-03  8.993E-03  8.292E-03  7.620E-03  6.985E-03  6.329E-03  5.633E-03  5.039E-03  4.534E-03  4.102E-03  3.606E-03  3.186E-03  2.790E-03  2.448E-03  2.094E-03  1.798E-03  1.545E-03  1.327E-03  1.107E-03  9.134E-04  7.536E-04  6.228E-04  5.155E-04  4.124E-04  3.372E-04  2.677E-04  2.142E-04  1.713E-04  1.341E-04  1.046E-04  8.094E-05  6.207E-05  4.718E-05  3.477E-05  2.542E-05  1.851E-05  1.286E-05  8.964E-06  5.910E-06  3.710E-06  2.137E-06  1.037E-06  3.706E-07  6.706E-08
  347.5000  2.472E-02  2.370E-02  2.270E-02  2.171E-02  2.073E-02  1.977E-02  1.882E-02  1.789E-02  1.698E-02  1.607E-02  1.519E-02  1.432E-02  1.347E-02  1.265E-02  1.184E-02  1.105E-02  1.028E-02  9.543E-03  8.827E-03  8.140E-03  7.480E-03  6.858E-03  6.214E-03  5.530E-03  4.947E-03  4.451E-03  4.028E-03  3.540E-03  3.127E-03  2.739E-03  2.403E-03  2.056E-03  1.765E-03  1.516E-03  1.303E-03  1.086E-03  8.959E-04  7.390E-04  6.106E-04  5.053E-04  4.041E-04  3.304E-04  2.622E-04  2.097E-04  1.677E-04  1.313E-04  1.023E-04  7.922E-05  6.075E-05  4.619E-05  3.404E-05  2.490E-05  1.813E-05  1.260E-05  8.792E-06  5.802E-06  3.650E-06  2.109E-06  1.030E-06  3.718E-07  6.839E-08
  348.5000  2.740E-02  2.628E-02  2.517E-02  2.408E-02  2.300E-02  2.194E-02  2.089E-02  1.986E-02  1.885E-02  1.785E-02  1.687E-02  1.592E-02  1.498E-02  1.406E-02  1.317E-02  1.229E-02  1.144E-02  1.062E-02  9.830E-03  9.067E-03  8.335E-03  7.644E-03  6.928E-03  6.167E-03  5.518E-03  4.966E-03  4.495E-03  3.952E-03  3.492E-03  3.059E-03  2.684E-03  2.296E-03  1.972E-03  1.694E-03  1.455E-03  1.213E-03  1.000E-03  8.248E-04  6.813E-04  5.636E-04  4.505E-04  3.682E-04  2.921E-04  2.335E-04  1.867E-04  1.461E-04  1.139E-04  8.816E-05  6.762E-05  5.142E-05  3.792E-05  2.775E-05  2.022E-05  1.406E-05  9.822E-06  6.493E-06  4.098E-06  2.382E-06  1.175E-06  4.308E-07  8.093E-08
  349.5000  2.295E-02  2.201E-02  2.109E-02  2.017E-02  1.926E-02  1.837E-02  1.750E-02  1.663E-02  1.579E-02  1.495E-02  1.413E-02  1.333E-02  1.254E-02  1.177E-02  1.102E-02  1.029E-02  9.580E-03  8.891E-03  8.227E-03  7.588E-03  6.975E-03  6.395E-03  5.796E-03  5.159E-03  4.615E-03  4.153E-03  3.759E-03  3.304E-03  2.919E-03  2.556E-03  2.243E-03  1.918E-03  1.647E-03  1.415E-03  1.215E-03  1.013E-03  8.349E-04  6.884E-04  5.684E-04  4.702E-04  3.757E-04  3.071E-04  2.435E-04  1.947E-04  1.556E-04  1.218E-04  9.491E-05  7.347E-05  5.635E-05  4.286E-05  3.161E-05  2.313E-05  1.685E-05  1.172E-05  8.192E-06  5.418E-06  3.422E-06  1.993E-06  9.858E-07  3.637E-07  6.919E-08
  350.5000  3.221E-02  3.090E-02  2.960E-02  2.831E-02  2.704E-02  2.580E-02  2.457E-02  2.336E-02  2.217E-02  2.099E-02  1.984E-02  1.872E-02  1.761E-02  1.653E-02  1.548E-02  1.445E-02  1.346E-02  1.249E-02  1.156E-02  1.066E-02  9.799E-03  8.986E-03  8.143E-03  7.248E-03  6.484E-03  5.835E-03  5.281E-03  4.641E-03  4.100E-03  3.591E-03  3.150E-03  2.695E-03  2.313E-03  1.987E-03  1.707E-03  1.422E-03  1.172E-03  9.659E-04  7.974E-04  6.594E-04  5.268E-04  4.304E-04  3.413E-04  2.728E-04  2.179E-04  1.706E-04  1.329E-04  1.029E-04  7.893E-05  6.003E-05  4.428E-05  3.241E-05  2.363E-05  1.644E-05  1.149E-05  7.607E-06  4.812E-06  2.810E-06  1.398E-06  5.203E-07  1.005E-07
  351.5000  2.770E-02  2.657E-02  2.545E-02  2.434E-02  2.325E-02  2.217E-02  2.111E-02  2.007E-02  1.905E-02  1.803E-02  1.705E-02  1.608E-02  1.513E-02  1.420E-02  1.329E-02  1.241E-02  1.155E-02  1.072E-02  9.918E-03  9.146E-03  8.405E-03  7.706E-03  6.982E-03  6.213E-03  5.557E-03  5.000E-03  4.524E-03  3.975E-03  3.511E-03  3.074E-03  2.696E-03  2.306E-03  1.979E-03  1.699E-03  1.459E-03  1.216E-03  1.002E-03  8.255E-04  6.814E-04  5.634E-04  4.500E-04  3.676E-04  2.915E-04  2.329E-04  1.861E-04  1.456E-04  1.135E-04  8.783E-05  6.737E-05  5.124E-05  3.780E-05  2.767E-05  2.017E-05  1.404E-05  9.814E-06  6.496E-06  4.110E-06  2.402E-06  1.197E-06  4.472E-07  8.730E-08
  352.5000  2.506E-02  2.404E-02  2.303E-02  2.202E-02  2.104E-02  2.007E-02  1.911E-02  1.817E-02  1.724E-02  1.633E-02  1.543E-02  1.456E-02  1.370E-02  1.286E-02  1.204E-02  1.124E-02  1.046E-02  9.712E-03  8.985E-03  8.287E-03  7.616E-03  6.983E-03  6.328E-03  5.631E-03  5.037E-03  4.531E-03  4.100E-03  3.603E-03  3.182E-03  2.786E-03  2.444E-03  2.089E-03  1.793E-03  1.539E-03  1.322E-03  1.101E-03  9.071E-04  7.474E-04  6.168E-04  5.098E-04  4.071E-04  3.325E-04  2.635E-04  2.106E-04  1.682E-04  1.316E-04  1.025E-04  7.936E-05  6.087E-05  4.631E-05  3.417E-05  2.502E-05  1.824E-05  1.270E-05  8.885E-06  5.886E-06  3.731E-06  2.187E-06  1.096E-06  4.135E-07  8.196E-08
  353.5000  3.030E-02  2.907E-02  2.785E-02  2.664E-02  2.545E-02  2.428E-02  2.313E-02  2.199E-02  2.087E-02  1.977E-02  1.869E-02  1.763E-02  1.659E-02  1.558E-02  1.459E-02  1.362E-02  1.268E-02  1.177E-02  1.089E-02  1.005E-02  9.235E-03  8.469E-03  7.675E-03  6.830E-03  6.110E-03  5.498E-03  4.975E-03  4.372E-03  3.861E-03  3.381E-03  2.965E-03  2.535E-03  2.175E-03  1.868E-03  1.604E-03  1.336E-03  1.100E-03  9.062E-04  7.477E-04  6.179E-04  4.932E-04  4.027E-04  3.191E-04  2.549E-04  2.035E-04  1.592E-04  1.240E-04  9.600E-05  7.365E-05  5.603E-05  4.136E-05  3.029E-05  2.209E-05  1.539E-05  1.077E-05  7.145E-06  4.538E-06  2.671E-06  1.347E-06  5.138E-07  1.035E-07
  354.5000  3.293E-02  3.159E-02  3.027E-02  2.895E-02  2.767E-02  2.639E-02  2.514E-02  2.391E-02  2.269E-02  2.149E-02  2.032E-02  1.917E-02  1.805E-02  1.695E-02  1.587E-02  1.482E-02  1.380E-02  1.281E-02  1.186E-02  1.094E-02  1.006E-02  9.223E-03  8.359E-03  7.440E-03  6.656E-03  5.989E-03  5.420E-03  4.763E-03  4.207E-03  3.683E-03  3.231E-03  2.762E-03  2.370E-03  2.035E-03  1.747E-03  1.455E-03  1.198E-03  9.865E-04  8.137E-04  6.723E-04  5.365E-04  4.379E-04  3.468E-04  2.770E-04  2.211E-04  1.729E-04  1.347E-04  1.043E-04  7.999E-05  6.087E-05  4.494E-05  3.292E-05  2.402E-05  1.674E-05  1.173E-05  7.785E-06  4.954E-06  2.925E-06  1.485E-06  5.718E-07  1.170E-07
  355.5000  3.080E-02  2.955E-02  2.831E-02  2.708E-02  2.588E-02  2.469E-02  2.352E-02  2.236E-02  2.123E-02  2.011E-02  1.901E-02  1.794E-02  1.688E-02  1.585E-02  1.485E-02  1.386E-02  1.291E-02  1.199E-02  1.109E-02  1.023E-02  9.406E-03  8.626E-03  7.818E-03  6.958E-03  6.224E-03  5.600E-03  5.068E-03  4.453E-03  3.932E-03  3.443E-03  3.020E-03  2.581E-03  2.214E-03  1.901E-03  1.632E-03  1.359E-03  1.119E-03  9.209E-04  7.594E-04  6.273E-04  5.005E-04  4.084E-04  3.234E-04  2.582E-04  2.061E-04  1.612E-04  1.255E-04  9.717E-05  7.455E-05  5.673E-05  4.189E-05  3.069E-05  2.240E-05  1.561E-05  1.094E-05  7.267E-06  4.630E-06  2.739E-06  1.396E-06  5.412E-07  1.122E-07
  356.5000  2.859E-02  2.743E-02  2.628E-02  2.514E-02  2.402E-02  2.292E-02  2.183E-02  2.076E-02  1.971E-02  1.867E-02  1.765E-02  1.665E-02  1.567E-02  1.471E-02  1.378E-02  1.287E-02  1.198E-02  1.112E-02  1.029E-02  9.495E-03  8.728E-03  8.004E-03  7.253E-03  6.455E-03  5.774E-03  5.194E-03  4.700E-03  4.129E-03  3.646E-03  3.192E-03  2.799E-03  2.392E-03  2.052E-03  1.761E-03  1.512E-03  1.259E-03  1.036E-03  8.526E-04  7.030E-04  5.806E-04  4.630E-04  3.778E-04  2.991E-04  2.388E-04  1.906E-04  1.490E-04  1.160E-04  8.981E-05  6.891E-05  5.244E-05  3.873E-05  2.838E-05  2.071E-05  1.444E-05  1.012E-05  6.727E-06  4.289E-06  2.542E-06  1.299E-06  5.070E-07  1.064E-07
  357.5000  2.431E-02  2.332E-02  2.235E-02  2.138E-02  2.043E-02  1.949E-02  1.856E-02  1.765E-02  1.675E-02  1.587E-02  1.500E-02  1.415E-02  1.332E-02  1.251E-02  1.171E-02  1.094E-02  1.018E-02  9.453E-03  8.747E-03  8.068E-03  7.416E-03  6.799E-03  6.161E-03  5.483E-03  4.903E-03  4.411E-03  3.990E-03  3.505E-03  3.095E-03  2.709E-03  2.375E-03  2.029E-03  1.741E-03  1.494E-03  1.282E-03  1.067E-03  8.780E-04  7.226E-04  5.956E-04  4.918E-04  3.922E-04  3.199E-04  2.532E-04  2.021E-04  1.613E-04  1.261E-04  9.819E-05  7.599E-05  5.830E-05  4.437E-05  3.277E-05  2.402E-05  1.753E-05  1.222E-05  8.573E-06  5.699E-06  3.636E-06  2.158E-06  1.107E-06  4.342E-07  9.216E-08
  358.5000  1.880E-02  1.804E-02  1.728E-02  1.654E-02  1.580E-02  1.507E-02  1.436E-02  1.365E-02  1.296E-02  1.228E-02  1.161E-02  1.095E-02  1.031E-02  9.680E-03  9.066E-03  8.464E-03  7.882E-03  7.317E-03  6.771E-03  6.246E-03  5.741E-03  5.264E-03  4.770E-03  4.245E-03  3.796E-03  3.415E-03  3.089E-03  2.714E-03  2.396E-03  2.097E-03  1.838E-03  1.571E-03  1.347E-03  1.156E-03  9.916E-04  8.257E-04  6.791E-04  5.588E-04  4.605E-04  3.801E-04  3.030E-04  2.471E-04  1.956E-04  1.561E-04  1.245E-04  9.732E-05  7.578E-05  5.864E-05  4.500E-05  3.425E-05  2.530E-05  1.855E-05  1.354E-05  9.444E-06  6.627E-06  4.408E-06  2.816E-06  1.676E-06  8.631E-07  3.414E-07  7.343E-08
  359.5000  3.166E-02  3.038E-02  2.911E-02  2.785E-02  2.661E-02  2.538E-02  2.418E-02  2.299E-02  2.183E-02  2.067E-02  1.955E-02  1.844E-02  1.736E-02  1.630E-02  1.526E-02  1.425E-02  1.327E-02  1.232E-02  1.140E-02  1.052E-02  9.665E-03  8.862E-03  8.030E-03  7.145E-03  6.389E-03  5.747E-03  5.198E-03  4.566E-03  4.030E-03  3.527E-03  3.092E-03  2.641E-03  2.265E-03  1.943E-03  1.667E-03  1.388E-03  1.141E-03  9.387E-04  7.734E-04  6.383E-04  5.087E-04  4.148E-04  3.282E-04  2.618E-04  2.088E-04  1.632E-04  1.271E-04  9.835E-05  7.546E-05  5.744E-05  4.244E-05  3.111E-05  2.272E-05  1.585E-05  1.112E-05  7.403E-06  4.734E-06  2.822E-06  1.458E-06  5.802E-07  1.263E-07
  360.5000  2.937E-02  2.818E-02  2.700E-02  2.583E-02  2.468E-02  2.355E-02  2.243E-02  2.133E-02  2.025E-02  1.918E-02  1.813E-02  1.711E-02  1.610E-02  1.512E-02  1.416E-02  1.322E-02  1.231E-02  1.143E-02  1.058E-02  9.754E-03  8.965E-03  8.219E-03  7.447E-03  6.626E-03  5.925E-03  5.329E-03  4.820E-03  4.233E-03  3.736E-03  3.269E-03  2.865E-03  2.448E-03  2.098E-03  1.800E-03  1.544E-03  1.285E-03  1.056E-03  8.689E-04  7.158E-04  5.906E-04  4.706E-04  3.836E-04  3.035E-04  2.421E-04  1.930E-04  1.508E-04  1.174E-04  9.088E-05  6.973E-05  5.308E-05  3.922E-05  2.876E-05  2.101E-05  1.466E-05  1.029E-05  6.851E-06  4.385E-06  2.618E-06  1.358E-06  5.437E-07  1.197E-07
  361.5000  2.652E-02  2.545E-02  2.438E-02  2.333E-02  2.229E-02  2.127E-02  2.026E-02  1.927E-02  1.829E-02  1.733E-02  1.638E-02  1.546E-02  1.455E-02  1.366E-02  1.279E-02  1.195E-02  1.112E-02  1.033E-02  9.556E-03  8.814E-03  8.101E-03  7.428E-03  6.730E-03  5.988E-03  5.354E-03  4.815E-03  4.355E-03  3.824E-03  3.375E-03  2.953E-03  2.588E-03  2.211E-03  1.895E-03  1.626E-03  1.395E-03  1.160E-03  9.535E-04  7.840E-04  6.457E-04  5.327E-04  4.243E-04  3.458E-04  2.735E-04  2.181E-04  1.739E-04  1.359E-04  1.058E-04  8.184E-05  6.280E-05  4.781E-05  3.533E-05  2.591E-05  1.893E-05  1.321E-05  9.281E-06  6.182E-06  3.962E-06  2.370E-06  1.234E-06  4.977E-07  1.110E-07
  362.5000  3.118E-02  2.992E-02  2.867E-02  2.743E-02  2.621E-02  2.501E-02  2.382E-02  2.266E-02  2.151E-02  2.037E-02  1.926E-02  1.818E-02  1.711E-02  1.607E-02  1.505E-02  1.405E-02  1.308E-02  1.215E-02  1.124E-02  1.037E-02  9.527E-03  8.735E-03  7.914E-03  7.041E-03  6.296E-03  5.662E-03  5.120E-03  4.496E-03  3.968E-03  3.471E-03  3.042E-03  2.598E-03  2.227E-03  1.910E-03  1.638E-03  1.363E-03  1.120E-03  9.205E-04  7.579E-04  6.251E-04  4.978E-04  4.057E-04  3.207E-04  2.557E-04  2.039E-04  1.592E-04  1.239E-04  9.590E-05  7.359E-05  5.603E-05  4.142E-05  3.037E-05  2.220E-05  1.550E-05  1.089E-05  7.257E-06  4.655E-06  2.790E-06  1.458E-06  5.918E-07  1.335E-07
  363.5000  2.776E-02  2.664E-02  2.552E-02  2.442E-02  2.334E-02  2.227E-02  2.121E-02  2.017E-02  1.915E-02  1.814E-02  1.715E-02  1.618E-02  1.523E-02  1.430E-02  1.340E-02  1.251E-02  1.165E-02  1.081E-02  1.001E-02  9.228E-03  8.481E-03  7.776E-03  7.045E-03  6.267E-03  5.604E-03  5.039E-03  4.557E-03  4.001E-03  3.530E-03  3.088E-03  2.706E-03  2.311E-03  1.980E-03  1.698E-03  1.456E-03  1.211E-03  9.950E-04  8.178E-04  6.732E-04  5.552E-04  4.420E-04  3.601E-04  2.846E-04  2.269E-04  1.808E-04  1.413E-04  1.099E-04  8.505E-05  6.526E-05  4.970E-05  3.674E-05  2.695E-05  1.969E-05  1.375E-05  9.667E-06  6.445E-06  4.138E-06  2.485E-06  1.303E-06  5.319E-07  1.214E-07
  364.5000  3.029E-02  2.906E-02  2.785E-02  2.665E-02  2.546E-02  2.429E-02  2.314E-02  2.201E-02  2.089E-02  1.979E-02  1.871E-02  1.766E-02  1.662E-02  1.561E-02  1.461E-02  1.365E-02  1.271E-02  1.180E-02  1.091E-02  1.007E-02  9.250E-03  8.480E-03  7.683E-03  6.834E-03  6.110E-03  5.493E-03  4.967E-03  4.360E-03  3.847E-03  3.365E-03  2.948E-03  2.517E-03  2.157E-03  1.849E-03  1.585E-03  1.319E-03  1.083E-03  8.899E-04  7.325E-04  6.039E-04  4.807E-04  3.915E-04  3.094E-04  2.466E-04  1.965E-04  1.535E-04  1.194E-04  9.239E-05  7.089E-05  5.399E-05  3.991E-05  2.928E-05  2.140E-05  1.495E-05  1.051E-05  7.010E-06  4.504E-06  2.709E-06  1.424E-06  5.846E-07  1.348E-07
  365.5000  3.691E-02  3.541E-02  3.393E-02  3.247E-02  3.102E-02  2.960E-02  2.820E-02  2.682E-02  2.545E-02  2.411E-02  2.280E-02  2.151E-02  2.025E-02  1.901E-02  1.780E-02  1.662E-02  1.548E-02  1.437E-02  1.329E-02  1.226E-02  1.126E-02  1.033E-02  9.354E-03  8.321E-03  7.437E-03  6.686E-03  6.045E-03  5.306E-03  4.680E-03  4.093E-03  3.585E-03  3.061E-03  2.622E-03  2.248E-03  1.927E-03  1.602E-03  1.316E-03  1.081E-03  8.896E-04  7.333E-04  5.835E-04  4.752E-04  3.754E-04  2.992E-04  2.384E-04  1.861E-04  1.448E-04  1.120E-04  8.597E-05  6.547E-05  4.841E-05  3.552E-05  2.597E-05  1.814E-05  1.276E-05  8.510E-06  5.471E-06  3.295E-06  1.737E-06  7.166E-07  1.670E-07
  366.5000  3.911E-02  3.752E-02  3.595E-02  3.440E-02  3.287E-02  3.136E-02  2.988E-02  2.841E-02  2.697E-02  2.555E-02  2.416E-02  2.279E-02  2.146E-02  2.015E-02  1.887E-02  1.761E-02  1.640E-02  1.523E-02  1.409E-02  1.299E-02  1.194E-02  1.094E-02  9.912E-03  8.817E-03  7.881E-03  7.084E-03  6.404E-03  5.621E-03  4.958E-03  4.335E-03  3.797E-03  3.241E-03  2.776E-03  2.380E-03  2.040E-03  1.696E-03  1.392E-03  1.144E-03  9.408E-04  7.753E-04  6.169E-04  5.022E-04  3.967E-04  3.161E-04  2.518E-04  1.966E-04  1.529E-04  1.183E-04  9.077E-05  6.913E-05  5.112E-05  3.751E-05  2.743E-05  1.917E-05  1.348E-05  9.000E-06  5.791E-06  3.493E-06  1.848E-06  7.670E-07  1.807E-07
  367.5000  3.717E-02  3.567E-02  3.418E-02  3.270E-02  3.125E-02  2.982E-02  2.840E-02  2.701E-02  2.564E-02  2.429E-02  2.297E-02  2.167E-02  2.040E-02  1.915E-02  1.794E-02  1.675E-02  1.559E-02  1.448E-02  1.339E-02  1.235E-02  1.135E-02  1.040E-02  9.424E-03  8.382E-03  7.492E-03  6.734E-03  6.087E-03  5.342E-03  4.712E-03  4.120E-03  3.608E-03  3.079E-03  2.637E-03  2.260E-03  1.936E-03  1.611E-03  1.322E-03  1.085E-03  8.928E-04  7.356E-04  5.851E-04  4.762E-04  3.761E-04  2.996E-04  2.386E-04  1.863E-04  1.449E-04  1.121E-04  8.600E-05  6.550E-05  4.844E-05  3.555E-05  2.600E-05  1.817E-05  1.279E-05  8.539E-06  5.500E-06  3.323E-06  1.764E-06  7.364E-07  1.754E-07
  368.5000  3.267E-02  3.135E-02  3.004E-02  2.874E-02  2.746E-02  2.621E-02  2.497E-02  2.374E-02  2.254E-02  2.135E-02  2.019E-02  1.905E-02  1.793E-02  1.683E-02  1.577E-02  1.472E-02  1.371E-02  1.272E-02  1.177E-02  1.085E-02  9.974E-03  9.142E-03  8.281E-03  7.365E-03  6.582E-03  5.916E-03  5.347E-03  4.692E-03  4.138E-03  3.617E-03  3.167E-03  2.703E-03  2.315E-03  1.983E-03  1.699E-03  1.413E-03  1.159E-03  9.518E-04  7.827E-04  6.447E-04  5.127E-04  4.172E-04  3.294E-04  2.624E-04  2.089E-04  1.630E-04  1.268E-04  9.810E-05  7.527E-05  5.733E-05  4.241E-05  3.113E-05  2.277E-05  1.591E-05  1.120E-05  7.484E-06  4.824E-06  2.919E-06  1.553E-06  6.520E-07  1.570E-07
  369.5000  3.921E-02  3.762E-02  3.605E-02  3.449E-02  3.296E-02  3.145E-02  2.996E-02  2.850E-02  2.705E-02  2.563E-02  2.423E-02  2.286E-02  2.152E-02  2.021E-02  1.892E-02  1.767E-02  1.645E-02  1.527E-02  1.413E-02  1.303E-02  1.197E-02  1.097E-02  9.936E-03  8.836E-03  7.897E-03  7.096E-03  6.413E-03  5.627E-03  4.962E-03  4.337E-03  3.797E-03  3.240E-03  2.774E-03  2.377E-03  2.035E-03  1.692E-03  1.388E-03  1.140E-03  9.370E-04  7.717E-04  6.135E-04  4.992E-04  3.940E-04  3.138E-04  2.498E-04  1.949E-04  1.516E-04  1.173E-04  8.997E-05  6.853E-05  5.070E-05  3.721E-05  2.722E-05  1.903E-05  1.340E-05  8.957E-06  5.777E-06  3.501E-06  1.868E-06  7.884E-07  1.918E-07
  370.5000  3.559E-02  3.415E-02  3.272E-02  3.131E-02  2.992E-02  2.855E-02  2.720E-02  2.587E-02  2.456E-02  2.326E-02  2.199E-02  2.075E-02  1.953E-02  1.834E-02  1.717E-02  1.603E-02  1.493E-02  1.386E-02  1.282E-02  1.182E-02  1.086E-02  9.955E-03  9.016E-03  8.018E-03  7.165E-03  6.438E-03  5.818E-03  5.104E-03  4.500E-03  3.933E-03  3.443E-03  2.937E-03  2.514E-03  2.154E-03  1.844E-03  1.533E-03  1.258E-03  1.032E-03  8.484E-04  6.985E-04  5.552E-04  4.516E-04  3.564E-04  2.838E-04  2.259E-04  1.762E-04  1.370E-04  1.060E-04  8.132E-05  6.194E-05  4.583E-05  3.365E-05  2.462E-05  1.722E-05  1.212E-05  8.106E-06  5.232E-06  3.175E-06  1.699E-06  7.207E-07  1.771E-07
  371.5000  4.075E-02  3.910E-02  3.747E-02  3.585E-02  3.426E-02  3.269E-02  3.114E-02  2.962E-02  2.812E-02  2.663E-02  2.518E-02  2.376E-02  2.236E-02  2.100E-02  1.966E-02  1.836E-02  1.709E-02  1.587E-02  1.468E-02  1.353E-02  1.244E-02  1.140E-02  1.032E-02  9.178E-03  8.201E-03  7.368E-03  6.658E-03  5.840E-03  5.148E-03  4.499E-03  3.938E-03  3.359E-03  2.875E-03  2.463E-03  2.109E-03  1.752E-03  1.437E-03  1.179E-03  9.690E-04  7.977E-04  6.339E-04  5.155E-04  4.067E-04  3.238E-04  2.576E-04  2.010E-04  1.563E-04  1.209E-04  9.273E-05  7.064E-05  5.227E-05  3.838E-05  2.809E-05  1.964E-05  1.384E-05  9.255E-06  5.979E-06  3.633E-06  1.950E-06  8.313E-07  2.063E-07
  372.5000  3.012E-02  2.890E-02  2.769E-02  2.650E-02  2.532E-02  2.416E-02  2.302E-02  2.189E-02  2.078E-02  1.969E-02  1.861E-02  1.756E-02  1.653E-02  1.552E-02  1.454E-02  1.357E-02  1.264E-02  1.173E-02  1.085E-02  1.000E-02  9.191E-03  8.422E-03  7.628E-03  6.783E-03  6.060E-03  5.444E-03  4.919E-03  4.315E-03  3.803E-03  3.323E-03  2.908E-03  2.480E-03  2.123E-03  1.818E-03  1.557E-03  1.293E-03  1.060E-03  8.696E-04  7.145E-04  5.881E-04  4.672E-04  3.799E-04  2.997E-04  2.385E-04  1.897E-04  1.480E-04  1.151E-04  8.898E-05  6.827E-05  5.201E-05  3.849E-05  2.826E-05  2.069E-05  1.447E-05  1.020E-05  6.822E-06  4.410E-06  2.684E-06  1.444E-06  6.190E-07  1.551E-07
  373.5000  2.723E-02  2.613E-02  2.504E-02  2.396E-02  2.290E-02  2.185E-02  2.081E-02  1.979E-02  1.879E-02  1.780E-02  1.683E-02  1.588E-02  1.495E-02  1.403E-02  1.314E-02  1.227E-02  1.142E-02  1.060E-02  9.808E-03  9.043E-03  8.308E-03  7.613E-03  6.894E-03  6.130E-03  5.476E-03  4.919E-03  4.444E-03  3.898E-03  3.435E-03  3.001E-03  2.626E-03  2.239E-03  1.916E-03  1.641E-03  1.405E-03  1.167E-03  9.564E-04  7.843E-04  6.443E-04  5.302E-04  4.211E-04  3.423E-04  2.700E-04  2.148E-04  1.709E-04  1.333E-04  1.036E-04  8.010E-05  6.146E-05  4.682E-05  3.465E-05  2.545E-05  1.863E-05  1.304E-05  9.187E-06  6.149E-06  3.977E-06  2.424E-06  1.307E-06  5.630E-07  1.425E-07
  374.5000  2.990E-02  2.869E-02  2.749E-02  2.631E-02  2.514E-02  2.399E-02  2.285E-02  2.173E-02  2.063E-02  1.954E-02  1.848E-02  1.743E-02  1.641E-02  1.541E-02  1.443E-02  1.347E-02  1.254E-02  1.164E-02  1.077E-02  9.927E-03  9.119E-03  8.356E-03  7.567E-03  6.727E-03  6.010E-03  5.398E-03  4.876E-03  4.276E-03  3.768E-03  3.291E-03  2.879E-03  2.455E-03  2.101E-03  1.799E-03  1.539E-03  1.278E-03  1.048E-03  8.591E-04  7.055E-04  5.804E-04  4.609E-04  3.746E-04  2.953E-04  2.350E-04  1.869E-04  1.457E-04  1.133E-04  8.757E-05  6.719E-05  5.119E-05  3.789E-05  2.783E-05  2.037E-05  1.426E-05  1.005E-05  6.730E-06  4.356E-06  2.658E-06  1.437E-06  6.219E-07  1.588E-07
  375.5000  3.376E-02  3.239E-02  3.104E-02  2.970E-02  2.838E-02  2.708E-02  2.580E-02  2.454E-02  2.329E-02  2.207E-02  2.086E-02  1.968E-02  1.853E-02  1.740E-02  1.629E-02  1.521E-02  1.416E-02  1.314E-02  1.216E-02  1.121E-02  1.030E-02  9.433E-03  8.542E-03  7.594E-03  6.784E-03  6.093E-03  5.503E-03  4.825E-03  4.251E-03  3.713E-03  3.248E-03  2.769E-03  2.369E-03  2.028E-03  1.736E-03  1.441E-03  1.181E-03  9.678E-04  7.947E-04  6.537E-04  5.189E-04  4.216E-04  3.324E-04  2.644E-04  2.102E-04  1.639E-04  1.274E-04  9.848E-05  7.555E-05  5.756E-05  4.261E-05  3.130E-05  2.292E-05  1.604E-05  1.131E-05  7.577E-06  4.908E-06  2.998E-06  1.626E-06  7.069E-07  1.823E-07
  376.5000  3.373E-02  3.236E-02  3.101E-02  2.968E-02  2.836E-02  2.706E-02  2.578E-02  2.452E-02  2.328E-02  2.205E-02  2.085E-02  1.967E-02  1.851E-02  1.738E-02  1.628E-02  1.520E-02  1.415E-02  1.313E-02  1.215E-02  1.120E-02  1.029E-02  9.425E-03  8.534E-03  7.587E-03  6.777E-03  6.085E-03  5.496E-03  4.818E-03  4.245E-03  3.707E-03  3.242E-03  2.764E-03  2.364E-03  2.024E-03  1.732E-03  1.437E-03  1.177E-03  9.649E-04  7.922E-04  6.514E-04  5.170E-04  4.200E-04  3.310E-04  2.632E-04  2.093E-04  1.631E-04  1.268E-04  9.800E-05  7.518E-05  5.728E-05  4.241E-05  3.116E-05  2.282E-05  1.597E-05  1.127E-05  7.549E-06  4.893E-06  2.993E-06  1.627E-06  7.109E-07  1.850E-07
  377.5000  4.019E-02  3.856E-02  3.695E-02  3.536E-02  3.379E-02  3.224E-02  3.072E-02  2.921E-02  2.773E-02  2.627E-02  2.484E-02  2.344E-02  2.206E-02  2.071E-02  1.940E-02  1.811E-02  1.686E-02  1.565E-02  1.447E-02  1.334E-02  1.225E-02  1.123E-02  1.017E-02  9.037E-03  8.071E-03  7.248E-03  6.545E-03  5.737E-03  5.054E-03  4.413E-03  3.859E-03  3.289E-03  2.813E-03  2.408E-03  2.061E-03  1.709E-03  1.400E-03  1.147E-03  9.415E-04  7.741E-04  6.142E-04  4.989E-04  3.931E-04  3.125E-04  2.484E-04  1.936E-04  1.504E-04  1.163E-04  8.921E-05  6.797E-05  5.033E-05  3.698E-05  2.708E-05  1.897E-05  1.338E-05  8.967E-06  5.816E-06  3.562E-06  1.941E-06  8.522E-07  2.239E-07
  378.5000  4.382E-02  4.204E-02  4.029E-02  3.855E-02  3.685E-02  3.516E-02  3.349E-02  3.186E-02  3.024E-02  2.865E-02  2.709E-02  2.556E-02  2.405E-02  2.259E-02  2.115E-02  1.974E-02  1.838E-02  1.706E-02  1.578E-02  1.455E-02  1.336E-02  1.224E-02  1.108E-02  9.851E-03  8.798E-03  7.899E-03  7.132E-03  6.252E-03  5.506E-03  4.807E-03  4.203E-03  3.582E-03  3.063E-03  2.621E-03  2.243E-03  1.860E-03  1.523E-03  1.248E-03  1.024E-03  8.417E-04  6.677E-04  5.422E-04  4.271E-04  3.395E-04  2.698E-04  2.103E-04  1.633E-04  1.263E-04  9.686E-05  7.380E-05  5.465E-05  4.016E-05  2.942E-05  2.060E-05  1.454E-05  9.747E-06  6.326E-06  3.879E-06  2.119E-06  9.344E-07  2.477E-07
  379.5000  3.243E-02  3.112E-02  2.982E-02  2.854E-02  2.727E-02  2.602E-02  2.479E-02  2.358E-02  2.238E-02  2.120E-02  2.005E-02  1.892E-02  1.780E-02  1.672E-02  1.565E-02  1.461E-02  1.360E-02  1.262E-02  1.168E-02  1.076E-02  9.887E-03  9.057E-03  8.200E-03  7.289E-03  6.509E-03  5.843E-03  5.275E-03  4.624E-03  4.071E-03  3.554E-03  3.108E-03  2.647E-03  2.264E-03  1.937E-03  1.657E-03  1.374E-03  1.125E-03  9.214E-04  7.559E-04  6.212E-04  4.927E-04  4.000E-04  3.150E-04  2.504E-04  1.989E-04  1.550E-04  1.204E-04  9.305E-05  7.138E-05  5.439E-05  4.028E-05  2.960E-05  2.169E-05  1.519E-05  1.072E-05  7.191E-06  4.670E-06  2.867E-06  1.570E-06  6.953E-07  1.859E-07
  380.5000  3.902E-02  3.744E-02  3.588E-02  3.434E-02  3.281E-02  3.131E-02  2.983E-02  2.837E-02  2.693E-02  2.551E-02  2.412E-02  2.276E-02  2.142E-02  2.011E-02  1.884E-02  1.758E-02  1.637E-02  1.519E-02  1.405E-02  1.295E-02  1.189E-02  1.090E-02  9.864E-03  8.768E-03  7.829E-03  7.028E-03  6.344E-03  5.560E-03  4.895E-03  4.273E-03  3.735E-03  3.182E-03  2.720E-03  2.327E-03  1.991E-03  1.650E-03  1.351E-03  1.106E-03  9.073E-04  7.455E-04  5.911E-04  4.798E-04  3.778E-04  3.002E-04  2.385E-04  1.858E-04  1.443E-04  1.115E-04  8.553E-05  6.517E-05  4.827E-05  3.548E-05  2.600E-05  1.821E-05  1.286E-05  8.626E-06  5.605E-06  3.445E-06  1.891E-06  8.412E-07  2.270E-07
  381.5000  3.669E-02  3.520E-02  3.374E-02  3.228E-02  3.085E-02  2.944E-02  2.805E-02  2.667E-02  2.532E-02  2.399E-02  2.268E-02  2.140E-02  2.014E-02  1.891E-02  1.771E-02  1.653E-02  1.539E-02  1.428E-02  1.321E-02  1.218E-02  1.118E-02  1.024E-02  9.273E-03  8.242E-03  7.359E-03  6.605E-03  5.962E-03  5.224E-03  4.599E-03  4.014E-03  3.508E-03  2.988E-03  2.554E-03  2.185E-03  1.869E-03  1.549E-03  1.267E-03  1.038E-03  8.509E-04  6.990E-04  5.541E-04  4.497E-04  3.540E-04  2.812E-04  2.234E-04  1.740E-04  1.351E-04  1.044E-04  8.008E-05  6.102E-05  4.520E-05  3.323E-05  2.435E-05  1.706E-05  1.205E-05  8.085E-06  5.257E-06  3.235E-06  1.780E-06  7.952E-07  2.164E-07
  382.5000  2.446E-02  2.347E-02  2.249E-02  2.152E-02  2.057E-02  1.963E-02  1.870E-02  1.778E-02  1.688E-02  1.599E-02  1.512E-02  1.427E-02  1.343E-02  1.261E-02  1.181E-02  1.102E-02  1.026E-02  9.521E-03  8.805E-03  8.116E-03  7.454E-03  6.828E-03  6.180E-03  5.493E-03  4.904E-03  4.402E-03  3.972E-03  3.481E-03  3.064E-03  2.674E-03  2.336E-03  1.990E-03  1.700E-03  1.454E-03  1.244E-03  1.031E-03  8.432E-04  6.902E-04  5.659E-04  4.647E-04  3.683E-04  2.988E-04  2.352E-04  1.868E-04  1.483E-04  1.155E-04  8.970E-05  6.931E-05  5.316E-05  4.051E-05  3.001E-05  2.206E-05  1.617E-05  1.133E-05  8.005E-06  5.373E-06  3.496E-06  2.154E-06  1.187E-06  5.328E-07  1.463E-07
  383.5000  2.149E-02  2.062E-02  1.976E-02  1.891E-02  1.807E-02  1.724E-02  1.643E-02  1.562E-02  1.483E-02  1.405E-02  1.329E-02  1.253E-02  1.180E-02  1.108E-02  1.037E-02  9.682E-03  9.013E-03  8.364E-03  7.735E-03  7.130E-03  6.547E-03  5.997E-03  5.428E-03  4.825E-03  4.307E-03  3.865E-03  3.488E-03  3.056E-03  2.689E-03  2.347E-03  2.050E-03  1.746E-03  1.492E-03  1.276E-03  1.091E-03  9.037E-04  7.392E-04  6.049E-04  4.959E-04  4.072E-04  3.226E-04  2.617E-04  2.059E-04  1.635E-04  1.298E-04  1.011E-04  7.847E-05  6.063E-05  4.650E-05  3.544E-05  2.625E-05  1.930E-05  1.415E-05  9.919E-06  7.007E-06  4.705E-06  3.063E-06  1.889E-06  1.044E-06  4.704E-07  1.302E-07
  384.5000  3.226E-02  3.095E-02  2.967E-02  2.839E-02  2.713E-02  2.589E-02  2.466E-02  2.346E-02  2.227E-02  2.110E-02  1.995E-02  1.882E-02  1.771E-02  1.663E-02  1.557E-02  1.454E-02  1.353E-02  1.256E-02  1.161E-02  1.070E-02  9.830E-03  9.003E-03  8.149E-03  7.242E-03  6.465E-03  5.801E-03  5.234E-03  4.585E-03  4.035E-03  3.520E-03  3.075E-03  2.618E-03  2.237E-03  1.912E-03  1.635E-03  1.354E-03  1.108E-03  9.062E-04  7.427E-04  6.097E-04  4.830E-04  3.916E-04  3.081E-04  2.446E-04  1.942E-04  1.512E-04  1.173E-04  9.065E-05  6.953E-05  5.298E-05  3.926E-05  2.887E-05  2.116E-05  1.484E-05  1.048E-05  7.042E-06  4.586E-06  2.832E-06  1.568E-06  7.097E-07  1.981E-07
  385.5000  3.193E-02  3.064E-02  2.936E-02  2.810E-02  2.685E-02  2.563E-02  2.441E-02  2.322E-02  2.204E-02  2.088E-02  1.975E-02  1.863E-02  1.753E-02  1.646E-02  1.542E-02  1.439E-02  1.340E-02  1.243E-02  1.150E-02  1.059E-02  9.729E-03  8.910E-03  8.065E-03  7.167E-03  6.397E-03  5.740E-03  5.179E-03  4.536E-03  3.991E-03  3.482E-03  3.041E-03  2.588E-03  2.211E-03  1.890E-03  1.616E-03  1.338E-03  1.094E-03  8.950E-04  7.333E-04  6.019E-04  4.767E-04  3.865E-04  3.039E-04  2.413E-04  1.915E-04  1.490E-04  1.157E-04  8.936E-05  6.853E-05  5.223E-05  3.870E-05  2.846E-05  2.087E-05  1.463E-05  1.034E-05  6.948E-06  4.528E-06  2.799E-06  1.553E-06  7.059E-07  1.987E-07
  386.5000  3.256E-02  3.125E-02  2.995E-02  2.866E-02  2.739E-02  2.613E-02  2.490E-02  2.368E-02  2.248E-02  2.130E-02  2.014E-02  1.900E-02  1.788E-02  1.679E-02  1.572E-02  1.468E-02  1.366E-02  1.268E-02  1.172E-02  1.080E-02  9.921E-03  9.086E-03  8.223E-03  7.307E-03  6.522E-03  5.852E-03  5.279E-03  4.623E-03  4.067E-03  3.547E-03  3.098E-03  2.637E-03  2.252E-03  1.925E-03  1.645E-03  1.362E-03  1.114E-03  9.107E-04  7.460E-04  6.122E-04  4.847E-04  3.929E-04  3.089E-04  2.452E-04  1.945E-04  1.514E-04  1.175E-04  9.074E-05  6.960E-05  5.303E-05  3.930E-05  2.891E-05  2.120E-05  1.487E-05  1.051E-05  7.063E-06  4.605E-06  2.850E-06  1.585E-06  7.231E-07  2.052E-07
  387.5000  3.027E-02  2.905E-02  2.784E-02  2.664E-02  2.546E-02  2.430E-02  2.315E-02  2.202E-02  2.090E-02  1.980E-02  1.872E-02  1.767E-02  1.663E-02  1.561E-02  1.462E-02  1.364E-02  1.270E-02  1.179E-02  1.090E-02  1.004E-02  9.223E-03  8.446E-03  7.644E-03  6.793E-03  6.062E-03  5.438E-03  4.905E-03  4.296E-03  3.779E-03  3.295E-03  2.878E-03  2.448E-03  2.091E-03  1.787E-03  1.527E-03  1.264E-03  1.033E-03  8.448E-04  6.919E-04  5.676E-04  4.493E-04  3.641E-04  2.862E-04  2.271E-04  1.802E-04  1.402E-04  1.088E-04  8.402E-05  6.443E-05  4.910E-05  3.639E-05  2.677E-05  1.963E-05  1.377E-05  9.737E-06  6.545E-06  4.270E-06  2.645E-06  1.474E-06  6.753E-07  1.931E-07
  388.5000  3.036E-02  2.913E-02  2.792E-02  2.672E-02  2.553E-02  2.437E-02  2.321E-02  2.208E-02  2.096E-02  1.986E-02  1.878E-02  1.771E-02  1.667E-02  1.565E-02  1.466E-02  1.368E-02  1.274E-02  1.182E-02  1.093E-02  1.007E-02  9.247E-03  8.468E-03  7.664E-03  6.810E-03  6.077E-03  5.451E-03  4.916E-03  4.305E-03  3.786E-03  3.301E-03  2.883E-03  2.452E-03  2.094E-03  1.789E-03  1.529E-03  1.265E-03  1.034E-03  8.452E-04  6.921E-04  5.676E-04  4.492E-04  3.639E-04  2.860E-04  2.269E-04  1.800E-04  1.400E-04  1.086E-04  8.389E-05  6.433E-05  4.903E-05  3.634E-05  2.673E-05  1.960E-05  1.376E-05  9.728E-06  6.541E-06  4.270E-06  2.648E-06  1.479E-06  6.799E-07  1.960E-07
  389.5000  3.830E-02  3.675E-02  3.522E-02  3.370E-02  3.221E-02  3.074E-02  2.929E-02  2.786E-02  2.645E-02  2.505E-02  2.369E-02  2.235E-02  2.104E-02  1.975E-02  1.849E-02  1.726E-02  1.607E-02  1.491E-02  1.379E-02  1.271E-02  1.167E-02  1.068E-02  9.667E-03  8.590E-03  7.665E-03  6.875E-03  6.200E-03  5.428E-03  4.774E-03  4.162E-03  3.633E-03  3.090E-03  2.638E-03  2.254E-03  1.925E-03  1.594E-03  1.302E-03  1.064E-03  8.710E-04  7.142E-04  5.651E-04  4.577E-04  3.596E-04  2.853E-04  2.262E-04  1.759E-04  1.365E-04  1.054E-04  8.082E-05  6.159E-05  4.566E-05  3.359E-05  2.464E-05  1.729E-05  1.223E-05  8.226E-06  5.372E-06  3.334E-06  1.866E-06  8.614E-07  2.503E-07
  390.5000  3.763E-02  3.611E-02  3.461E-02  3.312E-02  3.166E-02  3.021E-02  2.878E-02  2.737E-02  2.599E-02  2.462E-02  2.328E-02  2.196E-02  2.067E-02  1.941E-02  1.817E-02  1.696E-02  1.579E-02  1.465E-02  1.355E-02  1.249E-02  1.146E-02  1.050E-02  9.499E-03  8.440E-03  7.531E-03  6.754E-03  6.090E-03  5.331E-03  4.688E-03  4.086E-03  3.567E-03  3.033E-03  2.589E-03  2.212E-03  1.889E-03  1.563E-03  1.277E-03  1.043E-03  8.538E-04  7.000E-04  5.537E-04  4.484E-04  3.522E-04  2.794E-04  2.215E-04  1.722E-04  1.336E-04  1.031E-04  7.909E-05  6.027E-05  4.468E-05  3.287E-05  2.412E-05  1.693E-05  1.198E-05  8.057E-06  5.265E-06  3.271E-06  1.834E-06  8.499E-07  2.489E-07
  391.5000  4.467E-02  4.287E-02  4.108E-02  3.931E-02  3.757E-02  3.586E-02  3.416E-02  3.249E-02  3.085E-02  2.922E-02  2.763E-02  2.607E-02  2.454E-02  2.304E-02  2.157E-02  2.014E-02  1.874E-02  1.739E-02  1.608E-02  1.482E-02  1.361E-02  1.246E-02  1.127E-02  1.002E-02  8.937E-03  8.014E-03  7.225E-03  6.325E-03  5.561E-03  4.847E-03  4.230E-03  3.597E-03  3.069E-03  2.621E-03  2.238E-03  1.852E-03  1.512E-03  1.236E-03  1.011E-03  8.287E-04  6.553E-04  5.306E-04  4.167E-04  3.304E-04  2.619E-04  2.036E-04  1.579E-04  1.219E-04  9.348E-05  7.124E-05  5.282E-05  3.886E-05  2.851E-05  2.002E-05  1.416E-05  9.532E-06  6.231E-06  3.875E-06  2.177E-06  1.013E-06  2.988E-07
  392.5000  3.351E-02  3.216E-02  3.082E-02  2.950E-02  2.819E-02  2.690E-02  2.563E-02  2.438E-02  2.315E-02  2.193E-02  2.073E-02  1.956E-02  1.841E-02  1.729E-02  1.619E-02  1.511E-02  1.406E-02  1.305E-02  1.207E-02  1.112E-02  1.021E-02  9.346E-03  8.456E-03  7.513E-03  6.703E-03  6.011E-03  5.419E-03  4.743E-03  4.169E-03  3.633E-03  3.170E-03  2.695E-03  2.300E-03  1.964E-03  1.677E-03  1.387E-03  1.132E-03  9.249E-04  7.567E-04  6.201E-04  4.902E-04  3.968E-04  3.116E-04  2.470E-04  1.957E-04  1.522E-04  1.180E-04  9.108E-05  6.983E-05  5.322E-05  3.946E-05  2.904E-05  2.131E-05  1.496E-05  1.059E-05  7.127E-06  4.662E-06  2.902E-06  1.634E-06  7.628E-07  2.267E-07
  393.5000  1.458E-02  1.399E-02  1.341E-02  1.283E-02  1.226E-02  1.170E-02  1.115E-02  1.060E-02  1.007E-02  9.537E-03  9.018E-03  8.509E-03  8.009E-03  7.519E-03  7.040E-03  6.572E-03  6.117E-03  5.676E-03  5.248E-03  4.836E-03  4.439E-03  4.064E-03  3.678E-03  3.267E-03  2.915E-03  2.613E-03  2.356E-03  2.062E-03  1.812E-03  1.579E-03  1.378E-03  1.171E-03  9.990E-04  8.529E-04  7.279E-04  6.023E-04  4.915E-04  4.014E-04  3.283E-04  2.690E-04  2.126E-04  1.720E-04  1.351E-04  1.070E-04  8.481E-05  6.592E-05  5.111E-05  3.945E-05  3.024E-05  2.305E-05  1.709E-05  1.258E-05  9.230E-06  6.482E-06  4.589E-06  3.089E-06  2.022E-06  1.260E-06  7.105E-07  3.329E-07  9.970E-08
  394.5000  3.431E-02  3.293E-02  3.156E-02  3.020E-02  2.887E-02  2.755E-02  2.625E-02  2.496E-02  2.370E-02  2.245E-02  2.123E-02  2.003E-02  1.885E-02  1.770E-02  1.657E-02  1.547E-02  1.440E-02  1.336E-02  1.235E-02  1.138E-02  1.045E-02  9.567E-03  8.656E-03  7.690E-03  6.860E-03  6.150E-03  5.543E-03  4.850E-03  4.263E-03  3.714E-03  3.240E-03  2.753E-03  2.349E-03  2.005E-03  1.710E-03  1.415E-03  1.155E-03  9.428E-04  7.709E-04  6.315E-04  4.990E-04  4.037E-04  3.169E-04  2.511E-04  1.989E-04  1.546E-04  1.198E-04  9.247E-05  7.089E-05  5.402E-05  4.006E-05  2.948E-05  2.164E-05  1.520E-05  1.076E-05  7.248E-06  4.745E-06  2.960E-06  1.672E-06  7.864E-07  2.372E-07
  395.5000  4.417E-02  4.238E-02  4.062E-02  3.887E-02  3.716E-02  3.546E-02  3.378E-02  3.213E-02  3.051E-02  2.890E-02  2.733E-02  2.579E-02  2.427E-02  2.279E-02  2.134E-02  1.991E-02  1.854E-02  1.720E-02  1.590E-02  1.465E-02  1.345E-02  1.231E-02  1.114E-02  9.897E-03  8.828E-03  7.914E-03  7.132E-03  6.240E-03  5.483E-03  4.777E-03  4.166E-03  3.540E-03  3.019E-03  2.577E-03  2.198E-03  1.818E-03  1.483E-03  1.211E-03  9.899E-04  8.106E-04  6.404E-04  5.180E-04  4.065E-04  3.220E-04  2.550E-04  1.981E-04  1.536E-04  1.185E-04  9.086E-05  6.924E-05  5.135E-05  3.780E-05  2.774E-05  1.949E-05  1.380E-05  9.298E-06  6.090E-06  3.802E-06  2.152E-06  1.016E-06  3.086E-07
  396.5000  2.594E-02  2.490E-02  2.386E-02  2.284E-02  2.183E-02  2.083E-02  1.985E-02  1.888E-02  1.792E-02  1.698E-02  1.606E-02  1.515E-02  1.426E-02  1.339E-02  1.253E-02  1.170E-02  1.089E-02  1.010E-02  9.342E-03  8.608E-03  7.901E-03  7.233E-03  6.544E-03  5.813E-03  5.185E-03  4.648E-03  4.188E-03  3.664E-03  3.219E-03  2.804E-03  2.445E-03  2.078E-03  1.772E-03  1.512E-03  1.289E-03  1.066E-03  8.697E-04  7.098E-04  5.801E-04  4.750E-04  3.752E-04  3.034E-04  2.380E-04  1.885E-04  1.493E-04  1.159E-04  8.986E-05  6.934E-05  5.315E-05  4.050E-05  3.004E-05  2.211E-05  1.623E-05  1.141E-05  8.079E-06  5.444E-06  3.567E-06  2.229E-06  1.264E-06  5.986E-07  1.832E-07
  397.5000  2.995E-02  2.874E-02  2.755E-02  2.636E-02  2.520E-02  2.405E-02  2.291E-02  2.179E-02  2.069E-02  1.960E-02  1.854E-02  1.749E-02  1.646E-02  1.546E-02  1.447E-02  1.351E-02  1.257E-02  1.167E-02  1.079E-02  9.938E-03  9.122E-03  8.350E-03  7.554E-03  6.711E-03  5.985E-03  5.364E-03  4.833E-03  4.228E-03  3.715E-03  3.235E-03  2.821E-03  2.396E-03  2.043E-03  1.743E-03  1.486E-03  1.229E-03  1.002E-03  8.177E-04  6.682E-04  5.469E-04  4.319E-04  3.492E-04  2.739E-04  2.169E-04  1.717E-04  1.333E-04  1.033E-04  7.972E-05  6.110E-05  4.656E-05  3.454E-05  2.543E-05  1.867E-05  1.312E-05  9.293E-06  6.264E-06  4.107E-06  2.568E-06  1.459E-06  6.934E-07  2.137E-07
  398.5000  5.149E-02  4.941E-02  4.736E-02  4.532E-02  4.332E-02  4.134E-02  3.939E-02  3.747E-02  3.557E-02  3.370E-02  3.187E-02  3.007E-02  2.830E-02  2.657E-02  2.488E-02  2.322E-02  2.162E-02  2.005E-02  1.854E-02  1.708E-02  1.568E-02  1.435E-02  1.299E-02  1.154E-02  1.029E-02  9.220E-03  8.306E-03  7.266E-03  6.382E-03  5.557E-03  4.845E-03  4.115E-03  3.508E-03  2.992E-03  2.551E-03  2.109E-03  1.720E-03  1.403E-03  1.146E-03  9.378E-04  7.404E-04  5.984E-04  4.692E-04  3.715E-04  2.940E-04  2.283E-04  1.769E-04  1.365E-04  1.046E-04  7.971E-05  5.913E-05  4.353E-05  3.196E-05  2.247E-05  1.592E-05  1.073E-05  7.039E-06  4.406E-06  2.508E-06  1.196E-06  3.712E-07
  399.5000  5.357E-02  5.141E-02  4.928E-02  4.716E-02  4.508E-02  4.302E-02  4.099E-02  3.899E-02  3.702E-02  3.507E-02  3.316E-02  3.129E-02  2.945E-02  2.765E-02  2.589E-02  2.417E-02  2.249E-02  2.087E-02  1.929E-02  1.778E-02  1.632E-02  1.494E-02  1.351E-02  1.200E-02  1.070E-02  9.591E-03  8.640E-03  7.557E-03  6.637E-03  5.779E-03  5.037E-03  4.277E-03  3.646E-03  3.109E-03  2.650E-03  2.191E-03  1.786E-03  1.456E-03  1.190E-03  9.733E-04  7.682E-04  6.208E-04  4.866E-04  3.852E-04  3.048E-04  2.366E-04  1.833E-04  1.414E-04  1.084E-04  8.259E-05  6.127E-05  4.511E-05  3.313E-05  2.329E-05  1.650E-05  1.113E-05  7.303E-06  4.575E-06  2.608E-06  1.248E-06  3.900E-07
------------------------------------------------------------
Dose rates,W m-2
   1 = UV index (WMO, 1994; Webb et al., 2011)           
   2 = Previtamin-D3 (CIE 2006)                          
values at z =      0.025 km
Columns: time,sza,weighting spectra
time,hrs.  sza,deg.          1          2
   18.0000     85.694  8.675E-02  1.551E-03
   18.0167     85.891  8.265E-02  1.470E-03
   18.0333     86.088  7.866E-02  1.393E-03
   18.0500     86.286  7.475E-02  1.319E-03
   18.0667     86.483  7.096E-02  1.248E-03
   18.0833     86.681  6.728E-02  1.180E-03
   18.1000     86.878  6.370E-02  1.114E-03
   18.1167     87.076  6.023E-02  1.052E-03
   18.1333     87.274  5.685E-02  9.916E-04
   18.1500     87.473  5.357E-02  9.339E-04
   18.1667     87.671  5.040E-02  8.789E-04
   18.1833     87.869  4.733E-02  8.261E-04
   18.2000     88.068  4.436E-02  7.756E-04
   18.2167     88.267  4.149E-02  7.272E-04
   18.2333     88.466  3.872E-02  6.809E-04
   18.2500     88.666  3.604E-02  6.365E-04
   18.2667     88.865  3.348E-02  5.942E-04
   18.2833     89.064  3.102E-02  5.538E-04
   18.3000     89.264  2.866E-02  5.149E-04
   18.3167     89.464  2.642E-02  4.786E-04
   18.3333     89.664  2.429E-02  4.437E-04
   18.3500     89.864  2.228E-02  4.110E-04
   18.3667     90.064  2.023E-02  3.774E-04
   18.3833     90.265  1.808E-02  3.417E-04
   18.4000     90.465  1.624E-02  3.111E-04
   18.4167     90.666  1.467E-02  2.849E-04
   18.4333     90.867  1.332E-02  2.623E-04
   18.4500     91.068  1.179E-02  2.360E-04
   18.4667     91.269  1.048E-02  2.134E-04
   18.4833     91.471  9.253E-03  1.916E-04
   18.5000     91.672  8.186E-03  1.726E-04
   18.5167     91.874  7.080E-03  1.522E-04
   18.5333     92.076  6.145E-03  1.346E-04
   18.5500     92.277  5.337E-03  1.191E-04
   18.5667     92.479  4.630E-03  1.049E-04
   18.5833     92.681  3.919E-03  9.066E-05
   18.6000     92.883  3.284E-03  7.753E-05
   18.6167     93.086  2.748E-03  6.601E-05
   18.6333     93.289  2.300E-03  5.609E-05
   18.6500     93.491  1.926E-03  4.755E-05
   18.6667     93.694  1.557E-03  3.880E-05
   18.6833     93.897  1.283E-03  3.222E-05
   18.7000     94.100  1.023E-03  2.576E-05
   18.7167     94.303  8.188E-04  2.057E-05
   18.7333     94.507  6.546E-04  1.642E-05
   18.7500     94.710  5.094E-04  1.266E-05
   18.7667     94.913  3.930E-04  9.640E-06
   18.7833     95.117  2.999E-04  7.222E-06
   18.8000     95.321  2.255E-04  5.295E-06
   18.8167     95.525  1.667E-04  3.759E-06
   18.8333     95.729  1.172E-04  2.444E-06
   18.8500     95.933  8.054E-05  1.477E-06
   18.8667     96.137  5.407E-05  8.061E-07
   18.8833     96.341  3.373E-05  3.510E-07
   18.9000     96.546  2.106E-05  1.347E-07
   18.9167     96.750  1.260E-05  4.575E-08
   18.9333     96.955  7.269E-06  1.418E-08
   18.9500     97.159  3.925E-06  3.925E-09
   18.9667     97.364  1.840E-06  8.623E-10
   18.9833     97.569  6.770E-07  1.455E-10
   19.0000     97.775  1.426E-07  1.280E-11
------------------------------------------------------------
