Spectral Irradiance,W m-2 nm-1
values at z =      0.025 km
Columns: wavelength (nm),times (hrs.) or sza (deg.)
    wc,nm     18.000     18.017     18.033     18.050     18.067     18.083     18.100     18.117     18.133     18.150     18.167     18.183     18.200     18.217     18.233     18.250     18.267     18.283     18.300     18.317     18.333     18.350     18.367     18.383     18.400     18.417     18.433     18.450     18.467     18.483     18.500     18.517     18.533     18.550     18.567     18.583     18.600     18.617     18.633     18.650     18.667     18.683     18.700     18.717     18.733     18.750     18.767     18.783     18.800     18.817     18.833     18.850     18.867     18.883     18.900     18.917     18.933     18.950     18.967     18.983     19.000
    sza =      81.402     81.603     81.805     82.008     82.211     82.413     82.616     82.818     83.021     83.225     83.428     83.631     83.835     84.038     84.242     84.447     84.650     84.854     85.058     85.263     85.468     85.672     85.877     86.082     86.286     86.491     86.697     86.902     87.108     87.313     87.518     87.725     87.931     88.136     88.342     88.548     88.754     88.961     89.167     89.374     89.580     89.786     89.993     90.201     90.407     90.614     90.821     91.028     91.236     91.443     91.651     91.858     92.065     92.273     92.481     92.689     92.896     93.104     93.312     93.520     93.729
  280.5000  1.654E-24  1.626E-24  1.599E-24  1.571E-24  1.544E-24  1.516E-24  1.489E-24  1.462E-24  1.435E-24  1.408E-24  1.381E-24  1.354E-24  1.327E-24  1.300E-24  1.273E-24  1.246E-24  1.219E-24  1.192E-24  1.165E-24  1.138E-24  1.111E-24  1.083E-24  1.056E-24  1.029E-24  1.001E-24  9.732E-25  9.452E-25  9.172E-25  8.890E-25  8.607E-25  8.321E-25  8.032E-25  7.742E-25  7.451E-25  7.157E-25  6.861E-25  6.564E-25  6.263E-25  5.964E-25  5.664E-25  5.365E-25  5.069E-25  4.780E-25  4.387E-25  4.046E-25  3.751E-25  3.494E-25  3.212E-25  2.898E-25  2.640E-25  2.366E-25  2.090E-25  1.845E-25  1.624E-25  1.410E-25  1.202E-25  1.013E-25  8.484E-26  7.071E-26  5.678E-26  4.510E-26
  281.5000  2.459E-22  2.417E-22  2.376E-22  2.334E-22  2.293E-22  2.252E-22  2.212E-22  2.171E-22  2.131E-22  2.090E-22  2.050E-22  2.010E-22  1.969E-22  1.929E-22  1.889E-22  1.849E-22  1.809E-22  1.768E-22  1.728E-22  1.688E-22  1.647E-22  1.607E-22  1.566E-22  1.525E-22  1.485E-22  1.443E-22  1.402E-22  1.360E-22  1.319E-22  1.277E-22  1.234E-22  1.192E-22  1.149E-22  1.106E-22  1.062E-22  1.018E-22  9.743E-23  9.299E-23  8.856E-23  8.412E-23  7.970E-23  7.533E-23  7.105E-23  6.523E-23  6.018E-23  5.581E-23  5.201E-23  4.782E-23  4.317E-23  3.934E-23  3.526E-23  3.115E-23  2.753E-23  2.423E-23  2.104E-23  1.794E-23  1.514E-23  1.269E-23  1.058E-23  8.512E-24  6.784E-24
  282.5000  1.238E-20  1.217E-20  1.196E-20  1.175E-20  1.154E-20  1.134E-20  1.113E-20  1.092E-20  1.072E-20  1.051E-20  1.031E-20  1.010E-20  9.902E-21  9.699E-21  9.496E-21  9.292E-21  9.090E-21  8.887E-21  8.684E-21  8.481E-21  8.276E-21  8.072E-21  7.868E-21  7.663E-21  7.457E-21  7.250E-21  7.041E-21  6.833E-21  6.623E-21  6.412E-21  6.199E-21  5.985E-21  5.770E-21  5.553E-21  5.336E-21  5.116E-21  4.896E-21  4.674E-21  4.451E-21  4.229E-21  4.008E-21  3.789E-21  3.574E-21  3.282E-21  3.029E-21  2.810E-21  2.620E-21  2.410E-21  2.176E-21  1.984E-21  1.779E-21  1.572E-21  1.389E-21  1.223E-21  1.063E-21  9.067E-22  7.652E-22  6.417E-22  5.357E-22  4.316E-22  3.449E-22
  283.5000  1.426E-19  1.401E-19  1.377E-19  1.353E-19  1.329E-19  1.305E-19  1.281E-19  1.257E-19  1.233E-19  1.209E-19  1.186E-19  1.162E-19  1.139E-19  1.115E-19  1.092E-19  1.068E-19  1.045E-19  1.021E-19  9.981E-20  9.746E-20  9.511E-20  9.276E-20  9.040E-20  8.804E-20  8.567E-20  8.329E-20  8.089E-20  7.849E-20  7.608E-20  7.366E-20  7.122E-20  6.875E-20  6.628E-20  6.380E-20  6.130E-20  5.879E-20  5.626E-20  5.370E-20  5.116E-20  4.861E-20  4.607E-20  4.356E-20  4.110E-20  3.775E-20  3.485E-20  3.233E-20  3.015E-20  2.774E-20  2.505E-20  2.285E-20  2.049E-20  1.812E-20  1.601E-20  1.410E-20  1.226E-20  1.046E-20  8.830E-21  7.408E-21  6.188E-21  4.990E-21  3.995E-21
  284.5000  7.526E-18  7.395E-18  7.264E-18  7.134E-18  7.005E-18  6.876E-18  6.748E-18  6.621E-18  6.495E-18  6.368E-18  6.242E-18  6.117E-18  5.992E-18  5.867E-18  5.743E-18  5.618E-18  5.494E-18  5.370E-18  5.246E-18  5.123E-18  4.998E-18  4.874E-18  4.749E-18  4.625E-18  4.500E-18  4.374E-18  4.248E-18  4.122E-18  3.995E-18  3.868E-18  3.740E-18  3.610E-18  3.481E-18  3.351E-18  3.220E-18  3.088E-18  2.956E-18  2.822E-18  2.689E-18  2.555E-18  2.423E-18  2.291E-18  2.163E-18  1.987E-18  1.835E-18  1.704E-18  1.589E-18  1.463E-18  1.322E-18  1.206E-18  1.083E-18  9.578E-19  8.472E-19  7.466E-19  6.492E-19  5.543E-19  4.683E-19  3.932E-19  3.287E-19  2.656E-19  2.133E-19
  285.5000  8.890E-17  8.733E-17  8.576E-17  8.420E-17  8.266E-17  8.112E-17  7.959E-17  7.808E-17  7.657E-17  7.505E-17  7.356E-17  7.207E-17  7.058E-17  6.910E-17  6.762E-17  6.614E-17  6.466E-17  6.319E-17  6.173E-17  6.026E-17  5.878E-17  5.731E-17  5.584E-17  5.437E-17  5.289E-17  5.141E-17  4.992E-17  4.843E-17  4.694E-17  4.544E-17  4.393E-17  4.241E-17  4.089E-17  3.936E-17  3.782E-17  3.628E-17  3.472E-17  3.316E-17  3.160E-17  3.003E-17  2.848E-17  2.694E-17  2.544E-17  2.338E-17  2.160E-17  2.006E-17  1.872E-17  1.724E-17  1.558E-17  1.423E-17  1.277E-17  1.131E-17  1.001E-17  8.822E-18  7.676E-18  6.557E-18  5.542E-18  4.656E-18  3.896E-18  3.151E-18  2.537E-18
  286.5000  2.679E-15  2.631E-15  2.584E-15  2.536E-15  2.489E-15  2.442E-15  2.396E-15  2.349E-15  2.303E-15  2.257E-15  2.212E-15  2.167E-15  2.122E-15  2.077E-15  2.032E-15  1.987E-15  1.942E-15  1.898E-15  1.853E-15  1.809E-15  1.764E-15  1.720E-15  1.676E-15  1.631E-15  1.587E-15  1.542E-15  1.497E-15  1.452E-15  1.407E-15  1.362E-15  1.317E-15  1.271E-15  1.226E-15  1.180E-15  1.134E-15  1.087E-15  1.041E-15  9.940E-16  9.472E-16  9.005E-16  8.539E-16  8.079E-16  7.630E-16  7.013E-16  6.481E-16  6.021E-16  5.620E-16  5.178E-16  4.683E-16  4.277E-16  3.842E-16  3.402E-16  3.012E-16  2.657E-16  2.313E-16  1.976E-16  1.671E-16  1.405E-16  1.176E-16  9.525E-17  7.680E-17
  287.5000  4.375E-14  4.295E-14  4.215E-14  4.136E-14  4.058E-14  3.981E-14  3.904E-14  3.827E-14  3.751E-14  3.676E-14  3.601E-14  3.526E-14  3.451E-14  3.377E-14  3.304E-14  3.230E-14  3.156E-14  3.083E-14  3.010E-14  2.938E-14  2.864E-14  2.792E-14  2.719E-14  2.646E-14  2.574E-14  2.501E-14  2.428E-14  2.355E-14  2.282E-14  2.208E-14  2.134E-14  2.060E-14  1.986E-14  1.912E-14  1.837E-14  1.762E-14  1.686E-14  1.610E-14  1.535E-14  1.459E-14  1.384E-14  1.310E-14  1.237E-14  1.137E-14  1.051E-14  9.771E-15  9.125E-15  8.411E-15  7.610E-15  6.954E-15  6.249E-15  5.536E-15  4.905E-15  4.329E-15  3.771E-15  3.224E-15  2.728E-15  2.295E-15  1.923E-15  1.559E-15  1.259E-15
  288.5000  6.920E-13  6.790E-13  6.662E-13  6.534E-13  6.408E-13  6.283E-13  6.159E-13  6.036E-13  5.914E-13  5.792E-13  5.671E-13  5.551E-13  5.432E-13  5.313E-13  5.195E-13  5.077E-13  4.960E-13  4.844E-13  4.728E-13  4.612E-13  4.495E-13  4.380E-13  4.265E-13  4.149E-13  4.034E-13  3.919E-13  3.803E-13  3.688E-13  3.572E-13  3.456E-13  3.340E-13  3.224E-13  3.107E-13  2.990E-13  2.873E-13  2.755E-13  2.637E-13  2.518E-13  2.400E-13  2.282E-13  2.165E-13  2.049E-13  1.936E-13  1.780E-13  1.646E-13  1.530E-13  1.430E-13  1.319E-13  1.194E-13  1.091E-13  9.813E-14  8.701E-14  7.714E-14  6.813E-14  5.940E-14  5.082E-14  4.303E-14  3.623E-14  3.038E-14  2.466E-14  1.996E-14
  289.5000  8.693E-12  8.527E-12  8.363E-12  8.199E-12  8.038E-12  7.878E-12  7.719E-12  7.562E-12  7.406E-12  7.251E-12  7.097E-12  6.945E-12  6.794E-12  6.643E-12  6.493E-12  6.344E-12  6.195E-12  6.048E-12  5.901E-12  5.754E-12  5.607E-12  5.462E-12  5.316E-12  5.171E-12  5.026E-12  4.881E-12  4.736E-12  4.591E-12  4.446E-12  4.301E-12  4.155E-12  4.009E-12  3.863E-12  3.717E-12  3.571E-12  3.424E-12  3.277E-12  3.129E-12  2.982E-12  2.836E-12  2.690E-12  2.546E-12  2.405E-12  2.213E-12  2.046E-12  1.903E-12  1.778E-12  1.641E-12  1.486E-12  1.359E-12  1.223E-12  1.085E-12  9.621E-13  8.504E-13  7.418E-13  6.350E-13  5.380E-13  4.533E-13  3.804E-13  3.091E-13  2.505E-13
  290.5000  7.013E-11  6.876E-11  6.741E-11  6.606E-11  6.474E-11  6.342E-11  6.212E-11  6.083E-11  5.956E-11  5.829E-11  5.703E-11  5.578E-11  5.455E-11  5.332E-11  5.210E-11  5.088E-11  4.967E-11  4.847E-11  4.728E-11  4.609E-11  4.490E-11  4.372E-11  4.254E-11  4.137E-11  4.019E-11  3.902E-11  3.785E-11  3.668E-11  3.551E-11  3.434E-11  3.318E-11  3.200E-11  3.083E-11  2.966E-11  2.849E-11  2.731E-11  2.613E-11  2.495E-11  2.378E-11  2.261E-11  2.144E-11  2.030E-11  1.918E-11  1.764E-11  1.632E-11  1.518E-11  1.419E-11  1.309E-11  1.186E-11  1.086E-11  9.769E-12  8.672E-12  7.696E-12  6.806E-12  5.940E-12  5.088E-12  4.314E-12  3.637E-12  3.054E-12  2.484E-12  2.015E-12
  291.5000  4.937E-10  4.838E-10  4.739E-10  4.642E-10  4.546E-10  4.451E-10  4.357E-10  4.265E-10  4.173E-10  4.081E-10  3.991E-10  3.902E-10  3.813E-10  3.726E-10  3.638E-10  3.552E-10  3.466E-10  3.380E-10  3.295E-10  3.211E-10  3.126E-10  3.043E-10  2.959E-10  2.876E-10  2.794E-10  2.711E-10  2.628E-10  2.546E-10  2.464E-10  2.382E-10  2.300E-10  2.218E-10  2.136E-10  2.054E-10  1.972E-10  1.891E-10  1.808E-10  1.727E-10  1.645E-10  1.564E-10  1.483E-10  1.404E-10  1.326E-10  1.220E-10  1.129E-10  1.050E-10  9.819E-11  9.064E-11  8.215E-11  7.522E-11  6.773E-11  6.016E-11  5.344E-11  4.728E-11  4.130E-11  3.540E-11  3.003E-11  2.534E-11  2.130E-11  1.734E-11  1.409E-11
  292.5000  2.303E-09  2.255E-09  2.208E-09  2.162E-09  2.116E-09  2.070E-09  2.026E-09  1.981E-09  1.937E-09  1.894E-09  1.851E-09  1.809E-09  1.767E-09  1.725E-09  1.684E-09  1.643E-09  1.602E-09  1.562E-09  1.522E-09  1.482E-09  1.442E-09  1.403E-09  1.364E-09  1.325E-09  1.286E-09  1.248E-09  1.209E-09  1.171E-09  1.133E-09  1.095E-09  1.056E-09  1.018E-09  9.803E-10  9.424E-10  9.045E-10  8.667E-10  8.289E-10  7.910E-10  7.534E-10  7.161E-10  6.791E-10  6.426E-10  6.072E-10  5.586E-10  5.168E-10  4.808E-10  4.496E-10  4.151E-10  3.764E-10  3.447E-10  3.105E-10  2.760E-10  2.453E-10  2.172E-10  1.898E-10  1.628E-10  1.382E-10  1.167E-10  9.817E-11  8.001E-11  6.508E-11
  293.5000  1.252E-08  1.225E-08  1.199E-08  1.172E-08  1.147E-08  1.121E-08  1.096E-08  1.072E-08  1.047E-08  1.023E-08  9.991E-09  9.755E-09  9.522E-09  9.292E-09  9.064E-09  8.837E-09  8.613E-09  8.391E-09  8.171E-09  7.953E-09  7.735E-09  7.520E-09  7.306E-09  7.094E-09  6.883E-09  6.673E-09  6.463E-09  6.254E-09  6.047E-09  5.840E-09  5.634E-09  5.428E-09  5.223E-09  5.019E-09  4.815E-09  4.611E-09  4.409E-09  4.205E-09  4.004E-09  3.804E-09  3.607E-09  3.413E-09  3.224E-09  2.966E-09  2.743E-09  2.552E-09  2.387E-09  2.204E-09  1.999E-09  1.832E-09  1.651E-09  1.468E-09  1.306E-09  1.156E-09  1.012E-09  8.683E-10  7.378E-10  6.234E-10  5.248E-10  4.281E-10  3.486E-10
  294.5000  3.948E-08  3.861E-08  3.774E-08  3.689E-08  3.606E-08  3.523E-08  3.442E-08  3.362E-08  3.283E-08  3.205E-08  3.128E-08  3.053E-08  2.978E-08  2.904E-08  2.831E-08  2.758E-08  2.687E-08  2.616E-08  2.546E-08  2.476E-08  2.407E-08  2.339E-08  2.271E-08  2.204E-08  2.137E-08  2.070E-08  2.004E-08  1.938E-08  1.873E-08  1.808E-08  1.744E-08  1.679E-08  1.615E-08  1.551E-08  1.487E-08  1.424E-08  1.360E-08  1.297E-08  1.235E-08  1.173E-08  1.111E-08  1.051E-08  9.927E-09  9.131E-09  8.446E-09  7.856E-09  7.347E-09  6.786E-09  6.154E-09  5.640E-09  5.084E-09  4.523E-09  4.023E-09  3.567E-09  3.123E-09  2.682E-09  2.280E-09  1.928E-09  1.624E-09  1.326E-09  1.081E-09
  295.5000  1.722E-07  1.683E-07  1.643E-07  1.605E-07  1.567E-07  1.530E-07  1.493E-07  1.457E-07  1.422E-07  1.386E-07  1.352E-07  1.318E-07  1.285E-07  1.252E-07  1.219E-07  1.187E-07  1.155E-07  1.124E-07  1.093E-07  1.062E-07  1.031E-07  1.001E-07  9.715E-08  9.420E-08  9.127E-08  8.837E-08  8.547E-08  8.261E-08  7.977E-08  7.695E-08  7.415E-08  7.134E-08  6.857E-08  6.581E-08  6.307E-08  6.034E-08  5.751E-08  5.491E-08  5.224E-08  4.959E-08  4.697E-08  4.441E-08  4.192E-08  3.855E-08  3.564E-08  3.315E-08  3.100E-08  2.863E-08  2.597E-08  2.381E-08  2.146E-08  1.910E-08  1.700E-08  1.509E-08  1.321E-08  1.136E-08  9.665E-09  8.179E-09  6.895E-09  5.637E-09  4.600E-09
  296.5000  4.834E-07  4.718E-07  4.603E-07  4.490E-07  4.380E-07  4.272E-07  4.166E-07  4.061E-07  3.959E-07  3.857E-07  3.758E-07  3.660E-07  3.564E-07  3.469E-07  3.375E-07  3.283E-07  3.192E-07  3.103E-07  3.014E-07  2.927E-07  2.840E-07  2.755E-07  2.671E-07  2.588E-07  2.505E-07  2.423E-07  2.342E-07  2.262E-07  2.182E-07  2.104E-07  2.025E-07  1.947E-07  1.870E-07  1.794E-07  1.718E-07  1.642E-07  1.567E-07  1.493E-07  1.419E-07  1.346E-07  1.274E-07  1.204E-07  1.136E-07  1.044E-07  9.662E-08  8.976E-08  8.391E-08  7.750E-08  7.028E-08  6.443E-08  5.810E-08  5.172E-08  4.605E-08  4.089E-08  3.584E-08  3.083E-08  2.625E-08  2.223E-08  1.876E-08  1.535E-08  1.254E-08
  297.5000  1.427E-06  1.391E-06  1.356E-06  1.321E-06  1.288E-06  1.254E-06  1.222E-06  1.190E-06  1.159E-06  1.128E-06  1.098E-06  1.068E-06  1.039E-06  1.010E-06  9.819E-07  9.540E-07  9.266E-07  8.997E-07  8.732E-07  8.471E-07  8.212E-07  7.958E-07  7.707E-07  7.459E-07  7.215E-07  6.973E-07  6.733E-07  6.497E-07  6.263E-07  6.031E-07  5.802E-07  5.574E-07  5.349E-07  5.125E-07  4.904E-07  4.685E-07  4.468E-07  4.252E-07  4.039E-07  3.829E-07  3.622E-07  3.421E-07  3.226E-07  2.964E-07  2.739E-07  2.545E-07  2.378E-07  2.196E-07  1.991E-07  1.825E-07  1.646E-07  1.465E-07  1.305E-07  1.159E-07  1.017E-07  8.752E-08  7.459E-08  6.322E-08  5.338E-08  4.373E-08  3.575E-08
  298.5000  2.493E-06  2.427E-06  2.363E-06  2.300E-06  2.239E-06  2.179E-06  2.120E-06  2.062E-06  2.006E-06  1.950E-06  1.896E-06  1.842E-06  1.790E-06  1.739E-06  1.688E-06  1.639E-06  1.590E-06  1.542E-06  1.495E-06  1.449E-06  1.403E-06  1.358E-06  1.314E-06  1.270E-06  1.228E-06  1.185E-06  1.143E-06  1.102E-06  1.061E-06  1.021E-06  9.814E-07  9.419E-07  9.030E-07  8.646E-07  8.265E-07  7.889E-07  7.517E-07  7.147E-07  6.784E-07  6.426E-07  6.075E-07  5.732E-07  5.402E-07  4.960E-07  4.581E-07  4.254E-07  3.974E-07  3.668E-07  3.325E-07  3.047E-07  2.748E-07  2.447E-07  2.181E-07  1.937E-07  1.700E-07  1.464E-07  1.249E-07  1.059E-07  8.949E-08  7.339E-08  6.005E-08
  299.5000  8.117E-06  7.892E-06  7.672E-06  7.457E-06  7.248E-06  7.043E-06  6.844E-06  6.649E-06  6.458E-06  6.270E-06  6.088E-06  5.909E-06  5.734E-06  5.562E-06  5.394E-06  5.228E-06  5.067E-06  4.908E-06  4.752E-06  4.599E-06  4.448E-06  4.301E-06  4.156E-06  4.013E-06  3.873E-06  3.735E-06  3.598E-06  3.464E-06  3.332E-06  3.202E-06  3.074E-06  2.947E-06  2.822E-06  2.699E-06  2.577E-06  2.457E-06  2.339E-06  2.222E-06  2.107E-06  1.994E-06  1.883E-06  1.775E-06  1.672E-06  1.534E-06  1.416E-06  1.314E-06  1.226E-06  1.131E-06  1.025E-06  9.393E-07  8.468E-07  7.541E-07  6.720E-07  5.972E-07  5.243E-07  4.518E-07  3.856E-07  3.273E-07  2.768E-07  2.272E-07  1.861E-07
  300.5000  1.038E-05  1.008E-05  9.785E-06  9.497E-06  9.218E-06  8.946E-06  8.681E-06  8.423E-06  8.171E-06  7.923E-06  7.683E-06  7.448E-06  7.219E-06  6.994E-06  6.774E-06  6.558E-06  6.347E-06  6.141E-06  5.939E-06  5.741E-06  5.546E-06  5.355E-06  5.169E-06  4.985E-06  4.805E-06  4.628E-06  4.454E-06  4.283E-06  4.115E-06  3.950E-06  3.787E-06  3.626E-06  3.469E-06  3.314E-06  3.161E-06  3.011E-06  2.863E-06  2.717E-06  2.574E-06  2.433E-06  2.296E-06  2.162E-06  2.035E-06  1.865E-06  1.720E-06  1.595E-06  1.487E-06  1.372E-06  1.242E-06  1.138E-06  1.026E-06  9.133E-07  8.139E-07  7.233E-07  6.353E-07  5.477E-07  4.677E-07  3.973E-07  3.362E-07  2.763E-07  2.265E-07
  301.5000  2.967E-05  2.874E-05  2.784E-05  2.696E-05  2.611E-05  2.529E-05  2.450E-05  2.372E-05  2.297E-05  2.223E-05  2.152E-05  2.083E-05  2.015E-05  1.949E-05  1.885E-05  1.822E-05  1.760E-05  1.700E-05  1.642E-05  1.584E-05  1.528E-05  1.473E-05  1.419E-05  1.367E-05  1.315E-05  1.265E-05  1.215E-05  1.166E-05  1.119E-05  1.072E-05  1.027E-05  9.814E-06  9.373E-06  8.941E-06  8.516E-06  8.099E-06  7.690E-06  7.286E-06  6.893E-06  6.508E-06  6.132E-06  5.769E-06  5.421E-06  4.965E-06  4.573E-06  4.236E-06  3.947E-06  3.637E-06  3.291E-06  3.013E-06  2.713E-06  2.416E-06  2.152E-06  1.914E-06  1.681E-06  1.450E-06  1.239E-06  1.053E-06  8.918E-07  7.338E-07  6.021E-07
  302.5000  4.795E-05  4.635E-05  4.481E-05  4.331E-05  4.188E-05  4.049E-05  3.915E-05  3.785E-05  3.659E-05  3.536E-05  3.418E-05  3.303E-05  3.191E-05  3.082E-05  2.976E-05  2.873E-05  2.772E-05  2.674E-05  2.579E-05  2.485E-05  2.394E-05  2.305E-05  2.218E-05  2.133E-05  2.050E-05  1.969E-05  1.889E-05  1.811E-05  1.735E-05  1.660E-05  1.587E-05  1.516E-05  1.446E-05  1.377E-05  1.310E-05  1.244E-05  1.180E-05  1.117E-05  1.055E-05  9.951E-06  9.367E-06  8.803E-06  8.261E-06  7.559E-06  6.954E-06  6.438E-06  5.993E-06  5.517E-06  4.989E-06  4.565E-06  4.109E-06  3.657E-06  3.258E-06  2.896E-06  2.544E-06  2.195E-06  1.876E-06  1.596E-06  1.352E-06  1.114E-06  9.145E-07
  303.5000  1.152E-04  1.110E-04  1.070E-04  1.031E-04  9.936E-05  9.579E-05  9.236E-05  8.905E-05  8.587E-05  8.278E-05  7.982E-05  7.695E-05  7.418E-05  7.149E-05  6.889E-05  6.635E-05  6.390E-05  6.151E-05  5.920E-05  5.694E-05  5.474E-05  5.260E-05  5.052E-05  4.849E-05  4.652E-05  4.459E-05  4.270E-05  4.086E-05  3.907E-05  3.732E-05  3.561E-05  3.394E-05  3.231E-05  3.072E-05  2.917E-05  2.765E-05  2.618E-05  2.473E-05  2.332E-05  2.196E-05  2.063E-05  1.935E-05  1.814E-05  1.657E-05  1.523E-05  1.407E-05  1.308E-05  1.203E-05  1.087E-05  9.932E-06  8.933E-06  7.945E-06  7.075E-06  6.285E-06  5.522E-06  4.766E-06  4.076E-06  3.469E-06  2.942E-06  2.426E-06  1.994E-06
  304.5000  1.568E-04  1.507E-04  1.449E-04  1.393E-04  1.340E-04  1.289E-04  1.240E-04  1.194E-04  1.149E-04  1.105E-04  1.064E-04  1.024E-04  9.850E-05  9.478E-05  9.118E-05  8.768E-05  8.432E-05  8.105E-05  7.789E-05  7.482E-05  7.182E-05  6.893E-05  6.611E-05  6.337E-05  6.071E-05  5.812E-05  5.558E-05  5.312E-05  5.072E-05  4.839E-05  4.611E-05  4.389E-05  4.172E-05  3.962E-05  3.757E-05  3.559E-05  3.362E-05  3.172E-05  2.988E-05  2.809E-05  2.636E-05  2.470E-05  2.312E-05  2.111E-05  1.882E-05  1.788E-05  1.661E-05  1.526E-05  1.377E-05  1.258E-05  1.130E-05  1.005E-05  8.946E-06  7.197E-06  6.980E-06  6.024E-06  5.153E-06  4.388E-06  3.722E-06  3.072E-06  2.527E-06
  305.5000  2.999E-04  2.871E-04  2.750E-04  2.633E-04  2.522E-04  2.417E-04  2.316E-04  2.220E-04  2.128E-04  2.040E-04  1.956E-04  1.876E-04  1.799E-04  1.725E-04  1.654E-04  1.585E-04  1.520E-04  1.457E-04  1.396E-04  1.337E-04  1.280E-04  1.225E-04  1.172E-04  1.120E-04  1.071E-04  1.022E-04  9.751E-05  9.296E-05  8.855E-05  8.427E-05  8.011E-05  7.605E-05  7.212E-05  6.831E-05  6.462E-05  6.103E-05  5.755E-05  5.416E-05  5.089E-05  4.774E-05  4.469E-05  4.178E-05  3.902E-05  3.555E-05  3.255E-05  3.000E-05  2.781E-05  2.551E-05  2.298E-05  2.096E-05  1.881E-05  1.671E-05  1.486E-05  1.319E-05  1.158E-05  9.993E-06  8.551E-06  7.284E-06  6.183E-06  5.109E-06  4.207E-06
  306.5000  3.730E-04  3.565E-04  3.407E-04  3.256E-04  3.114E-04  2.978E-04  2.848E-04  2.725E-04  2.607E-04  2.494E-04  2.387E-04  2.285E-04  2.187E-04  2.093E-04  2.004E-04  1.917E-04  1.835E-04  1.756E-04  1.680E-04  1.607E-04  1.536E-04  1.468E-04  1.402E-04  1.339E-04  1.278E-04  1.218E-04  1.161E-04  1.105E-04  1.051E-04  9.993E-05  9.488E-05  8.996E-05  8.522E-05  8.062E-05  7.616E-05  7.184E-05  6.766E-05  6.359E-05  5.968E-05  5.591E-05  5.229E-05  4.882E-05  4.554E-05  4.144E-05  3.791E-05  3.490E-05  3.232E-05  2.962E-05  2.666E-05  2.430E-05  2.179E-05  1.934E-05  1.719E-05  1.525E-05  1.339E-05  1.155E-05  9.886E-06  8.423E-06  7.152E-06  5.914E-06  4.872E-06
  307.5000  7.880E-04  7.509E-04  7.155E-04  6.815E-04  6.493E-04  6.187E-04  5.895E-04  5.617E-04  5.353E-04  5.100E-04  4.860E-04  4.632E-04  4.414E-04  4.207E-04  4.010E-04  3.821E-04  3.642E-04  3.470E-04  3.307E-04  3.150E-04  2.999E-04  2.856E-04  2.718E-04  2.586E-04  2.460E-04  2.338E-04  2.220E-04  2.107E-04  1.998E-04  1.893E-04  1.792E-04  1.694E-04  1.599E-04  1.508E-04  1.421E-04  1.336E-04  1.254E-04  1.175E-04  1.100E-04  1.028E-04  9.577E-05  8.916E-05  8.293E-05  7.527E-05  6.869E-05  6.305E-05  5.824E-05  5.324E-05  4.782E-05  4.349E-05  3.893E-05  3.450E-05  3.062E-05  2.714E-05  2.381E-05  2.053E-05  1.757E-05  1.497E-05  1.272E-05  1.053E-05  8.680E-06
  308.5000  1.034E-03  9.846E-04  9.373E-04  8.919E-04  8.489E-04  8.078E-04  7.687E-04  7.315E-04  6.960E-04  6.621E-04  6.300E-04  5.994E-04  5.703E-04  5.426E-04  5.162E-04  4.910E-04  4.671E-04  4.444E-04  4.226E-04  4.019E-04  3.821E-04  3.632E-04  3.451E-04  3.278E-04  3.112E-04  2.953E-04  2.800E-04  2.654E-04  2.513E-04  2.378E-04  2.248E-04  2.122E-04  2.001E-04  1.885E-04  1.773E-04  1.664E-04  1.561E-04  1.461E-04  1.365E-04  1.274E-04  1.186E-04  1.102E-04  1.024E-04  9.281E-05  8.458E-05  7.754E-05  7.154E-05  6.533E-05  5.861E-05  5.326E-05  4.762E-05  4.217E-05  3.740E-05  3.313E-05  2.905E-05  2.504E-05  2.142E-05  1.826E-05  1.551E-05  1.284E-05  1.060E-05
  309.5000  1.230E-03  1.171E-03  1.114E-03  1.059E-03  1.006E-03  9.561E-04  9.082E-04  8.625E-04  8.189E-04  7.772E-04  7.376E-04  6.999E-04  6.640E-04  6.298E-04  5.973E-04  5.662E-04  5.369E-04  5.089E-04  4.823E-04  4.571E-04  4.329E-04  4.100E-04  3.882E-04  3.675E-04  3.477E-04  3.288E-04  3.107E-04  2.935E-04  2.770E-04  2.613E-04  2.462E-04  2.317E-04  2.179E-04  2.046E-04  1.919E-04  1.797E-04  1.680E-04  1.568E-04  1.461E-04  1.359E-04  1.261E-04  1.169E-04  1.083E-04  9.794E-05  8.902E-05  8.139E-05  7.489E-05  6.823E-05  6.106E-05  5.537E-05  4.941E-05  4.367E-05  3.868E-05  3.421E-05  2.997E-05  2.581E-05  2.207E-05  1.880E-05  1.597E-05  1.324E-05  1.093E-05
  310.5000  2.112E-03  2.010E-03  1.913E-03  1.818E-03  1.728E-03  1.641E-03  1.558E-03  1.479E-03  1.403E-03  1.330E-03  1.261E-03  1.194E-03  1.131E-03  1.071E-03  1.014E-03  9.592E-04  9.074E-04  8.581E-04  8.113E-04  7.668E-04  7.243E-04  6.841E-04  6.460E-04  6.097E-04  5.753E-04  5.425E-04  5.112E-04  4.815E-04  4.532E-04  4.263E-04  4.006E-04  3.760E-04  3.527E-04  3.304E-04  3.091E-04  2.887E-04  2.693E-04  2.507E-04  2.330E-04  2.162E-04  2.002E-04  1.852E-04  1.711E-04  1.543E-04  1.399E-04  1.277E-04  1.172E-04  1.065E-04  9.513E-05  8.609E-05  7.668E-05  6.766E-05  5.983E-05  5.285E-05  4.624E-05  3.979E-05  3.401E-05  2.896E-05  2.460E-05  2.040E-05  1.685E-05
  311.5000  3.187E-03  3.035E-03  2.888E-03  2.746E-03  2.610E-03  2.480E-03  2.355E-03  2.234E-03  2.119E-03  2.008E-03  1.902E-03  1.801E-03  1.705E-03  1.613E-03  1.525E-03  1.441E-03  1.361E-03  1.286E-03  1.214E-03  1.145E-03  1.080E-03  1.018E-03  9.594E-04  9.037E-04  8.509E-04  8.007E-04  7.529E-04  7.077E-04  6.648E-04  6.240E-04  5.852E-04  5.481E-04  5.130E-04  4.796E-04  4.478E-04  4.175E-04  3.887E-04  3.611E-04  3.351E-04  3.103E-04  2.869E-04  2.648E-04  2.442E-04  2.200E-04  1.991E-04  1.813E-04  1.661E-04  1.507E-04  1.344E-04  1.214E-04  1.080E-04  9.515E-05  8.404E-05  7.415E-05  6.481E-05  5.573E-05  4.760E-05  4.052E-05  3.442E-05  2.855E-05  2.359E-05
  312.5000  4.216E-03  4.022E-03  3.835E-03  3.653E-03  3.478E-03  3.308E-03  3.145E-03  2.987E-03  2.835E-03  2.688E-03  2.548E-03  2.413E-03  2.283E-03  2.159E-03  2.040E-03  1.925E-03  1.817E-03  1.713E-03  1.614E-03  1.519E-03  1.429E-03  1.344E-03  1.262E-03  1.185E-03  1.112E-03  1.043E-03  9.768E-04  9.145E-04  8.555E-04  7.997E-04  7.468E-04  6.965E-04  6.492E-04  6.043E-04  5.618E-04  5.216E-04  4.836E-04  4.474E-04  4.134E-04  3.813E-04  3.511E-04  3.228E-04  2.965E-04  2.659E-04  2.398E-04  2.174E-04  1.984E-04  1.794E-04  1.593E-04  1.434E-04  1.271E-04  1.116E-04  9.830E-05  8.651E-05  7.543E-05  6.473E-05  5.520E-05  4.694E-05  3.984E-05  3.305E-05  2.732E-05
  313.5000  5.142E-03  4.909E-03  4.683E-03  4.463E-03  4.251E-03  4.045E-03  3.847E-03  3.656E-03  3.471E-03  3.292E-03  3.121E-03  2.956E-03  2.798E-03  2.646E-03  2.500E-03  2.360E-03  2.226E-03  2.099E-03  1.977E-03  1.861E-03  1.749E-03  1.644E-03  1.544E-03  1.449E-03  1.359E-03  1.273E-03  1.191E-03  1.115E-03  1.042E-03  9.729E-04  9.078E-04  8.458E-04  7.875E-04  7.324E-04  6.803E-04  6.310E-04  5.844E-04  5.402E-04  4.986E-04  4.595E-04  4.227E-04  3.883E-04  3.563E-04  3.242E-04  2.876E-04  2.606E-04  2.376E-04  2.146E-04  1.904E-04  1.712E-04  1.516E-04  1.330E-04  1.170E-04  1.029E-04  8.967E-05  7.691E-05  6.555E-05  5.572E-05  4.727E-05  3.923E-05  3.242E-05
  314.5000  6.793E-03  6.503E-03  6.221E-03  5.945E-03  5.677E-03  5.417E-03  5.164E-03  4.919E-03  4.681E-03  4.449E-03  4.226E-03  4.010E-03  3.801E-03  3.600E-03  3.406E-03  3.218E-03  3.038E-03  2.865E-03  2.699E-03  2.540E-03  2.387E-03  2.242E-03  2.103E-03  1.971E-03  1.845E-03  1.725E-03  1.610E-03  1.502E-03  1.400E-03  1.303E-03  1.211E-03  1.124E-03  1.043E-03  9.656E-04  8.930E-04  8.246E-04  7.603E-04  6.995E-04  6.427E-04  5.895E-04  5.398E-04  4.935E-04  4.508E-04  4.022E-04  3.606E-04  3.251E-04  2.951E-04  2.653E-04  2.343E-04  2.098E-04  1.849E-04  1.616E-04  1.416E-04  1.241E-04  1.078E-04  9.216E-05  7.836E-05  6.647E-05  5.631E-05  4.670E-05  3.859E-05
  315.5000  7.344E-03  7.035E-03  6.733E-03  6.437E-03  6.151E-03  5.872E-03  5.601E-03  5.337E-03  5.081E-03  4.832E-03  4.591E-03  4.358E-03  4.133E-03  3.916E-03  3.706E-03  3.502E-03  3.308E-03  3.120E-03  2.940E-03  2.768E-03  2.602E-03  2.443E-03  2.292E-03  2.148E-03  2.010E-03  1.880E-03  1.755E-03  1.637E-03  1.525E-03  1.419E-03  1.319E-03  1.223E-03  1.134E-03  1.050E-03  9.703E-04  8.956E-04  8.253E-04  7.589E-04  6.969E-04  6.389E-04  5.847E-04  5.342E-04  4.877E-04  4.349E-04  3.896E-04  3.511E-04  3.185E-04  2.862E-04  2.525E-04  2.260E-04  1.990E-04  1.738E-04  1.522E-04  1.333E-04  1.156E-04  9.888E-05  8.403E-05  7.125E-05  6.034E-05  5.004E-05  4.135E-05
  316.5000  9.172E-03  8.811E-03  8.457E-03  8.109E-03  7.770E-03  7.439E-03  7.116E-03  6.800E-03  6.492E-03  6.191E-03  5.898E-03  5.614E-03  5.338E-03  5.069E-03  4.809E-03  4.556E-03  4.311E-03  4.075E-03  3.847E-03  3.627E-03  3.415E-03  3.211E-03  3.015E-03  2.827E-03  2.648E-03  2.476E-03  2.311E-03  2.154E-03  2.005E-03  1.864E-03  1.729E-03  1.601E-03  1.481E-03  1.368E-03  1.260E-03  1.160E-03  1.065E-03  9.759E-04  8.929E-04  8.152E-04  7.429E-04  6.760E-04  6.145E-04  5.456E-04  4.867E-04  4.366E-04  3.942E-04  3.526E-04  3.097E-04  2.759E-04  2.419E-04  2.103E-04  1.834E-04  1.600E-04  1.383E-04  1.178E-04  9.976E-05  8.437E-05  7.129E-05  5.905E-05  4.874E-05
  317.5000  1.297E-02  1.246E-02  1.196E-02  1.147E-02  1.099E-02  1.052E-02  1.006E-02  9.616E-03  9.180E-03  8.753E-03  8.340E-03  7.938E-03  7.547E-03  7.167E-03  6.799E-03  6.440E-03  6.095E-03  5.761E-03  5.438E-03  5.127E-03  4.826E-03  4.538E-03  4.261E-03  3.996E-03  3.742E-03  3.499E-03  3.266E-03  3.044E-03  2.834E-03  2.634E-03  2.444E-03  2.263E-03  2.094E-03  1.933E-03  1.782E-03  1.640E-03  1.506E-03  1.380E-03  1.263E-03  1.153E-03  1.051E-03  9.567E-04  8.698E-04  7.724E-04  6.891E-04  6.183E-04  5.583E-04  4.996E-04  4.389E-04  3.911E-04  3.429E-04  2.981E-04  2.600E-04  2.268E-04  1.962E-04  1.670E-04  1.415E-04  1.196E-04  1.011E-04  8.374E-05  6.913E-05
  318.5000  1.263E-02  1.217E-02  1.172E-02  1.127E-02  1.084E-02  1.041E-02  9.986E-03  9.574E-03  9.170E-03  8.772E-03  8.386E-03  8.007E-03  7.638E-03  7.277E-03  6.925E-03  6.581E-03  6.248E-03  5.923E-03  5.608E-03  5.303E-03  5.005E-03  4.719E-03  4.442E-03  4.175E-03  3.918E-03  3.670E-03  3.431E-03  3.203E-03  2.984E-03  2.776E-03  2.577E-03  2.386E-03  2.206E-03  2.035E-03  1.874E-03  1.722E-03  1.578E-03  1.443E-03  1.316E-03  1.199E-03  1.089E-03  9.873E-04  8.941E-04  7.907E-04  7.023E-04  6.274E-04  5.639E-04  5.022E-04  4.389E-04  3.893E-04  3.395E-04  2.937E-04  2.549E-04  2.213E-04  1.903E-04  1.614E-04  1.362E-04  1.147E-04  9.663E-05  7.987E-05  6.581E-05
  319.5000  1.606E-02  1.548E-02  1.491E-02  1.435E-02  1.381E-02  1.327E-02  1.274E-02  1.222E-02  1.171E-02  1.121E-02  1.073E-02  1.025E-02  9.783E-03  9.328E-03  8.883E-03  8.447E-03  8.025E-03  7.614E-03  7.214E-03  6.826E-03  6.447E-03  6.083E-03  5.730E-03  5.388E-03  5.059E-03  4.742E-03  4.436E-03  4.143E-03  3.862E-03  3.594E-03  3.337E-03  3.092E-03  2.859E-03  2.639E-03  2.430E-03  2.232E-03  2.046E-03  1.870E-03  1.707E-03  1.553E-03  1.411E-03  1.279E-03  1.158E-03  1.023E-03  9.082E-04  8.108E-04  7.284E-04  6.482E-04  5.661E-04  5.017E-04  4.372E-04  3.779E-04  3.277E-04  2.842E-04  2.446E-04  2.069E-04  1.744E-04  1.468E-04  1.236E-04  1.021E-04  8.407E-05
  320.5000  2.053E-02  1.981E-02  1.910E-02  1.840E-02  1.771E-02  1.703E-02  1.637E-02  1.572E-02  1.508E-02  1.444E-02  1.383E-02  1.322E-02  1.263E-02  1.206E-02  1.149E-02  1.094E-02  1.040E-02  9.875E-03  9.364E-03  8.868E-03  8.383E-03  7.916E-03  7.462E-03  7.023E-03  6.599E-03  6.190E-03  5.794E-03  5.415E-03  5.051E-03  4.702E-03  4.368E-03  4.048E-03  3.745E-03  3.457E-03  3.183E-03  2.924E-03  2.680E-03  2.449E-03  2.234E-03  2.032E-03  1.845E-03  1.671E-03  1.512E-03  1.335E-03  1.184E-03  1.056E-03  9.473E-04  8.421E-04  7.345E-04  6.502E-04  5.658E-04  4.884E-04  4.229E-04  3.662E-04  3.146E-04  2.659E-04  2.238E-04  1.882E-04  1.582E-04  1.306E-04  1.075E-04
  321.5000  2.130E-02  2.062E-02  1.995E-02  1.928E-02  1.863E-02  1.798E-02  1.734E-02  1.671E-02  1.609E-02  1.547E-02  1.487E-02  1.428E-02  1.370E-02  1.313E-02  1.256E-02  1.201E-02  1.147E-02  1.094E-02  1.042E-02  9.909E-03  9.410E-03  8.925E-03  8.451E-03  7.990E-03  7.541E-03  7.105E-03  6.679E-03  6.269E-03  5.871E-03  5.488E-03  5.118E-03  4.760E-03  4.418E-03  4.090E-03  3.777E-03  3.478E-03  3.194E-03  2.924E-03  2.670E-03  2.430E-03  2.206E-03  1.998E-03  1.805E-03  1.591E-03  1.408E-03  1.253E-03  1.121E-03  9.934E-04  8.629E-04  7.609E-04  6.588E-04  5.658E-04  4.873E-04  4.198E-04  3.587E-04  3.013E-04  2.521E-04  2.108E-04  1.763E-04  1.449E-04  1.188E-04
  322.5000  1.837E-02  1.774E-02  1.711E-02  1.649E-02  1.589E-02  1.529E-02  1.470E-02  1.413E-02  1.356E-02  1.300E-02  1.246E-02  1.193E-02  1.140E-02  1.089E-02  1.039E-02  9.894E-03  9.415E-03  8.948E-03  8.492E-03  8.048E-03  7.614E-03  7.195E-03  6.788E-03  6.394E-03  6.012E-03  5.644E-03  5.286E-03  4.943E-03  4.614E-03  4.298E-03  3.995E-03  3.704E-03  3.427E-03  3.164E-03  2.915E-03  2.678E-03  2.455E-03  2.243E-03  2.046E-03  1.861E-03  1.688E-03  1.529E-03  1.382E-03  1.220E-03  1.081E-03  9.634E-04  8.639E-04  7.674E-04  6.687E-04  5.914E-04  5.140E-04  4.432E-04  3.833E-04  3.316E-04  2.840E-04  2.402E-04  2.019E-04  1.696E-04  1.425E-04  1.175E-04  9.664E-05
  323.5000  2.418E-02  2.344E-02  2.271E-02  2.199E-02  2.127E-02  2.057E-02  1.987E-02  1.918E-02  1.850E-02  1.783E-02  1.717E-02  1.651E-02  1.587E-02  1.524E-02  1.462E-02  1.400E-02  1.340E-02  1.281E-02  1.222E-02  1.165E-02  1.109E-02  1.054E-02  1.001E-02  9.485E-03  8.974E-03  8.475E-03  7.987E-03  7.515E-03  7.056E-03  6.611E-03  6.180E-03  5.761E-03  5.360E-03  4.973E-03  4.602E-03  4.247E-03  3.907E-03  3.582E-03  3.276E-03  2.986E-03  2.714E-03  2.460E-03  2.225E-03  1.960E-03  1.734E-03  1.543E-03  1.380E-03  1.222E-03  1.060E-03  9.338E-04  8.071E-04  6.915E-04  5.943E-04  5.108E-04  4.354E-04  3.644E-04  3.038E-04  2.532E-04  2.112E-04  1.731E-04  1.416E-04
  324.5000  2.812E-02  2.726E-02  2.640E-02  2.555E-02  2.472E-02  2.389E-02  2.308E-02  2.228E-02  2.148E-02  2.070E-02  1.992E-02  1.916E-02  1.841E-02  1.767E-02  1.695E-02  1.623E-02  1.553E-02  1.484E-02  1.416E-02  1.350E-02  1.284E-02  1.220E-02  1.158E-02  1.097E-02  1.038E-02  9.798E-03  9.231E-03  8.682E-03  8.149E-03  7.633E-03  7.133E-03  6.648E-03  6.183E-03  5.736E-03  5.306E-03  4.895E-03  4.503E-03  4.128E-03  3.774E-03  3.440E-03  3.126E-03  2.833E-03  2.562E-03  2.258E-03  1.998E-03  1.777E-03  1.591E-03  1.409E-03  1.222E-03  1.077E-03  9.310E-04  7.980E-04  6.861E-04  5.899E-04  5.033E-04  4.213E-04  3.514E-04  2.930E-04  2.445E-04  2.005E-04  1.640E-04
  325.5000  3.053E-02  2.958E-02  2.864E-02  2.770E-02  2.678E-02  2.587E-02  2.497E-02  2.408E-02  2.321E-02  2.234E-02  2.149E-02  2.066E-02  1.983E-02  1.902E-02  1.823E-02  1.744E-02  1.667E-02  1.592E-02  1.518E-02  1.445E-02  1.374E-02  1.304E-02  1.236E-02  1.170E-02  1.106E-02  1.043E-02  9.815E-03  9.222E-03  8.647E-03  8.090E-03  7.553E-03  7.032E-03  6.533E-03  6.054E-03  5.595E-03  5.156E-03  4.738E-03  4.340E-03  3.941E-03  3.610E-03  3.278E-03  2.969E-03  2.684E-03  2.364E-03  2.091E-03  1.860E-03  1.664E-03  1.474E-03  1.279E-03  1.127E-03  9.747E-04  8.359E-04  7.191E-04  6.187E-04  5.280E-04  4.425E-04  3.695E-04  3.084E-04  2.576E-04  2.114E-04  1.730E-04
  326.5000  4.367E-02  4.243E-02  4.120E-02  3.998E-02  3.877E-02  3.758E-02  3.640E-02  3.523E-02  3.407E-02  3.292E-02  3.179E-02  3.067E-02  2.956E-02  2.847E-02  2.739E-02  2.632E-02  2.527E-02  2.424E-02  2.322E-02  2.221E-02  2.122E-02  2.025E-02  1.930E-02  1.836E-02  1.744E-02  1.654E-02  1.565E-02  1.479E-02  1.395E-02  1.312E-02  1.232E-02  1.154E-02  1.078E-02  1.005E-02  9.343E-03  8.660E-03  8.003E-03  7.369E-03  6.766E-03  6.192E-03  5.649E-03  5.138E-03  4.662E-03  4.114E-03  3.647E-03  3.251E-03  2.915E-03  2.585E-03  2.242E-03  1.975E-03  1.706E-03  1.459E-03  1.252E-03  1.073E-03  9.131E-04  7.604E-04  6.311E-04  5.237E-04  4.349E-04  3.549E-04  2.889E-04
  327.5000  3.855E-02  3.742E-02  3.630E-02  3.518E-02  3.409E-02  3.300E-02  3.193E-02  3.086E-02  2.981E-02  2.877E-02  2.775E-02  2.674E-02  2.574E-02  2.475E-02  2.378E-02  2.282E-02  2.188E-02  2.095E-02  2.003E-02  1.914E-02  1.825E-02  1.739E-02  1.654E-02  1.570E-02  1.489E-02  1.409E-02  1.331E-02  1.255E-02  1.181E-02  1.109E-02  1.039E-02  9.713E-03  9.057E-03  8.424E-03  7.813E-03  7.226E-03  6.663E-03  6.122E-03  5.610E-03  5.123E-03  4.665E-03  4.235E-03  3.836E-03  3.382E-03  2.995E-03  2.666E-03  2.388E-03  2.116E-03  1.835E-03  1.616E-03  1.396E-03  1.195E-03  1.025E-03  8.802E-04  7.493E-04  6.254E-04  5.200E-04  4.324E-04  3.597E-04  2.942E-04  2.399E-04
  328.5000  3.568E-02  3.463E-02  3.360E-02  3.257E-02  3.155E-02  3.055E-02  2.955E-02  2.857E-02  2.760E-02  2.663E-02  2.569E-02  2.475E-02  2.383E-02  2.291E-02  2.201E-02  2.112E-02  2.025E-02  1.939E-02  1.855E-02  1.772E-02  1.690E-02  1.609E-02  1.531E-02  1.454E-02  1.378E-02  1.305E-02  1.232E-02  1.162E-02  1.093E-02  1.027E-02  9.619E-03  8.988E-03  8.381E-03  7.794E-03  7.228E-03  6.684E-03  6.162E-03  5.661E-03  5.186E-03  4.735E-03  4.311E-03  3.912E-03  3.543E-03  3.123E-03  2.764E-03  2.460E-03  2.203E-03  1.951E-03  1.691E-03  1.489E-03  1.285E-03  1.100E-03  9.435E-04  8.096E-04  6.890E-04  5.748E-04  4.778E-04  3.971E-04  3.303E-04  2.700E-04  2.201E-04
  329.5000  5.237E-02  5.095E-02  4.954E-02  4.813E-02  4.675E-02  4.538E-02  4.401E-02  4.267E-02  4.133E-02  4.000E-02  3.869E-02  3.739E-02  3.611E-02  3.484E-02  3.359E-02  3.234E-02  3.111E-02  2.990E-02  2.871E-02  2.753E-02  2.636E-02  2.521E-02  2.408E-02  2.297E-02  2.188E-02  2.080E-02  1.974E-02  1.870E-02  1.769E-02  1.670E-02  1.573E-02  1.477E-02  1.385E-02  1.295E-02  1.208E-02  1.123E-02  1.041E-02  9.620E-03  8.862E-03  8.137E-03  7.447E-03  6.795E-03  6.186E-03  5.469E-03  4.859E-03  4.342E-03  3.903E-03  3.468E-03  3.012E-03  2.658E-03  2.296E-03  1.964E-03  1.685E-03  1.445E-03  1.228E-03  1.020E-03  8.446E-04  6.990E-04  5.791E-04  4.712E-04  3.823E-04
  330.5000  4.525E-02  4.398E-02  4.272E-02  4.147E-02  4.023E-02  3.901E-02  3.779E-02  3.659E-02  3.541E-02  3.423E-02  3.306E-02  3.191E-02  3.078E-02  2.965E-02  2.855E-02  2.745E-02  2.636E-02  2.530E-02  2.425E-02  2.321E-02  2.219E-02  2.118E-02  2.020E-02  1.923E-02  1.828E-02  1.734E-02  1.643E-02  1.553E-02  1.466E-02  1.380E-02  1.297E-02  1.215E-02  1.137E-02  1.060E-02  9.861E-03  9.146E-03  8.458E-03  7.794E-03  7.161E-03  6.558E-03  5.986E-03  5.448E-03  4.946E-03  4.366E-03  3.872E-03  3.452E-03  3.097E-03  2.747E-03  2.382E-03  2.100E-03  1.813E-03  1.550E-03  1.329E-03  1.140E-03  9.693E-04  8.063E-04  6.685E-04  5.542E-04  4.598E-04  3.748E-04  3.047E-04
  331.5000  4.428E-02  4.302E-02  4.178E-02  4.055E-02  3.933E-02  3.813E-02  3.693E-02  3.575E-02  3.458E-02  3.342E-02  3.228E-02  3.115E-02  3.003E-02  2.893E-02  2.784E-02  2.675E-02  2.569E-02  2.465E-02  2.361E-02  2.260E-02  2.159E-02  2.061E-02  1.964E-02  1.869E-02  1.776E-02  1.684E-02  1.594E-02  1.507E-02  1.421E-02  1.338E-02  1.256E-02  1.177E-02  1.100E-02  1.025E-02  9.531E-03  8.835E-03  8.165E-03  7.519E-03  6.905E-03  6.319E-03  5.764E-03  5.243E-03  4.757E-03  4.197E-03  3.720E-03  3.315E-03  2.972E-03  2.635E-03  2.285E-03  2.012E-03  1.737E-03  1.485E-03  1.273E-03  1.091E-03  9.280E-04  7.721E-04  6.402E-04  5.307E-04  4.404E-04  3.591E-04  2.920E-04
  332.5000  4.771E-02  4.644E-02  4.518E-02  4.392E-02  4.268E-02  4.145E-02  4.023E-02  3.902E-02  3.782E-02  3.663E-02  3.546E-02  3.429E-02  3.314E-02  3.200E-02  3.087E-02  2.974E-02  2.864E-02  2.755E-02  2.647E-02  2.540E-02  2.435E-02  2.331E-02  2.229E-02  2.128E-02  2.029E-02  1.931E-02  1.835E-02  1.741E-02  1.648E-02  1.558E-02  1.469E-02  1.382E-02  1.297E-02  1.214E-02  1.134E-02  1.056E-02  9.804E-03  9.071E-03  8.368E-03  7.695E-03  7.052E-03  6.443E-03  5.874E-03  5.198E-03  4.623E-03  4.135E-03  3.723E-03  3.311E-03  2.877E-03  2.541E-03  2.197E-03  1.879E-03  1.612E-03  1.382E-03  1.175E-03  9.752E-04  8.063E-04  6.666E-04  5.516E-04  4.482E-04  3.631E-04
  333.5000  4.317E-02  4.199E-02  4.082E-02  3.965E-02  3.850E-02  3.736E-02  3.623E-02  3.511E-02  3.400E-02  3.290E-02  3.181E-02  3.074E-02  2.967E-02  2.862E-02  2.758E-02  2.655E-02  2.553E-02  2.453E-02  2.354E-02  2.256E-02  2.160E-02  2.065E-02  1.971E-02  1.879E-02  1.789E-02  1.700E-02  1.613E-02  1.527E-02  1.444E-02  1.362E-02  1.282E-02  1.203E-02  1.127E-02  1.053E-02  9.817E-03  9.122E-03  8.451E-03  7.802E-03  7.182E-03  6.588E-03  6.024E-03  5.492E-03  4.995E-03  4.414E-03  3.918E-03  3.498E-03  3.142E-03  2.790E-03  2.421E-03  2.135E-03  1.844E-03  1.576E-03  1.351E-03  1.158E-03  9.844E-04  8.176E-04  6.767E-04  5.599E-04  4.637E-04  3.773E-04  3.061E-04
  334.5000  4.923E-02  4.790E-02  4.658E-02  4.527E-02  4.397E-02  4.269E-02  4.142E-02  4.016E-02  3.891E-02  3.766E-02  3.644E-02  3.522E-02  3.402E-02  3.283E-02  3.166E-02  3.049E-02  2.934E-02  2.820E-02  2.708E-02  2.598E-02  2.488E-02  2.380E-02  2.274E-02  2.170E-02  2.067E-02  1.966E-02  1.866E-02  1.769E-02  1.673E-02  1.580E-02  1.488E-02  1.399E-02  1.312E-02  1.227E-02  1.144E-02  1.064E-02  9.872E-03  9.122E-03  8.405E-03  7.719E-03  7.066E-03  6.448E-03  5.870E-03  5.190E-03  4.610E-03  4.119E-03  3.703E-03  3.290E-03  2.856E-03  2.520E-03  2.177E-03  1.861E-03  1.596E-03  1.368E-03  1.162E-03  9.644E-04  7.975E-04  6.593E-04  5.456E-04  4.435E-04  3.594E-04
  335.5000  5.211E-02  5.075E-02  4.939E-02  4.804E-02  4.671E-02  4.539E-02  4.407E-02  4.277E-02  4.148E-02  4.020E-02  3.893E-02  3.768E-02  3.643E-02  3.520E-02  3.398E-02  3.277E-02  3.158E-02  3.040E-02  2.923E-02  2.808E-02  2.693E-02  2.581E-02  2.470E-02  2.360E-02  2.253E-02  2.146E-02  2.041E-02  1.939E-02  1.838E-02  1.738E-02  1.641E-02  1.546E-02  1.453E-02  1.362E-02  1.274E-02  1.188E-02  1.104E-02  1.023E-02  9.449E-03  8.700E-03  7.985E-03  7.306E-03  6.669E-03  5.907E-03  5.259E-03  4.710E-03  4.245E-03  3.779E-03  3.286E-03  2.906E-03  2.513E-03  2.150E-03  1.845E-03  1.582E-03  1.345E-03  1.115E-03  9.212E-04  7.608E-04  6.288E-04  5.102E-04  4.128E-04
  336.5000  4.026E-02  3.920E-02  3.814E-02  3.709E-02  3.605E-02  3.502E-02  3.400E-02  3.299E-02  3.198E-02  3.098E-02  3.000E-02  2.902E-02  2.805E-02  2.709E-02  2.615E-02  2.520E-02  2.428E-02  2.336E-02  2.245E-02  2.156E-02  2.067E-02  1.980E-02  1.894E-02  1.809E-02  1.725E-02  1.643E-02  1.562E-02  1.482E-02  1.404E-02  1.328E-02  1.253E-02  1.179E-02  1.107E-02  1.037E-02  9.691E-03  9.030E-03  8.388E-03  7.765E-03  7.167E-03  6.593E-03  6.046E-03  5.527E-03  5.040E-03  4.462E-03  3.969E-03  3.551E-03  3.198E-03  2.845E-03  2.472E-03  2.184E-03  1.888E-03  1.615E-03  1.385E-03  1.187E-03  1.009E-03  8.365E-04  6.910E-04  5.707E-04  4.718E-04  3.829E-04  3.098E-04
  337.5000  4.292E-02  4.176E-02  4.061E-02  3.946E-02  3.834E-02  3.722E-02  3.611E-02  3.501E-02  3.392E-02  3.283E-02  3.176E-02  3.070E-02  2.966E-02  2.862E-02  2.760E-02  2.658E-02  2.558E-02  2.459E-02  2.361E-02  2.264E-02  2.169E-02  2.075E-02  1.982E-02  1.891E-02  1.802E-02  1.714E-02  1.627E-02  1.542E-02  1.458E-02  1.377E-02  1.297E-02  1.219E-02  1.143E-02  1.069E-02  9.969E-03  9.272E-03  8.597E-03  7.944E-03  7.318E-03  6.720E-03  6.149E-03  5.611E-03  5.107E-03  4.514E-03  4.009E-03  3.581E-03  3.218E-03  2.858E-03  2.481E-03  2.189E-03  1.890E-03  1.615E-03  1.384E-03  1.186E-03  1.008E-03  8.357E-04  6.907E-04  5.708E-04  4.722E-04  3.836E-04  3.107E-04
  338.5000  4.741E-02  4.617E-02  4.494E-02  4.371E-02  4.250E-02  4.130E-02  4.011E-02  3.893E-02  3.776E-02  3.659E-02  3.544E-02  3.430E-02  3.317E-02  3.205E-02  3.094E-02  2.984E-02  2.876E-02  2.769E-02  2.662E-02  2.558E-02  2.453E-02  2.351E-02  2.250E-02  2.151E-02  2.053E-02  1.956E-02  1.860E-02  1.767E-02  1.675E-02  1.585E-02  1.496E-02  1.409E-02  1.325E-02  1.242E-02  1.161E-02  1.083E-02  1.007E-02  9.329E-03  8.619E-03  7.935E-03  7.283E-03  6.663E-03  6.082E-03  5.387E-03  4.795E-03  4.294E-03  3.869E-03  3.444E-03  2.994E-03  2.647E-03  2.288E-03  1.958E-03  1.679E-03  1.440E-03  1.224E-03  1.014E-03  8.368E-04  6.906E-04  5.705E-04  4.626E-04  3.739E-04
  339.5000  5.189E-02  5.054E-02  4.920E-02  4.786E-02  4.654E-02  4.523E-02  4.393E-02  4.264E-02  4.137E-02  4.009E-02  3.884E-02  3.760E-02  3.636E-02  3.514E-02  3.394E-02  3.273E-02  3.155E-02  3.038E-02  2.922E-02  2.808E-02  2.694E-02  2.582E-02  2.472E-02  2.363E-02  2.256E-02  2.150E-02  2.046E-02  1.943E-02  1.843E-02  1.744E-02  1.647E-02  1.552E-02  1.459E-02  1.369E-02  1.280E-02  1.194E-02  1.111E-02  1.029E-02  9.513E-03  8.762E-03  8.044E-03  7.363E-03  6.723E-03  5.956E-03  5.302E-03  4.749E-03  4.281E-03  3.812E-03  3.315E-03  2.931E-03  2.534E-03  2.168E-03  1.859E-03  1.594E-03  1.355E-03  1.122E-03  9.259E-04  7.639E-04  6.308E-04  5.113E-04  4.131E-04
  340.5000  5.461E-02  5.317E-02  5.174E-02  5.032E-02  4.892E-02  4.752E-02  4.614E-02  4.477E-02  4.341E-02  4.206E-02  4.073E-02  3.941E-02  3.810E-02  3.680E-02  3.552E-02  3.424E-02  3.299E-02  3.175E-02  3.052E-02  2.931E-02  2.810E-02  2.692E-02  2.575E-02  2.461E-02  2.347E-02  2.236E-02  2.125E-02  2.018E-02  1.912E-02  1.808E-02  1.706E-02  1.606E-02  1.508E-02  1.413E-02  1.321E-02  1.231E-02  1.143E-02  1.058E-02  9.771E-03  8.989E-03  8.243E-03  7.536E-03  6.873E-03  6.083E-03  5.410E-03  4.840E-03  4.358E-03  3.876E-03  3.367E-03  2.975E-03  2.570E-03  2.197E-03  1.884E-03  1.614E-03  1.372E-03  1.136E-03  9.374E-04  7.736E-04  6.389E-04  5.181E-04  4.188E-04
  341.5000  4.966E-02  4.837E-02  4.710E-02  4.582E-02  4.457E-02  4.332E-02  4.208E-02  4.085E-02  3.964E-02  3.842E-02  3.723E-02  3.604E-02  3.487E-02  3.370E-02  3.255E-02  3.141E-02  3.028E-02  2.916E-02  2.805E-02  2.696E-02  2.588E-02  2.481E-02  2.376E-02  2.272E-02  2.169E-02  2.068E-02  1.968E-02  1.870E-02  1.774E-02  1.680E-02  1.587E-02  1.496E-02  1.407E-02  1.320E-02  1.235E-02  1.153E-02  1.072E-02  9.943E-03  9.192E-03  8.470E-03  7.779E-03  7.122E-03  6.506E-03  5.765E-03  5.134E-03  4.600E-03  4.148E-03  3.694E-03  3.213E-03  2.841E-03  2.457E-03  2.102E-03  1.803E-03  1.546E-03  1.314E-03  1.088E-03  8.970E-04  7.397E-04  6.105E-04  4.946E-04  3.993E-04
  342.5000  5.528E-02  5.386E-02  5.244E-02  5.102E-02  4.963E-02  4.824E-02  4.687E-02  4.551E-02  4.416E-02  4.281E-02  4.148E-02  4.017E-02  3.886E-02  3.757E-02  3.629E-02  3.502E-02  3.376E-02  3.252E-02  3.129E-02  3.008E-02  2.887E-02  2.769E-02  2.652E-02  2.536E-02  2.422E-02  2.310E-02  2.199E-02  2.090E-02  1.983E-02  1.877E-02  1.774E-02  1.672E-02  1.573E-02  1.477E-02  1.382E-02  1.290E-02  1.201E-02  1.113E-02  1.030E-02  9.489E-03  8.717E-03  7.983E-03  7.294E-03  6.464E-03  5.758E-03  5.160E-03  4.654E-03  4.146E-03  3.605E-03  3.189E-03  2.758E-03  2.359E-03  2.024E-03  1.735E-03  1.475E-03  1.220E-03  1.006E-03  8.296E-04  6.846E-04  5.543E-04  4.474E-04
  343.5000  5.701E-02  5.553E-02  5.406E-02  5.260E-02  5.115E-02  4.971E-02  4.829E-02  4.688E-02  4.548E-02  4.408E-02  4.271E-02  4.134E-02  3.999E-02  3.865E-02  3.733E-02  3.601E-02  3.471E-02  3.342E-02  3.215E-02  3.090E-02  2.965E-02  2.842E-02  2.721E-02  2.602E-02  2.484E-02  2.368E-02  2.253E-02  2.141E-02  2.030E-02  1.922E-02  1.815E-02  1.710E-02  1.608E-02  1.509E-02  1.411E-02  1.317E-02  1.225E-02  1.135E-02  1.049E-02  9.662E-03  8.870E-03  8.119E-03  7.413E-03  6.566E-03  5.845E-03  5.235E-03  4.718E-03  4.200E-03  3.651E-03  3.227E-03  2.789E-03  2.385E-03  2.045E-03  1.753E-03  1.489E-03  1.232E-03  1.016E-03  8.376E-04  6.912E-04  5.597E-04  4.518E-04
  344.5000  3.964E-02  3.860E-02  3.758E-02  3.655E-02  3.554E-02  3.453E-02  3.354E-02  3.255E-02  3.157E-02  3.060E-02  2.963E-02  2.868E-02  2.774E-02  2.680E-02  2.588E-02  2.495E-02  2.405E-02  2.315E-02  2.226E-02  2.139E-02  2.052E-02  1.966E-02  1.882E-02  1.799E-02  1.716E-02  1.636E-02  1.556E-02  1.477E-02  1.400E-02  1.325E-02  1.251E-02  1.178E-02  1.107E-02  1.038E-02  9.705E-03  9.049E-03  8.412E-03  7.792E-03  7.196E-03  6.624E-03  6.077E-03  5.558E-03  5.072E-03  4.490E-03  3.994E-03  3.575E-03  3.220E-03  2.864E-03  2.488E-03  2.198E-03  1.899E-03  1.623E-03  1.391E-03  1.192E-03  1.013E-03  8.377E-04  6.907E-04  5.694E-04  4.698E-04  3.805E-04  3.072E-04
  345.5000  5.557E-02  5.414E-02  5.272E-02  5.131E-02  4.991E-02  4.852E-02  4.715E-02  4.578E-02  4.443E-02  4.308E-02  4.175E-02  4.044E-02  3.913E-02  3.784E-02  3.655E-02  3.528E-02  3.402E-02  3.278E-02  3.154E-02  3.033E-02  2.912E-02  2.793E-02  2.675E-02  2.559E-02  2.445E-02  2.332E-02  2.221E-02  2.111E-02  2.004E-02  1.898E-02  1.794E-02  1.692E-02  1.592E-02  1.494E-02  1.399E-02  1.306E-02  1.216E-02  1.128E-02  1.044E-02  9.623E-03  8.843E-03  8.101E-03  7.404E-03  6.563E-03  5.846E-03  5.240E-03  4.727E-03  4.212E-03  3.663E-03  3.240E-03  2.802E-03  2.397E-03  2.056E-03  1.763E-03  1.499E-03  1.238E-03  1.021E-03  8.408E-04  6.933E-04  5.610E-04  4.524E-04
  346.5000  5.132E-02  4.998E-02  4.866E-02  4.734E-02  4.604E-02  4.475E-02  4.347E-02  4.220E-02  4.094E-02  3.968E-02  3.844E-02  3.721E-02  3.600E-02  3.479E-02  3.360E-02  3.241E-02  3.124E-02  3.009E-02  2.894E-02  2.781E-02  2.669E-02  2.559E-02  2.450E-02  2.342E-02  2.236E-02  2.132E-02  2.028E-02  1.927E-02  1.828E-02  1.730E-02  1.634E-02  1.540E-02  1.448E-02  1.358E-02  1.270E-02  1.185E-02  1.102E-02  1.021E-02  9.438E-03  8.692E-03  7.978E-03  7.301E-03  6.665E-03  5.903E-03  5.253E-03  4.703E-03  4.238E-03  3.772E-03  3.277E-03  2.896E-03  2.502E-03  2.139E-03  1.833E-03  1.571E-03  1.334E-03  1.104E-03  9.093E-04  7.492E-04  6.179E-04  5.001E-04  4.034E-04
  347.5000  5.025E-02  4.895E-02  4.765E-02  4.636E-02  4.509E-02  4.383E-02  4.257E-02  4.133E-02  4.010E-02  3.887E-02  3.766E-02  3.646E-02  3.527E-02  3.409E-02  3.292E-02  3.176E-02  3.062E-02  2.949E-02  2.837E-02  2.726E-02  2.616E-02  2.508E-02  2.401E-02  2.296E-02  2.192E-02  2.090E-02  1.989E-02  1.890E-02  1.792E-02  1.697E-02  1.603E-02  1.510E-02  1.420E-02  1.332E-02  1.246E-02  1.163E-02  1.081E-02  1.002E-02  9.263E-03  8.531E-03  7.832E-03  7.167E-03  6.543E-03  5.795E-03  5.157E-03  4.617E-03  4.161E-03  3.703E-03  3.217E-03  2.843E-03  2.457E-03  2.100E-03  1.800E-03  1.542E-03  1.310E-03  1.083E-03  8.919E-04  7.347E-04  6.057E-04  4.901E-04  3.953E-04
  348.5000  5.553E-02  5.410E-02  5.267E-02  5.125E-02  4.985E-02  4.846E-02  4.708E-02  4.571E-02  4.435E-02  4.300E-02  4.166E-02  4.034E-02  3.903E-02  3.773E-02  3.644E-02  3.516E-02  3.390E-02  3.266E-02  3.142E-02  3.020E-02  2.899E-02  2.780E-02  2.662E-02  2.546E-02  2.431E-02  2.318E-02  2.207E-02  2.097E-02  1.990E-02  1.884E-02  1.780E-02  1.678E-02  1.578E-02  1.481E-02  1.386E-02  1.293E-02  1.203E-02  1.115E-02  1.031E-02  9.501E-03  8.725E-03  7.987E-03  7.294E-03  6.461E-03  5.752E-03  5.151E-03  4.643E-03  4.133E-03  3.592E-03  3.175E-03  2.743E-03  2.345E-03  2.010E-03  1.722E-03  1.463E-03  1.209E-03  9.956E-04  8.198E-04  6.758E-04  5.466E-04  4.406E-04
  349.5000  4.654E-02  4.533E-02  4.414E-02  4.295E-02  4.177E-02  4.060E-02  3.945E-02  3.830E-02  3.716E-02  3.603E-02  3.491E-02  3.380E-02  3.270E-02  3.161E-02  3.053E-02  2.946E-02  2.840E-02  2.736E-02  2.632E-02  2.530E-02  2.428E-02  2.329E-02  2.230E-02  2.133E-02  2.037E-02  1.942E-02  1.848E-02  1.756E-02  1.666E-02  1.578E-02  1.491E-02  1.405E-02  1.321E-02  1.240E-02  1.160E-02  1.083E-02  1.007E-02  9.337E-03  8.631E-03  7.952E-03  7.301E-03  6.683E-03  6.102E-03  5.405E-03  4.811E-03  4.308E-03  3.882E-03  3.456E-03  3.002E-03  2.653E-03  2.292E-03  1.959E-03  1.679E-03  1.438E-03  1.222E-03  1.009E-03  8.311E-04  6.842E-04  5.638E-04  4.559E-04  3.675E-04
  350.5000  6.527E-02  6.358E-02  6.191E-02  6.024E-02  5.859E-02  5.695E-02  5.533E-02  5.372E-02  5.213E-02  5.054E-02  4.897E-02  4.742E-02  4.588E-02  4.435E-02  4.284E-02  4.134E-02  3.986E-02  3.839E-02  3.694E-02  3.551E-02  3.408E-02  3.268E-02  3.130E-02  2.993E-02  2.859E-02  2.726E-02  2.595E-02  2.466E-02  2.339E-02  2.215E-02  2.093E-02  1.973E-02  1.856E-02  1.741E-02  1.629E-02  1.521E-02  1.415E-02  1.312E-02  1.212E-02  1.117E-02  1.026E-02  9.389E-03  8.574E-03  7.594E-03  6.759E-03  6.052E-03  5.454E-03  4.855E-03  4.218E-03  3.728E-03  3.220E-03  2.752E-03  2.358E-03  2.020E-03  1.716E-03  1.417E-03  1.166E-03  9.600E-04  7.910E-04  6.394E-04  5.152E-04
  351.5000  5.618E-02  5.473E-02  5.328E-02  5.185E-02  5.042E-02  4.901E-02  4.762E-02  4.623E-02  4.486E-02  4.349E-02  4.214E-02  4.080E-02  3.947E-02  3.816E-02  3.685E-02  3.556E-02  3.428E-02  3.302E-02  3.177E-02  3.054E-02  2.931E-02  2.810E-02  2.691E-02  2.574E-02  2.458E-02  2.343E-02  2.230E-02  2.119E-02  2.010E-02  1.903E-02  1.798E-02  1.695E-02  1.594E-02  1.495E-02  1.399E-02  1.306E-02  1.214E-02  1.126E-02  1.041E-02  9.585E-03  8.799E-03  8.053E-03  7.352E-03  6.511E-03  5.793E-03  5.186E-03  4.673E-03  4.158E-03  3.611E-03  3.191E-03  2.756E-03  2.355E-03  2.017E-03  1.727E-03  1.467E-03  1.211E-03  9.970E-04  8.205E-04  6.759E-04  5.463E-04  4.401E-04
  352.5000  5.078E-02  4.947E-02  4.816E-02  4.686E-02  4.558E-02  4.431E-02  4.305E-02  4.179E-02  4.055E-02  3.932E-02  3.810E-02  3.689E-02  3.569E-02  3.450E-02  3.333E-02  3.216E-02  3.101E-02  2.987E-02  2.874E-02  2.762E-02  2.651E-02  2.542E-02  2.435E-02  2.329E-02  2.224E-02  2.121E-02  2.018E-02  1.918E-02  1.820E-02  1.723E-02  1.628E-02  1.534E-02  1.443E-02  1.354E-02  1.267E-02  1.182E-02  1.100E-02  1.020E-02  9.427E-03  8.684E-03  7.973E-03  7.297E-03  6.662E-03  5.900E-03  5.251E-03  4.700E-03  4.235E-03  3.769E-03  3.273E-03  2.892E-03  2.497E-03  2.134E-03  1.828E-03  1.565E-03  1.329E-03  1.097E-03  9.028E-04  7.428E-04  6.117E-04  4.943E-04  3.981E-04
  353.5000  6.131E-02  5.973E-02  5.816E-02  5.659E-02  5.505E-02  5.351E-02  5.199E-02  5.048E-02  4.899E-02  4.750E-02  4.603E-02  4.457E-02  4.312E-02  4.169E-02  4.028E-02  3.887E-02  3.748E-02  3.610E-02  3.474E-02  3.340E-02  3.206E-02  3.075E-02  2.945E-02  2.817E-02  2.690E-02  2.566E-02  2.442E-02  2.321E-02  2.202E-02  2.086E-02  1.971E-02  1.858E-02  1.748E-02  1.640E-02  1.535E-02  1.433E-02  1.333E-02  1.236E-02  1.143E-02  1.053E-02  9.666E-03  8.849E-03  8.080E-03  7.157E-03  6.369E-03  5.702E-03  5.138E-03  4.573E-03  3.971E-03  3.509E-03  3.031E-03  2.589E-03  2.218E-03  1.899E-03  1.612E-03  1.331E-03  1.095E-03  9.006E-04  7.415E-04  5.990E-04  4.823E-04
  354.5000  6.653E-02  6.481E-02  6.311E-02  6.141E-02  5.974E-02  5.808E-02  5.643E-02  5.480E-02  5.317E-02  5.156E-02  4.997E-02  4.839E-02  4.682E-02  4.527E-02  4.374E-02  4.221E-02  4.070E-02  3.921E-02  3.774E-02  3.628E-02  3.483E-02  3.340E-02  3.200E-02  3.061E-02  2.924E-02  2.789E-02  2.655E-02  2.524E-02  2.395E-02  2.268E-02  2.143E-02  2.021E-02  1.901E-02  1.784E-02  1.670E-02  1.559E-02  1.451E-02  1.345E-02  1.244E-02  1.146E-02  1.053E-02  9.636E-03  8.800E-03  7.795E-03  6.937E-03  6.211E-03  5.597E-03  4.982E-03  4.326E-03  3.823E-03  3.302E-03  2.820E-03  2.416E-03  2.069E-03  1.756E-03  1.449E-03  1.192E-03  9.803E-04  8.069E-04  6.517E-04  5.245E-04
  355.5000  6.222E-02  6.062E-02  5.903E-02  5.744E-02  5.587E-02  5.432E-02  5.278E-02  5.125E-02  4.973E-02  4.822E-02  4.673E-02  4.526E-02  4.379E-02  4.234E-02  4.091E-02  3.948E-02  3.807E-02  3.668E-02  3.530E-02  3.393E-02  3.258E-02  3.125E-02  2.993E-02  2.863E-02  2.735E-02  2.608E-02  2.483E-02  2.361E-02  2.240E-02  2.121E-02  2.005E-02  1.890E-02  1.778E-02  1.669E-02  1.562E-02  1.458E-02  1.357E-02  1.258E-02  1.163E-02  1.072E-02  9.845E-03  9.013E-03  8.230E-03  7.290E-03  6.488E-03  5.808E-03  5.234E-03  4.657E-03  4.045E-03  3.574E-03  3.086E-03  2.636E-03  2.257E-03  1.933E-03  1.641E-03  1.353E-03  1.113E-03  9.151E-04  7.531E-04  6.081E-04  4.893E-04
  356.5000  5.776E-02  5.628E-02  5.480E-02  5.332E-02  5.187E-02  5.043E-02  4.900E-02  4.758E-02  4.617E-02  4.477E-02  4.338E-02  4.201E-02  4.066E-02  3.931E-02  3.798E-02  3.665E-02  3.534E-02  3.405E-02  3.277E-02  3.150E-02  3.024E-02  2.901E-02  2.779E-02  2.658E-02  2.539E-02  2.422E-02  2.305E-02  2.191E-02  2.079E-02  1.969E-02  1.861E-02  1.755E-02  1.651E-02  1.549E-02  1.450E-02  1.353E-02  1.259E-02  1.168E-02  1.080E-02  9.949E-03  9.136E-03  8.363E-03  7.636E-03  6.763E-03  6.018E-03  5.387E-03  4.854E-03  4.319E-03  3.750E-03  3.313E-03  2.860E-03  2.443E-03  2.092E-03  1.791E-03  1.520E-03  1.254E-03  1.031E-03  8.472E-04  6.971E-04  5.627E-04  4.527E-04
  357.5000  4.913E-02  4.786E-02  4.660E-02  4.535E-02  4.411E-02  4.288E-02  4.167E-02  4.046E-02  3.926E-02  3.807E-02  3.689E-02  3.573E-02  3.457E-02  3.343E-02  3.229E-02  3.116E-02  3.005E-02  2.895E-02  2.786E-02  2.679E-02  2.572E-02  2.466E-02  2.362E-02  2.260E-02  2.159E-02  2.059E-02  1.960E-02  1.863E-02  1.768E-02  1.674E-02  1.582E-02  1.492E-02  1.403E-02  1.317E-02  1.233E-02  1.150E-02  1.070E-02  9.925E-03  9.175E-03  8.453E-03  7.762E-03  7.105E-03  6.487E-03  5.745E-03  5.111E-03  4.575E-03  4.121E-03  3.667E-03  3.183E-03  2.812E-03  2.427E-03  2.072E-03  1.774E-03  1.519E-03  1.289E-03  1.063E-03  8.737E-04  7.180E-04  5.906E-04  4.767E-04  3.834E-04
  358.5000  3.797E-02  3.699E-02  3.602E-02  3.505E-02  3.410E-02  3.315E-02  3.221E-02  3.128E-02  3.035E-02  2.943E-02  2.852E-02  2.762E-02  2.673E-02  2.584E-02  2.497E-02  2.410E-02  2.324E-02  2.239E-02  2.155E-02  2.071E-02  1.989E-02  1.907E-02  1.827E-02  1.748E-02  1.670E-02  1.593E-02  1.516E-02  1.441E-02  1.368E-02  1.295E-02  1.224E-02  1.154E-02  1.086E-02  1.019E-02  9.539E-03  8.903E-03  8.285E-03  7.682E-03  7.103E-03  6.544E-03  6.009E-03  5.500E-03  5.022E-03  4.448E-03  3.957E-03  3.542E-03  3.191E-03  2.839E-03  2.464E-03  2.177E-03  1.879E-03  1.604E-03  1.373E-03  1.175E-03  9.968E-04  8.222E-04  6.757E-04  5.552E-04  4.566E-04  3.684E-04  2.962E-04
  359.5000  6.394E-02  6.229E-02  6.065E-02  5.902E-02  5.741E-02  5.582E-02  5.423E-02  5.266E-02  5.111E-02  4.955E-02  4.802E-02  4.651E-02  4.501E-02  4.352E-02  4.204E-02  4.057E-02  3.913E-02  3.770E-02  3.628E-02  3.488E-02  3.349E-02  3.212E-02  3.077E-02  2.943E-02  2.812E-02  2.682E-02  2.553E-02  2.427E-02  2.303E-02  2.181E-02  2.061E-02  1.944E-02  1.829E-02  1.716E-02  1.606E-02  1.499E-02  1.395E-02  1.294E-02  1.196E-02  1.102E-02  1.012E-02  9.259E-03  8.454E-03  7.486E-03  6.660E-03  5.961E-03  5.369E-03  4.776E-03  4.145E-03  3.661E-03  3.160E-03  2.697E-03  2.309E-03  1.976E-03  1.676E-03  1.382E-03  1.135E-03  9.327E-04  7.669E-04  6.186E-04  4.973E-04
  360.5000  5.930E-02  5.777E-02  5.626E-02  5.474E-02  5.325E-02  5.177E-02  5.030E-02  4.885E-02  4.740E-02  4.596E-02  4.454E-02  4.314E-02  4.174E-02  4.036E-02  3.900E-02  3.763E-02  3.629E-02  3.497E-02  3.365E-02  3.235E-02  3.106E-02  2.980E-02  2.854E-02  2.730E-02  2.608E-02  2.488E-02  2.368E-02  2.252E-02  2.136E-02  2.023E-02  1.912E-02  1.803E-02  1.696E-02  1.592E-02  1.490E-02  1.391E-02  1.294E-02  1.200E-02  1.109E-02  1.022E-02  9.383E-03  8.588E-03  7.841E-03  6.943E-03  6.176E-03  5.527E-03  4.978E-03  4.428E-03  3.843E-03  3.394E-03  2.928E-03  2.499E-03  2.139E-03  1.830E-03  1.552E-03  1.280E-03  1.051E-03  8.633E-04  7.097E-04  5.724E-04  4.600E-04
  361.5000  5.353E-02  5.215E-02  5.078E-02  4.942E-02  4.807E-02  4.673E-02  4.541E-02  4.409E-02  4.279E-02  4.149E-02  4.021E-02  3.895E-02  3.769E-02  3.644E-02  3.521E-02  3.398E-02  3.277E-02  3.157E-02  3.039E-02  2.922E-02  2.805E-02  2.691E-02  2.578E-02  2.466E-02  2.356E-02  2.247E-02  2.139E-02  2.034E-02  1.930E-02  1.828E-02  1.728E-02  1.629E-02  1.533E-02  1.438E-02  1.346E-02  1.257E-02  1.169E-02  1.084E-02  1.002E-02  9.235E-03  8.479E-03  7.761E-03  7.085E-03  6.274E-03  5.582E-03  4.994E-03  4.498E-03  4.001E-03  3.472E-03  3.066E-03  2.645E-03  2.258E-03  1.932E-03  1.653E-03  1.402E-03  1.155E-03  9.487E-04  7.790E-04  6.402E-04  5.162E-04  4.148E-04
  362.5000  6.291E-02  6.129E-02  5.969E-02  5.808E-02  5.650E-02  5.493E-02  5.337E-02  5.183E-02  5.030E-02  4.877E-02  4.727E-02  4.578E-02  4.430E-02  4.284E-02  4.139E-02  3.995E-02  3.852E-02  3.712E-02  3.573E-02  3.435E-02  3.298E-02  3.163E-02  3.030E-02  2.899E-02  2.770E-02  2.642E-02  2.515E-02  2.391E-02  2.269E-02  2.149E-02  2.032E-02  1.915E-02  1.802E-02  1.691E-02  1.583E-02  1.478E-02  1.375E-02  1.275E-02  1.179E-02  1.086E-02  9.972E-03  9.127E-03  8.332E-03  7.378E-03  6.563E-03  5.872E-03  5.288E-03  4.704E-03  4.081E-03  3.604E-03  3.109E-03  2.653E-03  2.270E-03  1.942E-03  1.647E-03  1.357E-03  1.114E-03  9.145E-04  7.515E-04  6.058E-04  4.866E-04
  363.5000  5.600E-02  5.456E-02  5.313E-02  5.170E-02  5.029E-02  4.890E-02  4.751E-02  4.614E-02  4.477E-02  4.342E-02  4.208E-02  4.075E-02  3.944E-02  3.813E-02  3.684E-02  3.556E-02  3.429E-02  3.304E-02  3.180E-02  3.058E-02  2.936E-02  2.816E-02  2.698E-02  2.581E-02  2.466E-02  2.352E-02  2.239E-02  2.129E-02  2.020E-02  1.914E-02  1.809E-02  1.705E-02  1.605E-02  1.506E-02  1.410E-02  1.316E-02  1.224E-02  1.135E-02  1.049E-02  9.669E-03  8.877E-03  8.125E-03  7.417E-03  6.567E-03  5.842E-03  5.226E-03  4.706E-03  4.185E-03  3.631E-03  3.206E-03  2.765E-03  2.359E-03  2.019E-03  1.727E-03  1.464E-03  1.206E-03  9.899E-04  8.125E-04  6.675E-04  5.379E-04  4.320E-04
  364.5000  6.111E-02  5.954E-02  5.797E-02  5.642E-02  5.488E-02  5.335E-02  5.184E-02  5.034E-02  4.886E-02  4.737E-02  4.591E-02  4.447E-02  4.303E-02  4.161E-02  4.020E-02  3.880E-02  3.742E-02  3.605E-02  3.470E-02  3.336E-02  3.204E-02  3.073E-02  2.944E-02  2.816E-02  2.690E-02  2.566E-02  2.443E-02  2.323E-02  2.204E-02  2.088E-02  1.973E-02  1.861E-02  1.751E-02  1.643E-02  1.538E-02  1.435E-02  1.336E-02  1.238E-02  1.145E-02  1.055E-02  9.682E-03  8.861E-03  8.089E-03  7.162E-03  6.369E-03  5.698E-03  5.130E-03  4.562E-03  3.957E-03  3.493E-03  3.013E-03  2.570E-03  2.198E-03  1.880E-03  1.594E-03  1.313E-03  1.077E-03  8.841E-04  7.262E-04  5.851E-04  4.698E-04
  365.5000  7.448E-02  7.256E-02  7.065E-02  6.875E-02  6.688E-02  6.502E-02  6.318E-02  6.135E-02  5.954E-02  5.773E-02  5.595E-02  5.419E-02  5.244E-02  5.070E-02  4.899E-02  4.728E-02  4.560E-02  4.393E-02  4.229E-02  4.066E-02  3.904E-02  3.744E-02  3.587E-02  3.432E-02  3.278E-02  3.127E-02  2.977E-02  2.830E-02  2.686E-02  2.544E-02  2.404E-02  2.267E-02  2.133E-02  2.001E-02  1.873E-02  1.748E-02  1.627E-02  1.508E-02  1.394E-02  1.284E-02  1.179E-02  1.079E-02  9.848E-03  8.719E-03  7.753E-03  6.936E-03  6.244E-03  5.551E-03  4.814E-03  4.250E-03  3.664E-03  3.125E-03  2.673E-03  2.285E-03  1.937E-03  1.595E-03  1.309E-03  1.074E-03  8.819E-04  7.105E-04  5.703E-04
  366.5000  7.889E-02  7.686E-02  7.484E-02  7.283E-02  7.084E-02  6.887E-02  6.692E-02  6.498E-02  6.307E-02  6.115E-02  5.927E-02  5.740E-02  5.555E-02  5.371E-02  5.190E-02  5.009E-02  4.831E-02  4.654E-02  4.480E-02  4.307E-02  4.136E-02  3.967E-02  3.800E-02  3.636E-02  3.473E-02  3.313E-02  3.155E-02  2.999E-02  2.846E-02  2.696E-02  2.548E-02  2.402E-02  2.260E-02  2.121E-02  1.985E-02  1.853E-02  1.724E-02  1.599E-02  1.478E-02  1.361E-02  1.250E-02  1.143E-02  1.044E-02  9.239E-03  8.216E-03  7.349E-03  6.615E-03  5.881E-03  5.100E-03  4.501E-03  3.881E-03  3.310E-03  2.830E-03  2.420E-03  2.051E-03  1.688E-03  1.385E-03  1.136E-03  9.327E-04  7.512E-04  6.028E-04
  367.5000  7.497E-02  7.304E-02  7.112E-02  6.921E-02  6.732E-02  6.545E-02  6.360E-02  6.176E-02  5.993E-02  5.812E-02  5.633E-02  5.455E-02  5.279E-02  5.105E-02  4.932E-02  4.760E-02  4.591E-02  4.424E-02  4.258E-02  4.094E-02  3.931E-02  3.771E-02  3.612E-02  3.456E-02  3.302E-02  3.150E-02  2.999E-02  2.851E-02  2.706E-02  2.563E-02  2.422E-02  2.284E-02  2.149E-02  2.017E-02  1.888E-02  1.762E-02  1.639E-02  1.520E-02  1.405E-02  1.294E-02  1.188E-02  1.087E-02  9.922E-03  8.784E-03  7.810E-03  6.986E-03  6.288E-03  5.590E-03  4.847E-03  4.277E-03  3.687E-03  3.144E-03  2.688E-03  2.298E-03  1.946E-03  1.603E-03  1.315E-03  1.078E-03  8.851E-04  7.127E-04  5.717E-04
  368.5000  6.589E-02  6.419E-02  6.251E-02  6.083E-02  5.917E-02  5.752E-02  5.589E-02  5.428E-02  5.267E-02  5.108E-02  4.950E-02  4.794E-02  4.640E-02  4.487E-02  4.335E-02  4.184E-02  4.035E-02  3.888E-02  3.742E-02  3.598E-02  3.455E-02  3.314E-02  3.175E-02  3.038E-02  2.902E-02  2.768E-02  2.636E-02  2.506E-02  2.378E-02  2.252E-02  2.129E-02  2.007E-02  1.889E-02  1.772E-02  1.659E-02  1.548E-02  1.441E-02  1.336E-02  1.235E-02  1.137E-02  1.044E-02  9.553E-03  8.718E-03  7.718E-03  6.862E-03  6.137E-03  5.523E-03  4.909E-03  4.256E-03  3.756E-03  3.237E-03  2.760E-03  2.359E-03  2.017E-03  1.708E-03  1.406E-03  1.153E-03  9.455E-04  7.759E-04  6.246E-04  5.010E-04
  369.5000  7.908E-02  7.704E-02  7.502E-02  7.300E-02  7.101E-02  6.903E-02  6.708E-02  6.514E-02  6.322E-02  6.130E-02  5.941E-02  5.754E-02  5.568E-02  5.384E-02  5.202E-02  5.021E-02  4.843E-02  4.666E-02  4.491E-02  4.318E-02  4.147E-02  3.978E-02  3.811E-02  3.646E-02  3.483E-02  3.322E-02  3.163E-02  3.008E-02  2.854E-02  2.703E-02  2.555E-02  2.409E-02  2.267E-02  2.127E-02  1.991E-02  1.858E-02  1.729E-02  1.603E-02  1.482E-02  1.365E-02  1.253E-02  1.146E-02  1.046E-02  9.260E-03  8.233E-03  7.362E-03  6.625E-03  5.888E-03  5.104E-03  4.503E-03  3.881E-03  3.308E-03  2.828E-03  2.417E-03  2.047E-03  1.685E-03  1.381E-03  1.132E-03  9.289E-04  7.476E-04  5.995E-04
  370.5000  7.178E-02  6.993E-02  6.809E-02  6.626E-02  6.445E-02  6.266E-02  6.089E-02  5.912E-02  5.738E-02  5.564E-02  5.392E-02  5.223E-02  5.054E-02  4.887E-02  4.722E-02  4.558E-02  4.396E-02  4.235E-02  4.077E-02  3.920E-02  3.764E-02  3.610E-02  3.459E-02  3.309E-02  3.162E-02  3.016E-02  2.871E-02  2.730E-02  2.591E-02  2.454E-02  2.319E-02  2.187E-02  2.057E-02  1.931E-02  1.807E-02  1.687E-02  1.569E-02  1.455E-02  1.345E-02  1.239E-02  1.137E-02  1.040E-02  9.493E-03  8.403E-03  7.470E-03  6.679E-03  6.010E-03  5.341E-03  4.629E-03  4.084E-03  3.519E-03  2.999E-03  2.563E-03  2.190E-03  1.854E-03  1.526E-03  1.251E-03  1.025E-03  8.410E-04  6.767E-04  5.425E-04
  371.5000  8.218E-02  8.006E-02  7.795E-02  7.586E-02  7.379E-02  7.174E-02  6.970E-02  6.769E-02  6.569E-02  6.370E-02  6.173E-02  5.979E-02  5.786E-02  5.595E-02  5.406E-02  5.218E-02  5.032E-02  4.849E-02  4.667E-02  4.488E-02  4.309E-02  4.134E-02  3.960E-02  3.789E-02  3.620E-02  3.453E-02  3.288E-02  3.126E-02  2.966E-02  2.810E-02  2.656E-02  2.504E-02  2.356E-02  2.211E-02  2.069E-02  1.931E-02  1.797E-02  1.666E-02  1.540E-02  1.418E-02  1.302E-02  1.191E-02  1.087E-02  9.619E-03  8.550E-03  7.644E-03  6.878E-03  6.111E-03  5.296E-03  4.672E-03  4.025E-03  3.430E-03  2.931E-03  2.504E-03  2.121E-03  1.744E-03  1.429E-03  1.171E-03  9.605E-04  7.727E-04  6.193E-04
  372.5000  6.074E-02  5.917E-02  5.761E-02  5.606E-02  5.453E-02  5.302E-02  5.152E-02  5.002E-02  4.855E-02  4.708E-02  4.563E-02  4.419E-02  4.276E-02  4.135E-02  3.996E-02  3.856E-02  3.719E-02  3.584E-02  3.450E-02  3.317E-02  3.185E-02  3.055E-02  2.927E-02  2.801E-02  2.676E-02  2.552E-02  2.430E-02  2.310E-02  2.193E-02  2.077E-02  1.963E-02  1.851E-02  1.741E-02  1.634E-02  1.530E-02  1.428E-02  1.328E-02  1.231E-02  1.138E-02  1.048E-02  9.621E-03  8.802E-03  8.031E-03  7.108E-03  6.319E-03  5.648E-03  5.081E-03  4.515E-03  3.912E-03  3.450E-03  2.972E-03  2.533E-03  2.164E-03  1.849E-03  1.566E-03  1.287E-03  1.055E-03  8.638E-04  7.083E-04  5.697E-04  4.565E-04
  373.5000  5.492E-02  5.350E-02  5.209E-02  5.069E-02  4.931E-02  4.794E-02  4.658E-02  4.523E-02  4.390E-02  4.257E-02  4.125E-02  3.995E-02  3.867E-02  3.739E-02  3.613E-02  3.487E-02  3.363E-02  3.240E-02  3.119E-02  2.999E-02  2.880E-02  2.763E-02  2.647E-02  2.532E-02  2.419E-02  2.308E-02  2.197E-02  2.089E-02  1.983E-02  1.878E-02  1.775E-02  1.673E-02  1.574E-02  1.478E-02  1.383E-02  1.291E-02  1.201E-02  1.113E-02  1.029E-02  9.476E-03  8.697E-03  7.956E-03  7.259E-03  6.424E-03  5.710E-03  5.104E-03  4.591E-03  4.079E-03  3.534E-03  3.116E-03  2.684E-03  2.287E-03  1.953E-03  1.668E-03  1.412E-03  1.161E-03  9.513E-04  7.791E-04  6.387E-04  5.136E-04  4.114E-04
  374.5000  6.030E-02  5.874E-02  5.720E-02  5.566E-02  5.414E-02  5.263E-02  5.114E-02  4.966E-02  4.819E-02  4.673E-02  4.529E-02  4.387E-02  4.245E-02  4.105E-02  3.966E-02  3.828E-02  3.692E-02  3.558E-02  3.425E-02  3.293E-02  3.162E-02  3.033E-02  2.906E-02  2.780E-02  2.656E-02  2.534E-02  2.413E-02  2.294E-02  2.177E-02  2.062E-02  1.949E-02  1.837E-02  1.729E-02  1.622E-02  1.518E-02  1.417E-02  1.318E-02  1.222E-02  1.129E-02  1.040E-02  9.547E-03  8.733E-03  7.967E-03  7.051E-03  6.266E-03  5.601E-03  5.037E-03  4.474E-03  3.876E-03  3.418E-03  2.943E-03  2.507E-03  2.141E-03  1.829E-03  1.548E-03  1.272E-03  1.042E-03  8.533E-04  6.993E-04  5.622E-04  4.503E-04
  375.5000  6.808E-02  6.632E-02  6.457E-02  6.283E-02  6.112E-02  5.942E-02  5.773E-02  5.606E-02  5.441E-02  5.276E-02  5.113E-02  4.952E-02  4.792E-02  4.634E-02  4.478E-02  4.322E-02  4.168E-02  4.017E-02  3.866E-02  3.717E-02  3.570E-02  3.424E-02  3.281E-02  3.139E-02  2.999E-02  2.861E-02  2.724E-02  2.590E-02  2.458E-02  2.328E-02  2.200E-02  2.074E-02  1.952E-02  1.832E-02  1.714E-02  1.600E-02  1.489E-02  1.380E-02  1.275E-02  1.174E-02  1.078E-02  9.859E-03  8.994E-03  7.960E-03  7.074E-03  6.321E-03  5.685E-03  5.049E-03  4.374E-03  3.856E-03  3.320E-03  2.828E-03  2.415E-03  2.062E-03  1.746E-03  1.434E-03  1.174E-03  9.613E-04  7.877E-04  6.331E-04  5.069E-04
  376.5000  6.802E-02  6.626E-02  6.452E-02  6.278E-02  6.107E-02  5.937E-02  5.768E-02  5.601E-02  5.436E-02  5.271E-02  5.109E-02  4.948E-02  4.788E-02  4.630E-02  4.474E-02  4.318E-02  4.165E-02  4.013E-02  3.863E-02  3.714E-02  3.567E-02  3.421E-02  3.278E-02  3.136E-02  2.996E-02  2.858E-02  2.722E-02  2.588E-02  2.456E-02  2.326E-02  2.199E-02  2.073E-02  1.950E-02  1.830E-02  1.713E-02  1.599E-02  1.487E-02  1.379E-02  1.274E-02  1.173E-02  1.077E-02  9.850E-03  8.985E-03  7.952E-03  7.067E-03  6.314E-03  5.678E-03  5.042E-03  4.367E-03  3.850E-03  3.314E-03  2.822E-03  2.410E-03  2.057E-03  1.742E-03  1.430E-03  1.171E-03  9.584E-04  7.852E-04  6.309E-04  5.050E-04
  377.5000  8.104E-02  7.894E-02  7.687E-02  7.480E-02  7.275E-02  7.073E-02  6.872E-02  6.673E-02  6.476E-02  6.280E-02  6.086E-02  5.895E-02  5.705E-02  5.516E-02  5.330E-02  5.145E-02  4.962E-02  4.781E-02  4.602E-02  4.425E-02  4.249E-02  4.076E-02  3.906E-02  3.737E-02  3.570E-02  3.406E-02  3.243E-02  3.083E-02  2.926E-02  2.771E-02  2.620E-02  2.470E-02  2.324E-02  2.181E-02  2.041E-02  1.905E-02  1.772E-02  1.643E-02  1.518E-02  1.398E-02  1.283E-02  1.173E-02  1.070E-02  9.472E-03  8.417E-03  7.520E-03  6.762E-03  6.004E-03  5.199E-03  4.583E-03  3.945E-03  3.359E-03  2.868E-03  2.448E-03  2.073E-03  1.701E-03  1.392E-03  1.139E-03  9.331E-04  7.497E-04  5.999E-04
  378.5000  8.837E-02  8.608E-02  8.382E-02  8.156E-02  7.933E-02  7.712E-02  7.493E-02  7.276E-02  7.061E-02  6.847E-02  6.636E-02  6.427E-02  6.220E-02  6.015E-02  5.812E-02  5.610E-02  5.410E-02  5.213E-02  5.018E-02  4.825E-02  4.634E-02  4.445E-02  4.259E-02  4.075E-02  3.893E-02  3.714E-02  3.536E-02  3.362E-02  3.191E-02  3.022E-02  2.856E-02  2.693E-02  2.534E-02  2.378E-02  2.226E-02  2.077E-02  1.932E-02  1.791E-02  1.655E-02  1.524E-02  1.399E-02  1.279E-02  1.167E-02  1.033E-02  9.175E-03  8.196E-03  7.369E-03  6.543E-03  5.665E-03  4.993E-03  4.297E-03  3.658E-03  3.122E-03  2.665E-03  2.256E-03  1.851E-03  1.515E-03  1.239E-03  1.015E-03  8.152E-04  6.522E-04
  379.5000  6.541E-02  6.371E-02  6.204E-02  6.037E-02  5.872E-02  5.708E-02  5.546E-02  5.386E-02  5.226E-02  5.068E-02  4.912E-02  4.757E-02  4.604E-02  4.452E-02  4.301E-02  4.152E-02  4.004E-02  3.859E-02  3.714E-02  3.571E-02  3.429E-02  3.290E-02  3.152E-02  3.016E-02  2.881E-02  2.749E-02  2.617E-02  2.488E-02  2.362E-02  2.237E-02  2.114E-02  1.993E-02  1.875E-02  1.760E-02  1.647E-02  1.537E-02  1.430E-02  1.326E-02  1.225E-02  1.128E-02  1.035E-02  9.466E-03  8.634E-03  7.640E-03  6.788E-03  6.063E-03  5.451E-03  4.839E-03  4.189E-03  3.691E-03  3.176E-03  2.704E-03  2.308E-03  1.969E-03  1.667E-03  1.367E-03  1.119E-03  9.151E-04  7.492E-04  6.016E-04  4.812E-04
  380.5000  7.870E-02  7.666E-02  7.465E-02  7.263E-02  7.065E-02  6.868E-02  6.673E-02  6.480E-02  6.288E-02  6.098E-02  5.910E-02  5.724E-02  5.539E-02  5.356E-02  5.175E-02  4.995E-02  4.818E-02  4.643E-02  4.469E-02  4.297E-02  4.126E-02  3.959E-02  3.793E-02  3.629E-02  3.467E-02  3.307E-02  3.149E-02  2.994E-02  2.842E-02  2.692E-02  2.544E-02  2.399E-02  2.257E-02  2.118E-02  1.982E-02  1.850E-02  1.721E-02  1.595E-02  1.474E-02  1.357E-02  1.245E-02  1.139E-02  1.039E-02  9.191E-03  8.165E-03  7.293E-03  6.555E-03  5.819E-03  5.037E-03  4.438E-03  3.818E-03  3.250E-03  2.773E-03  2.366E-03  2.002E-03  1.642E-03  1.343E-03  1.099E-03  8.992E-04  7.219E-04  5.773E-04
  381.5000  7.399E-02  7.208E-02  7.018E-02  6.829E-02  6.642E-02  6.457E-02  6.274E-02  6.092E-02  5.912E-02  5.733E-02  5.556E-02  5.381E-02  5.207E-02  5.036E-02  4.866E-02  4.696E-02  4.530E-02  4.365E-02  4.201E-02  4.040E-02  3.879E-02  3.722E-02  3.566E-02  3.412E-02  3.260E-02  3.110E-02  2.961E-02  2.815E-02  2.672E-02  2.531E-02  2.392E-02  2.255E-02  2.122E-02  1.991E-02  1.864E-02  1.739E-02  1.618E-02  1.500E-02  1.386E-02  1.276E-02  1.171E-02  1.071E-02  9.764E-03  8.639E-03  7.675E-03  6.854E-03  6.160E-03  5.468E-03  4.732E-03  4.169E-03  3.586E-03  3.052E-03  2.604E-03  2.221E-03  1.880E-03  1.541E-03  1.260E-03  1.031E-03  8.433E-04  6.769E-04  5.412E-04
  382.5000  4.933E-02  4.805E-02  4.678E-02  4.552E-02  4.428E-02  4.304E-02  4.182E-02  4.061E-02  3.941E-02  3.821E-02  3.704E-02  3.587E-02  3.471E-02  3.357E-02  3.243E-02  3.131E-02  3.020E-02  2.910E-02  2.801E-02  2.693E-02  2.586E-02  2.481E-02  2.377E-02  2.274E-02  2.173E-02  2.073E-02  1.974E-02  1.877E-02  1.781E-02  1.687E-02  1.595E-02  1.503E-02  1.415E-02  1.327E-02  1.242E-02  1.159E-02  1.079E-02  9.998E-03  9.238E-03  8.506E-03  7.804E-03  7.136E-03  6.508E-03  5.758E-03  5.115E-03  4.568E-03  4.105E-03  3.643E-03  3.153E-03  2.777E-03  2.388E-03  2.032E-03  1.733E-03  1.479E-03  1.251E-03  1.025E-03  8.386E-04  6.854E-04  5.608E-04  4.500E-04  3.597E-04
  383.5000  4.334E-02  4.221E-02  4.110E-02  3.999E-02  3.890E-02  3.781E-02  3.674E-02  3.568E-02  3.462E-02  3.357E-02  3.254E-02  3.151E-02  3.049E-02  2.949E-02  2.849E-02  2.750E-02  2.653E-02  2.556E-02  2.460E-02  2.366E-02  2.272E-02  2.180E-02  2.088E-02  1.998E-02  1.909E-02  1.821E-02  1.734E-02  1.649E-02  1.565E-02  1.482E-02  1.401E-02  1.321E-02  1.243E-02  1.166E-02  1.091E-02  1.019E-02  9.475E-03  8.783E-03  8.115E-03  7.472E-03  6.855E-03  6.268E-03  5.716E-03  5.057E-03  4.492E-03  4.011E-03  3.604E-03  3.198E-03  2.767E-03  2.437E-03  2.096E-03  1.783E-03  1.521E-03  1.297E-03  1.097E-03  8.992E-04  7.351E-04  6.008E-04  4.914E-04  3.943E-04  3.150E-04
  384.5000  6.507E-02  6.338E-02  6.171E-02  6.004E-02  5.840E-02  5.677E-02  5.516E-02  5.356E-02  5.198E-02  5.040E-02  4.885E-02  4.731E-02  4.578E-02  4.427E-02  4.278E-02  4.129E-02  3.983E-02  3.838E-02  3.694E-02  3.552E-02  3.411E-02  3.272E-02  3.135E-02  3.000E-02  2.866E-02  2.734E-02  2.604E-02  2.476E-02  2.350E-02  2.225E-02  2.104E-02  1.983E-02  1.866E-02  1.751E-02  1.639E-02  1.529E-02  1.423E-02  1.319E-02  1.218E-02  1.122E-02  1.029E-02  9.411E-03  8.581E-03  7.592E-03  6.743E-03  6.020E-03  5.409E-03  4.799E-03  4.152E-03  3.656E-03  3.144E-03  2.674E-03  2.280E-03  1.944E-03  1.645E-03  1.348E-03  1.101E-03  9.000E-04  7.360E-04  5.903E-04  4.716E-04
  385.5000  6.441E-02  6.274E-02  6.108E-02  5.943E-02  5.781E-02  5.620E-02  5.460E-02  5.302E-02  5.145E-02  4.989E-02  4.835E-02  4.683E-02  4.532E-02  4.382E-02  4.234E-02  4.087E-02  3.942E-02  3.798E-02  3.656E-02  3.516E-02  3.376E-02  3.239E-02  3.103E-02  2.969E-02  2.837E-02  2.707E-02  2.577E-02  2.451E-02  2.326E-02  2.203E-02  2.082E-02  1.963E-02  1.847E-02  1.733E-02  1.622E-02  1.514E-02  1.408E-02  1.305E-02  1.206E-02  1.110E-02  1.019E-02  9.314E-03  8.492E-03  7.513E-03  6.673E-03  5.957E-03  5.352E-03  4.748E-03  4.107E-03  3.616E-03  3.109E-03  2.644E-03  2.254E-03  1.922E-03  1.626E-03  1.331E-03  1.088E-03  8.888E-04  7.267E-04  5.828E-04  4.655E-04
  386.5000  6.569E-02  6.398E-02  6.229E-02  6.061E-02  5.895E-02  5.731E-02  5.568E-02  5.406E-02  5.247E-02  5.087E-02  4.930E-02  4.775E-02  4.621E-02  4.469E-02  4.318E-02  4.168E-02  4.020E-02  3.873E-02  3.729E-02  3.585E-02  3.443E-02  3.303E-02  3.165E-02  3.028E-02  2.893E-02  2.760E-02  2.628E-02  2.499E-02  2.372E-02  2.247E-02  2.124E-02  2.002E-02  1.884E-02  1.768E-02  1.654E-02  1.544E-02  1.436E-02  1.331E-02  1.230E-02  1.132E-02  1.039E-02  9.497E-03  8.659E-03  7.660E-03  6.803E-03  6.073E-03  5.455E-03  4.839E-03  4.186E-03  3.685E-03  3.167E-03  2.693E-03  2.296E-03  1.957E-03  1.655E-03  1.355E-03  1.107E-03  9.043E-04  7.392E-04  5.927E-04  4.733E-04
  387.5000  6.108E-02  5.949E-02  5.792E-02  5.635E-02  5.481E-02  5.328E-02  5.177E-02  5.027E-02  4.878E-02  4.730E-02  4.584E-02  4.439E-02  4.296E-02  4.155E-02  4.014E-02  3.875E-02  3.737E-02  3.601E-02  3.467E-02  3.333E-02  3.201E-02  3.071E-02  2.943E-02  2.816E-02  2.690E-02  2.566E-02  2.444E-02  2.324E-02  2.205E-02  2.089E-02  1.974E-02  1.862E-02  1.751E-02  1.644E-02  1.538E-02  1.435E-02  1.335E-02  1.238E-02  1.143E-02  1.053E-02  9.658E-03  8.829E-03  8.049E-03  7.121E-03  6.324E-03  5.644E-03  5.070E-03  4.497E-03  3.889E-03  3.423E-03  2.942E-03  2.501E-03  2.132E-03  1.817E-03  1.536E-03  1.258E-03  1.027E-03  8.389E-04  6.856E-04  5.496E-04  4.387E-04
  388.5000  6.125E-02  5.966E-02  5.808E-02  5.651E-02  5.496E-02  5.343E-02  5.191E-02  5.040E-02  4.891E-02  4.743E-02  4.596E-02  4.451E-02  4.308E-02  4.166E-02  4.025E-02  3.885E-02  3.747E-02  3.611E-02  3.476E-02  3.343E-02  3.210E-02  3.079E-02  2.951E-02  2.823E-02  2.698E-02  2.573E-02  2.451E-02  2.330E-02  2.211E-02  2.095E-02  1.980E-02  1.867E-02  1.756E-02  1.648E-02  1.543E-02  1.439E-02  1.339E-02  1.241E-02  1.147E-02  1.056E-02  9.683E-03  8.852E-03  8.070E-03  7.139E-03  6.339E-03  5.658E-03  5.081E-03  4.506E-03  3.897E-03  3.430E-03  2.947E-03  2.505E-03  2.135E-03  1.819E-03  1.538E-03  1.259E-03  1.028E-03  8.393E-04  6.857E-04  5.496E-04  4.386E-04
  389.5000  7.727E-02  7.527E-02  7.328E-02  7.129E-02  6.934E-02  6.741E-02  6.549E-02  6.359E-02  6.171E-02  5.983E-02  5.799E-02  5.616E-02  5.435E-02  5.255E-02  5.078E-02  4.901E-02  4.728E-02  4.555E-02  4.385E-02  4.217E-02  4.050E-02  3.885E-02  3.722E-02  3.562E-02  3.403E-02  3.247E-02  3.092E-02  2.940E-02  2.790E-02  2.643E-02  2.498E-02  2.355E-02  2.216E-02  2.080E-02  1.946E-02  1.816E-02  1.689E-02  1.566E-02  1.447E-02  1.332E-02  1.222E-02  1.117E-02  1.018E-02  9.005E-03  7.996E-03  7.136E-03  6.408E-03  5.682E-03  4.913E-03  4.323E-03  3.714E-03  3.157E-03  2.690E-03  2.292E-03  1.936E-03  1.585E-03  1.294E-03  1.056E-03  8.630E-04  6.915E-04  5.517E-04
  390.5000  7.594E-02  7.397E-02  7.201E-02  7.006E-02  6.814E-02  6.624E-02  6.435E-02  6.249E-02  6.064E-02  5.879E-02  5.698E-02  5.518E-02  5.340E-02  5.164E-02  4.990E-02  4.816E-02  4.646E-02  4.476E-02  4.309E-02  4.144E-02  3.979E-02  3.818E-02  3.658E-02  3.500E-02  3.344E-02  3.191E-02  3.038E-02  2.889E-02  2.742E-02  2.597E-02  2.455E-02  2.315E-02  2.178E-02  2.044E-02  1.913E-02  1.785E-02  1.660E-02  1.539E-02  1.422E-02  1.309E-02  1.200E-02  1.097E-02  1.000E-02  8.848E-03  7.856E-03  7.010E-03  6.294E-03  5.581E-03  4.825E-03  4.245E-03  3.647E-03  3.099E-03  2.640E-03  2.249E-03  1.900E-03  1.555E-03  1.270E-03  1.036E-03  8.460E-04  6.777E-04  5.406E-04
  391.5000  9.014E-02  8.780E-02  8.548E-02  8.316E-02  8.088E-02  7.862E-02  7.638E-02  7.417E-02  7.197E-02  6.978E-02  6.763E-02  6.550E-02  6.339E-02  6.129E-02  5.922E-02  5.717E-02  5.514E-02  5.313E-02  5.115E-02  4.918E-02  4.723E-02  4.531E-02  4.342E-02  4.155E-02  3.970E-02  3.787E-02  3.606E-02  3.429E-02  3.255E-02  3.083E-02  2.914E-02  2.748E-02  2.585E-02  2.426E-02  2.270E-02  2.119E-02  1.971E-02  1.826E-02  1.687E-02  1.553E-02  1.425E-02  1.302E-02  1.187E-02  1.050E-02  9.322E-03  8.318E-03  7.468E-03  6.621E-03  5.723E-03  5.035E-03  4.324E-03  3.674E-03  3.130E-03  2.665E-03  2.252E-03  1.843E-03  1.504E-03  1.227E-03  1.002E-03  8.022E-04  6.398E-04
  392.5000  6.763E-02  6.587E-02  6.413E-02  6.239E-02  6.068E-02  5.899E-02  5.731E-02  5.564E-02  5.399E-02  5.235E-02  5.074E-02  4.914E-02  4.755E-02  4.598E-02  4.443E-02  4.289E-02  4.137E-02  3.986E-02  3.837E-02  3.690E-02  3.544E-02  3.400E-02  3.257E-02  3.117E-02  2.978E-02  2.841E-02  2.706E-02  2.573E-02  2.442E-02  2.313E-02  2.186E-02  2.061E-02  1.940E-02  1.820E-02  1.703E-02  1.589E-02  1.479E-02  1.370E-02  1.266E-02  1.165E-02  1.069E-02  9.770E-03  8.905E-03  7.877E-03  6.993E-03  6.239E-03  5.601E-03  4.965E-03  4.291E-03  3.775E-03  3.241E-03  2.753E-03  2.345E-03  1.997E-03  1.687E-03  1.380E-03  1.126E-03  9.184E-04  7.497E-04  6.003E-04  4.786E-04
  393.5000  2.942E-02  2.865E-02  2.790E-02  2.714E-02  2.639E-02  2.566E-02  2.493E-02  2.420E-02  2.348E-02  2.277E-02  2.207E-02  2.137E-02  2.068E-02  2.000E-02  1.932E-02  1.865E-02  1.799E-02  1.734E-02  1.669E-02  1.605E-02  1.541E-02  1.479E-02  1.417E-02  1.356E-02  1.295E-02  1.236E-02  1.177E-02  1.119E-02  1.062E-02  1.006E-02  9.510E-03  8.967E-03  8.436E-03  7.917E-03  7.409E-03  6.914E-03  6.431E-03  5.960E-03  5.506E-03  5.069E-03  4.649E-03  4.249E-03  3.873E-03  3.425E-03  3.041E-03  2.713E-03  2.435E-03  2.158E-03  1.865E-03  1.640E-03  1.408E-03  1.196E-03  1.019E-03  8.672E-04  7.323E-04  5.991E-04  4.888E-04  3.985E-04  3.253E-04  2.604E-04  2.075E-04
  394.5000  6.926E-02  6.746E-02  6.567E-02  6.389E-02  6.214E-02  6.040E-02  5.868E-02  5.697E-02  5.529E-02  5.361E-02  5.195E-02  5.031E-02  4.869E-02  4.708E-02  4.549E-02  4.391E-02  4.235E-02  4.081E-02  3.929E-02  3.778E-02  3.628E-02  3.481E-02  3.335E-02  3.191E-02  3.049E-02  2.909E-02  2.771E-02  2.634E-02  2.500E-02  2.368E-02  2.239E-02  2.111E-02  1.986E-02  1.864E-02  1.744E-02  1.628E-02  1.514E-02  1.403E-02  1.296E-02  1.193E-02  1.094E-02  1.000E-02  9.115E-03  8.062E-03  7.156E-03  6.384E-03  5.730E-03  5.078E-03  4.388E-03  3.859E-03  3.312E-03  2.813E-03  2.395E-03  2.039E-03  1.721E-03  1.408E-03  1.148E-03  9.360E-04  7.638E-04  6.112E-04  4.871E-04
  395.5000  8.916E-02  8.684E-02  8.454E-02  8.224E-02  7.999E-02  7.775E-02  7.553E-02  7.334E-02  7.116E-02  6.900E-02  6.687E-02  6.476E-02  6.267E-02  6.060E-02  5.855E-02  5.652E-02  5.451E-02  5.253E-02  5.057E-02  4.863E-02  4.670E-02  4.480E-02  4.293E-02  4.108E-02  3.925E-02  3.745E-02  3.566E-02  3.391E-02  3.219E-02  3.049E-02  2.882E-02  2.717E-02  2.557E-02  2.399E-02  2.245E-02  2.095E-02  1.949E-02  1.806E-02  1.669E-02  1.536E-02  1.409E-02  1.287E-02  1.173E-02  1.038E-02  9.209E-03  8.215E-03  7.372E-03  6.533E-03  5.644E-03  4.963E-03  4.260E-03  3.616E-03  3.079E-03  2.620E-03  2.211E-03  1.809E-03  1.475E-03  1.202E-03  9.807E-04  7.847E-04  6.251E-04
  396.5000  5.238E-02  5.102E-02  4.966E-02  4.832E-02  4.699E-02  4.567E-02  4.437E-02  4.308E-02  4.180E-02  4.053E-02  3.928E-02  3.804E-02  3.681E-02  3.560E-02  3.440E-02  3.320E-02  3.202E-02  3.086E-02  2.970E-02  2.856E-02  2.743E-02  2.632E-02  2.522E-02  2.413E-02  2.306E-02  2.200E-02  2.095E-02  1.992E-02  1.891E-02  1.791E-02  1.693E-02  1.596E-02  1.502E-02  1.410E-02  1.319E-02  1.231E-02  1.145E-02  1.061E-02  9.802E-03  9.023E-03  8.275E-03  7.562E-03  6.891E-03  6.095E-03  5.409E-03  4.825E-03  4.329E-03  3.836E-03  3.314E-03  2.913E-03  2.500E-03  2.122E-03  1.806E-03  1.537E-03  1.297E-03  1.061E-03  8.648E-04  7.047E-04  5.747E-04  4.597E-04  3.662E-04
  397.5000  6.048E-02  5.890E-02  5.734E-02  5.578E-02  5.425E-02  5.273E-02  5.122E-02  4.973E-02  4.826E-02  4.679E-02  4.534E-02  4.391E-02  4.250E-02  4.109E-02  3.971E-02  3.832E-02  3.697E-02  3.562E-02  3.429E-02  3.298E-02  3.167E-02  3.038E-02  2.911E-02  2.786E-02  2.662E-02  2.540E-02  2.419E-02  2.300E-02  2.183E-02  2.068E-02  1.955E-02  1.843E-02  1.734E-02  1.627E-02  1.523E-02  1.421E-02  1.322E-02  1.225E-02  1.132E-02  1.042E-02  9.553E-03  8.730E-03  7.955E-03  7.036E-03  6.244E-03  5.569E-03  4.997E-03  4.427E-03  3.824E-03  3.361E-03  2.884E-03  2.448E-03  2.083E-03  1.772E-03  1.495E-03  1.223E-03  9.965E-04  8.118E-04  6.619E-04  5.294E-04  4.215E-04
  398.5000  1.040E-01  1.013E-01  9.857E-02  9.589E-02  9.325E-02  9.064E-02  8.806E-02  8.549E-02  8.296E-02  8.043E-02  7.795E-02  7.549E-02  7.305E-02  7.064E-02  6.825E-02  6.588E-02  6.354E-02  6.123E-02  5.895E-02  5.669E-02  5.444E-02  5.223E-02  5.005E-02  4.789E-02  4.576E-02  4.366E-02  4.158E-02  3.954E-02  3.753E-02  3.555E-02  3.360E-02  3.169E-02  2.981E-02  2.798E-02  2.618E-02  2.443E-02  2.273E-02  2.106E-02  1.946E-02  1.791E-02  1.642E-02  1.501E-02  1.368E-02  1.209E-02  1.073E-02  9.572E-03  8.587E-03  7.607E-03  6.570E-03  5.774E-03  4.954E-03  4.204E-03  3.577E-03  3.043E-03  2.567E-03  2.098E-03  1.710E-03  1.393E-03  1.135E-03  9.077E-04  7.226E-04
  399.5000  1.082E-01  1.054E-01  1.026E-01  9.978E-02  9.704E-02  9.432E-02  9.163E-02  8.896E-02  8.632E-02  8.369E-02  8.111E-02  7.854E-02  7.601E-02  7.350E-02  7.102E-02  6.855E-02  6.612E-02  6.371E-02  6.133E-02  5.898E-02  5.664E-02  5.435E-02  5.207E-02  4.983E-02  4.762E-02  4.543E-02  4.327E-02  4.114E-02  3.905E-02  3.699E-02  3.497E-02  3.297E-02  3.102E-02  2.911E-02  2.725E-02  2.542E-02  2.365E-02  2.192E-02  2.025E-02  1.863E-02  1.709E-02  1.562E-02  1.423E-02  1.258E-02  1.117E-02  9.957E-03  8.932E-03  7.912E-03  6.832E-03  6.004E-03  5.150E-03  4.370E-03  3.717E-03  3.162E-03  2.666E-03  2.179E-03  1.776E-03  1.446E-03  1.178E-03  9.420E-04  7.497E-04
------------------------------------------------------------
Dose rates,W m-2
   1 = UV index (WMO, 1994; Webb et al., 2011)           
   2 = Previtamin-D3 (CIE 2006)                          
values at z =      0.025 km
Columns: time,sza,weighting spectra
time,hrs.  sza,deg.          1          2
   18.0000     81.402  2.098E-01  4.521E-03
   18.0167     81.603  2.026E-01  4.323E-03
   18.0333     81.805  1.956E-01  4.132E-03
   18.0500     82.008  1.887E-01  3.946E-03
   18.0667     82.211  1.820E-01  3.768E-03
   18.0833     82.413  1.754E-01  3.596E-03
   18.1000     82.616  1.689E-01  3.431E-03
   18.1167     82.818  1.626E-01  3.272E-03
   18.1333     83.021  1.565E-01  3.118E-03
   18.1500     83.225  1.505E-01  2.970E-03
   18.1667     83.428  1.446E-01  2.829E-03
   18.1833     83.631  1.388E-01  2.692E-03
   18.2000     83.835  1.332E-01  2.562E-03
   18.2167     84.038  1.278E-01  2.436E-03
   18.2333     84.242  1.224E-01  2.315E-03
   18.2500     84.447  1.172E-01  2.199E-03
   18.2667     84.650  1.121E-01  2.088E-03
   18.2833     84.854  1.072E-01  1.981E-03
   18.3000     85.058  1.023E-01  1.879E-03
   18.3167     85.263  9.761E-02  1.781E-03
   18.3333     85.468  9.301E-02  1.687E-03
   18.3500     85.672  8.854E-02  1.597E-03
   18.3667     85.877  8.420E-02  1.511E-03
   18.3833     86.082  7.998E-02  1.429E-03
   18.4000     86.286  7.587E-02  1.350E-03
   18.4167     86.491  7.188E-02  1.274E-03
   18.4333     86.697  6.799E-02  1.202E-03
   18.4500     86.902  6.422E-02  1.133E-03
   18.4667     87.108  6.058E-02  1.067E-03
   18.4833     87.313  5.704E-02  1.003E-03
   18.5000     87.518  5.362E-02  9.428E-04
   18.5167     87.725  5.030E-02  8.847E-04
   18.5333     87.931  4.710E-02  8.294E-04
   18.5500     88.136  4.401E-02  7.766E-04
   18.5667     88.342  4.104E-02  7.261E-04
   18.5833     88.548  3.817E-02  6.779E-04
   18.6000     88.754  3.542E-02  6.319E-04
   18.6167     88.961  3.277E-02  5.879E-04
   18.6333     89.167  3.024E-02  5.461E-04
   18.6500     89.374  2.783E-02  5.064E-04
   18.6667     89.580  2.555E-02  4.688E-04
   18.6833     89.786  2.339E-02  4.333E-04
   18.7000     89.993  2.138E-02  4.001E-04
   18.7167     90.201  1.902E-02  3.610E-04
   18.7333     90.407  1.699E-02  3.265E-04
   18.7500     90.614  1.527E-02  2.979E-04
   18.7667     90.821  1.382E-02  2.733E-04
   18.7833     91.028  1.236E-02  2.483E-04
   18.8000     91.236  1.083E-02  2.215E-04
   18.8167     91.443  9.634E-03  2.003E-04
   18.8333     91.651  8.405E-03  1.782E-04
   18.8500     91.858  7.263E-03  1.570E-04
   18.8667     92.065  6.293E-03  1.387E-04
   18.8833     92.273  5.444E-03  1.219E-04
   18.9000     92.481  4.681E-03  1.069E-04
   18.9167     92.689  3.934E-03  9.185E-05
   18.9333     92.896  3.292E-03  7.835E-05
   18.9500     93.104  2.750E-03  6.661E-05
   18.9667     93.312  2.298E-03  5.649E-05
   18.9833     93.520  1.880E-03  4.675E-05
   19.0000     93.729  1.534E-03  3.855E-05
------------------------------------------------------------
