Spectral Irradiance,W m-2 nm-1
values at z =      0.025 km
Columns: wavelength (nm),times (hrs.) or sza (deg.)
    wc,nm     18.000     18.017     18.033     18.050     18.067     18.083     18.100     18.117     18.133     18.150     18.167     18.183     18.200     18.217     18.233     18.250     18.267     18.283     18.300     18.317     18.333     18.350     18.367     18.383     18.400     18.417     18.433     18.450     18.467     18.483     18.500     18.517     18.533     18.550     18.567     18.583     18.600     18.617     18.633     18.650     18.667     18.683     18.700     18.717     18.733     18.750     18.767     18.783     18.800     18.817     18.833     18.850     18.867     18.883     18.900     18.917     18.933     18.950     18.967     18.983     19.000
    sza =      78.941     79.145     79.350     79.555     79.760     79.964     80.169     80.374     80.579     80.785     80.990     81.195     81.401     81.606     81.812     82.018     82.224     82.430     82.636     82.842     83.049     83.256     83.462     83.669     83.875     84.082     84.290     84.496     84.703     84.910     85.117     85.326     85.533     85.740     85.948     86.155     86.363     86.571     86.779     86.987     87.195     87.402     87.610     87.820     88.028     88.236     88.444     88.652     88.862     89.070     89.279     89.487     89.696     89.904     90.114     90.323     90.532     90.740     90.949     91.158     91.368
  280.5000  1.499E-24  1.476E-24  1.453E-24  1.430E-24  1.408E-24  1.386E-24  1.364E-24  1.342E-24  1.320E-24  1.299E-24  1.277E-24  1.256E-24  1.235E-24  1.214E-24  1.193E-24  1.172E-24  1.151E-24  1.130E-24  1.110E-24  1.089E-24  1.068E-24  1.048E-24  1.027E-24  1.007E-24  9.865E-25  9.661E-25  9.456E-25  9.252E-25  9.048E-25  8.843E-25  8.639E-25  8.432E-25  8.227E-25  8.020E-25  7.813E-25  7.605E-25  7.396E-25  7.185E-25  6.974E-25  6.761E-25  6.548E-25  6.332E-25  6.116E-25  5.897E-25  5.677E-25  5.456E-25  5.234E-25  5.010E-25  4.784E-25  4.558E-25  4.331E-25  4.105E-25  3.881E-25  3.660E-25  3.393E-25  3.120E-25  2.884E-25  2.680E-25  2.501E-25  2.235E-25  2.058E-25
  281.5000  2.294E-22  2.259E-22  2.223E-22  2.188E-22  2.154E-22  2.119E-22  2.085E-22  2.052E-22  2.018E-22  1.985E-22  1.952E-22  1.919E-22  1.886E-22  1.854E-22  1.821E-22  1.789E-22  1.757E-22  1.725E-22  1.693E-22  1.662E-22  1.630E-22  1.599E-22  1.567E-22  1.536E-22  1.505E-22  1.473E-22  1.442E-22  1.411E-22  1.379E-22  1.348E-22  1.317E-22  1.285E-22  1.254E-22  1.222E-22  1.191E-22  1.159E-22  1.127E-22  1.095E-22  1.063E-22  1.030E-22  9.979E-23  9.652E-23  9.323E-23  8.989E-23  8.656E-23  8.320E-23  7.981E-23  7.641E-23  7.297E-23  6.954E-23  6.610E-23  6.266E-23  5.925E-23  5.590E-23  5.183E-23  4.768E-23  4.409E-23  4.098E-23  3.827E-23  3.420E-23  3.151E-23
  282.5000  1.185E-20  1.167E-20  1.148E-20  1.130E-20  1.112E-20  1.094E-20  1.076E-20  1.059E-20  1.041E-20  1.024E-20  1.006E-20  9.894E-21  9.724E-21  9.555E-21  9.387E-21  9.219E-21  9.052E-21  8.887E-21  8.722E-21  8.558E-21  8.393E-21  8.230E-21  8.068E-21  7.905E-21  7.743E-21  7.582E-21  7.419E-21  7.258E-21  7.096E-21  6.935E-21  6.773E-21  6.610E-21  6.448E-21  6.286E-21  6.123E-21  5.959E-21  5.795E-21  5.630E-21  5.464E-21  5.298E-21  5.131E-21  4.962E-21  4.793E-21  4.622E-21  4.451E-21  4.278E-21  4.105E-21  3.930E-21  3.754E-21  3.578E-21  3.401E-21  3.225E-21  3.050E-21  2.878E-21  2.670E-21  2.456E-21  2.272E-21  2.113E-21  1.973E-21  1.764E-21  1.626E-21
  283.5000  1.388E-19  1.366E-19  1.344E-19  1.323E-19  1.301E-19  1.280E-19  1.259E-19  1.238E-19  1.218E-19  1.197E-19  1.177E-19  1.157E-19  1.137E-19  1.117E-19  1.097E-19  1.077E-19  1.058E-19  1.038E-19  1.019E-19  9.996E-20  9.803E-20  9.611E-20  9.420E-20  9.230E-20  9.040E-20  8.850E-20  8.660E-20  8.470E-20  8.281E-20  8.092E-20  7.903E-20  7.712E-20  7.523E-20  7.333E-20  7.142E-20  6.951E-20  6.760E-20  6.566E-20  6.373E-20  6.179E-20  5.984E-20  5.788E-20  5.590E-20  5.391E-20  5.191E-20  4.990E-20  4.788E-20  4.585E-20  4.380E-20  4.174E-20  3.969E-20  3.763E-20  3.560E-20  3.360E-20  3.117E-20  2.868E-20  2.654E-20  2.468E-20  2.306E-20  2.062E-20  1.901E-20
  284.5000  7.559E-18  7.436E-18  7.316E-18  7.195E-18  7.077E-18  6.960E-18  6.844E-18  6.729E-18  6.615E-18  6.501E-18  6.389E-18  6.278E-18  6.167E-18  6.058E-18  5.949E-18  5.840E-18  5.733E-18  5.626E-18  5.519E-18  5.414E-18  5.308E-18  5.203E-18  5.098E-18  4.994E-18  4.890E-18  4.787E-18  4.683E-18  4.580E-18  4.476E-18  4.373E-18  4.270E-18  4.167E-18  4.064E-18  3.961E-18  3.857E-18  3.754E-18  3.650E-18  3.545E-18  3.441E-18  3.336E-18  3.230E-18  3.124E-18  3.018E-18  2.910E-18  2.803E-18  2.694E-18  2.585E-18  2.476E-18  2.366E-18  2.255E-18  2.145E-18  2.034E-18  1.925E-18  1.817E-18  1.686E-18  1.553E-18  1.437E-18  1.337E-18  1.250E-18  1.119E-18  1.032E-18
  285.5000  9.143E-17  8.993E-17  8.844E-17  8.696E-17  8.550E-17  8.406E-17  8.264E-17  8.122E-17  7.983E-17  7.843E-17  7.706E-17  7.570E-17  7.435E-17  7.301E-17  7.168E-17  7.035E-17  6.904E-17  6.773E-17  6.644E-17  6.515E-17  6.386E-17  6.258E-17  6.131E-17  6.005E-17  5.878E-17  5.753E-17  5.627E-17  5.502E-17  5.377E-17  5.252E-17  5.128E-17  5.002E-17  4.878E-17  4.753E-17  4.628E-17  4.504E-17  4.378E-17  4.252E-17  4.126E-17  4.000E-17  3.874E-17  3.746E-17  3.618E-17  3.489E-17  3.360E-17  3.230E-17  3.100E-17  2.969E-17  2.837E-17  2.705E-17  2.572E-17  2.441E-17  2.310E-17  2.181E-17  2.025E-17  1.865E-17  1.727E-17  1.607E-17  1.503E-17  1.346E-17  1.242E-17
  286.5000  2.808E-15  2.761E-15  2.715E-15  2.668E-15  2.623E-15  2.578E-15  2.534E-15  2.490E-15  2.446E-15  2.403E-15  2.360E-15  2.318E-15  2.276E-15  2.234E-15  2.193E-15  2.152E-15  2.111E-15  2.071E-15  2.031E-15  1.991E-15  1.951E-15  1.912E-15  1.873E-15  1.834E-15  1.795E-15  1.756E-15  1.717E-15  1.679E-15  1.640E-15  1.602E-15  1.564E-15  1.525E-15  1.487E-15  1.449E-15  1.411E-15  1.372E-15  1.334E-15  1.296E-15  1.257E-15  1.218E-15  1.180E-15  1.141E-15  1.102E-15  1.062E-15  1.023E-15  9.836E-16  9.439E-16  9.040E-16  8.637E-16  8.236E-16  7.834E-16  7.434E-16  7.036E-16  6.646E-16  6.170E-16  5.684E-16  5.265E-16  4.903E-16  4.586E-16  4.108E-16  3.791E-16
  287.5000  4.685E-14  4.605E-14  4.526E-14  4.447E-14  4.370E-14  4.293E-14  4.218E-14  4.143E-14  4.069E-14  3.996E-14  3.924E-14  3.852E-14  3.781E-14  3.711E-14  3.641E-14  3.572E-14  3.503E-14  3.435E-14  3.368E-14  3.301E-14  3.234E-14  3.167E-14  3.102E-14  3.036E-14  2.971E-14  2.906E-14  2.841E-14  2.777E-14  2.712E-14  2.648E-14  2.584E-14  2.520E-14  2.457E-14  2.393E-14  2.329E-14  2.266E-14  2.202E-14  2.138E-14  2.074E-14  2.010E-14  1.946E-14  1.882E-14  1.817E-14  1.752E-14  1.687E-14  1.622E-14  1.556E-14  1.490E-14  1.424E-14  1.358E-14  1.292E-14  1.226E-14  1.161E-14  1.096E-14  1.018E-14  9.382E-15  8.694E-15  8.098E-15  7.579E-15  6.791E-15  6.271E-15
  288.5000  7.597E-13  7.463E-13  7.331E-13  7.200E-13  7.071E-13  6.944E-13  6.818E-13  6.694E-13  6.572E-13  6.450E-13  6.330E-13  6.212E-13  6.094E-13  5.978E-13  5.864E-13  5.749E-13  5.636E-13  5.525E-13  5.414E-13  5.304E-13  5.194E-13  5.086E-13  4.978E-13  4.871E-13  4.764E-13  4.659E-13  4.553E-13  4.448E-13  4.343E-13  4.239E-13  4.136E-13  4.031E-13  3.928E-13  3.825E-13  3.722E-13  3.619E-13  3.517E-13  3.413E-13  3.311E-13  3.208E-13  3.104E-13  3.001E-13  2.898E-13  2.793E-13  2.689E-13  2.585E-13  2.480E-13  2.375E-13  2.270E-13  2.164E-13  2.059E-13  1.954E-13  1.850E-13  1.748E-13  1.624E-13  1.497E-13  1.387E-13  1.293E-13  1.211E-13  1.085E-13  1.003E-13
  289.5000  9.726E-12  9.550E-12  9.376E-12  9.204E-12  9.035E-12  8.868E-12  8.704E-12  8.542E-12  8.382E-12  8.223E-12  8.067E-12  7.913E-12  7.760E-12  7.610E-12  7.460E-12  7.312E-12  7.165E-12  7.021E-12  6.877E-12  6.735E-12  6.593E-12  6.453E-12  6.314E-12  6.176E-12  6.039E-12  5.903E-12  5.767E-12  5.632E-12  5.498E-12  5.364E-12  5.231E-12  5.098E-12  4.966E-12  4.834E-12  4.703E-12  4.572E-12  4.440E-12  4.309E-12  4.178E-12  4.047E-12  3.916E-12  3.785E-12  3.653E-12  3.521E-12  3.389E-12  3.257E-12  3.125E-12  2.992E-12  2.858E-12  2.726E-12  2.593E-12  2.461E-12  2.330E-12  2.202E-12  2.046E-12  1.886E-12  1.749E-12  1.630E-12  1.527E-12  1.369E-12  1.266E-12
  290.5000  7.981E-11  7.832E-11  7.686E-11  7.541E-11  7.399E-11  7.259E-11  7.121E-11  6.985E-11  6.851E-11  6.718E-11  6.588E-11  6.459E-11  6.332E-11  6.206E-11  6.082E-11  5.958E-11  5.837E-11  5.716E-11  5.597E-11  5.479E-11  5.362E-11  5.246E-11  5.131E-11  5.017E-11  4.904E-11  4.791E-11  4.679E-11  4.568E-11  4.458E-11  4.348E-11  4.239E-11  4.130E-11  4.021E-11  3.913E-11  3.806E-11  3.698E-11  3.591E-11  3.484E-11  3.377E-11  3.270E-11  3.163E-11  3.057E-11  2.950E-11  2.842E-11  2.735E-11  2.628E-11  2.521E-11  2.414E-11  2.306E-11  2.198E-11  2.091E-11  1.984E-11  1.879E-11  1.776E-11  1.650E-11  1.521E-11  1.411E-11  1.315E-11  1.232E-11  1.105E-11  1.022E-11
  291.5000  5.736E-10  5.625E-10  5.516E-10  5.409E-10  5.303E-10  5.199E-10  5.097E-10  4.996E-10  4.897E-10  4.799E-10  4.703E-10  4.608E-10  4.514E-10  4.422E-10  4.331E-10  4.240E-10  4.151E-10  4.063E-10  3.976E-10  3.890E-10  3.805E-10  3.720E-10  3.637E-10  3.554E-10  3.472E-10  3.391E-10  3.310E-10  3.229E-10  3.150E-10  3.071E-10  2.992E-10  2.914E-10  2.836E-10  2.758E-10  2.681E-10  2.604E-10  2.528E-10  2.451E-10  2.375E-10  2.299E-10  2.223E-10  2.147E-10  2.071E-10  1.995E-10  1.919E-10  1.844E-10  1.768E-10  1.692E-10  1.616E-10  1.540E-10  1.465E-10  1.390E-10  1.316E-10  1.244E-10  1.156E-10  1.066E-10  9.886E-11  9.219E-11  8.640E-11  7.755E-11  7.174E-11
  292.5000  2.726E-09  2.672E-09  2.618E-09  2.565E-09  2.513E-09  2.462E-09  2.412E-09  2.363E-09  2.315E-09  2.267E-09  2.220E-09  2.174E-09  2.128E-09  2.083E-09  2.039E-09  1.995E-09  1.952E-09  1.910E-09  1.868E-09  1.826E-09  1.785E-09  1.744E-09  1.704E-09  1.665E-09  1.625E-09  1.586E-09  1.547E-09  1.509E-09  1.471E-09  1.434E-09  1.396E-09  1.359E-09  1.322E-09  1.285E-09  1.249E-09  1.212E-09  1.176E-09  1.140E-09  1.104E-09  1.068E-09  1.032E-09  9.968E-10  9.612E-10  9.255E-10  8.900E-10  8.546E-10  8.192E-10  7.838E-10  7.484E-10  7.132E-10  6.781E-10  6.434E-10  6.091E-10  5.755E-10  5.347E-10  4.931E-10  4.574E-10  4.265E-10  3.998E-10  3.590E-10  3.322E-10
  293.5000  1.511E-08  1.480E-08  1.449E-08  1.418E-08  1.389E-08  1.359E-08  1.331E-08  1.302E-08  1.275E-08  1.247E-08  1.221E-08  1.194E-08  1.168E-08  1.143E-08  1.118E-08  1.093E-08  1.068E-08  1.044E-08  1.021E-08  9.973E-09  9.741E-09  9.513E-09  9.288E-09  9.065E-09  8.845E-09  8.628E-09  8.411E-09  8.197E-09  7.986E-09  7.777E-09  7.569E-09  7.362E-09  7.158E-09  6.955E-09  6.753E-09  6.553E-09  6.354E-09  6.155E-09  5.957E-09  5.761E-09  5.565E-09  5.370E-09  5.176E-09  4.981E-09  4.788E-09  4.595E-09  4.403E-09  4.211E-09  4.019E-09  3.829E-09  3.639E-09  3.452E-09  3.267E-09  3.086E-09  2.867E-09  2.644E-09  2.452E-09  2.287E-09  2.144E-09  1.926E-09  1.782E-09
  294.5000  4.847E-08  4.742E-08  4.639E-08  4.538E-08  4.439E-08  4.342E-08  4.247E-08  4.154E-08  4.063E-08  3.972E-08  3.884E-08  3.797E-08  3.712E-08  3.629E-08  3.546E-08  3.465E-08  3.385E-08  3.306E-08  3.229E-08  3.153E-08  3.077E-08  3.003E-08  2.930E-08  2.858E-08  2.787E-08  2.717E-08  2.647E-08  2.578E-08  2.510E-08  2.443E-08  2.376E-08  2.309E-08  2.244E-08  2.179E-08  2.115E-08  2.051E-08  1.987E-08  1.924E-08  1.861E-08  1.799E-08  1.737E-08  1.675E-08  1.614E-08  1.552E-08  1.491E-08  1.431E-08  1.370E-08  1.310E-08  1.249E-08  1.190E-08  1.131E-08  1.072E-08  1.014E-08  9.578E-09  8.897E-09  8.202E-09  7.608E-09  7.095E-09  6.652E-09  5.974E-09  5.531E-09
  295.5000  2.158E-07  2.109E-07  2.061E-07  2.014E-07  1.968E-07  1.923E-07  1.879E-07  1.836E-07  1.794E-07  1.752E-07  1.711E-07  1.672E-07  1.632E-07  1.594E-07  1.556E-07  1.519E-07  1.483E-07  1.447E-07  1.412E-07  1.377E-07  1.343E-07  1.310E-07  1.276E-07  1.244E-07  1.212E-07  1.180E-07  1.149E-07  1.118E-07  1.088E-07  1.057E-07  1.028E-07  9.982E-08  9.691E-08  9.403E-08  9.118E-08  8.836E-08  8.556E-08  8.276E-08  8.001E-08  7.727E-08  7.455E-08  7.185E-08  6.917E-08  6.649E-08  6.383E-08  6.119E-08  5.857E-08  5.596E-08  5.335E-08  5.077E-08  4.822E-08  4.569E-08  4.321E-08  4.079E-08  3.788E-08  3.491E-08  3.237E-08  3.019E-08  2.830E-08  2.542E-08  2.353E-08
  296.5000  6.176E-07  6.029E-07  5.885E-07  5.744E-07  5.607E-07  5.473E-07  5.342E-07  5.214E-07  5.089E-07  4.965E-07  4.845E-07  4.728E-07  4.612E-07  4.499E-07  4.388E-07  4.279E-07  4.173E-07  4.068E-07  3.965E-07  3.864E-07  3.764E-07  3.667E-07  3.571E-07  3.477E-07  3.384E-07  3.292E-07  3.202E-07  3.113E-07  3.025E-07  2.939E-07  2.854E-07  2.769E-07  2.686E-07  2.604E-07  2.523E-07  2.443E-07  2.363E-07  2.284E-07  2.207E-07  2.129E-07  2.053E-07  1.977E-07  1.902E-07  1.826E-07  1.752E-07  1.679E-07  1.605E-07  1.533E-07  1.460E-07  1.389E-07  1.318E-07  1.248E-07  1.180E-07  1.113E-07  1.033E-07  9.521E-08  8.826E-08  8.228E-08  7.711E-08  6.927E-08  6.413E-08
  297.5000  1.861E-06  1.815E-06  1.769E-06  1.724E-06  1.681E-06  1.639E-06  1.598E-06  1.557E-06  1.518E-06  1.480E-06  1.442E-06  1.405E-06  1.370E-06  1.335E-06  1.300E-06  1.267E-06  1.234E-06  1.201E-06  1.170E-06  1.139E-06  1.108E-06  1.078E-06  1.049E-06  1.020E-06  9.918E-07  9.640E-07  9.365E-07  9.096E-07  8.831E-07  8.571E-07  8.314E-07  8.059E-07  7.810E-07  7.564E-07  7.321E-07  7.081E-07  6.845E-07  6.610E-07  6.378E-07  6.150E-07  5.923E-07  5.699E-07  5.477E-07  5.256E-07  5.039E-07  4.823E-07  4.609E-07  4.392E-07  4.186E-07  3.978E-07  3.773E-07  3.571E-07  3.373E-07  3.181E-07  2.951E-07  2.717E-07  2.517E-07  2.346E-07  2.198E-07  1.974E-07  1.827E-07
  298.5000  3.321E-06  3.232E-06  3.146E-06  3.062E-06  2.981E-06  2.902E-06  2.825E-06  2.750E-06  2.677E-06  2.606E-06  2.537E-06  2.470E-06  2.404E-06  2.340E-06  2.277E-06  2.215E-06  2.155E-06  2.096E-06  2.039E-06  1.982E-06  1.927E-06  1.873E-06  1.820E-06  1.768E-06  1.717E-06  1.667E-06  1.618E-06  1.570E-06  1.522E-06  1.476E-06  1.430E-06  1.385E-06  1.340E-06  1.297E-06  1.254E-06  1.212E-06  1.170E-06  1.129E-06  1.088E-06  1.048E-06  1.008E-06  9.693E-07  9.307E-07  8.923E-07  8.546E-07  8.172E-07  7.803E-07  7.438E-07  7.075E-07  6.718E-07  6.367E-07  6.021E-07  5.682E-07  5.355E-07  4.965E-07  4.569E-07  4.231E-07  3.941E-07  3.690E-07  3.314E-07  3.066E-07
  299.5000  1.110E-05  1.078E-05  1.047E-05  1.017E-05  9.882E-06  9.602E-06  9.331E-06  9.068E-06  8.813E-06  8.564E-06  8.324E-06  8.090E-06  7.862E-06  7.641E-06  7.425E-06  7.213E-06  7.008E-06  6.807E-06  6.611E-06  6.420E-06  6.232E-06  6.049E-06  5.870E-06  5.695E-06  5.524E-06  5.356E-06  5.191E-06  5.030E-06  4.872E-06  4.717E-06  4.565E-06  4.414E-06  4.268E-06  4.124E-06  3.982E-06  3.843E-06  3.706E-06  3.571E-06  3.438E-06  3.308E-06  3.179E-06  3.052E-06  2.927E-06  2.803E-06  2.682E-06  2.562E-06  2.443E-06  2.327E-06  2.211E-06  2.097E-06  1.986E-06  1.876E-06  1.769E-06  1.666E-06  1.543E-06  1.419E-06  1.313E-06  1.222E-06  1.144E-06  1.027E-06  9.497E-07
  300.5000  1.459E-05  1.413E-05  1.369E-05  1.327E-05  1.286E-05  1.247E-05  1.210E-05  1.174E-05  1.139E-05  1.104E-05  1.072E-05  1.040E-05  1.009E-05  9.792E-06  9.501E-06  9.217E-06  8.942E-06  8.675E-06  8.414E-06  8.160E-06  7.911E-06  7.669E-06  7.433E-06  7.202E-06  6.977E-06  6.756E-06  6.540E-06  6.329E-06  6.122E-06  5.920E-06  5.722E-06  5.527E-06  5.337E-06  5.151E-06  4.968E-06  4.789E-06  4.612E-06  4.439E-06  4.269E-06  4.102E-06  3.938E-06  3.776E-06  3.617E-06  3.460E-06  3.307E-06  3.155E-06  3.006E-06  2.859E-06  2.714E-06  2.572E-06  2.433E-06  2.296E-06  2.163E-06  2.035E-06  1.884E-06  1.731E-06  1.601E-06  1.489E-06  1.392E-06  1.249E-06  1.155E-06
  301.5000  4.335E-05  4.185E-05  4.041E-05  3.903E-05  3.771E-05  3.646E-05  3.525E-05  3.409E-05  3.298E-05  3.191E-05  3.088E-05  2.989E-05  2.894E-05  2.801E-05  2.712E-05  2.625E-05  2.542E-05  2.461E-05  2.382E-05  2.306E-05  2.231E-05  2.159E-05  2.089E-05  2.021E-05  1.954E-05  1.889E-05  1.825E-05  1.764E-05  1.703E-05  1.644E-05  1.587E-05  1.530E-05  1.475E-05  1.421E-05  1.368E-05  1.317E-05  1.266E-05  1.217E-05  1.168E-05  1.121E-05  1.074E-05  1.028E-05  9.835E-06  9.393E-06  8.962E-06  8.538E-06  8.123E-06  7.715E-06  7.312E-06  6.920E-06  6.536E-06  6.161E-06  5.797E-06  5.447E-06  5.035E-06  4.622E-06  4.269E-06  3.966E-06  3.706E-06  3.323E-06  3.070E-06
  302.5000  7.240E-05  6.968E-05  6.710E-05  6.463E-05  6.228E-05  6.004E-05  5.791E-05  5.586E-05  5.391E-05  5.203E-05  5.024E-05  4.852E-05  4.687E-05  4.528E-05  4.375E-05  4.227E-05  4.085E-05  3.948E-05  3.815E-05  3.687E-05  3.562E-05  3.442E-05  3.325E-05  3.211E-05  3.101E-05  2.994E-05  2.889E-05  2.787E-05  2.688E-05  2.592E-05  2.498E-05  2.405E-05  2.316E-05  2.228E-05  2.143E-05  2.059E-05  1.978E-05  1.897E-05  1.819E-05  1.743E-05  1.668E-05  1.595E-05  1.524E-05  1.453E-05  1.385E-05  1.318E-05  1.252E-05  1.188E-05  1.124E-05  1.063E-05  1.002E-05  9.452E-06  8.876E-06  8.326E-06  7.689E-06  7.052E-06  6.506E-06  6.040E-06  5.639E-06  5.052E-06  4.664E-06
  303.5000  1.823E-04  1.748E-04  1.677E-04  1.609E-04  1.545E-04  1.483E-04  1.425E-04  1.370E-04  1.317E-04  1.266E-04  1.218E-04  1.173E-04  1.129E-04  1.087E-04  1.047E-04  1.008E-04  9.715E-05  9.362E-05  9.022E-05  8.695E-05  8.378E-05  8.075E-05  7.782E-05  7.498E-05  7.225E-05  6.959E-05  6.701E-05  6.452E-05  6.210E-05  5.975E-05  5.746E-05  5.523E-05  5.307E-05  5.097E-05  4.892E-05  4.692E-05  4.497E-05  4.307E-05  4.122E-05  3.941E-05  3.765E-05  3.593E-05  3.425E-05  3.261E-05  3.101E-05  2.945E-05  2.793E-05  2.644E-05  2.499E-05  2.357E-05  2.220E-05  2.087E-05  1.958E-05  1.834E-05  1.692E-05  1.549E-05  1.427E-05  1.323E-05  1.234E-05  1.104E-05  1.018E-05
  304.5000  2.554E-04  2.444E-04  2.340E-04  2.240E-04  2.146E-04  2.056E-04  1.971E-04  1.889E-04  1.812E-04  1.738E-04  1.669E-04  1.602E-04  1.538E-04  1.478E-04  1.420E-04  1.365E-04  1.312E-04  1.261E-04  1.213E-04  1.167E-04  1.122E-04  1.079E-04  1.038E-04  9.986E-05  9.605E-05  9.237E-05  8.880E-05  8.536E-05  8.204E-05  7.882E-05  7.570E-05  7.265E-05  6.971E-05  6.686E-05  6.408E-05  6.139E-05  5.876E-05  5.620E-05  5.371E-05  5.129E-05  4.893E-05  4.664E-05  4.440E-05  4.221E-05  4.009E-05  3.802E-05  3.601E-05  3.404E-05  3.213E-05  3.027E-05  2.847E-05  2.672E-05  2.504E-05  2.343E-05  2.159E-05  1.975E-05  1.818E-05  1.683E-05  1.568E-05  1.402E-05  1.292E-05
  305.5000  5.097E-04  4.867E-04  4.647E-04  4.436E-04  4.236E-04  4.046E-04  3.865E-04  3.693E-04  3.529E-04  3.372E-04  3.224E-04  3.083E-04  2.949E-04  2.821E-04  2.700E-04  2.584E-04  2.474E-04  2.369E-04  2.269E-04  2.174E-04  2.082E-04  1.995E-04  1.912E-04  1.833E-04  1.757E-04  1.683E-04  1.613E-04  1.546E-04  1.481E-04  1.418E-04  1.358E-04  1.300E-04  1.244E-04  1.190E-04  1.137E-04  1.087E-04  1.038E-04  9.898E-05  9.436E-05  8.988E-05  8.554E-05  8.132E-05  7.722E-05  7.323E-05  6.937E-05  6.563E-05  6.200E-05  5.848E-05  5.505E-05  5.174E-05  4.854E-05  4.546E-05  4.250E-05  3.968E-05  3.648E-05  3.331E-05  3.059E-05  2.827E-05  2.629E-05  2.347E-05  2.159E-05
  306.5000  6.439E-04  6.143E-04  5.861E-04  5.591E-04  5.334E-04  5.089E-04  4.856E-04  4.633E-04  4.422E-04  4.219E-04  4.027E-04  3.844E-04  3.671E-04  3.506E-04  3.348E-04  3.198E-04  3.056E-04  2.921E-04  2.792E-04  2.670E-04  2.552E-04  2.441E-04  2.335E-04  2.233E-04  2.137E-04  2.044E-04  1.955E-04  1.870E-04  1.789E-04  1.711E-04  1.636E-04  1.563E-04  1.493E-04  1.426E-04  1.362E-04  1.299E-04  1.239E-04  1.180E-04  1.124E-04  1.069E-04  1.016E-04  9.648E-05  9.151E-05  8.667E-05  8.200E-05  7.748E-05  7.310E-05  6.887E-05  6.474E-05  6.078E-05  5.695E-05  5.327E-05  4.974E-05  4.639E-05  4.261E-05  3.885E-05  3.564E-05  3.291E-05  3.057E-05  2.726E-05  2.506E-05
  307.5000  1.387E-03  1.323E-03  1.262E-03  1.203E-03  1.147E-03  1.093E-03  1.042E-03  9.924E-04  9.453E-04  9.001E-04  8.571E-04  8.162E-04  7.771E-04  7.399E-04  7.044E-04  6.705E-04  6.383E-04  6.078E-04  5.787E-04  5.510E-04  5.246E-04  4.996E-04  4.758E-04  4.532E-04  4.316E-04  4.111E-04  3.915E-04  3.729E-04  3.552E-04  3.383E-04  3.221E-04  3.066E-04  2.918E-04  2.777E-04  2.641E-04  2.511E-04  2.386E-04  2.266E-04  2.150E-04  2.039E-04  1.932E-04  1.828E-04  1.729E-04  1.632E-04  1.540E-04  1.450E-04  1.364E-04  1.281E-04  1.201E-04  1.124E-04  1.050E-04  9.789E-05  9.113E-05  8.474E-05  7.761E-05  7.059E-05  6.459E-05  5.947E-05  5.510E-05  4.904E-05  4.498E-05
  308.5000  1.824E-03  1.741E-03  1.661E-03  1.584E-03  1.510E-03  1.440E-03  1.372E-03  1.307E-03  1.244E-03  1.184E-03  1.127E-03  1.073E-03  1.021E-03  9.710E-04  9.235E-04  8.781E-04  8.351E-04  7.941E-04  7.551E-04  7.179E-04  6.825E-04  6.489E-04  6.170E-04  5.866E-04  5.578E-04  5.304E-04  5.041E-04  4.793E-04  4.557E-04  4.332E-04  4.118E-04  3.913E-04  3.718E-04  3.531E-04  3.353E-04  3.183E-04  3.020E-04  2.863E-04  2.713E-04  2.569E-04  2.430E-04  2.297E-04  2.169E-04  2.045E-04  1.926E-04  1.812E-04  1.702E-04  1.596E-04  1.494E-04  1.397E-04  1.302E-04  1.213E-04  1.128E-04  1.047E-04  9.584E-05  8.703E-05  7.953E-05  7.314E-05  6.769E-05  6.018E-05  5.513E-05
  309.5000  2.160E-03  2.065E-03  1.973E-03  1.883E-03  1.797E-03  1.715E-03  1.635E-03  1.558E-03  1.484E-03  1.413E-03  1.345E-03  1.279E-03  1.217E-03  1.157E-03  1.099E-03  1.044E-03  9.913E-04  9.411E-04  8.932E-04  8.476E-04  8.038E-04  7.624E-04  7.230E-04  6.855E-04  6.498E-04  6.159E-04  5.835E-04  5.529E-04  5.239E-04  4.962E-04  4.700E-04  4.449E-04  4.212E-04  3.987E-04  3.772E-04  3.568E-04  3.373E-04  3.186E-04  3.009E-04  2.840E-04  2.678E-04  2.524E-04  2.375E-04  2.233E-04  2.097E-04  1.967E-04  1.842E-04  1.723E-04  1.608E-04  1.498E-04  1.394E-04  1.294E-04  1.200E-04  1.111E-04  1.013E-04  9.181E-05  8.368E-05  7.674E-05  7.084E-05  6.284E-05  5.743E-05
  310.5000  3.667E-03  3.510E-03  3.359E-03  3.211E-03  3.069E-03  2.931E-03  2.798E-03  2.669E-03  2.545E-03  2.425E-03  2.309E-03  2.198E-03  2.092E-03  1.989E-03  1.890E-03  1.795E-03  1.704E-03  1.617E-03  1.534E-03  1.455E-03  1.378E-03  1.306E-03  1.237E-03  1.171E-03  1.108E-03  1.048E-03  9.911E-04  9.370E-04  8.857E-04  8.369E-04  7.906E-04  7.465E-04  7.047E-04  6.651E-04  6.275E-04  5.918E-04  5.579E-04  5.255E-04  4.949E-04  4.658E-04  4.380E-04  4.116E-04  3.864E-04  3.623E-04  3.393E-04  3.175E-04  2.966E-04  2.767E-04  2.576E-04  2.395E-04  2.222E-04  2.058E-04  1.903E-04  1.758E-04  1.600E-04  1.446E-04  1.315E-04  1.203E-04  1.108E-04  9.806E-05  8.943E-05
  311.5000  5.474E-03  5.247E-03  5.026E-03  4.810E-03  4.602E-03  4.401E-03  4.205E-03  4.016E-03  3.832E-03  3.654E-03  3.483E-03  3.318E-03  3.159E-03  3.005E-03  2.857E-03  2.714E-03  2.578E-03  2.446E-03  2.321E-03  2.200E-03  2.084E-03  1.973E-03  1.868E-03  1.767E-03  1.671E-03  1.579E-03  1.491E-03  1.408E-03  1.329E-03  1.254E-03  1.183E-03  1.115E-03  1.051E-03  9.897E-04  9.319E-04  8.770E-04  8.250E-04  7.755E-04  7.287E-04  6.843E-04  6.422E-04  6.022E-04  5.641E-04  5.278E-04  4.934E-04  4.607E-04  4.296E-04  4.000E-04  3.716E-04  3.448E-04  3.194E-04  2.953E-04  2.726E-04  2.513E-04  2.283E-04  2.060E-04  1.869E-04  1.707E-04  1.569E-04  1.387E-04  1.263E-04
  312.5000  7.039E-03  6.766E-03  6.499E-03  6.238E-03  5.984E-03  5.737E-03  5.497E-03  5.263E-03  5.035E-03  4.813E-03  4.598E-03  4.389E-03  4.187E-03  3.992E-03  3.802E-03  3.618E-03  3.441E-03  3.270E-03  3.106E-03  2.947E-03  2.794E-03  2.647E-03  2.506E-03  2.371E-03  2.241E-03  2.117E-03  1.997E-03  1.884E-03  1.776E-03  1.672E-03  1.574E-03  1.480E-03  1.391E-03  1.307E-03  1.226E-03  1.150E-03  1.078E-03  1.010E-03  9.449E-04  8.837E-04  8.258E-04  7.711E-04  7.193E-04  6.700E-04  6.237E-04  5.798E-04  5.383E-04  4.991E-04  4.618E-04  4.267E-04  3.935E-04  3.624E-04  3.332E-04  3.059E-04  2.768E-04  2.487E-04  2.248E-04  2.045E-04  1.872E-04  1.648E-04  1.495E-04
  313.5000  8.522E-03  8.197E-03  7.879E-03  7.568E-03  7.265E-03  6.970E-03  6.682E-03  6.402E-03  6.129E-03  5.862E-03  5.604E-03  5.353E-03  5.110E-03  4.874E-03  4.645E-03  4.423E-03  4.209E-03  4.002E-03  3.802E-03  3.609E-03  3.422E-03  3.243E-03  3.071E-03  2.906E-03  2.747E-03  2.595E-03  2.449E-03  2.310E-03  2.177E-03  2.050E-03  1.929E-03  1.813E-03  1.703E-03  1.599E-03  1.500E-03  1.406E-03  1.317E-03  1.232E-03  1.153E-03  1.077E-03  1.006E-03  9.380E-04  8.741E-04  8.135E-04  7.565E-04  7.026E-04  6.517E-04  6.036E-04  5.579E-04  5.151E-04  4.746E-04  4.366E-04  4.010E-04  3.678E-04  3.325E-04  2.985E-04  2.696E-04  2.449E-04  2.240E-04  1.970E-04  1.785E-04
  314.5000  1.088E-02  1.050E-02  1.012E-02  9.752E-03  9.390E-03  9.036E-03  8.689E-03  8.350E-03  8.018E-03  7.692E-03  7.376E-03  7.066E-03  6.765E-03  6.471E-03  6.185E-03  5.905E-03  5.634E-03  5.370E-03  5.115E-03  4.867E-03  4.626E-03  4.393E-03  4.168E-03  3.951E-03  3.741E-03  3.539E-03  3.343E-03  3.156E-03  2.976E-03  2.803E-03  2.638E-03  2.479E-03  2.328E-03  2.183E-03  2.045E-03  1.914E-03  1.789E-03  1.670E-03  1.558E-03  1.452E-03  1.351E-03  1.256E-03  1.166E-03  1.080E-03  1.001E-03  9.252E-04  8.543E-04  7.877E-04  7.247E-04  6.659E-04  6.108E-04  5.592E-04  5.112E-04  4.667E-04  4.199E-04  3.753E-04  3.373E-04  3.050E-04  2.777E-04  2.431E-04  2.193E-04
  315.5000  1.170E-02  1.129E-02  1.089E-02  1.050E-02  1.012E-02  9.739E-03  9.370E-03  9.008E-03  8.655E-03  8.307E-03  7.969E-03  7.639E-03  7.317E-03  7.003E-03  6.696E-03  6.396E-03  6.106E-03  5.824E-03  5.549E-03  5.283E-03  5.023E-03  4.773E-03  4.530E-03  4.296E-03  4.070E-03  3.851E-03  3.639E-03  3.437E-03  3.242E-03  3.054E-03  2.875E-03  2.702E-03  2.537E-03  2.380E-03  2.230E-03  2.087E-03  1.951E-03  1.821E-03  1.698E-03  1.582E-03  1.472E-03  1.367E-03  1.269E-03  1.176E-03  1.088E-03  1.006E-03  9.283E-04  8.554E-04  7.866E-04  7.224E-04  6.622E-04  6.060E-04  5.536E-04  5.051E-04  4.543E-04  4.057E-04  3.644E-04  3.294E-04  2.997E-04  2.622E-04  2.363E-04
  316.5000  1.415E-02  1.370E-02  1.325E-02  1.280E-02  1.237E-02  1.194E-02  1.152E-02  1.111E-02  1.070E-02  1.030E-02  9.912E-03  9.529E-03  9.154E-03  8.786E-03  8.427E-03  8.073E-03  7.729E-03  7.393E-03  7.065E-03  6.745E-03  6.432E-03  6.129E-03  5.833E-03  5.546E-03  5.268E-03  4.997E-03  4.734E-03  4.480E-03  4.235E-03  3.998E-03  3.770E-03  3.549E-03  3.337E-03  3.134E-03  2.938E-03  2.752E-03  2.573E-03  2.401E-03  2.239E-03  2.084E-03  1.937E-03  1.797E-03  1.665E-03  1.539E-03  1.421E-03  1.310E-03  1.205E-03  1.107E-03  1.014E-03  9.278E-04  8.472E-04  7.720E-04  7.023E-04  6.381E-04  5.713E-04  5.080E-04  4.542E-04  4.087E-04  3.701E-04  3.223E-04  2.891E-04
  317.5000  2.003E-02  1.938E-02  1.874E-02  1.811E-02  1.750E-02  1.689E-02  1.630E-02  1.571E-02  1.514E-02  1.457E-02  1.402E-02  1.348E-02  1.295E-02  1.243E-02  1.192E-02  1.142E-02  1.093E-02  1.046E-02  9.991E-03  9.538E-03  9.095E-03  8.666E-03  8.248E-03  7.842E-03  7.447E-03  7.065E-03  6.692E-03  6.333E-03  5.986E-03  5.652E-03  5.328E-03  5.016E-03  4.716E-03  4.429E-03  4.153E-03  3.889E-03  3.636E-03  3.394E-03  3.164E-03  2.945E-03  2.737E-03  2.540E-03  2.353E-03  2.176E-03  2.009E-03  1.852E-03  1.704E-03  1.565E-03  1.434E-03  1.312E-03  1.198E-03  1.092E-03  9.939E-04  9.031E-04  8.088E-04  7.193E-04  6.432E-04  5.788E-04  5.244E-04  4.567E-04  4.098E-04
  318.5000  1.888E-02  1.831E-02  1.776E-02  1.721E-02  1.667E-02  1.614E-02  1.562E-02  1.510E-02  1.459E-02  1.409E-02  1.359E-02  1.311E-02  1.263E-02  1.216E-02  1.170E-02  1.124E-02  1.080E-02  1.036E-02  9.936E-03  9.518E-03  9.106E-03  8.705E-03  8.313E-03  7.930E-03  7.556E-03  7.191E-03  6.834E-03  6.489E-03  6.153E-03  5.826E-03  5.510E-03  5.201E-03  4.904E-03  4.617E-03  4.340E-03  4.073E-03  3.816E-03  3.568E-03  3.331E-03  3.105E-03  2.888E-03  2.681E-03  2.484E-03  2.296E-03  2.119E-03  1.951E-03  1.793E-03  1.644E-03  1.503E-03  1.371E-03  1.249E-03  1.134E-03  1.028E-03  9.308E-04  8.302E-04  7.351E-04  6.544E-04  5.861E-04  5.282E-04  4.580E-04  4.089E-04
  319.5000  2.384E-02  2.314E-02  2.245E-02  2.177E-02  2.110E-02  2.044E-02  1.978E-02  1.914E-02  1.851E-02  1.788E-02  1.726E-02  1.665E-02  1.606E-02  1.547E-02  1.489E-02  1.432E-02  1.376E-02  1.322E-02  1.268E-02  1.215E-02  1.164E-02  1.113E-02  1.064E-02  1.015E-02  9.683E-03  9.223E-03  8.771E-03  8.334E-03  7.908E-03  7.493E-03  7.091E-03  6.699E-03  6.321E-03  5.955E-03  5.601E-03  5.260E-03  4.931E-03  4.613E-03  4.309E-03  4.018E-03  3.739E-03  3.473E-03  3.219E-03  2.977E-03  2.747E-03  2.530E-03  2.325E-03  2.132E-03  1.949E-03  1.778E-03  1.619E-03  1.470E-03  1.332E-03  1.206E-03  1.075E-03  9.510E-04  8.461E-04  7.574E-04  6.823E-04  5.910E-04  5.273E-04
  320.5000  3.025E-02  2.939E-02  2.853E-02  2.768E-02  2.684E-02  2.602E-02  2.520E-02  2.440E-02  2.361E-02  2.282E-02  2.205E-02  2.129E-02  2.054E-02  1.981E-02  1.908E-02  1.837E-02  1.767E-02  1.698E-02  1.630E-02  1.564E-02  1.498E-02  1.435E-02  1.372E-02  1.311E-02  1.251E-02  1.193E-02  1.135E-02  1.080E-02  1.025E-02  9.726E-03  9.212E-03  8.709E-03  8.225E-03  7.755E-03  7.300E-03  6.861E-03  6.437E-03  6.026E-03  5.633E-03  5.256E-03  4.894E-03  4.547E-03  4.217E-03  3.900E-03  3.600E-03  3.316E-03  3.047E-03  2.794E-03  2.554E-03  2.329E-03  2.119E-03  1.924E-03  1.742E-03  1.575E-03  1.403E-03  1.240E-03  1.102E-03  9.858E-04  8.872E-04  7.673E-04  6.837E-04
  321.5000  3.036E-02  2.956E-02  2.878E-02  2.800E-02  2.723E-02  2.646E-02  2.571E-02  2.496E-02  2.422E-02  2.349E-02  2.277E-02  2.206E-02  2.135E-02  2.065E-02  1.997E-02  1.929E-02  1.862E-02  1.796E-02  1.731E-02  1.666E-02  1.603E-02  1.541E-02  1.480E-02  1.419E-02  1.360E-02  1.302E-02  1.245E-02  1.189E-02  1.134E-02  1.081E-02  1.028E-02  9.765E-03  9.264E-03  8.774E-03  8.298E-03  7.834E-03  7.383E-03  6.942E-03  6.518E-03  6.107E-03  5.710E-03  5.327E-03  4.958E-03  4.602E-03  4.262E-03  3.937E-03  3.626E-03  3.332E-03  3.051E-03  2.787E-03  2.538E-03  2.304E-03  2.087E-03  1.885E-03  1.676E-03  1.479E-03  1.311E-03  1.169E-03  1.050E-03  9.039E-04  8.024E-04
  322.5000  2.688E-02  2.612E-02  2.538E-02  2.463E-02  2.390E-02  2.318E-02  2.247E-02  2.177E-02  2.107E-02  2.038E-02  1.971E-02  1.904E-02  1.839E-02  1.774E-02  1.710E-02  1.647E-02  1.585E-02  1.525E-02  1.465E-02  1.407E-02  1.349E-02  1.292E-02  1.237E-02  1.183E-02  1.130E-02  1.078E-02  1.027E-02  9.773E-03  9.290E-03  8.818E-03  8.359E-03  7.910E-03  7.476E-03  7.054E-03  6.646E-03  6.250E-03  5.868E-03  5.498E-03  5.143E-03  4.801E-03  4.473E-03  4.159E-03  3.858E-03  3.570E-03  3.297E-03  3.037E-03  2.792E-03  2.559E-03  2.339E-03  2.134E-03  1.941E-03  1.762E-03  1.595E-03  1.441E-03  1.283E-03  1.133E-03  1.007E-03  8.994E-04  8.092E-04  6.989E-04  6.222E-04
  323.5000  3.393E-02  3.309E-02  3.225E-02  3.141E-02  3.058E-02  2.976E-02  2.895E-02  2.815E-02  2.735E-02  2.656E-02  2.578E-02  2.501E-02  2.425E-02  2.350E-02  2.275E-02  2.201E-02  2.128E-02  2.056E-02  1.985E-02  1.915E-02  1.845E-02  1.777E-02  1.710E-02  1.644E-02  1.578E-02  1.514E-02  1.450E-02  1.388E-02  1.327E-02  1.267E-02  1.208E-02  1.150E-02  1.094E-02  1.039E-02  9.845E-03  9.317E-03  8.802E-03  8.298E-03  7.810E-03  7.336E-03  6.876E-03  6.430E-03  5.999E-03  5.582E-03  5.181E-03  4.797E-03  4.429E-03  4.077E-03  3.740E-03  3.421E-03  3.120E-03  2.837E-03  2.571E-03  2.325E-03  2.068E-03  1.824E-03  1.617E-03  1.441E-03  1.293E-03  1.112E-03  9.862E-04
  324.5000  3.954E-02  3.854E-02  3.756E-02  3.658E-02  3.561E-02  3.465E-02  3.370E-02  3.276E-02  3.183E-02  3.090E-02  2.999E-02  2.909E-02  2.820E-02  2.732E-02  2.644E-02  2.558E-02  2.473E-02  2.389E-02  2.306E-02  2.224E-02  2.142E-02  2.063E-02  1.984E-02  1.907E-02  1.831E-02  1.756E-02  1.681E-02  1.609E-02  1.538E-02  1.468E-02  1.399E-02  1.332E-02  1.266E-02  1.202E-02  1.139E-02  1.077E-02  1.018E-02  9.590E-03  9.024E-03  8.473E-03  7.939E-03  7.423E-03  6.923E-03  6.439E-03  5.976E-03  5.531E-03  5.106E-03  4.699E-03  4.309E-03  3.942E-03  3.594E-03  3.267E-03  2.961E-03  2.678E-03  2.381E-03  2.100E-03  1.862E-03  1.661E-03  1.490E-03  1.282E-03  1.137E-03
  325.5000  4.318E-02  4.208E-02  4.099E-02  3.990E-02  3.882E-02  3.776E-02  3.671E-02  3.566E-02  3.463E-02  3.361E-02  3.260E-02  3.160E-02  3.061E-02  2.964E-02  2.867E-02  2.772E-02  2.678E-02  2.585E-02  2.493E-02  2.403E-02  2.314E-02  2.226E-02  2.140E-02  2.055E-02  1.971E-02  1.889E-02  1.807E-02  1.728E-02  1.650E-02  1.574E-02  1.499E-02  1.425E-02  1.354E-02  1.283E-02  1.215E-02  1.148E-02  1.084E-02  1.020E-02  9.587E-03  8.993E-03  8.417E-03  7.861E-03  7.324E-03  6.805E-03  6.308E-03  5.833E-03  5.378E-03  4.944E-03  4.530E-03  4.140E-03  3.772E-03  3.426E-03  3.103E-03  2.804E-03  2.493E-03  2.198E-03  1.948E-03  1.737E-03  1.558E-03  1.341E-03  1.189E-03
  326.5000  5.996E-02  5.856E-02  5.717E-02  5.578E-02  5.441E-02  5.305E-02  5.170E-02  5.036E-02  4.904E-02  4.772E-02  4.641E-02  4.512E-02  4.384E-02  4.258E-02  4.132E-02  4.007E-02  3.884E-02  3.762E-02  3.641E-02  3.522E-02  3.403E-02  3.287E-02  3.171E-02  3.057E-02  2.945E-02  2.834E-02  2.724E-02  2.616E-02  2.509E-02  2.404E-02  2.301E-02  2.198E-02  2.098E-02  2.000E-02  1.903E-02  1.809E-02  1.716E-02  1.624E-02  1.535E-02  1.448E-02  1.364E-02  1.281E-02  1.201E-02  1.122E-02  1.047E-02  9.733E-03  9.027E-03  8.346E-03  7.690E-03  7.065E-03  6.469E-03  5.904E-03  5.372E-03  4.874E-03  4.344E-03  3.838E-03  3.410E-03  3.047E-03  2.739E-03  2.355E-03  2.090E-03
  327.5000  5.345E-02  5.217E-02  5.089E-02  4.961E-02  4.835E-02  4.711E-02  4.587E-02  4.465E-02  4.343E-02  4.222E-02  4.103E-02  3.985E-02  3.868E-02  3.753E-02  3.638E-02  3.524E-02  3.412E-02  3.302E-02  3.192E-02  3.084E-02  2.976E-02  2.871E-02  2.766E-02  2.663E-02  2.562E-02  2.462E-02  2.362E-02  2.265E-02  2.170E-02  2.075E-02  1.983E-02  1.892E-02  1.802E-02  1.715E-02  1.629E-02  1.545E-02  1.463E-02  1.382E-02  1.304E-02  1.228E-02  1.153E-02  1.081E-02  1.011E-02  9.429E-03  8.774E-03  8.142E-03  7.535E-03  6.951E-03  6.390E-03  5.859E-03  5.354E-03  4.876E-03  4.428E-03  4.010E-03  3.570E-03  3.151E-03  2.796E-03  2.495E-03  2.240E-03  1.926E-03  1.708E-03
  328.5000  4.947E-02  4.827E-02  4.709E-02  4.591E-02  4.475E-02  4.360E-02  4.245E-02  4.132E-02  4.020E-02  3.908E-02  3.798E-02  3.689E-02  3.581E-02  3.474E-02  3.368E-02  3.262E-02  3.159E-02  3.056E-02  2.955E-02  2.855E-02  2.755E-02  2.657E-02  2.561E-02  2.466E-02  2.372E-02  2.279E-02  2.187E-02  2.097E-02  2.009E-02  1.921E-02  1.836E-02  1.751E-02  1.669E-02  1.588E-02  1.508E-02  1.430E-02  1.354E-02  1.279E-02  1.207E-02  1.136E-02  1.067E-02  1.001E-02  9.357E-03  8.725E-03  8.118E-03  7.533E-03  6.968E-03  6.429E-03  5.910E-03  5.417E-03  4.949E-03  4.506E-03  4.091E-03  3.704E-03  3.297E-03  2.908E-03  2.580E-03  2.301E-03  2.066E-03  1.775E-03  1.574E-03
  329.5000  7.098E-02  6.939E-02  6.781E-02  6.623E-02  6.467E-02  6.312E-02  6.159E-02  6.006E-02  5.855E-02  5.704E-02  5.555E-02  5.407E-02  5.261E-02  5.115E-02  4.971E-02  4.828E-02  4.686E-02  4.546E-02  4.407E-02  4.270E-02  4.133E-02  3.998E-02  3.864E-02  3.732E-02  3.601E-02  3.472E-02  3.344E-02  3.218E-02  3.093E-02  2.970E-02  2.849E-02  2.728E-02  2.610E-02  2.494E-02  2.379E-02  2.267E-02  2.156E-02  2.047E-02  1.940E-02  1.836E-02  1.734E-02  1.634E-02  1.536E-02  1.440E-02  1.347E-02  1.257E-02  1.170E-02  1.085E-02  1.003E-02  9.250E-03  8.499E-03  7.782E-03  7.103E-03  6.465E-03  5.777E-03  5.115E-03  4.554E-03  4.080E-03  3.678E-03  3.165E-03  2.815E-03
  330.5000  6.192E-02  6.049E-02  5.907E-02  5.765E-02  5.625E-02  5.486E-02  5.348E-02  5.211E-02  5.075E-02  4.940E-02  4.807E-02  4.675E-02  4.544E-02  4.414E-02  4.285E-02  4.157E-02  4.031E-02  3.906E-02  3.782E-02  3.660E-02  3.538E-02  3.418E-02  3.300E-02  3.183E-02  3.067E-02  2.953E-02  2.839E-02  2.728E-02  2.618E-02  2.510E-02  2.403E-02  2.298E-02  2.195E-02  2.093E-02  1.993E-02  1.895E-02  1.799E-02  1.704E-02  1.612E-02  1.522E-02  1.434E-02  1.348E-02  1.264E-02  1.183E-02  1.104E-02  1.027E-02  9.530E-03  8.821E-03  8.133E-03  7.477E-03  6.851E-03  6.257E-03  5.696E-03  5.171E-03  4.611E-03  4.075E-03  3.621E-03  3.237E-03  2.912E-03  2.503E-03  2.222E-03
  331.5000  6.072E-02  5.930E-02  5.790E-02  5.650E-02  5.511E-02  5.374E-02  5.238E-02  5.104E-02  4.970E-02  4.836E-02  4.705E-02  4.575E-02  4.446E-02  4.318E-02  4.191E-02  4.065E-02  3.940E-02  3.817E-02  3.696E-02  3.575E-02  3.455E-02  3.337E-02  3.221E-02  3.106E-02  2.992E-02  2.880E-02  2.768E-02  2.659E-02  2.551E-02  2.445E-02  2.340E-02  2.236E-02  2.135E-02  2.035E-02  1.938E-02  1.842E-02  1.747E-02  1.655E-02  1.564E-02  1.476E-02  1.390E-02  1.306E-02  1.224E-02  1.144E-02  1.067E-02  9.930E-03  9.211E-03  8.517E-03  7.848E-03  7.211E-03  6.603E-03  6.026E-03  5.482E-03  4.974E-03  4.433E-03  3.916E-03  3.478E-03  3.107E-03  2.793E-03  2.400E-03  2.130E-03
  332.5000  6.435E-02  6.293E-02  6.152E-02  6.011E-02  5.872E-02  5.733E-02  5.596E-02  5.460E-02  5.325E-02  5.190E-02  5.057E-02  4.925E-02  4.794E-02  4.664E-02  4.535E-02  4.406E-02  4.280E-02  4.154E-02  4.030E-02  3.906E-02  3.783E-02  3.662E-02  3.542E-02  3.424E-02  3.306E-02  3.190E-02  3.075E-02  2.961E-02  2.849E-02  2.738E-02  2.628E-02  2.519E-02  2.413E-02  2.308E-02  2.204E-02  2.102E-02  2.001E-02  1.902E-02  1.805E-02  1.710E-02  1.617E-02  1.525E-02  1.436E-02  1.348E-02  1.263E-02  1.180E-02  1.101E-02  1.022E-02  9.460E-03  8.733E-03  8.035E-03  7.368E-03  6.734E-03  6.139E-03  5.491E-03  4.867E-03  4.338E-03  3.891E-03  3.513E-03  3.023E-03  2.692E-03
  333.5000  5.865E-02  5.732E-02  5.601E-02  5.469E-02  5.339E-02  5.211E-02  5.083E-02  4.956E-02  4.830E-02  4.705E-02  4.581E-02  4.458E-02  4.336E-02  4.216E-02  4.096E-02  3.977E-02  3.859E-02  3.743E-02  3.627E-02  3.513E-02  3.399E-02  3.288E-02  3.177E-02  3.067E-02  2.959E-02  2.852E-02  2.745E-02  2.641E-02  2.538E-02  2.436E-02  2.335E-02  2.236E-02  2.138E-02  2.042E-02  1.947E-02  1.854E-02  1.763E-02  1.673E-02  1.585E-02  1.499E-02  1.414E-02  1.332E-02  1.251E-02  1.173E-02  1.096E-02  1.022E-02  9.507E-03  8.812E-03  8.140E-03  7.497E-03  6.882E-03  6.296E-03  5.742E-03  5.222E-03  4.663E-03  4.125E-03  3.670E-03  3.285E-03  2.959E-03  2.544E-03  2.261E-03
  334.5000  6.664E-02  6.515E-02  6.367E-02  6.219E-02  6.074E-02  5.929E-02  5.785E-02  5.643E-02  5.501E-02  5.360E-02  5.221E-02  5.083E-02  4.946E-02  4.810E-02  4.675E-02  4.541E-02  4.409E-02  4.278E-02  4.148E-02  4.019E-02  3.891E-02  3.764E-02  3.639E-02  3.516E-02  3.393E-02  3.272E-02  3.152E-02  3.034E-02  2.917E-02  2.802E-02  2.688E-02  2.575E-02  2.464E-02  2.355E-02  2.248E-02  2.142E-02  2.038E-02  1.935E-02  1.835E-02  1.737E-02  1.640E-02  1.546E-02  1.454E-02  1.364E-02  1.276E-02  1.191E-02  1.109E-02  1.029E-02  9.516E-03  8.774E-03  8.062E-03  7.384E-03  6.740E-03  6.136E-03  5.483E-03  4.854E-03  4.322E-03  3.872E-03  3.490E-03  3.002E-03  2.670E-03
  335.5000  6.998E-02  6.846E-02  6.694E-02  6.543E-02  6.394E-02  6.246E-02  6.099E-02  5.952E-02  5.807E-02  5.663E-02  5.520E-02  5.378E-02  5.237E-02  5.098E-02  4.959E-02  4.821E-02  4.685E-02  4.550E-02  4.416E-02  4.283E-02  4.151E-02  4.020E-02  3.891E-02  3.763E-02  3.637E-02  3.511E-02  3.387E-02  3.264E-02  3.142E-02  3.022E-02  2.904E-02  2.786E-02  2.670E-02  2.556E-02  2.444E-02  2.333E-02  2.224E-02  2.115E-02  2.010E-02  1.906E-02  1.804E-02  1.704E-02  1.606E-02  1.510E-02  1.416E-02  1.325E-02  1.237E-02  1.150E-02  1.066E-02  9.859E-03  9.083E-03  8.341E-03  7.635E-03  6.969E-03  6.241E-03  5.536E-03  4.941E-03  4.437E-03  4.011E-03  3.454E-03  3.079E-03
  336.5000  5.420E-02  5.301E-02  5.182E-02  5.065E-02  4.948E-02  4.832E-02  4.718E-02  4.604E-02  4.490E-02  4.378E-02  4.266E-02  4.156E-02  4.046E-02  3.937E-02  3.829E-02  3.722E-02  3.615E-02  3.510E-02  3.406E-02  3.302E-02  3.199E-02  3.098E-02  2.997E-02  2.898E-02  2.799E-02  2.702E-02  2.605E-02  2.510E-02  2.415E-02  2.322E-02  2.230E-02  2.138E-02  2.049E-02  1.960E-02  1.873E-02  1.787E-02  1.702E-02  1.619E-02  1.537E-02  1.457E-02  1.378E-02  1.301E-02  1.225E-02  1.151E-02  1.079E-02  1.009E-02  9.403E-03  8.741E-03  8.097E-03  7.479E-03  6.885E-03  6.316E-03  5.776E-03  5.268E-03  4.714E-03  4.179E-03  3.726E-03  3.343E-03  3.019E-03  2.598E-03  2.314E-03
  337.5000  5.810E-02  5.680E-02  5.551E-02  5.422E-02  5.295E-02  5.169E-02  5.044E-02  4.919E-02  4.796E-02  4.673E-02  4.552E-02  4.431E-02  4.312E-02  4.193E-02  4.076E-02  3.959E-02  3.843E-02  3.729E-02  3.616E-02  3.503E-02  3.392E-02  3.282E-02  3.173E-02  3.065E-02  2.958E-02  2.853E-02  2.748E-02  2.645E-02  2.543E-02  2.442E-02  2.343E-02  2.245E-02  2.148E-02  2.053E-02  1.959E-02  1.867E-02  1.776E-02  1.687E-02  1.599E-02  1.514E-02  1.430E-02  1.347E-02  1.267E-02  1.188E-02  1.112E-02  1.038E-02  9.664E-03  8.963E-03  8.287E-03  7.639E-03  7.019E-03  6.427E-03  5.866E-03  5.339E-03  4.770E-03  4.221E-03  3.757E-03  3.365E-03  3.033E-03  2.608E-03  2.319E-03
  338.5000  6.365E-02  6.226E-02  6.089E-02  5.951E-02  5.816E-02  5.681E-02  5.547E-02  5.415E-02  5.283E-02  5.152E-02  5.022E-02  4.893E-02  4.765E-02  4.638E-02  4.513E-02  4.387E-02  4.263E-02  4.141E-02  4.019E-02  3.898E-02  3.778E-02  3.660E-02  3.542E-02  3.426E-02  3.311E-02  3.197E-02  3.084E-02  2.972E-02  2.862E-02  2.753E-02  2.645E-02  2.538E-02  2.433E-02  2.329E-02  2.227E-02  2.126E-02  2.026E-02  1.928E-02  1.832E-02  1.737E-02  1.645E-02  1.553E-02  1.464E-02  1.377E-02  1.292E-02  1.208E-02  1.128E-02  1.049E-02  9.727E-03  8.992E-03  8.285E-03  7.608E-03  6.963E-03  6.356E-03  5.692E-03  5.048E-03  4.504E-03  4.045E-03  3.656E-03  3.148E-03  2.805E-03
  339.5000  6.958E-02  6.807E-02  6.657E-02  6.508E-02  6.360E-02  6.213E-02  6.068E-02  5.923E-02  5.780E-02  5.636E-02  5.495E-02  5.355E-02  5.215E-02  5.077E-02  4.940E-02  4.803E-02  4.668E-02  4.535E-02  4.402E-02  4.271E-02  4.140E-02  4.010E-02  3.882E-02  3.756E-02  3.630E-02  3.506E-02  3.382E-02  3.260E-02  3.140E-02  3.021E-02  2.903E-02  2.786E-02  2.671E-02  2.558E-02  2.446E-02  2.336E-02  2.227E-02  2.120E-02  2.015E-02  1.911E-02  1.810E-02  1.710E-02  1.612E-02  1.516E-02  1.423E-02  1.332E-02  1.243E-02  1.157E-02  1.073E-02  9.925E-03  9.148E-03  8.403E-03  7.694E-03  7.026E-03  6.293E-03  5.583E-03  4.983E-03  4.476E-03  4.047E-03  3.484E-03  3.106E-03
  340.5000  7.346E-02  7.185E-02  7.025E-02  6.866E-02  6.708E-02  6.552E-02  6.396E-02  6.242E-02  6.089E-02  5.937E-02  5.786E-02  5.636E-02  5.488E-02  5.341E-02  5.195E-02  5.049E-02  4.906E-02  4.764E-02  4.622E-02  4.483E-02  4.343E-02  4.206E-02  4.070E-02  3.935E-02  3.802E-02  3.670E-02  3.539E-02  3.410E-02  3.282E-02  3.156E-02  3.031E-02  2.907E-02  2.786E-02  2.666E-02  2.548E-02  2.431E-02  2.316E-02  2.203E-02  2.092E-02  1.983E-02  1.876E-02  1.771E-02  1.669E-02  1.568E-02  1.470E-02  1.374E-02  1.282E-02  1.191E-02  1.104E-02  1.020E-02  9.387E-03  8.613E-03  7.877E-03  7.183E-03  6.428E-03  5.697E-03  5.079E-03  4.557E-03  4.115E-03  3.540E-03  3.153E-03
  341.5000  6.651E-02  6.508E-02  6.365E-02  6.223E-02  6.082E-02  5.942E-02  5.804E-02  5.666E-02  5.529E-02  5.393E-02  5.258E-02  5.124E-02  4.992E-02  4.860E-02  4.730E-02  4.599E-02  4.471E-02  4.343E-02  4.217E-02  4.092E-02  3.967E-02  3.844E-02  3.722E-02  3.601E-02  3.481E-02  3.363E-02  3.245E-02  3.129E-02  3.014E-02  2.900E-02  2.788E-02  2.676E-02  2.566E-02  2.458E-02  2.351E-02  2.246E-02  2.142E-02  2.039E-02  1.939E-02  1.840E-02  1.743E-02  1.647E-02  1.554E-02  1.462E-02  1.372E-02  1.285E-02  1.200E-02  1.117E-02  1.037E-02  9.590E-03  8.842E-03  8.125E-03  7.443E-03  6.799E-03  6.092E-03  5.406E-03  4.826E-03  4.336E-03  3.922E-03  3.377E-03  3.012E-03
  342.5000  7.399E-02  7.239E-02  7.081E-02  6.923E-02  6.767E-02  6.612E-02  6.458E-02  6.305E-02  6.154E-02  6.002E-02  5.853E-02  5.704E-02  5.557E-02  5.411E-02  5.266E-02  5.122E-02  4.979E-02  4.837E-02  4.697E-02  4.558E-02  4.419E-02  4.283E-02  4.147E-02  4.013E-02  3.880E-02  3.749E-02  3.618E-02  3.489E-02  3.361E-02  3.235E-02  3.110E-02  2.986E-02  2.864E-02  2.744E-02  2.625E-02  2.508E-02  2.392E-02  2.278E-02  2.166E-02  2.056E-02  1.948E-02  1.841E-02  1.737E-02  1.635E-02  1.535E-02  1.438E-02  1.343E-02  1.251E-02  1.161E-02  1.074E-02  9.906E-03  9.105E-03  8.342E-03  7.622E-03  6.831E-03  6.063E-03  5.414E-03  4.865E-03  4.402E-03  3.790E-03  3.381E-03
  343.5000  7.642E-02  7.477E-02  7.312E-02  7.148E-02  6.986E-02  6.825E-02  6.666E-02  6.507E-02  6.350E-02  6.192E-02  6.037E-02  5.883E-02  5.731E-02  5.579E-02  5.429E-02  5.279E-02  5.131E-02  4.984E-02  4.839E-02  4.695E-02  4.551E-02  4.409E-02  4.269E-02  4.130E-02  3.992E-02  3.856E-02  3.720E-02  3.587E-02  3.455E-02  3.324E-02  3.195E-02  3.067E-02  2.940E-02  2.816E-02  2.693E-02  2.572E-02  2.453E-02  2.335E-02  2.219E-02  2.105E-02  1.994E-02  1.884E-02  1.777E-02  1.671E-02  1.569E-02  1.468E-02  1.371E-02  1.276E-02  1.183E-02  1.094E-02  1.009E-02  9.267E-03  8.485E-03  7.747E-03  6.939E-03  6.155E-03  5.493E-03  4.933E-03  4.460E-03  3.838E-03  3.421E-03
  344.5000  5.323E-02  5.207E-02  5.092E-02  4.977E-02  4.863E-02  4.750E-02  4.639E-02  4.527E-02  4.417E-02  4.307E-02  4.199E-02  4.091E-02  3.984E-02  3.878E-02  3.773E-02  3.668E-02  3.565E-02  3.462E-02  3.360E-02  3.259E-02  3.159E-02  3.060E-02  2.962E-02  2.865E-02  2.769E-02  2.673E-02  2.579E-02  2.485E-02  2.393E-02  2.302E-02  2.212E-02  2.122E-02  2.034E-02  1.948E-02  1.862E-02  1.778E-02  1.694E-02  1.612E-02  1.532E-02  1.453E-02  1.375E-02  1.299E-02  1.224E-02  1.151E-02  1.079E-02  1.010E-02  9.423E-03  8.765E-03  8.125E-03  7.509E-03  6.917E-03  6.350E-03  5.810E-03  5.301E-03  4.745E-03  4.207E-03  3.751E-03  3.367E-03  3.041E-03  2.616E-03  2.330E-03
  345.5000  7.430E-02  7.270E-02  7.112E-02  6.954E-02  6.797E-02  6.642E-02  6.488E-02  6.335E-02  6.183E-02  6.032E-02  5.882E-02  5.734E-02  5.586E-02  5.440E-02  5.295E-02  5.150E-02  5.007E-02  4.866E-02  4.725E-02  4.586E-02  4.447E-02  4.310E-02  4.175E-02  4.040E-02  3.907E-02  3.775E-02  3.644E-02  3.515E-02  3.387E-02  3.260E-02  3.135E-02  3.011E-02  2.889E-02  2.768E-02  2.649E-02  2.531E-02  2.415E-02  2.300E-02  2.188E-02  2.077E-02  1.969E-02  1.862E-02  1.757E-02  1.654E-02  1.554E-02  1.456E-02  1.360E-02  1.267E-02  1.176E-02  1.089E-02  1.005E-02  9.237E-03  8.465E-03  7.737E-03  6.935E-03  6.155E-03  5.498E-03  4.942E-03  4.472E-03  3.851E-03  3.436E-03
  346.5000  6.880E-02  6.731E-02  6.583E-02  6.435E-02  6.289E-02  6.144E-02  6.000E-02  5.857E-02  5.715E-02  5.574E-02  5.434E-02  5.296E-02  5.158E-02  5.022E-02  4.887E-02  4.752E-02  4.618E-02  4.486E-02  4.356E-02  4.226E-02  4.097E-02  3.969E-02  3.843E-02  3.718E-02  3.594E-02  3.471E-02  3.349E-02  3.229E-02  3.110E-02  2.992E-02  2.876E-02  2.761E-02  2.647E-02  2.535E-02  2.425E-02  2.316E-02  2.208E-02  2.102E-02  1.998E-02  1.895E-02  1.795E-02  1.696E-02  1.599E-02  1.504E-02  1.412E-02  1.322E-02  1.233E-02  1.148E-02  1.065E-02  9.847E-03  9.075E-03  8.336E-03  7.631E-03  6.966E-03  6.239E-03  5.533E-03  4.936E-03  4.431E-03  4.005E-03  3.446E-03  3.071E-03
  347.5000  6.735E-02  6.589E-02  6.445E-02  6.300E-02  6.157E-02  6.015E-02  5.875E-02  5.735E-02  5.596E-02  5.458E-02  5.321E-02  5.186E-02  5.051E-02  4.918E-02  4.785E-02  4.654E-02  4.523E-02  4.394E-02  4.266E-02  4.139E-02  4.013E-02  3.888E-02  3.765E-02  3.642E-02  3.521E-02  3.401E-02  3.281E-02  3.164E-02  3.047E-02  2.932E-02  2.819E-02  2.706E-02  2.595E-02  2.485E-02  2.377E-02  2.270E-02  2.165E-02  2.061E-02  1.959E-02  1.859E-02  1.760E-02  1.664E-02  1.569E-02  1.476E-02  1.385E-02  1.297E-02  1.211E-02  1.127E-02  1.045E-02  9.665E-03  8.908E-03  8.182E-03  7.491E-03  6.839E-03  6.125E-03  5.432E-03  4.846E-03  4.351E-03  3.933E-03  3.383E-03  3.015E-03
  348.5000  7.436E-02  7.276E-02  7.116E-02  6.957E-02  6.800E-02  6.644E-02  6.489E-02  6.335E-02  6.182E-02  6.030E-02  5.880E-02  5.730E-02  5.582E-02  5.435E-02  5.290E-02  5.144E-02  5.001E-02  4.859E-02  4.718E-02  4.578E-02  4.438E-02  4.301E-02  4.165E-02  4.030E-02  3.897E-02  3.764E-02  3.633E-02  3.503E-02  3.375E-02  3.248E-02  3.123E-02  2.998E-02  2.875E-02  2.754E-02  2.635E-02  2.517E-02  2.401E-02  2.286E-02  2.174E-02  2.063E-02  1.954E-02  1.848E-02  1.743E-02  1.640E-02  1.540E-02  1.442E-02  1.346E-02  1.253E-02  1.163E-02  1.076E-02  9.920E-03  9.115E-03  8.348E-03  7.624E-03  6.829E-03  6.058E-03  5.406E-03  4.855E-03  4.389E-03  3.777E-03  3.367E-03
  349.5000  6.233E-02  6.098E-02  5.964E-02  5.831E-02  5.699E-02  5.568E-02  5.438E-02  5.309E-02  5.181E-02  5.053E-02  4.927E-02  4.802E-02  4.678E-02  4.555E-02  4.432E-02  4.311E-02  4.190E-02  4.071E-02  3.953E-02  3.836E-02  3.719E-02  3.604E-02  3.490E-02  3.377E-02  3.265E-02  3.154E-02  3.044E-02  2.935E-02  2.827E-02  2.721E-02  2.616E-02  2.511E-02  2.409E-02  2.307E-02  2.207E-02  2.109E-02  2.011E-02  1.915E-02  1.821E-02  1.728E-02  1.637E-02  1.547E-02  1.459E-02  1.373E-02  1.289E-02  1.207E-02  1.127E-02  1.049E-02  9.735E-03  9.005E-03  8.302E-03  7.628E-03  6.985E-03  6.378E-03  5.713E-03  5.067E-03  4.521E-03  4.060E-03  3.670E-03  3.157E-03  2.814E-03
  350.5000  8.740E-02  8.551E-02  8.364E-02  8.177E-02  7.992E-02  7.808E-02  7.626E-02  7.445E-02  7.266E-02  7.087E-02  6.910E-02  6.735E-02  6.561E-02  6.388E-02  6.217E-02  6.046E-02  5.878E-02  5.711E-02  5.545E-02  5.381E-02  5.217E-02  5.056E-02  4.896E-02  4.737E-02  4.580E-02  4.425E-02  4.270E-02  4.118E-02  3.967E-02  3.818E-02  3.671E-02  3.525E-02  3.381E-02  3.239E-02  3.098E-02  2.960E-02  2.823E-02  2.688E-02  2.556E-02  2.426E-02  2.298E-02  2.173E-02  2.049E-02  1.928E-02  1.810E-02  1.695E-02  1.583E-02  1.474E-02  1.368E-02  1.265E-02  1.166E-02  1.072E-02  9.814E-03  8.962E-03  8.027E-03  7.120E-03  6.352E-03  5.704E-03  5.156E-03  4.435E-03  3.953E-03
  351.5000  7.527E-02  7.364E-02  7.202E-02  7.041E-02  6.881E-02  6.723E-02  6.566E-02  6.410E-02  6.255E-02  6.101E-02  5.949E-02  5.797E-02  5.647E-02  5.499E-02  5.351E-02  5.204E-02  5.059E-02  4.915E-02  4.772E-02  4.630E-02  4.489E-02  4.350E-02  4.212E-02  4.076E-02  3.941E-02  3.807E-02  3.674E-02  3.542E-02  3.413E-02  3.284E-02  3.157E-02  3.031E-02  2.907E-02  2.785E-02  2.664E-02  2.545E-02  2.427E-02  2.311E-02  2.197E-02  2.085E-02  1.975E-02  1.867E-02  1.761E-02  1.656E-02  1.555E-02  1.456E-02  1.359E-02  1.265E-02  1.174E-02  1.086E-02  1.001E-02  9.193E-03  8.417E-03  7.685E-03  6.882E-03  6.103E-03  5.443E-03  4.887E-03  4.416E-03  3.798E-03  3.384E-03
  352.5000  6.801E-02  6.654E-02  6.508E-02  6.362E-02  6.218E-02  6.075E-02  5.934E-02  5.793E-02  5.653E-02  5.514E-02  5.376E-02  5.240E-02  5.104E-02  4.970E-02  4.837E-02  4.704E-02  4.573E-02  4.443E-02  4.314E-02  4.186E-02  4.059E-02  3.933E-02  3.809E-02  3.685E-02  3.563E-02  3.443E-02  3.322E-02  3.204E-02  3.086E-02  2.971E-02  2.856E-02  2.742E-02  2.630E-02  2.519E-02  2.410E-02  2.303E-02  2.196E-02  2.091E-02  1.988E-02  1.887E-02  1.788E-02  1.690E-02  1.594E-02  1.500E-02  1.408E-02  1.318E-02  1.231E-02  1.146E-02  1.063E-02  9.836E-03  9.067E-03  8.330E-03  7.627E-03  6.964E-03  6.237E-03  5.531E-03  4.934E-03  4.429E-03  4.003E-03  3.442E-03  3.067E-03
  353.5000  8.208E-02  8.031E-02  7.855E-02  7.679E-02  7.506E-02  7.334E-02  7.163E-02  6.993E-02  6.825E-02  6.657E-02  6.491E-02  6.326E-02  6.163E-02  6.001E-02  5.841E-02  5.680E-02  5.522E-02  5.366E-02  5.210E-02  5.056E-02  4.903E-02  4.752E-02  4.602E-02  4.453E-02  4.306E-02  4.160E-02  4.015E-02  3.872E-02  3.731E-02  3.591E-02  3.453E-02  3.315E-02  3.180E-02  3.047E-02  2.915E-02  2.785E-02  2.657E-02  2.530E-02  2.406E-02  2.284E-02  2.164E-02  2.046E-02  1.930E-02  1.816E-02  1.705E-02  1.597E-02  1.491E-02  1.389E-02  1.289E-02  1.192E-02  1.099E-02  1.010E-02  9.249E-03  8.446E-03  7.565E-03  6.709E-03  5.985E-03  5.374E-03  4.857E-03  4.177E-03  3.722E-03
  354.5000  8.904E-02  8.712E-02  8.521E-02  8.331E-02  8.143E-02  7.956E-02  7.771E-02  7.587E-02  7.405E-02  7.223E-02  7.043E-02  6.865E-02  6.688E-02  6.512E-02  6.338E-02  6.165E-02  5.994E-02  5.824E-02  5.655E-02  5.489E-02  5.322E-02  5.158E-02  4.996E-02  4.835E-02  4.675E-02  4.517E-02  4.360E-02  4.205E-02  4.052E-02  3.900E-02  3.751E-02  3.602E-02  3.455E-02  3.311E-02  3.168E-02  3.027E-02  2.888E-02  2.750E-02  2.616E-02  2.483E-02  2.353E-02  2.225E-02  2.099E-02  1.975E-02  1.855E-02  1.737E-02  1.623E-02  1.511E-02  1.402E-02  1.298E-02  1.197E-02  1.100E-02  1.007E-02  9.198E-03  8.240E-03  7.308E-03  6.519E-03  5.854E-03  5.292E-03  4.551E-03  4.055E-03
  355.5000  8.328E-02  8.148E-02  7.970E-02  7.791E-02  7.616E-02  7.441E-02  7.268E-02  7.096E-02  6.925E-02  6.755E-02  6.587E-02  6.420E-02  6.255E-02  6.091E-02  5.928E-02  5.766E-02  5.606E-02  5.447E-02  5.289E-02  5.133E-02  4.978E-02  4.824E-02  4.672E-02  4.522E-02  4.373E-02  4.225E-02  4.078E-02  3.933E-02  3.790E-02  3.648E-02  3.508E-02  3.369E-02  3.232E-02  3.097E-02  2.963E-02  2.831E-02  2.701E-02  2.573E-02  2.447E-02  2.323E-02  2.201E-02  2.081E-02  1.964E-02  1.848E-02  1.735E-02  1.625E-02  1.518E-02  1.414E-02  1.312E-02  1.214E-02  1.119E-02  1.029E-02  9.421E-03  8.603E-03  7.706E-03  6.834E-03  6.097E-03  5.474E-03  4.948E-03  4.254E-03  3.791E-03
  356.5000  7.732E-02  7.565E-02  7.400E-02  7.234E-02  7.071E-02  6.909E-02  6.748E-02  6.588E-02  6.429E-02  6.271E-02  6.115E-02  5.960E-02  5.807E-02  5.654E-02  5.503E-02  5.353E-02  5.204E-02  5.057E-02  4.910E-02  4.766E-02  4.621E-02  4.479E-02  4.338E-02  4.198E-02  4.059E-02  3.922E-02  3.786E-02  3.651E-02  3.518E-02  3.387E-02  3.257E-02  3.127E-02  3.000E-02  2.875E-02  2.751E-02  2.628E-02  2.508E-02  2.388E-02  2.271E-02  2.156E-02  2.043E-02  1.932E-02  1.823E-02  1.715E-02  1.611E-02  1.509E-02  1.409E-02  1.312E-02  1.218E-02  1.127E-02  1.039E-02  9.545E-03  8.741E-03  7.983E-03  7.150E-03  6.340E-03  5.655E-03  5.077E-03  4.589E-03  3.945E-03  3.515E-03
  357.5000  6.577E-02  6.435E-02  6.294E-02  6.153E-02  6.014E-02  5.876E-02  5.739E-02  5.603E-02  5.468E-02  5.334E-02  5.201E-02  5.069E-02  4.938E-02  4.809E-02  4.680E-02  4.552E-02  4.426E-02  4.300E-02  4.176E-02  4.053E-02  3.930E-02  3.809E-02  3.689E-02  3.570E-02  3.452E-02  3.335E-02  3.219E-02  3.105E-02  2.992E-02  2.880E-02  2.769E-02  2.659E-02  2.551E-02  2.444E-02  2.339E-02  2.235E-02  2.132E-02  2.031E-02  1.931E-02  1.833E-02  1.737E-02  1.642E-02  1.549E-02  1.458E-02  1.369E-02  1.282E-02  1.198E-02  1.115E-02  1.035E-02  9.574E-03  8.827E-03  8.110E-03  7.427E-03  6.781E-03  6.073E-03  5.385E-03  4.803E-03  4.311E-03  3.896E-03  3.349E-03  2.983E-03
  358.5000  5.083E-02  4.973E-02  4.864E-02  4.755E-02  4.648E-02  4.541E-02  4.435E-02  4.330E-02  4.226E-02  4.122E-02  4.020E-02  3.918E-02  3.817E-02  3.717E-02  3.617E-02  3.518E-02  3.421E-02  3.324E-02  3.228E-02  3.133E-02  3.038E-02  2.944E-02  2.852E-02  2.760E-02  2.669E-02  2.579E-02  2.489E-02  2.401E-02  2.313E-02  2.227E-02  2.141E-02  2.056E-02  1.973E-02  1.890E-02  1.809E-02  1.729E-02  1.649E-02  1.571E-02  1.494E-02  1.418E-02  1.344E-02  1.271E-02  1.199E-02  1.128E-02  1.060E-02  9.924E-03  9.272E-03  8.632E-03  8.010E-03  7.411E-03  6.833E-03  6.279E-03  5.750E-03  5.250E-03  4.702E-03  4.169E-03  3.718E-03  3.338E-03  3.016E-03  2.592E-03  2.309E-03
  359.5000  8.559E-02  8.374E-02  8.191E-02  8.007E-02  7.827E-02  7.647E-02  7.469E-02  7.292E-02  7.116E-02  6.941E-02  6.769E-02  6.597E-02  6.427E-02  6.259E-02  6.091E-02  5.925E-02  5.760E-02  5.597E-02  5.435E-02  5.275E-02  5.115E-02  4.958E-02  4.802E-02  4.647E-02  4.494E-02  4.342E-02  4.191E-02  4.043E-02  3.895E-02  3.750E-02  3.606E-02  3.463E-02  3.322E-02  3.183E-02  3.046E-02  2.911E-02  2.777E-02  2.645E-02  2.516E-02  2.388E-02  2.263E-02  2.140E-02  2.019E-02  1.900E-02  1.784E-02  1.671E-02  1.561E-02  1.453E-02  1.349E-02  1.248E-02  1.150E-02  1.057E-02  9.679E-03  8.838E-03  7.915E-03  7.018E-03  6.258E-03  5.616E-03  5.075E-03  4.361E-03  3.885E-03
  360.5000  7.939E-02  7.768E-02  7.597E-02  7.427E-02  7.259E-02  7.093E-02  6.927E-02  6.763E-02  6.601E-02  6.438E-02  6.278E-02  6.119E-02  5.961E-02  5.805E-02  5.650E-02  5.495E-02  5.342E-02  5.191E-02  5.041E-02  4.893E-02  4.744E-02  4.598E-02  4.454E-02  4.310E-02  4.168E-02  4.028E-02  3.888E-02  3.750E-02  3.613E-02  3.478E-02  3.345E-02  3.212E-02  3.082E-02  2.953E-02  2.826E-02  2.700E-02  2.576E-02  2.454E-02  2.334E-02  2.215E-02  2.099E-02  1.985E-02  1.873E-02  1.763E-02  1.655E-02  1.550E-02  1.448E-02  1.348E-02  1.251E-02  1.157E-02  1.067E-02  9.805E-03  8.978E-03  8.197E-03  7.341E-03  6.508E-03  5.803E-03  5.208E-03  4.705E-03  4.043E-03  3.601E-03
  361.5000  7.166E-02  7.011E-02  6.857E-02  6.704E-02  6.552E-02  6.402E-02  6.253E-02  6.105E-02  5.958E-02  5.811E-02  5.667E-02  5.523E-02  5.381E-02  5.240E-02  5.100E-02  4.960E-02  4.823E-02  4.686E-02  4.551E-02  4.417E-02  4.283E-02  4.151E-02  4.021E-02  3.891E-02  3.763E-02  3.636E-02  3.510E-02  3.386E-02  3.263E-02  3.141E-02  3.020E-02  2.901E-02  2.783E-02  2.667E-02  2.552E-02  2.439E-02  2.327E-02  2.216E-02  2.108E-02  2.001E-02  1.896E-02  1.793E-02  1.692E-02  1.592E-02  1.495E-02  1.401E-02  1.308E-02  1.218E-02  1.130E-02  1.046E-02  9.644E-03  8.860E-03  8.113E-03  7.408E-03  6.634E-03  5.881E-03  5.244E-03  4.706E-03  4.251E-03  3.653E-03  3.253E-03
  362.5000  8.423E-02  8.241E-02  8.060E-02  7.880E-02  7.702E-02  7.525E-02  7.349E-02  7.175E-02  7.003E-02  6.830E-02  6.661E-02  6.492E-02  6.325E-02  6.159E-02  5.994E-02  5.830E-02  5.669E-02  5.508E-02  5.349E-02  5.192E-02  5.035E-02  4.880E-02  4.726E-02  4.574E-02  4.424E-02  4.275E-02  4.126E-02  3.980E-02  3.836E-02  3.692E-02  3.551E-02  3.410E-02  3.272E-02  3.135E-02  3.000E-02  2.867E-02  2.736E-02  2.606E-02  2.478E-02  2.353E-02  2.230E-02  2.109E-02  1.990E-02  1.873E-02  1.759E-02  1.647E-02  1.538E-02  1.433E-02  1.330E-02  1.230E-02  1.134E-02  1.042E-02  9.541E-03  8.711E-03  7.801E-03  6.917E-03  6.166E-03  5.533E-03  4.998E-03  4.294E-03  3.824E-03
  363.5000  7.498E-02  7.336E-02  7.175E-02  7.014E-02  6.856E-02  6.698E-02  6.542E-02  6.387E-02  6.234E-02  6.080E-02  5.929E-02  5.779E-02  5.630E-02  5.482E-02  5.336E-02  5.190E-02  5.046E-02  4.903E-02  4.762E-02  4.621E-02  4.482E-02  4.344E-02  4.207E-02  4.072E-02  3.938E-02  3.805E-02  3.673E-02  3.543E-02  3.414E-02  3.287E-02  3.161E-02  3.036E-02  2.913E-02  2.791E-02  2.671E-02  2.553E-02  2.436E-02  2.320E-02  2.207E-02  2.095E-02  1.985E-02  1.877E-02  1.771E-02  1.667E-02  1.566E-02  1.467E-02  1.370E-02  1.276E-02  1.184E-02  1.095E-02  1.010E-02  9.276E-03  8.494E-03  7.755E-03  6.944E-03  6.157E-03  5.488E-03  4.924E-03  4.448E-03  3.821E-03  3.402E-03
  364.5000  8.183E-02  8.006E-02  7.830E-02  7.655E-02  7.482E-02  7.310E-02  7.139E-02  6.970E-02  6.802E-02  6.635E-02  6.470E-02  6.306E-02  6.143E-02  5.982E-02  5.822E-02  5.663E-02  5.506E-02  5.350E-02  5.196E-02  5.043E-02  4.890E-02  4.740E-02  4.591E-02  4.443E-02  4.297E-02  4.152E-02  4.008E-02  3.866E-02  3.726E-02  3.587E-02  3.449E-02  3.313E-02  3.178E-02  3.046E-02  2.915E-02  2.785E-02  2.658E-02  2.531E-02  2.408E-02  2.286E-02  2.166E-02  2.048E-02  1.933E-02  1.819E-02  1.708E-02  1.600E-02  1.494E-02  1.392E-02  1.291E-02  1.195E-02  1.101E-02  1.012E-02  9.264E-03  8.457E-03  7.572E-03  6.713E-03  5.983E-03  5.368E-03  4.848E-03  4.164E-03  3.707E-03
  365.5000  9.975E-02  9.759E-02  9.544E-02  9.330E-02  9.119E-02  8.910E-02  8.702E-02  8.495E-02  8.291E-02  8.087E-02  7.885E-02  7.685E-02  7.487E-02  7.291E-02  7.096E-02  6.901E-02  6.710E-02  6.520E-02  6.332E-02  6.145E-02  5.959E-02  5.776E-02  5.594E-02  5.414E-02  5.236E-02  5.060E-02  4.884E-02  4.711E-02  4.540E-02  4.370E-02  4.203E-02  4.036E-02  3.873E-02  3.711E-02  3.551E-02  3.394E-02  3.238E-02  3.084E-02  2.933E-02  2.785E-02  2.639E-02  2.495E-02  2.355E-02  2.216E-02  2.081E-02  1.949E-02  1.820E-02  1.695E-02  1.573E-02  1.455E-02  1.341E-02  1.232E-02  1.128E-02  1.030E-02  9.220E-03  8.171E-03  7.283E-03  6.533E-03  5.899E-03  5.067E-03  4.510E-03
  366.5000  1.057E-01  1.034E-01  1.011E-01  9.883E-02  9.660E-02  9.438E-02  9.217E-02  8.999E-02  8.782E-02  8.566E-02  8.352E-02  8.141E-02  7.931E-02  7.723E-02  7.516E-02  7.310E-02  7.107E-02  6.906E-02  6.707E-02  6.509E-02  6.312E-02  6.118E-02  5.926E-02  5.735E-02  5.547E-02  5.360E-02  5.174E-02  4.991E-02  4.809E-02  4.630E-02  4.453E-02  4.276E-02  4.103E-02  3.932E-02  3.763E-02  3.596E-02  3.431E-02  3.268E-02  3.108E-02  2.951E-02  2.796E-02  2.644E-02  2.495E-02  2.348E-02  2.205E-02  2.066E-02  1.929E-02  1.796E-02  1.667E-02  1.542E-02  1.421E-02  1.306E-02  1.195E-02  1.091E-02  9.770E-03  8.660E-03  7.717E-03  6.922E-03  6.250E-03  5.367E-03  4.777E-03
  367.5000  1.004E-01  9.824E-02  9.608E-02  9.392E-02  9.180E-02  8.969E-02  8.759E-02  8.552E-02  8.345E-02  8.140E-02  7.937E-02  7.736E-02  7.537E-02  7.339E-02  7.143E-02  6.947E-02  6.754E-02  6.563E-02  6.374E-02  6.186E-02  5.999E-02  5.815E-02  5.632E-02  5.451E-02  5.272E-02  5.094E-02  4.917E-02  4.743E-02  4.571E-02  4.401E-02  4.232E-02  4.065E-02  3.900E-02  3.737E-02  3.577E-02  3.418E-02  3.262E-02  3.107E-02  2.955E-02  2.805E-02  2.658E-02  2.514E-02  2.372E-02  2.233E-02  2.097E-02  1.964E-02  1.834E-02  1.708E-02  1.585E-02  1.466E-02  1.352E-02  1.242E-02  1.137E-02  1.038E-02  9.289E-03  8.233E-03  7.337E-03  6.580E-03  5.941E-03  5.101E-03  4.540E-03
  368.5000  8.827E-02  8.635E-02  8.445E-02  8.256E-02  8.069E-02  7.883E-02  7.699E-02  7.516E-02  7.335E-02  7.154E-02  6.976E-02  6.799E-02  6.624E-02  6.450E-02  6.278E-02  6.106E-02  5.936E-02  5.768E-02  5.602E-02  5.437E-02  5.272E-02  5.110E-02  4.950E-02  4.791E-02  4.633E-02  4.477E-02  4.322E-02  4.169E-02  4.018E-02  3.868E-02  3.720E-02  3.573E-02  3.428E-02  3.285E-02  3.144E-02  3.004E-02  2.867E-02  2.731E-02  2.597E-02  2.466E-02  2.337E-02  2.210E-02  2.085E-02  1.962E-02  1.843E-02  1.726E-02  1.612E-02  1.501E-02  1.393E-02  1.289E-02  1.188E-02  1.091E-02  9.988E-03  9.116E-03  8.162E-03  7.234E-03  6.445E-03  5.780E-03  5.218E-03  4.480E-03  3.986E-03
  369.5000  1.059E-01  1.036E-01  1.014E-01  9.909E-02  9.684E-02  9.461E-02  9.240E-02  9.021E-02  8.803E-02  8.586E-02  8.372E-02  8.160E-02  7.950E-02  7.741E-02  7.534E-02  7.328E-02  7.124E-02  6.923E-02  6.723E-02  6.525E-02  6.327E-02  6.133E-02  5.940E-02  5.749E-02  5.560E-02  5.373E-02  5.187E-02  5.003E-02  4.822E-02  4.642E-02  4.464E-02  4.288E-02  4.114E-02  3.942E-02  3.773E-02  3.606E-02  3.441E-02  3.277E-02  3.117E-02  2.959E-02  2.804E-02  2.652E-02  2.503E-02  2.355E-02  2.212E-02  2.072E-02  1.935E-02  1.802E-02  1.672E-02  1.546E-02  1.425E-02  1.309E-02  1.199E-02  1.094E-02  9.793E-03  8.679E-03  7.732E-03  6.933E-03  6.258E-03  5.373E-03  4.780E-03
  370.5000  9.618E-02  9.409E-02  9.202E-02  8.995E-02  8.791E-02  8.589E-02  8.388E-02  8.189E-02  7.991E-02  7.794E-02  7.600E-02  7.407E-02  7.216E-02  7.026E-02  6.839E-02  6.651E-02  6.467E-02  6.284E-02  6.102E-02  5.922E-02  5.743E-02  5.567E-02  5.392E-02  5.218E-02  5.047E-02  4.877E-02  4.708E-02  4.541E-02  4.376E-02  4.213E-02  4.052E-02  3.892E-02  3.734E-02  3.579E-02  3.425E-02  3.273E-02  3.123E-02  2.975E-02  2.829E-02  2.686E-02  2.546E-02  2.407E-02  2.272E-02  2.138E-02  2.008E-02  1.880E-02  1.756E-02  1.635E-02  1.517E-02  1.404E-02  1.294E-02  1.188E-02  1.088E-02  9.927E-03  8.886E-03  7.875E-03  7.015E-03  6.290E-03  5.677E-03  4.873E-03  4.335E-03
  371.5000  1.101E-01  1.077E-01  1.054E-01  1.030E-01  1.007E-01  9.833E-02  9.603E-02  9.375E-02  9.149E-02  8.923E-02  8.701E-02  8.480E-02  8.261E-02  8.044E-02  7.829E-02  7.615E-02  7.403E-02  7.194E-02  6.986E-02  6.780E-02  6.575E-02  6.373E-02  6.173E-02  5.974E-02  5.778E-02  5.583E-02  5.390E-02  5.199E-02  5.010E-02  4.824E-02  4.639E-02  4.456E-02  4.275E-02  4.097E-02  3.921E-02  3.747E-02  3.576E-02  3.406E-02  3.240E-02  3.076E-02  2.915E-02  2.756E-02  2.601E-02  2.448E-02  2.299E-02  2.153E-02  2.010E-02  1.872E-02  1.737E-02  1.607E-02  1.481E-02  1.360E-02  1.245E-02  1.136E-02  1.017E-02  9.014E-03  8.029E-03  7.198E-03  6.496E-03  5.575E-03  4.959E-03
  372.5000  8.140E-02  7.963E-02  7.787E-02  7.612E-02  7.440E-02  7.268E-02  7.098E-02  6.929E-02  6.762E-02  6.595E-02  6.431E-02  6.268E-02  6.106E-02  5.945E-02  5.786E-02  5.628E-02  5.471E-02  5.317E-02  5.163E-02  5.011E-02  4.859E-02  4.710E-02  4.562E-02  4.415E-02  4.270E-02  4.127E-02  3.983E-02  3.843E-02  3.703E-02  3.565E-02  3.429E-02  3.293E-02  3.160E-02  3.028E-02  2.898E-02  2.770E-02  2.643E-02  2.518E-02  2.395E-02  2.274E-02  2.154E-02  2.037E-02  1.923E-02  1.809E-02  1.699E-02  1.591E-02  1.486E-02  1.384E-02  1.284E-02  1.188E-02  1.095E-02  1.006E-02  9.204E-03  8.399E-03  7.518E-03  6.661E-03  5.933E-03  5.319E-03  4.799E-03  4.119E-03  3.663E-03
  373.5000  7.361E-02  7.201E-02  7.042E-02  6.884E-02  6.728E-02  6.573E-02  6.419E-02  6.266E-02  6.115E-02  5.964E-02  5.815E-02  5.667E-02  5.521E-02  5.376E-02  5.232E-02  5.089E-02  4.947E-02  4.807E-02  4.668E-02  4.531E-02  4.394E-02  4.259E-02  4.125E-02  3.992E-02  3.861E-02  3.731E-02  3.602E-02  3.474E-02  3.348E-02  3.224E-02  3.100E-02  2.978E-02  2.857E-02  2.738E-02  2.620E-02  2.504E-02  2.390E-02  2.276E-02  2.165E-02  2.056E-02  1.948E-02  1.842E-02  1.738E-02  1.636E-02  1.536E-02  1.439E-02  1.344E-02  1.251E-02  1.161E-02  1.074E-02  9.897E-03  9.090E-03  8.319E-03  7.591E-03  6.794E-03  6.020E-03  5.361E-03  4.806E-03  4.336E-03  3.720E-03  3.308E-03
  374.5000  8.084E-02  7.908E-02  7.733E-02  7.559E-02  7.388E-02  7.217E-02  7.048E-02  6.881E-02  6.714E-02  6.548E-02  6.385E-02  6.223E-02  6.062E-02  5.903E-02  5.745E-02  5.587E-02  5.432E-02  5.278E-02  5.126E-02  4.974E-02  4.824E-02  4.676E-02  4.529E-02  4.383E-02  4.239E-02  4.096E-02  3.954E-02  3.815E-02  3.676E-02  3.539E-02  3.404E-02  3.269E-02  3.137E-02  3.006E-02  2.877E-02  2.750E-02  2.624E-02  2.499E-02  2.377E-02  2.257E-02  2.139E-02  2.023E-02  1.909E-02  1.796E-02  1.687E-02  1.580E-02  1.475E-02  1.374E-02  1.274E-02  1.179E-02  1.086E-02  9.978E-03  9.132E-03  8.332E-03  7.457E-03  6.607E-03  5.884E-03  5.273E-03  4.757E-03  4.081E-03  3.628E-03
  375.5000  9.127E-02  8.928E-02  8.731E-02  8.535E-02  8.341E-02  8.148E-02  7.957E-02  7.768E-02  7.580E-02  7.393E-02  7.208E-02  7.025E-02  6.843E-02  6.664E-02  6.485E-02  6.307E-02  6.132E-02  5.958E-02  5.786E-02  5.616E-02  5.446E-02  5.278E-02  5.113E-02  4.948E-02  4.786E-02  4.625E-02  4.464E-02  4.306E-02  4.150E-02  3.996E-02  3.843E-02  3.691E-02  3.542E-02  3.394E-02  3.248E-02  3.104E-02  2.962E-02  2.822E-02  2.684E-02  2.548E-02  2.415E-02  2.284E-02  2.155E-02  2.028E-02  1.904E-02  1.784E-02  1.665E-02  1.551E-02  1.439E-02  1.331E-02  1.227E-02  1.127E-02  1.031E-02  9.406E-03  8.418E-03  7.458E-03  6.641E-03  5.951E-03  5.368E-03  4.605E-03  4.094E-03
  376.5000  9.120E-02  8.922E-02  8.725E-02  8.528E-02  8.334E-02  8.142E-02  7.951E-02  7.762E-02  7.574E-02  7.387E-02  7.202E-02  7.019E-02  6.838E-02  6.658E-02  6.480E-02  6.302E-02  6.127E-02  5.953E-02  5.781E-02  5.611E-02  5.441E-02  5.274E-02  5.108E-02  4.944E-02  4.781E-02  4.620E-02  4.460E-02  4.303E-02  4.147E-02  3.992E-02  3.840E-02  3.688E-02  3.539E-02  3.391E-02  3.246E-02  3.102E-02  2.960E-02  2.820E-02  2.682E-02  2.546E-02  2.413E-02  2.282E-02  2.153E-02  2.027E-02  1.903E-02  1.782E-02  1.664E-02  1.550E-02  1.438E-02  1.330E-02  1.226E-02  1.126E-02  1.030E-02  9.398E-03  8.410E-03  7.450E-03  6.634E-03  5.944E-03  5.361E-03  4.598E-03  4.087E-03
  377.5000  1.087E-01  1.063E-01  1.040E-01  1.016E-01  9.931E-02  9.701E-02  9.474E-02  9.248E-02  9.024E-02  8.801E-02  8.581E-02  8.363E-02  8.147E-02  7.932E-02  7.720E-02  7.508E-02  7.299E-02  7.093E-02  6.888E-02  6.684E-02  6.482E-02  6.283E-02  6.086E-02  5.890E-02  5.696E-02  5.505E-02  5.314E-02  5.126E-02  4.940E-02  4.756E-02  4.575E-02  4.394E-02  4.216E-02  4.040E-02  3.867E-02  3.696E-02  3.527E-02  3.360E-02  3.195E-02  3.034E-02  2.875E-02  2.719E-02  2.566E-02  2.415E-02  2.268E-02  2.124E-02  1.983E-02  1.847E-02  1.713E-02  1.585E-02  1.460E-02  1.341E-02  1.227E-02  1.120E-02  1.002E-02  8.874E-03  7.901E-03  7.079E-03  6.384E-03  5.475E-03  4.866E-03
  378.5000  1.185E-01  1.159E-01  1.134E-01  1.108E-01  1.083E-01  1.058E-01  1.033E-01  1.008E-01  9.841E-02  9.597E-02  9.357E-02  9.119E-02  8.883E-02  8.649E-02  8.418E-02  8.187E-02  7.959E-02  7.734E-02  7.510E-02  7.289E-02  7.068E-02  6.851E-02  6.635E-02  6.422E-02  6.211E-02  6.002E-02  5.794E-02  5.589E-02  5.387E-02  5.186E-02  4.988E-02  4.791E-02  4.597E-02  4.406E-02  4.217E-02  4.030E-02  3.846E-02  3.663E-02  3.484E-02  3.308E-02  3.135E-02  2.965E-02  2.798E-02  2.633E-02  2.473E-02  2.316E-02  2.162E-02  2.014E-02  1.868E-02  1.728E-02  1.592E-02  1.462E-02  1.338E-02  1.220E-02  1.092E-02  9.674E-03  8.612E-03  7.715E-03  6.957E-03  5.965E-03  5.301E-03
  379.5000  8.774E-02  8.583E-02  8.393E-02  8.204E-02  8.017E-02  7.831E-02  7.647E-02  7.465E-02  7.284E-02  7.104E-02  6.926E-02  6.750E-02  6.575E-02  6.402E-02  6.231E-02  6.060E-02  5.891E-02  5.724E-02  5.559E-02  5.395E-02  5.231E-02  5.070E-02  4.911E-02  4.753E-02  4.597E-02  4.442E-02  4.288E-02  4.137E-02  3.987E-02  3.839E-02  3.692E-02  3.546E-02  3.403E-02  3.261E-02  3.121E-02  2.983E-02  2.846E-02  2.711E-02  2.579E-02  2.449E-02  2.320E-02  2.194E-02  2.071E-02  1.949E-02  1.830E-02  1.714E-02  1.600E-02  1.490E-02  1.382E-02  1.279E-02  1.178E-02  1.082E-02  9.900E-03  9.031E-03  8.081E-03  7.157E-03  6.371E-03  5.707E-03  5.146E-03  4.412E-03  3.920E-03
  380.5000  1.056E-01  1.033E-01  1.010E-01  9.872E-02  9.647E-02  9.424E-02  9.202E-02  8.983E-02  8.765E-02  8.548E-02  8.334E-02  8.122E-02  7.912E-02  7.703E-02  7.497E-02  7.291E-02  7.088E-02  6.887E-02  6.688E-02  6.491E-02  6.294E-02  6.101E-02  5.909E-02  5.719E-02  5.531E-02  5.345E-02  5.160E-02  4.977E-02  4.797E-02  4.619E-02  4.442E-02  4.267E-02  4.094E-02  3.924E-02  3.755E-02  3.589E-02  3.425E-02  3.263E-02  3.103E-02  2.946E-02  2.792E-02  2.641E-02  2.492E-02  2.345E-02  2.202E-02  2.062E-02  1.926E-02  1.793E-02  1.663E-02  1.539E-02  1.418E-02  1.302E-02  1.191E-02  1.086E-02  9.721E-03  8.610E-03  7.663E-03  6.864E-03  6.188E-03  5.305E-03  4.713E-03
  381.5000  9.929E-02  9.712E-02  9.497E-02  9.282E-02  9.071E-02  8.861E-02  8.652E-02  8.446E-02  8.241E-02  8.037E-02  7.836E-02  7.636E-02  7.438E-02  7.242E-02  7.048E-02  6.855E-02  6.664E-02  6.475E-02  6.288E-02  6.102E-02  5.917E-02  5.735E-02  5.555E-02  5.377E-02  5.200E-02  5.025E-02  4.851E-02  4.679E-02  4.510E-02  4.342E-02  4.176E-02  4.011E-02  3.849E-02  3.689E-02  3.530E-02  3.374E-02  3.220E-02  3.067E-02  2.918E-02  2.770E-02  2.625E-02  2.483E-02  2.343E-02  2.205E-02  2.070E-02  1.939E-02  1.811E-02  1.686E-02  1.564E-02  1.446E-02  1.333E-02  1.224E-02  1.120E-02  1.021E-02  9.138E-03  8.093E-03  7.203E-03  6.450E-03  5.815E-03  4.984E-03  4.427E-03
  382.5000  6.620E-02  6.476E-02  6.332E-02  6.189E-02  6.048E-02  5.908E-02  5.769E-02  5.631E-02  5.494E-02  5.358E-02  5.224E-02  5.091E-02  4.959E-02  4.828E-02  4.699E-02  4.570E-02  4.442E-02  4.316E-02  4.192E-02  4.068E-02  3.945E-02  3.823E-02  3.703E-02  3.584E-02  3.466E-02  3.350E-02  3.234E-02  3.119E-02  3.006E-02  2.895E-02  2.784E-02  2.674E-02  2.566E-02  2.459E-02  2.354E-02  2.249E-02  2.147E-02  2.045E-02  1.945E-02  1.847E-02  1.750E-02  1.655E-02  1.562E-02  1.470E-02  1.380E-02  1.293E-02  1.207E-02  1.124E-02  1.043E-02  9.643E-03  8.885E-03  8.158E-03  7.464E-03  6.808E-03  6.091E-03  5.394E-03  4.800E-03  4.298E-03  3.874E-03  3.320E-03  2.949E-03
  383.5000  5.817E-02  5.690E-02  5.564E-02  5.438E-02  5.314E-02  5.191E-02  5.068E-02  4.947E-02  4.827E-02  4.708E-02  4.590E-02  4.473E-02  4.357E-02  4.242E-02  4.128E-02  4.014E-02  3.903E-02  3.792E-02  3.682E-02  3.574E-02  3.465E-02  3.359E-02  3.253E-02  3.149E-02  3.045E-02  2.943E-02  2.841E-02  2.740E-02  2.641E-02  2.543E-02  2.446E-02  2.349E-02  2.254E-02  2.160E-02  2.068E-02  1.976E-02  1.886E-02  1.796E-02  1.709E-02  1.622E-02  1.538E-02  1.454E-02  1.372E-02  1.291E-02  1.213E-02  1.136E-02  1.060E-02  9.874E-03  9.160E-03  8.471E-03  7.805E-03  7.166E-03  6.556E-03  5.979E-03  5.350E-03  4.737E-03  4.215E-03  3.774E-03  3.402E-03  2.915E-03  2.589E-03
  384.5000  8.736E-02  8.545E-02  8.355E-02  8.166E-02  7.979E-02  7.794E-02  7.611E-02  7.429E-02  7.248E-02  7.068E-02  6.891E-02  6.715E-02  6.541E-02  6.369E-02  6.198E-02  6.027E-02  5.859E-02  5.693E-02  5.528E-02  5.365E-02  5.203E-02  5.043E-02  4.884E-02  4.727E-02  4.572E-02  4.418E-02  4.265E-02  4.114E-02  3.965E-02  3.818E-02  3.672E-02  3.527E-02  3.384E-02  3.244E-02  3.104E-02  2.967E-02  2.832E-02  2.697E-02  2.566E-02  2.436E-02  2.309E-02  2.183E-02  2.060E-02  1.939E-02  1.821E-02  1.705E-02  1.592E-02  1.483E-02  1.375E-02  1.272E-02  1.172E-02  1.076E-02  9.843E-03  8.976E-03  8.030E-03  7.111E-03  6.327E-03  5.664E-03  5.104E-03  4.374E-03  3.884E-03
  385.5000  8.649E-02  8.459E-02  8.271E-02  8.084E-02  7.899E-02  7.716E-02  7.534E-02  7.354E-02  7.175E-02  6.997E-02  6.821E-02  6.647E-02  6.475E-02  6.304E-02  6.135E-02  5.966E-02  5.800E-02  5.635E-02  5.472E-02  5.310E-02  5.150E-02  4.991E-02  4.834E-02  4.679E-02  4.525E-02  4.373E-02  4.221E-02  4.072E-02  3.925E-02  3.779E-02  3.634E-02  3.491E-02  3.350E-02  3.211E-02  3.073E-02  2.937E-02  2.803E-02  2.670E-02  2.540E-02  2.411E-02  2.285E-02  2.161E-02  2.039E-02  1.919E-02  1.802E-02  1.688E-02  1.576E-02  1.468E-02  1.361E-02  1.259E-02  1.160E-02  1.065E-02  9.742E-03  8.884E-03  7.948E-03  7.037E-03  6.261E-03  5.605E-03  5.050E-03  4.327E-03  3.841E-03
  386.5000  8.822E-02  8.628E-02  8.437E-02  8.245E-02  8.057E-02  7.870E-02  7.684E-02  7.500E-02  7.318E-02  7.136E-02  6.957E-02  6.779E-02  6.603E-02  6.429E-02  6.256E-02  6.084E-02  5.915E-02  5.747E-02  5.580E-02  5.415E-02  5.251E-02  5.090E-02  4.930E-02  4.771E-02  4.614E-02  4.459E-02  4.305E-02  4.153E-02  4.002E-02  3.853E-02  3.706E-02  3.560E-02  3.416E-02  3.274E-02  3.134E-02  2.995E-02  2.858E-02  2.723E-02  2.590E-02  2.459E-02  2.331E-02  2.204E-02  2.080E-02  1.957E-02  1.838E-02  1.721E-02  1.607E-02  1.497E-02  1.388E-02  1.284E-02  1.183E-02  1.086E-02  9.934E-03  9.059E-03  8.103E-03  7.175E-03  6.383E-03  5.713E-03  5.147E-03  4.409E-03  3.914E-03
  387.5000  8.204E-02  8.024E-02  7.845E-02  7.667E-02  7.492E-02  7.318E-02  7.145E-02  6.974E-02  6.804E-02  6.635E-02  6.469E-02  6.304E-02  6.140E-02  5.978E-02  5.817E-02  5.657E-02  5.499E-02  5.343E-02  5.188E-02  5.035E-02  4.882E-02  4.732E-02  4.583E-02  4.436E-02  4.290E-02  4.146E-02  4.002E-02  3.861E-02  3.721E-02  3.583E-02  3.446E-02  3.310E-02  3.176E-02  3.044E-02  2.914E-02  2.785E-02  2.658E-02  2.532E-02  2.408E-02  2.287E-02  2.167E-02  2.049E-02  1.934E-02  1.820E-02  1.709E-02  1.601E-02  1.495E-02  1.392E-02  1.291E-02  1.194E-02  1.100E-02  1.010E-02  9.235E-03  8.421E-03  7.533E-03  6.669E-03  5.933E-03  5.310E-03  4.783E-03  4.097E-03  3.636E-03
  388.5000  8.228E-02  8.048E-02  7.868E-02  7.690E-02  7.514E-02  7.339E-02  7.166E-02  6.994E-02  6.824E-02  6.654E-02  6.487E-02  6.321E-02  6.157E-02  5.994E-02  5.833E-02  5.672E-02  5.514E-02  5.358E-02  5.202E-02  5.049E-02  4.896E-02  4.745E-02  4.596E-02  4.448E-02  4.302E-02  4.157E-02  4.013E-02  3.871E-02  3.731E-02  3.592E-02  3.455E-02  3.319E-02  3.185E-02  3.052E-02  2.921E-02  2.792E-02  2.665E-02  2.539E-02  2.415E-02  2.293E-02  2.173E-02  2.055E-02  1.939E-02  1.825E-02  1.714E-02  1.605E-02  1.499E-02  1.395E-02  1.294E-02  1.197E-02  1.103E-02  1.012E-02  9.259E-03  8.443E-03  7.552E-03  6.686E-03  5.947E-03  5.322E-03  4.794E-03  4.105E-03  3.643E-03
  389.5000  1.038E-01  1.016E-01  9.929E-02  9.703E-02  9.481E-02  9.260E-02  9.042E-02  8.825E-02  8.610E-02  8.396E-02  8.185E-02  7.975E-02  7.768E-02  7.563E-02  7.359E-02  7.157E-02  6.957E-02  6.759E-02  6.563E-02  6.369E-02  6.176E-02  5.986E-02  5.798E-02  5.611E-02  5.427E-02  5.244E-02  5.063E-02  4.884E-02  4.707E-02  4.532E-02  4.359E-02  4.187E-02  4.018E-02  3.851E-02  3.686E-02  3.523E-02  3.362E-02  3.203E-02  3.047E-02  2.893E-02  2.741E-02  2.593E-02  2.447E-02  2.303E-02  2.162E-02  2.025E-02  1.891E-02  1.761E-02  1.633E-02  1.510E-02  1.391E-02  1.277E-02  1.168E-02  1.065E-02  9.526E-03  8.433E-03  7.501E-03  6.712E-03  6.045E-03  5.176E-03  4.593E-03
  390.5000  1.021E-01  9.981E-02  9.759E-02  9.537E-02  9.318E-02  9.101E-02  8.886E-02  8.673E-02  8.462E-02  8.251E-02  8.044E-02  7.838E-02  7.634E-02  7.432E-02  7.232E-02  7.033E-02  6.837E-02  6.642E-02  6.450E-02  6.259E-02  6.069E-02  5.882E-02  5.697E-02  5.514E-02  5.333E-02  5.153E-02  4.975E-02  4.799E-02  4.625E-02  4.453E-02  4.283E-02  4.114E-02  3.948E-02  3.784E-02  3.622E-02  3.462E-02  3.304E-02  3.147E-02  2.994E-02  2.843E-02  2.694E-02  2.548E-02  2.404E-02  2.263E-02  2.125E-02  1.990E-02  1.858E-02  1.730E-02  1.605E-02  1.484E-02  1.367E-02  1.255E-02  1.148E-02  1.047E-02  9.360E-03  8.286E-03  7.369E-03  6.593E-03  5.937E-03  5.084E-03  4.510E-03
  391.5000  1.212E-01  1.185E-01  1.159E-01  1.132E-01  1.106E-01  1.080E-01  1.055E-01  1.030E-01  1.004E-01  9.795E-02  9.548E-02  9.304E-02  9.062E-02  8.822E-02  8.584E-02  8.348E-02  8.115E-02  7.884E-02  7.655E-02  7.429E-02  7.204E-02  6.982E-02  6.762E-02  6.545E-02  6.330E-02  6.116E-02  5.905E-02  5.696E-02  5.490E-02  5.286E-02  5.084E-02  4.883E-02  4.686E-02  4.491E-02  4.299E-02  4.109E-02  3.922E-02  3.736E-02  3.554E-02  3.374E-02  3.198E-02  3.024E-02  2.854E-02  2.686E-02  2.522E-02  2.362E-02  2.206E-02  2.054E-02  1.905E-02  1.761E-02  1.623E-02  1.490E-02  1.362E-02  1.242E-02  1.111E-02  9.833E-03  8.744E-03  7.823E-03  7.044E-03  6.031E-03  5.350E-03
  392.5000  9.093E-02  8.893E-02  8.694E-02  8.496E-02  8.301E-02  8.108E-02  7.916E-02  7.726E-02  7.537E-02  7.349E-02  7.164E-02  6.981E-02  6.799E-02  6.619E-02  6.441E-02  6.263E-02  6.088E-02  5.915E-02  5.743E-02  5.574E-02  5.404E-02  5.238E-02  5.073E-02  4.910E-02  4.749E-02  4.589E-02  4.430E-02  4.273E-02  4.119E-02  3.965E-02  3.814E-02  3.664E-02  3.516E-02  3.370E-02  3.225E-02  3.083E-02  2.942E-02  2.803E-02  2.666E-02  2.532E-02  2.399E-02  2.269E-02  2.141E-02  2.015E-02  1.893E-02  1.772E-02  1.655E-02  1.541E-02  1.429E-02  1.322E-02  1.218E-02  1.118E-02  1.022E-02  9.317E-03  8.333E-03  7.376E-03  6.559E-03  5.867E-03  5.282E-03  4.522E-03  4.011E-03
  393.5000  3.956E-02  3.869E-02  3.782E-02  3.696E-02  3.611E-02  3.527E-02  3.444E-02  3.361E-02  3.279E-02  3.197E-02  3.116E-02  3.037E-02  2.957E-02  2.879E-02  2.802E-02  2.724E-02  2.648E-02  2.573E-02  2.498E-02  2.424E-02  2.351E-02  2.278E-02  2.207E-02  2.136E-02  2.065E-02  1.996E-02  1.927E-02  1.859E-02  1.791E-02  1.725E-02  1.659E-02  1.593E-02  1.529E-02  1.466E-02  1.403E-02  1.341E-02  1.280E-02  1.219E-02  1.160E-02  1.101E-02  1.044E-02  9.870E-03  9.314E-03  8.766E-03  8.232E-03  7.710E-03  7.198E-03  6.702E-03  6.216E-03  5.748E-03  5.295E-03  4.860E-03  4.445E-03  4.052E-03  3.624E-03  3.207E-03  2.852E-03  2.551E-03  2.296E-03  1.966E-03  1.743E-03
  394.5000  9.315E-02  9.110E-02  8.907E-02  8.704E-02  8.503E-02  8.305E-02  8.108E-02  7.913E-02  7.720E-02  7.527E-02  7.337E-02  7.149E-02  6.963E-02  6.778E-02  6.596E-02  6.414E-02  6.234E-02  6.057E-02  5.881E-02  5.707E-02  5.534E-02  5.363E-02  5.194E-02  5.027E-02  4.862E-02  4.698E-02  4.535E-02  4.375E-02  4.217E-02  4.060E-02  3.905E-02  3.751E-02  3.600E-02  3.450E-02  3.302E-02  3.157E-02  3.013E-02  2.870E-02  2.730E-02  2.592E-02  2.457E-02  2.324E-02  2.193E-02  2.064E-02  1.938E-02  1.815E-02  1.695E-02  1.578E-02  1.463E-02  1.353E-02  1.247E-02  1.144E-02  1.046E-02  9.538E-03  8.530E-03  7.549E-03  6.712E-03  6.003E-03  5.403E-03  4.624E-03  4.100E-03
  395.5000  1.199E-01  1.173E-01  1.147E-01  1.121E-01  1.095E-01  1.069E-01  1.044E-01  1.019E-01  9.938E-02  9.690E-02  9.446E-02  9.203E-02  8.963E-02  8.726E-02  8.490E-02  8.256E-02  8.025E-02  7.796E-02  7.570E-02  7.346E-02  7.123E-02  6.903E-02  6.686E-02  6.471E-02  6.258E-02  6.047E-02  5.838E-02  5.631E-02  5.428E-02  5.226E-02  5.026E-02  4.828E-02  4.633E-02  4.441E-02  4.251E-02  4.063E-02  3.878E-02  3.694E-02  3.514E-02  3.337E-02  3.163E-02  2.991E-02  2.823E-02  2.657E-02  2.495E-02  2.336E-02  2.181E-02  2.031E-02  1.884E-02  1.742E-02  1.605E-02  1.473E-02  1.347E-02  1.228E-02  1.098E-02  9.715E-03  8.637E-03  7.724E-03  6.951E-03  5.949E-03  5.274E-03
  396.5000  7.047E-02  6.892E-02  6.738E-02  6.584E-02  6.432E-02  6.282E-02  6.133E-02  5.985E-02  5.839E-02  5.693E-02  5.549E-02  5.407E-02  5.266E-02  5.126E-02  4.988E-02  4.850E-02  4.714E-02  4.580E-02  4.447E-02  4.315E-02  4.184E-02  4.055E-02  3.927E-02  3.801E-02  3.676E-02  3.552E-02  3.429E-02  3.308E-02  3.188E-02  3.070E-02  2.953E-02  2.836E-02  2.722E-02  2.609E-02  2.497E-02  2.387E-02  2.278E-02  2.170E-02  2.065E-02  1.960E-02  1.858E-02  1.757E-02  1.658E-02  1.561E-02  1.466E-02  1.373E-02  1.282E-02  1.193E-02  1.107E-02  1.023E-02  9.426E-03  8.651E-03  7.911E-03  7.211E-03  6.448E-03  5.707E-03  5.073E-03  4.536E-03  4.082E-03  3.493E-03  3.096E-03
  397.5000  8.138E-02  7.958E-02  7.780E-02  7.602E-02  7.427E-02  7.253E-02  7.081E-02  6.911E-02  6.741E-02  6.573E-02  6.407E-02  6.242E-02  6.079E-02  5.918E-02  5.758E-02  5.599E-02  5.442E-02  5.287E-02  5.134E-02  4.982E-02  4.830E-02  4.681E-02  4.534E-02  4.388E-02  4.244E-02  4.101E-02  3.959E-02  3.819E-02  3.680E-02  3.544E-02  3.409E-02  3.274E-02  3.142E-02  3.012E-02  2.883E-02  2.755E-02  2.630E-02  2.505E-02  2.383E-02  2.263E-02  2.145E-02  2.029E-02  1.914E-02  1.802E-02  1.692E-02  1.585E-02  1.480E-02  1.378E-02  1.278E-02  1.181E-02  1.088E-02  9.988E-03  9.133E-03  8.324E-03  7.444E-03  6.588E-03  5.856E-03  5.235E-03  4.711E-03  4.030E-03  3.572E-03
  398.5000  1.399E-01  1.368E-01  1.338E-01  1.307E-01  1.277E-01  1.247E-01  1.218E-01  1.188E-01  1.159E-01  1.130E-01  1.102E-01  1.073E-01  1.045E-01  1.017E-01  9.899E-02  9.626E-02  9.356E-02  9.089E-02  8.825E-02  8.564E-02  8.303E-02  8.047E-02  7.794E-02  7.543E-02  7.295E-02  7.049E-02  6.805E-02  6.564E-02  6.327E-02  6.092E-02  5.859E-02  5.628E-02  5.401E-02  5.177E-02  4.956E-02  4.737E-02  4.521E-02  4.307E-02  4.097E-02  3.891E-02  3.688E-02  3.488E-02  3.291E-02  3.098E-02  2.909E-02  2.724E-02  2.544E-02  2.368E-02  2.197E-02  2.031E-02  1.871E-02  1.717E-02  1.570E-02  1.431E-02  1.280E-02  1.132E-02  1.006E-02  8.998E-03  8.095E-03  6.925E-03  6.137E-03
  399.5000  1.456E-01  1.424E-01  1.392E-01  1.360E-01  1.329E-01  1.298E-01  1.267E-01  1.237E-01  1.206E-01  1.176E-01  1.146E-01  1.117E-01  1.088E-01  1.059E-01  1.030E-01  1.002E-01  9.736E-02  9.458E-02  9.183E-02  8.911E-02  8.640E-02  8.373E-02  8.109E-02  7.848E-02  7.590E-02  7.334E-02  7.080E-02  6.830E-02  6.583E-02  6.338E-02  6.097E-02  5.856E-02  5.620E-02  5.387E-02  5.156E-02  4.929E-02  4.704E-02  4.482E-02  4.264E-02  4.049E-02  3.837E-02  3.629E-02  3.425E-02  3.224E-02  3.027E-02  2.835E-02  2.647E-02  2.465E-02  2.286E-02  2.114E-02  1.947E-02  1.787E-02  1.634E-02  1.489E-02  1.331E-02  1.178E-02  1.047E-02  9.360E-03  8.420E-03  7.202E-03  6.381E-03
------------------------------------------------------------
Dose rates,W m-2
   1 = UV index (WMO, 1994; Webb et al., 2011)           
   2 = Previtamin-D3 (CIE 2006)                          
values at z =      0.025 km
Columns: time,sza,weighting spectra
time,hrs.  sza,deg.          1          2
   18.0000     78.941  3.101E-01  7.505E-03
   18.0167     79.145  3.008E-01  7.206E-03
   18.0333     79.350  2.917E-01  6.916E-03
   18.0500     79.555  2.827E-01  6.634E-03
   18.0667     79.760  2.739E-01  6.362E-03
   18.0833     79.964  2.653E-01  6.098E-03
   18.1000     80.169  2.568E-01  5.843E-03
   18.1167     80.374  2.486E-01  5.597E-03
   18.1333     80.579  2.405E-01  5.358E-03
   18.1500     80.785  2.325E-01  5.127E-03
   18.1667     80.990  2.247E-01  4.904E-03
   18.1833     81.195  2.171E-01  4.689E-03
   18.2000     81.401  2.097E-01  4.481E-03
   18.2167     81.606  2.024E-01  4.281E-03
   18.2333     81.812  1.952E-01  4.088E-03
   18.2500     82.018  1.882E-01  3.901E-03
   18.2667     82.224  1.814E-01  3.722E-03
   18.2833     82.430  1.747E-01  3.550E-03
   18.3000     82.636  1.682E-01  3.384E-03
   18.3167     82.842  1.618E-01  3.224E-03
   18.3333     83.049  1.556E-01  3.070E-03
   18.3500     83.256  1.495E-01  2.922E-03
   18.3667     83.462  1.435E-01  2.780E-03
   18.3833     83.669  1.377E-01  2.644E-03
   18.4000     83.875  1.321E-01  2.513E-03
   18.4167     84.082  1.266E-01  2.388E-03
   18.4333     84.290  1.212E-01  2.267E-03
   18.4500     84.496  1.159E-01  2.152E-03
   18.4667     84.703  1.108E-01  2.041E-03
   18.4833     84.910  1.058E-01  1.935E-03
   18.5000     85.117  1.009E-01  1.834E-03
   18.5167     85.326  9.617E-02  1.736E-03
   18.5333     85.533  9.156E-02  1.643E-03
   18.5500     85.740  8.708E-02  1.554E-03
   18.5667     85.948  8.272E-02  1.469E-03
   18.5833     86.155  7.848E-02  1.388E-03
   18.6000     86.363  7.436E-02  1.310E-03
   18.6167     86.571  7.035E-02  1.235E-03
   18.6333     86.779  6.647E-02  1.164E-03
   18.6500     86.987  6.271E-02  1.096E-03
   18.6667     87.195  5.907E-02  1.031E-03
   18.6833     87.402  5.554E-02  9.683E-04
   18.7000     87.610  5.212E-02  9.088E-04
   18.7167     87.820  4.881E-02  8.517E-04
   18.7333     88.028  4.563E-02  7.974E-04
   18.7500     88.236  4.256E-02  7.456E-04
   18.7667     88.444  3.960E-02  6.961E-04
   18.7833     88.652  3.676E-02  6.489E-04
   18.8000     88.862  3.402E-02  6.037E-04
   18.8167     89.070  3.142E-02  5.609E-04
   18.8333     89.279  2.893E-02  5.201E-04
   18.8500     89.487  2.656E-02  4.815E-04
   18.8667     89.696  2.432E-02  4.450E-04
   18.8833     89.904  2.223E-02  4.107E-04
   18.9000     90.114  1.996E-02  3.735E-04
   18.9167     90.323  1.778E-02  3.373E-04
   18.9333     90.532  1.592E-02  3.065E-04
   18.9500     90.740  1.435E-02  2.802E-04
   18.9667     90.949  1.302E-02  2.579E-04
   18.9833     91.158  1.130E-02  2.280E-04
   19.0000     91.368  1.013E-02  2.078E-04
------------------------------------------------------------
