Spectral Irradiance,W m-2 nm-1
values at z =      0.025 km
Columns: wavelength (nm),times (hrs.) or sza (deg.)
    wc,nm     18.000     18.017     18.033     18.050     18.067     18.083     18.100     18.117     18.133     18.150     18.167     18.183     18.200     18.217     18.233     18.250     18.267     18.283     18.300     18.317     18.333     18.350     18.367     18.383     18.400     18.417     18.433     18.450     18.467     18.483     18.500     18.517     18.533     18.550     18.567     18.583     18.600     18.617     18.633     18.650     18.667     18.683     18.700     18.717     18.733     18.750     18.767     18.783     18.800     18.817     18.833     18.850     18.867     18.883     18.900     18.917     18.933     18.950     18.967     18.983     19.000
    sza =      80.052     80.255     80.458     80.662     80.866     81.070     81.273     81.477     81.681     81.887     82.091     82.295     82.500     82.704     82.909     83.115     83.320     83.525     83.730     83.936     84.142     84.347     84.553     84.759     84.965     85.170     85.378     85.584     85.790     85.996     86.202     86.410     86.617     86.823     87.030     87.237     87.444     87.652     87.859     88.066     88.273     88.480     88.688     88.896     89.104     89.311     89.519     89.727     89.936     90.144     90.352     90.560     90.768     90.976     91.185     91.393     91.602     91.810     92.019     92.227     92.437
  280.5000  4.902E-25  4.824E-25  4.748E-25  4.671E-25  4.595E-25  4.520E-25  4.445E-25  4.370E-25  4.296E-25  4.222E-25  4.148E-25  4.075E-25  4.001E-25  3.929E-25  3.856E-25  3.783E-25  3.711E-25  3.638E-25  3.566E-25  3.494E-25  3.421E-25  3.349E-25  3.277E-25  3.205E-25  3.132E-25  3.060E-25  2.987E-25  2.914E-25  2.840E-25  2.767E-25  2.693E-25  2.619E-25  2.544E-25  2.469E-25  2.394E-25  2.318E-25  2.241E-25  2.164E-25  2.087E-25  2.009E-25  1.930E-25  1.851E-25  1.771E-25  1.691E-25  1.611E-25  1.530E-25  1.450E-25  1.371E-25  1.292E-25  1.194E-25  1.099E-25  1.017E-25  9.454E-26  8.832E-26  7.864E-26  7.263E-26  6.418E-26  5.706E-26  5.158E-26  4.486E-26  3.880E-26
  281.5000  8.235E-23  8.104E-23  7.973E-23  7.843E-23  7.714E-23  7.587E-23  7.460E-23  7.333E-23  7.208E-23  7.082E-23  6.957E-23  6.834E-23  6.710E-23  6.587E-23  6.464E-23  6.341E-23  6.219E-23  6.097E-23  5.976E-23  5.854E-23  5.732E-23  5.611E-23  5.489E-23  5.368E-23  5.246E-23  5.124E-23  5.002E-23  4.879E-23  4.757E-23  4.633E-23  4.510E-23  4.385E-23  4.260E-23  4.135E-23  4.008E-23  3.882E-23  3.754E-23  3.625E-23  3.495E-23  3.365E-23  3.234E-23  3.102E-23  2.969E-23  2.834E-23  2.700E-23  2.566E-23  2.432E-23  2.299E-23  2.168E-23  2.004E-23  1.845E-23  1.708E-23  1.589E-23  1.485E-23  1.323E-23  1.222E-23  1.080E-23  9.604E-24  8.685E-24  7.556E-24  6.537E-24
  282.5000  4.608E-21  4.533E-21  4.460E-21  4.386E-21  4.313E-21  4.241E-21  4.170E-21  4.098E-21  4.027E-21  3.957E-21  3.886E-21  3.817E-21  3.747E-21  3.678E-21  3.609E-21  3.540E-21  3.471E-21  3.403E-21  3.334E-21  3.266E-21  3.198E-21  3.130E-21  3.062E-21  2.994E-21  2.926E-21  2.857E-21  2.789E-21  2.720E-21  2.652E-21  2.583E-21  2.514E-21  2.444E-21  2.375E-21  2.305E-21  2.234E-21  2.164E-21  2.092E-21  2.021E-21  1.948E-21  1.876E-21  1.803E-21  1.729E-21  1.656E-21  1.581E-21  1.506E-21  1.432E-21  1.357E-21  1.283E-21  1.211E-21  1.119E-21  1.031E-21  9.544E-22  8.881E-22  8.302E-22  7.398E-22  6.836E-22  6.046E-22  5.378E-22  4.865E-22  4.234E-22  3.664E-22
  283.5000  5.681E-20  5.588E-20  5.497E-20  5.405E-20  5.315E-20  5.226E-20  5.137E-20  5.048E-20  4.960E-20  4.873E-20  4.786E-20  4.699E-20  4.613E-20  4.527E-20  4.442E-20  4.356E-20  4.271E-20  4.187E-20  4.102E-20  4.018E-20  3.934E-20  3.850E-20  3.766E-20  3.682E-20  3.598E-20  3.513E-20  3.429E-20  3.345E-20  3.260E-20  3.175E-20  3.090E-20  3.004E-20  2.919E-20  2.833E-20  2.746E-20  2.659E-20  2.572E-20  2.483E-20  2.395E-20  2.306E-20  2.216E-20  2.126E-20  2.035E-20  1.944E-20  1.852E-20  1.761E-20  1.669E-20  1.579E-20  1.489E-20  1.377E-20  1.269E-20  1.175E-20  1.094E-20  1.022E-20  9.114E-21  8.423E-21  7.452E-21  6.630E-21  5.999E-21  5.223E-21  4.521E-21
  284.5000  3.397E-18  3.341E-18  3.285E-18  3.230E-18  3.175E-18  3.121E-18  3.067E-18  3.013E-18  2.960E-18  2.907E-18  2.854E-18  2.802E-18  2.750E-18  2.698E-18  2.647E-18  2.595E-18  2.544E-18  2.493E-18  2.442E-18  2.392E-18  2.341E-18  2.290E-18  2.240E-18  2.190E-18  2.139E-18  2.089E-18  2.038E-18  1.988E-18  1.937E-18  1.887E-18  1.836E-18  1.785E-18  1.734E-18  1.683E-18  1.631E-18  1.580E-18  1.528E-18  1.475E-18  1.423E-18  1.370E-18  1.317E-18  1.263E-18  1.210E-18  1.156E-18  1.101E-18  1.047E-18  9.931E-19  9.395E-19  8.866E-19  8.201E-19  7.558E-19  7.003E-19  6.522E-19  6.101E-19  5.441E-19  5.032E-19  4.454E-19  3.965E-19  3.590E-19  3.127E-19  2.708E-19
  285.5000  4.403E-17  4.329E-17  4.255E-17  4.182E-17  4.110E-17  4.039E-17  3.968E-17  3.897E-17  3.828E-17  3.758E-17  3.689E-17  3.621E-17  3.553E-17  3.485E-17  3.418E-17  3.350E-17  3.284E-17  3.217E-17  3.151E-17  3.085E-17  3.019E-17  2.953E-17  2.888E-17  2.822E-17  2.757E-17  2.692E-17  2.626E-17  2.561E-17  2.495E-17  2.430E-17  2.364E-17  2.298E-17  2.232E-17  2.166E-17  2.100E-17  2.033E-17  1.966E-17  1.899E-17  1.831E-17  1.763E-17  1.695E-17  1.626E-17  1.557E-17  1.487E-17  1.418E-17  1.348E-17  1.279E-17  1.210E-17  1.142E-17  1.057E-17  9.743E-18  9.031E-18  8.413E-18  7.874E-18  7.026E-18  6.500E-18  5.757E-18  5.127E-18  4.644E-18  4.047E-18  3.507E-18
  286.5000  1.425E-15  1.401E-15  1.377E-15  1.353E-15  1.329E-15  1.306E-15  1.282E-15  1.259E-15  1.237E-15  1.214E-15  1.191E-15  1.169E-15  1.147E-15  1.125E-15  1.103E-15  1.081E-15  1.059E-15  1.037E-15  1.016E-15  9.944E-16  9.729E-16  9.516E-16  9.303E-16  9.090E-16  8.878E-16  8.667E-16  8.454E-16  8.242E-16  8.030E-16  7.819E-16  7.607E-16  7.393E-16  7.180E-16  6.967E-16  6.753E-16  6.538E-16  6.322E-16  6.104E-16  5.887E-16  5.668E-16  5.448E-16  5.227E-16  5.006E-16  4.782E-16  4.559E-16  4.336E-16  4.113E-16  3.892E-16  3.675E-16  3.401E-16  3.136E-16  2.908E-16  2.710E-16  2.537E-16  2.265E-16  2.096E-16  1.857E-16  1.655E-16  1.499E-16  1.307E-16  1.133E-16
  287.5000  2.520E-14  2.476E-14  2.432E-14  2.389E-14  2.347E-14  2.305E-14  2.263E-14  2.221E-14  2.181E-14  2.140E-14  2.099E-14  2.059E-14  2.020E-14  1.980E-14  1.941E-14  1.902E-14  1.863E-14  1.824E-14  1.786E-14  1.748E-14  1.710E-14  1.672E-14  1.634E-14  1.596E-14  1.559E-14  1.521E-14  1.483E-14  1.446E-14  1.408E-14  1.371E-14  1.334E-14  1.296E-14  1.258E-14  1.221E-14  1.183E-14  1.145E-14  1.107E-14  1.069E-14  1.031E-14  9.926E-15  9.540E-15  9.154E-15  8.766E-15  8.377E-15  7.984E-15  7.594E-15  7.205E-15  6.820E-15  6.440E-15  5.961E-15  5.499E-15  5.100E-15  4.755E-15  4.453E-15  3.977E-15  3.683E-15  3.265E-15  2.911E-15  2.639E-15  2.302E-15  1.997E-15
  288.5000  4.348E-13  4.271E-13  4.194E-13  4.117E-13  4.042E-13  3.968E-13  3.894E-13  3.821E-13  3.749E-13  3.677E-13  3.606E-13  3.536E-13  3.466E-13  3.397E-13  3.329E-13  3.260E-13  3.192E-13  3.125E-13  3.058E-13  2.992E-13  2.925E-13  2.859E-13  2.794E-13  2.728E-13  2.663E-13  2.598E-13  2.533E-13  2.468E-13  2.403E-13  2.339E-13  2.274E-13  2.209E-13  2.145E-13  2.080E-13  2.015E-13  1.951E-13  1.886E-13  1.820E-13  1.755E-13  1.689E-13  1.624E-13  1.558E-13  1.492E-13  1.425E-13  1.359E-13  1.292E-13  1.226E-13  1.161E-13  1.096E-13  1.015E-13  9.368E-14  8.692E-14  8.107E-14  7.596E-14  6.788E-14  6.289E-14  5.579E-14  4.978E-14  4.515E-14  3.942E-14  3.422E-14
  289.5000  5.817E-12  5.710E-12  5.605E-12  5.501E-12  5.398E-12  5.296E-12  5.196E-12  5.097E-12  4.999E-12  4.901E-12  4.804E-12  4.709E-12  4.615E-12  4.521E-12  4.428E-12  4.335E-12  4.244E-12  4.153E-12  4.062E-12  3.973E-12  3.883E-12  3.794E-12  3.706E-12  3.618E-12  3.530E-12  3.443E-12  3.356E-12  3.269E-12  3.182E-12  3.096E-12  3.010E-12  2.923E-12  2.837E-12  2.751E-12  2.664E-12  2.578E-12  2.492E-12  2.405E-12  2.318E-12  2.231E-12  2.144E-12  2.057E-12  1.969E-12  1.881E-12  1.793E-12  1.706E-12  1.619E-12  1.532E-12  1.448E-12  1.340E-12  1.237E-12  1.148E-12  1.071E-12  1.004E-12  8.975E-13  8.318E-13  7.384E-13  6.591E-13  5.984E-13  5.226E-13  4.540E-13
  290.5000  4.950E-11  4.857E-11  4.765E-11  4.674E-11  4.585E-11  4.497E-11  4.410E-11  4.324E-11  4.238E-11  4.154E-11  4.071E-11  3.988E-11  3.907E-11  3.826E-11  3.746E-11  3.666E-11  3.587E-11  3.509E-11  3.431E-11  3.354E-11  3.278E-11  3.201E-11  3.126E-11  3.051E-11  2.976E-11  2.901E-11  2.827E-11  2.753E-11  2.679E-11  2.606E-11  2.532E-11  2.459E-11  2.385E-11  2.312E-11  2.239E-11  2.166E-11  2.093E-11  2.019E-11  1.946E-11  1.873E-11  1.799E-11  1.726E-11  1.652E-11  1.578E-11  1.504E-11  1.431E-11  1.358E-11  1.285E-11  1.214E-11  1.124E-11  1.038E-11  9.635E-12  8.991E-12  8.430E-12  7.539E-12  6.989E-12  6.207E-12  5.544E-12  5.031E-12  4.400E-12  3.824E-12
  291.5000  3.704E-10  3.632E-10  3.561E-10  3.491E-10  3.422E-10  3.354E-10  3.287E-10  3.221E-10  3.156E-10  3.091E-10  3.027E-10  2.964E-10  2.902E-10  2.840E-10  2.779E-10  2.718E-10  2.659E-10  2.599E-10  2.541E-10  2.482E-10  2.424E-10  2.367E-10  2.310E-10  2.253E-10  2.197E-10  2.141E-10  2.085E-10  2.029E-10  1.974E-10  1.919E-10  1.864E-10  1.809E-10  1.754E-10  1.700E-10  1.646E-10  1.591E-10  1.537E-10  1.482E-10  1.428E-10  1.374E-10  1.320E-10  1.265E-10  1.211E-10  1.156E-10  1.102E-10  1.048E-10  9.945E-11  9.416E-11  8.895E-11  8.238E-11  7.605E-11  7.061E-11  6.591E-11  6.182E-11  5.531E-11  5.130E-11  4.558E-11  4.074E-11  3.700E-11  3.238E-11  2.816E-11
  292.5000  1.818E-09  1.782E-09  1.746E-09  1.710E-09  1.675E-09  1.641E-09  1.607E-09  1.574E-09  1.541E-09  1.508E-09  1.476E-09  1.445E-09  1.414E-09  1.383E-09  1.352E-09  1.322E-09  1.292E-09  1.263E-09  1.233E-09  1.205E-09  1.176E-09  1.147E-09  1.119E-09  1.091E-09  1.063E-09  1.036E-09  1.008E-09  9.807E-10  9.536E-10  9.265E-10  8.996E-10  8.727E-10  8.460E-10  8.194E-10  7.928E-10  7.663E-10  7.399E-10  7.133E-10  6.870E-10  6.606E-10  6.343E-10  6.080E-10  5.817E-10  5.553E-10  5.292E-10  5.031E-10  4.773E-10  4.518E-10  4.268E-10  3.953E-10  3.649E-10  3.389E-10  3.163E-10  2.968E-10  2.656E-10  2.464E-10  2.191E-10  1.959E-10  1.780E-10  1.559E-10  1.357E-10
  293.5000  1.038E-08  1.016E-08  9.948E-09  9.738E-09  9.532E-09  9.330E-09  9.131E-09  8.935E-09  8.742E-09  8.551E-09  8.363E-09  8.178E-09  7.996E-09  7.816E-09  7.639E-09  7.462E-09  7.289E-09  7.118E-09  6.948E-09  6.781E-09  6.614E-09  6.450E-09  6.287E-09  6.126E-09  5.967E-09  5.808E-09  5.650E-09  5.494E-09  5.338E-09  5.184E-09  5.031E-09  4.878E-09  4.726E-09  4.575E-09  4.424E-09  4.274E-09  4.124E-09  3.974E-09  3.826E-09  3.677E-09  3.529E-09  3.381E-09  3.234E-09  3.086E-09  2.940E-09  2.794E-09  2.650E-09  2.508E-09  2.369E-09  2.194E-09  2.025E-09  1.881E-09  1.756E-09  1.647E-09  1.475E-09  1.369E-09  1.217E-09  1.089E-09  9.904E-10  8.675E-10  7.556E-10
  294.5000  3.402E-08  3.328E-08  3.256E-08  3.185E-08  3.116E-08  3.047E-08  2.980E-08  2.914E-08  2.849E-08  2.785E-08  2.722E-08  2.660E-08  2.599E-08  2.538E-08  2.479E-08  2.420E-08  2.362E-08  2.305E-08  2.249E-08  2.193E-08  2.138E-08  2.084E-08  2.030E-08  1.977E-08  1.924E-08  1.872E-08  1.820E-08  1.768E-08  1.718E-08  1.667E-08  1.617E-08  1.567E-08  1.517E-08  1.468E-08  1.419E-08  1.370E-08  1.321E-08  1.273E-08  1.224E-08  1.176E-08  1.128E-08  1.081E-08  1.033E-08  9.855E-09  9.383E-09  8.916E-09  8.453E-09  7.997E-09  7.552E-09  6.992E-09  6.454E-09  5.993E-09  5.594E-09  5.249E-09  4.700E-09  4.363E-09  3.882E-09  3.474E-09  3.161E-09  2.770E-09  2.414E-09
  295.5000  1.548E-07  1.513E-07  1.479E-07  1.445E-07  1.412E-07  1.380E-07  1.348E-07  1.317E-07  1.287E-07  1.256E-07  1.227E-07  1.198E-07  1.169E-07  1.141E-07  1.113E-07  1.086E-07  1.059E-07  1.033E-07  1.006E-07  9.807E-08  9.551E-08  9.301E-08  9.053E-08  8.808E-08  8.566E-08  8.327E-08  8.089E-08  7.854E-08  7.622E-08  7.392E-08  7.164E-08  6.937E-08  6.712E-08  6.489E-08  6.268E-08  6.048E-08  5.829E-08  5.611E-08  5.394E-08  5.179E-08  4.965E-08  4.752E-08  4.542E-08  4.328E-08  4.119E-08  3.912E-08  3.707E-08  3.506E-08  3.309E-08  3.063E-08  2.827E-08  2.624E-08  2.449E-08  2.298E-08  2.058E-08  1.910E-08  1.700E-08  1.522E-08  1.386E-08  1.215E-08  1.060E-08
  296.5000  4.506E-07  4.400E-07  4.296E-07  4.194E-07  4.094E-07  3.996E-07  3.900E-07  3.806E-07  3.714E-07  3.623E-07  3.535E-07  3.448E-07  3.362E-07  3.278E-07  3.195E-07  3.114E-07  3.034E-07  2.955E-07  2.878E-07  2.802E-07  2.726E-07  2.652E-07  2.579E-07  2.507E-07  2.436E-07  2.366E-07  2.296E-07  2.228E-07  2.160E-07  2.093E-07  2.027E-07  1.961E-07  1.896E-07  1.832E-07  1.768E-07  1.704E-07  1.642E-07  1.579E-07  1.517E-07  1.455E-07  1.394E-07  1.333E-07  1.273E-07  1.213E-07  1.154E-07  1.095E-07  1.037E-07  9.801E-08  9.247E-08  8.556E-08  7.893E-08  7.325E-08  6.835E-08  6.412E-08  5.742E-08  5.331E-08  4.745E-08  4.250E-08  3.870E-08  3.396E-08  2.963E-08
  297.5000  1.376E-06  1.342E-06  1.308E-06  1.276E-06  1.244E-06  1.213E-06  1.182E-06  1.153E-06  1.124E-06  1.095E-06  1.067E-06  1.040E-06  1.013E-06  9.863E-07  9.604E-07  9.349E-07  9.100E-07  8.855E-07  8.614E-07  8.377E-07  8.143E-07  7.914E-07  7.688E-07  7.466E-07  7.247E-07  7.032E-07  6.818E-07  6.609E-07  6.402E-07  6.197E-07  5.996E-07  5.795E-07  5.598E-07  5.403E-07  5.210E-07  5.019E-07  4.830E-07  4.641E-07  4.455E-07  4.271E-07  4.088E-07  3.907E-07  3.728E-07  3.549E-07  3.373E-07  3.199E-07  3.027E-07  2.860E-07  2.696E-07  2.494E-07  2.299E-07  2.133E-07  1.990E-07  1.866E-07  1.671E-07  1.551E-07  1.381E-07  1.237E-07  1.126E-07  9.888E-08  8.635E-08
  298.5000  2.475E-06  2.411E-06  2.348E-06  2.286E-06  2.227E-06  2.169E-06  2.112E-06  2.056E-06  2.002E-06  1.949E-06  1.897E-06  1.846E-06  1.796E-06  1.748E-06  1.700E-06  1.653E-06  1.607E-06  1.562E-06  1.518E-06  1.474E-06  1.432E-06  1.390E-06  1.349E-06  1.309E-06  1.269E-06  1.230E-06  1.191E-06  1.153E-06  1.116E-06  1.079E-06  1.043E-06  1.007E-06  9.721E-07  9.373E-07  9.029E-07  8.690E-07  8.355E-07  8.021E-07  7.693E-07  7.368E-07  7.047E-07  6.729E-07  6.414E-07  6.102E-07  5.794E-07  5.491E-07  5.193E-07  4.902E-07  4.618E-07  4.269E-07  3.934E-07  3.647E-07  3.401E-07  3.188E-07  2.854E-07  2.648E-07  2.358E-07  2.113E-07  1.924E-07  1.689E-07  1.476E-07
  299.5000  8.309E-06  8.078E-06  7.855E-06  7.637E-06  7.426E-06  7.221E-06  7.021E-06  6.827E-06  6.637E-06  6.451E-06  6.270E-06  6.094E-06  5.922E-06  5.754E-06  5.589E-06  5.427E-06  5.270E-06  5.116E-06  4.965E-06  4.817E-06  4.671E-06  4.529E-06  4.390E-06  4.253E-06  4.119E-06  3.987E-06  3.857E-06  3.730E-06  3.605E-06  3.482E-06  3.361E-06  3.242E-06  3.124E-06  3.009E-06  2.895E-06  2.783E-06  2.673E-06  2.563E-06  2.456E-06  2.349E-06  2.245E-06  2.141E-06  2.039E-06  1.938E-06  1.838E-06  1.740E-06  1.645E-06  1.551E-06  1.460E-06  1.349E-06  1.242E-06  1.150E-06  1.072E-06  1.004E-06  8.988E-07  8.338E-07  7.423E-07  6.651E-07  6.057E-07  5.321E-07  4.650E-07
  300.5000  1.091E-05  1.059E-05  1.027E-05  9.972E-06  9.681E-06  9.399E-06  9.125E-06  8.859E-06  8.600E-06  8.348E-06  8.103E-06  7.865E-06  7.633E-06  7.406E-06  7.185E-06  6.969E-06  6.758E-06  6.552E-06  6.351E-06  6.154E-06  5.961E-06  5.773E-06  5.588E-06  5.408E-06  5.231E-06  5.057E-06  4.887E-06  4.720E-06  4.556E-06  4.396E-06  4.238E-06  4.082E-06  3.930E-06  3.781E-06  3.634E-06  3.489E-06  3.347E-06  3.206E-06  3.068E-06  2.932E-06  2.798E-06  2.666E-06  2.536E-06  2.408E-06  2.282E-06  2.159E-06  2.038E-06  1.921E-06  1.806E-06  1.667E-06  1.534E-06  1.420E-06  1.322E-06  1.238E-06  1.107E-06  1.027E-06  9.139E-07  8.187E-07  7.455E-07  6.544E-07  5.726E-07
  301.5000  3.220E-05  3.116E-05  3.017E-05  2.920E-05  2.828E-05  2.738E-05  2.652E-05  2.569E-05  2.489E-05  2.411E-05  2.335E-05  2.262E-05  2.191E-05  2.122E-05  2.055E-05  1.989E-05  1.926E-05  1.864E-05  1.804E-05  1.745E-05  1.687E-05  1.631E-05  1.577E-05  1.523E-05  1.471E-05  1.420E-05  1.370E-05  1.321E-05  1.273E-05  1.226E-05  1.180E-05  1.135E-05  1.091E-05  1.048E-05  1.005E-05  9.638E-06  9.231E-06  8.828E-06  8.435E-06  8.050E-06  7.671E-06  7.298E-06  6.933E-06  6.572E-06  6.220E-06  5.876E-06  5.540E-06  5.213E-06  4.898E-06  4.515E-06  4.150E-06  3.838E-06  3.570E-06  3.340E-06  2.985E-06  2.766E-06  2.461E-06  2.204E-06  2.006E-06  1.763E-06  1.541E-06
  302.5000  5.337E-05  5.152E-05  4.974E-05  4.804E-05  4.641E-05  4.485E-05  4.335E-05  4.190E-05  4.051E-05  3.916E-05  3.787E-05  3.662E-05  3.541E-05  3.424E-05  3.311E-05  3.200E-05  3.093E-05  2.990E-05  2.889E-05  2.791E-05  2.695E-05  2.602E-05  2.511E-05  2.423E-05  2.337E-05  2.253E-05  2.170E-05  2.090E-05  2.012E-05  1.935E-05  1.861E-05  1.787E-05  1.715E-05  1.645E-05  1.577E-05  1.510E-05  1.444E-05  1.379E-05  1.316E-05  1.254E-05  1.194E-05  1.134E-05  1.076E-05  1.019E-05  9.633E-06  9.089E-06  8.559E-06  8.065E-06  7.549E-06  6.954E-06  6.386E-06  5.900E-06  5.484E-06  5.126E-06  4.578E-06  4.239E-06  3.770E-06  3.375E-06  3.071E-06  2.697E-06  2.360E-06
  303.5000  1.327E-04  1.277E-04  1.228E-04  1.182E-04  1.138E-04  1.095E-04  1.055E-04  1.017E-04  9.798E-05  9.443E-05  9.103E-05  8.778E-05  8.464E-05  8.163E-05  7.872E-05  7.590E-05  7.319E-05  7.058E-05  6.804E-05  6.559E-05  6.320E-05  6.090E-05  5.866E-05  5.648E-05  5.437E-05  5.231E-05  5.030E-05  4.835E-05  4.645E-05  4.460E-05  4.279E-05  4.102E-05  3.930E-05  3.763E-05  3.599E-05  3.439E-05  3.283E-05  3.130E-05  2.981E-05  2.836E-05  2.694E-05  2.555E-05  2.420E-05  2.287E-05  2.158E-05  2.033E-05  1.911E-05  1.793E-05  1.680E-05  1.545E-05  1.417E-05  1.308E-05  1.214E-05  1.133E-05  1.011E-05  9.350E-06  8.308E-06  7.434E-06  6.759E-06  5.938E-06  5.191E-06
  304.5000  1.847E-04  1.772E-04  1.700E-04  1.632E-04  1.567E-04  1.506E-04  1.447E-04  1.391E-04  1.337E-04  1.286E-04  1.237E-04  1.190E-04  1.145E-04  1.102E-04  1.061E-04  1.021E-04  9.827E-05  9.459E-05  9.105E-05  8.762E-05  8.429E-05  8.109E-05  7.800E-05  7.499E-05  7.208E-05  6.926E-05  6.650E-05  6.384E-05  6.125E-05  5.873E-05  5.628E-05  5.388E-05  5.155E-05  4.929E-05  4.708E-05  4.493E-05  4.284E-05  4.079E-05  3.879E-05  3.685E-05  3.496E-05  3.312E-05  3.132E-05  2.957E-05  2.787E-05  2.621E-05  2.461E-05  2.307E-05  2.159E-05  1.984E-05  1.817E-05  1.675E-05  1.553E-05  1.448E-05  1.291E-05  1.193E-05  1.060E-05  9.477E-06  8.612E-06  7.562E-06  6.613E-06
  305.5000  3.657E-04  3.496E-04  3.343E-04  3.197E-04  3.058E-04  2.926E-04  2.801E-04  2.681E-04  2.567E-04  2.458E-04  2.355E-04  2.257E-04  2.163E-04  2.073E-04  1.988E-04  1.906E-04  1.828E-04  1.753E-04  1.681E-04  1.613E-04  1.546E-04  1.483E-04  1.422E-04  1.363E-04  1.306E-04  1.252E-04  1.198E-04  1.147E-04  1.098E-04  1.050E-04  1.004E-04  9.585E-05  9.149E-05  8.725E-05  8.314E-05  7.915E-05  7.527E-05  7.149E-05  6.783E-05  6.428E-05  6.083E-05  5.748E-05  5.423E-05  5.106E-05  4.801E-05  4.505E-05  4.221E-05  3.947E-05  3.686E-05  3.380E-05  3.090E-05  2.842E-05  2.630E-05  2.449E-05  2.180E-05  2.011E-05  1.784E-05  1.594E-05  1.447E-05  1.270E-05  1.110E-05
  306.5000  4.615E-04  4.406E-04  4.207E-04  4.016E-04  3.836E-04  3.664E-04  3.501E-04  3.346E-04  3.198E-04  3.056E-04  2.922E-04  2.795E-04  2.673E-04  2.557E-04  2.447E-04  2.342E-04  2.241E-04  2.146E-04  2.054E-04  1.967E-04  1.882E-04  1.802E-04  1.725E-04  1.651E-04  1.580E-04  1.511E-04  1.445E-04  1.382E-04  1.320E-04  1.261E-04  1.204E-04  1.148E-04  1.094E-04  1.042E-04  9.920E-05  9.432E-05  8.959E-05  8.499E-05  8.054E-05  7.623E-05  7.205E-05  6.800E-05  6.408E-05  6.026E-05  5.659E-05  5.304E-05  4.962E-05  4.635E-05  4.323E-05  3.960E-05  3.617E-05  3.323E-05  3.072E-05  2.857E-05  2.542E-05  2.343E-05  2.077E-05  1.854E-05  1.682E-05  1.475E-05  1.289E-05
  307.5000  9.988E-04  9.521E-04  9.074E-04  8.645E-04  8.237E-04  7.848E-04  7.477E-04  7.123E-04  6.785E-04  6.462E-04  6.157E-04  5.865E-04  5.588E-04  5.325E-04  5.074E-04  4.834E-04  4.607E-04  4.391E-04  4.186E-04  3.990E-04  3.802E-04  3.625E-04  3.455E-04  3.293E-04  3.139E-04  2.991E-04  2.849E-04  2.713E-04  2.583E-04  2.459E-04  2.339E-04  2.223E-04  2.112E-04  2.006E-04  1.903E-04  1.803E-04  1.708E-04  1.615E-04  1.526E-04  1.440E-04  1.357E-04  1.277E-04  1.199E-04  1.124E-04  1.053E-04  9.838E-05  9.176E-05  8.546E-05  7.947E-05  7.270E-05  6.614E-05  6.061E-05  5.589E-05  5.185E-05  4.603E-05  4.234E-05  3.746E-05  3.339E-05  3.025E-05  2.650E-05  2.314E-05
  308.5000  1.320E-03  1.258E-03  1.199E-03  1.142E-03  1.087E-03  1.035E-03  9.855E-04  9.380E-04  8.928E-04  8.494E-04  8.083E-04  7.691E-04  7.318E-04  6.962E-04  6.625E-04  6.301E-04  5.996E-04  5.705E-04  5.428E-04  5.165E-04  4.914E-04  4.675E-04  4.449E-04  4.233E-04  4.027E-04  3.830E-04  3.642E-04  3.463E-04  3.291E-04  3.127E-04  2.970E-04  2.819E-04  2.674E-04  2.535E-04  2.402E-04  2.274E-04  2.150E-04  2.030E-04  1.916E-04  1.805E-04  1.699E-04  1.596E-04  1.498E-04  1.402E-04  1.311E-04  1.224E-04  1.140E-04  1.060E-04  9.847E-05  8.984E-05  8.174E-05  7.482E-05  6.890E-05  6.386E-05  5.662E-05  5.204E-05  4.599E-05  4.097E-05  3.707E-05  3.246E-05  2.833E-05
  309.5000  1.584E-03  1.510E-03  1.439E-03  1.371E-03  1.305E-03  1.242E-03  1.182E-03  1.124E-03  1.069E-03  1.016E-03  9.655E-04  9.172E-04  8.711E-04  8.272E-04  7.852E-04  7.451E-04  7.071E-04  6.709E-04  6.364E-04  6.037E-04  5.724E-04  5.428E-04  5.147E-04  4.879E-04  4.625E-04  4.384E-04  4.153E-04  3.934E-04  3.726E-04  3.528E-04  3.339E-04  3.158E-04  2.986E-04  2.821E-04  2.664E-04  2.514E-04  2.370E-04  2.231E-04  2.099E-04  1.972E-04  1.851E-04  1.734E-04  1.622E-04  1.514E-04  1.412E-04  1.314E-04  1.221E-04  1.132E-04  1.048E-04  9.541E-05  8.657E-05  7.902E-05  7.259E-05  6.710E-05  5.936E-05  5.443E-05  4.802E-05  4.270E-05  3.857E-05  3.373E-05  2.940E-05
  310.5000  2.724E-03  2.600E-03  2.480E-03  2.364E-03  2.253E-03  2.145E-03  2.042E-03  1.943E-03  1.848E-03  1.756E-03  1.668E-03  1.584E-03  1.504E-03  1.427E-03  1.353E-03  1.282E-03  1.215E-03  1.151E-03  1.090E-03  1.032E-03  9.769E-04  9.244E-04  8.744E-04  8.270E-04  7.819E-04  7.391E-04  6.983E-04  6.596E-04  6.230E-04  5.881E-04  5.550E-04  5.234E-04  4.935E-04  4.650E-04  4.379E-04  4.120E-04  3.874E-04  3.638E-04  3.413E-04  3.199E-04  2.994E-04  2.799E-04  2.612E-04  2.432E-04  2.262E-04  2.100E-04  1.946E-04  1.801E-04  1.663E-04  1.510E-04  1.367E-04  1.245E-04  1.141E-04  1.052E-04  9.290E-05  8.501E-05  7.485E-05  6.644E-05  5.992E-05  5.232E-05  4.555E-05
  311.5000  4.107E-03  3.924E-03  3.747E-03  3.574E-03  3.409E-03  3.249E-03  3.094E-03  2.945E-03  2.802E-03  2.664E-03  2.531E-03  2.404E-03  2.282E-03  2.164E-03  2.052E-03  1.944E-03  1.842E-03  1.743E-03  1.650E-03  1.560E-03  1.475E-03  1.394E-03  1.317E-03  1.244E-03  1.174E-03  1.108E-03  1.045E-03  9.849E-04  9.283E-04  8.746E-04  8.236E-04  7.751E-04  7.292E-04  6.856E-04  6.442E-04  6.049E-04  5.675E-04  5.318E-04  4.980E-04  4.658E-04  4.351E-04  4.059E-04  3.781E-04  3.515E-04  3.263E-04  3.024E-04  2.797E-04  2.583E-04  2.381E-04  2.158E-04  1.950E-04  1.773E-04  1.622E-04  1.493E-04  1.316E-04  1.202E-04  1.057E-04  9.371E-05  8.439E-05  7.361E-05  6.403E-05
  312.5000  5.402E-03  5.174E-03  4.952E-03  4.736E-03  4.527E-03  4.324E-03  4.127E-03  3.936E-03  3.752E-03  3.572E-03  3.399E-03  3.233E-03  3.072E-03  2.917E-03  2.768E-03  2.624E-03  2.486E-03  2.353E-03  2.226E-03  2.105E-03  1.988E-03  1.876E-03  1.770E-03  1.669E-03  1.572E-03  1.480E-03  1.392E-03  1.309E-03  1.230E-03  1.155E-03  1.084E-03  1.016E-03  9.519E-04  8.914E-04  8.341E-04  7.799E-04  7.285E-04  6.797E-04  6.337E-04  5.902E-04  5.490E-04  5.100E-04  4.730E-04  4.378E-04  4.048E-04  3.736E-04  3.441E-04  3.165E-04  2.906E-04  2.624E-04  2.362E-04  2.138E-04  1.948E-04  1.786E-04  1.569E-04  1.427E-04  1.251E-04  1.105E-04  9.921E-05  8.630E-05  7.499E-05
  313.5000  6.576E-03  6.303E-03  6.037E-03  5.777E-03  5.525E-03  5.281E-03  5.044E-03  4.813E-03  4.590E-03  4.373E-03  4.164E-03  3.961E-03  3.766E-03  3.577E-03  3.395E-03  3.219E-03  3.051E-03  2.889E-03  2.734E-03  2.584E-03  2.441E-03  2.304E-03  2.173E-03  2.048E-03  1.929E-03  1.816E-03  1.707E-03  1.604E-03  1.507E-03  1.414E-03  1.326E-03  1.242E-03  1.163E-03  1.088E-03  1.017E-03  9.503E-04  8.869E-04  8.266E-04  7.700E-04  7.164E-04  6.657E-04  6.177E-04  5.724E-04  5.294E-04  4.889E-04  4.508E-04  4.149E-04  3.812E-04  3.497E-04  3.155E-04  2.837E-04  2.566E-04  2.335E-04  2.139E-04  1.877E-04  1.706E-04  1.494E-04  1.319E-04  1.183E-04  1.028E-04  8.918E-05
  314.5000  8.599E-03  8.266E-03  7.941E-03  7.622E-03  7.312E-03  7.009E-03  6.713E-03  6.425E-03  6.144E-03  5.870E-03  5.604E-03  5.345E-03  5.094E-03  4.851E-03  4.614E-03  4.384E-03  4.163E-03  3.949E-03  3.743E-03  3.543E-03  3.350E-03  3.166E-03  2.988E-03  2.817E-03  2.654E-03  2.497E-03  2.346E-03  2.203E-03  2.067E-03  1.936E-03  1.812E-03  1.694E-03  1.582E-03  1.476E-03  1.376E-03  1.281E-03  1.191E-03  1.105E-03  1.025E-03  9.498E-04  8.787E-04  8.116E-04  7.486E-04  6.891E-04  6.334E-04  5.813E-04  5.325E-04  4.870E-04  4.447E-04  3.993E-04  3.574E-04  3.217E-04  2.914E-04  2.657E-04  2.321E-04  2.100E-04  1.831E-04  1.609E-04  1.437E-04  1.245E-04  1.074E-04
  315.5000  9.280E-03  8.926E-03  8.580E-03  8.239E-03  7.908E-03  7.584E-03  7.268E-03  6.960E-03  6.659E-03  6.364E-03  6.079E-03  5.801E-03  5.532E-03  5.270E-03  5.015E-03  4.768E-03  4.529E-03  4.298E-03  4.075E-03  3.859E-03  3.650E-03  3.450E-03  3.258E-03  3.072E-03  2.895E-03  2.724E-03  2.560E-03  2.404E-03  2.255E-03  2.113E-03  1.978E-03  1.848E-03  1.726E-03  1.610E-03  1.500E-03  1.396E-03  1.298E-03  1.204E-03  1.116E-03  1.034E-03  9.558E-04  8.825E-04  8.135E-04  7.484E-04  6.876E-04  6.306E-04  5.773E-04  5.277E-04  4.816E-04  4.321E-04  3.865E-04  3.477E-04  3.148E-04  2.869E-04  2.504E-04  2.265E-04  1.972E-04  1.733E-04  1.547E-04  1.338E-04  1.156E-04
  316.5000  1.146E-02  1.105E-02  1.066E-02  1.026E-02  9.878E-03  9.501E-03  9.131E-03  8.770E-03  8.415E-03  8.067E-03  7.728E-03  7.397E-03  7.073E-03  6.758E-03  6.450E-03  6.148E-03  5.857E-03  5.573E-03  5.297E-03  5.030E-03  4.769E-03  4.518E-03  4.275E-03  4.040E-03  3.813E-03  3.594E-03  3.383E-03  3.180E-03  2.986E-03  2.800E-03  2.621E-03  2.450E-03  2.287E-03  2.132E-03  1.985E-03  1.845E-03  1.712E-03  1.585E-03  1.466E-03  1.354E-03  1.248E-03  1.149E-03  1.055E-03  9.672E-04  8.851E-04  8.084E-04  7.370E-04  6.708E-04  6.094E-04  5.445E-04  4.849E-04  4.342E-04  3.913E-04  3.549E-04  3.083E-04  2.776E-04  2.407E-04  2.105E-04  1.870E-04  1.612E-04  1.386E-04
  317.5000  1.621E-02  1.564E-02  1.507E-02  1.452E-02  1.397E-02  1.344E-02  1.292E-02  1.240E-02  1.190E-02  1.141E-02  1.093E-02  1.046E-02  1.000E-02  9.556E-03  9.120E-03  8.694E-03  8.281E-03  7.880E-03  7.490E-03  7.111E-03  6.742E-03  6.387E-03  6.043E-03  5.710E-03  5.390E-03  5.080E-03  4.781E-03  4.495E-03  4.220E-03  3.957E-03  3.705E-03  3.463E-03  3.233E-03  3.013E-03  2.805E-03  2.607E-03  2.419E-03  2.241E-03  2.073E-03  1.914E-03  1.765E-03  1.624E-03  1.492E-03  1.368E-03  1.252E-03  1.144E-03  1.043E-03  9.494E-04  8.627E-04  7.710E-04  6.866E-04  6.150E-04  5.544E-04  5.030E-04  4.369E-04  3.935E-04  3.412E-04  2.984E-04  2.652E-04  2.286E-04  1.966E-04
  318.5000  1.560E-02  1.509E-02  1.459E-02  1.409E-02  1.360E-02  1.312E-02  1.265E-02  1.219E-02  1.173E-02  1.128E-02  1.084E-02  1.041E-02  9.988E-03  9.573E-03  9.167E-03  8.768E-03  8.379E-03  8.000E-03  7.629E-03  7.267E-03  6.913E-03  6.570E-03  6.235E-03  5.911E-03  5.596E-03  5.290E-03  4.992E-03  4.706E-03  4.429E-03  4.162E-03  3.905E-03  3.657E-03  3.419E-03  3.192E-03  2.974E-03  2.766E-03  2.567E-03  2.377E-03  2.198E-03  2.028E-03  1.868E-03  1.716E-03  1.573E-03  1.438E-03  1.313E-03  1.195E-03  1.086E-03  9.849E-04  8.914E-04  7.932E-04  7.033E-04  6.271E-04  5.625E-04  5.079E-04  4.390E-04  3.933E-04  3.393E-04  2.952E-04  2.611E-04  2.238E-04  1.916E-04
  319.5000  1.978E-02  1.914E-02  1.851E-02  1.789E-02  1.728E-02  1.669E-02  1.610E-02  1.551E-02  1.494E-02  1.438E-02  1.383E-02  1.329E-02  1.276E-02  1.224E-02  1.172E-02  1.122E-02  1.073E-02  1.025E-02  9.784E-03  9.327E-03  8.879E-03  8.444E-03  8.020E-03  7.608E-03  7.207E-03  6.818E-03  6.439E-03  6.074E-03  5.720E-03  5.379E-03  5.050E-03  4.731E-03  4.427E-03  4.134E-03  3.854E-03  3.586E-03  3.330E-03  3.085E-03  2.853E-03  2.633E-03  2.425E-03  2.228E-03  2.042E-03  1.867E-03  1.704E-03  1.551E-03  1.409E-03  1.277E-03  1.155E-03  1.028E-03  9.106E-04  8.114E-04  7.274E-04  6.564E-04  5.668E-04  5.075E-04  4.374E-04  3.803E-04  3.360E-04  2.878E-04  2.461E-04
  320.5000  2.522E-02  2.442E-02  2.364E-02  2.286E-02  2.210E-02  2.135E-02  2.061E-02  1.988E-02  1.917E-02  1.846E-02  1.776E-02  1.708E-02  1.641E-02  1.576E-02  1.511E-02  1.448E-02  1.386E-02  1.325E-02  1.265E-02  1.207E-02  1.150E-02  1.095E-02  1.041E-02  9.883E-03  9.371E-03  8.873E-03  8.387E-03  7.917E-03  7.463E-03  7.023E-03  6.599E-03  6.187E-03  5.792E-03  5.413E-03  5.049E-03  4.700E-03  4.366E-03  4.046E-03  3.743E-03  3.455E-03  3.182E-03  2.923E-03  2.680E-03  2.449E-03  2.234E-03  2.033E-03  1.845E-03  1.672E-03  1.511E-03  1.343E-03  1.189E-03  1.058E-03  9.473E-04  8.539E-04  7.364E-04  6.585E-04  5.667E-04  4.920E-04  4.341E-04  3.713E-04  3.170E-04
  321.5000  2.582E-02  2.508E-02  2.435E-02  2.362E-02  2.291E-02  2.220E-02  2.150E-02  2.081E-02  2.013E-02  1.945E-02  1.879E-02  1.813E-02  1.749E-02  1.685E-02  1.622E-02  1.560E-02  1.499E-02  1.440E-02  1.381E-02  1.323E-02  1.266E-02  1.210E-02  1.156E-02  1.102E-02  1.050E-02  9.983E-03  9.479E-03  8.990E-03  8.512E-03  8.047E-03  7.595E-03  7.153E-03  6.726E-03  6.313E-03  5.913E-03  5.527E-03  5.154E-03  4.794E-03  4.450E-03  4.120E-03  3.805E-03  3.504E-03  3.218E-03  2.946E-03  2.690E-03  2.449E-03  2.223E-03  2.013E-03  1.818E-03  1.612E-03  1.424E-03  1.264E-03  1.129E-03  1.014E-03  8.708E-04  7.757E-04  6.641E-04  5.736E-04  5.035E-04  4.281E-04  3.634E-04
  322.5000  2.250E-02  2.181E-02  2.112E-02  2.044E-02  1.977E-02  1.911E-02  1.846E-02  1.782E-02  1.719E-02  1.657E-02  1.596E-02  1.536E-02  1.476E-02  1.418E-02  1.361E-02  1.305E-02  1.250E-02  1.196E-02  1.144E-02  1.092E-02  1.041E-02  9.920E-03  9.438E-03  8.968E-03  8.511E-03  8.065E-03  7.629E-03  7.208E-03  6.800E-03  6.404E-03  6.021E-03  5.650E-03  5.293E-03  4.949E-03  4.619E-03  4.302E-03  3.999E-03  3.708E-03  3.431E-03  3.168E-03  2.918E-03  2.682E-03  2.458E-03  2.247E-03  2.049E-03  1.864E-03  1.692E-03  1.532E-03  1.384E-03  1.229E-03  1.087E-03  9.668E-04  8.651E-04  7.792E-04  6.712E-04  5.998E-04  5.155E-04  4.471E-04  3.941E-04  3.367E-04  2.871E-04
  323.5000  2.913E-02  2.833E-02  2.754E-02  2.676E-02  2.598E-02  2.522E-02  2.446E-02  2.371E-02  2.297E-02  2.224E-02  2.151E-02  2.080E-02  2.009E-02  1.940E-02  1.871E-02  1.802E-02  1.736E-02  1.670E-02  1.604E-02  1.540E-02  1.477E-02  1.415E-02  1.354E-02  1.294E-02  1.235E-02  1.178E-02  1.121E-02  1.066E-02  1.012E-02  9.586E-03  9.069E-03  8.563E-03  8.072E-03  7.595E-03  7.131E-03  6.682E-03  6.247E-03  5.824E-03  5.419E-03  5.029E-03  4.654E-03  4.295E-03  3.952E-03  3.624E-03  3.315E-03  3.022E-03  2.747E-03  2.489E-03  2.250E-03  1.995E-03  1.761E-03  1.563E-03  1.396E-03  1.253E-03  1.074E-03  9.559E-04  8.167E-04  7.039E-04  6.166E-04  5.228E-04  4.425E-04
  324.5000  3.390E-02  3.297E-02  3.204E-02  3.112E-02  3.022E-02  2.933E-02  2.844E-02  2.757E-02  2.670E-02  2.584E-02  2.499E-02  2.416E-02  2.333E-02  2.252E-02  2.172E-02  2.092E-02  2.014E-02  1.937E-02  1.861E-02  1.786E-02  1.712E-02  1.640E-02  1.569E-02  1.499E-02  1.431E-02  1.363E-02  1.297E-02  1.233E-02  1.170E-02  1.108E-02  1.048E-02  9.895E-03  9.325E-03  8.771E-03  8.234E-03  7.712E-03  7.208E-03  6.718E-03  6.249E-03  5.797E-03  5.364E-03  4.949E-03  4.553E-03  4.175E-03  3.817E-03  3.480E-03  3.162E-03  2.866E-03  2.590E-03  2.297E-03  2.028E-03  1.800E-03  1.607E-03  1.444E-03  1.238E-03  1.102E-03  9.417E-04  8.120E-04  7.116E-04  6.037E-04  5.112E-04
  325.5000  3.690E-02  3.587E-02  3.484E-02  3.383E-02  3.283E-02  3.184E-02  3.086E-02  2.989E-02  2.893E-02  2.798E-02  2.705E-02  2.613E-02  2.522E-02  2.432E-02  2.344E-02  2.256E-02  2.170E-02  2.086E-02  2.002E-02  1.920E-02  1.839E-02  1.760E-02  1.683E-02  1.606E-02  1.532E-02  1.458E-02  1.386E-02  1.316E-02  1.248E-02  1.181E-02  1.116E-02  1.052E-02  9.904E-03  9.305E-03  8.725E-03  8.164E-03  7.622E-03  7.096E-03  6.593E-03  6.110E-03  5.647E-03  5.205E-03  4.784E-03  4.382E-03  4.004E-03  3.646E-03  3.311E-03  2.999E-03  2.709E-03  2.401E-03  2.120E-03  1.881E-03  1.679E-03  1.508E-03  1.293E-03  1.151E-03  9.845E-04  8.493E-04  7.447E-04  6.322E-04  5.357E-04
  326.5000  5.213E-02  5.081E-02  4.949E-02  4.818E-02  4.688E-02  4.560E-02  4.433E-02  4.307E-02  4.182E-02  4.058E-02  3.935E-02  3.814E-02  3.694E-02  3.575E-02  3.458E-02  3.341E-02  3.226E-02  3.113E-02  3.001E-02  2.890E-02  2.780E-02  2.672E-02  2.565E-02  2.460E-02  2.357E-02  2.255E-02  2.155E-02  2.056E-02  1.959E-02  1.864E-02  1.771E-02  1.679E-02  1.590E-02  1.503E-02  1.417E-02  1.334E-02  1.253E-02  1.173E-02  1.097E-02  1.022E-02  9.505E-03  8.812E-03  8.145E-03  7.502E-03  6.890E-03  6.307E-03  5.755E-03  5.234E-03  4.747E-03  4.218E-03  3.730E-03  3.317E-03  2.967E-03  2.671E-03  2.288E-03  2.037E-03  1.738E-03  1.496E-03  1.309E-03  1.107E-03  9.336E-04
  327.5000  4.621E-02  4.499E-02  4.379E-02  4.259E-02  4.141E-02  4.024E-02  3.908E-02  3.793E-02  3.679E-02  3.566E-02  3.454E-02  3.344E-02  3.235E-02  3.128E-02  3.021E-02  2.915E-02  2.811E-02  2.709E-02  2.608E-02  2.508E-02  2.409E-02  2.312E-02  2.216E-02  2.122E-02  2.030E-02  1.939E-02  1.849E-02  1.762E-02  1.676E-02  1.591E-02  1.509E-02  1.428E-02  1.349E-02  1.272E-02  1.198E-02  1.125E-02  1.054E-02  9.851E-03  9.187E-03  8.546E-03  7.927E-03  7.333E-03  6.763E-03  6.215E-03  5.696E-03  5.204E-03  4.738E-03  4.302E-03  3.894E-03  3.456E-03  3.053E-03  2.712E-03  2.423E-03  2.179E-03  1.866E-03  1.661E-03  1.418E-03  1.221E-03  1.069E-03  9.046E-04  7.640E-04
  328.5000  4.277E-02  4.164E-02  4.053E-02  3.942E-02  3.833E-02  3.724E-02  3.617E-02  3.511E-02  3.405E-02  3.301E-02  3.198E-02  3.096E-02  2.995E-02  2.895E-02  2.797E-02  2.699E-02  2.603E-02  2.508E-02  2.414E-02  2.322E-02  2.230E-02  2.140E-02  2.052E-02  1.965E-02  1.879E-02  1.795E-02  1.712E-02  1.631E-02  1.551E-02  1.473E-02  1.397E-02  1.322E-02  1.249E-02  1.178E-02  1.109E-02  1.041E-02  9.755E-03  9.116E-03  8.501E-03  7.907E-03  7.334E-03  6.783E-03  6.255E-03  5.748E-03  5.267E-03  4.810E-03  4.379E-03  3.974E-03  3.596E-03  3.191E-03  2.818E-03  2.503E-03  2.235E-03  2.009E-03  1.720E-03  1.530E-03  1.306E-03  1.124E-03  9.834E-04  8.320E-04  7.025E-04
  329.5000  6.218E-02  6.067E-02  5.917E-02  5.767E-02  5.619E-02  5.472E-02  5.326E-02  5.182E-02  5.039E-02  4.896E-02  4.755E-02  4.615E-02  4.477E-02  4.340E-02  4.204E-02  4.069E-02  3.936E-02  3.804E-02  3.674E-02  3.545E-02  3.417E-02  3.291E-02  3.166E-02  3.043E-02  2.922E-02  2.802E-02  2.683E-02  2.567E-02  2.452E-02  2.339E-02  2.228E-02  2.119E-02  2.012E-02  1.906E-02  1.803E-02  1.702E-02  1.604E-02  1.507E-02  1.413E-02  1.322E-02  1.233E-02  1.147E-02  1.064E-02  9.833E-03  9.062E-03  8.323E-03  7.619E-03  6.953E-03  6.325E-03  5.633E-03  4.993E-03  4.451E-03  3.992E-03  3.603E-03  3.088E-03  2.756E-03  2.352E-03  2.025E-03  1.774E-03  1.498E-03  1.262E-03
  330.5000  5.395E-02  5.259E-02  5.124E-02  4.990E-02  4.857E-02  4.726E-02  4.596E-02  4.467E-02  4.339E-02  4.211E-02  4.086E-02  3.962E-02  3.838E-02  3.717E-02  3.596E-02  3.476E-02  3.358E-02  3.241E-02  3.126E-02  3.012E-02  2.899E-02  2.788E-02  2.678E-02  2.570E-02  2.463E-02  2.358E-02  2.254E-02  2.153E-02  2.053E-02  1.954E-02  1.858E-02  1.763E-02  1.670E-02  1.579E-02  1.491E-02  1.404E-02  1.319E-02  1.237E-02  1.157E-02  1.079E-02  1.004E-02  9.317E-03  8.618E-03  7.943E-03  7.301E-03  6.687E-03  6.105E-03  5.557E-03  5.042E-03  4.482E-03  3.965E-03  3.527E-03  3.156E-03  2.842E-03  2.434E-03  2.169E-03  1.850E-03  1.592E-03  1.393E-03  1.177E-03  9.922E-04
  331.5000  5.283E-02  5.149E-02  5.017E-02  4.884E-02  4.754E-02  4.624E-02  4.496E-02  4.369E-02  4.243E-02  4.117E-02  3.994E-02  3.871E-02  3.750E-02  3.630E-02  3.511E-02  3.393E-02  3.277E-02  3.162E-02  3.049E-02  2.937E-02  2.826E-02  2.717E-02  2.609E-02  2.503E-02  2.398E-02  2.295E-02  2.193E-02  2.093E-02  1.995E-02  1.899E-02  1.804E-02  1.711E-02  1.620E-02  1.532E-02  1.445E-02  1.360E-02  1.278E-02  1.197E-02  1.119E-02  1.043E-02  9.702E-03  8.995E-03  8.315E-03  7.660E-03  7.035E-03  6.440E-03  5.876E-03  5.344E-03  4.846E-03  4.305E-03  3.807E-03  3.385E-03  3.027E-03  2.724E-03  2.333E-03  2.077E-03  1.771E-03  1.524E-03  1.333E-03  1.126E-03  9.493E-04
  332.5000  5.654E-02  5.518E-02  5.384E-02  5.250E-02  5.118E-02  4.986E-02  4.856E-02  4.727E-02  4.599E-02  4.471E-02  4.345E-02  4.220E-02  4.096E-02  3.973E-02  3.851E-02  3.730E-02  3.610E-02  3.492E-02  3.374E-02  3.258E-02  3.143E-02  3.030E-02  2.917E-02  2.807E-02  2.697E-02  2.589E-02  2.481E-02  2.376E-02  2.272E-02  2.170E-02  2.069E-02  1.969E-02  1.872E-02  1.776E-02  1.682E-02  1.590E-02  1.500E-02  1.411E-02  1.325E-02  1.241E-02  1.160E-02  1.080E-02  1.003E-02  9.287E-03  8.571E-03  7.883E-03  7.227E-03  6.605E-03  6.017E-03  5.365E-03  4.760E-03  4.248E-03  3.815E-03  3.448E-03  2.956E-03  2.642E-03  2.255E-03  1.942E-03  1.702E-03  1.437E-03  1.210E-03
  333.5000  5.131E-02  5.005E-02  4.880E-02  4.756E-02  4.633E-02  4.510E-02  4.389E-02  4.269E-02  4.150E-02  4.032E-02  3.915E-02  3.799E-02  3.684E-02  3.570E-02  3.458E-02  3.346E-02  3.235E-02  3.126E-02  3.018E-02  2.911E-02  2.805E-02  2.701E-02  2.597E-02  2.496E-02  2.395E-02  2.296E-02  2.198E-02  2.101E-02  2.007E-02  1.913E-02  1.822E-02  1.731E-02  1.643E-02  1.556E-02  1.471E-02  1.388E-02  1.307E-02  1.227E-02  1.150E-02  1.075E-02  1.002E-02  9.313E-03  8.630E-03  7.970E-03  7.339E-03  6.735E-03  6.160E-03  5.616E-03  5.105E-03  4.543E-03  4.023E-03  3.584E-03  3.211E-03  2.896E-03  2.481E-03  2.212E-03  1.887E-03  1.624E-03  1.421E-03  1.200E-03  1.011E-03
  334.5000  5.843E-02  5.701E-02  5.560E-02  5.420E-02  5.282E-02  5.145E-02  5.008E-02  4.873E-02  4.739E-02  4.606E-02  4.474E-02  4.343E-02  4.214E-02  4.086E-02  3.959E-02  3.832E-02  3.708E-02  3.584E-02  3.462E-02  3.341E-02  3.221E-02  3.103E-02  2.987E-02  2.871E-02  2.757E-02  2.645E-02  2.534E-02  2.424E-02  2.317E-02  2.211E-02  2.106E-02  2.003E-02  1.902E-02  1.804E-02  1.707E-02  1.612E-02  1.519E-02  1.428E-02  1.339E-02  1.253E-02  1.169E-02  1.088E-02  1.009E-02  9.329E-03  8.599E-03  7.900E-03  7.233E-03  6.602E-03  6.006E-03  5.349E-03  4.741E-03  4.226E-03  3.790E-03  3.421E-03  2.931E-03  2.616E-03  2.231E-03  1.920E-03  1.681E-03  1.419E-03  1.195E-03
  335.5000  6.164E-02  6.019E-02  5.875E-02  5.731E-02  5.589E-02  5.448E-02  5.308E-02  5.169E-02  5.031E-02  4.894E-02  4.758E-02  4.623E-02  4.490E-02  4.358E-02  4.227E-02  4.096E-02  3.967E-02  3.840E-02  3.713E-02  3.588E-02  3.463E-02  3.341E-02  3.220E-02  3.100E-02  2.981E-02  2.864E-02  2.747E-02  2.633E-02  2.520E-02  2.409E-02  2.299E-02  2.191E-02  2.085E-02  1.980E-02  1.878E-02  1.777E-02  1.678E-02  1.581E-02  1.486E-02  1.394E-02  1.304E-02  1.216E-02  1.131E-02  1.049E-02  9.692E-03  8.928E-03  8.196E-03  7.501E-03  6.844E-03  6.108E-03  5.425E-03  4.847E-03  4.359E-03  3.945E-03  3.384E-03  3.027E-03  2.585E-03  2.227E-03  1.953E-03  1.649E-03  1.388E-03
  336.5000  4.767E-02  4.654E-02  4.541E-02  4.429E-02  4.318E-02  4.208E-02  4.099E-02  3.991E-02  3.884E-02  3.777E-02  3.671E-02  3.566E-02  3.462E-02  3.359E-02  3.257E-02  3.156E-02  3.055E-02  2.956E-02  2.858E-02  2.760E-02  2.664E-02  2.568E-02  2.474E-02  2.381E-02  2.289E-02  2.198E-02  2.108E-02  2.019E-02  1.931E-02  1.845E-02  1.760E-02  1.676E-02  1.594E-02  1.513E-02  1.434E-02  1.356E-02  1.280E-02  1.205E-02  1.132E-02  1.061E-02  9.917E-03  9.243E-03  8.590E-03  7.955E-03  7.346E-03  6.761E-03  6.201E-03  5.670E-03  5.168E-03  4.609E-03  4.090E-03  3.652E-03  3.280E-03  2.966E-03  2.543E-03  2.273E-03  1.940E-03  1.670E-03  1.464E-03  1.236E-03  1.040E-03
  337.5000  5.094E-02  4.970E-02  4.848E-02  4.725E-02  4.605E-02  4.485E-02  4.366E-02  4.248E-02  4.132E-02  4.015E-02  3.900E-02  3.786E-02  3.674E-02  3.562E-02  3.451E-02  3.341E-02  3.232E-02  3.125E-02  3.018E-02  2.913E-02  2.808E-02  2.705E-02  2.604E-02  2.503E-02  2.404E-02  2.306E-02  2.209E-02  2.113E-02  2.019E-02  1.927E-02  1.836E-02  1.746E-02  1.658E-02  1.572E-02  1.487E-02  1.404E-02  1.323E-02  1.244E-02  1.167E-02  1.092E-02  1.018E-02  9.475E-03  8.789E-03  8.124E-03  7.488E-03  6.877E-03  6.296E-03  5.745E-03  5.226E-03  4.653E-03  4.123E-03  3.674E-03  3.294E-03  2.972E-03  2.546E-03  2.272E-03  1.937E-03  1.667E-03  1.459E-03  1.231E-03  1.036E-03
  338.5000  5.607E-02  5.475E-02  5.344E-02  5.214E-02  5.085E-02  4.957E-02  4.829E-02  4.703E-02  4.578E-02  4.453E-02  4.330E-02  4.208E-02  4.087E-02  3.966E-02  3.847E-02  3.729E-02  3.612E-02  3.496E-02  3.381E-02  3.267E-02  3.154E-02  3.042E-02  2.932E-02  2.823E-02  2.715E-02  2.609E-02  2.503E-02  2.399E-02  2.297E-02  2.195E-02  2.096E-02  1.997E-02  1.900E-02  1.805E-02  1.712E-02  1.620E-02  1.530E-02  1.442E-02  1.356E-02  1.271E-02  1.189E-02  1.110E-02  1.032E-02  9.566E-03  8.841E-03  8.144E-03  7.477E-03  6.843E-03  6.243E-03  5.571E-03  4.947E-03  4.420E-03  3.974E-03  3.596E-03  3.084E-03  2.759E-03  2.355E-03  2.028E-03  1.778E-03  1.501E-03  1.263E-03
  339.5000  6.134E-02  5.990E-02  5.847E-02  5.705E-02  5.564E-02  5.425E-02  5.286E-02  5.149E-02  5.012E-02  4.876E-02  4.742E-02  4.609E-02  4.477E-02  4.346E-02  4.216E-02  4.086E-02  3.959E-02  3.832E-02  3.707E-02  3.583E-02  3.459E-02  3.338E-02  3.218E-02  3.098E-02  2.981E-02  2.864E-02  2.749E-02  2.635E-02  2.523E-02  2.413E-02  2.304E-02  2.196E-02  2.090E-02  1.986E-02  1.884E-02  1.784E-02  1.685E-02  1.588E-02  1.494E-02  1.401E-02  1.312E-02  1.224E-02  1.139E-02  1.056E-02  9.763E-03  8.997E-03  8.263E-03  7.564E-03  6.904E-03  6.163E-03  5.474E-03  4.892E-03  4.399E-03  3.982E-03  3.416E-03  3.056E-03  2.609E-03  2.247E-03  1.971E-03  1.663E-03  1.399E-03
  340.5000  6.464E-02  6.311E-02  6.159E-02  6.007E-02  5.857E-02  5.709E-02  5.561E-02  5.415E-02  5.269E-02  5.125E-02  4.982E-02  4.840E-02  4.699E-02  4.560E-02  4.422E-02  4.284E-02  4.149E-02  4.015E-02  3.882E-02  3.750E-02  3.619E-02  3.490E-02  3.362E-02  3.236E-02  3.111E-02  2.988E-02  2.866E-02  2.746E-02  2.627E-02  2.510E-02  2.395E-02  2.281E-02  2.170E-02  2.060E-02  1.953E-02  1.847E-02  1.743E-02  1.642E-02  1.543E-02  1.446E-02  1.352E-02  1.260E-02  1.171E-02  1.085E-02  1.002E-02  9.220E-03  8.458E-03  7.734E-03  7.050E-03  6.286E-03  5.578E-03  4.979E-03  4.473E-03  4.043E-03  3.466E-03  3.097E-03  2.642E-03  2.274E-03  1.993E-03  1.681E-03  1.414E-03
  341.5000  5.868E-02  5.731E-02  5.595E-02  5.459E-02  5.325E-02  5.192E-02  5.060E-02  4.929E-02  4.799E-02  4.670E-02  4.542E-02  4.415E-02  4.289E-02  4.164E-02  4.040E-02  3.917E-02  3.795E-02  3.675E-02  3.555E-02  3.437E-02  3.319E-02  3.203E-02  3.088E-02  2.975E-02  2.863E-02  2.751E-02  2.641E-02  2.533E-02  2.426E-02  2.320E-02  2.216E-02  2.113E-02  2.012E-02  1.912E-02  1.814E-02  1.718E-02  1.624E-02  1.531E-02  1.441E-02  1.352E-02  1.266E-02  1.182E-02  1.100E-02  1.020E-02  9.438E-03  8.700E-03  7.994E-03  7.321E-03  6.684E-03  5.969E-03  5.303E-03  4.740E-03  4.265E-03  3.862E-03  3.313E-03  2.965E-03  2.531E-03  2.180E-03  1.912E-03  1.614E-03  1.357E-03
  342.5000  6.530E-02  6.378E-02  6.227E-02  6.077E-02  5.928E-02  5.780E-02  5.634E-02  5.489E-02  5.344E-02  5.200E-02  5.058E-02  4.917E-02  4.778E-02  4.639E-02  4.502E-02  4.365E-02  4.230E-02  4.096E-02  3.963E-02  3.832E-02  3.701E-02  3.572E-02  3.445E-02  3.318E-02  3.193E-02  3.070E-02  2.947E-02  2.827E-02  2.708E-02  2.590E-02  2.475E-02  2.360E-02  2.247E-02  2.137E-02  2.028E-02  1.921E-02  1.816E-02  1.712E-02  1.611E-02  1.513E-02  1.417E-02  1.323E-02  1.232E-02  1.143E-02  1.057E-02  9.750E-03  8.960E-03  8.209E-03  7.497E-03  6.695E-03  5.950E-03  5.319E-03  4.787E-03  4.336E-03  3.719E-03  3.330E-03  2.842E-03  2.449E-03  2.148E-03  1.812E-03  1.524E-03
  343.5000  6.739E-02  6.581E-02  6.424E-02  6.268E-02  6.114E-02  5.961E-02  5.809E-02  5.658E-02  5.509E-02  5.359E-02  5.212E-02  5.066E-02  4.921E-02  4.778E-02  4.635E-02  4.493E-02  4.353E-02  4.215E-02  4.077E-02  3.941E-02  3.806E-02  3.672E-02  3.540E-02  3.410E-02  3.280E-02  3.153E-02  3.026E-02  2.901E-02  2.778E-02  2.657E-02  2.537E-02  2.419E-02  2.302E-02  2.188E-02  2.076E-02  1.965E-02  1.857E-02  1.750E-02  1.647E-02  1.545E-02  1.446E-02  1.350E-02  1.256E-02  1.165E-02  1.077E-02  9.923E-03  9.114E-03  8.343E-03  7.615E-03  6.797E-03  6.036E-03  5.393E-03  4.850E-03  4.389E-03  3.764E-03  3.367E-03  2.873E-03  2.474E-03  2.169E-03  1.830E-03  1.538E-03
  344.5000  4.689E-02  4.578E-02  4.469E-02  4.359E-02  4.251E-02  4.144E-02  4.038E-02  3.932E-02  3.828E-02  3.723E-02  3.620E-02  3.518E-02  3.417E-02  3.316E-02  3.217E-02  3.118E-02  3.020E-02  2.923E-02  2.827E-02  2.732E-02  2.637E-02  2.544E-02  2.452E-02  2.361E-02  2.271E-02  2.182E-02  2.093E-02  2.006E-02  1.920E-02  1.836E-02  1.752E-02  1.670E-02  1.589E-02  1.509E-02  1.431E-02  1.355E-02  1.279E-02  1.205E-02  1.133E-02  1.063E-02  9.940E-03  9.271E-03  8.622E-03  7.990E-03  7.383E-03  6.799E-03  6.240E-03  5.709E-03  5.206E-03  4.644E-03  4.122E-03  3.681E-03  3.307E-03  2.991E-03  2.563E-03  2.292E-03  1.954E-03  1.682E-03  1.474E-03  1.243E-03  1.045E-03
  345.5000  6.561E-02  6.409E-02  6.258E-02  6.107E-02  5.958E-02  5.811E-02  5.664E-02  5.518E-02  5.374E-02  5.230E-02  5.088E-02  4.947E-02  4.807E-02  4.668E-02  4.530E-02  4.393E-02  4.258E-02  4.124E-02  3.991E-02  3.859E-02  3.728E-02  3.599E-02  3.472E-02  3.345E-02  3.220E-02  3.096E-02  2.973E-02  2.852E-02  2.733E-02  2.615E-02  2.499E-02  2.383E-02  2.270E-02  2.159E-02  2.050E-02  1.942E-02  1.837E-02  1.732E-02  1.631E-02  1.532E-02  1.435E-02  1.340E-02  1.248E-02  1.159E-02  1.072E-02  9.892E-03  9.094E-03  8.333E-03  7.613E-03  6.801E-03  6.044E-03  5.405E-03  4.865E-03  4.408E-03  3.781E-03  3.385E-03  2.889E-03  2.489E-03  2.184E-03  1.842E-03  1.549E-03
  346.5000  6.066E-02  5.924E-02  5.783E-02  5.642E-02  5.503E-02  5.366E-02  5.229E-02  5.093E-02  4.958E-02  4.824E-02  4.692E-02  4.560E-02  4.430E-02  4.300E-02  4.172E-02  4.044E-02  3.919E-02  3.794E-02  3.670E-02  3.548E-02  3.426E-02  3.306E-02  3.187E-02  3.069E-02  2.953E-02  2.838E-02  2.724E-02  2.612E-02  2.501E-02  2.392E-02  2.284E-02  2.177E-02  2.073E-02  1.970E-02  1.869E-02  1.769E-02  1.672E-02  1.576E-02  1.482E-02  1.391E-02  1.301E-02  1.215E-02  1.130E-02  1.048E-02  9.689E-03  8.927E-03  8.198E-03  7.504E-03  6.847E-03  6.110E-03  5.426E-03  4.846E-03  4.357E-03  3.942E-03  3.379E-03  3.022E-03  2.577E-03  2.219E-03  1.945E-03  1.640E-03  1.378E-03
  347.5000  5.939E-02  5.800E-02  5.663E-02  5.525E-02  5.389E-02  5.254E-02  5.121E-02  4.988E-02  4.856E-02  4.725E-02  4.595E-02  4.466E-02  4.339E-02  4.212E-02  4.087E-02  3.962E-02  3.839E-02  3.717E-02  3.596E-02  3.476E-02  3.357E-02  3.239E-02  3.123E-02  3.008E-02  2.894E-02  2.782E-02  2.670E-02  2.560E-02  2.452E-02  2.345E-02  2.239E-02  2.135E-02  2.032E-02  1.932E-02  1.833E-02  1.735E-02  1.640E-02  1.546E-02  1.454E-02  1.364E-02  1.277E-02  1.192E-02  1.109E-02  1.029E-02  9.510E-03  8.763E-03  8.048E-03  7.367E-03  6.723E-03  6.000E-03  5.327E-03  4.759E-03  4.278E-03  3.871E-03  3.318E-03  2.967E-03  2.531E-03  2.178E-03  1.909E-03  1.610E-03  1.353E-03
  348.5000  6.561E-02  6.408E-02  6.256E-02  6.105E-02  5.955E-02  5.807E-02  5.659E-02  5.513E-02  5.368E-02  5.223E-02  5.081E-02  4.939E-02  4.798E-02  4.659E-02  4.521E-02  4.383E-02  4.248E-02  4.113E-02  3.980E-02  3.848E-02  3.716E-02  3.587E-02  3.459E-02  3.332E-02  3.206E-02  3.082E-02  2.959E-02  2.838E-02  2.718E-02  2.600E-02  2.484E-02  2.369E-02  2.256E-02  2.144E-02  2.035E-02  1.927E-02  1.822E-02  1.718E-02  1.616E-02  1.517E-02  1.420E-02  1.326E-02  1.234E-02  1.145E-02  1.059E-02  9.763E-03  8.969E-03  8.213E-03  7.497E-03  6.692E-03  5.944E-03  5.310E-03  4.776E-03  4.323E-03  3.705E-03  3.315E-03  2.827E-03  2.434E-03  2.134E-03  1.799E-03  1.511E-03
  349.5000  5.498E-02  5.370E-02  5.243E-02  5.116E-02  4.990E-02  4.866E-02  4.742E-02  4.620E-02  4.498E-02  4.377E-02  4.257E-02  4.138E-02  4.021E-02  3.904E-02  3.788E-02  3.673E-02  3.559E-02  3.446E-02  3.334E-02  3.224E-02  3.114E-02  3.005E-02  2.898E-02  2.791E-02  2.686E-02  2.582E-02  2.479E-02  2.377E-02  2.277E-02  2.178E-02  2.081E-02  1.984E-02  1.889E-02  1.796E-02  1.704E-02  1.614E-02  1.525E-02  1.438E-02  1.353E-02  1.270E-02  1.189E-02  1.110E-02  1.033E-02  9.585E-03  8.864E-03  8.170E-03  7.505E-03  6.872E-03  6.272E-03  5.598E-03  4.971E-03  4.441E-03  3.993E-03  3.614E-03  3.097E-03  2.770E-03  2.362E-03  2.033E-03  1.782E-03  1.502E-03  1.262E-03
  350.5000  7.711E-02  7.531E-02  7.353E-02  7.175E-02  6.999E-02  6.825E-02  6.651E-02  6.480E-02  6.309E-02  6.139E-02  5.971E-02  5.805E-02  5.640E-02  5.476E-02  5.314E-02  5.152E-02  4.993E-02  4.835E-02  4.678E-02  4.523E-02  4.369E-02  4.217E-02  4.066E-02  3.917E-02  3.770E-02  3.624E-02  3.479E-02  3.337E-02  3.196E-02  3.058E-02  2.921E-02  2.785E-02  2.652E-02  2.521E-02  2.393E-02  2.266E-02  2.142E-02  2.020E-02  1.901E-02  1.784E-02  1.670E-02  1.559E-02  1.452E-02  1.347E-02  1.245E-02  1.148E-02  1.054E-02  9.655E-03  8.813E-03  7.866E-03  6.986E-03  6.240E-03  5.611E-03  5.078E-03  4.352E-03  3.892E-03  3.319E-03  2.857E-03  2.503E-03  2.110E-03  1.772E-03
  351.5000  6.639E-02  6.484E-02  6.330E-02  6.177E-02  6.025E-02  5.875E-02  5.725E-02  5.577E-02  5.430E-02  5.284E-02  5.139E-02  4.996E-02  4.853E-02  4.712E-02  4.573E-02  4.433E-02  4.296E-02  4.160E-02  4.025E-02  3.891E-02  3.758E-02  3.627E-02  3.497E-02  3.369E-02  3.242E-02  3.116E-02  2.992E-02  2.869E-02  2.748E-02  2.629E-02  2.511E-02  2.394E-02  2.279E-02  2.167E-02  2.056E-02  1.947E-02  1.840E-02  1.735E-02  1.632E-02  1.532E-02  1.434E-02  1.339E-02  1.246E-02  1.156E-02  1.069E-02  9.848E-03  9.045E-03  8.280E-03  7.556E-03  6.743E-03  5.987E-03  5.347E-03  4.806E-03  4.349E-03  3.726E-03  3.332E-03  2.840E-03  2.444E-03  2.141E-03  1.804E-03  1.515E-03
  352.5000  6.000E-02  5.860E-02  5.721E-02  5.582E-02  5.445E-02  5.310E-02  5.175E-02  5.041E-02  4.909E-02  4.776E-02  4.646E-02  4.516E-02  4.388E-02  4.260E-02  4.134E-02  4.008E-02  3.884E-02  3.761E-02  3.639E-02  3.519E-02  3.399E-02  3.280E-02  3.163E-02  3.047E-02  2.933E-02  2.819E-02  2.707E-02  2.596E-02  2.487E-02  2.379E-02  2.272E-02  2.167E-02  2.063E-02  1.961E-02  1.861E-02  1.763E-02  1.666E-02  1.571E-02  1.478E-02  1.388E-02  1.299E-02  1.213E-02  1.129E-02  1.047E-02  9.682E-03  8.924E-03  8.197E-03  7.504E-03  6.848E-03  6.112E-03  5.427E-03  4.847E-03  4.357E-03  3.942E-03  3.377E-03  3.020E-03  2.574E-03  2.215E-03  1.941E-03  1.635E-03  1.373E-03
  353.5000  7.243E-02  7.074E-02  6.907E-02  6.740E-02  6.575E-02  6.411E-02  6.249E-02  6.088E-02  5.928E-02  5.768E-02  5.611E-02  5.455E-02  5.300E-02  5.146E-02  4.994E-02  4.843E-02  4.693E-02  4.545E-02  4.398E-02  4.252E-02  4.108E-02  3.965E-02  3.824E-02  3.684E-02  3.546E-02  3.409E-02  3.273E-02  3.139E-02  3.008E-02  2.877E-02  2.749E-02  2.621E-02  2.497E-02  2.374E-02  2.253E-02  2.134E-02  2.017E-02  1.902E-02  1.790E-02  1.681E-02  1.574E-02  1.469E-02  1.368E-02  1.269E-02  1.174E-02  1.082E-02  9.939E-03  9.101E-03  8.307E-03  7.415E-03  6.584E-03  5.881E-03  5.287E-03  4.784E-03  4.099E-03  3.666E-03  3.125E-03  2.689E-03  2.356E-03  1.985E-03  1.666E-03
  354.5000  7.858E-02  7.675E-02  7.494E-02  7.313E-02  7.134E-02  6.957E-02  6.781E-02  6.606E-02  6.433E-02  6.260E-02  6.090E-02  5.921E-02  5.753E-02  5.587E-02  5.422E-02  5.257E-02  5.095E-02  4.935E-02  4.775E-02  4.618E-02  4.461E-02  4.306E-02  4.153E-02  4.002E-02  3.852E-02  3.703E-02  3.556E-02  3.411E-02  3.268E-02  3.127E-02  2.988E-02  2.850E-02  2.714E-02  2.581E-02  2.450E-02  2.321E-02  2.194E-02  2.069E-02  1.948E-02  1.829E-02  1.712E-02  1.599E-02  1.489E-02  1.381E-02  1.278E-02  1.178E-02  1.082E-02  9.912E-03  9.049E-03  8.077E-03  7.173E-03  6.407E-03  5.760E-03  5.213E-03  4.466E-03  3.995E-03  3.405E-03  2.930E-03  2.567E-03  2.162E-03  1.815E-03
  355.5000  7.349E-02  7.178E-02  7.009E-02  6.839E-02  6.672E-02  6.506E-02  6.342E-02  6.179E-02  6.016E-02  5.855E-02  5.695E-02  5.537E-02  5.380E-02  5.225E-02  5.071E-02  4.917E-02  4.765E-02  4.615E-02  4.466E-02  4.319E-02  4.172E-02  4.028E-02  3.885E-02  3.743E-02  3.603E-02  3.464E-02  3.326E-02  3.191E-02  3.057E-02  2.925E-02  2.795E-02  2.666E-02  2.539E-02  2.414E-02  2.292E-02  2.171E-02  2.053E-02  1.936E-02  1.822E-02  1.711E-02  1.602E-02  1.496E-02  1.393E-02  1.292E-02  1.195E-02  1.102E-02  1.012E-02  9.272E-03  8.464E-03  7.555E-03  6.708E-03  5.992E-03  5.386E-03  4.875E-03  4.175E-03  3.734E-03  3.182E-03  2.738E-03  2.399E-03  2.020E-03  1.696E-03
  356.5000  6.823E-02  6.665E-02  6.507E-02  6.350E-02  6.195E-02  6.041E-02  5.888E-02  5.736E-02  5.586E-02  5.436E-02  5.287E-02  5.141E-02  4.995E-02  4.851E-02  4.707E-02  4.565E-02  4.424E-02  4.285E-02  4.146E-02  4.010E-02  3.873E-02  3.739E-02  3.606E-02  3.475E-02  3.345E-02  3.216E-02  3.088E-02  2.962E-02  2.838E-02  2.715E-02  2.594E-02  2.474E-02  2.357E-02  2.241E-02  2.127E-02  2.015E-02  1.905E-02  1.797E-02  1.691E-02  1.588E-02  1.487E-02  1.389E-02  1.293E-02  1.199E-02  1.109E-02  1.023E-02  9.395E-03  8.603E-03  7.853E-03  7.009E-03  6.223E-03  5.558E-03  4.996E-03  4.520E-03  3.872E-03  3.462E-03  2.950E-03  2.538E-03  2.223E-03  1.872E-03  1.571E-03
  357.5000  5.803E-02  5.668E-02  5.534E-02  5.400E-02  5.268E-02  5.137E-02  5.007E-02  4.878E-02  4.750E-02  4.623E-02  4.497E-02  4.372E-02  4.248E-02  4.125E-02  4.003E-02  3.882E-02  3.762E-02  3.643E-02  3.526E-02  3.409E-02  3.294E-02  3.179E-02  3.066E-02  2.954E-02  2.844E-02  2.734E-02  2.626E-02  2.519E-02  2.413E-02  2.309E-02  2.206E-02  2.104E-02  2.004E-02  1.905E-02  1.808E-02  1.713E-02  1.620E-02  1.527E-02  1.438E-02  1.350E-02  1.264E-02  1.180E-02  1.099E-02  1.019E-02  9.427E-03  8.690E-03  7.982E-03  7.309E-03  6.671E-03  5.953E-03  5.285E-03  4.719E-03  4.242E-03  3.837E-03  3.286E-03  2.938E-03  2.503E-03  2.153E-03  1.886E-03  1.588E-03  1.332E-03
  358.5000  4.485E-02  4.381E-02  4.277E-02  4.174E-02  4.072E-02  3.971E-02  3.870E-02  3.770E-02  3.672E-02  3.573E-02  3.476E-02  3.379E-02  3.284E-02  3.189E-02  3.095E-02  3.001E-02  2.908E-02  2.817E-02  2.726E-02  2.636E-02  2.547E-02  2.458E-02  2.371E-02  2.285E-02  2.199E-02  2.115E-02  2.031E-02  1.948E-02  1.866E-02  1.786E-02  1.706E-02  1.627E-02  1.550E-02  1.474E-02  1.399E-02  1.326E-02  1.253E-02  1.182E-02  1.113E-02  1.045E-02  9.782E-03  9.134E-03  8.504E-03  7.890E-03  7.298E-03  6.728E-03  6.180E-03  5.659E-03  5.165E-03  4.610E-03  4.092E-03  3.654E-03  3.284E-03  2.971E-03  2.544E-03  2.275E-03  1.938E-03  1.666E-03  1.459E-03  1.229E-03  1.031E-03
  359.5000  7.553E-02  7.377E-02  7.202E-02  7.028E-02  6.857E-02  6.686E-02  6.517E-02  6.349E-02  6.182E-02  6.016E-02  5.853E-02  5.690E-02  5.529E-02  5.369E-02  5.211E-02  5.053E-02  4.897E-02  4.743E-02  4.590E-02  4.439E-02  4.288E-02  4.140E-02  3.993E-02  3.847E-02  3.703E-02  3.561E-02  3.419E-02  3.280E-02  3.143E-02  3.007E-02  2.873E-02  2.741E-02  2.610E-02  2.482E-02  2.356E-02  2.232E-02  2.110E-02  1.990E-02  1.873E-02  1.759E-02  1.647E-02  1.538E-02  1.432E-02  1.328E-02  1.229E-02  1.133E-02  1.040E-02  9.527E-03  8.694E-03  7.759E-03  6.888E-03  6.150E-03  5.527E-03  4.999E-03  4.280E-03  3.827E-03  3.259E-03  2.802E-03  2.454E-03  2.066E-03  1.733E-03
  360.5000  7.006E-02  6.842E-02  6.681E-02  6.519E-02  6.360E-02  6.201E-02  6.044E-02  5.889E-02  5.734E-02  5.580E-02  5.428E-02  5.278E-02  5.128E-02  4.980E-02  4.833E-02  4.687E-02  4.542E-02  4.399E-02  4.258E-02  4.117E-02  3.977E-02  3.840E-02  3.703E-02  3.569E-02  3.435E-02  3.303E-02  3.172E-02  3.043E-02  2.915E-02  2.789E-02  2.665E-02  2.542E-02  2.422E-02  2.303E-02  2.186E-02  2.071E-02  1.958E-02  1.846E-02  1.738E-02  1.632E-02  1.528E-02  1.427E-02  1.328E-02  1.232E-02  1.140E-02  1.051E-02  9.651E-03  8.836E-03  8.064E-03  7.196E-03  6.388E-03  5.703E-03  5.124E-03  4.635E-03  3.968E-03  3.547E-03  3.021E-03  2.597E-03  2.274E-03  1.914E-03  1.605E-03
  361.5000  6.323E-02  6.176E-02  6.030E-02  5.884E-02  5.741E-02  5.598E-02  5.456E-02  5.316E-02  5.176E-02  5.037E-02  4.900E-02  4.764E-02  4.629E-02  4.496E-02  4.363E-02  4.231E-02  4.101E-02  3.972E-02  3.844E-02  3.717E-02  3.591E-02  3.467E-02  3.344E-02  3.222E-02  3.102E-02  2.983E-02  2.864E-02  2.748E-02  2.633E-02  2.519E-02  2.407E-02  2.296E-02  2.187E-02  2.080E-02  1.974E-02  1.871E-02  1.769E-02  1.668E-02  1.570E-02  1.474E-02  1.381E-02  1.289E-02  1.200E-02  1.114E-02  1.030E-02  9.495E-03  8.722E-03  7.986E-03  7.288E-03  6.504E-03  5.773E-03  5.154E-03  4.631E-03  4.189E-03  3.585E-03  3.205E-03  2.729E-03  2.346E-03  2.054E-03  1.728E-03  1.450E-03
  362.5000  7.432E-02  7.259E-02  7.088E-02  6.916E-02  6.747E-02  6.580E-02  6.413E-02  6.248E-02  6.084E-02  5.921E-02  5.760E-02  5.600E-02  5.442E-02  5.284E-02  5.129E-02  4.974E-02  4.821E-02  4.669E-02  4.519E-02  4.370E-02  4.222E-02  4.076E-02  3.931E-02  3.788E-02  3.647E-02  3.507E-02  3.368E-02  3.231E-02  3.096E-02  2.962E-02  2.830E-02  2.700E-02  2.572E-02  2.446E-02  2.322E-02  2.200E-02  2.080E-02  1.962E-02  1.847E-02  1.734E-02  1.624E-02  1.516E-02  1.412E-02  1.310E-02  1.212E-02  1.117E-02  1.026E-02  9.391E-03  8.571E-03  7.648E-03  6.789E-03  6.060E-03  5.445E-03  4.925E-03  4.215E-03  3.767E-03  3.207E-03  2.757E-03  2.414E-03  2.031E-03  1.703E-03
  363.5000  6.616E-02  6.462E-02  6.309E-02  6.157E-02  6.006E-02  5.857E-02  5.709E-02  5.562E-02  5.416E-02  5.270E-02  5.127E-02  4.985E-02  4.844E-02  4.704E-02  4.565E-02  4.427E-02  4.291E-02  4.156E-02  4.022E-02  3.890E-02  3.758E-02  3.628E-02  3.500E-02  3.372E-02  3.246E-02  3.122E-02  2.998E-02  2.876E-02  2.756E-02  2.637E-02  2.520E-02  2.404E-02  2.290E-02  2.178E-02  2.067E-02  1.958E-02  1.852E-02  1.747E-02  1.644E-02  1.544E-02  1.446E-02  1.350E-02  1.257E-02  1.166E-02  1.079E-02  9.942E-03  9.132E-03  8.361E-03  7.629E-03  6.808E-03  6.043E-03  5.394E-03  4.846E-03  4.383E-03  3.750E-03  3.351E-03  2.853E-03  2.452E-03  2.147E-03  1.806E-03  1.514E-03
  364.5000  7.220E-02  7.052E-02  6.885E-02  6.719E-02  6.554E-02  6.391E-02  6.229E-02  6.069E-02  5.910E-02  5.751E-02  5.595E-02  5.439E-02  5.285E-02  5.133E-02  4.982E-02  4.831E-02  4.682E-02  4.535E-02  4.389E-02  4.244E-02  4.101E-02  3.959E-02  3.818E-02  3.680E-02  3.542E-02  3.406E-02  3.271E-02  3.138E-02  3.007E-02  2.877E-02  2.750E-02  2.623E-02  2.498E-02  2.376E-02  2.255E-02  2.137E-02  2.020E-02  1.906E-02  1.794E-02  1.684E-02  1.577E-02  1.473E-02  1.371E-02  1.272E-02  1.177E-02  1.084E-02  9.960E-03  9.118E-03  8.320E-03  7.424E-03  6.589E-03  5.881E-03  5.282E-03  4.777E-03  4.087E-03  3.652E-03  3.108E-03  2.671E-03  2.338E-03  1.966E-03  1.648E-03
  365.5000  8.800E-02  8.595E-02  8.391E-02  8.188E-02  7.988E-02  7.789E-02  7.592E-02  7.396E-02  7.202E-02  7.009E-02  6.818E-02  6.629E-02  6.441E-02  6.255E-02  6.071E-02  5.887E-02  5.706E-02  5.526E-02  5.348E-02  5.172E-02  4.997E-02  4.824E-02  4.653E-02  4.484E-02  4.316E-02  4.150E-02  3.986E-02  3.824E-02  3.664E-02  3.506E-02  3.350E-02  3.196E-02  3.044E-02  2.895E-02  2.748E-02  2.603E-02  2.461E-02  2.322E-02  2.185E-02  2.052E-02  1.921E-02  1.794E-02  1.670E-02  1.549E-02  1.433E-02  1.321E-02  1.213E-02  1.110E-02  1.013E-02  9.039E-03  8.020E-03  7.158E-03  6.429E-03  5.813E-03  4.973E-03  4.443E-03  3.781E-03  3.248E-03  2.843E-03  2.390E-03  2.003E-03
  366.5000  9.322E-02  9.104E-02  8.889E-02  8.673E-02  8.461E-02  8.251E-02  8.042E-02  7.834E-02  7.629E-02  7.424E-02  7.222E-02  7.021E-02  6.823E-02  6.626E-02  6.430E-02  6.236E-02  6.044E-02  5.854E-02  5.666E-02  5.479E-02  5.293E-02  5.110E-02  4.929E-02  4.750E-02  4.573E-02  4.397E-02  4.223E-02  4.051E-02  3.882E-02  3.715E-02  3.550E-02  3.386E-02  3.226E-02  3.067E-02  2.912E-02  2.759E-02  2.608E-02  2.460E-02  2.316E-02  2.174E-02  2.036E-02  1.901E-02  1.770E-02  1.642E-02  1.519E-02  1.400E-02  1.285E-02  1.177E-02  1.074E-02  9.578E-03  8.500E-03  7.585E-03  6.811E-03  6.159E-03  5.268E-03  4.706E-03  4.004E-03  3.440E-03  3.010E-03  2.531E-03  2.121E-03
  367.5000  8.859E-02  8.652E-02  8.447E-02  8.243E-02  8.041E-02  7.841E-02  7.642E-02  7.445E-02  7.250E-02  7.055E-02  6.863E-02  6.673E-02  6.484E-02  6.297E-02  6.111E-02  5.926E-02  5.744E-02  5.564E-02  5.385E-02  5.207E-02  5.031E-02  4.857E-02  4.685E-02  4.515E-02  4.346E-02  4.180E-02  4.014E-02  3.851E-02  3.690E-02  3.531E-02  3.374E-02  3.219E-02  3.066E-02  2.916E-02  2.768E-02  2.623E-02  2.480E-02  2.339E-02  2.202E-02  2.067E-02  1.936E-02  1.808E-02  1.683E-02  1.561E-02  1.444E-02  1.331E-02  1.222E-02  1.119E-02  1.021E-02  9.107E-03  8.081E-03  7.210E-03  6.475E-03  5.854E-03  5.007E-03  4.472E-03  3.805E-03  3.268E-03  2.859E-03  2.404E-03  2.013E-03
  368.5000  7.786E-02  7.605E-02  7.424E-02  7.245E-02  7.067E-02  6.891E-02  6.717E-02  6.544E-02  6.372E-02  6.201E-02  6.032E-02  5.865E-02  5.699E-02  5.534E-02  5.371E-02  5.209E-02  5.048E-02  4.890E-02  4.732E-02  4.577E-02  4.422E-02  4.269E-02  4.118E-02  3.968E-02  3.820E-02  3.673E-02  3.528E-02  3.385E-02  3.243E-02  3.104E-02  2.966E-02  2.829E-02  2.695E-02  2.563E-02  2.433E-02  2.305E-02  2.180E-02  2.056E-02  1.935E-02  1.817E-02  1.701E-02  1.589E-02  1.479E-02  1.372E-02  1.269E-02  1.170E-02  1.074E-02  9.831E-03  8.969E-03  8.002E-03  7.100E-03  6.334E-03  5.688E-03  5.142E-03  4.397E-03  3.927E-03  3.340E-03  2.869E-03  2.510E-03  2.110E-03  1.767E-03
  369.5000  9.345E-02  9.127E-02  8.911E-02  8.695E-02  8.482E-02  8.271E-02  8.061E-02  7.853E-02  7.647E-02  7.442E-02  7.239E-02  7.038E-02  6.839E-02  6.642E-02  6.446E-02  6.251E-02  6.059E-02  5.868E-02  5.679E-02  5.493E-02  5.307E-02  5.123E-02  4.942E-02  4.762E-02  4.585E-02  4.409E-02  4.234E-02  4.062E-02  3.893E-02  3.725E-02  3.560E-02  3.395E-02  3.235E-02  3.076E-02  2.920E-02  2.767E-02  2.616E-02  2.467E-02  2.323E-02  2.181E-02  2.042E-02  1.907E-02  1.775E-02  1.647E-02  1.523E-02  1.404E-02  1.289E-02  1.180E-02  1.076E-02  9.601E-03  8.518E-03  7.599E-03  6.823E-03  6.167E-03  5.273E-03  4.709E-03  4.005E-03  3.439E-03  3.008E-03  2.528E-03  2.117E-03
  370.5000  8.483E-02  8.285E-02  8.089E-02  7.893E-02  7.699E-02  7.507E-02  7.317E-02  7.128E-02  6.941E-02  6.755E-02  6.571E-02  6.388E-02  6.208E-02  6.028E-02  5.851E-02  5.674E-02  5.499E-02  5.326E-02  5.155E-02  4.985E-02  4.817E-02  4.650E-02  4.486E-02  4.323E-02  4.161E-02  4.002E-02  3.843E-02  3.687E-02  3.533E-02  3.381E-02  3.231E-02  3.082E-02  2.936E-02  2.792E-02  2.651E-02  2.511E-02  2.375E-02  2.240E-02  2.108E-02  1.979E-02  1.854E-02  1.731E-02  1.611E-02  1.495E-02  1.382E-02  1.274E-02  1.170E-02  1.071E-02  9.766E-03  8.712E-03  7.729E-03  6.894E-03  6.189E-03  5.594E-03  4.782E-03  4.270E-03  3.631E-03  3.118E-03  2.727E-03  2.291E-03  1.918E-03
  371.5000  9.712E-02  9.486E-02  9.261E-02  9.036E-02  8.815E-02  8.595E-02  8.377E-02  8.161E-02  7.947E-02  7.733E-02  7.522E-02  7.314E-02  7.107E-02  6.901E-02  6.698E-02  6.495E-02  6.296E-02  6.098E-02  5.902E-02  5.708E-02  5.514E-02  5.324E-02  5.135E-02  4.949E-02  4.764E-02  4.582E-02  4.400E-02  4.222E-02  4.045E-02  3.871E-02  3.699E-02  3.529E-02  3.362E-02  3.197E-02  3.035E-02  2.876E-02  2.719E-02  2.564E-02  2.414E-02  2.266E-02  2.122E-02  1.982E-02  1.845E-02  1.711E-02  1.583E-02  1.458E-02  1.339E-02  1.226E-02  1.118E-02  9.973E-03  8.847E-03  7.891E-03  7.083E-03  6.401E-03  5.472E-03  4.885E-03  4.154E-03  3.566E-03  3.118E-03  2.620E-03  2.193E-03
  372.5000  7.179E-02  7.011E-02  6.845E-02  6.679E-02  6.515E-02  6.352E-02  6.191E-02  6.032E-02  5.873E-02  5.715E-02  5.560E-02  5.405E-02  5.252E-02  5.101E-02  4.950E-02  4.801E-02  4.653E-02  4.507E-02  4.362E-02  4.218E-02  4.076E-02  3.935E-02  3.796E-02  3.658E-02  3.521E-02  3.386E-02  3.252E-02  3.120E-02  2.990E-02  2.861E-02  2.734E-02  2.608E-02  2.485E-02  2.363E-02  2.243E-02  2.126E-02  2.010E-02  1.896E-02  1.784E-02  1.675E-02  1.569E-02  1.465E-02  1.364E-02  1.265E-02  1.170E-02  1.078E-02  9.899E-03  9.059E-03  8.263E-03  7.370E-03  6.538E-03  5.831E-03  5.234E-03  4.729E-03  4.042E-03  3.608E-03  3.068E-03  2.633E-03  2.302E-03  1.934E-03  1.619E-03
  373.5000  6.492E-02  6.340E-02  6.189E-02  6.039E-02  5.891E-02  5.744E-02  5.598E-02  5.454E-02  5.311E-02  5.168E-02  5.027E-02  4.887E-02  4.749E-02  4.612E-02  4.476E-02  4.341E-02  4.207E-02  4.075E-02  3.944E-02  3.814E-02  3.685E-02  3.558E-02  3.432E-02  3.307E-02  3.184E-02  3.062E-02  2.941E-02  2.821E-02  2.704E-02  2.587E-02  2.472E-02  2.358E-02  2.247E-02  2.137E-02  2.028E-02  1.922E-02  1.817E-02  1.714E-02  1.613E-02  1.515E-02  1.418E-02  1.324E-02  1.233E-02  1.144E-02  1.058E-02  9.745E-03  8.948E-03  8.189E-03  7.468E-03  6.661E-03  5.908E-03  5.269E-03  4.729E-03  4.272E-03  3.651E-03  3.259E-03  2.770E-03  2.377E-03  2.078E-03  1.745E-03  1.461E-03
  374.5000  7.128E-02  6.962E-02  6.796E-02  6.631E-02  6.469E-02  6.307E-02  6.147E-02  5.988E-02  5.831E-02  5.674E-02  5.520E-02  5.366E-02  5.214E-02  5.064E-02  4.914E-02  4.766E-02  4.619E-02  4.474E-02  4.330E-02  4.188E-02  4.046E-02  3.906E-02  3.768E-02  3.631E-02  3.496E-02  3.362E-02  3.229E-02  3.098E-02  2.968E-02  2.841E-02  2.714E-02  2.589E-02  2.467E-02  2.346E-02  2.227E-02  2.110E-02  1.995E-02  1.882E-02  1.771E-02  1.663E-02  1.557E-02  1.454E-02  1.354E-02  1.255E-02  1.161E-02  1.070E-02  9.822E-03  8.988E-03  8.197E-03  7.311E-03  6.484E-03  5.782E-03  5.188E-03  4.687E-03  4.005E-03  3.574E-03  3.038E-03  2.607E-03  2.278E-03  1.913E-03  1.601E-03
  375.5000  8.048E-02  7.860E-02  7.673E-02  7.486E-02  7.303E-02  7.120E-02  6.940E-02  6.760E-02  6.583E-02  6.406E-02  6.231E-02  6.058E-02  5.886E-02  5.716E-02  5.548E-02  5.380E-02  5.215E-02  5.051E-02  4.888E-02  4.727E-02  4.567E-02  4.410E-02  4.254E-02  4.099E-02  3.946E-02  3.795E-02  3.645E-02  3.497E-02  3.351E-02  3.207E-02  3.065E-02  2.924E-02  2.785E-02  2.649E-02  2.515E-02  2.382E-02  2.253E-02  2.125E-02  2.000E-02  1.878E-02  1.758E-02  1.642E-02  1.528E-02  1.417E-02  1.311E-02  1.208E-02  1.109E-02  1.015E-02  9.254E-03  8.253E-03  7.319E-03  6.526E-03  5.856E-03  5.289E-03  4.519E-03  4.033E-03  3.427E-03  2.940E-03  2.570E-03  2.157E-03  1.805E-03
  376.5000  8.042E-02  7.853E-02  7.667E-02  7.480E-02  7.297E-02  7.114E-02  6.934E-02  6.755E-02  6.577E-02  6.400E-02  6.226E-02  6.053E-02  5.881E-02  5.711E-02  5.543E-02  5.375E-02  5.210E-02  5.046E-02  4.884E-02  4.723E-02  4.563E-02  4.406E-02  4.250E-02  4.096E-02  3.943E-02  3.792E-02  3.642E-02  3.494E-02  3.348E-02  3.204E-02  3.062E-02  2.921E-02  2.783E-02  2.647E-02  2.513E-02  2.381E-02  2.251E-02  2.123E-02  1.998E-02  1.876E-02  1.757E-02  1.640E-02  1.527E-02  1.416E-02  1.310E-02  1.207E-02  1.108E-02  1.014E-02  9.245E-03  8.245E-03  7.312E-03  6.519E-03  5.849E-03  5.282E-03  4.513E-03  4.026E-03  3.421E-03  2.935E-03  2.564E-03  2.153E-03  1.801E-03
  377.5000  9.582E-02  9.357E-02  9.135E-02  8.913E-02  8.694E-02  8.476E-02  8.261E-02  8.048E-02  7.836E-02  7.625E-02  7.417E-02  7.211E-02  7.007E-02  6.804E-02  6.604E-02  6.404E-02  6.207E-02  6.012E-02  5.819E-02  5.627E-02  5.437E-02  5.249E-02  5.063E-02  4.880E-02  4.698E-02  4.518E-02  4.339E-02  4.163E-02  3.990E-02  3.818E-02  3.649E-02  3.481E-02  3.316E-02  3.154E-02  2.994E-02  2.837E-02  2.682E-02  2.530E-02  2.381E-02  2.236E-02  2.093E-02  1.955E-02  1.819E-02  1.688E-02  1.561E-02  1.438E-02  1.320E-02  1.208E-02  1.101E-02  9.822E-03  8.710E-03  7.764E-03  6.965E-03  6.290E-03  5.373E-03  4.793E-03  4.072E-03  3.493E-03  3.052E-03  2.561E-03  2.143E-03
  378.5000  1.045E-01  1.020E-01  9.961E-02  9.719E-02  9.480E-02  9.243E-02  9.008E-02  8.775E-02  8.545E-02  8.315E-02  8.088E-02  7.863E-02  7.640E-02  7.419E-02  7.201E-02  6.983E-02  6.768E-02  6.555E-02  6.344E-02  6.136E-02  5.928E-02  5.723E-02  5.521E-02  5.321E-02  5.122E-02  4.926E-02  4.731E-02  4.540E-02  4.350E-02  4.163E-02  3.978E-02  3.795E-02  3.616E-02  3.439E-02  3.264E-02  3.093E-02  2.925E-02  2.758E-02  2.596E-02  2.438E-02  2.283E-02  2.131E-02  1.984E-02  1.840E-02  1.702E-02  1.568E-02  1.439E-02  1.317E-02  1.201E-02  1.071E-02  9.494E-03  8.463E-03  7.591E-03  6.854E-03  5.854E-03  5.222E-03  4.435E-03  3.804E-03  3.323E-03  2.789E-03  2.332E-03
  379.5000  7.735E-02  7.553E-02  7.373E-02  7.194E-02  7.017E-02  6.842E-02  6.668E-02  6.495E-02  6.324E-02  6.154E-02  5.986E-02  5.820E-02  5.655E-02  5.491E-02  5.329E-02  5.168E-02  5.009E-02  4.852E-02  4.696E-02  4.541E-02  4.387E-02  4.236E-02  4.086E-02  3.938E-02  3.791E-02  3.646E-02  3.502E-02  3.360E-02  3.220E-02  3.081E-02  2.945E-02  2.809E-02  2.676E-02  2.545E-02  2.416E-02  2.289E-02  2.165E-02  2.042E-02  1.922E-02  1.804E-02  1.689E-02  1.577E-02  1.468E-02  1.362E-02  1.259E-02  1.160E-02  1.065E-02  9.744E-03  8.884E-03  7.922E-03  7.024E-03  6.261E-03  5.615E-03  5.070E-03  4.329E-03  3.861E-03  3.279E-03  2.812E-03  2.456E-03  2.061E-03  1.723E-03
  380.5000  9.308E-02  9.089E-02  8.873E-02  8.657E-02  8.444E-02  8.233E-02  8.023E-02  7.816E-02  7.610E-02  7.405E-02  7.203E-02  7.002E-02  6.804E-02  6.607E-02  6.412E-02  6.218E-02  6.027E-02  5.837E-02  5.650E-02  5.464E-02  5.279E-02  5.097E-02  4.917E-02  4.738E-02  4.562E-02  4.387E-02  4.213E-02  4.043E-02  3.874E-02  3.708E-02  3.543E-02  3.380E-02  3.220E-02  3.063E-02  2.907E-02  2.755E-02  2.605E-02  2.457E-02  2.312E-02  2.171E-02  2.033E-02  1.898E-02  1.767E-02  1.639E-02  1.515E-02  1.396E-02  1.281E-02  1.172E-02  1.069E-02  9.531E-03  8.450E-03  7.531E-03  6.753E-03  6.097E-03  5.206E-03  4.642E-03  3.942E-03  3.380E-03  2.951E-03  2.476E-03  2.070E-03
  381.5000  8.751E-02  8.546E-02  8.342E-02  8.139E-02  7.939E-02  7.740E-02  7.543E-02  7.348E-02  7.154E-02  6.962E-02  6.772E-02  6.583E-02  6.397E-02  6.212E-02  6.028E-02  5.846E-02  5.666E-02  5.488E-02  5.311E-02  5.137E-02  4.963E-02  4.792E-02  4.622E-02  4.454E-02  4.288E-02  4.124E-02  3.961E-02  3.801E-02  3.642E-02  3.486E-02  3.331E-02  3.178E-02  3.028E-02  2.879E-02  2.734E-02  2.590E-02  2.449E-02  2.310E-02  2.174E-02  2.041E-02  1.911E-02  1.785E-02  1.661E-02  1.541E-02  1.425E-02  1.312E-02  1.205E-02  1.102E-02  1.005E-02  8.959E-03  7.942E-03  7.078E-03  6.346E-03  5.729E-03  4.891E-03  4.361E-03  3.702E-03  3.174E-03  2.771E-03  2.325E-03  1.943E-03
  382.5000  5.835E-02  5.698E-02  5.562E-02  5.426E-02  5.293E-02  5.160E-02  5.029E-02  4.899E-02  4.770E-02  4.641E-02  4.514E-02  4.389E-02  4.264E-02  4.141E-02  4.019E-02  3.897E-02  3.777E-02  3.658E-02  3.541E-02  3.424E-02  3.308E-02  3.194E-02  3.081E-02  2.969E-02  2.859E-02  2.749E-02  2.641E-02  2.534E-02  2.428E-02  2.324E-02  2.221E-02  2.119E-02  2.018E-02  1.920E-02  1.822E-02  1.727E-02  1.633E-02  1.540E-02  1.449E-02  1.361E-02  1.274E-02  1.190E-02  1.107E-02  1.027E-02  9.497E-03  8.748E-03  8.031E-03  7.346E-03  6.697E-03  5.971E-03  5.293E-03  4.717E-03  4.229E-03  3.817E-03  3.258E-03  2.905E-03  2.466E-03  2.113E-03  1.845E-03  1.547E-03  1.293E-03
  383.5000  5.126E-02  5.006E-02  4.886E-02  4.767E-02  4.650E-02  4.533E-02  4.418E-02  4.304E-02  4.190E-02  4.077E-02  3.966E-02  3.855E-02  3.746E-02  3.638E-02  3.530E-02  3.423E-02  3.318E-02  3.214E-02  3.110E-02  3.008E-02  2.906E-02  2.806E-02  2.707E-02  2.609E-02  2.511E-02  2.415E-02  2.320E-02  2.226E-02  2.133E-02  2.041E-02  1.951E-02  1.861E-02  1.773E-02  1.686E-02  1.601E-02  1.517E-02  1.434E-02  1.353E-02  1.273E-02  1.196E-02  1.119E-02  1.045E-02  9.729E-03  9.023E-03  8.343E-03  7.685E-03  7.054E-03  6.453E-03  5.882E-03  5.244E-03  4.649E-03  4.142E-03  3.713E-03  3.351E-03  2.860E-03  2.550E-03  2.164E-03  1.854E-03  1.619E-03  1.357E-03  1.134E-03
  384.5000  7.698E-02  7.517E-02  7.337E-02  7.158E-02  6.982E-02  6.807E-02  6.634E-02  6.462E-02  6.291E-02  6.122E-02  5.954E-02  5.789E-02  5.624E-02  5.462E-02  5.300E-02  5.140E-02  4.982E-02  4.825E-02  4.670E-02  4.516E-02  4.363E-02  4.213E-02  4.064E-02  3.916E-02  3.771E-02  3.626E-02  3.483E-02  3.342E-02  3.203E-02  3.065E-02  2.929E-02  2.794E-02  2.662E-02  2.532E-02  2.404E-02  2.278E-02  2.154E-02  2.031E-02  1.912E-02  1.795E-02  1.681E-02  1.569E-02  1.461E-02  1.355E-02  1.253E-02  1.154E-02  1.059E-02  9.687E-03  8.830E-03  7.873E-03  6.978E-03  6.217E-03  5.573E-03  5.029E-03  4.292E-03  3.825E-03  3.246E-03  2.781E-03  2.427E-03  2.035E-03  1.700E-03
  385.5000  7.620E-02  7.441E-02  7.263E-02  7.086E-02  6.911E-02  6.738E-02  6.566E-02  6.396E-02  6.227E-02  6.059E-02  5.894E-02  5.730E-02  5.567E-02  5.406E-02  5.246E-02  5.087E-02  4.931E-02  4.776E-02  4.622E-02  4.470E-02  4.319E-02  4.170E-02  4.022E-02  3.876E-02  3.732E-02  3.589E-02  3.447E-02  3.308E-02  3.170E-02  3.034E-02  2.899E-02  2.766E-02  2.635E-02  2.506E-02  2.380E-02  2.255E-02  2.132E-02  2.011E-02  1.893E-02  1.777E-02  1.664E-02  1.553E-02  1.446E-02  1.341E-02  1.240E-02  1.142E-02  1.048E-02  9.588E-03  8.739E-03  7.791E-03  6.906E-03  6.152E-03  5.514E-03  4.975E-03  4.245E-03  3.783E-03  3.210E-03  2.750E-03  2.400E-03  2.012E-03  1.680E-03
  386.5000  7.772E-02  7.589E-02  7.408E-02  7.227E-02  7.049E-02  6.872E-02  6.697E-02  6.523E-02  6.351E-02  6.179E-02  6.010E-02  5.843E-02  5.677E-02  5.513E-02  5.350E-02  5.188E-02  5.028E-02  4.870E-02  4.713E-02  4.558E-02  4.404E-02  4.252E-02  4.102E-02  3.953E-02  3.806E-02  3.660E-02  3.516E-02  3.373E-02  3.233E-02  3.094E-02  2.957E-02  2.821E-02  2.688E-02  2.556E-02  2.427E-02  2.299E-02  2.174E-02  2.051E-02  1.930E-02  1.812E-02  1.697E-02  1.584E-02  1.475E-02  1.368E-02  1.264E-02  1.165E-02  1.069E-02  9.777E-03  8.911E-03  7.944E-03  7.041E-03  6.272E-03  5.621E-03  5.071E-03  4.326E-03  3.855E-03  3.270E-03  2.801E-03  2.444E-03  2.048E-03  1.711E-03
  387.5000  7.227E-02  7.057E-02  6.888E-02  6.720E-02  6.554E-02  6.390E-02  6.227E-02  6.065E-02  5.905E-02  5.745E-02  5.588E-02  5.433E-02  5.278E-02  5.125E-02  4.974E-02  4.823E-02  4.675E-02  4.528E-02  4.382E-02  4.238E-02  4.095E-02  3.953E-02  3.814E-02  3.675E-02  3.538E-02  3.403E-02  3.269E-02  3.136E-02  3.006E-02  2.877E-02  2.749E-02  2.623E-02  2.499E-02  2.377E-02  2.256E-02  2.138E-02  2.022E-02  1.907E-02  1.795E-02  1.685E-02  1.578E-02  1.473E-02  1.371E-02  1.271E-02  1.176E-02  1.083E-02  9.938E-03  9.089E-03  8.284E-03  7.385E-03  6.545E-03  5.829E-03  5.224E-03  4.712E-03  4.020E-03  3.581E-03  3.038E-03  2.602E-03  2.270E-03  1.902E-03  1.588E-03
  388.5000  7.248E-02  7.077E-02  6.908E-02  6.739E-02  6.573E-02  6.408E-02  6.244E-02  6.082E-02  5.921E-02  5.761E-02  5.604E-02  5.447E-02  5.293E-02  5.139E-02  4.988E-02  4.836E-02  4.687E-02  4.540E-02  4.394E-02  4.249E-02  4.106E-02  3.964E-02  3.824E-02  3.685E-02  3.548E-02  3.412E-02  3.277E-02  3.145E-02  3.014E-02  2.884E-02  2.757E-02  2.630E-02  2.506E-02  2.383E-02  2.263E-02  2.144E-02  2.027E-02  1.912E-02  1.800E-02  1.690E-02  1.582E-02  1.477E-02  1.375E-02  1.275E-02  1.179E-02  1.086E-02  9.965E-03  9.113E-03  8.305E-03  7.403E-03  6.561E-03  5.843E-03  5.236E-03  4.722E-03  4.028E-03  3.588E-03  3.043E-03  2.606E-03  2.273E-03  1.904E-03  1.589E-03
  389.5000  9.146E-02  8.930E-02  8.716E-02  8.503E-02  8.293E-02  8.084E-02  7.878E-02  7.673E-02  7.471E-02  7.269E-02  7.070E-02  6.873E-02  6.677E-02  6.484E-02  6.292E-02  6.101E-02  5.914E-02  5.728E-02  5.543E-02  5.361E-02  5.180E-02  5.001E-02  4.824E-02  4.649E-02  4.476E-02  4.305E-02  4.135E-02  3.968E-02  3.802E-02  3.639E-02  3.478E-02  3.318E-02  3.161E-02  3.007E-02  2.855E-02  2.705E-02  2.558E-02  2.412E-02  2.271E-02  2.132E-02  1.996E-02  1.864E-02  1.735E-02  1.609E-02  1.487E-02  1.370E-02  1.257E-02  1.150E-02  1.048E-02  9.339E-03  8.276E-03  7.370E-03  6.603E-03  5.954E-03  5.079E-03  4.523E-03  3.836E-03  3.284E-03  2.864E-03  2.399E-03  2.002E-03
  390.5000  8.989E-02  8.777E-02  8.566E-02  8.357E-02  8.150E-02  7.945E-02  7.742E-02  7.541E-02  7.342E-02  7.143E-02  6.947E-02  6.754E-02  6.562E-02  6.372E-02  6.183E-02  5.996E-02  5.811E-02  5.628E-02  5.447E-02  5.268E-02  5.090E-02  4.914E-02  4.740E-02  4.568E-02  4.398E-02  4.230E-02  4.063E-02  3.899E-02  3.736E-02  3.576E-02  3.418E-02  3.261E-02  3.107E-02  2.955E-02  2.805E-02  2.658E-02  2.514E-02  2.371E-02  2.232E-02  2.095E-02  1.962E-02  1.831E-02  1.705E-02  1.581E-02  1.462E-02  1.346E-02  1.235E-02  1.130E-02  1.029E-02  9.176E-03  8.131E-03  7.240E-03  6.486E-03  5.848E-03  4.988E-03  4.442E-03  3.766E-03  3.224E-03  2.811E-03  2.354E-03  1.964E-03
  391.5000  1.067E-01  1.042E-01  1.017E-01  9.920E-02  9.675E-02  9.431E-02  9.190E-02  8.951E-02  8.715E-02  8.479E-02  8.246E-02  8.016E-02  7.788E-02  7.563E-02  7.339E-02  7.116E-02  6.897E-02  6.680E-02  6.465E-02  6.253E-02  6.041E-02  5.833E-02  5.626E-02  5.422E-02  5.221E-02  5.021E-02  4.823E-02  4.628E-02  4.435E-02  4.245E-02  4.057E-02  3.870E-02  3.687E-02  3.507E-02  3.330E-02  3.155E-02  2.984E-02  2.814E-02  2.649E-02  2.487E-02  2.329E-02  2.174E-02  2.023E-02  1.876E-02  1.735E-02  1.598E-02  1.466E-02  1.341E-02  1.222E-02  1.089E-02  9.649E-03  8.592E-03  7.696E-03  6.939E-03  5.917E-03  5.268E-03  4.466E-03  3.822E-03  3.332E-03  2.790E-03  2.328E-03
  392.5000  8.007E-02  7.818E-02  7.630E-02  7.443E-02  7.259E-02  7.076E-02  6.895E-02  6.716E-02  6.538E-02  6.361E-02  6.187E-02  6.014E-02  5.843E-02  5.674E-02  5.506E-02  5.339E-02  5.175E-02  5.012E-02  4.850E-02  4.691E-02  4.532E-02  4.376E-02  4.221E-02  4.068E-02  3.917E-02  3.767E-02  3.618E-02  3.472E-02  3.327E-02  3.184E-02  3.044E-02  2.904E-02  2.767E-02  2.631E-02  2.498E-02  2.367E-02  2.239E-02  2.111E-02  1.987E-02  1.866E-02  1.747E-02  1.631E-02  1.518E-02  1.408E-02  1.302E-02  1.199E-02  1.100E-02  1.006E-02  9.165E-03  8.169E-03  7.238E-03  6.444E-03  5.772E-03  5.203E-03  4.436E-03  3.950E-03  3.348E-03  2.865E-03  2.497E-03  2.090E-03  1.744E-03
  393.5000  3.483E-02  3.401E-02  3.319E-02  3.238E-02  3.158E-02  3.078E-02  2.999E-02  2.921E-02  2.844E-02  2.767E-02  2.691E-02  2.616E-02  2.542E-02  2.468E-02  2.395E-02  2.322E-02  2.251E-02  2.180E-02  2.110E-02  2.040E-02  1.971E-02  1.903E-02  1.836E-02  1.769E-02  1.703E-02  1.638E-02  1.574E-02  1.510E-02  1.447E-02  1.385E-02  1.324E-02  1.263E-02  1.203E-02  1.145E-02  1.087E-02  1.030E-02  9.737E-03  9.184E-03  8.645E-03  8.116E-03  7.600E-03  7.095E-03  6.603E-03  6.123E-03  5.661E-03  5.214E-03  4.784E-03  4.375E-03  3.986E-03  3.553E-03  3.147E-03  2.802E-03  2.509E-03  2.262E-03  1.928E-03  1.716E-03  1.455E-03  1.245E-03  1.085E-03  9.079E-04  7.572E-04
  394.5000  8.202E-02  8.008E-02  7.815E-02  7.624E-02  7.435E-02  7.247E-02  7.062E-02  6.878E-02  6.696E-02  6.514E-02  6.336E-02  6.159E-02  5.983E-02  5.810E-02  5.638E-02  5.467E-02  5.298E-02  5.131E-02  4.966E-02  4.803E-02  4.640E-02  4.480E-02  4.322E-02  4.165E-02  4.010E-02  3.857E-02  3.704E-02  3.555E-02  3.407E-02  3.261E-02  3.116E-02  2.973E-02  2.833E-02  2.694E-02  2.558E-02  2.424E-02  2.292E-02  2.162E-02  2.035E-02  1.911E-02  1.789E-02  1.670E-02  1.555E-02  1.442E-02  1.333E-02  1.227E-02  1.126E-02  1.030E-02  9.382E-03  8.362E-03  7.408E-03  6.594E-03  5.905E-03  5.322E-03  4.536E-03  4.038E-03  3.421E-03  2.927E-03  2.550E-03  2.134E-03  1.779E-03
  395.5000  1.056E-01  1.031E-01  1.006E-01  9.814E-02  9.571E-02  9.330E-02  9.091E-02  8.854E-02  8.619E-02  8.386E-02  8.155E-02  7.927E-02  7.702E-02  7.478E-02  7.257E-02  7.036E-02  6.819E-02  6.605E-02  6.392E-02  6.182E-02  5.972E-02  5.766E-02  5.562E-02  5.361E-02  5.161E-02  4.964E-02  4.768E-02  4.575E-02  4.385E-02  4.197E-02  4.011E-02  3.827E-02  3.646E-02  3.468E-02  3.293E-02  3.120E-02  2.951E-02  2.783E-02  2.620E-02  2.460E-02  2.303E-02  2.150E-02  2.001E-02  1.856E-02  1.715E-02  1.580E-02  1.450E-02  1.325E-02  1.207E-02  1.076E-02  9.533E-03  8.486E-03  7.598E-03  6.847E-03  5.836E-03  5.193E-03  4.400E-03  3.763E-03  3.279E-03  2.743E-03  2.287E-03
  396.5000  6.204E-02  6.057E-02  5.911E-02  5.766E-02  5.623E-02  5.481E-02  5.341E-02  5.201E-02  5.064E-02  4.926E-02  4.791E-02  4.657E-02  4.524E-02  4.393E-02  4.263E-02  4.133E-02  4.006E-02  3.880E-02  3.755E-02  3.631E-02  3.508E-02  3.387E-02  3.268E-02  3.149E-02  3.032E-02  2.916E-02  2.801E-02  2.688E-02  2.576E-02  2.465E-02  2.356E-02  2.248E-02  2.142E-02  2.037E-02  1.934E-02  1.833E-02  1.733E-02  1.635E-02  1.539E-02  1.445E-02  1.353E-02  1.263E-02  1.176E-02  1.090E-02  1.008E-02  9.281E-03  8.516E-03  7.786E-03  7.093E-03  6.321E-03  5.600E-03  4.984E-03  4.462E-03  4.020E-03  3.426E-03  3.049E-03  2.583E-03  2.209E-03  1.924E-03  1.609E-03  1.341E-03
  397.5000  7.163E-02  6.993E-02  6.825E-02  6.657E-02  6.492E-02  6.328E-02  6.166E-02  6.005E-02  5.846E-02  5.687E-02  5.531E-02  5.376E-02  5.223E-02  5.071E-02  4.921E-02  4.772E-02  4.624E-02  4.479E-02  4.335E-02  4.192E-02  4.050E-02  3.910E-02  3.772E-02  3.635E-02  3.500E-02  3.366E-02  3.233E-02  3.103E-02  2.974E-02  2.846E-02  2.720E-02  2.595E-02  2.473E-02  2.352E-02  2.233E-02  2.116E-02  2.001E-02  1.888E-02  1.777E-02  1.668E-02  1.562E-02  1.458E-02  1.357E-02  1.259E-02  1.163E-02  1.071E-02  9.831E-03  8.988E-03  8.188E-03  7.297E-03  6.464E-03  5.753E-03  5.150E-03  4.640E-03  3.954E-03  3.517E-03  2.979E-03  2.547E-03  2.218E-03  1.856E-03  1.546E-03
  398.5000  1.232E-01  1.202E-01  1.173E-01  1.145E-01  1.116E-01  1.088E-01  1.060E-01  1.032E-01  1.005E-01  9.777E-02  9.508E-02  9.242E-02  8.979E-02  8.718E-02  8.460E-02  8.203E-02  7.950E-02  7.699E-02  7.451E-02  7.206E-02  6.962E-02  6.722E-02  6.484E-02  6.249E-02  6.017E-02  5.787E-02  5.558E-02  5.334E-02  5.112E-02  4.893E-02  4.676E-02  4.462E-02  4.251E-02  4.044E-02  3.839E-02  3.638E-02  3.441E-02  3.245E-02  3.055E-02  2.868E-02  2.686E-02  2.507E-02  2.334E-02  2.164E-02  2.000E-02  1.842E-02  1.690E-02  1.545E-02  1.408E-02  1.254E-02  1.111E-02  9.888E-03  8.850E-03  7.973E-03  6.793E-03  6.043E-03  5.117E-03  4.375E-03  3.810E-03  3.186E-03  2.654E-03
  399.5000  1.282E-01  1.251E-01  1.221E-01  1.191E-01  1.162E-01  1.132E-01  1.103E-01  1.074E-01  1.046E-01  1.017E-01  9.894E-02  9.617E-02  9.343E-02  9.071E-02  8.803E-02  8.535E-02  8.272E-02  8.011E-02  7.753E-02  7.498E-02  7.244E-02  6.994E-02  6.747E-02  6.502E-02  6.260E-02  6.021E-02  5.783E-02  5.550E-02  5.319E-02  5.091E-02  4.866E-02  4.643E-02  4.424E-02  4.208E-02  3.995E-02  3.786E-02  3.580E-02  3.377E-02  3.179E-02  2.985E-02  2.795E-02  2.609E-02  2.428E-02  2.252E-02  2.082E-02  1.917E-02  1.759E-02  1.608E-02  1.464E-02  1.305E-02  1.156E-02  1.029E-02  9.206E-03  8.293E-03  7.065E-03  6.284E-03  5.320E-03  4.548E-03  3.959E-03  3.310E-03  2.758E-03
------------------------------------------------------------
Dose rates,W m-2
   1 = UV index (WMO, 1994; Webb et al., 2011)           
   2 = Previtamin-D3 (CIE 2006)                          
values at z =      0.025 km
Columns: time,sza,weighting spectra
time,hrs.  sza,deg.          1          2
   18.0000     80.052  2.557E-01  5.692E-03
   18.0167     80.255  2.476E-01  5.454E-03
   18.0333     80.458  2.397E-01  5.225E-03
   18.0500     80.662  2.319E-01  5.001E-03
   18.0667     80.866  2.243E-01  4.787E-03
   18.0833     81.070  2.168E-01  4.580E-03
   18.1000     81.273  2.095E-01  4.379E-03
   18.1167     81.477  2.024E-01  4.186E-03
   18.1333     81.681  1.954E-01  4.000E-03
   18.1500     81.887  1.885E-01  3.819E-03
   18.1667     82.091  1.818E-01  3.646E-03
   18.1833     82.295  1.752E-01  3.479E-03
   18.2000     82.500  1.688E-01  3.319E-03
   18.2167     82.704  1.625E-01  3.164E-03
   18.2333     82.909  1.564E-01  3.015E-03
   18.2500     83.115  1.504E-01  2.872E-03
   18.2667     83.320  1.445E-01  2.734E-03
   18.2833     83.525  1.388E-01  2.602E-03
   18.3000     83.730  1.332E-01  2.475E-03
   18.3167     83.936  1.277E-01  2.353E-03
   18.3333     84.142  1.224E-01  2.236E-03
   18.3500     84.347  1.172E-01  2.124E-03
   18.3667     84.553  1.121E-01  2.016E-03
   18.3833     84.759  1.072E-01  1.913E-03
   18.4000     84.965  1.024E-01  1.814E-03
   18.4167     85.170  9.767E-02  1.720E-03
   18.4333     85.378  9.307E-02  1.628E-03
   18.4500     85.584  8.862E-02  1.542E-03
   18.4667     85.790  8.429E-02  1.459E-03
   18.4833     85.996  8.007E-02  1.379E-03
   18.5000     86.202  7.598E-02  1.303E-03
   18.5167     86.410  7.198E-02  1.230E-03
   18.5333     86.617  6.811E-02  1.160E-03
   18.5500     86.823  6.436E-02  1.093E-03
   18.5667     87.030  6.072E-02  1.030E-03
   18.5833     87.237  5.719E-02  9.685E-04
   18.6000     87.444  5.377E-02  9.102E-04
   18.6167     87.652  5.045E-02  8.542E-04
   18.6333     87.859  4.726E-02  8.010E-04
   18.6500     88.066  4.417E-02  7.501E-04
   18.6667     88.273  4.120E-02  7.015E-04
   18.6833     88.480  3.833E-02  6.551E-04
   18.7000     88.688  3.558E-02  6.108E-04
   18.7167     88.896  3.293E-02  5.683E-04
   18.7333     89.104  3.040E-02  5.281E-04
   18.7500     89.311  2.799E-02  4.898E-04
   18.7667     89.519  2.570E-02  4.535E-04
   18.7833     89.727  2.353E-02  4.192E-04
   18.8000     89.936  2.149E-02  3.869E-04
   18.8167     90.144  1.924E-02  3.510E-04
   18.8333     90.352  1.716E-02  3.174E-04
   18.8500     90.560  1.538E-02  2.888E-04
   18.8667     90.768  1.388E-02  2.644E-04
   18.8833     90.976  1.261E-02  2.436E-04
   18.9000     91.185  1.090E-02  2.148E-04
   18.9167     91.393  9.808E-03  1.963E-04
   18.9333     91.602  8.449E-03  1.727E-04
   18.9500     91.810  7.345E-03  1.530E-04
   18.9667     92.019  6.496E-03  1.378E-04
   18.9833     92.227  5.546E-03  1.202E-04
   19.0000     92.437  4.723E-03  1.045E-04
------------------------------------------------------------
