Spectral Irradiance,W m-2 nm-1
values at z =      0.025 km
Columns: wavelength (nm),times (hrs.) or sza (deg.)
    wc,nm     18.000     18.017     18.033     18.050     18.067     18.083     18.100     18.117     18.133     18.150     18.167     18.183     18.200     18.217     18.233     18.250     18.267     18.283     18.300     18.317     18.333     18.350     18.367     18.383     18.400     18.417     18.433     18.450     18.467     18.483     18.500     18.517     18.533     18.550     18.567     18.583     18.600     18.617     18.633     18.650     18.667     18.683     18.700     18.717     18.733     18.750     18.767     18.783     18.800     18.817     18.833     18.850     18.867     18.883     18.900     18.917     18.933     18.950     18.967     18.983     19.000
    sza =      87.864     88.057     88.251     88.445     88.639     88.833     89.027     89.221     89.416     89.611     89.806     90.001     90.196     90.392     90.587     90.784     90.979     91.176     91.372     91.568     91.766     91.963     92.160     92.357     92.554     92.752     92.950     93.148     93.346     93.544     93.742     93.941     94.140     94.338     94.537     94.736     94.936     95.136     95.335     95.535     95.735     95.935     96.135     96.335     96.536     96.736     96.937     97.138     97.339     97.540     97.742     97.943     98.144     98.346     98.548     98.750     98.952     99.154     99.356     99.559     99.762
  280.5000  1.693E-25  1.634E-25  1.575E-25  1.514E-25  1.454E-25  1.393E-25  1.332E-25  1.271E-25  1.210E-25  1.149E-25  1.089E-25  1.030E-25  9.490E-26  8.789E-26  8.176E-26  7.637E-26  7.164E-26  6.413E-26  5.943E-26  5.292E-26  4.788E-26  4.289E-26  3.764E-26  3.290E-26  2.856E-26  2.459E-26  2.096E-26  1.773E-26  1.490E-26  1.190E-26  9.585E-27  7.281E-27  5.484E-27  3.763E-27  2.374E-27  1.331E-27  6.031E-28  1.708E-28  2.446E-29  5.775E-31  1.335E-33  4.415E-38  2.803E-45  0.000E+00  0.000E+00  0.000E+00  0.000E+00  0.000E+00  0.000E+00  0.000E+00  0.000E+00  0.000E+00  0.000E+00  0.000E+00  0.000E+00  0.000E+00  0.000E+00  0.000E+00  0.000E+00  0.000E+00  0.000E+00
  281.5000  2.886E-23  2.785E-23  2.684E-23  2.582E-23  2.479E-23  2.376E-23  2.273E-23  2.169E-23  2.065E-23  1.961E-23  1.859E-23  1.759E-23  1.621E-23  1.502E-23  1.398E-23  1.306E-23  1.225E-23  1.097E-23  1.017E-23  9.062E-24  8.201E-24  7.347E-24  6.450E-24  5.640E-24  4.898E-24  4.218E-24  3.598E-24  3.046E-24  2.562E-24  2.049E-24  1.657E-24  1.268E-24  9.638E-25  6.723E-25  4.353E-25  2.538E-25  1.219E-25  3.827E-26  6.467E-27  2.121E-28  8.358E-31  6.887E-35  2.031E-41  0.000E+00  0.000E+00  0.000E+00  0.000E+00  0.000E+00  0.000E+00  0.000E+00  0.000E+00  0.000E+00  0.000E+00  0.000E+00  0.000E+00  0.000E+00  0.000E+00  0.000E+00  0.000E+00  0.000E+00  0.000E+00
  282.5000  1.633E-21  1.576E-21  1.519E-21  1.461E-21  1.403E-21  1.345E-21  1.287E-21  1.228E-21  1.170E-21  1.111E-21  1.053E-21  9.966E-22  9.189E-22  8.515E-22  7.927E-22  7.409E-22  6.955E-22  6.230E-22  5.776E-22  5.148E-22  4.660E-22  4.176E-22  3.668E-22  3.208E-22  2.787E-22  2.401E-22  2.049E-22  1.736E-22  1.461E-22  1.171E-22  9.494E-23  7.305E-23  5.599E-23  3.960E-23  2.621E-23  1.580E-23  7.985E-24  2.744E-24  5.367E-25  2.355E-26  1.489E-28  2.740E-32  2.998E-38  0.000E+00  0.000E+00  0.000E+00  0.000E+00  0.000E+00  0.000E+00  0.000E+00  0.000E+00  0.000E+00  0.000E+00  0.000E+00  0.000E+00  0.000E+00  0.000E+00  0.000E+00  0.000E+00  0.000E+00  0.000E+00
  283.5000  2.026E-20  1.956E-20  1.885E-20  1.814E-20  1.742E-20  1.670E-20  1.598E-20  1.525E-20  1.452E-20  1.380E-20  1.308E-20  1.238E-20  1.142E-20  1.058E-20  9.854E-21  9.213E-21  8.649E-21  7.749E-21  7.187E-21  6.407E-21  5.801E-21  5.200E-21  4.568E-21  3.997E-21  3.473E-21  2.992E-21  2.555E-21  2.165E-21  1.824E-21  1.463E-21  1.188E-21  9.176E-22  7.069E-22  5.044E-22  3.386E-22  2.085E-22  1.089E-22  3.971E-23  8.547E-24  4.545E-25  3.921E-27  1.222E-30  3.146E-36  0.000E+00  0.000E+00  0.000E+00  0.000E+00  0.000E+00  0.000E+00  0.000E+00  0.000E+00  0.000E+00  0.000E+00  0.000E+00  0.000E+00  0.000E+00  0.000E+00  0.000E+00  0.000E+00  0.000E+00  0.000E+00
  284.5000  1.225E-18  1.183E-18  1.140E-18  1.097E-18  1.054E-18  1.010E-18  9.667E-19  9.230E-19  8.792E-19  8.356E-19  7.925E-19  7.502E-19  6.921E-19  6.418E-19  5.979E-19  5.592E-19  5.253E-19  4.709E-19  4.369E-19  3.897E-19  3.531E-19  3.166E-19  2.783E-19  2.436E-19  2.118E-19  1.826E-19  1.560E-19  1.323E-19  1.116E-19  8.967E-20  7.308E-20  5.678E-20  4.411E-20  3.195E-20  2.195E-20  1.401E-20  7.733E-21  3.110E-21  7.848E-22  5.746E-23  8.356E-25  6.376E-28  7.128E-33  1.694E-41  0.000E+00  0.000E+00  0.000E+00  0.000E+00  0.000E+00  0.000E+00  0.000E+00  0.000E+00  0.000E+00  0.000E+00  0.000E+00  0.000E+00  0.000E+00  0.000E+00  0.000E+00  0.000E+00  0.000E+00
  285.5000  1.597E-17  1.542E-17  1.486E-17  1.430E-17  1.374E-17  1.318E-17  1.261E-17  1.204E-17  1.147E-17  1.090E-17  1.034E-17  9.793E-18  9.037E-18  8.382E-18  7.811E-18  7.309E-18  6.868E-18  6.160E-18  5.718E-18  5.102E-18  4.625E-18  4.150E-18  3.649E-18  3.196E-18  2.780E-18  2.398E-18  2.050E-18  1.740E-18  1.468E-18  1.181E-18  9.650E-19  7.531E-19  5.888E-19  4.310E-19  3.014E-19  1.977E-19  1.137E-19  4.936E-20  1.411E-20  1.328E-21  2.913E-23  4.468E-26  1.546E-30  2.638E-38  0.000E+00  0.000E+00  0.000E+00  0.000E+00  0.000E+00  0.000E+00  0.000E+00  0.000E+00  0.000E+00  0.000E+00  0.000E+00  0.000E+00  0.000E+00  0.000E+00  0.000E+00  0.000E+00  0.000E+00
  286.5000  5.188E-16  5.008E-16  4.827E-16  4.645E-16  4.462E-16  4.277E-16  4.095E-16  3.910E-16  3.726E-16  3.542E-16  3.360E-16  3.183E-16  2.938E-16  2.725E-16  2.540E-16  2.378E-16  2.235E-16  2.005E-16  1.862E-16  1.662E-16  1.508E-16  1.353E-16  1.190E-16  1.043E-16  9.076E-17  7.832E-17  6.698E-17  5.688E-17  4.803E-17  3.869E-17  3.166E-17  2.479E-17  1.947E-17  1.437E-17  1.018E-17  6.815E-18  4.048E-18  1.862E-18  5.858E-19  6.703E-20  2.022E-21  5.334E-24  4.422E-28  3.450E-35  1.401E-45  0.000E+00  0.000E+00  0.000E+00  0.000E+00  0.000E+00  0.000E+00  0.000E+00  0.000E+00  0.000E+00  0.000E+00  0.000E+00  0.000E+00  0.000E+00  0.000E+00  0.000E+00  0.000E+00
  287.5000  9.186E-15  8.867E-15  8.547E-15  8.224E-15  7.901E-15  7.577E-15  7.251E-15  6.925E-15  6.599E-15  6.274E-15  5.954E-15  5.640E-15  5.207E-15  4.832E-15  4.506E-15  4.219E-15  3.968E-15  3.561E-15  3.308E-15  2.955E-15  2.681E-15  2.407E-15  2.119E-15  1.858E-15  1.618E-15  1.397E-15  1.195E-15  1.016E-15  8.583E-16  6.923E-16  5.675E-16  4.459E-16  3.519E-16  2.619E-16  1.881E-16  1.287E-16  7.902E-17  3.865E-17  1.347E-17  1.897E-18  8.055E-20  3.815E-22  8.156E-26  3.341E-32  1.724E-41  0.000E+00  0.000E+00  0.000E+00  0.000E+00  0.000E+00  0.000E+00  0.000E+00  0.000E+00  0.000E+00  0.000E+00  0.000E+00  0.000E+00  0.000E+00  0.000E+00  0.000E+00  0.000E+00
  288.5000  1.583E-13  1.528E-13  1.472E-13  1.416E-13  1.361E-13  1.305E-13  1.249E-13  1.193E-13  1.137E-13  1.081E-13  1.026E-13  9.720E-14  8.976E-14  8.333E-14  7.773E-14  7.281E-14  6.850E-14  6.152E-14  5.718E-14  5.111E-14  4.640E-14  4.169E-14  3.673E-14  3.222E-14  2.807E-14  2.425E-14  2.077E-14  1.766E-14  1.494E-14  1.207E-14  9.911E-15  7.817E-15  6.201E-15  4.655E-15  3.392E-15  2.374E-15  1.511E-15  7.894E-16  3.073E-16  5.432E-17  3.357E-18  3.027E-20  1.829E-23  4.598E-29  3.495E-37  0.000E+00  0.000E+00  0.000E+00  0.000E+00  0.000E+00  0.000E+00  0.000E+00  0.000E+00  0.000E+00  0.000E+00  0.000E+00  0.000E+00  0.000E+00  0.000E+00  0.000E+00  0.000E+00
  289.5000  2.109E-12  2.035E-12  1.961E-12  1.886E-12  1.812E-12  1.737E-12  1.663E-12  1.588E-12  1.513E-12  1.439E-12  1.366E-12  1.294E-12  1.195E-12  1.110E-12  1.036E-12  9.704E-13  9.132E-13  8.205E-13  7.629E-13  6.822E-13  6.197E-13  5.572E-13  4.910E-13  4.310E-13  3.757E-13  3.248E-13  2.783E-13  2.369E-13  2.005E-13  1.621E-13  1.333E-13  1.054E-13  8.393E-14  6.340E-14  4.667E-14  3.319E-14  2.167E-14  1.188E-14  5.021E-15  1.051E-15  8.588E-17  1.249E-18  1.617E-21  1.519E-26  8.001E-34  1.401E-45  0.000E+00  0.000E+00  0.000E+00  0.000E+00  0.000E+00  0.000E+00  0.000E+00  0.000E+00  0.000E+00  0.000E+00  0.000E+00  0.000E+00  0.000E+00  0.000E+00  0.000E+00
  290.5000  1.783E-11  1.720E-11  1.658E-11  1.594E-11  1.531E-11  1.468E-11  1.405E-11  1.342E-11  1.279E-11  1.216E-11  1.154E-11  1.094E-11  1.010E-11  9.382E-12  8.755E-12  8.205E-12  7.724E-12  6.942E-12  6.457E-12  5.776E-12  5.250E-12  4.712E-12  4.164E-12  3.656E-12  3.189E-12  2.759E-12  2.365E-12  2.014E-12  1.706E-12  1.380E-12  1.137E-12  9.010E-13  7.193E-13  5.460E-13  4.052E-13  2.920E-13  1.946E-13  1.110E-13  5.013E-14  1.205E-14  1.241E-15  2.685E-17  6.565E-20  1.860E-24  4.973E-31  1.395E-41  0.000E+00  0.000E+00  0.000E+00  0.000E+00  0.000E+00  0.000E+00  0.000E+00  0.000E+00  0.000E+00  0.000E+00  0.000E+00  0.000E+00  0.000E+00  0.000E+00  0.000E+00
  291.5000  1.319E-10  1.273E-10  1.226E-10  1.179E-10  1.132E-10  1.086E-10  1.038E-10  9.911E-11  9.444E-11  8.980E-11  8.524E-11  8.079E-11  7.463E-11  6.931E-11  6.469E-11  6.065E-11  5.711E-11  5.134E-11  4.778E-11  4.277E-11  3.889E-11  3.500E-11  3.089E-11  2.714E-11  2.369E-11  2.051E-11  1.759E-11  1.499E-11  1.271E-11  1.030E-11  8.491E-12  6.745E-12  5.401E-12  4.122E-12  3.085E-12  2.255E-12  1.535E-12  9.129E-13  4.431E-13  1.237E-13  1.638E-14  5.494E-16  2.721E-18  2.651E-22  4.398E-28  2.469E-37  0.000E+00  0.000E+00  0.000E+00  0.000E+00  0.000E+00  0.000E+00  0.000E+00  0.000E+00  0.000E+00  0.000E+00  0.000E+00  0.000E+00  0.000E+00  0.000E+00  0.000E+00
  292.5000  6.389E-10  6.160E-10  5.931E-10  5.702E-10  5.474E-10  5.245E-10  5.017E-10  4.790E-10  4.564E-10  4.339E-10  4.118E-10  3.902E-10  3.605E-10  3.348E-10  3.126E-10  2.931E-10  2.760E-10  2.482E-10  2.311E-10  2.069E-10  1.883E-10  1.695E-10  1.497E-10  1.316E-10  1.149E-10  9.956E-11  8.548E-11  7.290E-11  6.184E-11  5.015E-11  4.140E-11  3.296E-11  2.645E-11  2.027E-11  1.528E-11  1.129E-11  7.827E-12  4.819E-12  2.485E-12  7.878E-13  1.293E-13  6.285E-15  5.625E-17  1.527E-20  1.131E-25  7.290E-34  1.401E-44  0.000E+00  0.000E+00  0.000E+00  0.000E+00  0.000E+00  0.000E+00  0.000E+00  0.000E+00  0.000E+00  0.000E+00  0.000E+00  0.000E+00  0.000E+00  0.000E+00
  293.5000  3.580E-09  3.451E-09  3.321E-09  3.192E-09  3.063E-09  2.934E-09  2.805E-09  2.677E-09  2.550E-09  2.424E-09  2.300E-09  2.180E-09  2.013E-09  1.870E-09  1.746E-09  1.637E-09  1.542E-09  1.387E-09  1.291E-09  1.157E-09  1.053E-09  9.487E-10  8.381E-10  7.375E-10  6.446E-10  5.587E-10  4.801E-10  4.097E-10  3.478E-10  2.823E-10  2.334E-10  1.861E-10  1.497E-10  1.152E-10  8.735E-11  6.523E-11  4.591E-11  2.916E-11  1.588E-11  5.652E-12  1.129E-12  7.745E-14  1.204E-15  8.557E-19  2.595E-23  1.664E-30  6.161E-40  0.000E+00  0.000E+00  0.000E+00  0.000E+00  0.000E+00  0.000E+00  0.000E+00  0.000E+00  0.000E+00  0.000E+00  0.000E+00  0.000E+00  0.000E+00  0.000E+00
  294.5000  1.151E-08  1.109E-08  1.067E-08  1.025E-08  9.832E-09  9.415E-09  9.000E-09  8.586E-09  8.176E-09  7.769E-09  7.370E-09  6.982E-09  6.449E-09  5.989E-09  5.590E-09  5.242E-09  4.938E-09  4.443E-09  4.137E-09  3.708E-09  3.376E-09  3.042E-09  2.689E-09  2.368E-09  2.071E-09  1.796E-09  1.544E-09  1.319E-09  1.120E-09  9.103E-10  7.531E-10  6.015E-10  4.848E-10  3.741E-10  2.851E-10  2.146E-10  1.529E-10  9.959E-11  5.670E-11  2.221E-11  5.220E-12  4.756E-13  1.159E-14  1.795E-17  1.678E-21  6.611E-28  2.692E-36  0.000E+00  0.000E+00  0.000E+00  0.000E+00  0.000E+00  0.000E+00  0.000E+00  0.000E+00  0.000E+00  0.000E+00  0.000E+00  0.000E+00  0.000E+00  0.000E+00
  295.5000  5.100E-08  4.910E-08  4.721E-08  4.532E-08  4.345E-08  4.158E-08  3.972E-08  3.788E-08  3.605E-08  3.424E-08  3.247E-08  3.075E-08  2.840E-08  2.637E-08  2.461E-08  2.307E-08  2.173E-08  1.955E-08  1.821E-08  1.633E-08  1.487E-08  1.341E-08  1.186E-08  1.045E-08  9.143E-09  7.936E-09  6.829E-09  5.837E-09  4.962E-09  4.036E-09  3.343E-09  2.674E-09  2.159E-09  1.671E-09  1.280E-09  9.711E-10  7.002E-10  4.673E-10  2.780E-10  1.197E-10  3.312E-11  4.027E-12  1.558E-13  5.407E-16  1.635E-19  4.311E-25  2.170E-32  8.692E-42  0.000E+00  0.000E+00  0.000E+00  0.000E+00  0.000E+00  0.000E+00  0.000E+00  0.000E+00  0.000E+00  0.000E+00  0.000E+00  0.000E+00  0.000E+00
  296.5000  1.440E-07  1.386E-07  1.331E-07  1.277E-07  1.224E-07  1.170E-07  1.118E-07  1.065E-07  1.013E-07  9.618E-08  9.117E-08  8.630E-08  7.966E-08  7.394E-08  6.898E-08  6.469E-08  6.090E-08  5.480E-08  5.104E-08  4.576E-08  4.170E-08  3.760E-08  3.328E-08  2.933E-08  2.569E-08  2.231E-08  1.921E-08  1.644E-08  1.398E-08  1.138E-08  9.438E-09  7.562E-09  6.115E-09  4.745E-09  3.648E-09  2.787E-09  2.029E-09  1.382E-09  8.534E-10  3.985E-10  1.269E-10  1.980E-11  1.138E-12  7.883E-15  6.463E-18  8.419E-23  3.439E-29  2.043E-37  0.000E+00  0.000E+00  0.000E+00  0.000E+00  0.000E+00  0.000E+00  0.000E+00  0.000E+00  0.000E+00  0.000E+00  0.000E+00  0.000E+00  0.000E+00
  297.5000  4.246E-07  4.082E-07  3.919E-07  3.758E-07  3.597E-07  3.438E-07  3.281E-07  3.124E-07  2.970E-07  2.818E-07  2.669E-07  2.525E-07  2.330E-07  2.162E-07  2.016E-07  1.889E-07  1.779E-07  1.601E-07  1.491E-07  1.337E-07  1.218E-07  1.099E-07  9.731E-08  8.579E-08  7.518E-08  6.534E-08  5.631E-08  4.820E-08  4.103E-08  3.345E-08  2.775E-08  2.227E-08  1.803E-08  1.402E-08  1.082E-08  8.313E-09  6.100E-09  4.226E-09  2.691E-09  1.346E-09  4.834E-10  9.340E-11  7.570E-12  9.572E-14  1.874E-16  9.866E-21  2.521E-26  1.593E-33  4.624E-44  0.000E+00  0.000E+00  0.000E+00  0.000E+00  0.000E+00  0.000E+00  0.000E+00  0.000E+00  0.000E+00  0.000E+00  0.000E+00  0.000E+00
  298.5000  7.355E-07  7.065E-07  6.778E-07  6.493E-07  6.199E-07  5.932E-07  5.656E-07  5.382E-07  5.113E-07  4.847E-07  4.589E-07  4.339E-07  4.001E-07  3.710E-07  3.459E-07  3.239E-07  3.049E-07  2.743E-07  2.554E-07  2.290E-07  2.087E-07  1.883E-07  1.667E-07  1.471E-07  1.290E-07  1.122E-07  9.674E-08  8.287E-08  7.060E-08  5.761E-08  4.784E-08  3.844E-08  3.116E-08  2.429E-08  1.879E-08  1.451E-08  1.071E-08  7.528E-09  4.920E-09  2.608E-09  1.038E-09  2.412E-10  2.625E-11  5.569E-13  2.298E-15  3.970E-19  4.786E-24  2.218E-30  1.138E-39  0.000E+00  0.000E+00  0.000E+00  0.000E+00  0.000E+00  0.000E+00  0.000E+00  0.000E+00  0.000E+00  0.000E+00  0.000E+00  0.000E+00
  299.5000  2.355E-06  2.260E-06  2.166E-06  2.072E-06  1.981E-06  1.890E-06  1.800E-06  1.712E-06  1.625E-06  1.539E-06  1.456E-06  1.375E-06  1.268E-06  1.175E-06  1.094E-06  1.024E-06  9.635E-07  8.665E-07  8.065E-07  7.231E-07  6.590E-07  5.944E-07  5.266E-07  4.648E-07  4.077E-07  3.548E-07  3.062E-07  2.625E-07  2.238E-07  1.828E-07  1.519E-07  1.222E-07  9.922E-08  7.747E-08  6.010E-08  4.658E-08  3.460E-08  2.461E-08  1.645E-08  9.176E-09  4.001E-09  1.097E-09  1.560E-10  5.321E-12  4.373E-14  2.285E-17  1.185E-21  3.610E-27  2.929E-35  4.204E-45  0.000E+00  0.000E+00  0.000E+00  0.000E+00  0.000E+00  0.000E+00  0.000E+00  0.000E+00  0.000E+00  0.000E+00  0.000E+00
  300.5000  2.948E-06  2.826E-06  2.706E-06  2.587E-06  2.470E-06  2.355E-06  2.241E-06  2.129E-06  2.019E-06  1.911E-06  1.807E-06  1.705E-06  1.570E-06  1.454E-06  1.353E-06  1.266E-06  1.190E-06  1.070E-06  9.955E-07  8.924E-07  8.132E-07  7.334E-07  6.498E-07  5.737E-07  5.035E-07  4.383E-07  3.785E-07  3.246E-07  2.770E-07  2.265E-07  1.884E-07  1.517E-07  1.233E-07  9.643E-08  7.496E-08  5.830E-08  4.349E-08  3.123E-08  2.125E-08  1.235E-08  5.795E-09  1.817E-09  3.206E-10  1.604E-11  2.292E-13  2.874E-16  4.629E-20  5.985E-25  3.929E-32  5.424E-41  0.000E+00  0.000E+00  0.000E+00  0.000E+00  0.000E+00  0.000E+00  0.000E+00  0.000E+00  0.000E+00  0.000E+00  0.000E+00
  301.5000  8.126E-06  7.779E-06  7.438E-06  7.101E-06  6.769E-06  6.445E-06  6.126E-06  5.812E-06  5.505E-06  5.204E-06  4.913E-06  4.632E-06  4.262E-06  3.943E-06  3.667E-06  3.427E-06  3.219E-06  2.892E-06  2.689E-06  2.409E-06  2.195E-06  1.979E-06  1.753E-06  1.548E-06  1.359E-06  1.184E-06  1.023E-06  8.781E-07  7.497E-07  6.138E-07  5.111E-07  4.122E-07  3.353E-07  2.627E-07  2.047E-07  1.597E-07  1.197E-07  8.677E-08  6.010E-08  3.639E-08  1.840E-08  6.623E-09  1.463E-09  1.097E-10  2.821E-12  9.001E-15  4.881E-18  2.998E-22  1.924E-28  4.498E-36  2.032E-43  0.000E+00  0.000E+00  0.000E+00  0.000E+00  0.000E+00  0.000E+00  0.000E+00  0.000E+00  0.000E+00  0.000E+00
  302.5000  1.270E-05  1.214E-05  1.159E-05  1.106E-05  1.053E-05  1.001E-05  9.506E-06  9.010E-06  8.524E-06  8.050E-06  7.607E-06  7.145E-06  6.574E-06  6.076E-06  5.646E-06  5.272E-06  4.949E-06  4.443E-06  4.128E-06  3.697E-06  3.367E-06  3.035E-06  2.689E-06  2.374E-06  2.085E-06  1.817E-06  1.570E-06  1.349E-06  1.152E-06  9.442E-07  7.867E-07  6.352E-07  5.171E-07  4.057E-07  3.167E-07  2.477E-07  1.861E-07  1.358E-07  9.516E-08  5.921E-08  3.148E-08  1.245E-08  3.202E-09  3.158E-10  1.209E-11  7.191E-14  8.622E-17  1.458E-20  4.117E-26  5.993E-33  1.438E-39  5.185E-44  4.204E-45  1.401E-45  0.000E+00  0.000E+00  0.000E+00  0.000E+00  0.000E+00  0.000E+00  0.000E+00
  303.5000  2.881E-05  2.750E-05  2.622E-05  2.496E-05  2.373E-05  2.253E-05  2.135E-05  2.020E-05  1.909E-05  1.799E-05  1.694E-05  1.594E-05  1.463E-05  1.351E-05  1.253E-05  1.169E-05  1.096E-05  9.829E-06  9.122E-06  8.164E-06  7.430E-06  6.693E-06  5.927E-06  5.235E-06  4.597E-06  4.007E-06  3.465E-06  2.978E-06  2.546E-06  2.089E-06  1.742E-06  1.409E-06  1.148E-06  9.023E-07  7.057E-07  5.533E-07  4.172E-07  3.065E-07  2.176E-07  1.396E-07  7.848E-08  3.448E-08  1.055E-08  1.426E-09  8.638E-11  1.063E-12  3.267E-15  1.846E-18  3.037E-23  3.898E-29  6.928E-35  6.922E-39  3.299E-40  1.848E-42  5.605E-45  0.000E+00  0.000E+00  0.000E+00  0.000E+00  0.000E+00  0.000E+00
  304.5000  3.753E-05  3.578E-05  3.407E-05  3.239E-05  3.076E-05  2.917E-05  2.761E-05  2.609E-05  2.460E-05  2.319E-05  2.181E-05  2.048E-05  1.880E-05  1.733E-05  1.607E-05  1.497E-05  1.402E-05  1.257E-05  1.166E-05  1.043E-05  9.483E-06  8.538E-06  7.560E-06  6.674E-06  5.862E-06  5.110E-06  4.420E-06  3.800E-06  3.250E-06  2.670E-06  2.228E-06  1.803E-06  1.471E-06  1.157E-06  9.061E-07  7.117E-07  5.377E-07  3.967E-07  2.838E-07  1.854E-07  1.078E-07  5.044E-08  1.712E-08  2.789E-09  2.215E-10  4.176E-12  2.229E-14  2.541E-17  1.150E-21  5.043E-27  2.727E-32  4.859E-36  1.883E-37  8.102E-40  1.216E-42  0.000E+00  0.000E+00  0.000E+00  0.000E+00  0.000E+00  0.000E+00
  305.5000  6.572E-05  6.251E-05  5.938E-05  5.633E-05  5.337E-05  5.049E-05  4.769E-05  4.497E-05  4.233E-05  3.979E-05  3.734E-05  3.502E-05  3.206E-05  2.951E-05  2.730E-05  2.539E-05  2.375E-05  2.125E-05  1.968E-05  1.759E-05  1.598E-05  1.437E-05  1.272E-05  1.122E-05  9.853E-06  8.590E-06  7.432E-06  6.393E-06  5.471E-06  4.500E-06  3.759E-06  3.047E-06  2.488E-06  1.961E-06  1.539E-06  1.211E-06  9.177E-07  6.808E-07  4.919E-07  3.291E-07  2.000E-07  1.019E-07  3.987E-08  8.429E-09  9.810E-10  3.427E-11  4.152E-13  1.357E-15  2.826E-19  8.053E-24  2.417E-28  1.029E-31  2.836E-33  7.737E-36  5.044E-39  1.401E-45  0.000E+00  0.000E+00  0.000E+00  0.000E+00  0.000E+00
  306.5000  7.808E-05  7.418E-05  7.039E-05  6.669E-05  6.311E-05  5.964E-05  5.627E-05  5.300E-05  4.984E-05  4.678E-05  4.386E-05  4.109E-05  3.758E-05  3.456E-05  3.194E-05  2.968E-05  2.773E-05  2.480E-05  2.295E-05  2.049E-05  1.860E-05  1.672E-05  1.479E-05  1.305E-05  1.146E-05  9.987E-06  8.642E-06  7.434E-06  6.364E-06  5.239E-06  4.378E-06  3.552E-06  2.902E-06  2.290E-06  1.798E-06  1.417E-06  1.075E-06  7.997E-07  5.806E-07  3.928E-07  2.437E-07  1.292E-07  5.390E-08  1.282E-08  1.768E-09  8.075E-11  1.384E-12  7.051E-15  2.806E-18  1.762E-22  1.090E-26  6.815E-30  1.688E-31  4.049E-34  2.049E-37  8.408E-44  0.000E+00  0.000E+00  0.000E+00  0.000E+00  0.000E+00
  307.5000  1.481E-04  1.403E-04  1.327E-04  1.254E-04  1.183E-04  1.115E-04  1.049E-04  9.854E-05  9.241E-05  8.650E-05  8.088E-05  7.555E-05  6.895E-05  6.324E-05  5.831E-05  5.405E-05  5.039E-05  4.497E-05  4.153E-05  3.702E-05  3.356E-05  3.012E-05  2.661E-05  2.346E-05  2.058E-05  1.794E-05  1.552E-05  1.335E-05  1.144E-05  9.427E-06  7.885E-06  6.408E-06  5.240E-06  4.143E-06  3.260E-06  2.574E-06  1.958E-06  1.463E-06  1.070E-06  7.367E-07  4.725E-07  2.672E-07  1.245E-07  3.642E-08  6.827E-09  5.140E-10  1.722E-11  2.085E-13  2.945E-16  8.749E-20  2.269E-23  2.931E-26  5.553E-28  9.333E-31  2.388E-34  6.865E-41  0.000E+00  0.000E+00  0.000E+00  0.000E+00  0.000E+00
  308.5000  1.860E-04  1.760E-04  1.663E-04  1.570E-04  1.479E-04  1.392E-04  1.308E-04  1.227E-04  1.149E-04  1.074E-04  1.003E-04  9.362E-05  8.533E-05  7.817E-05  7.200E-05  6.667E-05  6.208E-05  5.535E-05  5.106E-05  4.548E-05  4.120E-05  3.695E-05  3.263E-05  2.875E-05  2.521E-05  2.196E-05  1.900E-05  1.635E-05  1.401E-05  1.155E-05  9.667E-06  7.862E-06  6.434E-06  5.091E-06  4.010E-06  3.169E-06  2.413E-06  1.807E-06  1.326E-06  9.203E-07  5.988E-07  3.482E-07  1.700E-07  5.424E-08  1.153E-08  1.058E-09  4.567E-11  7.657E-13  1.740E-15  9.186E-19  4.025E-22  6.892E-25  1.227E-26  1.929E-29  4.274E-33  1.257E-39  0.000E+00  0.000E+00  0.000E+00  0.000E+00  0.000E+00
  309.5000  2.039E-04  1.924E-04  1.814E-04  1.707E-04  1.604E-04  1.506E-04  1.411E-04  1.320E-04  1.233E-04  1.150E-04  1.071E-04  9.966E-05  9.061E-05  8.281E-05  7.608E-05  7.027E-05  6.528E-05  5.809E-05  5.347E-05  4.754E-05  4.299E-05  3.849E-05  3.394E-05  2.987E-05  2.617E-05  2.279E-05  1.971E-05  1.696E-05  1.453E-05  1.199E-05  1.004E-05  8.178E-06  6.699E-06  5.309E-06  4.189E-06  3.315E-06  2.530E-06  1.899E-06  1.401E-06  9.833E-07  6.531E-07  3.956E-07  2.073E-07  7.562E-08  1.963E-08  2.498E-09  1.674E-10  4.958E-12  2.600E-14  3.809E-17  4.270E-20  1.182E-22  1.804E-24  2.326E-27  3.459E-31  8.621E-38  0.000E+00  0.000E+00  0.000E+00  0.000E+00  0.000E+00
  310.5000  3.318E-04  3.123E-04  2.937E-04  2.757E-04  2.586E-04  2.422E-04  2.264E-04  2.113E-04  1.970E-04  1.832E-04  1.703E-04  1.581E-04  1.434E-04  1.308E-04  1.199E-04  1.105E-04  1.024E-04  9.096E-05  8.357E-05  7.416E-05  6.696E-05  5.985E-05  5.271E-05  4.635E-05  4.057E-05  3.530E-05  3.051E-05  2.625E-05  2.248E-05  1.857E-05  1.556E-05  1.268E-05  1.040E-05  8.253E-06  6.522E-06  5.167E-06  3.949E-06  2.972E-06  2.200E-06  1.558E-06  1.050E-06  6.555E-07  3.616E-07  1.456E-07  4.374E-08  7.046E-09  6.448E-10  2.855E-11  2.704E-13  8.102E-16  1.746E-18  6.794E-21  9.449E-23  1.091E-25  1.288E-29  3.065E-36  0.000E+00  0.000E+00  0.000E+00  0.000E+00  0.000E+00
  311.5000  4.842E-04  4.550E-04  4.270E-04  4.002E-04  3.747E-04  3.502E-04  3.269E-04  3.046E-04  2.834E-04  2.632E-04  2.441E-04  2.263E-04  2.050E-04  1.866E-04  1.708E-04  1.571E-04  1.454E-04  1.289E-04  1.183E-04  1.048E-04  9.450E-05  8.436E-05  7.422E-05  6.519E-05  5.702E-05  4.958E-05  4.284E-05  3.684E-05  3.155E-05  2.608E-05  2.185E-05  1.783E-05  1.462E-05  1.162E-05  9.190E-06  7.288E-06  5.576E-06  4.204E-06  3.119E-06  2.221E-06  1.512E-06  9.616E-07  5.481E-07  2.351E-07  7.765E-08  1.457E-08  1.631E-09  9.393E-11  1.314E-12  6.337E-15  2.123E-17  1.048E-19  1.402E-21  1.556E-24  1.652E-28  4.089E-35  0.000E+00  0.000E+00  0.000E+00  0.000E+00  0.000E+00
  312.5000  6.165E-04  5.769E-04  5.393E-04  5.035E-04  4.695E-04  4.371E-04  4.064E-04  3.772E-04  3.496E-04  3.235E-04  2.989E-04  2.760E-04  2.491E-04  2.259E-04  2.060E-04  1.887E-04  1.740E-04  1.538E-04  1.406E-04  1.242E-04  1.116E-04  9.933E-05  8.716E-05  7.639E-05  6.666E-05  5.787E-05  4.993E-05  4.289E-05  3.671E-05  3.036E-05  2.545E-05  2.079E-05  1.707E-05  1.359E-05  1.077E-05  8.555E-06  6.562E-06  4.962E-06  3.697E-06  2.657E-06  1.836E-06  1.204E-06  7.249E-07  3.463E-07  1.348E-07  3.312E-08  5.326E-09  4.911E-10  1.379E-11  1.542E-13  1.114E-15  8.123E-18  9.631E-20  9.198E-23  7.165E-27  1.590E-33  0.000E+00  0.000E+00  0.000E+00  0.000E+00  0.000E+00
  313.5000  7.491E-04  7.004E-04  6.541E-04  6.101E-04  5.684E-04  5.288E-04  4.912E-04  4.555E-04  4.218E-04  3.899E-04  3.600E-04  3.321E-04  2.994E-04  2.713E-04  2.471E-04  2.263E-04  2.084E-04  1.840E-04  1.680E-04  1.483E-04  1.332E-04  1.184E-04  1.039E-04  9.095E-05  7.933E-05  6.883E-05  5.936E-05  5.098E-05  4.363E-05  3.608E-05  3.025E-05  2.472E-05  2.030E-05  1.618E-05  1.283E-05  1.020E-05  7.827E-06  5.924E-06  4.420E-06  3.186E-06  2.212E-06  1.465E-06  8.958E-07  4.411E-07  1.794E-07  4.716E-08  8.240E-09  8.454E-10  2.784E-11  3.766E-13  3.239E-15  2.635E-17  3.178E-19  3.162E-22  2.587E-26  6.649E-33  0.000E+00  0.000E+00  0.000E+00  0.000E+00  0.000E+00
  314.5000  9.980E-04  9.293E-04  8.643E-04  8.027E-04  7.446E-04  6.896E-04  6.378E-04  5.889E-04  5.429E-04  4.996E-04  4.592E-04  4.218E-04  3.788E-04  3.417E-04  3.098E-04  2.824E-04  2.590E-04  2.277E-04  2.070E-04  1.820E-04  1.628E-04  1.442E-04  1.260E-04  1.100E-04  9.565E-05  8.277E-05  7.123E-05  6.107E-05  5.218E-05  4.316E-05  3.617E-05  2.959E-05  2.432E-05  1.942E-05  1.543E-05  1.228E-05  9.454E-06  7.178E-06  5.376E-06  3.906E-06  2.743E-06  1.859E-06  1.186E-06  6.359E-07  2.952E-07  9.679E-08  2.284E-08  3.480E-09  2.075E-10  5.764E-12  9.601E-14  1.095E-15  1.203E-17  1.065E-20  6.766E-25  1.614E-31  0.000E+00  0.000E+00  0.000E+00  0.000E+00  0.000E+00
  315.5000  1.087E-03  1.012E-03  9.404E-04  8.729E-04  8.093E-04  7.492E-04  6.925E-04  6.391E-04  5.889E-04  5.416E-04  4.976E-04  4.567E-04  4.099E-04  3.696E-04  3.349E-04  3.052E-04  2.797E-04  2.457E-04  2.233E-04  1.961E-04  1.753E-04  1.552E-04  1.355E-04  1.182E-04  1.027E-04  8.887E-05  7.644E-05  6.551E-05  5.597E-05  4.629E-05  3.879E-05  3.175E-05  2.610E-05  2.084E-05  1.658E-05  1.320E-05  1.017E-05  7.728E-06  5.794E-06  4.219E-06  2.972E-06  2.027E-06  1.307E-06  7.144E-07  3.413E-07  1.166E-07  2.887E-08  4.677E-09  3.056E-10  9.452E-12  1.737E-13  2.127E-15  2.414E-17  2.274E-20  1.581E-24  4.484E-31  0.000E+00  0.000E+00  0.000E+00  0.000E+00  0.000E+00
  316.5000  1.428E-03  1.326E-03  1.229E-03  1.138E-03  1.051E-03  9.699E-04  8.933E-04  8.215E-04  7.538E-04  6.905E-04  6.318E-04  5.775E-04  5.162E-04  4.634E-04  4.182E-04  3.793E-04  3.462E-04  3.028E-04  2.739E-04  2.396E-04  2.133E-04  1.880E-04  1.635E-04  1.421E-04  1.230E-04  1.061E-04  9.100E-05  7.780E-05  6.633E-05  5.481E-05  4.589E-05  3.757E-05  3.090E-05  2.472E-05  1.970E-05  1.571E-05  1.213E-05  9.248E-06  6.958E-06  5.100E-06  3.624E-06  2.513E-06  1.669E-06  9.708E-07  5.109E-07  2.059E-07  6.406E-08  1.405E-08  1.447E-09  7.728E-11  2.339E-12  3.714E-14  3.967E-16  3.487E-19  2.060E-23  5.749E-30  0.000E+00  0.000E+00  0.000E+00  0.000E+00  0.000E+00
  317.5000  2.019E-03  1.875E-03  1.738E-03  1.609E-03  1.487E-03  1.372E-03  1.264E-03  1.163E-03  1.067E-03  9.771E-04  8.942E-04  8.176E-04  7.309E-04  6.563E-04  5.923E-04  5.374E-04  4.905E-04  4.291E-04  3.883E-04  3.396E-04  3.024E-04  2.665E-04  2.318E-04  2.015E-04  1.745E-04  1.505E-04  1.291E-04  1.103E-04  9.408E-05  7.774E-05  6.510E-05  5.330E-05  4.384E-05  3.508E-05  2.796E-05  2.231E-05  1.723E-05  1.314E-05  9.887E-06  7.252E-06  5.158E-06  3.584E-06  2.387E-06  1.395E-06  7.381E-07  2.990E-07  9.318E-08  2.046E-08  2.110E-09  1.127E-10  3.421E-12  5.577E-14  6.295E-16  6.061E-19  4.135E-23  1.417E-29  0.000E+00  0.000E+00  0.000E+00  0.000E+00  0.000E+00
  318.5000  2.143E-03  1.988E-03  1.841E-03  1.701E-03  1.569E-03  1.445E-03  1.327E-03  1.217E-03  1.113E-03  1.017E-03  9.269E-04  8.441E-04  7.516E-04  6.720E-04  6.038E-04  5.454E-04  4.956E-04  4.314E-04  3.885E-04  3.382E-04  2.997E-04  2.628E-04  2.275E-04  1.968E-04  1.697E-04  1.457E-04  1.245E-04  1.061E-04  9.020E-05  7.439E-05  6.219E-05  5.091E-05  4.186E-05  3.354E-05  2.678E-05  2.140E-05  1.658E-05  1.268E-05  9.582E-06  7.076E-06  5.070E-06  3.573E-06  2.439E-06  1.501E-06  8.630E-07  4.034E-07  1.538E-07  4.431E-08  6.891E-09  6.035E-10  2.883E-11  5.959E-13  6.390E-15  5.808E-18  3.437E-22  1.171E-28  0.000E+00  0.000E+00  0.000E+00  0.000E+00  0.000E+00
  319.5000  2.782E-03  2.581E-03  2.391E-03  2.209E-03  2.038E-03  1.876E-03  1.723E-03  1.579E-03  1.445E-03  1.319E-03  1.202E-03  1.094E-03  9.737E-04  8.701E-04  7.813E-04  7.053E-04  6.405E-04  5.571E-04  5.014E-04  4.360E-04  3.862E-04  3.383E-04  2.926E-04  2.529E-04  2.179E-04  1.869E-04  1.596E-04  1.359E-04  1.154E-04  9.515E-05  7.952E-05  6.508E-05  5.351E-05  4.289E-05  3.427E-05  2.740E-05  2.124E-05  1.626E-05  1.230E-05  9.101E-06  6.534E-06  4.622E-06  3.176E-06  1.979E-06  1.159E-06  5.583E-07  2.211E-07  6.695E-08  1.123E-08  1.076E-09  5.588E-11  1.230E-12  1.364E-14  1.318E-17  8.520E-22  3.410E-28  5.605E-45  0.000E+00  0.000E+00  0.000E+00  0.000E+00
  320.5000  3.651E-03  3.388E-03  3.138E-03  2.899E-03  2.674E-03  2.461E-03  2.260E-03  2.071E-03  1.893E-03  1.727E-03  1.573E-03  1.431E-03  1.272E-03  1.136E-03  1.019E-03  9.186E-04  8.333E-04  7.239E-04  6.508E-04  5.652E-04  4.999E-04  4.374E-04  3.777E-04  3.260E-04  2.805E-04  2.403E-04  2.049E-04  1.743E-04  1.479E-04  1.219E-04  1.018E-04  8.326E-05  6.845E-05  5.487E-05  4.387E-05  3.509E-05  2.722E-05  2.087E-05  1.580E-05  1.171E-05  8.425E-06  5.980E-06  4.133E-06  2.605E-06  1.554E-06  7.730E-07  3.210E-07  1.037E-07  1.917E-08  2.064E-09  1.199E-10  2.849E-12  3.252E-14  3.313E-17  2.289E-21  1.053E-27  1.682E-44  0.000E+00  0.000E+00  0.000E+00  0.000E+00
  321.5000  4.346E-03  4.045E-03  3.756E-03  3.478E-03  3.214E-03  2.962E-03  2.723E-03  2.497E-03  2.284E-03  2.083E-03  1.896E-03  1.723E-03  1.528E-03  1.361E-03  1.218E-03  1.095E-03  9.907E-04  8.570E-04  7.675E-04  6.633E-04  5.841E-04  5.084E-04  4.366E-04  3.747E-04  3.206E-04  2.731E-04  2.316E-04  1.960E-04  1.655E-04  1.358E-04  1.130E-04  9.226E-05  7.572E-05  6.070E-05  4.860E-05  3.893E-05  3.031E-05  2.332E-05  1.775E-05  1.326E-05  9.605E-06  6.901E-06  4.867E-06  3.197E-06  2.037E-06  1.138E-06  5.583E-07  2.271E-07  5.990E-08  9.885E-09  8.506E-10  2.489E-11  2.721E-13  2.647E-16  1.629E-20  7.580E-27  1.948E-43  0.000E+00  0.000E+00  0.000E+00  0.000E+00
  322.5000  3.347E-03  3.107E-03  2.879E-03  2.659E-03  2.454E-03  2.258E-03  2.073E-03  1.899E-03  1.736E-03  1.583E-03  1.441E-03  1.310E-03  1.164E-03  1.039E-03  9.311E-04  8.390E-04  7.605E-04  6.600E-04  5.929E-04  5.143E-04  4.545E-04  3.972E-04  3.426E-04  2.954E-04  2.539E-04  2.173E-04  1.851E-04  1.572E-04  1.333E-04  1.097E-04  9.160E-05  7.492E-05  6.158E-05  4.938E-05  3.950E-05  3.161E-05  2.455E-05  1.884E-05  1.429E-05  1.061E-05  7.652E-06  5.454E-06  3.795E-06  2.424E-06  1.475E-06  7.570E-07  3.278E-07  1.121E-07  2.265E-08  2.716E-09  1.761E-10  4.617E-12  5.717E-14  6.693E-17  5.649E-21  3.606E-27  1.331E-43  0.000E+00  0.000E+00  0.000E+00  0.000E+00
  323.5000  5.296E-03  4.940E-03  4.596E-03  4.265E-03  3.948E-03  3.645E-03  3.356E-03  3.081E-03  2.821E-03  2.576E-03  2.346E-03  2.133E-03  1.892E-03  1.685E-03  1.507E-03  1.355E-03  1.225E-03  1.058E-03  9.464E-04  8.163E-04  7.176E-04  6.231E-04  5.337E-04  4.568E-04  3.897E-04  3.310E-04  2.799E-04  2.361E-04  1.989E-04  1.627E-04  1.351E-04  1.101E-04  9.021E-05  7.227E-05  5.787E-05  4.639E-05  3.617E-05  2.790E-05  2.128E-05  1.597E-05  1.161E-05  8.388E-06  5.969E-06  3.989E-06  2.612E-06  1.532E-06  8.077E-07  3.641E-07  1.128E-07  2.270E-08  2.375E-09  7.985E-11  9.270E-13  1.004E-15  7.093E-20  4.350E-26  2.015E-42  0.000E+00  0.000E+00  0.000E+00  0.000E+00
  324.5000  6.107E-03  5.694E-03  5.297E-03  4.913E-03  4.548E-03  4.198E-03  3.865E-03  3.548E-03  3.248E-03  2.965E-03  2.701E-03  2.456E-03  2.178E-03  1.940E-03  1.735E-03  1.560E-03  1.411E-03  1.219E-03  1.091E-03  9.412E-04  8.277E-04  7.190E-04  6.162E-04  5.276E-04  4.504E-04  3.827E-04  3.237E-04  2.732E-04  2.302E-04  1.884E-04  1.565E-04  1.276E-04  1.046E-04  8.379E-05  6.711E-05  5.380E-05  4.194E-05  3.235E-05  2.468E-05  1.851E-05  1.346E-05  9.730E-06  6.926E-06  4.629E-06  3.030E-06  1.772E-06  9.288E-07  4.149E-07  1.267E-07  2.506E-08  2.593E-09  8.864E-11  1.086E-12  1.284E-15  1.041E-19  7.704E-26  4.952E-42  0.000E+00  0.000E+00  0.000E+00  0.000E+00
  325.5000  6.442E-03  6.000E-03  5.576E-03  5.168E-03  4.779E-03  4.407E-03  4.054E-03  3.719E-03  3.402E-03  3.103E-03  2.825E-03  2.567E-03  2.276E-03  2.027E-03  1.813E-03  1.630E-03  1.474E-03  1.273E-03  1.140E-03  9.837E-04  8.654E-04  7.522E-04  6.450E-04  5.527E-04  4.722E-04  4.016E-04  3.400E-04  2.872E-04  2.422E-04  1.984E-04  1.649E-04  1.345E-04  1.103E-04  8.841E-05  7.080E-05  5.675E-05  4.423E-05  3.409E-05  2.599E-05  1.947E-05  1.415E-05  1.021E-05  7.249E-06  4.822E-06  3.133E-06  1.807E-06  9.273E-07  4.019E-07  1.171E-07  2.192E-08  2.170E-09  7.433E-11  9.706E-13  1.268E-15  1.201E-19  1.080E-25  9.460E-42  0.000E+00  0.000E+00  0.000E+00  0.000E+00
  326.5000  1.073E-02  1.005E-02  9.392E-03  8.755E-03  8.137E-03  7.543E-03  6.973E-03  6.427E-03  5.906E-03  5.411E-03  4.945E-03  4.510E-03  4.005E-03  3.573E-03  3.202E-03  2.884E-03  2.612E-03  2.255E-03  2.019E-03  1.739E-03  1.528E-03  1.325E-03  1.132E-03  9.656E-04  8.210E-04  6.946E-04  5.849E-04  4.913E-04  4.121E-04  3.355E-04  2.775E-04  2.253E-04  1.841E-04  1.472E-04  1.179E-04  9.451E-05  7.382E-05  5.712E-05  4.376E-05  3.304E-05  2.415E-05  1.760E-05  1.267E-05  8.653E-06  5.865E-06  3.654E-06  2.111E-06  1.086E-06  4.149E-07  1.084E-07  1.470E-08  5.975E-10  7.582E-12  9.634E-15  8.406E-19  7.756E-25  8.608E-41  0.000E+00  0.000E+00  0.000E+00  0.000E+00
  327.5000  8.985E-03  8.398E-03  7.831E-03  7.283E-03  6.756E-03  6.251E-03  5.767E-03  5.305E-03  4.865E-03  4.449E-03  4.059E-03  3.696E-03  3.280E-03  2.922E-03  2.616E-03  2.354E-03  2.130E-03  1.838E-03  1.645E-03  1.418E-03  1.246E-03  1.081E-03  9.242E-04  7.896E-04  6.723E-04  5.698E-04  4.806E-04  4.045E-04  3.399E-04  2.773E-04  2.298E-04  1.869E-04  1.529E-04  1.224E-04  9.804E-05  7.863E-05  6.139E-05  4.745E-05  3.630E-05  2.735E-05  1.995E-05  1.450E-05  1.041E-05  7.060E-06  4.733E-06  2.887E-06  1.612E-06  7.882E-07  2.777E-07  6.563E-08  8.148E-09  3.242E-10  4.421E-12  6.282E-15  6.579E-19  7.519E-25  1.154E-40  0.000E+00  0.000E+00  0.000E+00  0.000E+00
  328.5000  8.314E-03  7.771E-03  7.246E-03  6.738E-03  6.249E-03  5.780E-03  5.332E-03  4.904E-03  4.497E-03  4.111E-03  3.750E-03  3.413E-03  3.028E-03  2.697E-03  2.414E-03  2.171E-03  1.964E-03  1.694E-03  1.516E-03  1.306E-03  1.147E-03  9.945E-04  8.501E-04  7.261E-04  6.180E-04  5.235E-04  4.415E-04  3.714E-04  3.120E-04  2.545E-04  2.108E-04  1.714E-04  1.402E-04  1.122E-04  8.988E-05  7.207E-05  5.627E-05  4.350E-05  3.328E-05  2.507E-05  1.830E-05  1.330E-05  9.545E-06  6.477E-06  4.345E-06  2.654E-06  1.486E-06  7.304E-07  2.600E-07  6.257E-08  7.978E-09  3.286E-10  4.692E-12  7.180E-15  8.343E-19  1.111E-24  2.252E-40  0.000E+00  0.000E+00  0.000E+00  0.000E+00
  329.5000  1.384E-02  1.300E-02  1.219E-02  1.143E-02  1.063E-02  9.883E-03  9.166E-03  8.475E-03  7.813E-03  7.179E-03  6.582E-03  6.020E-03  5.357E-03  4.788E-03  4.302E-03  3.884E-03  3.527E-03  3.046E-03  2.733E-03  2.355E-03  2.071E-03  1.795E-03  1.532E-03  1.306E-03  1.109E-03  9.366E-04  7.869E-04  6.594E-04  5.518E-04  4.476E-04  3.692E-04  2.990E-04  2.438E-04  1.946E-04  1.556E-04  1.248E-04  9.753E-05  7.559E-05  5.805E-05  4.402E-05  3.228E-05  2.363E-05  1.714E-05  1.183E-05  8.160E-06  5.241E-06  3.175E-06  1.756E-06  7.555E-07  2.302E-07  3.678E-08  1.723E-09  2.433E-11  3.710E-14  4.177E-18  5.897E-24  1.528E-39  0.000E+00  0.000E+00  0.000E+00  0.000E+00
  330.5000  1.132E-02  1.061E-02  9.924E-03  9.253E-03  8.609E-03  7.987E-03  7.388E-03  6.814E-03  6.265E-03  5.743E-03  5.252E-03  4.792E-03  4.257E-03  3.798E-03  3.406E-03  3.069E-03  2.781E-03  2.400E-03  2.149E-03  1.851E-03  1.626E-03  1.410E-03  1.204E-03  1.026E-03  8.722E-04  7.374E-04  6.204E-04  5.206E-04  4.364E-04  3.548E-04  2.931E-04  2.378E-04  1.942E-04  1.552E-04  1.242E-04  9.961E-05  7.784E-05  6.027E-05  4.622E-05  3.496E-05  2.560E-05  1.869E-05  1.351E-05  9.270E-06  6.332E-06  3.995E-06  2.351E-06  1.244E-06  4.982E-07  1.390E-07  2.055E-08  9.468E-10  1.432E-11  2.429E-14  3.241E-18  5.588E-24  1.961E-39  0.000E+00  0.000E+00  0.000E+00  0.000E+00
  331.5000  1.095E-02  1.026E-02  9.587E-03  8.936E-03  8.307E-03  7.702E-03  7.120E-03  6.563E-03  6.031E-03  5.525E-03  5.050E-03  4.605E-03  4.089E-03  3.647E-03  3.268E-03  2.943E-03  2.665E-03  2.299E-03  2.058E-03  1.772E-03  1.557E-03  1.349E-03  1.152E-03  9.821E-04  8.345E-04  7.055E-04  5.936E-04  4.982E-04  4.176E-04  3.396E-04  2.807E-04  2.277E-04  1.860E-04  1.487E-04  1.190E-04  9.541E-05  7.455E-05  5.772E-05  4.425E-05  3.346E-05  2.449E-05  1.788E-05  1.291E-05  8.851E-06  6.035E-06  3.796E-06  2.223E-06  1.169E-06  4.635E-07  1.281E-07  1.892E-08  8.892E-10  1.413E-11  2.592E-14  3.887E-18  7.854E-24  3.631E-39  0.000E+00  0.000E+00  0.000E+00  0.000E+00
  332.5000  1.298E-02  1.221E-02  1.146E-02  1.073E-02  1.002E-02  9.333E-03  8.667E-03  8.025E-03  7.408E-03  6.817E-03  6.258E-03  5.732E-03  5.104E-03  4.567E-03  4.107E-03  3.713E-03  3.376E-03  2.917E-03  2.620E-03  2.258E-03  1.987E-03  1.723E-03  1.470E-03  1.253E-03  1.063E-03  8.971E-04  7.531E-04  6.304E-04  5.270E-04  4.267E-04  3.516E-04  2.843E-04  2.316E-04  1.846E-04  1.476E-04  1.183E-04  9.247E-05  7.172E-05  5.514E-05  4.189E-05  3.077E-05  2.258E-05  1.642E-05  1.139E-05  7.910E-06  5.142E-06  3.176E-06  1.810E-06  8.198E-07  2.681E-07  4.675E-08  2.426E-09  3.868E-11  7.201E-14  1.082E-17  2.365E-23  1.396E-38  0.000E+00  0.000E+00  0.000E+00  0.000E+00
  333.5000  1.126E-02  1.057E-02  9.902E-03  9.249E-03  8.621E-03  8.012E-03  7.424E-03  6.859E-03  6.318E-03  5.801E-03  5.314E-03  4.857E-03  4.318E-03  3.857E-03  3.462E-03  3.124E-03  2.835E-03  2.446E-03  2.193E-03  1.889E-03  1.660E-03  1.439E-03  1.228E-03  1.046E-03  8.879E-04  7.497E-04  6.298E-04  5.276E-04  4.415E-04  3.581E-04  2.954E-04  2.392E-04  1.950E-04  1.556E-04  1.245E-04  9.981E-05  7.801E-05  6.047E-05  4.644E-05  3.522E-05  2.584E-05  1.892E-05  1.372E-05  9.481E-06  6.542E-06  4.203E-06  2.545E-06  1.407E-06  6.063E-07  1.866E-07  3.088E-08  1.594E-09  2.701E-11  5.524E-14  9.623E-18  2.515E-23  1.965E-38  0.000E+00  0.000E+00  0.000E+00  0.000E+00
  334.5000  1.311E-02  1.232E-02  1.156E-02  1.083E-02  1.008E-02  9.377E-03  8.698E-03  8.044E-03  7.417E-03  6.817E-03  6.250E-03  5.718E-03  5.087E-03  4.547E-03  4.084E-03  3.688E-03  3.349E-03  2.891E-03  2.594E-03  2.234E-03  1.964E-03  1.702E-03  1.452E-03  1.237E-03  1.050E-03  8.856E-04  7.434E-04  6.224E-04  5.204E-04  4.215E-04  3.474E-04  2.810E-04  2.289E-04  1.826E-04  1.460E-04  1.170E-04  9.146E-05  7.092E-05  5.451E-05  4.138E-05  3.038E-05  2.228E-05  1.619E-05  1.121E-05  7.768E-06  5.028E-06  3.084E-06  1.740E-06  7.753E-07  2.494E-07  4.338E-08  2.338E-09  4.096E-11  8.863E-14  1.667E-17  4.946E-23  4.984E-38  0.000E+00  0.000E+00  0.000E+00  0.000E+00
  335.5000  1.456E-02  1.372E-02  1.289E-02  1.209E-02  1.130E-02  1.054E-02  9.798E-03  9.085E-03  8.398E-03  7.738E-03  7.113E-03  6.524E-03  5.815E-03  5.208E-03  4.689E-03  4.244E-03  3.865E-03  3.340E-03  3.003E-03  2.589E-03  2.280E-03  1.977E-03  1.687E-03  1.437E-03  1.219E-03  1.028E-03  8.625E-04  7.213E-04  6.024E-04  4.869E-04  4.007E-04  3.235E-04  2.632E-04  2.096E-04  1.674E-04  1.342E-04  1.049E-04  8.138E-05  6.263E-05  4.766E-05  3.506E-05  2.577E-05  1.880E-05  1.308E-05  9.140E-06  6.001E-06  3.769E-06  2.206E-06  1.045E-06  3.647E-07  6.893E-08  3.941E-09  7.062E-11  1.592E-13  3.155E-17  1.045E-22  1.352E-37  0.000E+00  0.000E+00  0.000E+00  0.000E+00
  336.5000  1.109E-02  1.044E-02  9.804E-03  9.183E-03  8.579E-03  7.994E-03  7.428E-03  6.881E-03  6.355E-03  5.851E-03  5.374E-03  4.924E-03  4.386E-03  3.925E-03  3.531E-03  3.194E-03  2.905E-03  2.509E-03  2.254E-03  1.943E-03  1.710E-03  1.482E-03  1.264E-03  1.077E-03  9.134E-04  7.702E-04  6.460E-04  5.403E-04  4.513E-04  3.650E-04  3.004E-04  2.426E-04  1.974E-04  1.572E-04  1.256E-04  1.007E-04  7.870E-05  6.106E-05  4.698E-05  3.573E-05  2.627E-05  1.931E-05  1.407E-05  9.784E-06  6.823E-06  4.467E-06  2.791E-06  1.621E-06  7.590E-07  2.611E-07  4.903E-08  2.848E-09  5.348E-11  1.299E-13  2.879E-17  1.108E-22  1.857E-37  0.000E+00  0.000E+00  0.000E+00  0.000E+00
  337.5000  1.143E-02  1.074E-02  1.007E-02  9.410E-03  8.780E-03  8.166E-03  7.574E-03  7.003E-03  6.456E-03  5.933E-03  5.439E-03  4.974E-03  4.425E-03  3.954E-03  3.551E-03  3.205E-03  2.910E-03  2.512E-03  2.253E-03  1.940E-03  1.705E-03  1.477E-03  1.260E-03  1.073E-03  9.096E-04  7.673E-04  6.438E-04  5.388E-04  4.503E-04  3.646E-04  3.003E-04  2.428E-04  1.978E-04  1.577E-04  1.260E-04  1.010E-04  7.896E-05  6.124E-05  4.708E-05  3.576E-05  2.627E-05  1.927E-05  1.402E-05  9.719E-06  6.745E-06  4.378E-06  2.697E-06  1.532E-06  6.914E-07  2.274E-07  4.115E-08  2.392E-09  4.742E-11  1.253E-13  3.166E-17  1.433E-22  3.126E-37  0.000E+00  0.000E+00  0.000E+00  0.000E+00
  338.5000  1.328E-02  1.251E-02  1.176E-02  1.102E-02  1.031E-02  9.612E-03  8.939E-03  8.288E-03  7.661E-03  7.059E-03  6.489E-03  5.951E-03  5.304E-03  4.749E-03  4.276E-03  3.870E-03  3.523E-03  3.044E-03  2.736E-03  2.358E-03  2.076E-03  1.800E-03  1.536E-03  1.308E-03  1.109E-03  9.347E-04  7.835E-04  6.549E-04  5.466E-04  4.415E-04  3.631E-04  2.930E-04  2.382E-04  1.896E-04  1.514E-04  1.213E-04  9.480E-05  7.357E-05  5.663E-05  4.312E-05  3.173E-05  2.335E-05  1.704E-05  1.188E-05  8.310E-06  5.472E-06  3.454E-06  2.039E-06  9.820E-07  3.520E-07  6.962E-08  4.303E-09  8.700E-11  2.385E-13  6.288E-17  3.143E-22  8.665E-37  0.000E+00  0.000E+00  0.000E+00  0.000E+00
  339.5000  1.464E-02  1.379E-02  1.297E-02  1.216E-02  1.137E-02  1.061E-02  9.870E-03  9.154E-03  8.465E-03  7.802E-03  7.174E-03  6.582E-03  5.867E-03  5.255E-03  4.732E-03  4.284E-03  3.902E-03  3.371E-03  3.032E-03  2.613E-03  2.301E-03  1.995E-03  1.702E-03  1.449E-03  1.228E-03  1.035E-03  8.675E-04  7.249E-04  6.049E-04  4.883E-04  4.013E-04  3.237E-04  2.631E-04  2.093E-04  1.671E-04  1.338E-04  1.046E-04  8.118E-05  6.251E-05  4.761E-05  3.506E-05  2.580E-05  1.885E-05  1.315E-05  9.211E-06  6.080E-06  3.853E-06  2.290E-06  1.117E-06  4.077E-07  8.263E-08  5.262E-09  1.104E-10  3.213E-13  9.226E-17  5.241E-22  1.839E-36  0.000E+00  0.000E+00  0.000E+00  0.000E+00
  340.5000  1.511E-02  1.423E-02  1.336E-02  1.252E-02  1.170E-02  1.090E-02  1.013E-02  9.385E-03  8.668E-03  7.981E-03  7.330E-03  6.717E-03  5.983E-03  5.353E-03  4.815E-03  4.354E-03  3.961E-03  3.420E-03  3.072E-03  2.646E-03  2.328E-03  2.018E-03  1.720E-03  1.464E-03  1.241E-03  1.046E-03  8.767E-04  7.327E-04  6.115E-04  4.940E-04  4.062E-04  3.278E-04  2.665E-04  2.121E-04  1.694E-04  1.357E-04  1.061E-04  8.230E-05  6.334E-05  4.822E-05  3.548E-05  2.610E-05  1.904E-05  1.327E-05  9.274E-06  6.098E-06  3.839E-06  2.257E-06  1.082E-06  3.865E-07  7.716E-08  4.966E-09  1.091E-10  3.416E-13  1.096E-16  7.203E-22  3.243E-36  0.000E+00  0.000E+00  0.000E+00  0.000E+00
  341.5000  1.412E-02  1.331E-02  1.252E-02  1.174E-02  1.099E-02  1.025E-02  9.540E-03  8.852E-03  8.188E-03  7.550E-03  6.945E-03  6.374E-03  5.684E-03  5.092E-03  4.587E-03  4.154E-03  3.784E-03  3.270E-03  2.941E-03  2.535E-03  2.233E-03  1.936E-03  1.651E-03  1.406E-03  1.192E-03  1.004E-03  8.410E-04  7.025E-04  5.859E-04  4.727E-04  3.883E-04  3.130E-04  2.543E-04  2.022E-04  1.613E-04  1.292E-04  1.010E-04  7.837E-05  6.036E-05  4.601E-05  3.389E-05  2.497E-05  1.825E-05  1.275E-05  8.949E-06  5.926E-06  3.776E-06  2.264E-06  1.122E-06  4.197E-07  8.812E-08  5.914E-09  1.336E-10  4.387E-13  1.502E-16  1.103E-21  6.268E-36  0.000E+00  0.000E+00  0.000E+00  0.000E+00
  342.5000  1.579E-02  1.489E-02  1.401E-02  1.314E-02  1.230E-02  1.148E-02  1.069E-02  9.919E-03  9.178E-03  8.465E-03  7.789E-03  7.150E-03  6.376E-03  5.714E-03  5.147E-03  4.662E-03  4.249E-03  3.672E-03  3.303E-03  2.847E-03  2.508E-03  2.175E-03  1.855E-03  1.579E-03  1.338E-03  1.127E-03  9.440E-04  7.883E-04  6.573E-04  5.300E-04  4.353E-04  3.507E-04  2.848E-04  2.264E-04  1.806E-04  1.446E-04  1.130E-04  8.771E-05  6.757E-05  5.152E-05  3.796E-05  2.797E-05  2.046E-05  1.430E-05  1.005E-05  6.667E-06  4.261E-06  2.568E-06  1.285E-06  4.875E-07  1.044E-07  7.201E-09  1.686E-10  5.869E-13  2.184E-16  1.816E-21  1.302E-35  0.000E+00  0.000E+00  0.000E+00  0.000E+00
  343.5000  1.614E-02  1.521E-02  1.430E-02  1.341E-02  1.254E-02  1.170E-02  1.089E-02  1.010E-02  9.337E-03  8.606E-03  7.914E-03  7.260E-03  6.471E-03  5.795E-03  5.218E-03  4.723E-03  4.301E-03  3.715E-03  3.340E-03  2.878E-03  2.533E-03  2.196E-03  1.872E-03  1.594E-03  1.350E-03  1.137E-03  9.522E-04  7.951E-04  6.629E-04  5.346E-04  4.391E-04  3.538E-04  2.874E-04  2.284E-04  1.823E-04  1.460E-04  1.141E-04  8.852E-05  6.818E-05  5.197E-05  3.829E-05  2.821E-05  2.062E-05  1.441E-05  1.012E-05  6.701E-06  4.272E-06  2.565E-06  1.275E-06  4.811E-07  1.031E-07  7.231E-09  1.763E-10  6.549E-13  2.684E-16  2.545E-21  2.308E-35  0.000E+00  0.000E+00  0.000E+00  0.000E+00
  344.5000  1.110E-02  1.046E-02  9.828E-03  9.211E-03  8.612E-03  8.030E-03  7.465E-03  6.920E-03  6.395E-03  5.891E-03  5.413E-03  4.962E-03  4.421E-03  3.957E-03  3.560E-03  3.220E-03  2.930E-03  2.530E-03  2.273E-03  1.958E-03  1.723E-03  1.492E-03  1.272E-03  1.082E-03  9.169E-04  7.722E-04  6.466E-04  5.399E-04  4.502E-04  3.631E-04  2.983E-04  2.404E-04  1.953E-04  1.553E-04  1.239E-04  9.923E-05  7.753E-05  6.017E-05  4.634E-05  3.531E-05  2.601E-05  1.916E-05  1.400E-05  9.775E-06  6.856E-06  4.533E-06  2.882E-06  1.722E-06  8.500E-07  3.180E-07  6.797E-08  4.844E-09  1.230E-10  4.872E-13  2.200E-16  2.377E-21  2.724E-35  0.000E+00  0.000E+00  0.000E+00  0.000E+00
  345.5000  1.599E-02  1.508E-02  1.419E-02  1.331E-02  1.247E-02  1.164E-02  1.084E-02  1.006E-02  9.314E-03  8.593E-03  7.909E-03  7.262E-03  6.477E-03  5.804E-03  5.231E-03  4.739E-03  4.320E-03  3.732E-03  3.359E-03  2.895E-03  2.550E-03  2.211E-03  1.885E-03  1.605E-03  1.359E-03  1.144E-03  9.579E-04  7.995E-04  6.662E-04  5.367E-04  4.404E-04  3.546E-04  2.878E-04  2.285E-04  1.822E-04  1.459E-04  1.140E-04  8.845E-05  6.816E-05  5.200E-05  3.834E-05  2.828E-05  2.071E-05  1.449E-05  1.021E-05  6.795E-06  4.368E-06  2.658E-06  1.354E-06  5.292E-07  1.187E-07  8.803E-09  2.294E-10  9.501E-13  4.554E-16  5.459E-21  7.754E-35  0.000E+00  0.000E+00  0.000E+00  0.000E+00
  346.5000  1.452E-02  1.369E-02  1.287E-02  1.207E-02  1.129E-02  1.053E-02  9.795E-03  9.084E-03  8.399E-03  7.741E-03  7.117E-03  6.528E-03  5.817E-03  5.209E-03  4.688E-03  4.243E-03  3.863E-03  3.335E-03  2.998E-03  2.582E-03  2.273E-03  1.969E-03  1.678E-03  1.428E-03  1.209E-03  1.018E-03  8.520E-04  7.111E-04  5.926E-04  4.777E-04  3.921E-04  3.158E-04  2.564E-04  2.037E-04  1.625E-04  1.301E-04  1.016E-04  7.887E-05  6.076E-05  4.633E-05  3.415E-05  2.517E-05  1.842E-05  1.288E-05  9.051E-06  6.006E-06  3.841E-06  2.318E-06  1.165E-06  4.485E-07  9.964E-08  7.478E-09  2.032E-10  8.986E-13  4.754E-16  6.502E-21  1.166E-34  0.000E+00  0.000E+00  0.000E+00  0.000E+00
  347.5000  1.425E-02  1.343E-02  1.263E-02  1.184E-02  1.108E-02  1.034E-02  9.614E-03  8.917E-03  8.246E-03  7.600E-03  6.988E-03  6.410E-03  5.712E-03  5.115E-03  4.604E-03  4.166E-03  3.793E-03  3.275E-03  2.944E-03  2.535E-03  2.231E-03  1.933E-03  1.648E-03  1.401E-03  1.187E-03  9.988E-04  8.359E-04  6.975E-04  5.811E-04  4.682E-04  3.843E-04  3.094E-04  2.511E-04  1.995E-04  1.591E-04  1.273E-04  9.948E-05  7.721E-05  5.948E-05  4.536E-05  3.344E-05  2.466E-05  1.805E-05  1.262E-05  8.877E-06  5.897E-06  3.778E-06  2.288E-06  1.156E-06  4.492E-07  1.013E-07  7.782E-09  2.188E-10  1.023E-12  5.865E-16  9.012E-21  2.013E-34  0.000E+00  0.000E+00  0.000E+00  0.000E+00
  348.5000  1.584E-02  1.493E-02  1.404E-02  1.317E-02  1.233E-02  1.151E-02  1.071E-02  9.933E-03  9.188E-03  8.471E-03  7.791E-03  7.149E-03  6.372E-03  5.707E-03  5.138E-03  4.651E-03  4.236E-03  3.658E-03  3.289E-03  2.833E-03  2.493E-03  2.160E-03  1.841E-03  1.566E-03  1.326E-03  1.116E-03  9.336E-04  7.788E-04  6.487E-04  5.224E-04  4.286E-04  3.450E-04  2.799E-04  2.222E-04  1.772E-04  1.418E-04  1.108E-04  8.597E-05  6.624E-05  5.054E-05  3.727E-05  2.749E-05  2.013E-05  1.409E-05  9.920E-06  6.602E-06  4.243E-06  2.583E-06  1.319E-06  5.197E-07  1.195E-07  9.419E-09  2.736E-10  1.348E-12  8.334E-16  1.433E-20  3.969E-34  0.000E+00  0.000E+00  0.000E+00  0.000E+00
  349.5000  1.326E-02  1.250E-02  1.176E-02  1.103E-02  1.032E-02  9.631E-03  8.961E-03  8.313E-03  7.689E-03  7.088E-03  6.518E-03  5.981E-03  5.331E-03  4.773E-03  4.297E-03  3.889E-03  3.542E-03  3.057E-03  2.749E-03  2.367E-03  2.083E-03  1.805E-03  1.538E-03  1.308E-03  1.107E-03  9.314E-04  7.792E-04  6.498E-04  5.412E-04  4.358E-04  3.574E-04  2.876E-04  2.333E-04  1.852E-04  1.477E-04  1.182E-04  9.230E-05  7.163E-05  5.520E-05  4.211E-05  3.106E-05  2.291E-05  1.678E-05  1.175E-05  8.273E-06  5.508E-06  3.543E-06  2.160E-06  1.105E-06  4.381E-07  1.018E-07  8.197E-09  2.464E-10  1.283E-12  8.597E-16  1.658E-20  5.688E-34  0.000E+00  0.000E+00  0.000E+00  0.000E+00
  350.5000  1.863E-02  1.756E-02  1.652E-02  1.549E-02  1.450E-02  1.353E-02  1.259E-02  1.168E-02  1.080E-02  9.960E-03  9.159E-03  8.404E-03  7.490E-03  6.707E-03  6.038E-03  5.465E-03  4.976E-03  4.296E-03  3.862E-03  3.325E-03  2.926E-03  2.535E-03  2.160E-03  1.837E-03  1.554E-03  1.308E-03  1.094E-03  9.119E-04  7.593E-04  6.112E-04  5.012E-04  4.032E-04  3.270E-04  2.595E-04  2.069E-04  1.655E-04  1.293E-04  1.003E-04  7.732E-05  5.900E-05  4.352E-05  3.211E-05  2.352E-05  1.648E-05  1.161E-05  7.735E-06  4.982E-06  3.045E-06  1.566E-06  6.258E-07  1.475E-07  1.213E-08  3.770E-10  2.070E-12  1.499E-15  3.232E-20  1.369E-33  0.000E+00  0.000E+00  0.000E+00  0.000E+00
  351.5000  1.600E-02  1.508E-02  1.418E-02  1.330E-02  1.244E-02  1.161E-02  1.080E-02  1.002E-02  9.267E-03  8.542E-03  7.854E-03  7.205E-03  6.420E-03  5.748E-03  5.173E-03  4.681E-03  4.262E-03  3.678E-03  3.306E-03  2.846E-03  2.504E-03  2.168E-03  1.847E-03  1.570E-03  1.329E-03  1.118E-03  9.346E-04  7.791E-04  6.486E-04  5.221E-04  4.280E-04  3.443E-04  2.792E-04  2.216E-04  1.766E-04  1.413E-04  1.103E-04  8.563E-05  6.599E-05  5.035E-05  3.715E-05  2.741E-05  2.008E-05  1.406E-05  9.909E-06  6.604E-06  4.254E-06  2.601E-06  1.340E-06  5.372E-07  1.277E-07  1.071E-08  3.443E-10  1.996E-12  1.565E-15  3.776E-20  1.971E-33  0.000E+00  0.000E+00  0.000E+00  0.000E+00
  352.5000  1.449E-02  1.366E-02  1.284E-02  1.205E-02  1.127E-02  1.052E-02  9.789E-03  9.080E-03  8.398E-03  7.741E-03  7.118E-03  6.530E-03  5.819E-03  5.210E-03  4.689E-03  4.243E-03  3.863E-03  3.334E-03  2.996E-03  2.579E-03  2.269E-03  1.965E-03  1.674E-03  1.423E-03  1.204E-03  1.012E-03  8.464E-04  7.055E-04  5.872E-04  4.725E-04  3.873E-04  3.114E-04  2.525E-04  2.003E-04  1.596E-04  1.277E-04  9.971E-05  7.738E-05  5.964E-05  4.551E-05  3.358E-05  2.479E-05  1.816E-05  1.273E-05  8.972E-06  5.984E-06  3.862E-06  2.368E-06  1.226E-06  4.959E-07  1.195E-07  1.025E-08  3.400E-10  2.076E-12  1.753E-15  4.713E-20  3.022E-33  0.000E+00  0.000E+00  0.000E+00  0.000E+00
  353.5000  1.755E-02  1.654E-02  1.556E-02  1.460E-02  1.366E-02  1.275E-02  1.187E-02  1.101E-02  1.018E-02  9.388E-03  8.634E-03  7.922E-03  7.060E-03  6.322E-03  5.690E-03  5.149E-03  4.689E-03  4.046E-03  3.637E-03  3.131E-03  2.755E-03  2.386E-03  2.032E-03  1.727E-03  1.461E-03  1.228E-03  1.027E-03  8.556E-04  7.120E-04  5.727E-04  4.693E-04  3.772E-04  3.058E-04  2.425E-04  1.932E-04  1.545E-04  1.206E-04  9.363E-05  7.217E-05  5.509E-05  4.066E-05  3.002E-05  2.200E-05  1.543E-05  1.088E-05  7.266E-06  4.698E-06  2.891E-06  1.506E-06  6.153E-07  1.505E-07  1.320E-08  4.517E-10  2.899E-12  2.633E-15  7.868E-20  6.177E-33  0.000E+00  0.000E+00  0.000E+00  0.000E+00
  354.5000  1.909E-02  1.800E-02  1.693E-02  1.589E-02  1.487E-02  1.388E-02  1.292E-02  1.199E-02  1.109E-02  1.022E-02  9.404E-03  8.629E-03  7.692E-03  6.887E-03  6.200E-03  5.611E-03  5.109E-03  4.409E-03  3.964E-03  3.412E-03  3.002E-03  2.600E-03  2.214E-03  1.881E-03  1.592E-03  1.338E-03  1.118E-03  9.316E-04  7.750E-04  6.231E-04  5.105E-04  4.103E-04  3.324E-04  2.636E-04  2.100E-04  1.679E-04  1.311E-04  1.017E-04  7.841E-05  5.986E-05  4.419E-05  3.263E-05  2.393E-05  1.678E-05  1.185E-05  7.918E-06  5.129E-06  3.165E-06  1.659E-06  6.839E-07  1.696E-07  1.520E-08  5.366E-10  3.619E-12  3.532E-15  1.172E-19  1.124E-32  0.000E+00  0.000E+00  0.000E+00  0.000E+00
  355.5000  1.786E-02  1.684E-02  1.584E-02  1.486E-02  1.391E-02  1.298E-02  1.208E-02  1.121E-02  1.037E-02  9.564E-03  8.796E-03  8.071E-03  7.194E-03  6.441E-03  5.798E-03  5.247E-03  4.777E-03  4.122E-03  3.705E-03  3.189E-03  2.806E-03  2.429E-03  2.068E-03  1.758E-03  1.486E-03  1.249E-03  1.044E-03  8.696E-04  7.233E-04  5.814E-04  4.762E-04  3.826E-04  3.100E-04  2.457E-04  1.957E-04  1.565E-04  1.222E-04  9.479E-05  7.307E-05  5.579E-05  4.119E-05  3.042E-05  2.231E-05  1.565E-05  1.105E-05  7.392E-06  4.793E-06  2.963E-06  1.558E-06  6.463E-07  1.621E-07  1.482E-08  5.396E-10  3.827E-12  4.017E-15  1.479E-19  1.729E-32  0.000E+00  0.000E+00  0.000E+00  0.000E+00
  356.5000  1.658E-02  1.563E-02  1.470E-02  1.379E-02  1.291E-02  1.205E-02  1.122E-02  1.041E-02  9.626E-03  8.875E-03  8.162E-03  7.489E-03  6.674E-03  5.975E-03  5.378E-03  4.866E-03  4.430E-03  3.822E-03  3.435E-03  2.956E-03  2.601E-03  2.251E-03  1.917E-03  1.628E-03  1.377E-03  1.157E-03  9.667E-04  8.051E-04  6.695E-04  5.381E-04  4.406E-04  3.539E-04  2.867E-04  2.272E-04  1.810E-04  1.447E-04  1.129E-04  8.762E-05  6.754E-05  5.157E-05  3.808E-05  2.813E-05  2.063E-05  1.448E-05  1.022E-05  6.842E-06  4.440E-06  2.749E-06  1.450E-06  6.047E-07  1.533E-07  1.429E-08  5.365E-10  3.999E-12  4.510E-15  1.842E-19  2.619E-32  0.000E+00  0.000E+00  0.000E+00  0.000E+00
  357.5000  1.409E-02  1.328E-02  1.250E-02  1.172E-02  1.097E-02  1.024E-02  9.530E-03  8.842E-03  8.179E-03  7.540E-03  6.934E-03  6.361E-03  5.669E-03  5.074E-03  4.566E-03  4.131E-03  3.761E-03  3.244E-03  2.915E-03  2.508E-03  2.206E-03  1.910E-03  1.626E-03  1.381E-03  1.168E-03  9.810E-04  8.193E-04  6.822E-04  5.672E-04  4.557E-04  3.731E-04  2.997E-04  2.427E-04  1.923E-04  1.531E-04  1.224E-04  9.553E-05  7.413E-05  5.714E-05  4.364E-05  3.222E-05  2.381E-05  1.747E-05  1.226E-05  8.658E-06  5.795E-06  3.764E-06  2.333E-06  1.233E-06  5.172E-07  1.324E-07  1.258E-08  4.869E-10  3.812E-12  4.617E-15  2.088E-19  3.602E-32  0.000E+00  0.000E+00  0.000E+00  0.000E+00
  358.5000  1.090E-02  1.028E-02  9.672E-03  9.076E-03  8.494E-03  7.928E-03  7.378E-03  6.846E-03  6.332E-03  5.838E-03  5.369E-03  4.925E-03  4.389E-03  3.929E-03  3.536E-03  3.199E-03  2.912E-03  2.512E-03  2.257E-03  1.942E-03  1.708E-03  1.478E-03  1.258E-03  1.069E-03  9.036E-04  7.589E-04  6.338E-04  5.276E-04  4.386E-04  3.523E-04  2.883E-04  2.315E-04  1.874E-04  1.485E-04  1.182E-04  9.449E-05  7.374E-05  5.722E-05  4.411E-05  3.369E-05  2.488E-05  1.838E-05  1.349E-05  9.471E-06  6.693E-06  4.483E-06  2.915E-06  1.811E-06  9.615E-07  4.060E-07  1.052E-07  1.019E-08  4.064E-10  3.336E-12  4.329E-15  2.162E-19  4.513E-32  0.000E+00  0.000E+00  0.000E+00  0.000E+00
  359.5000  1.836E-02  1.731E-02  1.629E-02  1.528E-02  1.430E-02  1.335E-02  1.242E-02  1.153E-02  1.066E-02  9.828E-03  9.037E-03  8.291E-03  7.388E-03  6.614E-03  5.950E-03  5.383E-03  4.900E-03  4.226E-03  3.797E-03  3.266E-03  2.872E-03  2.486E-03  2.115E-03  1.796E-03  1.519E-03  1.275E-03  1.065E-03  8.862E-04  7.366E-04  5.915E-04  4.840E-04  3.886E-04  3.145E-04  2.492E-04  1.983E-04  1.585E-04  1.237E-04  9.595E-05  7.397E-05  5.650E-05  4.173E-05  3.084E-05  2.264E-05  1.589E-05  1.123E-05  7.529E-06  4.900E-06  3.048E-06  1.623E-06  6.893E-07  1.804E-07  1.781E-08  7.314E-10  6.296E-12  8.753E-15  4.826E-19  1.216E-31  0.000E+00  0.000E+00  0.000E+00  0.000E+00
  360.5000  1.703E-02  1.606E-02  1.511E-02  1.418E-02  1.327E-02  1.238E-02  1.152E-02  1.069E-02  9.889E-03  9.116E-03  8.383E-03  7.690E-03  6.852E-03  6.133E-03  5.518E-03  4.991E-03  4.543E-03  3.918E-03  3.520E-03  3.027E-03  2.662E-03  2.303E-03  1.960E-03  1.664E-03  1.407E-03  1.181E-03  9.858E-04  8.203E-04  6.816E-04  5.473E-04  4.477E-04  3.594E-04  2.908E-04  2.303E-04  1.833E-04  1.465E-04  1.143E-04  8.866E-05  6.835E-05  5.221E-05  3.857E-05  2.851E-05  2.093E-05  1.470E-05  1.039E-05  6.968E-06  4.538E-06  2.828E-06  1.511E-06  6.451E-07  1.705E-07  1.715E-08  7.252E-10  6.542E-12  9.732E-15  5.914E-19  1.795E-31  0.000E+00  0.000E+00  0.000E+00  0.000E+00
  361.5000  1.539E-02  1.451E-02  1.365E-02  1.281E-02  1.199E-02  1.119E-02  1.041E-02  9.662E-03  8.937E-03  8.239E-03  7.576E-03  6.950E-03  6.193E-03  5.542E-03  4.987E-03  4.511E-03  4.105E-03  3.540E-03  3.180E-03  2.735E-03  2.405E-03  2.081E-03  1.770E-03  1.503E-03  1.269E-03  1.066E-03  8.897E-04  7.402E-04  6.150E-04  4.936E-04  4.037E-04  3.240E-04  2.621E-04  2.075E-04  1.652E-04  1.319E-04  1.029E-04  7.986E-05  6.156E-05  4.703E-05  3.475E-05  2.569E-05  1.886E-05  1.325E-05  9.372E-06  6.288E-06  4.100E-06  2.559E-06  1.372E-06  5.898E-07  1.576E-07  1.616E-08  7.027E-10  6.635E-12  1.055E-14  7.051E-19  2.571E-31  0.000E+00  0.000E+00  0.000E+00  0.000E+00
  362.5000  1.810E-02  1.707E-02  1.605E-02  1.506E-02  1.410E-02  1.316E-02  1.225E-02  1.136E-02  1.051E-02  9.689E-03  8.909E-03  8.173E-03  7.282E-03  6.518E-03  5.864E-03  5.303E-03  4.827E-03  4.161E-03  3.738E-03  3.214E-03  2.826E-03  2.445E-03  2.080E-03  1.765E-03  1.492E-03  1.252E-03  1.045E-03  8.691E-04  7.218E-04  5.792E-04  4.737E-04  3.800E-04  3.074E-04  2.433E-04  1.936E-04  1.546E-04  1.206E-04  9.358E-05  7.214E-05  5.512E-05  4.073E-05  3.012E-05  2.212E-05  1.554E-05  1.100E-05  7.381E-06  4.817E-06  3.012E-06  1.620E-06  7.004E-07  1.892E-07  1.975E-08  8.834E-10  8.727E-12  1.481E-14  1.088E-18  4.756E-31  0.000E+00  0.000E+00  0.000E+00  0.000E+00
  363.5000  1.611E-02  1.519E-02  1.429E-02  1.341E-02  1.255E-02  1.172E-02  1.090E-02  1.012E-02  9.357E-03  8.626E-03  7.931E-03  7.275E-03  6.482E-03  5.801E-03  5.219E-03  4.720E-03  4.295E-03  3.703E-03  3.326E-03  2.859E-03  2.514E-03  2.174E-03  1.849E-03  1.570E-03  1.326E-03  1.113E-03  9.284E-04  7.721E-04  6.412E-04  5.144E-04  4.205E-04  3.373E-04  2.728E-04  2.159E-04  1.718E-04  1.372E-04  1.070E-04  8.299E-05  6.398E-05  4.889E-05  3.613E-05  2.672E-05  1.962E-05  1.379E-05  9.761E-06  6.555E-06  4.282E-06  2.681E-06  1.447E-06  6.287E-07  1.715E-07  1.822E-08  8.383E-10  8.661E-12  1.569E-14  1.265E-18  6.614E-31  0.000E+00  0.000E+00  0.000E+00  0.000E+00
  364.5000  1.758E-02  1.658E-02  1.559E-02  1.463E-02  1.369E-02  1.278E-02  1.189E-02  1.103E-02  1.021E-02  9.408E-03  8.650E-03  7.934E-03  7.069E-03  6.326E-03  5.690E-03  5.145E-03  4.682E-03  4.035E-03  3.624E-03  3.115E-03  2.738E-03  2.368E-03  2.014E-03  1.709E-03  1.443E-03  1.211E-03  1.010E-03  8.401E-04  6.975E-04  5.594E-04  4.573E-04  3.667E-04  2.965E-04  2.346E-04  1.866E-04  1.490E-04  1.162E-04  9.015E-05  6.950E-05  5.311E-05  3.925E-05  2.903E-05  2.133E-05  1.499E-05  1.061E-05  7.129E-06  4.660E-06  2.922E-06  1.580E-06  6.902E-07  1.900E-07  2.054E-08  9.715E-10  1.049E-11  2.027E-14  1.792E-18  1.118E-30  0.000E+00  0.000E+00  0.000E+00  0.000E+00
  365.5000  2.142E-02  2.019E-02  1.900E-02  1.782E-02  1.668E-02  1.557E-02  1.449E-02  1.344E-02  1.243E-02  1.146E-02  1.053E-02  9.660E-03  8.606E-03  7.701E-03  6.925E-03  6.262E-03  5.697E-03  4.910E-03  4.409E-03  3.789E-03  3.330E-03  2.880E-03  2.448E-03  2.077E-03  1.755E-03  1.472E-03  1.227E-03  1.020E-03  8.470E-04  6.792E-04  5.551E-04  4.450E-04  3.598E-04  2.846E-04  2.264E-04  1.807E-04  1.409E-04  1.093E-04  8.428E-05  6.441E-05  4.761E-05  3.521E-05  2.587E-05  1.819E-05  1.288E-05  8.655E-06  5.661E-06  3.553E-06  1.926E-06  8.450E-07  2.347E-07  2.582E-08  1.255E-09  1.416E-11  2.914E-14  2.822E-18  2.098E-30  0.000E+00  0.000E+00  0.000E+00  0.000E+00
  366.5000  2.270E-02  2.140E-02  2.013E-02  1.888E-02  1.768E-02  1.650E-02  1.535E-02  1.424E-02  1.317E-02  1.214E-02  1.116E-02  1.024E-02  9.120E-03  8.160E-03  7.338E-03  6.634E-03  6.036E-03  5.201E-03  4.670E-03  4.013E-03  3.527E-03  3.049E-03  2.592E-03  2.199E-03  1.857E-03  1.558E-03  1.299E-03  1.079E-03  8.958E-04  7.182E-04  5.868E-04  4.703E-04  3.802E-04  3.007E-04  2.391E-04  1.909E-04  1.488E-04  1.154E-04  8.899E-05  6.801E-05  5.028E-05  3.719E-05  2.733E-05  1.922E-05  1.361E-05  9.153E-06  5.992E-06  3.766E-06  2.048E-06  9.034E-07  2.533E-07  2.836E-08  1.415E-09  1.667E-11  3.650E-14  3.865E-18  3.416E-30  0.000E+00  0.000E+00  0.000E+00  0.000E+00
  367.5000  2.158E-02  2.035E-02  1.914E-02  1.796E-02  1.681E-02  1.569E-02  1.460E-02  1.354E-02  1.252E-02  1.154E-02  1.061E-02  9.733E-03  8.671E-03  7.759E-03  6.976E-03  6.307E-03  5.737E-03  4.943E-03  4.438E-03  3.814E-03  3.351E-03  2.897E-03  2.462E-03  2.088E-03  1.764E-03  1.479E-03  1.233E-03  1.025E-03  8.501E-04  6.814E-04  5.566E-04  4.460E-04  3.604E-04  2.850E-04  2.266E-04  1.809E-04  1.410E-04  1.094E-04  8.431E-05  6.444E-05  4.764E-05  3.525E-05  2.591E-05  1.823E-05  1.291E-05  8.685E-06  5.690E-06  3.582E-06  1.954E-06  8.664E-07  2.453E-07  2.793E-08  1.431E-09  1.758E-11  4.093E-14  4.732E-18  4.961E-30  0.000E+00  0.000E+00  0.000E+00  0.000E+00
  368.5000  1.897E-02  1.788E-02  1.682E-02  1.578E-02  1.477E-02  1.379E-02  1.283E-02  1.190E-02  1.101E-02  1.014E-02  9.326E-03  8.552E-03  7.618E-03  6.816E-03  6.128E-03  5.540E-03  5.039E-03  4.341E-03  3.897E-03  3.348E-03  2.942E-03  2.543E-03  2.161E-03  1.833E-03  1.548E-03  1.297E-03  1.081E-03  8.983E-04  7.452E-04  5.972E-04  4.877E-04  3.907E-04  3.157E-04  2.496E-04  1.984E-04  1.583E-04  1.234E-04  9.572E-05  7.380E-05  5.641E-05  4.171E-05  3.086E-05  2.269E-05  1.596E-05  1.131E-05  7.611E-06  4.990E-06  3.145E-06  1.720E-06  7.663E-07  2.189E-07  2.534E-08  1.333E-09  1.707E-11  4.224E-14  5.327E-18  6.612E-30  0.000E+00  0.000E+00  0.000E+00  0.000E+00
  369.5000  2.276E-02  2.146E-02  2.019E-02  1.894E-02  1.773E-02  1.655E-02  1.540E-02  1.428E-02  1.321E-02  1.217E-02  1.119E-02  1.026E-02  9.141E-03  8.178E-03  7.352E-03  6.645E-03  6.044E-03  5.206E-03  4.673E-03  4.014E-03  3.527E-03  3.048E-03  2.590E-03  2.196E-03  1.854E-03  1.554E-03  1.295E-03  1.076E-03  8.921E-04  7.147E-04  5.836E-04  4.674E-04  3.776E-04  2.985E-04  2.372E-04  1.893E-04  1.475E-04  1.144E-04  8.821E-05  6.742E-05  4.986E-05  3.690E-05  2.713E-05  1.909E-05  1.353E-05  9.108E-06  5.976E-06  3.771E-06  2.067E-06  9.256E-07  2.668E-07  3.140E-08  1.694E-09  2.262E-11  5.940E-14  8.162E-18  1.197E-29  0.000E+00  0.000E+00  0.000E+00  0.000E+00
  370.5000  2.066E-02  1.948E-02  1.833E-02  1.719E-02  1.609E-02  1.502E-02  1.398E-02  1.296E-02  1.199E-02  1.105E-02  1.016E-02  9.312E-03  8.294E-03  7.420E-03  6.670E-03  6.028E-03  5.482E-03  4.722E-03  4.238E-03  3.640E-03  3.197E-03  2.763E-03  2.347E-03  1.990E-03  1.680E-03  1.408E-03  1.173E-03  9.740E-04  8.077E-04  6.469E-04  5.281E-04  4.229E-04  3.415E-04  2.699E-04  2.145E-04  1.711E-04  1.334E-04  1.034E-04  7.973E-05  6.095E-05  4.508E-05  3.336E-05  2.453E-05  1.727E-05  1.224E-05  8.243E-06  5.412E-06  3.420E-06  1.879E-06  8.451E-07  2.457E-07  2.939E-08  1.627E-09  2.262E-11  6.302E-14  9.424E-18  1.629E-29  0.000E+00  0.000E+00  0.000E+00  0.000E+00
  371.5000  2.366E-02  2.231E-02  2.099E-02  1.969E-02  1.843E-02  1.720E-02  1.600E-02  1.484E-02  1.372E-02  1.265E-02  1.163E-02  1.066E-02  9.495E-03  8.493E-03  7.634E-03  6.899E-03  6.273E-03  5.403E-03  4.848E-03  4.164E-03  3.657E-03  3.160E-03  2.684E-03  2.275E-03  1.920E-03  1.609E-03  1.340E-03  1.113E-03  9.225E-04  7.387E-04  6.029E-04  4.827E-04  3.897E-04  3.080E-04  2.447E-04  1.952E-04  1.521E-04  1.179E-04  9.092E-05  6.951E-05  5.141E-05  3.806E-05  2.799E-05  1.970E-05  1.397E-05  9.412E-06  6.184E-06  3.912E-06  2.155E-06  9.737E-07  2.856E-07  3.471E-08  1.970E-09  2.851E-11  8.420E-14  1.369E-17  2.784E-29  0.000E+00  0.000E+00  0.000E+00  0.000E+00
  372.5000  1.749E-02  1.649E-02  1.551E-02  1.455E-02  1.362E-02  1.271E-02  1.183E-02  1.097E-02  1.014E-02  9.349E-03  8.592E-03  7.878E-03  7.017E-03  6.276E-03  5.641E-03  5.097E-03  4.635E-03  3.991E-03  3.581E-03  3.075E-03  2.700E-03  2.333E-03  1.981E-03  1.679E-03  1.416E-03  1.187E-03  9.885E-04  8.206E-04  6.802E-04  5.446E-04  4.443E-04  3.557E-04  2.871E-04  2.268E-04  1.802E-04  1.437E-04  1.120E-04  8.683E-05  6.693E-05  5.117E-05  3.785E-05  2.802E-05  2.061E-05  1.451E-05  1.029E-05  6.938E-06  4.561E-06  2.889E-06  1.595E-06  7.243E-07  2.142E-07  2.646E-08  1.539E-09  2.318E-11  7.247E-14  1.279E-17  3.056E-29  0.000E+00  0.000E+00  0.000E+00  0.000E+00
  373.5000  1.581E-02  1.491E-02  1.403E-02  1.316E-02  1.231E-02  1.149E-02  1.069E-02  9.917E-03  9.170E-03  8.450E-03  7.766E-03  7.120E-03  6.342E-03  5.672E-03  5.097E-03  4.605E-03  4.187E-03  3.605E-03  3.234E-03  2.777E-03  2.438E-03  2.106E-03  1.788E-03  1.515E-03  1.278E-03  1.071E-03  8.917E-04  7.401E-04  6.133E-04  4.909E-04  4.005E-04  3.205E-04  2.587E-04  2.043E-04  1.623E-04  1.294E-04  1.008E-04  7.816E-05  6.026E-05  4.607E-05  3.408E-05  2.523E-05  1.856E-05  1.307E-05  9.274E-06  6.253E-06  4.113E-06  2.608E-06  1.444E-06  6.581E-07  1.962E-07  2.462E-08  1.467E-09  2.298E-11  7.605E-14  1.456E-17  4.078E-29  0.000E+00  0.000E+00  0.000E+00  0.000E+00
  374.5000  1.736E-02  1.637E-02  1.540E-02  1.445E-02  1.352E-02  1.262E-02  1.174E-02  1.089E-02  1.007E-02  9.276E-03  8.525E-03  7.815E-03  6.960E-03  6.225E-03  5.594E-03  5.053E-03  4.593E-03  3.955E-03  3.547E-03  3.045E-03  2.674E-03  2.309E-03  1.960E-03  1.661E-03  1.401E-03  1.173E-03  9.768E-04  8.105E-04  6.716E-04  5.374E-04  4.383E-04  3.507E-04  2.830E-04  2.235E-04  1.775E-04  1.415E-04  1.102E-04  8.545E-05  6.587E-05  5.037E-05  3.726E-05  2.759E-05  2.030E-05  1.430E-05  1.015E-05  6.843E-06  4.504E-06  2.859E-06  1.586E-06  7.261E-07  2.183E-07  2.781E-08  1.698E-09  2.764E-11  9.673E-14  2.006E-17  6.576E-29  0.000E+00  0.000E+00  0.000E+00  0.000E+00
  375.5000  1.960E-02  1.848E-02  1.739E-02  1.631E-02  1.526E-02  1.424E-02  1.325E-02  1.229E-02  1.137E-02  1.047E-02  9.624E-03  8.822E-03  7.857E-03  7.026E-03  6.313E-03  5.703E-03  5.184E-03  4.462E-03  4.002E-03  3.435E-03  3.016E-03  2.604E-03  2.211E-03  1.873E-03  1.579E-03  1.322E-03  1.101E-03  9.131E-04  7.564E-04  6.051E-04  4.934E-04  3.947E-04  3.184E-04  2.514E-04  1.996E-04  1.591E-04  1.240E-04  9.609E-05  7.408E-05  5.664E-05  4.191E-05  3.104E-05  2.284E-05  1.609E-05  1.142E-05  7.704E-06  5.075E-06  3.225E-06  1.793E-06  8.246E-07  2.500E-07  3.233E-08  2.021E-09  3.418E-11  1.264E-13  2.836E-17  1.086E-28  0.000E+00  0.000E+00  0.000E+00  0.000E+00
  376.5000  1.959E-02  1.847E-02  1.737E-02  1.630E-02  1.525E-02  1.423E-02  1.324E-02  1.228E-02  1.136E-02  1.046E-02  9.615E-03  8.814E-03  7.849E-03  7.018E-03  6.306E-03  5.696E-03  5.177E-03  4.456E-03  3.996E-03  3.430E-03  3.010E-03  2.599E-03  2.206E-03  1.869E-03  1.574E-03  1.319E-03  1.097E-03  9.103E-04  7.540E-04  6.030E-04  4.916E-04  3.932E-04  3.171E-04  2.503E-04  1.987E-04  1.584E-04  1.234E-04  9.563E-05  7.371E-05  5.637E-05  4.171E-05  3.089E-05  2.274E-05  1.602E-05  1.137E-05  7.676E-06  5.059E-06  3.219E-06  1.794E-06  8.284E-07  2.532E-07  3.324E-08  2.128E-09  3.735E-11  1.458E-13  3.538E-17  1.579E-28  0.000E+00  0.000E+00  0.000E+00  0.000E+00
  377.5000  2.334E-02  2.201E-02  2.070E-02  1.942E-02  1.817E-02  1.696E-02  1.578E-02  1.463E-02  1.353E-02  1.247E-02  1.145E-02  1.050E-02  9.350E-03  8.359E-03  7.511E-03  6.784E-03  6.165E-03  5.305E-03  4.757E-03  4.082E-03  3.583E-03  3.093E-03  2.625E-03  2.223E-03  1.872E-03  1.568E-03  1.305E-03  1.082E-03  8.961E-04  7.165E-04  5.840E-04  4.670E-04  3.765E-04  2.972E-04  2.359E-04  1.880E-04  1.464E-04  1.135E-04  8.746E-05  6.688E-05  4.950E-05  3.667E-05  2.699E-05  1.902E-05  1.350E-05  9.118E-06  6.014E-06  3.830E-06  2.139E-06  9.920E-07  3.056E-07  4.073E-08  2.668E-09  4.860E-11  2.002E-13  5.244E-17  2.725E-28  0.000E+00  0.000E+00  0.000E+00  0.000E+00
  378.5000  2.545E-02  2.399E-02  2.257E-02  2.117E-02  1.982E-02  1.849E-02  1.720E-02  1.596E-02  1.475E-02  1.359E-02  1.249E-02  1.145E-02  1.019E-02  9.112E-03  8.187E-03  7.393E-03  6.717E-03  5.780E-03  5.183E-03  4.447E-03  3.902E-03  3.368E-03  2.858E-03  2.420E-03  2.038E-03  1.707E-03  1.420E-03  1.177E-03  9.745E-04  7.791E-04  6.349E-04  5.075E-04  4.092E-04  3.229E-04  2.562E-04  2.042E-04  1.590E-04  1.232E-04  9.497E-05  7.262E-05  5.375E-05  3.982E-05  2.931E-05  2.067E-05  1.467E-05  9.911E-06  6.540E-06  4.169E-06  2.334E-06  1.087E-06  3.373E-07  4.563E-08  3.057E-09  5.777E-11  2.509E-13  7.091E-17  4.282E-28  0.000E+00  0.000E+00  0.000E+00  0.000E+00
  379.5000  1.884E-02  1.776E-02  1.671E-02  1.567E-02  1.467E-02  1.369E-02  1.273E-02  1.181E-02  1.092E-02  1.006E-02  9.241E-03  8.469E-03  7.542E-03  6.742E-03  6.056E-03  5.468E-03  4.968E-03  4.275E-03  3.832E-03  3.288E-03  2.884E-03  2.489E-03  2.112E-03  1.788E-03  1.506E-03  1.261E-03  1.048E-03  8.691E-04  7.194E-04  5.750E-04  4.684E-04  3.744E-04  3.018E-04  2.381E-04  1.889E-04  1.505E-04  1.172E-04  9.080E-05  6.999E-05  5.352E-05  3.962E-05  2.935E-05  2.161E-05  1.524E-05  1.082E-05  7.312E-06  4.828E-06  3.081E-06  1.728E-06  8.078E-07  2.527E-07  3.467E-08  2.376E-09  4.655E-11  2.130E-13  6.489E-17  4.545E-28  0.000E+00  0.000E+00  0.000E+00  0.000E+00
  380.5000  2.266E-02  2.137E-02  2.010E-02  1.886E-02  1.765E-02  1.647E-02  1.532E-02  1.421E-02  1.313E-02  1.210E-02  1.112E-02  1.019E-02  9.073E-03  8.110E-03  7.285E-03  6.577E-03  5.975E-03  5.140E-03  4.607E-03  3.952E-03  3.467E-03  2.991E-03  2.538E-03  2.148E-03  1.808E-03  1.514E-03  1.259E-03  1.043E-03  8.634E-04  6.899E-04  5.620E-04  4.490E-04  3.619E-04  2.854E-04  2.264E-04  1.804E-04  1.404E-04  1.088E-04  8.386E-05  6.414E-05  4.748E-05  3.518E-05  2.590E-05  1.827E-05  1.298E-05  8.771E-06  5.794E-06  3.701E-06  2.080E-06  9.764E-07  3.078E-07  4.284E-08  3.002E-09  6.094E-11  2.936E-13  9.630E-17  7.810E-28  0.000E+00  0.000E+00  0.000E+00  0.000E+00
  381.5000  2.131E-02  2.009E-02  1.890E-02  1.773E-02  1.659E-02  1.548E-02  1.440E-02  1.336E-02  1.235E-02  1.138E-02  1.045E-02  9.578E-03  8.528E-03  7.623E-03  6.846E-03  6.181E-03  5.614E-03  4.829E-03  4.328E-03  3.712E-03  3.256E-03  2.809E-03  2.382E-03  2.017E-03  1.697E-03  1.420E-03  1.181E-03  9.787E-04  8.097E-04  6.469E-04  5.268E-04  4.208E-04  3.390E-04  2.674E-04  2.121E-04  1.689E-04  1.315E-04  1.019E-04  7.852E-05  6.005E-05  4.446E-05  3.295E-05  2.426E-05  1.711E-05  1.216E-05  8.220E-06  5.434E-06  3.474E-06  1.957E-06  9.221E-07  2.928E-07  4.134E-08  2.961E-09  6.227E-11  3.155E-13  1.113E-16  1.044E-27  0.000E+00  0.000E+00  0.000E+00  0.000E+00
  382.5000  1.421E-02  1.340E-02  1.260E-02  1.182E-02  1.106E-02  1.032E-02  9.602E-03  8.904E-03  8.231E-03  7.583E-03  6.966E-03  6.384E-03  5.684E-03  5.080E-03  4.563E-03  4.119E-03  3.741E-03  3.217E-03  2.883E-03  2.472E-03  2.168E-03  1.870E-03  1.586E-03  1.342E-03  1.129E-03  9.451E-04  7.857E-04  6.509E-04  5.384E-04  4.300E-04  3.501E-04  2.796E-04  2.253E-04  1.776E-04  1.408E-04  1.122E-04  8.728E-05  6.763E-05  5.212E-05  3.986E-05  2.952E-05  2.188E-05  1.611E-05  1.137E-05  8.077E-06  5.463E-06  3.613E-06  2.312E-06  1.305E-06  6.173E-07  1.975E-07  2.827E-08  2.070E-09  4.505E-11  2.400E-13  9.102E-17  9.849E-28  0.000E+00  0.000E+00  0.000E+00  0.000E+00
  383.5000  1.248E-02  1.177E-02  1.107E-02  1.038E-02  9.717E-03  9.067E-03  8.435E-03  7.822E-03  7.231E-03  6.661E-03  6.119E-03  5.607E-03  4.992E-03  4.462E-03  4.007E-03  3.616E-03  3.284E-03  2.824E-03  2.531E-03  2.170E-03  1.903E-03  1.641E-03  1.391E-03  1.177E-03  9.904E-04  8.287E-04  6.887E-04  5.705E-04  4.718E-04  3.767E-04  3.067E-04  2.449E-04  1.972E-04  1.554E-04  1.233E-04  9.813E-05  7.636E-05  5.916E-05  4.560E-05  3.487E-05  2.582E-05  1.914E-05  1.410E-05  9.949E-06  7.071E-06  4.784E-06  3.166E-06  2.028E-06  1.147E-06  5.445E-07  1.754E-07  2.547E-08  1.904E-09  4.290E-11  2.402E-13  9.777E-17  1.219E-27  0.000E+00  0.000E+00  0.000E+00  0.000E+00
  384.5000  1.874E-02  1.767E-02  1.662E-02  1.559E-02  1.459E-02  1.361E-02  1.266E-02  1.174E-02  1.086E-02  1.000E-02  9.186E-03  8.417E-03  7.494E-03  6.697E-03  6.014E-03  5.427E-03  4.928E-03  4.238E-03  3.797E-03  3.255E-03  2.854E-03  2.461E-03  2.086E-03  1.765E-03  1.484E-03  1.242E-03  1.032E-03  8.546E-04  7.066E-04  5.641E-04  4.590E-04  3.665E-04  2.951E-04  2.325E-04  1.844E-04  1.468E-04  1.142E-04  8.845E-05  6.817E-05  5.214E-05  3.861E-05  2.862E-05  2.109E-05  1.488E-05  1.058E-05  7.159E-06  4.740E-06  3.039E-06  1.722E-06  8.207E-07  2.664E-07  3.919E-08  2.993E-09  6.975E-11  4.100E-13  1.790E-16  2.568E-27  0.000E+00  0.000E+00  0.000E+00  0.000E+00
  385.5000  1.855E-02  1.749E-02  1.645E-02  1.543E-02  1.444E-02  1.348E-02  1.254E-02  1.162E-02  1.075E-02  9.898E-03  9.092E-03  8.330E-03  7.417E-03  6.627E-03  5.951E-03  5.370E-03  4.876E-03  4.192E-03  3.755E-03  3.219E-03  2.822E-03  2.433E-03  2.062E-03  1.744E-03  1.467E-03  1.227E-03  1.019E-03  8.439E-04  6.977E-04  5.568E-04  4.530E-04  3.616E-04  2.911E-04  2.294E-04  1.818E-04  1.447E-04  1.126E-04  8.719E-05  6.719E-05  5.140E-05  3.806E-05  2.822E-05  2.079E-05  1.468E-05  1.043E-05  7.064E-06  4.680E-06  3.003E-06  1.705E-06  8.156E-07  2.666E-07  3.976E-08  3.100E-09  7.469E-11  4.607E-13  2.156E-16  3.552E-27  0.000E+00  0.000E+00  0.000E+00  0.000E+00
  386.5000  1.892E-02  1.784E-02  1.678E-02  1.574E-02  1.473E-02  1.374E-02  1.278E-02  1.185E-02  1.096E-02  1.009E-02  9.271E-03  8.494E-03  7.562E-03  6.757E-03  6.066E-03  5.474E-03  4.969E-03  4.272E-03  3.827E-03  3.280E-03  2.875E-03  2.478E-03  2.100E-03  1.776E-03  1.493E-03  1.249E-03  1.037E-03  8.587E-04  7.097E-04  5.663E-04  4.606E-04  3.676E-04  2.958E-04  2.330E-04  1.847E-04  1.470E-04  1.143E-04  8.854E-05  6.823E-05  5.219E-05  3.866E-05  2.866E-05  2.112E-05  1.491E-05  1.060E-05  7.180E-06  4.759E-06  3.057E-06  1.739E-06  8.348E-07  2.748E-07  4.152E-08  3.306E-09  8.230E-11  5.324E-13  2.667E-16  5.039E-27  0.000E+00  0.000E+00  0.000E+00  0.000E+00
  387.5000  1.759E-02  1.659E-02  1.560E-02  1.463E-02  1.369E-02  1.278E-02  1.189E-02  1.102E-02  1.019E-02  9.383E-03  8.619E-03  7.896E-03  7.029E-03  6.281E-03  5.638E-03  5.087E-03  4.618E-03  3.969E-03  3.555E-03  3.046E-03  2.670E-03  2.301E-03  1.950E-03  1.649E-03  1.386E-03  1.159E-03  9.623E-04  7.965E-04  6.582E-04  5.250E-04  4.270E-04  3.407E-04  2.741E-04  2.159E-04  1.711E-04  1.361E-04  1.059E-04  8.198E-05  6.317E-05  4.832E-05  3.579E-05  2.654E-05  1.956E-05  1.381E-05  9.823E-06  6.654E-06  4.413E-06  2.837E-06  1.617E-06  7.789E-07  2.581E-07  3.952E-08  3.211E-09  8.259E-11  5.599E-13  3.000E-16  6.492E-27  0.000E+00  0.000E+00  0.000E+00  0.000E+00
  388.5000  1.764E-02  1.663E-02  1.564E-02  1.467E-02  1.373E-02  1.281E-02  1.192E-02  1.105E-02  1.021E-02  9.408E-03  8.641E-03  7.916E-03  7.047E-03  6.296E-03  5.652E-03  5.099E-03  4.628E-03  3.978E-03  3.562E-03  3.052E-03  2.674E-03  2.304E-03  1.952E-03  1.650E-03  1.388E-03  1.160E-03  9.629E-04  7.968E-04  6.583E-04  5.250E-04  4.269E-04  3.405E-04  2.739E-04  2.157E-04  1.709E-04  1.359E-04  1.057E-04  8.185E-05  6.307E-05  4.825E-05  3.574E-05  2.650E-05  1.954E-05  1.380E-05  9.815E-06  6.650E-06  4.412E-06  2.839E-06  1.621E-06  7.836E-07  2.614E-07  4.056E-08  3.361E-09  8.928E-11  6.339E-13  3.631E-16  8.982E-27  0.000E+00  0.000E+00  0.000E+00  0.000E+00
  389.5000  2.225E-02  2.098E-02  1.974E-02  1.851E-02  1.733E-02  1.617E-02  1.504E-02  1.394E-02  1.289E-02  1.187E-02  1.090E-02  9.986E-03  8.889E-03  7.942E-03  7.128E-03  6.430E-03  5.835E-03  5.015E-03  4.490E-03  3.847E-03  3.370E-03  2.904E-03  2.460E-03  2.079E-03  1.748E-03  1.460E-03  1.212E-03  1.003E-03  8.284E-04  6.606E-04  5.369E-04  4.282E-04  3.444E-04  2.711E-04  2.147E-04  1.708E-04  1.328E-04  1.028E-04  7.924E-05  6.061E-05  4.490E-05  3.330E-05  2.455E-05  1.734E-05  1.234E-05  8.362E-06  5.551E-06  3.575E-06  2.045E-06  9.918E-07  3.332E-07  5.235E-08  4.426E-09  1.213E-10  9.017E-13  5.515E-16  1.558E-26  0.000E+00  0.000E+00  0.000E+00  0.000E+00
  390.5000  2.187E-02  2.062E-02  1.940E-02  1.820E-02  1.703E-02  1.589E-02  1.478E-02  1.370E-02  1.266E-02  1.166E-02  1.071E-02  9.811E-03  8.734E-03  7.803E-03  7.003E-03  6.316E-03  5.732E-03  4.925E-03  4.409E-03  3.777E-03  3.309E-03  2.850E-03  2.414E-03  2.040E-03  1.714E-03  1.432E-03  1.189E-03  9.834E-04  8.121E-04  6.474E-04  5.261E-04  4.195E-04  3.373E-04  2.655E-04  2.102E-04  1.672E-04  1.300E-04  1.006E-04  7.754E-05  5.931E-05  4.394E-05  3.259E-05  2.403E-05  1.698E-05  1.208E-05  8.190E-06  5.440E-06  3.506E-06  2.009E-06  9.778E-07  3.306E-07  5.261E-08  4.536E-09  1.283E-10  9.976E-13  6.510E-16  2.096E-26  0.000E+00  0.000E+00  0.000E+00  0.000E+00
  391.5000  2.596E-02  2.448E-02  2.303E-02  2.160E-02  2.021E-02  1.886E-02  1.754E-02  1.626E-02  1.503E-02  1.384E-02  1.271E-02  1.164E-02  1.037E-02  9.260E-03  8.310E-03  7.494E-03  6.800E-03  5.843E-03  5.230E-03  4.479E-03  3.923E-03  3.379E-03  2.861E-03  2.418E-03  2.032E-03  1.697E-03  1.408E-03  1.165E-03  9.615E-04  7.663E-04  6.226E-04  4.963E-04  3.990E-04  3.140E-04  2.486E-04  1.977E-04  1.536E-04  1.190E-04  9.165E-05  7.011E-05  5.194E-05  3.853E-05  2.841E-05  2.008E-05  1.429E-05  9.690E-06  6.438E-06  4.153E-06  2.384E-06  1.164E-06  3.963E-07  6.385E-08  5.612E-09  1.637E-10  1.331E-12  9.259E-16  3.395E-26  0.000E+00  0.000E+00  0.000E+00  0.000E+00
  392.5000  1.948E-02  1.837E-02  1.728E-02  1.620E-02  1.516E-02  1.415E-02  1.316E-02  1.220E-02  1.128E-02  1.039E-02  9.537E-03  8.735E-03  7.776E-03  6.946E-03  6.233E-03  5.620E-03  5.099E-03  4.381E-03  3.921E-03  3.357E-03  2.940E-03  2.532E-03  2.144E-03  1.811E-03  1.522E-03  1.271E-03  1.054E-03  8.717E-04  7.196E-04  5.734E-04  4.658E-04  3.712E-04  2.983E-04  2.347E-04  1.858E-04  1.477E-04  1.148E-04  8.887E-05  6.847E-05  5.237E-05  3.881E-05  2.879E-05  2.123E-05  1.500E-05  1.068E-05  7.245E-06  4.816E-06  3.110E-06  1.788E-06  8.761E-07  3.001E-07  4.896E-08  4.386E-09  1.319E-10  1.120E-12  8.304E-16  3.462E-26  0.000E+00  0.000E+00  0.000E+00  0.000E+00
  393.5000  8.473E-03  7.989E-03  7.515E-03  7.048E-03  6.596E-03  6.154E-03  5.724E-03  5.307E-03  4.905E-03  4.517E-03  4.148E-03  3.799E-03  3.381E-03  3.020E-03  2.710E-03  2.444E-03  2.217E-03  1.904E-03  1.704E-03  1.459E-03  1.278E-03  1.100E-03  9.311E-04  7.865E-04  6.608E-04  5.517E-04  4.576E-04  3.783E-04  3.122E-04  2.487E-04  2.020E-04  1.609E-04  1.293E-04  1.017E-04  8.050E-05  6.398E-05  4.973E-05  3.849E-05  2.965E-05  2.268E-05  1.681E-05  1.247E-05  9.197E-06  6.501E-06  4.628E-06  3.141E-06  2.089E-06  1.350E-06  7.772E-07  3.821E-07  1.317E-07  2.175E-08  1.986E-09  6.154E-11  5.460E-13  4.307E-16  2.039E-26  0.000E+00  0.000E+00  0.000E+00  0.000E+00
  394.5000  1.995E-02  1.881E-02  1.769E-02  1.659E-02  1.553E-02  1.449E-02  1.348E-02  1.249E-02  1.155E-02  1.063E-02  9.763E-03  8.941E-03  7.959E-03  7.109E-03  6.378E-03  5.750E-03  5.215E-03  4.480E-03  4.008E-03  3.431E-03  3.004E-03  2.586E-03  2.189E-03  1.849E-03  1.553E-03  1.296E-03  1.075E-03  8.884E-04  7.330E-04  5.838E-04  4.740E-04  3.776E-04  3.033E-04  2.386E-04  1.888E-04  1.500E-04  1.166E-04  9.022E-05  6.950E-05  5.317E-05  3.940E-05  2.924E-05  2.156E-05  1.524E-05  1.086E-05  7.368E-06  4.902E-06  3.170E-06  1.829E-06  9.018E-07  3.128E-07  5.228E-08  4.862E-09  1.552E-10  1.438E-12  1.206E-15  6.475E-26  0.000E+00  0.000E+00  0.000E+00  0.000E+00
  395.5000  2.568E-02  2.421E-02  2.277E-02  2.136E-02  1.999E-02  1.865E-02  1.735E-02  1.608E-02  1.486E-02  1.368E-02  1.257E-02  1.151E-02  1.024E-02  9.149E-03  8.207E-03  7.398E-03  6.710E-03  5.763E-03  5.155E-03  4.413E-03  3.863E-03  3.325E-03  2.814E-03  2.376E-03  1.996E-03  1.665E-03  1.381E-03  1.141E-03  9.412E-04  7.494E-04  6.083E-04  4.845E-04  3.891E-04  3.059E-04  2.421E-04  1.923E-04  1.494E-04  1.156E-04  8.908E-05  6.814E-05  5.050E-05  3.748E-05  2.765E-05  1.955E-05  1.392E-05  9.451E-06  6.291E-06  4.071E-06  2.352E-06  1.164E-06  4.062E-07  6.870E-08  6.508E-09  2.140E-10  2.067E-12  1.843E-15  1.120E-25  0.000E+00  0.000E+00  0.000E+00  0.000E+00
  396.5000  1.508E-02  1.422E-02  1.338E-02  1.255E-02  1.174E-02  1.096E-02  1.019E-02  9.448E-03  8.730E-03  8.039E-03  7.381E-03  6.760E-03  6.017E-03  5.374E-03  4.820E-03  4.345E-03  3.940E-03  3.384E-03  3.027E-03  2.590E-03  2.267E-03  1.951E-03  1.651E-03  1.394E-03  1.171E-03  9.766E-04  8.095E-04  6.688E-04  5.516E-04  4.391E-04  3.563E-04  2.837E-04  2.278E-04  1.791E-04  1.417E-04  1.125E-04  8.742E-05  6.765E-05  5.211E-05  3.986E-05  2.954E-05  2.193E-05  1.618E-05  1.144E-05  8.148E-06  5.533E-06  3.685E-06  2.387E-06  1.381E-06  6.854E-07  2.407E-07  4.119E-08  3.974E-09  1.345E-10  1.355E-12  1.282E-15  8.813E-26  0.000E+00  0.000E+00  0.000E+00  0.000E+00
  397.5000  1.742E-02  1.642E-02  1.545E-02  1.449E-02  1.356E-02  1.265E-02  1.177E-02  1.091E-02  1.008E-02  9.281E-03  8.522E-03  7.803E-03  6.945E-03  6.203E-03  5.564E-03  5.015E-03  4.547E-03  3.904E-03  3.492E-03  2.988E-03  2.615E-03  2.250E-03  1.903E-03  1.607E-03  1.349E-03  1.125E-03  9.327E-04  7.704E-04  6.352E-04  5.056E-04  4.102E-04  3.265E-04  2.621E-04  2.060E-04  1.629E-04  1.294E-04  1.005E-04  7.777E-05  5.990E-05  4.583E-05  3.397E-05  2.521E-05  1.860E-05  1.316E-05  9.373E-06  6.367E-06  4.242E-06  2.749E-06  1.594E-06  7.934E-07  2.803E-07  4.854E-08  4.767E-09  1.660E-10  1.742E-12  1.750E-15  1.358E-25  0.000E+00  0.000E+00  0.000E+00  0.000E+00
  398.5000  2.994E-02  2.823E-02  2.656E-02  2.491E-02  2.331E-02  2.175E-02  2.023E-02  1.875E-02  1.733E-02  1.596E-02  1.465E-02  1.341E-02  1.194E-02  1.066E-02  9.563E-03  8.618E-03  7.814E-03  6.709E-03  5.999E-03  5.133E-03  4.492E-03  3.864E-03  3.268E-03  2.758E-03  2.316E-03  1.931E-03  1.600E-03  1.321E-03  1.089E-03  8.668E-04  7.031E-04  5.596E-04  4.491E-04  3.529E-04  2.791E-04  2.216E-04  1.721E-04  1.331E-04  1.025E-04  7.845E-05  5.815E-05  4.316E-05  3.185E-05  2.253E-05  1.605E-05  1.091E-05  7.271E-06  4.716E-06  2.738E-06  1.367E-06  4.860E-07  8.512E-08  8.509E-09  3.048E-10  3.332E-12  3.549E-15  3.105E-25  0.000E+00  0.000E+00  0.000E+00  0.000E+00
  399.5000  3.116E-02  2.938E-02  2.763E-02  2.592E-02  2.425E-02  2.263E-02  2.105E-02  1.951E-02  1.803E-02  1.660E-02  1.524E-02  1.396E-02  1.242E-02  1.109E-02  9.948E-03  8.965E-03  8.127E-03  6.977E-03  6.238E-03  5.337E-03  4.669E-03  4.016E-03  3.396E-03  2.866E-03  2.406E-03  2.006E-03  1.662E-03  1.372E-03  1.131E-03  8.996E-04  7.295E-04  5.804E-04  4.658E-04  3.659E-04  2.893E-04  2.297E-04  1.783E-04  1.380E-04  1.062E-04  8.128E-05  6.025E-05  4.473E-05  3.301E-05  2.336E-05  1.664E-05  1.131E-05  7.543E-06  4.896E-06  2.847E-06  1.426E-06  5.098E-07  9.031E-08  9.187E-09  3.384E-10  3.851E-12  4.346E-15  4.282E-25  0.000E+00  0.000E+00  0.000E+00  0.000E+00
------------------------------------------------------------
Dose rates,W m-2
   1 = UV index (WMO, 1994; Webb et al., 2011)           
   2 = Previtamin-D3 (CIE 2006)                          
values at z =      0.025 km
Columns: time,sza,weighting spectra
time,hrs.  sza,deg.          1          2
   18.0000     87.864  4.616E-02  7.783E-04
   18.0167     88.057  4.335E-02  7.321E-04
   18.0333     88.251  4.063E-02  6.879E-04
   18.0500     88.445  3.799E-02  6.453E-04
   18.0667     88.639  3.545E-02  6.046E-04
   18.0833     88.833  3.301E-02  5.657E-04
   18.1000     89.027  3.066E-02  5.284E-04
   18.1167     89.221  2.840E-02  4.928E-04
   18.1333     89.416  2.625E-02  4.589E-04
   18.1500     89.611  2.419E-02  4.265E-04
   18.1667     89.806  2.226E-02  3.960E-04
   18.1833     90.001  2.044E-02  3.674E-04
   18.2000     90.196  1.828E-02  3.330E-04
   18.2167     90.392  1.643E-02  3.034E-04
   18.2333     90.587  1.485E-02  2.778E-04
   18.2500     90.784  1.348E-02  2.558E-04
   18.2667     90.979  1.232E-02  2.369E-04
   18.2833     91.176  1.073E-02  2.101E-04
   18.3000     91.372  9.694E-03  1.929E-04
   18.3167     91.568  8.428E-03  1.709E-04
   18.3333     91.766  7.474E-03  1.541E-04
   18.3500     91.963  6.543E-03  1.376E-04
   18.3667     92.160  5.641E-03  1.210E-04
   18.3833     92.357  4.857E-03  1.062E-04
   18.4000     92.554  4.165E-03  9.283E-05
   18.4167     92.752  3.552E-03  8.064E-05
   18.4333     92.950  3.012E-03  6.959E-05
   18.4500     93.148  2.545E-03  5.975E-05
   18.4667     93.346  2.146E-03  5.110E-05
   18.4833     93.544  1.750E-03  4.214E-05
   18.5000     93.742  1.450E-03  3.525E-05
   18.5167     93.941  1.175E-03  2.870E-05
   18.5333     94.140  9.583E-04  2.350E-05
   18.5500     94.338  7.617E-04  1.863E-05
   18.5667     94.537  6.053E-04  1.471E-05
   18.5833     94.736  4.822E-04  1.165E-05
   18.6000     94.936  3.730E-04  8.891E-06
   18.6167     95.136  2.853E-04  6.673E-06
   18.6333     95.335  2.156E-04  4.912E-06
   18.6500     95.535  1.588E-04  3.434E-06
   18.6667     95.735  1.126E-04  2.267E-06
   18.6833     95.935  7.810E-05  1.379E-06
   18.7000     96.135  5.284E-05  7.569E-07
   18.7167     96.335  3.332E-05  3.335E-07
   18.7333     96.536  2.119E-05  1.346E-07
   18.7500     96.736  1.273E-05  4.505E-08
   18.7667     96.937  7.507E-06  1.452E-08
   18.7833     97.138  4.262E-06  4.417E-09
   18.8000     97.339  2.063E-06  1.020E-09
   18.8167     97.540  8.087E-07  1.849E-10
   18.8333     97.742  2.029E-07  2.028E-11
   18.8500     97.943  2.140E-08  7.606E-13
   18.8667     98.144  1.201E-09  9.782E-15
   18.8833     98.346  2.383E-11  1.283E-17
   18.9000     98.548  1.605E-13  1.224E-21
   18.9167     98.750  1.175E-16  1.342E-27
   18.9333     98.952  7.248E-27  2.452E-43
   18.9500     99.154  0.000E+00  0.000E+00
   18.9667     99.356  0.000E+00  0.000E+00
   18.9833     99.559  0.000E+00  0.000E+00
   19.0000     99.762  0.000E+00  0.000E+00
------------------------------------------------------------
