Spectral Irradiance,W m-2 nm-1
values at z =      0.025 km
Columns: wavelength (nm),times (hrs.) or sza (deg.)
    wc,nm     18.000     18.017     18.033     18.050     18.067     18.083     18.100     18.117     18.133     18.150     18.167     18.183     18.200     18.217     18.233     18.250     18.267     18.283     18.300     18.317     18.333     18.350     18.367     18.383     18.400     18.417     18.433     18.450     18.467     18.483     18.500     18.517     18.533     18.550     18.567     18.583     18.600     18.617     18.633     18.650     18.667     18.683     18.700     18.717     18.733     18.750     18.767     18.783     18.800     18.817     18.833     18.850     18.867     18.883     18.900     18.917     18.933     18.950     18.967     18.983     19.000
    sza =      89.890     90.078     90.266     90.455     90.644     90.833     91.022     91.211     91.401     91.591     91.781     91.971     92.162     92.353     92.544     92.735     92.926     93.118     93.309     93.501     93.693     93.886     94.078     94.271     94.464     94.657     94.850     95.043     95.237     95.431     95.624     95.819     96.013     96.208     96.402     96.597     96.792     96.987     97.183     97.378     97.574     97.769     97.965     98.162     98.358     98.555     98.751     98.948     99.145     99.342     99.539     99.737     99.934    100.132    100.330    100.528    100.726    100.925    101.123    101.322    101.521
  280.5000  2.484E-26  2.328E-26  2.155E-26  2.004E-26  1.871E-26  1.754E-26  1.627E-26  1.475E-26  1.373E-26  1.222E-26  1.103E-26  9.970E-27  8.772E-27  7.695E-27  6.712E-27  5.805E-27  4.973E-27  4.222E-27  3.559E-27  2.937E-27  2.338E-27  1.858E-27  1.376E-27  1.013E-27  6.584E-28  3.819E-28  1.891E-28  7.225E-29  1.502E-29  1.120E-30  1.012E-32  4.382E-36  9.569E-42  0.000E+00  0.000E+00  0.000E+00  0.000E+00  0.000E+00  0.000E+00  0.000E+00  0.000E+00  0.000E+00  0.000E+00  0.000E+00  0.000E+00  0.000E+00  0.000E+00  0.000E+00  0.000E+00  0.000E+00  0.000E+00  0.000E+00  0.000E+00  0.000E+00  0.000E+00  0.000E+00  0.000E+00  0.000E+00  0.000E+00  0.000E+00  0.000E+00
  281.5000  4.841E-24  4.538E-24  4.203E-24  3.909E-24  3.651E-24  3.424E-24  3.177E-24  2.880E-24  2.683E-24  2.389E-24  2.156E-24  1.950E-24  1.716E-24  1.506E-24  1.314E-24  1.137E-24  9.743E-25  8.277E-25  6.983E-25  5.773E-25  4.611E-25  3.684E-25  2.754E-25  2.054E-25  1.365E-25  8.199E-26  4.271E-26  1.762E-26  4.180E-27  3.900E-28  5.342E-30  4.565E-33  3.206E-38  0.000E+00  0.000E+00  0.000E+00  0.000E+00  0.000E+00  0.000E+00  0.000E+00  0.000E+00  0.000E+00  0.000E+00  0.000E+00  0.000E+00  0.000E+00  0.000E+00  0.000E+00  0.000E+00  0.000E+00  0.000E+00  0.000E+00  0.000E+00  0.000E+00  0.000E+00  0.000E+00  0.000E+00  0.000E+00  0.000E+00  0.000E+00  0.000E+00
  282.5000  3.074E-22  2.882E-22  2.670E-22  2.484E-22  2.321E-22  2.177E-22  2.020E-22  1.832E-22  1.707E-22  1.521E-22  1.373E-22  1.242E-22  1.093E-22  9.596E-23  8.375E-23  7.248E-23  6.216E-23  5.284E-23  4.462E-23  3.694E-23  2.958E-23  2.374E-23  1.789E-23  1.349E-23  9.138E-24  5.653E-24  3.078E-24  1.357E-24  3.618E-25  4.117E-26  8.150E-28  1.271E-30  2.483E-35  2.204E-42  0.000E+00  0.000E+00  0.000E+00  0.000E+00  0.000E+00  0.000E+00  0.000E+00  0.000E+00  0.000E+00  0.000E+00  0.000E+00  0.000E+00  0.000E+00  0.000E+00  0.000E+00  0.000E+00  0.000E+00  0.000E+00  0.000E+00  0.000E+00  0.000E+00  0.000E+00  0.000E+00  0.000E+00  0.000E+00  0.000E+00  0.000E+00
  283.5000  4.110E-21  3.854E-21  3.571E-21  3.323E-21  3.106E-21  2.914E-21  2.705E-21  2.454E-21  2.287E-21  2.037E-21  1.840E-21  1.664E-21  1.466E-21  1.287E-21  1.123E-21  9.725E-22  8.343E-22  7.095E-22  5.994E-22  4.967E-22  3.984E-22  3.207E-22  2.429E-22  1.843E-22  1.264E-22  7.973E-23  4.466E-23  2.057E-23  5.917E-24  7.674E-25  1.936E-26  4.485E-29  1.712E-33  4.172E-40  0.000E+00  0.000E+00  0.000E+00  0.000E+00  0.000E+00  0.000E+00  0.000E+00  0.000E+00  0.000E+00  0.000E+00  0.000E+00  0.000E+00  0.000E+00  0.000E+00  0.000E+00  0.000E+00  0.000E+00  0.000E+00  0.000E+00  0.000E+00  0.000E+00  0.000E+00  0.000E+00  0.000E+00  0.000E+00  0.000E+00  0.000E+00
  284.5000  2.849E-19  2.672E-19  2.477E-19  2.306E-19  2.156E-19  2.024E-19  1.880E-19  1.706E-19  1.591E-19  1.418E-19  1.281E-19  1.159E-19  1.022E-19  8.974E-20  7.838E-20  6.790E-20  5.828E-20  4.961E-20  4.195E-20  3.482E-20  2.801E-20  2.265E-20  1.731E-20  1.328E-20  9.298E-21  6.055E-21  3.556E-21  1.761E-21  5.750E-22  9.267E-23  3.506E-24  1.583E-26  1.893E-30  2.640E-36  0.000E+00  0.000E+00  0.000E+00  0.000E+00  0.000E+00  0.000E+00  0.000E+00  0.000E+00  0.000E+00  0.000E+00  0.000E+00  0.000E+00  0.000E+00  0.000E+00  0.000E+00  0.000E+00  0.000E+00  0.000E+00  0.000E+00  0.000E+00  0.000E+00  0.000E+00  0.000E+00  0.000E+00  0.000E+00  0.000E+00  0.000E+00
  285.5000  4.107E-18  3.854E-18  3.573E-18  3.328E-18  3.112E-18  2.923E-18  2.715E-18  2.466E-18  2.299E-18  2.051E-18  1.854E-18  1.678E-18  1.480E-18  1.300E-18  1.136E-18  9.846E-19  8.457E-19  7.203E-19  6.095E-19  5.067E-19  4.084E-19  3.314E-19  2.548E-19  1.972E-19  1.401E-19  9.345E-20  5.691E-20  2.979E-20  1.073E-20  2.053E-21  1.068E-22  8.143E-25  2.361E-28  1.252E-33  7.987E-43  0.000E+00  0.000E+00  0.000E+00  0.000E+00  0.000E+00  0.000E+00  0.000E+00  0.000E+00  0.000E+00  0.000E+00  0.000E+00  0.000E+00  0.000E+00  0.000E+00  0.000E+00  0.000E+00  0.000E+00  0.000E+00  0.000E+00  0.000E+00  0.000E+00  0.000E+00  0.000E+00  0.000E+00  0.000E+00  0.000E+00
  286.5000  1.441E-16  1.352E-16  1.254E-16  1.168E-16  1.093E-16  1.026E-16  9.539E-17  8.665E-17  8.084E-17  7.213E-17  6.523E-17  5.907E-17  5.210E-17  4.580E-17  4.004E-17  3.471E-17  2.983E-17  2.542E-17  2.152E-17  1.791E-17  1.446E-17  1.176E-17  9.085E-18  7.075E-18  5.084E-18  3.453E-18  2.161E-18  1.180E-18  4.588E-19  1.002E-19  6.674E-21  7.644E-23  4.401E-26  6.546E-31  2.554E-39  0.000E+00  0.000E+00  0.000E+00  0.000E+00  0.000E+00  0.000E+00  0.000E+00  0.000E+00  0.000E+00  0.000E+00  0.000E+00  0.000E+00  0.000E+00  0.000E+00  0.000E+00  0.000E+00  0.000E+00  0.000E+00  0.000E+00  0.000E+00  0.000E+00  0.000E+00  0.000E+00  0.000E+00  0.000E+00  0.000E+00
  287.5000  2.779E-15  2.608E-15  2.420E-15  2.255E-15  2.110E-15  1.983E-15  1.844E-15  1.675E-15  1.564E-15  1.396E-15  1.263E-15  1.144E-15  1.010E-15  8.882E-16  7.768E-16  6.738E-16  5.793E-16  4.940E-16  4.186E-16  3.488E-16  2.820E-16  2.301E-16  1.786E-16  1.400E-16  1.018E-16  7.042E-17  4.536E-17  2.591E-17  1.092E-17  2.744E-18  2.380E-19  4.224E-21  5.110E-24  2.331E-28  6.584E-36  0.000E+00  0.000E+00  0.000E+00  0.000E+00  0.000E+00  0.000E+00  0.000E+00  0.000E+00  0.000E+00  0.000E+00  0.000E+00  0.000E+00  0.000E+00  0.000E+00  0.000E+00  0.000E+00  0.000E+00  0.000E+00  0.000E+00  0.000E+00  0.000E+00  0.000E+00  0.000E+00  0.000E+00  0.000E+00  0.000E+00
  288.5000  5.251E-14  4.930E-14  4.574E-14  4.264E-14  3.992E-14  3.753E-14  3.491E-14  3.174E-14  2.964E-14  2.648E-14  2.397E-14  2.173E-14  1.919E-14  1.689E-14  1.478E-14  1.283E-14  1.104E-14  9.421E-15  7.989E-15  6.666E-15  5.399E-15  4.418E-15  3.446E-15  2.719E-15  2.002E-15  1.413E-15  9.387E-16  5.627E-16  2.585E-16  7.579E-17  8.776E-18  2.521E-19  6.894E-22  1.074E-25  2.640E-32  7.568E-42  0.000E+00  0.000E+00  0.000E+00  0.000E+00  0.000E+00  0.000E+00  0.000E+00  0.000E+00  0.000E+00  0.000E+00  0.000E+00  0.000E+00  0.000E+00  0.000E+00  0.000E+00  0.000E+00  0.000E+00  0.000E+00  0.000E+00  0.000E+00  0.000E+00  0.000E+00  0.000E+00  0.000E+00  0.000E+00
  289.5000  7.468E-13  7.013E-13  6.508E-13  6.068E-13  5.682E-13  5.343E-13  4.972E-13  4.522E-13  4.224E-13  3.776E-13  3.420E-13  3.102E-13  2.740E-13  2.414E-13  2.113E-13  1.835E-13  1.580E-13  1.349E-13  1.145E-13  9.565E-14  7.756E-14  6.359E-14  4.978E-14  3.947E-14  2.930E-14  2.098E-14  1.425E-14  8.843E-15  4.330E-15  1.423E-15  2.043E-16  8.402E-18  4.197E-20  1.605E-23  1.888E-29  5.300E-38  0.000E+00  0.000E+00  0.000E+00  0.000E+00  0.000E+00  0.000E+00  0.000E+00  0.000E+00  0.000E+00  0.000E+00  0.000E+00  0.000E+00  0.000E+00  0.000E+00  0.000E+00  0.000E+00  0.000E+00  0.000E+00  0.000E+00  0.000E+00  0.000E+00  0.000E+00  0.000E+00  0.000E+00  0.000E+00
  290.5000  6.669E-12  6.263E-12  5.813E-12  5.421E-12  5.078E-12  4.775E-12  4.445E-12  4.044E-12  3.779E-12  3.379E-12  3.063E-12  2.779E-12  2.456E-12  2.165E-12  1.896E-12  1.648E-12  1.419E-12  1.213E-12  1.030E-12  8.611E-13  6.989E-13  5.740E-13  4.506E-13  3.586E-13  2.681E-13  1.942E-13  1.342E-13  8.568E-14  4.419E-14  1.595E-14  2.733E-15  1.513E-16  1.248E-18  1.011E-21  4.416E-27  8.429E-35  1.401E-45  0.000E+00  0.000E+00  0.000E+00  0.000E+00  0.000E+00  0.000E+00  0.000E+00  0.000E+00  0.000E+00  0.000E+00  0.000E+00  0.000E+00  0.000E+00  0.000E+00  0.000E+00  0.000E+00  0.000E+00  0.000E+00  0.000E+00  0.000E+00  0.000E+00  0.000E+00  0.000E+00  0.000E+00
  291.5000  5.245E-11  4.926E-11  4.573E-11  4.265E-11  3.996E-11  3.759E-11  3.500E-11  3.186E-11  2.978E-11  2.664E-11  2.416E-11  2.194E-11  1.940E-11  1.711E-11  1.500E-11  1.304E-11  1.124E-11  9.613E-12  8.169E-12  6.839E-12  5.557E-12  4.572E-12  3.601E-12  2.877E-12  2.167E-12  1.588E-12  1.119E-12  7.359E-13  4.013E-13  1.602E-13  3.325E-14  2.549E-15  3.665E-17  6.846E-20  1.300E-24  2.150E-31  1.905E-41  0.000E+00  0.000E+00  0.000E+00  0.000E+00  0.000E+00  0.000E+00  0.000E+00  0.000E+00  0.000E+00  0.000E+00  0.000E+00  0.000E+00  0.000E+00  0.000E+00  0.000E+00  0.000E+00  0.000E+00  0.000E+00  0.000E+00  0.000E+00  0.000E+00  0.000E+00  0.000E+00  0.000E+00
  292.5000  2.667E-10  2.505E-10  2.325E-10  2.169E-10  2.032E-10  1.912E-10  1.781E-10  1.621E-10  1.516E-10  1.357E-10  1.231E-10  1.119E-10  9.899E-11  8.734E-11  7.662E-11  6.667E-11  5.750E-11  4.921E-11  4.184E-11  3.507E-11  2.852E-11  2.350E-11  1.856E-11  1.488E-11  1.127E-11  8.341E-12  5.965E-12  4.023E-12  2.298E-12  9.994E-13  2.442E-13  2.470E-14  5.675E-16  2.130E-18  1.361E-22  1.313E-28  1.679E-37  0.000E+00  0.000E+00  0.000E+00  0.000E+00  0.000E+00  0.000E+00  0.000E+00  0.000E+00  0.000E+00  0.000E+00  0.000E+00  0.000E+00  0.000E+00  0.000E+00  0.000E+00  0.000E+00  0.000E+00  0.000E+00  0.000E+00  0.000E+00  0.000E+00  0.000E+00  0.000E+00  0.000E+00
  293.5000  1.563E-09  1.468E-09  1.363E-09  1.271E-09  1.191E-09  1.121E-09  1.044E-09  9.510E-10  8.895E-10  7.966E-10  7.230E-10  6.571E-10  5.819E-10  5.138E-10  4.510E-10  3.927E-10  3.390E-10  2.903E-10  2.470E-10  2.073E-10  1.687E-10  1.392E-10  1.102E-10  8.859E-11  6.747E-11  5.037E-11  3.651E-11  2.517E-11  1.499E-11  7.047E-12  1.998E-12  2.610E-13  9.272E-15  6.689E-17  1.338E-20  6.802E-26  1.069E-33  1.752E-43  0.000E+00  0.000E+00  0.000E+00  0.000E+00  0.000E+00  0.000E+00  0.000E+00  0.000E+00  0.000E+00  0.000E+00  0.000E+00  0.000E+00  0.000E+00  0.000E+00  0.000E+00  0.000E+00  0.000E+00  0.000E+00  0.000E+00  0.000E+00  0.000E+00  0.000E+00  0.000E+00
  294.5000  5.202E-09  4.884E-09  4.533E-09  4.228E-09  3.962E-09  3.728E-09  3.474E-09  3.164E-09  2.960E-09  2.652E-09  2.408E-09  2.189E-09  1.939E-09  1.713E-09  1.505E-09  1.311E-09  1.132E-09  9.704E-10  8.263E-10  6.941E-10  5.654E-10  4.672E-10  3.704E-10  2.985E-10  2.283E-10  1.716E-10  1.257E-10  8.823E-11  5.437E-11  2.723E-11  8.736E-12  1.410E-12  7.162E-14  8.789E-16  4.401E-19  8.394E-24  9.552E-31  1.892E-39  0.000E+00  0.000E+00  0.000E+00  0.000E+00  0.000E+00  0.000E+00  0.000E+00  0.000E+00  0.000E+00  0.000E+00  0.000E+00  0.000E+00  0.000E+00  0.000E+00  0.000E+00  0.000E+00  0.000E+00  0.000E+00  0.000E+00  0.000E+00  0.000E+00  0.000E+00  0.000E+00
  295.5000  2.385E-08  2.239E-08  2.078E-08  1.937E-08  1.815E-08  1.708E-08  1.592E-08  1.450E-08  1.356E-08  1.216E-08  1.104E-08  1.004E-08  8.904E-09  7.870E-09  6.918E-09  6.031E-09  5.213E-09  4.471E-09  3.810E-09  3.204E-09  2.612E-09  2.161E-09  1.717E-09  1.387E-09  1.065E-09  8.057E-10  5.967E-10  4.260E-10  2.714E-10  1.448E-10  5.251E-11  1.049E-11  7.680E-13  1.630E-14  2.119E-17  1.609E-21  1.454E-27  3.932E-35  0.000E+00  0.000E+00  0.000E+00  0.000E+00  0.000E+00  0.000E+00  0.000E+00  0.000E+00  0.000E+00  0.000E+00  0.000E+00  0.000E+00  0.000E+00  0.000E+00  0.000E+00  0.000E+00  0.000E+00  0.000E+00  0.000E+00  0.000E+00  0.000E+00  0.000E+00  0.000E+00
  296.5000  6.920E-08  6.494E-08  6.025E-08  5.616E-08  5.261E-08  4.950E-08  4.612E-08  4.201E-08  3.930E-08  3.523E-08  3.201E-08  2.912E-08  2.583E-08  2.285E-08  2.010E-08  1.753E-08  1.517E-08  1.302E-08  1.110E-08  9.347E-09  7.625E-09  6.315E-09  5.027E-09  4.067E-09  3.134E-09  2.385E-09  1.781E-09  1.290E-09  8.452E-10  4.758E-10  1.918E-10  4.605E-11  4.620E-12  1.568E-13  4.604E-16  1.126E-19  5.773E-25  1.373E-31  6.319E-41  0.000E+00  0.000E+00  0.000E+00  0.000E+00  0.000E+00  0.000E+00  0.000E+00  0.000E+00  0.000E+00  0.000E+00  0.000E+00  0.000E+00  0.000E+00  0.000E+00  0.000E+00  0.000E+00  0.000E+00  0.000E+00  0.000E+00  0.000E+00  0.000E+00  0.000E+00
  297.5000  2.086E-07  1.956E-07  1.814E-07  1.690E-07  1.583E-07  1.489E-07  1.387E-07  1.263E-07  1.182E-07  1.060E-07  9.629E-08  8.763E-08  7.776E-08  6.881E-08  6.056E-08  5.287E-08  4.576E-08  3.930E-08  3.355E-08  2.828E-08  2.309E-08  1.914E-08  1.526E-08  1.237E-08  9.559E-09  7.306E-09  5.498E-09  4.028E-09  2.701E-09  1.591E-09  7.012E-10  1.972E-10  2.597E-11  1.325E-12  7.917E-15  5.380E-18  1.258E-22  2.008E-28  1.348E-36  0.000E+00  0.000E+00  0.000E+00  0.000E+00  0.000E+00  0.000E+00  0.000E+00  0.000E+00  0.000E+00  0.000E+00  0.000E+00  0.000E+00  0.000E+00  0.000E+00  0.000E+00  0.000E+00  0.000E+00  0.000E+00  0.000E+00  0.000E+00  0.000E+00  0.000E+00
  298.5000  3.673E-07  3.443E-07  3.192E-07  2.973E-07  2.782E-07  2.616E-07  2.436E-07  2.218E-07  2.075E-07  1.861E-07  1.691E-07  1.539E-07  1.365E-07  1.210E-07  1.065E-07  9.304E-08  8.059E-08  6.926E-08  5.916E-08  4.994E-08  4.079E-08  3.385E-08  2.702E-08  2.194E-08  1.700E-08  1.304E-08  9.873E-09  7.304E-09  4.995E-09  3.056E-09  1.454E-09  4.682E-10  7.791E-11  5.645E-12  6.206E-14  1.010E-16  8.574E-21  6.841E-26  4.382E-33  3.840E-43  0.000E+00  0.000E+00  0.000E+00  0.000E+00  0.000E+00  0.000E+00  0.000E+00  0.000E+00  0.000E+00  0.000E+00  0.000E+00  0.000E+00  0.000E+00  0.000E+00  0.000E+00  0.000E+00  0.000E+00  0.000E+00  0.000E+00  0.000E+00  0.000E+00
  299.5000  1.192E-06  1.117E-06  1.034E-06  9.628E-07  9.006E-07  8.463E-07  7.879E-07  7.172E-07  6.707E-07  6.012E-07  5.465E-07  4.973E-07  4.417E-07  3.912E-07  3.446E-07  3.012E-07  2.611E-07  2.245E-07  1.919E-07  1.622E-07  1.326E-07  1.101E-07  8.805E-08  7.157E-08  5.558E-08  4.279E-08  3.257E-08  2.429E-08  1.689E-08  1.068E-08  5.438E-09  1.976E-09  4.062E-10  4.051E-11  7.807E-13  2.855E-15  8.074E-19  2.932E-23  1.588E-29  2.821E-38  0.000E+00  0.000E+00  0.000E+00  0.000E+00  0.000E+00  0.000E+00  0.000E+00  0.000E+00  0.000E+00  0.000E+00  0.000E+00  0.000E+00  0.000E+00  0.000E+00  0.000E+00  0.000E+00  0.000E+00  0.000E+00  0.000E+00  0.000E+00  0.000E+00
  300.5000  1.504E-06  1.408E-06  1.303E-06  1.212E-06  1.133E-06  1.065E-06  9.906E-07  9.013E-07  8.426E-07  7.552E-07  6.864E-07  6.246E-07  5.551E-07  4.914E-07  4.331E-07  3.788E-07  3.285E-07  2.827E-07  2.418E-07  2.046E-07  1.673E-07  1.391E-07  1.114E-07  9.061E-08  7.051E-08  5.444E-08  4.161E-08  3.124E-08  2.201E-08  1.429E-08  7.681E-09  3.078E-09  7.506E-10  9.690E-11  2.935E-12  2.052E-14  1.494E-17  1.755E-21  4.864E-27  8.360E-35  1.289E-43  0.000E+00  0.000E+00  0.000E+00  0.000E+00  0.000E+00  0.000E+00  0.000E+00  0.000E+00  0.000E+00  0.000E+00  0.000E+00  0.000E+00  0.000E+00  0.000E+00  0.000E+00  0.000E+00  0.000E+00  0.000E+00  0.000E+00  0.000E+00
  301.5000  4.168E-06  3.898E-06  3.605E-06  3.350E-06  3.129E-06  2.936E-06  2.730E-06  2.483E-06  2.319E-06  2.078E-06  1.888E-06  1.718E-06  1.526E-06  1.352E-06  1.192E-06  1.043E-06  9.051E-07  7.795E-07  6.672E-07  5.654E-07  4.627E-07  3.850E-07  3.087E-07  2.515E-07  1.961E-07  1.519E-07  1.166E-07  8.806E-08  6.288E-08  4.192E-08  2.379E-08  1.054E-08  3.067E-09  5.188E-10  2.536E-11  3.534E-13  7.071E-16  2.921E-19  4.735E-24  9.718E-31  2.459E-38  2.803E-45  0.000E+00  0.000E+00  0.000E+00  0.000E+00  0.000E+00  0.000E+00  0.000E+00  0.000E+00  0.000E+00  0.000E+00  0.000E+00  0.000E+00  0.000E+00  0.000E+00  0.000E+00  0.000E+00  0.000E+00  0.000E+00  0.000E+00
  302.5000  6.518E-06  6.089E-06  5.627E-06  5.225E-06  4.876E-06  4.572E-06  4.249E-06  3.861E-06  3.605E-06  3.229E-06  2.933E-06  2.668E-06  2.369E-06  2.099E-06  1.851E-06  1.620E-06  1.407E-06  1.212E-06  1.038E-06  8.807E-07  7.212E-07  6.005E-07  4.821E-07  3.931E-07  3.070E-07  2.382E-07  1.834E-07  1.391E-07  1.002E-07  6.798E-08  4.003E-08  1.897E-08  6.226E-09  1.265E-09  8.551E-11  1.900E-12  7.419E-15  6.961E-18  3.557E-22  3.649E-28  5.654E-35  2.293E-41  5.605E-45  1.401E-45  0.000E+00  0.000E+00  0.000E+00  0.000E+00  0.000E+00  0.000E+00  0.000E+00  0.000E+00  0.000E+00  0.000E+00  0.000E+00  0.000E+00  0.000E+00  0.000E+00  0.000E+00  0.000E+00  0.000E+00
  303.5000  1.474E-05  1.376E-05  1.270E-05  1.178E-05  1.098E-05  1.028E-05  9.545E-06  8.665E-06  8.083E-06  7.235E-06  6.568E-06  5.970E-06  5.301E-06  4.698E-06  4.144E-06  3.628E-06  3.151E-06  2.717E-06  2.329E-06  1.978E-06  1.621E-06  1.351E-06  1.086E-06  8.865E-07  6.938E-07  5.396E-07  4.167E-07  3.176E-07  2.310E-07  1.597E-07  9.799E-08  5.010E-08  1.884E-08  4.718E-09  4.634E-10  1.765E-11  1.511E-13  3.759E-16  7.540E-20  5.244E-25  7.033E-31  1.917E-36  7.064E-40  3.349E-41  2.102E-43  1.401E-45  0.000E+00  0.000E+00  0.000E+00  0.000E+00  0.000E+00  0.000E+00  0.000E+00  0.000E+00  0.000E+00  0.000E+00  0.000E+00  0.000E+00  0.000E+00  0.000E+00  0.000E+00
  304.5000  1.913E-05  1.783E-05  1.644E-05  1.524E-05  1.419E-05  1.328E-05  1.232E-05  1.117E-05  1.041E-05  9.317E-06  8.454E-06  7.681E-06  6.818E-06  6.041E-06  5.329E-06  4.666E-06  4.054E-06  3.497E-06  2.999E-06  2.549E-06  2.090E-06  1.743E-06  1.403E-06  1.146E-06  8.980E-07  6.995E-07  5.414E-07  4.137E-07  3.026E-07  2.117E-07  1.331E-07  7.121E-08  2.904E-08  8.242E-09  1.010E-09  5.282E-11  7.170E-13  3.157E-15  1.400E-18  2.905E-23  1.313E-28  1.031E-33  5.852E-37  2.259E-38  1.082E-40  2.186E-43  0.000E+00  0.000E+00  0.000E+00  0.000E+00  0.000E+00  0.000E+00  0.000E+00  0.000E+00  0.000E+00  0.000E+00  0.000E+00  0.000E+00  0.000E+00  0.000E+00  0.000E+00
  305.5000  3.311E-05  3.082E-05  2.837E-05  2.624E-05  2.439E-05  2.279E-05  2.111E-05  1.912E-05  1.780E-05  1.591E-05  1.442E-05  1.309E-05  1.161E-05  1.029E-05  9.071E-06  7.943E-06  6.904E-06  5.958E-06  5.112E-06  4.352E-06  3.572E-06  2.982E-06  2.404E-06  1.965E-06  1.543E-06  1.205E-06  9.351E-07  7.171E-07  5.285E-07  3.752E-07  2.436E-07  1.385E-07  6.308E-08  2.127E-08  3.553E-09  2.917E-10  7.754E-12  8.002E-14  1.169E-16  1.267E-20  3.658E-25  1.463E-29  1.586E-32  4.356E-34  1.311E-36  1.143E-39  1.401E-45  0.000E+00  0.000E+00  0.000E+00  0.000E+00  0.000E+00  0.000E+00  0.000E+00  0.000E+00  0.000E+00  0.000E+00  0.000E+00  0.000E+00  0.000E+00  0.000E+00
  306.5000  3.908E-05  3.633E-05  3.341E-05  3.088E-05  2.868E-05  2.677E-05  2.477E-05  2.242E-05  2.086E-05  1.863E-05  1.688E-05  1.531E-05  1.358E-05  1.203E-05  1.060E-05  9.285E-06  8.071E-06  6.966E-06  5.979E-06  5.093E-06  4.183E-06  3.493E-06  2.819E-06  2.306E-06  1.812E-06  1.417E-06  1.101E-06  8.458E-07  6.256E-07  4.473E-07  2.948E-07  1.724E-07  8.260E-08  3.013E-08  5.785E-09  5.795E-10  2.057E-11  3.041E-13  7.352E-16  1.605E-19  1.013E-23  8.066E-28  1.170E-30  2.891E-32  7.628E-35  5.120E-38  2.662E-44  0.000E+00  0.000E+00  0.000E+00  0.000E+00  0.000E+00  0.000E+00  0.000E+00  0.000E+00  0.000E+00  0.000E+00  0.000E+00  0.000E+00  0.000E+00  0.000E+00
  307.5000  7.266E-05  6.740E-05  6.184E-05  5.701E-05  5.282E-05  4.919E-05  4.544E-05  4.105E-05  3.811E-05  3.399E-05  3.075E-05  2.786E-05  2.468E-05  2.186E-05  1.924E-05  1.685E-05  1.464E-05  1.264E-05  1.086E-05  9.258E-06  7.611E-06  6.363E-06  5.143E-06  4.212E-06  3.317E-06  2.598E-06  2.025E-06  1.560E-06  1.160E-06  8.386E-07  5.664E-07  3.466E-07  1.808E-07  7.548E-08  1.856E-08  2.674E-09  1.639E-10  4.866E-12  3.146E-14  2.706E-17  7.986E-21  2.477E-24  6.177E-27  1.168E-28  2.146E-31  7.179E-35  2.497E-41  0.000E+00  0.000E+00  0.000E+00  0.000E+00  0.000E+00  0.000E+00  0.000E+00  0.000E+00  0.000E+00  0.000E+00  0.000E+00  0.000E+00  0.000E+00  0.000E+00
  308.5000  9.042E-05  8.377E-05  7.678E-05  7.070E-05  6.544E-05  6.088E-05  5.618E-05  5.071E-05  4.704E-05  4.191E-05  3.789E-05  3.430E-05  3.037E-05  2.687E-05  2.366E-05  2.071E-05  1.800E-05  1.554E-05  1.335E-05  1.139E-05  9.368E-06  7.836E-06  6.338E-06  5.195E-06  4.095E-06  3.211E-06  2.505E-06  1.932E-06  1.441E-06  1.047E-06  7.145E-07  4.460E-07  2.413E-07  1.067E-07  2.907E-08  4.854E-09  3.681E-10  1.422E-11  1.330E-13  1.910E-16  9.957E-20  5.083E-23  1.575E-25  2.800E-27  4.803E-30  1.382E-33  4.908E-40  0.000E+00  0.000E+00  0.000E+00  0.000E+00  0.000E+00  0.000E+00  0.000E+00  0.000E+00  0.000E+00  0.000E+00  0.000E+00  0.000E+00  0.000E+00  0.000E+00
  309.5000  9.697E-05  8.963E-05  8.196E-05  7.529E-05  6.952E-05  6.453E-05  5.942E-05  5.352E-05  4.955E-05  4.407E-05  3.978E-05  3.596E-05  3.180E-05  2.806E-05  2.473E-05  2.163E-05  1.880E-05  1.623E-05  1.394E-05  1.190E-05  9.797E-06  8.201E-06  6.644E-06  5.450E-06  4.303E-06  3.380E-06  2.643E-06  2.042E-06  1.528E-06  1.118E-06  7.751E-07  4.977E-07  2.842E-07  1.371E-07  4.388E-08  9.288E-09  1.007E-09  6.148E-11  1.100E-12  3.897E-15  5.593E-18  6.959E-21  3.098E-23  4.719E-25  6.618E-28  1.265E-31  3.802E-38  0.000E+00  0.000E+00  0.000E+00  0.000E+00  0.000E+00  0.000E+00  0.000E+00  0.000E+00  0.000E+00  0.000E+00  0.000E+00  0.000E+00  0.000E+00  0.000E+00
  310.5000  1.547E-04  1.426E-04  1.302E-04  1.193E-04  1.100E-04  1.018E-04  9.361E-05  8.415E-05  7.775E-05  6.905E-05  6.224E-05  5.616E-05  4.962E-05  4.380E-05  3.851E-05  3.366E-05  2.924E-05  2.524E-05  2.168E-05  1.852E-05  1.525E-05  1.277E-05  1.036E-05  8.507E-06  6.727E-06  5.292E-06  4.144E-06  3.206E-06  2.408E-06  1.770E-06  1.241E-06  8.139E-07  4.835E-07  2.485E-07  8.952E-08  2.253E-08  3.158E-09  2.665E-10  7.539E-12  5.053E-14  1.473E-16  3.406E-19  1.964E-21  2.728E-23  3.418E-26  5.143E-30  1.474E-36  0.000E+00  0.000E+00  0.000E+00  0.000E+00  0.000E+00  0.000E+00  0.000E+00  0.000E+00  0.000E+00  0.000E+00  0.000E+00  0.000E+00  0.000E+00  0.000E+00
  311.5000  2.222E-04  2.046E-04  1.864E-04  1.706E-04  1.569E-04  1.451E-04  1.332E-04  1.196E-04  1.103E-04  9.784E-05  8.808E-05  7.939E-05  7.006E-05  6.178E-05  5.430E-05  4.743E-05  4.118E-05  3.553E-05  3.052E-05  2.607E-05  2.149E-05  1.800E-05  1.462E-05  1.201E-05  9.505E-06  7.486E-06  5.869E-06  4.546E-06  3.420E-06  2.524E-06  1.782E-06  1.184E-06  7.213E-07  3.863E-07  1.501E-07  4.226E-08  6.993E-09  7.278E-10  2.780E-11  2.840E-13  1.328E-15  4.668E-18  3.241E-20  4.329E-22  5.209E-25  7.002E-29  2.082E-35  0.000E+00  0.000E+00  0.000E+00  0.000E+00  0.000E+00  0.000E+00  0.000E+00  0.000E+00  0.000E+00  0.000E+00  0.000E+00  0.000E+00  0.000E+00  0.000E+00
  312.5000  2.728E-04  2.503E-04  2.273E-04  2.073E-04  1.900E-04  1.750E-04  1.601E-04  1.432E-04  1.317E-04  1.164E-04  1.045E-04  9.392E-05  8.268E-05  7.275E-05  6.380E-05  5.565E-05  4.825E-05  4.160E-05  3.571E-05  3.051E-05  2.516E-05  2.110E-05  1.716E-05  1.411E-05  1.119E-05  8.834E-06  6.942E-06  5.386E-06  4.067E-06  3.018E-06  2.157E-06  1.464E-06  9.290E-07  5.327E-07  2.359E-07  8.080E-08  1.796E-08  2.725E-09  1.783E-10  3.858E-12  4.153E-14  3.018E-16  2.815E-18  3.334E-20  3.443E-23  3.364E-27  8.955E-34  0.000E+00  0.000E+00  0.000E+00  0.000E+00  0.000E+00  0.000E+00  0.000E+00  0.000E+00  0.000E+00  0.000E+00  0.000E+00  0.000E+00  0.000E+00  0.000E+00
  313.5000  3.288E-04  3.015E-04  2.735E-04  2.491E-04  2.282E-04  2.100E-04  1.919E-04  1.715E-04  1.576E-04  1.392E-04  1.249E-04  1.121E-04  9.864E-05  8.674E-05  7.603E-05  6.628E-05  5.745E-05  4.951E-05  4.249E-05  3.631E-05  2.995E-05  2.511E-05  2.043E-05  1.681E-05  1.334E-05  1.054E-05  8.291E-06  6.437E-06  4.866E-06  3.617E-06  2.596E-06  1.773E-06  1.139E-06  6.662E-07  3.059E-07  1.103E-07  2.634E-08  4.354E-09  3.220E-10  8.266E-12  1.074E-13  9.224E-16  9.418E-18  1.135E-19  1.220E-22  1.248E-26  3.840E-33  0.000E+00  0.000E+00  0.000E+00  0.000E+00  0.000E+00  0.000E+00  0.000E+00  0.000E+00  0.000E+00  0.000E+00  0.000E+00  0.000E+00  0.000E+00  0.000E+00
  314.5000  4.204E-04  3.838E-04  3.467E-04  3.145E-04  2.868E-04  2.629E-04  2.392E-04  2.129E-04  1.948E-04  1.714E-04  1.532E-04  1.370E-04  1.201E-04  1.053E-04  9.207E-05  8.007E-05  6.925E-05  5.959E-05  5.107E-05  4.361E-05  3.598E-05  3.018E-05  2.459E-05  2.025E-05  1.611E-05  1.276E-05  1.006E-05  7.823E-06  5.934E-06  4.432E-06  3.213E-06  2.229E-06  1.478E-06  9.116E-07  4.645E-07  1.964E-07  5.978E-08  1.353E-08  1.576E-09  7.676E-11  2.037E-12  3.269E-14  4.317E-16  4.739E-18  4.526E-21  3.562E-25  1.015E-31  0.000E+00  0.000E+00  0.000E+00  0.000E+00  0.000E+00  0.000E+00  0.000E+00  0.000E+00  0.000E+00  0.000E+00  0.000E+00  0.000E+00  0.000E+00  0.000E+00
  315.5000  4.558E-04  4.159E-04  3.755E-04  3.404E-04  3.102E-04  2.842E-04  2.585E-04  2.299E-04  2.102E-04  1.849E-04  1.651E-04  1.476E-04  1.293E-04  1.133E-04  9.898E-05  8.604E-05  7.438E-05  6.398E-05  5.483E-05  4.681E-05  3.863E-05  3.240E-05  2.641E-05  2.175E-05  1.732E-05  1.372E-05  1.083E-05  8.426E-06  6.397E-06  4.785E-06  3.478E-06  2.424E-06  1.620E-06  1.012E-06  5.280E-07  2.308E-07  7.333E-08  1.743E-08  2.179E-09  1.170E-10  3.451E-12  6.088E-14  8.559E-16  9.709E-18  9.856E-21  8.468E-25  2.864E-31  0.000E+00  0.000E+00  0.000E+00  0.000E+00  0.000E+00  0.000E+00  0.000E+00  0.000E+00  0.000E+00  0.000E+00  0.000E+00  0.000E+00  0.000E+00  0.000E+00
  316.5000  5.796E-04  5.268E-04  4.737E-04  4.277E-04  3.881E-04  3.540E-04  3.207E-04  2.840E-04  2.585E-04  2.264E-04  2.014E-04  1.793E-04  1.565E-04  1.366E-04  1.189E-04  1.031E-04  8.886E-05  7.626E-05  6.523E-05  5.562E-05  4.588E-05  3.846E-05  3.138E-05  2.587E-05  2.064E-05  1.639E-05  1.297E-05  1.011E-05  7.698E-06  5.781E-06  4.236E-06  2.986E-06  2.041E-06  1.325E-06  7.455E-07  3.665E-07  1.398E-07  4.223E-08  7.479E-09  6.555E-10  3.322E-11  9.395E-13  1.612E-14  1.723E-16  1.629E-19  1.181E-23  3.922E-30  0.000E+00  0.000E+00  0.000E+00  0.000E+00  0.000E+00  0.000E+00  0.000E+00  0.000E+00  0.000E+00  0.000E+00  0.000E+00  0.000E+00  0.000E+00  0.000E+00
  317.5000  8.207E-04  7.460E-04  6.708E-04  6.058E-04  5.498E-04  5.017E-04  4.545E-04  4.025E-04  3.666E-04  3.210E-04  2.856E-04  2.543E-04  2.219E-04  1.938E-04  1.687E-04  1.462E-04  1.261E-04  1.082E-04  9.253E-05  7.890E-05  6.508E-05  5.457E-05  4.453E-05  3.671E-05  2.929E-05  2.327E-05  1.841E-05  1.436E-05  1.094E-05  8.219E-06  6.027E-06  4.253E-06  2.914E-06  1.898E-06  1.074E-06  5.309E-07  2.033E-07  6.149E-08  1.090E-08  9.564E-10  4.845E-11  1.378E-12  2.436E-14  2.750E-16  2.849E-19  2.380E-23  9.684E-30  0.000E+00  0.000E+00  0.000E+00  0.000E+00  0.000E+00  0.000E+00  0.000E+00  0.000E+00  0.000E+00  0.000E+00  0.000E+00  0.000E+00  0.000E+00  0.000E+00
  318.5000  8.528E-04  7.721E-04  6.918E-04  6.218E-04  5.619E-04  5.104E-04  4.603E-04  4.057E-04  3.678E-04  3.205E-04  2.838E-04  2.515E-04  2.185E-04  1.899E-04  1.646E-04  1.421E-04  1.221E-04  1.044E-04  8.905E-05  7.577E-05  6.242E-05  5.229E-05  4.268E-05  3.520E-05  2.814E-05  2.240E-05  1.778E-05  1.389E-05  1.062E-05  8.014E-06  5.922E-06  4.221E-06  2.947E-06  1.981E-06  1.195E-06  6.535E-07  2.936E-07  1.098E-07  2.663E-08  3.638E-09  3.010E-10  1.314E-11  2.791E-13  2.994E-15  2.923E-18  2.105E-22  8.501E-29  2.803E-45  0.000E+00  0.000E+00  0.000E+00  0.000E+00  0.000E+00  0.000E+00  0.000E+00  0.000E+00  0.000E+00  0.000E+00  0.000E+00  0.000E+00  0.000E+00
  319.5000  1.107E-03  1.002E-03  8.967E-04  8.058E-04  7.277E-04  6.606E-04  5.955E-04  5.244E-04  4.751E-04  4.137E-04  3.660E-04  3.240E-04  2.813E-04  2.442E-04  2.115E-04  1.824E-04  1.566E-04  1.338E-04  1.141E-04  9.701E-05  7.989E-05  6.690E-05  5.462E-05  4.504E-05  3.603E-05  2.870E-05  2.280E-05  1.782E-05  1.364E-05  1.031E-05  7.631E-06  5.454E-06  3.826E-06  2.593E-06  1.588E-06  8.881E-07  4.119E-07  1.602E-07  4.118E-08  6.100E-09  5.513E-10  2.611E-11  5.864E-13  6.508E-15  6.751E-18  5.294E-22  2.506E-28  8.408E-45  0.000E+00  0.000E+00  0.000E+00  0.000E+00  0.000E+00  0.000E+00  0.000E+00  0.000E+00  0.000E+00  0.000E+00  0.000E+00  0.000E+00  0.000E+00
  320.5000  1.450E-03  1.311E-03  1.172E-03  1.053E-03  9.496E-04  8.611E-04  7.754E-04  6.820E-04  6.171E-04  5.366E-04  4.741E-04  4.192E-04  3.634E-04  3.151E-04  2.726E-04  2.348E-04  2.013E-04  1.719E-04  1.464E-04  1.244E-04  1.024E-04  8.568E-05  6.994E-05  5.767E-05  4.615E-05  3.678E-05  2.926E-05  2.288E-05  1.753E-05  1.326E-05  9.838E-06  7.049E-06  4.967E-06  3.391E-06  2.106E-06  1.204E-06  5.795E-07  2.370E-07  6.562E-08  1.079E-08  1.095E-09  5.776E-11  1.386E-12  1.583E-14  1.731E-17  1.446E-21  7.854E-28  5.745E-44  0.000E+00  0.000E+00  0.000E+00  0.000E+00  0.000E+00  0.000E+00  0.000E+00  0.000E+00  0.000E+00  0.000E+00  0.000E+00  0.000E+00  0.000E+00
  321.5000  1.760E-03  1.589E-03  1.417E-03  1.269E-03  1.142E-03  1.033E-03  9.267E-04  8.116E-04  7.315E-04  6.330E-04  5.566E-04  4.897E-04  4.222E-04  3.640E-04  3.132E-04  2.683E-04  2.287E-04  1.943E-04  1.647E-04  1.394E-04  1.143E-04  9.541E-05  7.778E-05  6.409E-05  5.133E-05  4.100E-05  3.273E-05  2.565E-05  1.974E-05  1.501E-05  1.123E-05  8.119E-06  5.811E-06  4.070E-06  2.660E-06  1.650E-06  9.041E-07  4.412E-07  1.597E-07  3.852E-08  5.978E-09  4.572E-10  1.289E-11  1.411E-13  1.471E-16  1.088E-20  5.967E-27  5.213E-43  0.000E+00  0.000E+00  0.000E+00  0.000E+00  0.000E+00  0.000E+00  0.000E+00  0.000E+00  0.000E+00  0.000E+00  0.000E+00  0.000E+00  0.000E+00
  322.5000  1.330E-03  1.202E-03  1.075E-03  9.638E-04  8.689E-04  7.873E-04  7.084E-04  6.224E-04  5.628E-04  4.888E-04  4.315E-04  3.811E-04  3.300E-04  2.858E-04  2.470E-04  2.125E-04  1.820E-04  1.552E-04  1.321E-04  1.121E-04  9.224E-05  7.718E-05  6.300E-05  5.196E-05  4.159E-05  3.318E-05  2.642E-05  2.067E-05  1.586E-05  1.201E-05  8.935E-06  6.421E-06  4.548E-06  3.132E-06  1.976E-06  1.157E-06  5.761E-07  2.462E-07  7.284E-08  1.317E-08  1.489E-09  8.749E-11  2.301E-12  2.854E-14  3.582E-17  3.640E-21  2.731E-27  3.489E-43  0.000E+00  0.000E+00  0.000E+00  0.000E+00  0.000E+00  0.000E+00  0.000E+00  0.000E+00  0.000E+00  0.000E+00  0.000E+00  0.000E+00  0.000E+00
  323.5000  2.189E-03  1.976E-03  1.762E-03  1.578E-03  1.419E-03  1.282E-03  1.150E-03  1.005E-03  9.053E-04  7.817E-04  6.861E-04  6.023E-04  5.178E-04  4.453E-04  3.820E-04  3.262E-04  2.773E-04  2.349E-04  1.985E-04  1.676E-04  1.371E-04  1.142E-04  9.298E-05  7.654E-05  6.130E-05  4.900E-05  3.919E-05  3.074E-05  2.372E-05  1.809E-05  1.359E-05  9.869E-06  7.113E-06  5.036E-06  3.363E-06  2.156E-06  1.248E-06  6.580E-07  2.685E-07  7.706E-08  1.458E-08  1.348E-09  4.288E-11  4.988E-13  5.784E-16  4.884E-20  3.515E-26  5.473E-42  0.000E+00  0.000E+00  0.000E+00  0.000E+00  0.000E+00  0.000E+00  0.000E+00  0.000E+00  0.000E+00  0.000E+00  0.000E+00  0.000E+00  0.000E+00
  324.5000  2.519E-03  2.274E-03  2.028E-03  1.816E-03  1.633E-03  1.476E-03  1.324E-03  1.158E-03  1.043E-03  9.011E-04  7.912E-04  6.949E-04  5.977E-04  5.142E-04  4.414E-04  3.771E-04  3.207E-04  2.717E-04  2.297E-04  1.940E-04  1.588E-04  1.323E-04  1.078E-04  8.872E-05  7.107E-05  5.681E-05  4.545E-05  3.565E-05  2.750E-05  2.097E-05  1.575E-05  1.144E-05  8.250E-06  5.844E-06  3.901E-06  2.499E-06  1.442E-06  7.550E-07  3.048E-07  8.611E-08  1.602E-08  1.468E-09  4.773E-11  5.861E-13  7.416E-16  7.174E-20  6.219E-26  1.329E-41  0.000E+00  0.000E+00  0.000E+00  0.000E+00  0.000E+00  0.000E+00  0.000E+00  0.000E+00  0.000E+00  0.000E+00  0.000E+00  0.000E+00  0.000E+00
  325.5000  2.629E-03  2.372E-03  2.116E-03  1.894E-03  1.703E-03  1.539E-03  1.381E-03  1.208E-03  1.088E-03  9.405E-04  8.261E-04  7.259E-04  6.249E-04  5.380E-04  4.621E-04  3.952E-04  3.364E-04  2.853E-04  2.414E-04  2.040E-04  1.671E-04  1.393E-04  1.135E-04  9.350E-05  7.490E-05  5.986E-05  4.786E-05  3.753E-05  2.894E-05  2.205E-05  1.654E-05  1.200E-05  8.637E-06  6.100E-06  4.048E-06  2.569E-06  1.459E-06  7.466E-07  2.910E-07  7.812E-08  1.376E-08  1.213E-09  3.990E-11  5.222E-13  7.300E-16  8.245E-20  8.660E-26  2.503E-41  0.000E+00  0.000E+00  0.000E+00  0.000E+00  0.000E+00  0.000E+00  0.000E+00  0.000E+00  0.000E+00  0.000E+00  0.000E+00  0.000E+00  0.000E+00
  326.5000  4.658E-03  4.214E-03  3.764E-03  3.375E-03  3.041E-03  2.753E-03  2.472E-03  2.160E-03  1.946E-03  1.678E-03  1.471E-03  1.290E-03  1.106E-03  9.479E-04  8.103E-04  6.894E-04  5.836E-04  4.922E-04  4.142E-04  3.482E-04  2.836E-04  2.354E-04  1.911E-04  1.570E-04  1.256E-04  1.004E-04  8.055E-05  6.324E-05  4.897E-05  3.752E-05  2.836E-05  2.074E-05  1.509E-05  1.084E-05  7.435E-06  4.970E-06  3.083E-06  1.792E-06  8.534E-07  3.074E-07  7.556E-08  8.981E-09  3.376E-10  4.296E-12  5.832E-15  6.036E-19  6.495E-25  2.356E-40  0.000E+00  0.000E+00  0.000E+00  0.000E+00  0.000E+00  0.000E+00  0.000E+00  0.000E+00  0.000E+00  0.000E+00  0.000E+00  0.000E+00  0.000E+00
  327.5000  3.806E-03  3.439E-03  3.069E-03  2.749E-03  2.475E-03  2.238E-03  2.008E-03  1.755E-03  1.580E-03  1.363E-03  1.196E-03  1.049E-03  9.001E-04  7.726E-04  6.615E-04  5.637E-04  4.781E-04  4.039E-04  3.406E-04  2.869E-04  2.341E-04  1.947E-04  1.582E-04  1.301E-04  1.042E-04  8.332E-05  6.678E-05  5.242E-05  4.054E-05  3.101E-05  2.339E-05  1.707E-05  1.239E-05  8.859E-06  6.025E-06  3.972E-06  2.404E-06  1.347E-06  6.042E-07  1.992E-07  4.431E-08  4.855E-09  1.814E-10  2.481E-12  3.766E-15  4.676E-19  6.221E-25  3.093E-40  0.000E+00  0.000E+00  0.000E+00  0.000E+00  0.000E+00  0.000E+00  0.000E+00  0.000E+00  0.000E+00  0.000E+00  0.000E+00  0.000E+00  0.000E+00
  328.5000  3.516E-03  3.176E-03  2.833E-03  2.537E-03  2.283E-03  2.064E-03  1.851E-03  1.617E-03  1.456E-03  1.255E-03  1.101E-03  9.649E-04  8.279E-04  7.104E-04  6.080E-04  5.179E-04  4.391E-04  3.709E-04  3.126E-04  2.632E-04  2.147E-04  1.785E-04  1.451E-04  1.193E-04  9.550E-05  7.637E-05  6.121E-05  4.804E-05  3.716E-05  2.843E-05  2.145E-05  1.565E-05  1.136E-05  8.126E-06  5.528E-06  3.648E-06  2.212E-06  1.242E-06  5.611E-07  1.873E-07  4.245E-08  4.781E-09  1.850E-10  2.651E-12  4.330E-15  5.953E-19  9.210E-25  5.997E-40  0.000E+00  0.000E+00  0.000E+00  0.000E+00  0.000E+00  0.000E+00  0.000E+00  0.000E+00  0.000E+00  0.000E+00  0.000E+00  0.000E+00  0.000E+00
  329.5000  6.243E-03  5.662E-03  5.066E-03  4.553E-03  4.112E-03  3.732E-03  3.357E-03  2.936E-03  2.651E-03  2.286E-03  2.005E-03  1.758E-03  1.506E-03  1.290E-03  1.101E-03  9.349E-04  7.897E-04  6.643E-04  5.576E-04  4.677E-04  3.795E-04  3.143E-04  2.544E-04  2.087E-04  1.667E-04  1.332E-04  1.070E-04  8.405E-05  6.522E-05  5.012E-05  3.805E-05  2.794E-05  2.044E-05  1.480E-05  1.028E-05  7.019E-06  4.510E-06  2.760E-06  1.431E-06  5.866E-07  1.684E-07  2.353E-08  1.008E-09  1.429E-11  2.325E-14  3.084E-18  5.049E-24  4.165E-39  0.000E+00  0.000E+00  0.000E+00  0.000E+00  0.000E+00  0.000E+00  0.000E+00  0.000E+00  0.000E+00  0.000E+00  0.000E+00  0.000E+00  0.000E+00
  330.5000  4.956E-03  4.485E-03  4.007E-03  3.594E-03  3.239E-03  2.934E-03  2.635E-03  2.303E-03  2.076E-03  1.789E-03  1.568E-03  1.374E-03  1.178E-03  1.009E-03  8.623E-04  7.331E-04  6.201E-04  5.224E-04  4.392E-04  3.690E-04  3.001E-04  2.489E-04  2.019E-04  1.658E-04  1.325E-04  1.060E-04  8.508E-05  6.681E-05  5.178E-05  3.972E-05  3.008E-05  2.204E-05  1.608E-05  1.159E-05  8.000E-06  5.396E-06  3.396E-06  2.013E-06  9.907E-07  3.757E-07  9.876E-08  1.285E-08  5.492E-10  8.342E-12  1.508E-14  2.370E-18  4.729E-24  5.242E-39  0.000E+00  0.000E+00  0.000E+00  0.000E+00  0.000E+00  0.000E+00  0.000E+00  0.000E+00  0.000E+00  0.000E+00  0.000E+00  0.000E+00  0.000E+00
  331.5000  4.759E-03  4.305E-03  3.844E-03  3.447E-03  3.105E-03  2.811E-03  2.523E-03  2.204E-03  1.986E-03  1.711E-03  1.500E-03  1.314E-03  1.126E-03  9.648E-04  8.243E-04  7.007E-04  5.928E-04  4.995E-04  4.200E-04  3.529E-04  2.871E-04  2.382E-04  1.932E-04  1.586E-04  1.269E-04  1.014E-04  8.142E-05  6.393E-05  4.954E-05  3.799E-05  2.876E-05  2.107E-05  1.536E-05  1.107E-05  7.626E-06  5.133E-06  3.219E-06  1.898E-06  9.272E-07  3.479E-07  9.069E-08  1.182E-08  5.170E-10  8.253E-12  1.614E-14  2.844E-18  6.638E-24  9.615E-39  0.000E+00  0.000E+00  0.000E+00  0.000E+00  0.000E+00  0.000E+00  0.000E+00  0.000E+00  0.000E+00  0.000E+00  0.000E+00  0.000E+00  0.000E+00
  332.5000  5.954E-03  5.406E-03  4.841E-03  4.355E-03  3.937E-03  3.578E-03  3.222E-03  2.820E-03  2.548E-03  2.197E-03  1.928E-03  1.691E-03  1.449E-03  1.240E-03  1.058E-03  8.980E-04  7.578E-04  6.368E-04  5.340E-04  4.474E-04  3.623E-04  2.997E-04  2.423E-04  1.986E-04  1.584E-04  1.266E-04  1.018E-04  7.991E-05  6.207E-05  4.776E-05  3.632E-05  2.673E-05  1.960E-05  1.424E-05  9.950E-06  6.847E-06  4.461E-06  2.787E-06  1.497E-06  6.494E-07  2.006E-07  3.062E-08  1.452E-09  2.326E-11  4.613E-14  8.120E-18  2.047E-23  3.752E-38  0.000E+00  0.000E+00  0.000E+00  0.000E+00  0.000E+00  0.000E+00  0.000E+00  0.000E+00  0.000E+00  0.000E+00  0.000E+00  0.000E+00  0.000E+00
  333.5000  5.034E-03  4.562E-03  4.079E-03  3.663E-03  3.306E-03  2.998E-03  2.695E-03  2.356E-03  2.125E-03  1.832E-03  1.606E-03  1.407E-03  1.205E-03  1.032E-03  8.807E-04  7.477E-04  6.315E-04  5.312E-04  4.458E-04  3.739E-04  3.033E-04  2.512E-04  2.034E-04  1.668E-04  1.332E-04  1.065E-04  8.556E-05  6.719E-05  5.214E-05  4.007E-05  3.042E-05  2.235E-05  1.635E-05  1.184E-05  8.236E-06  5.623E-06  3.613E-06  2.209E-06  1.145E-06  4.704E-07  1.367E-07  1.992E-08  9.493E-10  1.616E-11  3.519E-14  7.175E-18  2.159E-23  5.200E-38  0.000E+00  0.000E+00  0.000E+00  0.000E+00  0.000E+00  0.000E+00  0.000E+00  0.000E+00  0.000E+00  0.000E+00  0.000E+00  0.000E+00  0.000E+00
  334.5000  5.933E-03  5.381E-03  4.815E-03  4.327E-03  3.907E-03  3.546E-03  3.190E-03  2.789E-03  2.518E-03  2.170E-03  1.903E-03  1.668E-03  1.428E-03  1.222E-03  1.043E-03  8.848E-04  7.467E-04  6.276E-04  5.263E-04  4.410E-04  3.574E-04  2.957E-04  2.392E-04  1.960E-04  1.565E-04  1.250E-04  1.005E-04  7.890E-05  6.127E-05  4.712E-05  3.581E-05  2.634E-05  1.930E-05  1.401E-05  9.769E-06  6.703E-06  4.345E-06  2.694E-06  1.430E-06  6.094E-07  1.854E-07  2.835E-08  1.407E-09  2.477E-11  5.703E-14  1.253E-17  4.271E-23  1.316E-37  0.000E+00  0.000E+00  0.000E+00  0.000E+00  0.000E+00  0.000E+00  0.000E+00  0.000E+00  0.000E+00  0.000E+00  0.000E+00  0.000E+00  0.000E+00
  335.5000  6.787E-03  6.169E-03  5.530E-03  4.980E-03  4.507E-03  4.101E-03  3.697E-03  3.237E-03  2.929E-03  2.526E-03  2.218E-03  1.947E-03  1.667E-03  1.427E-03  1.217E-03  1.032E-03  8.701E-04  7.305E-04  6.119E-04  5.121E-04  4.140E-04  3.421E-04  2.761E-04  2.261E-04  1.802E-04  1.439E-04  1.158E-04  9.087E-05  7.063E-05  5.440E-05  4.145E-05  3.055E-05  2.245E-05  1.636E-05  1.148E-05  7.955E-06  5.243E-06  3.336E-06  1.849E-06  8.431E-07  2.783E-07  4.615E-08  2.410E-09  4.340E-11  1.041E-13  2.403E-17  9.132E-23  3.585E-37  0.000E+00  0.000E+00  0.000E+00  0.000E+00  0.000E+00  0.000E+00  0.000E+00  0.000E+00  0.000E+00  0.000E+00  0.000E+00  0.000E+00  0.000E+00
  336.5000  5.119E-03  4.650E-03  4.165E-03  3.748E-03  3.389E-03  3.081E-03  2.775E-03  2.429E-03  2.196E-03  1.893E-03  1.661E-03  1.457E-03  1.247E-03  1.067E-03  9.101E-04  7.719E-04  6.509E-04  5.465E-04  4.578E-04  3.833E-04  3.100E-04  2.562E-04  2.069E-04  1.694E-04  1.351E-04  1.079E-04  8.675E-05  6.810E-05  5.292E-05  4.075E-05  3.103E-05  2.286E-05  1.679E-05  1.223E-05  8.570E-06  5.926E-06  3.892E-06  2.462E-06  1.353E-06  6.086E-07  1.983E-07  3.274E-08  1.744E-09  3.292E-11  8.505E-14  2.193E-17  9.662E-23  4.877E-37  0.000E+00  0.000E+00  0.000E+00  0.000E+00  0.000E+00  0.000E+00  0.000E+00  0.000E+00  0.000E+00  0.000E+00  0.000E+00  0.000E+00  0.000E+00
  337.5000  5.163E-03  4.681E-03  4.188E-03  3.762E-03  3.396E-03  3.082E-03  2.772E-03  2.423E-03  2.187E-03  1.884E-03  1.652E-03  1.447E-03  1.239E-03  1.060E-03  9.040E-04  7.667E-04  6.468E-04  5.434E-04  4.555E-04  3.816E-04  3.090E-04  2.556E-04  2.066E-04  1.693E-04  1.351E-04  1.080E-04  8.678E-05  6.813E-05  5.291E-05  4.070E-05  3.096E-05  2.278E-05  1.670E-05  1.213E-05  8.475E-06  5.825E-06  3.788E-06  2.359E-06  1.262E-06  5.457E-07  1.700E-07  2.716E-08  1.460E-09  2.910E-11  8.178E-14  2.401E-17  1.242E-22  8.097E-37  0.000E+00  0.000E+00  0.000E+00  0.000E+00  0.000E+00  0.000E+00  0.000E+00  0.000E+00  0.000E+00  0.000E+00  0.000E+00  0.000E+00  0.000E+00
  338.5000  6.193E-03  5.628E-03  5.045E-03  4.542E-03  4.111E-03  3.740E-03  3.371E-03  2.951E-03  2.670E-03  2.302E-03  2.021E-03  1.773E-03  1.518E-03  1.298E-03  1.107E-03  9.383E-04  7.907E-04  6.635E-04  5.554E-04  4.646E-04  3.753E-04  3.100E-04  2.500E-04  2.046E-04  1.630E-04  1.301E-04  1.047E-04  8.216E-05  6.388E-05  4.922E-05  3.752E-05  2.767E-05  2.035E-05  1.484E-05  1.043E-05  7.240E-06  4.788E-06  3.063E-06  1.715E-06  7.963E-07  2.706E-07  4.713E-08  2.670E-09  5.430E-11  1.582E-13  4.835E-17  2.758E-22  2.255E-36  0.000E+00  0.000E+00  0.000E+00  0.000E+00  0.000E+00  0.000E+00  0.000E+00  0.000E+00  0.000E+00  0.000E+00  0.000E+00  0.000E+00  0.000E+00
  339.5000  6.852E-03  6.229E-03  5.585E-03  5.030E-03  4.553E-03  4.144E-03  3.736E-03  3.271E-03  2.960E-03  2.552E-03  2.241E-03  1.966E-03  1.683E-03  1.439E-03  1.227E-03  1.040E-03  8.761E-04  7.349E-04  6.149E-04  5.143E-04  4.152E-04  3.427E-04  2.763E-04  2.261E-04  1.800E-04  1.437E-04  1.156E-04  9.072E-05  7.054E-05  5.437E-05  4.147E-05  3.060E-05  2.251E-05  1.643E-05  1.156E-05  8.036E-06  5.330E-06  3.425E-06  1.933E-06  9.100E-07  3.153E-07  5.629E-08  3.285E-09  6.934E-11  2.143E-13  7.124E-17  4.610E-22  4.763E-36  0.000E+00  0.000E+00  0.000E+00  0.000E+00  0.000E+00  0.000E+00  0.000E+00  0.000E+00  0.000E+00  0.000E+00  0.000E+00  0.000E+00  0.000E+00
  340.5000  6.986E-03  6.345E-03  5.683E-03  5.113E-03  4.624E-03  4.203E-03  3.785E-03  3.312E-03  2.994E-03  2.580E-03  2.263E-03  1.984E-03  1.698E-03  1.452E-03  1.238E-03  1.049E-03  8.838E-04  7.415E-04  6.206E-04  5.192E-04  4.194E-04  3.464E-04  2.795E-04  2.287E-04  1.822E-04  1.455E-04  1.170E-04  9.183E-05  7.138E-05  5.499E-05  4.191E-05  3.091E-05  2.272E-05  1.657E-05  1.164E-05  8.068E-06  5.326E-06  3.397E-06  1.894E-06  8.744E-07  2.966E-07  5.231E-08  3.101E-09  6.854E-11  2.279E-13  8.456E-17  6.318E-22  8.315E-36  0.000E+00  0.000E+00  0.000E+00  0.000E+00  0.000E+00  0.000E+00  0.000E+00  0.000E+00  0.000E+00  0.000E+00  0.000E+00  0.000E+00  0.000E+00
  341.5000  6.639E-03  6.037E-03  5.414E-03  4.877E-03  4.416E-03  4.020E-03  3.626E-03  3.175E-03  2.874E-03  2.478E-03  2.176E-03  1.909E-03  1.634E-03  1.398E-03  1.191E-03  1.009E-03  8.501E-04  7.127E-04  5.962E-04  4.983E-04  4.020E-04  3.317E-04  2.673E-04  2.186E-04  1.740E-04  1.388E-04  1.117E-04  8.764E-05  6.816E-05  5.256E-05  4.011E-05  2.961E-05  2.181E-05  1.593E-05  1.123E-05  7.820E-06  5.206E-06  3.365E-06  1.919E-06  9.197E-07  3.269E-07  6.059E-08  3.732E-09  8.486E-11  2.957E-13  1.168E-16  9.740E-22  1.606E-35  0.000E+00  0.000E+00  0.000E+00  0.000E+00  0.000E+00  0.000E+00  0.000E+00  0.000E+00  0.000E+00  0.000E+00  0.000E+00  0.000E+00  0.000E+00
  342.5000  7.449E-03  6.775E-03  6.077E-03  5.475E-03  4.959E-03  4.515E-03  4.073E-03  3.567E-03  3.230E-03  2.785E-03  2.445E-03  2.146E-03  1.837E-03  1.571E-03  1.338E-03  1.134E-03  9.546E-04  8.002E-04  6.691E-04  5.592E-04  4.509E-04  3.719E-04  2.996E-04  2.449E-04  1.949E-04  1.555E-04  1.251E-04  9.813E-05  7.632E-05  5.886E-05  4.494E-05  3.319E-05  2.445E-05  1.787E-05  1.260E-05  8.791E-06  5.864E-06  3.803E-06  2.183E-06  1.057E-06  3.814E-07  7.219E-08  4.569E-09  1.077E-10  3.977E-13  1.705E-16  1.607E-21  3.320E-35  0.000E+00  0.000E+00  0.000E+00  0.000E+00  0.000E+00  0.000E+00  0.000E+00  0.000E+00  0.000E+00  0.000E+00  0.000E+00  0.000E+00  0.000E+00
  343.5000  7.560E-03  6.873E-03  6.161E-03  5.548E-03  5.022E-03  4.569E-03  4.119E-03  3.605E-03  3.262E-03  2.812E-03  2.468E-03  2.165E-03  1.852E-03  1.584E-03  1.349E-03  1.143E-03  9.621E-04  8.064E-04  6.743E-04  5.635E-04  4.545E-04  3.749E-04  3.020E-04  2.469E-04  1.965E-04  1.568E-04  1.261E-04  9.895E-05  7.695E-05  5.934E-05  4.529E-05  3.344E-05  2.463E-05  1.800E-05  1.268E-05  8.837E-06  5.885E-06  3.805E-06  2.174E-06  1.046E-06  3.754E-07  7.120E-08  4.598E-09  1.129E-10  4.447E-13  2.097E-16  2.250E-21  5.837E-35  0.000E+00  0.000E+00  0.000E+00  0.000E+00  0.000E+00  0.000E+00  0.000E+00  0.000E+00  0.000E+00  0.000E+00  0.000E+00  0.000E+00  0.000E+00
  344.5000  5.165E-03  4.693E-03  4.205E-03  3.784E-03  3.422E-03  3.112E-03  2.804E-03  2.453E-03  2.218E-03  1.911E-03  1.676E-03  1.470E-03  1.257E-03  1.075E-03  9.155E-04  7.752E-04  6.527E-04  5.471E-04  4.575E-04  3.823E-04  3.084E-04  2.545E-04  2.051E-04  1.677E-04  1.335E-04  1.065E-04  8.565E-05  6.721E-05  5.226E-05  4.029E-05  3.074E-05  2.269E-05  1.671E-05  1.220E-05  8.594E-06  5.980E-06  3.974E-06  2.561E-06  1.456E-06  6.946E-07  2.474E-07  4.689E-08  3.086E-09  7.893E-11  3.314E-13  1.719E-16  2.100E-21  6.836E-35  0.000E+00  0.000E+00  0.000E+00  0.000E+00  0.000E+00  0.000E+00  0.000E+00  0.000E+00  0.000E+00  0.000E+00  0.000E+00  0.000E+00  0.000E+00
  345.5000  7.569E-03  6.886E-03  6.178E-03  5.567E-03  5.043E-03  4.593E-03  4.144E-03  3.628E-03  3.286E-03  2.833E-03  2.488E-03  2.183E-03  1.868E-03  1.597E-03  1.360E-03  1.152E-03  9.696E-04  8.122E-04  6.788E-04  5.669E-04  4.566E-04  3.764E-04  3.029E-04  2.475E-04  1.968E-04  1.569E-04  1.263E-04  9.903E-05  7.703E-05  5.944E-05  4.541E-05  3.356E-05  2.475E-05  1.811E-05  1.279E-05  8.944E-06  5.990E-06  3.909E-06  2.270E-06  1.122E-06  4.177E-07  8.301E-08  5.665E-09  1.488E-10  6.526E-13  3.588E-16  4.852E-21  1.945E-34  0.000E+00  0.000E+00  0.000E+00  0.000E+00  0.000E+00  0.000E+00  0.000E+00  0.000E+00  0.000E+00  0.000E+00  0.000E+00  0.000E+00  0.000E+00
  346.5000  6.799E-03  6.180E-03  5.538E-03  4.986E-03  4.512E-03  4.104E-03  3.699E-03  3.237E-03  2.928E-03  2.523E-03  2.214E-03  1.941E-03  1.660E-03  1.419E-03  1.208E-03  1.023E-03  8.610E-04  7.213E-04  6.029E-04  5.036E-04  4.059E-04  3.347E-04  2.695E-04  2.202E-04  1.752E-04  1.398E-04  1.124E-04  8.817E-05  6.858E-05  5.289E-05  4.038E-05  2.984E-05  2.199E-05  1.607E-05  1.134E-05  7.911E-06  5.279E-06  3.425E-06  1.970E-06  9.593E-07  3.519E-07  6.944E-08  4.815E-09  1.318E-10  6.175E-13  3.743E-16  5.767E-21  2.899E-34  0.000E+00  0.000E+00  0.000E+00  0.000E+00  0.000E+00  0.000E+00  0.000E+00  0.000E+00  0.000E+00  0.000E+00  0.000E+00  0.000E+00  0.000E+00
  347.5000  6.676E-03  6.069E-03  5.439E-03  4.897E-03  4.431E-03  4.031E-03  3.634E-03  3.179E-03  2.876E-03  2.478E-03  2.174E-03  1.906E-03  1.630E-03  1.393E-03  1.186E-03  1.004E-03  8.448E-04  7.076E-04  5.913E-04  4.938E-04  3.979E-04  3.280E-04  2.640E-04  2.157E-04  1.716E-04  1.368E-04  1.101E-04  8.633E-05  6.714E-05  5.179E-05  3.955E-05  2.923E-05  2.154E-05  1.576E-05  1.112E-05  7.764E-06  5.187E-06  3.371E-06  1.946E-06  9.540E-07  3.534E-07  7.085E-08  5.034E-09  1.427E-10  7.060E-13  4.631E-16  8.005E-21  4.977E-34  0.000E+00  0.000E+00  0.000E+00  0.000E+00  0.000E+00  0.000E+00  0.000E+00  0.000E+00  0.000E+00  0.000E+00  0.000E+00  0.000E+00  0.000E+00
  348.5000  7.449E-03  6.773E-03  6.072E-03  5.467E-03  4.949E-03  4.503E-03  4.060E-03  3.552E-03  3.215E-03  2.770E-03  2.431E-03  2.131E-03  1.823E-03  1.558E-03  1.326E-03  1.122E-03  9.441E-04  7.906E-04  6.604E-04  5.514E-04  4.441E-04  3.659E-04  2.944E-04  2.405E-04  1.912E-04  1.525E-04  1.226E-04  9.617E-05  7.481E-05  5.772E-05  4.409E-05  3.260E-05  2.404E-05  1.759E-05  1.243E-05  8.685E-06  5.815E-06  3.793E-06  2.204E-06  1.092E-06  4.107E-07  8.403E-08  6.125E-09  1.793E-10  9.350E-13  6.604E-16  1.275E-20  9.771E-34  0.000E+00  0.000E+00  0.000E+00  0.000E+00  0.000E+00  0.000E+00  0.000E+00  0.000E+00  0.000E+00  0.000E+00  0.000E+00  0.000E+00  0.000E+00
  349.5000  6.231E-03  5.665E-03  5.078E-03  4.572E-03  4.138E-03  3.765E-03  3.394E-03  2.969E-03  2.687E-03  2.314E-03  2.031E-03  1.780E-03  1.522E-03  1.301E-03  1.107E-03  9.368E-04  7.879E-04  6.597E-04  5.510E-04  4.599E-04  3.703E-04  3.051E-04  2.455E-04  2.005E-04  1.594E-04  1.271E-04  1.022E-04  8.013E-05  6.233E-05  4.809E-05  3.674E-05  2.717E-05  2.004E-05  1.466E-05  1.036E-05  7.243E-06  4.852E-06  3.167E-06  1.843E-06  9.161E-07  3.467E-07  7.179E-08  5.350E-09  1.622E-10  8.932E-13  6.828E-16  1.477E-20  1.393E-33  0.000E+00  0.000E+00  0.000E+00  0.000E+00  0.000E+00  0.000E+00  0.000E+00  0.000E+00  0.000E+00  0.000E+00  0.000E+00  0.000E+00  0.000E+00
  350.5000  8.757E-03  7.962E-03  7.137E-03  6.425E-03  5.815E-03  5.291E-03  4.770E-03  4.172E-03  3.775E-03  3.252E-03  2.853E-03  2.501E-03  2.138E-03  1.827E-03  1.554E-03  1.315E-03  1.106E-03  9.259E-04  7.731E-04  6.452E-04  5.194E-04  4.278E-04  3.441E-04  2.810E-04  2.233E-04  1.780E-04  1.432E-04  1.123E-04  8.732E-05  6.738E-05  5.149E-05  3.808E-05  2.809E-05  2.056E-05  1.454E-05  1.017E-05  6.817E-06  4.457E-06  2.602E-06  1.300E-06  4.965E-07  1.043E-07  7.953E-09  2.492E-10  1.447E-12  1.194E-15  2.883E-20  3.335E-33  0.000E+00  0.000E+00  0.000E+00  0.000E+00  0.000E+00  0.000E+00  0.000E+00  0.000E+00  0.000E+00  0.000E+00  0.000E+00  0.000E+00  0.000E+00
  351.5000  7.507E-03  6.824E-03  6.116E-03  5.505E-03  4.981E-03  4.531E-03  4.083E-03  3.571E-03  3.230E-03  2.782E-03  2.440E-03  2.139E-03  1.828E-03  1.562E-03  1.329E-03  1.124E-03  9.451E-04  7.909E-04  6.603E-04  5.510E-04  4.435E-04  3.652E-04  2.937E-04  2.398E-04  1.906E-04  1.519E-04  1.222E-04  9.579E-05  7.451E-05  5.749E-05  4.393E-05  3.249E-05  2.397E-05  1.755E-05  1.241E-05  8.677E-06  5.818E-06  3.805E-06  2.222E-06  1.112E-06  4.264E-07  9.047E-08  7.046E-09  2.284E-10  1.400E-12  1.249E-15  3.369E-20  4.773E-33  0.000E+00  0.000E+00  0.000E+00  0.000E+00  0.000E+00  0.000E+00  0.000E+00  0.000E+00  0.000E+00  0.000E+00  0.000E+00  0.000E+00  0.000E+00
  352.5000  6.805E-03  6.186E-03  5.544E-03  4.991E-03  4.516E-03  4.108E-03  3.702E-03  3.238E-03  2.929E-03  2.522E-03  2.212E-03  1.939E-03  1.657E-03  1.415E-03  1.204E-03  1.018E-03  8.561E-04  7.163E-04  5.979E-04  4.988E-04  4.013E-04  3.305E-04  2.657E-04  2.169E-04  1.723E-04  1.373E-04  1.104E-04  8.657E-05  6.734E-05  5.197E-05  3.972E-05  2.938E-05  2.168E-05  1.588E-05  1.123E-05  7.860E-06  5.276E-06  3.456E-06  2.026E-06  1.020E-06  3.947E-07  8.498E-08  6.769E-09  2.266E-10  1.462E-12  1.403E-15  4.211E-20  7.280E-33  0.000E+00  0.000E+00  0.000E+00  0.000E+00  0.000E+00  0.000E+00  0.000E+00  0.000E+00  0.000E+00  0.000E+00  0.000E+00  0.000E+00  0.000E+00
  353.5000  8.257E-03  7.507E-03  6.728E-03  6.057E-03  5.481E-03  4.987E-03  4.495E-03  3.931E-03  3.556E-03  3.062E-03  2.686E-03  2.354E-03  2.012E-03  1.718E-03  1.462E-03  1.236E-03  1.039E-03  8.691E-04  7.252E-04  6.048E-04  4.865E-04  4.005E-04  3.219E-04  2.627E-04  2.086E-04  1.662E-04  1.337E-04  1.048E-04  8.151E-05  6.291E-05  4.810E-05  3.559E-05  2.627E-05  1.924E-05  1.362E-05  9.538E-06  6.411E-06  4.209E-06  2.477E-06  1.256E-06  4.912E-07  1.074E-07  8.755E-09  3.023E-10  2.050E-12  2.113E-15  7.041E-20  1.481E-32  0.000E+00  0.000E+00  0.000E+00  0.000E+00  0.000E+00  0.000E+00  0.000E+00  0.000E+00  0.000E+00  0.000E+00  0.000E+00  0.000E+00  0.000E+00
  354.5000  8.996E-03  8.179E-03  7.332E-03  6.601E-03  5.974E-03  5.435E-03  4.899E-03  4.285E-03  3.877E-03  3.338E-03  2.928E-03  2.566E-03  2.193E-03  1.873E-03  1.593E-03  1.347E-03  1.132E-03  9.465E-04  7.896E-04  6.584E-04  5.294E-04  4.357E-04  3.500E-04  2.856E-04  2.268E-04  1.807E-04  1.453E-04  1.139E-04  8.858E-05  6.838E-05  5.228E-05  3.870E-05  2.857E-05  2.094E-05  1.482E-05  1.039E-05  6.992E-06  4.599E-06  2.716E-06  1.386E-06  5.474E-07  1.216E-07  1.013E-08  3.607E-10  2.570E-12  2.841E-15  1.050E-19  2.682E-32  0.000E+00  0.000E+00  0.000E+00  0.000E+00  0.000E+00  0.000E+00  0.000E+00  0.000E+00  0.000E+00  0.000E+00  0.000E+00  0.000E+00  0.000E+00
  355.5000  8.414E-03  7.650E-03  6.857E-03  6.173E-03  5.586E-03  5.082E-03  4.581E-03  4.006E-03  3.624E-03  3.120E-03  2.736E-03  2.398E-03  2.049E-03  1.749E-03  1.488E-03  1.258E-03  1.057E-03  8.836E-04  7.370E-04  6.144E-04  4.939E-04  4.064E-04  3.264E-04  2.663E-04  2.114E-04  1.684E-04  1.354E-04  1.061E-04  8.255E-05  6.373E-05  4.873E-05  3.607E-05  2.664E-05  1.953E-05  1.383E-05  9.695E-06  6.528E-06  4.299E-06  2.544E-06  1.304E-06  5.183E-07  1.165E-07  9.910E-09  3.642E-10  2.727E-12  3.239E-15  1.327E-19  4.107E-32  0.000E+00  0.000E+00  0.000E+00  0.000E+00  0.000E+00  0.000E+00  0.000E+00  0.000E+00  0.000E+00  0.000E+00  0.000E+00  0.000E+00  0.000E+00
  356.5000  7.807E-03  7.098E-03  6.362E-03  5.727E-03  5.181E-03  4.713E-03  4.248E-03  3.714E-03  3.360E-03  2.892E-03  2.536E-03  2.223E-03  1.899E-03  1.621E-03  1.378E-03  1.165E-03  9.784E-04  8.180E-04  6.822E-04  5.686E-04  4.569E-04  3.759E-04  3.019E-04  2.462E-04  1.955E-04  1.557E-04  1.252E-04  9.808E-05  7.630E-05  5.890E-05  4.505E-05  3.335E-05  2.463E-05  1.806E-05  1.279E-05  8.970E-06  6.044E-06  3.983E-06  2.362E-06  1.214E-06  4.856E-07  1.104E-07  9.587E-09  3.634E-10  2.859E-12  3.645E-15  1.654E-19  6.186E-32  0.000E+00  0.000E+00  0.000E+00  0.000E+00  0.000E+00  0.000E+00  0.000E+00  0.000E+00  0.000E+00  0.000E+00  0.000E+00  0.000E+00  0.000E+00
  357.5000  6.632E-03  6.029E-03  5.403E-03  4.863E-03  4.399E-03  4.002E-03  3.606E-03  3.152E-03  2.851E-03  2.454E-03  2.152E-03  1.885E-03  1.610E-03  1.374E-03  1.169E-03  9.874E-04  8.292E-04  6.931E-04  5.779E-04  4.816E-04  3.870E-04  3.183E-04  2.556E-04  2.084E-04  1.654E-04  1.317E-04  1.059E-04  8.298E-05  6.455E-05  4.983E-05  3.811E-05  2.822E-05  2.084E-05  1.528E-05  1.083E-05  7.596E-06  5.120E-06  3.377E-06  2.005E-06  1.034E-06  4.159E-07  9.558E-08  8.468E-09  3.310E-10  2.734E-12  3.739E-15  1.876E-19  8.465E-32  0.000E+00  0.000E+00  0.000E+00  0.000E+00  0.000E+00  0.000E+00  0.000E+00  0.000E+00  0.000E+00  0.000E+00  0.000E+00  0.000E+00  0.000E+00
  358.5000  5.135E-03  4.669E-03  4.184E-03  3.766E-03  3.407E-03  3.099E-03  2.792E-03  2.441E-03  2.208E-03  1.900E-03  1.666E-03  1.459E-03  1.247E-03  1.064E-03  9.039E-04  7.640E-04  6.415E-04  5.361E-04  4.469E-04  3.723E-04  2.991E-04  2.459E-04  1.974E-04  1.610E-04  1.277E-04  1.017E-04  8.175E-05  6.405E-05  4.983E-05  3.847E-05  2.943E-05  2.179E-05  1.610E-05  1.181E-05  8.369E-06  5.873E-06  3.962E-06  2.617E-06  1.558E-06  8.071E-07  3.272E-07  7.617E-08  6.888E-09  2.773E-10  2.401E-12  3.514E-15  1.945E-19  1.056E-31  0.000E+00  0.000E+00  0.000E+00  0.000E+00  0.000E+00  0.000E+00  0.000E+00  0.000E+00  0.000E+00  0.000E+00  0.000E+00  0.000E+00  0.000E+00
  359.5000  8.645E-03  7.859E-03  7.043E-03  6.338E-03  5.734E-03  5.214E-03  4.698E-03  4.106E-03  3.714E-03  3.196E-03  2.802E-03  2.454E-03  2.096E-03  1.788E-03  1.521E-03  1.284E-03  1.078E-03  9.006E-04  7.506E-04  6.252E-04  5.021E-04  4.128E-04  3.313E-04  2.701E-04  2.143E-04  1.706E-04  1.371E-04  1.074E-04  8.356E-05  6.452E-05  4.936E-05  3.656E-05  2.701E-05  1.982E-05  1.405E-05  9.861E-06  6.656E-06  4.399E-06  2.624E-06  1.364E-06  5.563E-07  1.309E-07  1.208E-08  5.009E-10  4.547E-12  7.120E-15  4.344E-19  2.830E-31  0.000E+00  0.000E+00  0.000E+00  0.000E+00  0.000E+00  0.000E+00  0.000E+00  0.000E+00  0.000E+00  0.000E+00  0.000E+00  0.000E+00  0.000E+00
  360.5000  8.018E-03  7.289E-03  6.532E-03  5.878E-03  5.317E-03  4.835E-03  4.356E-03  3.807E-03  3.442E-03  2.962E-03  2.596E-03  2.274E-03  1.942E-03  1.656E-03  1.408E-03  1.189E-03  9.980E-04  8.337E-04  6.947E-04  5.785E-04  4.645E-04  3.818E-04  3.064E-04  2.497E-04  1.981E-04  1.577E-04  1.267E-04  9.927E-05  7.722E-05  5.962E-05  4.562E-05  3.379E-05  2.497E-05  1.832E-05  1.299E-05  9.123E-06  6.161E-06  4.076E-06  2.436E-06  1.271E-06  5.214E-07  1.241E-07  1.167E-08  4.985E-10  4.740E-12  7.933E-15  5.328E-19  4.157E-31  0.000E+00  0.000E+00  0.000E+00  0.000E+00  0.000E+00  0.000E+00  0.000E+00  0.000E+00  0.000E+00  0.000E+00  0.000E+00  0.000E+00  0.000E+00
  361.5000  7.247E-03  6.588E-03  5.904E-03  5.312E-03  4.805E-03  4.370E-03  3.937E-03  3.440E-03  3.111E-03  2.676E-03  2.346E-03  2.054E-03  1.754E-03  1.496E-03  1.271E-03  1.073E-03  9.008E-04  7.524E-04  6.268E-04  5.219E-04  4.189E-04  3.443E-04  2.762E-04  2.250E-04  1.785E-04  1.421E-04  1.142E-04  8.942E-05  6.955E-05  5.371E-05  4.110E-05  3.045E-05  2.251E-05  1.652E-05  1.171E-05  8.230E-06  5.562E-06  3.684E-06  2.206E-06  1.156E-06  4.776E-07  1.150E-07  1.103E-08  4.848E-10  4.824E-12  8.616E-15  6.359E-19  5.928E-31  0.000E+00  0.000E+00  0.000E+00  0.000E+00  0.000E+00  0.000E+00  0.000E+00  0.000E+00  0.000E+00  0.000E+00  0.000E+00  0.000E+00  0.000E+00
  362.5000  8.523E-03  7.748E-03  6.942E-03  6.247E-03  5.650E-03  5.138E-03  4.629E-03  4.044E-03  3.657E-03  3.145E-03  2.757E-03  2.414E-03  2.061E-03  1.757E-03  1.494E-03  1.261E-03  1.058E-03  8.834E-04  7.358E-04  6.125E-04  4.915E-04  4.038E-04  3.239E-04  2.639E-04  2.092E-04  1.665E-04  1.338E-04  1.048E-04  8.151E-05  6.295E-05  4.817E-05  3.570E-05  2.639E-05  1.937E-05  1.374E-05  9.657E-06  6.530E-06  4.330E-06  2.598E-06  1.366E-06  5.681E-07  1.384E-07  1.353E-08  6.115E-10  6.365E-12  1.213E-14  9.823E-19  1.092E-30  0.000E+00  0.000E+00  0.000E+00  0.000E+00  0.000E+00  0.000E+00  0.000E+00  0.000E+00  0.000E+00  0.000E+00  0.000E+00  0.000E+00  0.000E+00
  363.5000  7.588E-03  6.897E-03  6.180E-03  5.561E-03  5.029E-03  4.572E-03  4.119E-03  3.598E-03  3.253E-03  2.798E-03  2.452E-03  2.147E-03  1.833E-03  1.563E-03  1.327E-03  1.121E-03  9.401E-04  7.848E-04  6.536E-04  5.440E-04  4.364E-04  3.585E-04  2.875E-04  2.341E-04  1.856E-04  1.477E-04  1.187E-04  9.294E-05  7.229E-05  5.583E-05  4.273E-05  3.167E-05  2.341E-05  1.719E-05  1.220E-05  8.574E-06  5.801E-06  3.850E-06  2.315E-06  1.221E-06  5.108E-07  1.258E-07  1.253E-08  5.823E-10  6.336E-12  1.287E-14  1.143E-18  1.511E-30  0.000E+00  0.000E+00  0.000E+00  0.000E+00  0.000E+00  0.000E+00  0.000E+00  0.000E+00  0.000E+00  0.000E+00  0.000E+00  0.000E+00  0.000E+00
  364.5000  8.275E-03  7.521E-03  6.738E-03  6.063E-03  5.482E-03  4.984E-03  4.489E-03  3.921E-03  3.545E-03  3.048E-03  2.671E-03  2.339E-03  1.996E-03  1.701E-03  1.445E-03  1.220E-03  1.023E-03  8.540E-04  7.110E-04  5.917E-04  4.746E-04  3.898E-04  3.125E-04  2.545E-04  2.017E-04  1.605E-04  1.289E-04  1.010E-04  7.853E-05  6.064E-05  4.642E-05  3.441E-05  2.544E-05  1.868E-05  1.326E-05  9.322E-06  6.310E-06  4.191E-06  2.523E-06  1.335E-06  5.614E-07  1.396E-07  1.417E-08  6.771E-10  7.699E-12  1.666E-14  1.620E-18  2.543E-30  0.000E+00  0.000E+00  0.000E+00  0.000E+00  0.000E+00  0.000E+00  0.000E+00  0.000E+00  0.000E+00  0.000E+00  0.000E+00  0.000E+00  0.000E+00
  365.5000  1.007E-02  9.156E-03  8.204E-03  7.380E-03  6.672E-03  6.065E-03  5.462E-03  4.771E-03  4.312E-03  3.708E-03  3.248E-03  2.843E-03  2.426E-03  2.068E-03  1.757E-03  1.482E-03  1.243E-03  1.037E-03  8.635E-04  7.184E-04  5.761E-04  4.730E-04  3.792E-04  3.087E-04  2.447E-04  1.946E-04  1.564E-04  1.224E-04  9.522E-05  7.354E-05  5.629E-05  4.173E-05  3.086E-05  2.266E-05  1.609E-05  1.131E-05  7.661E-06  5.091E-06  3.069E-06  1.628E-06  6.882E-07  1.729E-07  1.786E-08  8.772E-10  1.042E-11  2.399E-14  2.553E-18  4.748E-30  0.000E+00  0.000E+00  0.000E+00  0.000E+00  0.000E+00  0.000E+00  0.000E+00  0.000E+00  0.000E+00  0.000E+00  0.000E+00  0.000E+00  0.000E+00
  366.5000  1.068E-02  9.704E-03  8.693E-03  7.820E-03  7.071E-03  6.427E-03  5.787E-03  5.054E-03  4.568E-03  3.927E-03  3.440E-03  3.011E-03  2.569E-03  2.190E-03  1.859E-03  1.569E-03  1.315E-03  1.097E-03  9.133E-04  7.597E-04  6.090E-04  5.000E-04  4.007E-04  3.262E-04  2.585E-04  2.056E-04  1.651E-04  1.293E-04  1.005E-04  7.765E-05  5.944E-05  4.408E-05  3.260E-05  2.394E-05  1.700E-05  1.196E-05  8.104E-06  5.390E-06  3.256E-06  1.733E-06  7.368E-07  1.871E-07  1.968E-08  9.928E-10  1.230E-11  3.012E-14  3.500E-18  7.696E-30  0.000E+00  0.000E+00  0.000E+00  0.000E+00  0.000E+00  0.000E+00  0.000E+00  0.000E+00  0.000E+00  0.000E+00  0.000E+00  0.000E+00  0.000E+00
  367.5000  1.015E-02  9.227E-03  8.265E-03  7.435E-03  6.722E-03  6.109E-03  5.501E-03  4.804E-03  4.341E-03  3.732E-03  3.269E-03  2.861E-03  2.440E-03  2.079E-03  1.767E-03  1.490E-03  1.249E-03  1.042E-03  8.668E-04  7.208E-04  5.777E-04  4.742E-04  3.799E-04  3.092E-04  2.450E-04  1.948E-04  1.565E-04  1.225E-04  9.526E-05  7.358E-05  5.633E-05  4.177E-05  3.090E-05  2.270E-05  1.612E-05  1.135E-05  7.691E-06  5.120E-06  3.098E-06  1.655E-06  7.077E-07  1.816E-07  1.945E-08  1.007E-09  1.302E-11  3.384E-14  4.289E-18  1.113E-29  0.000E+00  0.000E+00  0.000E+00  0.000E+00  0.000E+00  0.000E+00  0.000E+00  0.000E+00  0.000E+00  0.000E+00  0.000E+00  0.000E+00  0.000E+00
  368.5000  8.921E-03  8.107E-03  7.262E-03  6.532E-03  5.905E-03  5.366E-03  4.832E-03  4.219E-03  3.812E-03  3.276E-03  2.869E-03  2.511E-03  2.141E-03  1.825E-03  1.550E-03  1.307E-03  1.095E-03  9.133E-04  7.598E-04  6.318E-04  5.062E-04  4.154E-04  3.328E-04  2.708E-04  2.145E-04  1.705E-04  1.370E-04  1.072E-04  8.338E-05  6.440E-05  4.931E-05  3.657E-05  2.705E-05  1.988E-05  1.412E-05  9.940E-06  6.742E-06  4.491E-06  2.722E-06  1.458E-06  6.268E-07  1.624E-07  1.770E-08  9.411E-10  1.268E-11  3.498E-14  4.831E-18  1.476E-29  0.000E+00  0.000E+00  0.000E+00  0.000E+00  0.000E+00  0.000E+00  0.000E+00  0.000E+00  0.000E+00  0.000E+00  0.000E+00  0.000E+00  0.000E+00
  369.5000  1.070E-02  9.727E-03  8.713E-03  7.837E-03  7.084E-03  6.437E-03  5.795E-03  5.059E-03  4.571E-03  3.928E-03  3.440E-03  3.010E-03  2.566E-03  2.186E-03  1.857E-03  1.565E-03  1.312E-03  1.094E-03  9.097E-04  7.562E-04  6.058E-04  4.970E-04  3.981E-04  3.238E-04  2.565E-04  2.039E-04  1.637E-04  1.282E-04  9.966E-05  7.698E-05  5.894E-05  4.372E-05  3.235E-05  2.377E-05  1.689E-05  1.189E-05  8.070E-06  5.380E-06  3.265E-06  1.754E-06  7.580E-07  1.983E-07  2.199E-08  1.200E-09  1.684E-11  4.928E-14  7.408E-18  2.661E-29  0.000E+00  0.000E+00  0.000E+00  0.000E+00  0.000E+00  0.000E+00  0.000E+00  0.000E+00  0.000E+00  0.000E+00  0.000E+00  0.000E+00  0.000E+00
  370.5000  9.714E-03  8.827E-03  7.906E-03  7.110E-03  6.426E-03  5.839E-03  5.257E-03  4.588E-03  4.145E-03  3.562E-03  3.119E-03  2.728E-03  2.326E-03  1.981E-03  1.683E-03  1.418E-03  1.188E-03  9.903E-04  8.236E-04  6.845E-04  5.482E-04  4.497E-04  3.601E-04  2.929E-04  2.319E-04  1.843E-04  1.480E-04  1.158E-04  9.009E-05  6.958E-05  5.328E-05  3.953E-05  2.925E-05  2.150E-05  1.528E-05  1.076E-05  7.304E-06  4.873E-06  2.962E-06  1.596E-06  6.931E-07  1.830E-07  2.065E-08  1.156E-09  1.689E-11  5.238E-14  8.559E-18  3.607E-29  0.000E+00  0.000E+00  0.000E+00  0.000E+00  0.000E+00  0.000E+00  0.000E+00  0.000E+00  0.000E+00  0.000E+00  0.000E+00  0.000E+00  0.000E+00
  371.5000  1.112E-02  1.010E-02  9.050E-03  8.139E-03  7.355E-03  6.682E-03  6.015E-03  5.250E-03  4.742E-03  4.074E-03  3.567E-03  3.120E-03  2.660E-03  2.265E-03  1.923E-03  1.620E-03  1.357E-03  1.131E-03  9.407E-04  7.817E-04  6.259E-04  5.133E-04  4.109E-04  3.342E-04  2.646E-04  2.103E-04  1.688E-04  1.321E-04  1.027E-04  7.935E-05  6.076E-05  4.508E-05  3.337E-05  2.453E-05  1.744E-05  1.228E-05  8.341E-06  5.569E-06  3.390E-06  1.831E-06  7.996E-07  2.132E-07  2.446E-08  1.404E-09  2.135E-11  7.010E-14  1.244E-17  6.137E-29  0.000E+00  0.000E+00  0.000E+00  0.000E+00  0.000E+00  0.000E+00  0.000E+00  0.000E+00  0.000E+00  0.000E+00  0.000E+00  0.000E+00  0.000E+00
  372.5000  8.219E-03  7.468E-03  6.688E-03  6.014E-03  5.435E-03  4.937E-03  4.444E-03  3.878E-03  3.503E-03  3.009E-03  2.634E-03  2.304E-03  1.964E-03  1.672E-03  1.418E-03  1.196E-03  1.001E-03  8.345E-04  6.937E-04  5.763E-04  4.614E-04  3.783E-04  3.028E-04  2.462E-04  1.948E-04  1.548E-04  1.243E-04  9.726E-05  7.563E-05  5.842E-05  4.474E-05  3.320E-05  2.457E-05  1.807E-05  1.285E-05  9.051E-06  6.150E-06  4.109E-06  2.505E-06  1.357E-06  5.955E-07  1.603E-07  1.870E-08  1.100E-09  1.740E-11  6.045E-14  1.163E-17  6.708E-29  0.000E+00  0.000E+00  0.000E+00  0.000E+00  0.000E+00  0.000E+00  0.000E+00  0.000E+00  0.000E+00  0.000E+00  0.000E+00  0.000E+00  0.000E+00
  373.5000  7.429E-03  6.749E-03  6.044E-03  5.435E-03  4.911E-03  4.461E-03  4.014E-03  3.503E-03  3.163E-03  2.717E-03  2.378E-03  2.080E-03  1.772E-03  1.509E-03  1.280E-03  1.079E-03  9.032E-04  7.526E-04  6.255E-04  5.195E-04  4.158E-04  3.409E-04  2.728E-04  2.217E-04  1.755E-04  1.394E-04  1.119E-04  8.756E-05  6.808E-05  5.259E-05  4.028E-05  2.989E-05  2.213E-05  1.627E-05  1.157E-05  8.155E-06  5.543E-06  3.706E-06  2.262E-06  1.229E-06  5.417E-07  1.471E-07  1.744E-08  1.052E-09  1.730E-11  6.354E-14  1.325E-17  8.913E-29  0.000E+00  0.000E+00  0.000E+00  0.000E+00  0.000E+00  0.000E+00  0.000E+00  0.000E+00  0.000E+00  0.000E+00  0.000E+00  0.000E+00  0.000E+00
  374.5000  8.154E-03  7.408E-03  6.634E-03  5.964E-03  5.389E-03  4.894E-03  4.404E-03  3.842E-03  3.470E-03  2.980E-03  2.608E-03  2.280E-03  1.943E-03  1.654E-03  1.403E-03  1.182E-03  9.894E-04  8.242E-04  6.849E-04  5.687E-04  4.551E-04  3.730E-04  2.984E-04  2.426E-04  1.919E-04  1.525E-04  1.224E-04  9.572E-05  7.443E-05  5.749E-05  4.404E-05  3.268E-05  2.420E-05  1.779E-05  1.266E-05  8.923E-06  6.067E-06  4.059E-06  2.481E-06  1.351E-06  5.984E-07  1.640E-07  1.976E-08  1.221E-09  2.086E-11  8.095E-14  1.827E-17  1.431E-28  0.000E+00  0.000E+00  0.000E+00  0.000E+00  0.000E+00  0.000E+00  0.000E+00  0.000E+00  0.000E+00  0.000E+00  0.000E+00  0.000E+00  0.000E+00
  375.5000  9.205E-03  8.363E-03  7.489E-03  6.733E-03  6.082E-03  5.524E-03  4.970E-03  4.336E-03  3.915E-03  3.361E-03  2.941E-03  2.571E-03  2.191E-03  1.865E-03  1.581E-03  1.332E-03  1.115E-03  9.286E-04  7.714E-04  6.405E-04  5.124E-04  4.199E-04  3.359E-04  2.729E-04  2.159E-04  1.715E-04  1.376E-04  1.076E-04  8.370E-05  6.465E-05  4.952E-05  3.676E-05  2.722E-05  2.002E-05  1.425E-05  1.004E-05  6.832E-06  4.574E-06  2.800E-06  1.529E-06  6.804E-07  1.882E-07  2.304E-08  1.458E-09  2.587E-11  1.059E-13  2.585E-17  2.354E-28  0.000E+00  0.000E+00  0.000E+00  0.000E+00  0.000E+00  0.000E+00  0.000E+00  0.000E+00  0.000E+00  0.000E+00  0.000E+00  0.000E+00  0.000E+00
  376.5000  9.197E-03  8.355E-03  7.481E-03  6.726E-03  6.075E-03  5.517E-03  4.963E-03  4.329E-03  3.909E-03  3.356E-03  2.936E-03  2.566E-03  2.186E-03  1.861E-03  1.577E-03  1.328E-03  1.112E-03  9.258E-04  7.690E-04  6.383E-04  5.106E-04  4.183E-04  3.345E-04  2.718E-04  2.149E-04  1.707E-04  1.370E-04  1.071E-04  8.329E-05  6.434E-05  4.929E-05  3.659E-05  2.710E-05  1.993E-05  1.419E-05  1.000E-05  6.808E-06  4.560E-06  2.796E-06  1.530E-06  6.844E-07  1.909E-07  2.375E-08  1.539E-09  2.834E-11  1.224E-13  3.227E-17  3.409E-28  0.000E+00  0.000E+00  0.000E+00  0.000E+00  0.000E+00  0.000E+00  0.000E+00  0.000E+00  0.000E+00  0.000E+00  0.000E+00  0.000E+00  0.000E+00
  377.5000  1.096E-02  9.953E-03  8.911E-03  8.011E-03  7.236E-03  6.570E-03  5.910E-03  5.155E-03  4.653E-03  3.994E-03  3.494E-03  3.054E-03  2.601E-03  2.214E-03  1.874E-03  1.580E-03  1.322E-03  1.101E-03  9.139E-04  7.585E-04  6.065E-04  4.968E-04  3.972E-04  3.226E-04  2.551E-04  2.026E-04  1.625E-04  1.271E-04  9.883E-05  7.634E-05  5.848E-05  4.342E-05  3.216E-05  2.366E-05  1.684E-05  1.188E-05  8.088E-06  5.421E-06  3.328E-06  1.826E-06  8.205E-07  2.309E-07  2.918E-08  1.934E-09  3.697E-11  1.683E-13  4.786E-17  5.859E-28  0.000E+00  0.000E+00  0.000E+00  0.000E+00  0.000E+00  0.000E+00  0.000E+00  0.000E+00  0.000E+00  0.000E+00  0.000E+00  0.000E+00  0.000E+00
  378.5000  1.194E-02  1.085E-02  9.714E-03  8.732E-03  7.886E-03  7.160E-03  6.440E-03  5.616E-03  5.069E-03  4.351E-03  3.806E-03  3.325E-03  2.832E-03  2.410E-03  2.041E-03  1.719E-03  1.438E-03  1.197E-03  9.940E-04  8.248E-04  6.594E-04  5.399E-04  4.316E-04  3.505E-04  2.771E-04  2.200E-04  1.765E-04  1.380E-04  1.073E-04  8.289E-05  6.350E-05  4.716E-05  3.493E-05  2.570E-05  1.830E-05  1.291E-05  8.793E-06  5.897E-06  3.624E-06  1.994E-06  8.998E-07  2.554E-07  3.277E-08  2.223E-09  4.406E-11  2.113E-13  6.476E-17  9.170E-28  0.000E+00  0.000E+00  0.000E+00  0.000E+00  0.000E+00  0.000E+00  0.000E+00  0.000E+00  0.000E+00  0.000E+00  0.000E+00  0.000E+00  0.000E+00
  379.5000  8.838E-03  8.028E-03  7.187E-03  6.460E-03  5.834E-03  5.296E-03  4.763E-03  4.153E-03  3.748E-03  3.217E-03  2.813E-03  2.458E-03  2.093E-03  1.780E-03  1.508E-03  1.270E-03  1.062E-03  8.839E-04  7.337E-04  6.087E-04  4.865E-04  3.983E-04  3.183E-04  2.585E-04  2.043E-04  1.622E-04  1.301E-04  1.017E-04  7.908E-05  6.109E-05  4.680E-05  3.476E-05  2.575E-05  1.895E-05  1.349E-05  9.522E-06  6.488E-06  4.354E-06  2.679E-06  1.477E-06  6.696E-07  1.917E-07  2.497E-08  1.733E-09  3.559E-11  1.797E-13  5.930E-17  9.695E-28  0.000E+00  0.000E+00  0.000E+00  0.000E+00  0.000E+00  0.000E+00  0.000E+00  0.000E+00  0.000E+00  0.000E+00  0.000E+00  0.000E+00  0.000E+00
  380.5000  1.063E-02  9.658E-03  8.646E-03  7.771E-03  7.017E-03  6.369E-03  5.728E-03  4.994E-03  4.506E-03  3.867E-03  3.381E-03  2.954E-03  2.515E-03  2.139E-03  1.811E-03  1.525E-03  1.275E-03  1.061E-03  8.807E-04  7.305E-04  5.837E-04  4.778E-04  3.818E-04  3.099E-04  2.449E-04  1.944E-04  1.559E-04  1.219E-04  9.476E-05  7.320E-05  5.608E-05  4.166E-05  3.086E-05  2.272E-05  1.618E-05  1.142E-05  7.783E-06  5.226E-06  3.220E-06  1.780E-06  8.103E-07  2.339E-07  3.093E-08  2.195E-09  4.671E-11  2.481E-13  8.806E-17  1.659E-27  0.000E+00  0.000E+00  0.000E+00  0.000E+00  0.000E+00  0.000E+00  0.000E+00  0.000E+00  0.000E+00  0.000E+00  0.000E+00  0.000E+00  0.000E+00
  381.5000  9.995E-03  9.078E-03  8.127E-03  7.304E-03  6.595E-03  5.985E-03  5.382E-03  4.692E-03  4.233E-03  3.632E-03  3.175E-03  2.774E-03  2.361E-03  2.008E-03  1.699E-03  1.431E-03  1.196E-03  9.954E-04  8.260E-04  6.849E-04  5.472E-04  4.478E-04  3.577E-04  2.904E-04  2.294E-04  1.821E-04  1.460E-04  1.141E-04  8.872E-05  6.853E-05  5.251E-05  3.901E-05  2.890E-05  2.128E-05  1.516E-05  1.070E-05  7.296E-06  4.902E-06  3.024E-06  1.676E-06  7.661E-07  2.230E-07  2.993E-08  2.171E-09  4.784E-11  2.671E-13  1.019E-16  2.209E-27  0.000E+00  0.000E+00  0.000E+00  0.000E+00  0.000E+00  0.000E+00  0.000E+00  0.000E+00  0.000E+00  0.000E+00  0.000E+00  0.000E+00  0.000E+00
  382.5000  6.662E-03  6.051E-03  5.417E-03  4.868E-03  4.395E-03  3.988E-03  3.586E-03  3.126E-03  2.820E-03  2.419E-03  2.115E-03  1.847E-03  1.572E-03  1.337E-03  1.131E-03  9.521E-04  7.960E-04  6.621E-04  5.492E-04  4.554E-04  3.637E-04  2.976E-04  2.377E-04  1.929E-04  1.524E-04  1.209E-04  9.695E-05  7.577E-05  5.890E-05  4.549E-05  3.486E-05  2.590E-05  1.919E-05  1.413E-05  1.007E-05  7.109E-06  4.849E-06  3.260E-06  2.013E-06  1.118E-06  5.134E-07  1.507E-07  2.052E-08  1.521E-09  3.470E-11  2.035E-13  8.333E-17  2.077E-27  0.000E+00  0.000E+00  0.000E+00  0.000E+00  0.000E+00  0.000E+00  0.000E+00  0.000E+00  0.000E+00  0.000E+00  0.000E+00  0.000E+00  0.000E+00
  383.5000  5.852E-03  5.315E-03  4.757E-03  4.275E-03  3.859E-03  3.502E-03  3.148E-03  2.744E-03  2.475E-03  2.123E-03  1.856E-03  1.620E-03  1.379E-03  1.172E-03  9.919E-04  8.348E-04  6.978E-04  5.803E-04  4.813E-04  3.990E-04  3.186E-04  2.606E-04  2.081E-04  1.688E-04  1.334E-04  1.058E-04  8.482E-05  6.629E-05  5.152E-05  3.980E-05  3.050E-05  2.266E-05  1.679E-05  1.237E-05  8.813E-06  6.223E-06  4.247E-06  2.856E-06  1.766E-06  9.832E-07  4.533E-07  1.341E-07  1.853E-08  1.403E-09  3.312E-11  2.039E-13  8.957E-17  2.561E-27  0.000E+00  0.000E+00  0.000E+00  0.000E+00  0.000E+00  0.000E+00  0.000E+00  0.000E+00  0.000E+00  0.000E+00  0.000E+00  0.000E+00  0.000E+00
  384.5000  8.785E-03  7.978E-03  7.141E-03  6.416E-03  5.792E-03  5.255E-03  4.724E-03  4.117E-03  3.713E-03  3.184E-03  2.783E-03  2.430E-03  2.067E-03  1.757E-03  1.487E-03  1.251E-03  1.045E-03  8.692E-04  7.208E-04  5.974E-04  4.769E-04  3.900E-04  3.114E-04  2.526E-04  1.995E-04  1.582E-04  1.268E-04  9.912E-05  7.703E-05  5.950E-05  4.560E-05  3.388E-05  2.512E-05  1.849E-05  1.318E-05  9.312E-06  6.356E-06  4.278E-06  2.648E-06  1.477E-06  6.840E-07  2.039E-07  2.858E-08  2.211E-09  5.397E-11  3.486E-13  1.641E-16  5.374E-27  0.000E+00  0.000E+00  0.000E+00  0.000E+00  0.000E+00  0.000E+00  0.000E+00  0.000E+00  0.000E+00  0.000E+00  0.000E+00  0.000E+00  0.000E+00
  385.5000  8.694E-03  7.896E-03  7.067E-03  6.350E-03  5.731E-03  5.200E-03  4.674E-03  4.072E-03  3.672E-03  3.149E-03  2.752E-03  2.402E-03  2.043E-03  1.737E-03  1.469E-03  1.236E-03  1.033E-03  8.585E-04  7.118E-04  5.897E-04  4.707E-04  3.849E-04  3.072E-04  2.491E-04  1.967E-04  1.560E-04  1.251E-04  9.770E-05  7.593E-05  5.865E-05  4.495E-05  3.340E-05  2.476E-05  1.824E-05  1.300E-05  9.186E-06  6.273E-06  4.224E-06  2.618E-06  1.464E-06  6.804E-07  2.045E-07  2.906E-08  2.296E-09  5.792E-11  3.923E-13  1.977E-16  7.405E-27  0.000E+00  0.000E+00  0.000E+00  0.000E+00  0.000E+00  0.000E+00  0.000E+00  0.000E+00  0.000E+00  0.000E+00  0.000E+00  0.000E+00  0.000E+00
  386.5000  8.865E-03  8.051E-03  7.206E-03  6.474E-03  5.842E-03  5.300E-03  4.764E-03  4.150E-03  3.742E-03  3.208E-03  2.803E-03  2.447E-03  2.081E-03  1.768E-03  1.496E-03  1.258E-03  1.051E-03  8.735E-04  7.240E-04  5.998E-04  4.786E-04  3.913E-04  3.122E-04  2.532E-04  1.999E-04  1.585E-04  1.270E-04  9.923E-05  7.711E-05  5.956E-05  4.565E-05  3.393E-05  2.515E-05  1.853E-05  1.321E-05  9.335E-06  6.377E-06  4.296E-06  2.666E-06  1.494E-06  6.971E-07  2.111E-07  3.043E-08  2.454E-09  6.397E-11  4.539E-13  2.448E-16  1.047E-26  0.000E+00  0.000E+00  0.000E+00  0.000E+00  0.000E+00  0.000E+00  0.000E+00  0.000E+00  0.000E+00  0.000E+00  0.000E+00  0.000E+00  0.000E+00
  387.5000  8.241E-03  7.484E-03  6.698E-03  6.017E-03  5.430E-03  4.925E-03  4.426E-03  3.856E-03  3.476E-03  2.980E-03  2.603E-03  2.272E-03  1.932E-03  1.642E-03  1.388E-03  1.168E-03  9.751E-04  8.102E-04  6.715E-04  5.562E-04  4.437E-04  3.626E-04  2.893E-04  2.345E-04  1.851E-04  1.468E-04  1.176E-04  9.187E-05  7.139E-05  5.514E-05  4.226E-05  3.141E-05  2.329E-05  1.716E-05  1.224E-05  8.649E-06  5.910E-06  3.984E-06  2.474E-06  1.390E-06  6.511E-07  1.987E-07  2.903E-08  2.390E-09  6.433E-11  4.781E-13  2.755E-16  1.344E-26  0.000E+00  0.000E+00  0.000E+00  0.000E+00  0.000E+00  0.000E+00  0.000E+00  0.000E+00  0.000E+00  0.000E+00  0.000E+00  0.000E+00  0.000E+00
  388.5000  8.263E-03  7.503E-03  6.715E-03  6.032E-03  5.443E-03  4.936E-03  4.436E-03  3.864E-03  3.483E-03  2.985E-03  2.608E-03  2.275E-03  1.935E-03  1.643E-03  1.390E-03  1.168E-03  9.757E-04  8.106E-04  6.716E-04  5.562E-04  4.436E-04  3.625E-04  2.891E-04  2.343E-04  1.849E-04  1.466E-04  1.175E-04  9.174E-05  7.128E-05  5.505E-05  4.220E-05  3.137E-05  2.326E-05  1.714E-05  1.223E-05  8.642E-06  5.907E-06  3.984E-06  2.477E-06  1.394E-06  6.556E-07  2.016E-07  2.986E-08  2.508E-09  6.970E-11  5.420E-13  3.336E-16  1.852E-26  0.000E+00  0.000E+00  0.000E+00  0.000E+00  0.000E+00  0.000E+00  0.000E+00  0.000E+00  0.000E+00  0.000E+00  0.000E+00  0.000E+00  0.000E+00
  389.5000  1.042E-02  9.464E-03  8.470E-03  7.608E-03  6.864E-03  6.225E-03  5.593E-03  4.871E-03  4.391E-03  3.763E-03  3.286E-03  2.867E-03  2.437E-03  2.070E-03  1.750E-03  1.471E-03  1.228E-03  1.020E-03  8.452E-04  6.998E-04  5.580E-04  4.559E-04  3.635E-04  2.946E-04  2.324E-04  1.842E-04  1.476E-04  1.153E-04  8.954E-05  6.916E-05  5.301E-05  3.941E-05  2.923E-05  2.154E-05  1.537E-05  1.086E-05  7.429E-06  5.013E-06  3.120E-06  1.759E-06  8.307E-07  2.573E-07  3.863E-08  3.309E-09  9.492E-11  7.721E-13  5.070E-16  3.201E-26  0.000E+00  0.000E+00  0.000E+00  0.000E+00  0.000E+00  0.000E+00  0.000E+00  0.000E+00  0.000E+00  0.000E+00  0.000E+00  0.000E+00  0.000E+00
  390.5000  1.024E-02  9.299E-03  8.322E-03  7.475E-03  6.744E-03  6.115E-03  5.494E-03  4.784E-03  4.311E-03  3.694E-03  3.226E-03  2.814E-03  2.392E-03  2.031E-03  1.717E-03  1.443E-03  1.205E-03  1.000E-03  8.286E-04  6.858E-04  5.468E-04  4.466E-04  3.561E-04  2.885E-04  2.276E-04  1.803E-04  1.445E-04  1.128E-04  8.763E-05  6.768E-05  5.188E-05  3.857E-05  2.861E-05  2.108E-05  1.505E-05  1.064E-05  7.277E-06  4.913E-06  3.061E-06  1.730E-06  8.198E-07  2.558E-07  3.892E-08  3.400E-09  1.006E-10  8.553E-13  5.988E-16  4.292E-26  0.000E+00  0.000E+00  0.000E+00  0.000E+00  0.000E+00  0.000E+00  0.000E+00  0.000E+00  0.000E+00  0.000E+00  0.000E+00  0.000E+00  0.000E+00
  391.5000  1.216E-02  1.104E-02  9.877E-03  8.870E-03  8.002E-03  7.255E-03  6.518E-03  5.675E-03  5.114E-03  4.381E-03  3.825E-03  3.336E-03  2.835E-03  2.408E-03  2.035E-03  1.710E-03  1.427E-03  1.185E-03  9.811E-04  8.119E-04  6.471E-04  5.284E-04  4.212E-04  3.412E-04  2.691E-04  2.132E-04  1.708E-04  1.333E-04  1.036E-04  7.999E-05  6.132E-05  4.560E-05  3.382E-05  2.493E-05  1.779E-05  1.258E-05  8.610E-06  5.815E-06  3.627E-06  2.054E-06  9.770E-07  3.070E-07  4.733E-08  4.217E-09  1.286E-10  1.143E-12  8.522E-16  6.927E-26  0.000E+00  0.000E+00  0.000E+00  0.000E+00  0.000E+00  0.000E+00  0.000E+00  0.000E+00  0.000E+00  0.000E+00  0.000E+00  0.000E+00  0.000E+00
  392.5000  9.119E-03  8.279E-03  7.409E-03  6.653E-03  6.002E-03  5.441E-03  4.887E-03  4.255E-03  3.834E-03  3.284E-03  2.867E-03  2.500E-03  2.124E-03  1.803E-03  1.524E-03  1.281E-03  1.068E-03  8.869E-04  7.343E-04  6.075E-04  4.841E-04  3.952E-04  3.150E-04  2.551E-04  2.011E-04  1.593E-04  1.276E-04  9.961E-05  7.737E-05  5.976E-05  4.581E-05  3.407E-05  2.527E-05  1.863E-05  1.330E-05  9.408E-06  6.439E-06  4.351E-06  2.717E-06  1.541E-06  7.359E-07  2.329E-07  3.637E-08  3.303E-09  1.039E-10  9.632E-13  7.646E-16  7.040E-26  0.000E+00  0.000E+00  0.000E+00  0.000E+00  0.000E+00  0.000E+00  0.000E+00  0.000E+00  0.000E+00  0.000E+00  0.000E+00  0.000E+00  0.000E+00
  393.5000  3.966E-03  3.600E-03  3.222E-03  2.893E-03  2.609E-03  2.366E-03  2.125E-03  1.849E-03  1.666E-03  1.427E-03  1.246E-03  1.086E-03  9.227E-04  7.832E-04  6.619E-04  5.559E-04  4.637E-04  3.849E-04  3.186E-04  2.635E-04  2.099E-04  1.714E-04  1.365E-04  1.105E-04  8.715E-05  6.903E-05  5.527E-05  4.314E-05  3.351E-05  2.588E-05  1.984E-05  1.476E-05  1.095E-05  8.071E-06  5.763E-06  4.077E-06  2.791E-06  1.887E-06  1.179E-06  6.704E-07  3.212E-07  1.024E-07  1.619E-08  1.499E-09  4.855E-11  4.700E-13  3.968E-16  4.132E-26  0.000E+00  0.000E+00  0.000E+00  0.000E+00  0.000E+00  0.000E+00  0.000E+00  0.000E+00  0.000E+00  0.000E+00  0.000E+00  0.000E+00  0.000E+00
  394.5000  9.334E-03  8.474E-03  7.583E-03  6.809E-03  6.141E-03  5.566E-03  4.999E-03  4.351E-03  3.919E-03  3.356E-03  2.929E-03  2.553E-03  2.169E-03  1.841E-03  1.556E-03  1.306E-03  1.089E-03  9.039E-04  7.481E-04  6.187E-04  4.927E-04  4.021E-04  3.203E-04  2.593E-04  2.044E-04  1.619E-04  1.296E-04  1.011E-04  7.855E-05  6.066E-05  4.650E-05  3.459E-05  2.567E-05  1.892E-05  1.351E-05  9.563E-06  6.549E-06  4.429E-06  2.771E-06  1.578E-06  7.588E-07  2.435E-07  3.901E-08  3.678E-09  1.227E-10  1.239E-12  1.112E-15  1.308E-25  0.000E+00  0.000E+00  0.000E+00  0.000E+00  0.000E+00  0.000E+00  0.000E+00  0.000E+00  0.000E+00  0.000E+00  0.000E+00  0.000E+00  0.000E+00
  395.5000  1.201E-02  1.091E-02  9.759E-03  8.762E-03  7.902E-03  7.162E-03  6.431E-03  5.597E-03  5.041E-03  4.316E-03  3.766E-03  3.283E-03  2.788E-03  2.366E-03  1.999E-03  1.678E-03  1.399E-03  1.161E-03  9.605E-04  7.942E-04  6.324E-04  5.159E-04  4.109E-04  3.326E-04  2.621E-04  2.075E-04  1.661E-04  1.296E-04  1.007E-04  7.775E-05  5.960E-05  4.434E-05  3.290E-05  2.426E-05  1.733E-05  1.226E-05  8.402E-06  5.685E-06  3.560E-06  2.031E-06  9.801E-07  3.167E-07  5.137E-08  4.934E-09  1.695E-10  1.784E-12  1.700E-15  2.255E-25  0.000E+00  0.000E+00  0.000E+00  0.000E+00  0.000E+00  0.000E+00  0.000E+00  0.000E+00  0.000E+00  0.000E+00  0.000E+00  0.000E+00  0.000E+00
  396.5000  7.057E-03  6.406E-03  5.732E-03  5.146E-03  4.641E-03  4.206E-03  3.776E-03  3.286E-03  2.959E-03  2.534E-03  2.211E-03  1.926E-03  1.636E-03  1.388E-03  1.173E-03  9.841E-04  8.204E-04  6.805E-04  5.629E-04  4.653E-04  3.705E-04  3.022E-04  2.406E-04  1.947E-04  1.534E-04  1.214E-04  9.720E-05  7.584E-05  5.889E-05  4.548E-05  3.487E-05  2.594E-05  1.925E-05  1.420E-05  1.014E-05  7.179E-06  4.920E-06  3.330E-06  2.088E-06  1.193E-06  5.778E-07  1.880E-07  3.087E-08  3.019E-09  1.068E-10  1.171E-12  1.183E-15  1.768E-25  0.000E+00  0.000E+00  0.000E+00  0.000E+00  0.000E+00  0.000E+00  0.000E+00  0.000E+00  0.000E+00  0.000E+00  0.000E+00  0.000E+00  0.000E+00
  397.5000  8.147E-03  7.396E-03  6.617E-03  5.941E-03  5.357E-03  4.854E-03  4.358E-03  3.792E-03  3.414E-03  2.923E-03  2.550E-03  2.222E-03  1.886E-03  1.600E-03  1.351E-03  1.134E-03  9.453E-04  7.839E-04  6.483E-04  5.358E-04  4.265E-04  3.478E-04  2.769E-04  2.240E-04  1.764E-04  1.397E-04  1.118E-04  8.719E-05  6.770E-05  5.228E-05  4.008E-05  2.982E-05  2.214E-05  1.633E-05  1.167E-05  8.259E-06  5.661E-06  3.834E-06  2.406E-06  1.378E-06  6.694E-07  2.192E-07  3.645E-08  3.629E-09  1.320E-10  1.507E-12  1.616E-15  2.715E-25  0.000E+00  0.000E+00  0.000E+00  0.000E+00  0.000E+00  0.000E+00  0.000E+00  0.000E+00  0.000E+00  0.000E+00  0.000E+00  0.000E+00  0.000E+00
  398.5000  1.400E-02  1.271E-02  1.137E-02  1.021E-02  9.206E-03  8.342E-03  7.488E-03  6.515E-03  5.865E-03  5.020E-03  4.379E-03  3.815E-03  3.239E-03  2.746E-03  2.319E-03  1.946E-03  1.622E-03  1.345E-03  1.112E-03  9.187E-04  7.311E-04  5.961E-04  4.744E-04  3.837E-04  3.022E-04  2.392E-04  1.914E-04  1.493E-04  1.159E-04  8.950E-05  6.862E-05  5.106E-05  3.790E-05  2.796E-05  1.998E-05  1.415E-05  9.700E-06  6.573E-06  4.128E-06  2.368E-06  1.155E-06  3.807E-07  6.405E-08  6.493E-09  2.429E-10  2.886E-12  3.278E-15  6.188E-25  0.000E+00  0.000E+00  0.000E+00  0.000E+00  0.000E+00  0.000E+00  0.000E+00  0.000E+00  0.000E+00  0.000E+00  0.000E+00  0.000E+00  0.000E+00
  399.5000  1.457E-02  1.323E-02  1.183E-02  1.062E-02  9.577E-03  8.677E-03  7.789E-03  6.775E-03  6.099E-03  5.220E-03  4.552E-03  3.965E-03  3.365E-03  2.854E-03  2.410E-03  2.021E-03  1.684E-03  1.396E-03  1.154E-03  9.535E-04  7.586E-04  6.183E-04  4.920E-04  3.979E-04  3.133E-04  2.479E-04  1.983E-04  1.547E-04  1.201E-04  9.273E-05  7.110E-05  5.291E-05  3.928E-05  2.898E-05  2.071E-05  1.467E-05  1.006E-05  6.819E-06  4.286E-06  2.463E-06  1.205E-06  3.999E-07  6.810E-08  7.025E-09  2.702E-10  3.340E-12  4.016E-15  8.507E-25  0.000E+00  0.000E+00  0.000E+00  0.000E+00  0.000E+00  0.000E+00  0.000E+00  0.000E+00  0.000E+00  0.000E+00  0.000E+00  0.000E+00  0.000E+00
------------------------------------------------------------
Dose rates,W m-2
   1 = UV index (WMO, 1994; Webb et al., 2011)           
   2 = Previtamin-D3 (CIE 2006)                          
values at z =      0.025 km
Columns: time,sza,weighting spectra
time,hrs.  sza,deg.          1          2
   18.0000     89.890  2.081E-02  3.577E-04
   18.0167     90.078  1.895E-02  3.295E-04
   18.0333     90.266  1.705E-02  3.003E-04
   18.0500     90.455  1.540E-02  2.750E-04
   18.0667     90.644  1.399E-02  2.531E-04
   18.0833     90.833  1.277E-02  2.341E-04
   18.1000     91.022  1.156E-02  2.149E-04
   18.1167     91.211  1.019E-02  1.929E-04
   18.1333     91.401  9.261E-03  1.781E-04
   18.1500     91.591  8.053E-03  1.579E-04
   18.1667     91.781  7.123E-03  1.421E-04
   18.1833     91.971  6.302E-03  1.281E-04
   18.2000     92.162  5.450E-03  1.129E-04
   18.2167     92.353  4.711E-03  9.952E-05
   18.2333     92.544  4.060E-03  8.738E-05
   18.2500     92.735  3.479E-03  7.625E-05
   18.2667     92.926  2.964E-03  6.611E-05
   18.2833     93.118  2.514E-03  5.697E-05
   18.3000     93.309  2.125E-03  4.885E-05
   18.3167     93.501  1.792E-03  4.164E-05
   18.3333     93.693  1.459E-03  3.426E-05
   18.3500     93.886  1.212E-03  2.866E-05
   18.3667     94.078  9.797E-04  2.322E-05
   18.3833     94.271  8.026E-04  1.905E-05
   18.4000     94.464  6.374E-04  1.506E-05
   18.4167     94.657  5.055E-04  1.184E-05
   18.4333     94.850  4.017E-04  9.263E-06
   18.4500     95.043  3.131E-04  7.155E-06
   18.4667     95.237  2.396E-04  5.353E-06
   18.4833     95.431  1.808E-04  3.906E-06
   18.5000     95.624  1.330E-04  2.698E-06
   18.5167     95.819  9.383E-05  1.730E-06
   18.5333     96.013  6.469E-05  1.010E-06
   18.5500     96.208  4.366E-05  5.324E-07
   18.5667     96.402  2.783E-05  2.265E-07
   18.5833     96.597  1.766E-05  8.787E-08
   18.6000     96.792  1.079E-05  3.015E-08
   18.6167     96.987  6.531E-06  1.029E-08
   18.6333     97.183  3.554E-06  2.902E-09
   18.6500     97.378  1.689E-06  6.602E-10
   18.6667     97.574  6.421E-07  1.189E-10
   18.6833     97.769  1.469E-07  1.186E-11
   18.7000     97.965  1.486E-08  4.221E-13
   18.7167     98.162  8.655E-10  5.461E-15
   18.7333     98.358  1.841E-11  7.694E-18
   18.7500     98.555  1.376E-13  8.748E-22
   18.7667     98.751  1.083E-16  1.124E-27
   18.7833     98.948  1.453E-26  6.670E-43
   18.8000     99.145  0.000E+00  0.000E+00
   18.8167     99.342  0.000E+00  0.000E+00
   18.8333     99.539  0.000E+00  0.000E+00
   18.8500     99.737  0.000E+00  0.000E+00
   18.8667     99.934  0.000E+00  0.000E+00
   18.8833    100.132  0.000E+00  0.000E+00
   18.9000    100.330  0.000E+00  0.000E+00
   18.9167    100.528  0.000E+00  0.000E+00
   18.9333    100.726  0.000E+00  0.000E+00
   18.9500    100.925  0.000E+00  0.000E+00
   18.9667    101.123  0.000E+00  0.000E+00
   18.9833    101.322  0.000E+00  0.000E+00
   19.0000    101.521  0.000E+00  0.000E+00
------------------------------------------------------------
