Spectral Irradiance,W m-2 nm-1
values at z =      0.025 km
Columns: wavelength (nm),times (hrs.) or sza (deg.)
    wc,nm     18.000     18.017     18.033     18.050     18.067     18.083     18.100     18.117     18.133     18.150     18.167     18.183     18.200     18.217     18.233     18.250     18.267     18.283     18.300     18.317     18.333     18.350     18.367     18.383     18.400     18.417     18.433     18.450     18.467     18.483     18.500     18.517     18.533     18.550     18.567     18.583     18.600     18.617     18.633     18.650     18.667     18.683     18.700     18.717     18.733     18.750     18.767     18.783     18.800     18.817     18.833     18.850     18.867     18.883     18.900     18.917     18.933     18.950     18.967     18.983     19.000
    sza =      89.761     89.950     90.139     90.328     90.517     90.707     90.897     91.086     91.277     91.467     91.658     91.848     92.039     92.230     92.422     92.613     92.805     92.997     93.189     93.381     93.574     93.767     93.960     94.153     94.346     94.539     94.733     94.927     95.121     95.315     95.509     95.704     95.899     96.094     96.289     96.484     96.679     96.875     97.071     97.267     97.463     97.659     97.855     98.052     98.249     98.445     98.642     98.840     99.037     99.235     99.432     99.630     99.828    100.026    100.224    100.423    100.621    100.820    101.019    101.218    101.417
  280.5000  4.604E-27  4.363E-27  4.055E-27  3.759E-27  3.499E-27  3.270E-27  3.069E-27  2.789E-27  2.567E-27  2.332E-27  2.121E-27  1.889E-27  1.694E-27  1.516E-27  1.322E-27  1.147E-27  9.893E-28  8.462E-28  7.184E-28  5.850E-28  4.795E-28  3.885E-28  2.921E-28  2.208E-28  1.500E-28  9.351E-29  5.293E-29  2.291E-29  6.327E-30  8.809E-31  2.806E-32  1.179E-34  3.686E-39  0.000E+00  0.000E+00  0.000E+00  0.000E+00  0.000E+00  0.000E+00  0.000E+00  0.000E+00  0.000E+00  0.000E+00  0.000E+00  0.000E+00  0.000E+00  0.000E+00  0.000E+00  0.000E+00  0.000E+00  0.000E+00  0.000E+00  0.000E+00  0.000E+00  0.000E+00  0.000E+00  0.000E+00  0.000E+00  0.000E+00  0.000E+00  0.000E+00
  281.5000  1.050E-24  9.958E-25  9.257E-25  8.582E-25  7.992E-25  7.473E-25  7.014E-25  6.377E-25  5.870E-25  5.335E-25  4.854E-25  4.323E-25  3.879E-25  3.471E-25  3.029E-25  2.630E-25  2.268E-25  1.941E-25  1.649E-25  1.345E-25  1.104E-25  8.983E-26  6.808E-26  5.201E-26  3.597E-26  2.305E-26  1.357E-26  6.254E-27  1.921E-27  3.165E-28  1.363E-29  9.268E-32  7.246E-36  2.044E-42  0.000E+00  0.000E+00  0.000E+00  0.000E+00  0.000E+00  0.000E+00  0.000E+00  0.000E+00  0.000E+00  0.000E+00  0.000E+00  0.000E+00  0.000E+00  0.000E+00  0.000E+00  0.000E+00  0.000E+00  0.000E+00  0.000E+00  0.000E+00  0.000E+00  0.000E+00  0.000E+00  0.000E+00  0.000E+00  0.000E+00  0.000E+00
  282.5000  7.634E-23  7.239E-23  6.732E-23  6.243E-23  5.815E-23  5.439E-23  5.106E-23  4.643E-23  4.276E-23  3.887E-23  3.538E-23  3.151E-23  2.829E-23  2.532E-23  2.210E-23  1.919E-23  1.656E-23  1.418E-23  1.206E-23  9.841E-24  8.097E-24  6.607E-24  5.041E-24  3.884E-24  2.727E-24  1.790E-24  1.090E-24  5.304E-25  1.788E-25  3.418E-26  1.924E-27  2.004E-29  3.514E-33  3.685E-39  0.000E+00  0.000E+00  0.000E+00  0.000E+00  0.000E+00  0.000E+00  0.000E+00  0.000E+00  0.000E+00  0.000E+00  0.000E+00  0.000E+00  0.000E+00  0.000E+00  0.000E+00  0.000E+00  0.000E+00  0.000E+00  0.000E+00  0.000E+00  0.000E+00  0.000E+00  0.000E+00  0.000E+00  0.000E+00  0.000E+00  0.000E+00
  283.5000  1.115E-21  1.057E-21  9.831E-22  9.119E-22  8.496E-22  7.948E-22  7.464E-22  6.789E-22  6.252E-22  5.685E-22  5.176E-22  4.611E-22  4.140E-22  3.706E-22  3.236E-22  2.811E-22  2.426E-22  2.078E-22  1.768E-22  1.444E-22  1.189E-22  9.725E-23  7.450E-23  5.772E-23  4.092E-23  2.726E-23  1.697E-23  8.555E-24  3.064E-24  6.458E-25  4.336E-26  5.984E-28  1.783E-31  4.405E-37  2.803E-45  0.000E+00  0.000E+00  0.000E+00  0.000E+00  0.000E+00  0.000E+00  0.000E+00  0.000E+00  0.000E+00  0.000E+00  0.000E+00  0.000E+00  0.000E+00  0.000E+00  0.000E+00  0.000E+00  0.000E+00  0.000E+00  0.000E+00  0.000E+00  0.000E+00  0.000E+00  0.000E+00  0.000E+00  0.000E+00  0.000E+00
  284.5000  9.067E-20  8.602E-20  8.003E-20  7.426E-20  6.922E-20  6.478E-20  6.086E-20  5.539E-20  5.104E-20  4.643E-20  4.229E-20  3.771E-20  3.386E-20  3.033E-20  2.650E-20  2.303E-20  1.988E-20  1.704E-20  1.451E-20  1.187E-20  9.796E-21  8.037E-21  6.202E-21  4.849E-21  3.493E-21  2.387E-21  1.541E-21  8.241E-22  3.266E-22  8.094E-23  7.289E-24  1.611E-25  1.179E-28  1.265E-33  5.804E-41  0.000E+00  0.000E+00  0.000E+00  0.000E+00  0.000E+00  0.000E+00  0.000E+00  0.000E+00  0.000E+00  0.000E+00  0.000E+00  0.000E+00  0.000E+00  0.000E+00  0.000E+00  0.000E+00  0.000E+00  0.000E+00  0.000E+00  0.000E+00  0.000E+00  0.000E+00  0.000E+00  0.000E+00  0.000E+00  0.000E+00
  285.5000  1.471E-18  1.396E-18  1.299E-18  1.206E-18  1.125E-18  1.053E-18  9.896E-19  9.009E-19  8.305E-19  7.558E-19  6.888E-19  6.142E-19  5.520E-19  4.945E-19  4.323E-19  3.758E-19  3.247E-19  2.785E-19  2.373E-19  1.942E-19  1.605E-19  1.321E-19  1.024E-19  8.062E-20  5.877E-20  4.092E-20  2.715E-20  1.519E-20  6.509E-21  1.832E-21  2.079E-22  6.655E-24  9.825E-27  3.271E-31  8.013E-38  0.000E+00  0.000E+00  0.000E+00  0.000E+00  0.000E+00  0.000E+00  0.000E+00  0.000E+00  0.000E+00  0.000E+00  0.000E+00  0.000E+00  0.000E+00  0.000E+00  0.000E+00  0.000E+00  0.000E+00  0.000E+00  0.000E+00  0.000E+00  0.000E+00  0.000E+00  0.000E+00  0.000E+00  0.000E+00  0.000E+00
  286.5000  5.652E-17  5.365E-17  4.993E-17  4.636E-17  4.324E-17  4.050E-17  3.807E-17  3.467E-17  3.197E-17  2.911E-17  2.654E-17  2.367E-17  2.129E-17  1.908E-17  1.668E-17  1.451E-17  1.254E-17  1.076E-17  9.173E-18  7.515E-18  6.219E-18  5.125E-18  3.990E-18  3.156E-18  2.321E-18  1.639E-18  1.110E-18  6.429E-19  2.925E-19  9.078E-20  1.233E-20  5.262E-22  1.340E-24  1.071E-28  9.550E-35  2.803E-45  0.000E+00  0.000E+00  0.000E+00  0.000E+00  0.000E+00  0.000E+00  0.000E+00  0.000E+00  0.000E+00  0.000E+00  0.000E+00  0.000E+00  0.000E+00  0.000E+00  0.000E+00  0.000E+00  0.000E+00  0.000E+00  0.000E+00  0.000E+00  0.000E+00  0.000E+00  0.000E+00  0.000E+00  0.000E+00
  287.5000  1.206E-15  1.145E-15  1.066E-15  9.899E-16  9.235E-16  8.652E-16  8.138E-16  7.414E-16  6.840E-16  6.231E-16  5.683E-16  5.072E-16  4.562E-16  4.091E-16  3.579E-16  3.114E-16  2.693E-16  2.313E-16  1.973E-16  1.618E-16  1.340E-16  1.107E-16  8.651E-17  6.879E-17  5.106E-17  3.659E-17  2.534E-17  1.521E-17  7.372E-18  2.539E-18  4.174E-19  2.424E-20  1.112E-22  2.294E-26  8.354E-32  2.893E-41  0.000E+00  0.000E+00  0.000E+00  0.000E+00  0.000E+00  0.000E+00  0.000E+00  0.000E+00  0.000E+00  0.000E+00  0.000E+00  0.000E+00  0.000E+00  0.000E+00  0.000E+00  0.000E+00  0.000E+00  0.000E+00  0.000E+00  0.000E+00  0.000E+00  0.000E+00  0.000E+00  0.000E+00  0.000E+00
  288.5000  2.543E-14  2.414E-14  2.248E-14  2.089E-14  1.949E-14  1.827E-14  1.719E-14  1.567E-14  1.447E-14  1.318E-14  1.203E-14  1.075E-14  9.673E-15  8.679E-15  7.598E-15  6.616E-15  5.725E-15  4.919E-15  4.200E-15  3.447E-15  2.860E-15  2.367E-15  1.858E-15  1.485E-15  1.113E-15  8.104E-16  5.742E-16  3.582E-16  1.859E-16  7.169E-17  1.452E-17  1.183E-18  1.036E-20  6.050E-24  1.028E-28  5.496E-37  0.000E+00  0.000E+00  0.000E+00  0.000E+00  0.000E+00  0.000E+00  0.000E+00  0.000E+00  0.000E+00  0.000E+00  0.000E+00  0.000E+00  0.000E+00  0.000E+00  0.000E+00  0.000E+00  0.000E+00  0.000E+00  0.000E+00  0.000E+00  0.000E+00  0.000E+00  0.000E+00  0.000E+00  0.000E+00
  289.5000  3.911E-13  3.714E-13  3.460E-13  3.214E-13  3.001E-13  2.813E-13  2.648E-13  2.415E-13  2.230E-13  2.033E-13  1.856E-13  1.659E-13  1.494E-13  1.341E-13  1.175E-13  1.023E-13  8.860E-14  7.618E-14  6.508E-14  5.347E-14  4.440E-14  3.681E-14  2.897E-14  2.325E-14  1.755E-14  1.291E-14  9.300E-15  5.965E-15  3.254E-15  1.364E-15  3.228E-16  3.382E-17  4.791E-19  6.011E-22  3.135E-26  1.205E-33  4.764E-44  0.000E+00  0.000E+00  0.000E+00  0.000E+00  0.000E+00  0.000E+00  0.000E+00  0.000E+00  0.000E+00  0.000E+00  0.000E+00  0.000E+00  0.000E+00  0.000E+00  0.000E+00  0.000E+00  0.000E+00  0.000E+00  0.000E+00  0.000E+00  0.000E+00  0.000E+00  0.000E+00  0.000E+00
  290.5000  3.731E-12  3.543E-12  3.301E-12  3.067E-12  2.864E-12  2.686E-12  2.529E-12  2.307E-12  2.131E-12  1.944E-12  1.775E-12  1.587E-12  1.430E-12  1.284E-12  1.126E-12  9.812E-13  8.499E-13  7.312E-13  6.251E-13  5.139E-13  4.271E-13  3.545E-13  2.797E-13  2.252E-13  1.709E-13  1.268E-13  9.256E-14  6.071E-14  3.449E-14  1.548E-14  4.162E-15  5.368E-16  1.134E-17  2.692E-20  3.589E-24  7.208E-31  3.000E-40  0.000E+00  0.000E+00  0.000E+00  0.000E+00  0.000E+00  0.000E+00  0.000E+00  0.000E+00  0.000E+00  0.000E+00  0.000E+00  0.000E+00  0.000E+00  0.000E+00  0.000E+00  0.000E+00  0.000E+00  0.000E+00  0.000E+00  0.000E+00  0.000E+00  0.000E+00  0.000E+00  0.000E+00
  291.5000  3.162E-11  3.003E-11  2.798E-11  2.600E-11  2.428E-11  2.278E-11  2.145E-11  1.958E-11  1.809E-11  1.651E-11  1.509E-11  1.350E-11  1.217E-11  1.094E-11  9.591E-12  8.366E-12  7.252E-12  6.244E-12  5.341E-12  4.395E-12  3.657E-12  3.040E-12  2.405E-12  1.942E-12  1.482E-12  1.110E-12  8.218E-13  5.520E-13  3.274E-13  1.581E-13  4.880E-14  7.893E-15  2.588E-16  1.246E-18  4.738E-22  6.091E-28  3.586E-36  0.000E+00  0.000E+00  0.000E+00  0.000E+00  0.000E+00  0.000E+00  0.000E+00  0.000E+00  0.000E+00  0.000E+00  0.000E+00  0.000E+00  0.000E+00  0.000E+00  0.000E+00  0.000E+00  0.000E+00  0.000E+00  0.000E+00  0.000E+00  0.000E+00  0.000E+00  0.000E+00  0.000E+00
  292.5000  1.709E-10  1.623E-10  1.512E-10  1.406E-10  1.313E-10  1.232E-10  1.160E-10  1.059E-10  9.791E-11  8.940E-11  8.172E-11  7.315E-11  6.610E-11  5.933E-11  5.207E-11  4.545E-11  3.942E-11  3.396E-11  2.907E-11  2.394E-11  1.994E-11  1.660E-11  1.316E-11  1.066E-11  8.168E-12  6.166E-12  4.615E-12  3.161E-12  1.943E-12  9.983E-13  3.464E-13  6.794E-14  3.236E-15  2.822E-17  2.567E-20  1.516E-25  7.731E-33  2.929E-43  0.000E+00  0.000E+00  0.000E+00  0.000E+00  0.000E+00  0.000E+00  0.000E+00  0.000E+00  0.000E+00  0.000E+00  0.000E+00  0.000E+00  0.000E+00  0.000E+00  0.000E+00  0.000E+00  0.000E+00  0.000E+00  0.000E+00  0.000E+00  0.000E+00  0.000E+00  0.000E+00
  293.5000  1.061E-09  1.008E-09  9.389E-10  8.727E-10  8.152E-10  7.648E-10  7.206E-10  6.579E-10  6.084E-10  5.557E-10  5.082E-10  4.551E-10  4.109E-10  3.696E-10  3.246E-10  2.835E-10  2.461E-10  2.121E-10  1.817E-10  1.498E-10  1.249E-10  1.040E-10  8.266E-11  6.710E-11  5.165E-11  3.925E-11  2.967E-11  2.068E-11  1.313E-11  7.131E-12  2.753E-12  6.442E-13  4.336E-14  6.579E-16  1.356E-18  3.362E-23  1.312E-29  9.494E-39  0.000E+00  0.000E+00  0.000E+00  0.000E+00  0.000E+00  0.000E+00  0.000E+00  0.000E+00  0.000E+00  0.000E+00  0.000E+00  0.000E+00  0.000E+00  0.000E+00  0.000E+00  0.000E+00  0.000E+00  0.000E+00  0.000E+00  0.000E+00  0.000E+00  0.000E+00  0.000E+00
  294.5000  3.694E-09  3.507E-09  3.267E-09  3.036E-09  2.836E-09  2.661E-09  2.507E-09  2.290E-09  2.117E-09  1.935E-09  1.770E-09  1.586E-09  1.432E-09  1.289E-09  1.132E-09  9.897E-10  8.596E-10  7.416E-10  6.358E-10  5.245E-10  4.375E-10  3.649E-10  2.904E-10  2.362E-10  1.824E-10  1.393E-10  1.061E-10  7.501E-11  4.888E-11  2.779E-11  1.172E-11  3.173E-12  2.841E-13  6.777E-15  2.712E-17  2.120E-21  4.144E-27  3.068E-35  1.401E-45  0.000E+00  0.000E+00  0.000E+00  0.000E+00  0.000E+00  0.000E+00  0.000E+00  0.000E+00  0.000E+00  0.000E+00  0.000E+00  0.000E+00  0.000E+00  0.000E+00  0.000E+00  0.000E+00  0.000E+00  0.000E+00  0.000E+00  0.000E+00  0.000E+00  0.000E+00
  295.5000  1.777E-08  1.687E-08  1.571E-08  1.460E-08  1.363E-08  1.279E-08  1.205E-08  1.100E-08  1.018E-08  9.303E-09  8.513E-09  7.631E-09  6.892E-09  6.208E-09  5.459E-09  4.774E-09  4.150E-09  3.583E-09  3.074E-09  2.538E-09  2.119E-09  1.769E-09  1.411E-09  1.149E-09  8.906E-10  6.838E-10  5.250E-10  3.760E-10  2.513E-10  1.494E-10  6.875E-11  2.156E-11  2.578E-12  9.782E-14  7.780E-16  2.011E-19  2.121E-24  1.794E-31  1.450E-40  0.000E+00  0.000E+00  0.000E+00  0.000E+00  0.000E+00  0.000E+00  0.000E+00  0.000E+00  0.000E+00  0.000E+00  0.000E+00  0.000E+00  0.000E+00  0.000E+00  0.000E+00  0.000E+00  0.000E+00  0.000E+00  0.000E+00  0.000E+00  0.000E+00  0.000E+00
  296.5000  5.365E-08  5.091E-08  4.740E-08  4.403E-08  4.111E-08  3.856E-08  3.632E-08  3.318E-08  3.069E-08  2.805E-08  2.568E-08  2.302E-08  2.081E-08  1.875E-08  1.649E-08  1.444E-08  1.256E-08  1.085E-08  9.314E-09  7.699E-09  6.433E-09  5.377E-09  4.293E-09  3.504E-09  2.723E-09  2.100E-09  1.622E-09  1.175E-09  8.019E-10  4.954E-10  2.456E-10  8.736E-11  1.342E-11  7.584E-13  1.087E-14  7.768E-18  3.394E-22  2.193E-28  2.425E-36  0.000E+00  0.000E+00  0.000E+00  0.000E+00  0.000E+00  0.000E+00  0.000E+00  0.000E+00  0.000E+00  0.000E+00  0.000E+00  0.000E+00  0.000E+00  0.000E+00  0.000E+00  0.000E+00  0.000E+00  0.000E+00  0.000E+00  0.000E+00  0.000E+00  0.000E+00
  297.5000  1.674E-07  1.588E-07  1.478E-07  1.372E-07  1.281E-07  1.201E-07  1.131E-07  1.033E-07  9.555E-08  8.735E-08  7.996E-08  7.172E-08  6.486E-08  5.844E-08  5.145E-08  4.506E-08  3.922E-08  3.391E-08  2.913E-08  2.410E-08  2.016E-08  1.686E-08  1.348E-08  1.102E-08  8.584E-09  6.644E-09  5.159E-09  3.771E-09  2.620E-09  1.671E-09  8.821E-10  3.494E-10  6.658E-11  5.313E-12  1.272E-13  2.208E-16  3.338E-20  1.277E-25  1.398E-32  4.219E-42  0.000E+00  0.000E+00  0.000E+00  0.000E+00  0.000E+00  0.000E+00  0.000E+00  0.000E+00  0.000E+00  0.000E+00  0.000E+00  0.000E+00  0.000E+00  0.000E+00  0.000E+00  0.000E+00  0.000E+00  0.000E+00  0.000E+00  0.000E+00  0.000E+00
  298.5000  3.037E-07  2.878E-07  2.678E-07  2.485E-07  2.319E-07  2.173E-07  2.046E-07  1.868E-07  1.728E-07  1.580E-07  1.446E-07  1.297E-07  1.173E-07  1.058E-07  9.314E-08  8.162E-08  7.108E-08  6.150E-08  5.288E-08  4.380E-08  3.666E-08  3.069E-08  2.457E-08  2.011E-08  1.570E-08  1.219E-08  9.502E-09  6.999E-09  4.935E-09  3.232E-09  1.800E-09  7.819E-10  1.793E-10  1.925E-11  7.162E-13  2.660E-15  1.160E-18  2.003E-23  1.516E-29  6.334E-38  0.000E+00  0.000E+00  0.000E+00  0.000E+00  0.000E+00  0.000E+00  0.000E+00  0.000E+00  0.000E+00  0.000E+00  0.000E+00  0.000E+00  0.000E+00  0.000E+00  0.000E+00  0.000E+00  0.000E+00  0.000E+00  0.000E+00  0.000E+00  0.000E+00
  299.5000  1.013E-06  9.597E-07  8.922E-07  8.277E-07  7.717E-07  7.230E-07  6.803E-07  6.210E-07  5.741E-07  5.248E-07  4.803E-07  4.310E-07  3.899E-07  3.515E-07  3.097E-07  2.715E-07  2.366E-07  2.049E-07  1.763E-07  1.462E-07  1.224E-07  1.026E-07  8.225E-08  6.740E-08  5.271E-08  4.103E-08  3.211E-08  2.381E-08  1.700E-08  1.140E-08  6.652E-09  3.134E-09  8.488E-10  1.192E-10  6.645E-12  4.980E-14  5.803E-17  4.119E-21  1.934E-26  9.762E-34  9.809E-44  0.000E+00  0.000E+00  0.000E+00  0.000E+00  0.000E+00  0.000E+00  0.000E+00  0.000E+00  0.000E+00  0.000E+00  0.000E+00  0.000E+00  0.000E+00  0.000E+00  0.000E+00  0.000E+00  0.000E+00  0.000E+00  0.000E+00  0.000E+00
  300.5000  1.306E-06  1.236E-06  1.149E-06  1.065E-06  9.922E-07  9.290E-07  8.738E-07  7.973E-07  7.368E-07  6.733E-07  6.161E-07  5.528E-07  5.002E-07  4.511E-07  3.975E-07  3.486E-07  3.040E-07  2.633E-07  2.267E-07  1.882E-07  1.577E-07  1.323E-07  1.062E-07  8.710E-08  6.823E-08  5.324E-08  4.178E-08  3.114E-08  2.246E-08  1.533E-08  9.292E-09  4.676E-09  1.449E-09  2.529E-10  1.954E-11  2.574E-13  6.560E-16  1.402E-19  2.685E-24  9.020E-31  1.204E-39  0.000E+00  0.000E+00  0.000E+00  0.000E+00  0.000E+00  0.000E+00  0.000E+00  0.000E+00  0.000E+00  0.000E+00  0.000E+00  0.000E+00  0.000E+00  0.000E+00  0.000E+00  0.000E+00  0.000E+00  0.000E+00  0.000E+00  0.000E+00
  301.5000  3.704E-06  3.503E-06  3.251E-06  3.011E-06  2.803E-06  2.622E-06  2.464E-06  2.247E-06  2.075E-06  1.896E-06  1.734E-06  1.556E-06  1.408E-06  1.269E-06  1.119E-06  9.818E-07  8.566E-07  7.425E-07  6.398E-07  5.316E-07  4.460E-07  3.743E-07  3.010E-07  2.471E-07  1.940E-07  1.517E-07  1.194E-07  8.948E-08  6.517E-08  4.531E-08  2.850E-08  1.533E-08  5.458E-09  1.195E-09  1.301E-10  3.120E-12  1.832E-14  1.273E-17  1.104E-21  2.908E-27  6.691E-35  9.193E-43  0.000E+00  0.000E+00  0.000E+00  0.000E+00  0.000E+00  0.000E+00  0.000E+00  0.000E+00  0.000E+00  0.000E+00  0.000E+00  0.000E+00  0.000E+00  0.000E+00  0.000E+00  0.000E+00  0.000E+00  0.000E+00  0.000E+00
  302.5000  5.882E-06  5.556E-06  5.153E-06  4.769E-06  4.436E-06  4.147E-06  3.894E-06  3.549E-06  3.276E-06  2.991E-06  2.734E-06  2.453E-06  2.219E-06  1.999E-06  1.764E-06  1.548E-06  1.351E-06  1.172E-06  1.010E-06  8.401E-07  7.053E-07  5.924E-07  4.768E-07  3.918E-07  3.080E-07  2.413E-07  1.903E-07  1.431E-07  1.049E-07  7.382E-08  4.762E-08  2.679E-08  1.048E-08  2.674E-09  3.678E-10  1.323E-11  1.360E-13  2.051E-16  4.744E-20  4.770E-25  6.933E-32  6.069E-39  8.408E-45  1.401E-45  0.000E+00  0.000E+00  0.000E+00  0.000E+00  0.000E+00  0.000E+00  0.000E+00  0.000E+00  0.000E+00  0.000E+00  0.000E+00  0.000E+00  0.000E+00  0.000E+00  0.000E+00  0.000E+00  0.000E+00
  303.5000  1.355E-05  1.278E-05  1.184E-05  1.095E-05  1.017E-05  9.494E-06  8.906E-06  8.110E-06  7.478E-06  6.823E-06  6.233E-06  5.589E-06  5.054E-06  4.555E-06  4.016E-06  3.526E-06  3.079E-06  2.671E-06  2.305E-06  1.919E-06  1.613E-06  1.355E-06  1.093E-06  8.988E-07  7.076E-07  5.556E-07  4.391E-07  3.315E-07  2.448E-07  1.746E-07  1.158E-07  6.848E-08  2.978E-08  9.046E-09  1.626E-09  9.342E-11  1.841E-12  6.935E-15  5.162E-18  2.554E-22  3.326E-28  2.646E-34  2.061E-39  1.630E-41  4.540E-43  2.803E-45  0.000E+00  0.000E+00  0.000E+00  0.000E+00  0.000E+00  0.000E+00  0.000E+00  0.000E+00  0.000E+00  0.000E+00  0.000E+00  0.000E+00  0.000E+00  0.000E+00  0.000E+00
  304.5000  1.776E-05  1.674E-05  1.549E-05  1.431E-05  1.328E-05  1.239E-05  1.161E-05  1.057E-05  9.735E-06  8.878E-06  8.106E-06  7.265E-06  6.567E-06  5.916E-06  5.218E-06  4.581E-06  4.000E-06  3.472E-06  2.997E-06  2.497E-06  2.100E-06  1.766E-06  1.425E-06  1.173E-06  9.247E-07  7.270E-07  5.753E-07  4.355E-07  3.230E-07  2.321E-07  1.565E-07  9.539E-08  4.420E-08  1.491E-08  3.143E-09  2.380E-10  6.874E-12  4.429E-14  6.525E-17  8.087E-21  3.659E-26  9.990E-32  1.920E-36  1.609E-38  3.526E-40  1.659E-42  1.401E-45  0.000E+00  0.000E+00  0.000E+00  0.000E+00  0.000E+00  0.000E+00  0.000E+00  0.000E+00  0.000E+00  0.000E+00  0.000E+00  0.000E+00  0.000E+00  0.000E+00
  305.5000  3.124E-05  2.938E-05  2.715E-05  2.503E-05  2.319E-05  2.160E-05  2.021E-05  1.837E-05  1.690E-05  1.539E-05  1.404E-05  1.257E-05  1.136E-05  1.022E-05  9.014E-06  7.914E-06  6.913E-06  6.003E-06  5.183E-06  4.324E-06  3.640E-06  3.064E-06  2.476E-06  2.041E-06  1.612E-06  1.270E-06  1.006E-06  7.645E-07  5.703E-07  4.141E-07  2.852E-07  1.809E-07  9.132E-08  3.551E-08  9.346E-09  1.044E-09  5.221E-11  7.429E-13  3.043E-15  1.504E-18  4.500E-23  8.154E-28  6.239E-32  5.628E-34  8.223E-36  1.935E-38  1.354E-42  0.000E+00  0.000E+00  0.000E+00  0.000E+00  0.000E+00  0.000E+00  0.000E+00  0.000E+00  0.000E+00  0.000E+00  0.000E+00  0.000E+00  0.000E+00  0.000E+00
  306.5000  3.711E-05  3.487E-05  3.219E-05  2.965E-05  2.745E-05  2.554E-05  2.388E-05  2.169E-05  1.994E-05  1.815E-05  1.654E-05  1.481E-05  1.337E-05  1.203E-05  1.060E-05  9.310E-06  8.132E-06  7.062E-06  6.100E-06  5.092E-06  4.288E-06  3.612E-06  2.922E-06  2.409E-06  1.904E-06  1.502E-06  1.191E-06  9.065E-07  6.781E-07  4.948E-07  3.443E-07  2.224E-07  1.168E-07  4.849E-08  1.411E-08  1.876E-09  1.192E-10  2.378E-12  1.497E-14  1.330E-17  8.842E-22  3.558E-26  4.906E-30  4.697E-32  6.047E-34  1.150E-36  6.452E-41  0.000E+00  0.000E+00  0.000E+00  0.000E+00  0.000E+00  0.000E+00  0.000E+00  0.000E+00  0.000E+00  0.000E+00  0.000E+00  0.000E+00  0.000E+00  0.000E+00
  307.5000  6.991E-05  6.553E-05  6.036E-05  5.547E-05  5.123E-05  4.756E-05  4.438E-05  4.022E-05  3.691E-05  3.355E-05  3.052E-05  2.729E-05  2.461E-05  2.212E-05  1.948E-05  1.710E-05  1.493E-05  1.297E-05  1.121E-05  9.366E-06  7.893E-06  6.654E-06  5.392E-06  4.450E-06  3.524E-06  2.785E-06  2.213E-06  1.689E-06  1.269E-06  9.331E-07  6.596E-07  4.388E-07  2.460E-07  1.141E-07  3.957E-08  7.188E-09  7.124E-10  2.711E-11  3.950E-13  1.103E-15  3.515E-19  6.863E-23  2.988E-26  3.086E-28  2.876E-30  3.148E-33  9.126E-38  1.401E-45  0.000E+00  0.000E+00  0.000E+00  0.000E+00  0.000E+00  0.000E+00  0.000E+00  0.000E+00  0.000E+00  0.000E+00  0.000E+00  0.000E+00  0.000E+00
  308.5000  8.744E-05  8.187E-05  7.533E-05  6.915E-05  6.380E-05  5.916E-05  5.512E-05  4.993E-05  4.578E-05  4.157E-05  3.780E-05  3.376E-05  3.044E-05  2.734E-05  2.407E-05  2.112E-05  1.844E-05  1.602E-05  1.384E-05  1.157E-05  9.758E-06  8.229E-06  6.674E-06  5.511E-06  4.369E-06  3.456E-06  2.748E-06  2.100E-06  1.581E-06  1.167E-06  8.305E-07  5.597E-07  3.229E-07  1.570E-07  5.863E-08  1.211E-08  1.433E-09  6.987E-11  1.395E-12  5.993E-15  3.418E-18  1.190E-21  7.940E-25  8.662E-27  7.497E-29  7.272E-32  1.882E-36  4.204E-45  0.000E+00  0.000E+00  0.000E+00  0.000E+00  0.000E+00  0.000E+00  0.000E+00  0.000E+00  0.000E+00  0.000E+00  0.000E+00  0.000E+00  0.000E+00
  309.5000  9.462E-05  8.836E-05  8.112E-05  7.429E-05  6.838E-05  6.326E-05  5.859E-05  5.317E-05  4.865E-05  4.410E-05  4.003E-05  3.570E-05  3.214E-05  2.883E-05  2.536E-05  2.224E-05  1.941E-05  1.685E-05  1.456E-05  1.219E-05  1.028E-05  8.676E-06  7.047E-06  5.824E-06  4.625E-06  3.664E-06  2.917E-06  2.234E-06  1.688E-06  1.251E-06  8.996E-07  6.175E-07  3.713E-07  1.938E-07  8.106E-08  2.052E-08  3.248E-09  2.420E-10  8.382E-12  7.668E-14  1.226E-16  1.203E-19  1.703E-22  1.984E-24  1.423E-26  1.004E-29  1.781E-34  3.069E-43  0.000E+00  0.000E+00  0.000E+00  0.000E+00  0.000E+00  0.000E+00  0.000E+00  0.000E+00  0.000E+00  0.000E+00  0.000E+00  0.000E+00  0.000E+00
  310.5000  1.519E-04  1.415E-04  1.296E-04  1.185E-04  1.088E-04  1.005E-04  9.326E-05  8.414E-05  7.684E-05  6.954E-05  6.301E-05  5.612E-05  5.046E-05  4.520E-05  3.974E-05  3.481E-05  3.036E-05  2.636E-05  2.277E-05  1.907E-05  1.609E-05  1.358E-05  1.105E-05  9.136E-06  7.265E-06  5.764E-06  4.595E-06  3.525E-06  2.669E-06  1.987E-06  1.439E-06  1.001E-06  6.204E-07  3.410E-07  1.551E-07  4.558E-08  8.908E-09  8.974E-10  4.587E-11  7.165E-13  2.363E-15  4.777E-18  1.143E-20  1.409E-22  9.037E-25  5.291E-28  7.640E-33  1.391E-41  0.000E+00  0.000E+00  0.000E+00  0.000E+00  0.000E+00  0.000E+00  0.000E+00  0.000E+00  0.000E+00  0.000E+00  0.000E+00  0.000E+00  0.000E+00
  311.5000  2.191E-04  2.039E-04  1.865E-04  1.702E-04  1.560E-04  1.438E-04  1.333E-04  1.201E-04  1.095E-04  9.895E-05  8.954E-05  7.967E-05  7.155E-05  6.403E-05  5.611E-05  4.923E-05  4.292E-05  3.724E-05  3.217E-05  2.694E-05  2.274E-05  1.921E-05  1.563E-05  1.294E-05  1.030E-05  8.179E-06  6.524E-06  5.012E-06  3.802E-06  2.837E-06  2.064E-06  1.448E-06  9.151E-07  5.200E-07  2.495E-07  8.074E-08  1.809E-08  2.215E-09  1.459E-10  3.239E-12  1.727E-14  5.666E-17  1.939E-19  2.527E-21  1.544E-23  8.312E-27  1.108E-31  2.272E-40  0.000E+00  0.000E+00  0.000E+00  0.000E+00  0.000E+00  0.000E+00  0.000E+00  0.000E+00  0.000E+00  0.000E+00  0.000E+00  0.000E+00  0.000E+00
  312.5000  2.712E-04  2.514E-04  2.292E-04  2.084E-04  1.904E-04  1.749E-04  1.614E-04  1.449E-04  1.317E-04  1.187E-04  1.070E-04  9.498E-05  8.508E-05  7.594E-05  6.650E-05  5.817E-05  5.064E-05  4.390E-05  3.788E-05  3.174E-05  2.680E-05  2.264E-05  1.845E-05  1.528E-05  1.219E-05  9.704E-06  7.751E-06  5.970E-06  4.542E-06  3.404E-06  2.495E-06  1.775E-06  1.157E-06  6.947E-07  3.649E-07  1.396E-07  3.977E-08  6.912E-09  7.174E-10  2.990E-11  3.743E-13  2.872E-15  1.810E-17  2.498E-19  1.318E-21  5.550E-25  5.538E-30  1.140E-38  0.000E+00  0.000E+00  0.000E+00  0.000E+00  0.000E+00  0.000E+00  0.000E+00  0.000E+00  0.000E+00  0.000E+00  0.000E+00  0.000E+00  0.000E+00
  313.5000  3.276E-04  3.034E-04  2.763E-04  2.510E-04  2.291E-04  2.102E-04  1.939E-04  1.740E-04  1.580E-04  1.422E-04  1.282E-04  1.136E-04  1.017E-04  9.072E-05  7.938E-05  6.940E-05  6.039E-05  5.233E-05  4.515E-05  3.783E-05  3.194E-05  2.699E-05  2.201E-05  1.824E-05  1.456E-05  1.159E-05  9.266E-06  7.143E-06  5.440E-06  4.082E-06  3.000E-06  2.144E-06  1.411E-06  8.608E-07  4.640E-07  1.857E-07  5.629E-08  1.061E-08  1.221E-09  5.875E-11  8.920E-13  8.285E-15  6.054E-17  8.751E-19  4.716E-21  2.061E-24  2.226E-29  5.598E-38  0.000E+00  0.000E+00  0.000E+00  0.000E+00  0.000E+00  0.000E+00  0.000E+00  0.000E+00  0.000E+00  0.000E+00  0.000E+00  0.000E+00  0.000E+00
  314.5000  4.219E-04  3.891E-04  3.528E-04  3.192E-04  2.902E-04  2.651E-04  2.435E-04  2.175E-04  1.967E-04  1.764E-04  1.583E-04  1.398E-04  1.248E-04  1.109E-04  9.687E-05  8.436E-05  7.325E-05  6.334E-05  5.457E-05  4.571E-05  3.858E-05  3.259E-05  2.661E-05  2.207E-05  1.765E-05  1.409E-05  1.128E-05  8.717E-06  6.659E-06  5.016E-06  3.710E-06  2.679E-06  1.807E-06  1.149E-06  6.654E-07  3.047E-07  1.124E-07  2.832E-08  4.768E-09  3.918E-10  1.233E-11  2.378E-13  2.937E-15  4.495E-17  2.158E-19  7.743E-23  6.617E-28  1.705E-36  0.000E+00  0.000E+00  0.000E+00  0.000E+00  0.000E+00  0.000E+00  0.000E+00  0.000E+00  0.000E+00  0.000E+00  0.000E+00  0.000E+00  0.000E+00
  315.5000  4.581E-04  4.222E-04  3.827E-04  3.460E-04  3.143E-04  2.870E-04  2.635E-04  2.352E-04  2.125E-04  1.905E-04  1.708E-04  1.508E-04  1.345E-04  1.194E-04  1.043E-04  9.078E-05  7.878E-05  6.810E-05  5.865E-05  4.912E-05  4.145E-05  3.502E-05  2.861E-05  2.373E-05  1.899E-05  1.517E-05  1.214E-05  9.395E-06  7.184E-06  5.418E-06  4.014E-06  2.907E-06  1.973E-06  1.269E-06  7.470E-07  3.521E-07  1.351E-07  3.570E-08  6.374E-09  5.690E-10  1.998E-11  4.286E-13  5.778E-15  9.225E-17  4.611E-19  1.772E-22  1.709E-27  5.474E-36  0.000E+00  0.000E+00  0.000E+00  0.000E+00  0.000E+00  0.000E+00  0.000E+00  0.000E+00  0.000E+00  0.000E+00  0.000E+00  0.000E+00  0.000E+00
  316.5000  5.866E-04  5.384E-04  4.860E-04  4.376E-04  3.958E-04  3.599E-04  3.290E-04  2.924E-04  2.631E-04  2.348E-04  2.097E-04  1.844E-04  1.637E-04  1.449E-04  1.260E-04  1.093E-04  9.462E-05  8.159E-05  7.012E-05  5.865E-05  4.944E-05  4.174E-05  3.412E-05  2.831E-05  2.270E-05  1.817E-05  1.457E-05  1.130E-05  8.668E-06  6.560E-06  4.884E-06  3.565E-06  2.463E-06  1.632E-06  1.012E-06  5.265E-07  2.338E-07  7.699E-08  1.841E-08  2.476E-09  1.516E-10  5.649E-12  1.133E-13  1.904E-15  8.835E-18  2.993E-21  2.500E-26  8.554E-35  0.000E+00  0.000E+00  0.000E+00  0.000E+00  0.000E+00  0.000E+00  0.000E+00  0.000E+00  0.000E+00  0.000E+00  0.000E+00  0.000E+00  0.000E+00
  317.5000  8.306E-04  7.625E-04  6.884E-04  6.199E-04  5.609E-04  5.100E-04  4.663E-04  4.146E-04  3.731E-04  3.329E-04  2.974E-04  2.615E-04  2.323E-04  2.055E-04  1.787E-04  1.551E-04  1.342E-04  1.158E-04  9.949E-05  8.322E-05  7.015E-05  5.923E-05  4.842E-05  4.018E-05  3.223E-05  2.580E-05  2.069E-05  1.606E-05  1.232E-05  9.325E-06  6.947E-06  5.076E-06  3.514E-06  2.335E-06  1.454E-06  7.609E-07  3.399E-07  1.122E-07  2.684E-08  3.616E-09  2.213E-10  8.242E-12  1.677E-13  2.934E-15  1.457E-17  5.521E-21  5.483E-26  2.380E-34  0.000E+00  0.000E+00  0.000E+00  0.000E+00  0.000E+00  0.000E+00  0.000E+00  0.000E+00  0.000E+00  0.000E+00  0.000E+00  0.000E+00  0.000E+00
  318.5000  8.697E-04  7.951E-04  7.149E-04  6.410E-04  5.774E-04  5.226E-04  4.756E-04  4.209E-04  3.769E-04  3.348E-04  2.976E-04  2.604E-04  2.302E-04  2.027E-04  1.755E-04  1.517E-04  1.308E-04  1.124E-04  9.627E-05  8.036E-05  6.761E-05  5.700E-05  4.660E-05  3.867E-05  3.106E-05  2.491E-05  2.001E-05  1.558E-05  1.199E-05  9.112E-06  6.822E-06  5.021E-06  3.528E-06  2.404E-06  1.563E-06  8.898E-07  4.512E-07  1.807E-07  5.611E-08  1.095E-08  1.108E-09  6.813E-11  1.990E-12  3.659E-14  1.704E-16  5.792E-20  5.082E-25  2.369E-33  0.000E+00  0.000E+00  0.000E+00  0.000E+00  0.000E+00  0.000E+00  0.000E+00  0.000E+00  0.000E+00  0.000E+00  0.000E+00  0.000E+00  0.000E+00
  319.5000  1.131E-03  1.033E-03  9.286E-04  8.321E-04  7.490E-04  6.776E-04  6.162E-04  5.449E-04  4.876E-04  4.327E-04  3.844E-04  3.361E-04  2.969E-04  2.612E-04  2.259E-04  1.951E-04  1.680E-04  1.442E-04  1.235E-04  1.030E-04  8.663E-05  7.302E-05  5.969E-05  4.953E-05  3.980E-05  3.194E-05  2.568E-05  2.000E-05  1.541E-05  1.172E-05  8.790E-06  6.482E-06  4.574E-06  3.136E-06  2.061E-06  1.196E-06  6.234E-07  2.591E-07  8.438E-08  1.763E-08  1.955E-09  1.314E-10  4.141E-12  7.929E-14  3.850E-16  1.401E-19  1.379E-24  7.847E-33  0.000E+00  0.000E+00  0.000E+00  0.000E+00  0.000E+00  0.000E+00  0.000E+00  0.000E+00  0.000E+00  0.000E+00  0.000E+00  0.000E+00  0.000E+00
  320.5000  1.484E-03  1.355E-03  1.217E-03  1.089E-03  9.794E-04  8.850E-04  8.040E-04  7.100E-04  6.346E-04  5.625E-04  4.989E-04  4.356E-04  3.843E-04  3.376E-04  2.917E-04  2.515E-04  2.164E-04  1.855E-04  1.587E-04  1.323E-04  1.111E-04  9.362E-05  7.652E-05  6.349E-05  5.103E-05  4.097E-05  3.295E-05  2.569E-05  1.981E-05  1.509E-05  1.133E-05  8.372E-06  5.929E-06  4.089E-06  2.713E-06  1.605E-06  8.601E-07  3.740E-07  1.296E-07  2.955E-08  3.687E-09  2.795E-10  9.709E-12  1.939E-13  9.752E-16  3.748E-19  4.030E-24  2.748E-32  0.000E+00  0.000E+00  0.000E+00  0.000E+00  0.000E+00  0.000E+00  0.000E+00  0.000E+00  0.000E+00  0.000E+00  0.000E+00  0.000E+00  0.000E+00
  321.5000  1.819E-03  1.658E-03  1.485E-03  1.326E-03  1.189E-03  1.071E-03  9.701E-04  8.531E-04  7.593E-04  6.699E-04  5.914E-04  5.136E-04  4.508E-04  3.938E-04  3.382E-04  2.900E-04  2.480E-04  2.116E-04  1.800E-04  1.494E-04  1.250E-04  1.050E-04  8.564E-05  7.095E-05  5.705E-05  4.588E-05  3.695E-05  2.891E-05  2.239E-05  1.714E-05  1.294E-05  9.633E-06  6.917E-06  4.867E-06  3.342E-06  2.114E-06  1.256E-06  6.406E-07  2.767E-07  8.683E-08  1.675E-08  1.959E-09  9.320E-11  1.947E-12  9.284E-15  3.261E-18  3.185E-23  2.357E-31  0.000E+00  0.000E+00  0.000E+00  0.000E+00  0.000E+00  0.000E+00  0.000E+00  0.000E+00  0.000E+00  0.000E+00  0.000E+00  0.000E+00  0.000E+00
  322.5000  1.365E-03  1.245E-03  1.117E-03  9.993E-04  8.979E-04  8.108E-04  7.360E-04  6.493E-04  5.798E-04  5.134E-04  4.550E-04  3.968E-04  3.497E-04  3.069E-04  2.648E-04  2.281E-04  1.960E-04  1.679E-04  1.435E-04  1.195E-04  1.003E-04  8.447E-05  6.902E-05  5.726E-05  4.604E-05  3.699E-05  2.977E-05  2.323E-05  1.794E-05  1.368E-05  1.029E-05  7.620E-06  5.421E-06  3.764E-06  2.526E-06  1.524E-06  8.408E-07  3.808E-07  1.393E-07  3.436E-08  4.775E-09  4.051E-10  1.566E-11  3.388E-13  1.883E-15  8.488E-19  1.172E-23  1.187E-31  0.000E+00  0.000E+00  0.000E+00  0.000E+00  0.000E+00  0.000E+00  0.000E+00  0.000E+00  0.000E+00  0.000E+00  0.000E+00  0.000E+00  0.000E+00
  323.5000  2.273E-03  2.074E-03  1.857E-03  1.657E-03  1.485E-03  1.337E-03  1.210E-03  1.063E-03  9.445E-04  8.319E-04  7.330E-04  6.350E-04  5.561E-04  4.845E-04  4.149E-04  3.547E-04  3.024E-04  2.571E-04  2.182E-04  1.805E-04  1.507E-04  1.262E-04  1.028E-04  8.505E-05  6.836E-05  5.499E-05  4.432E-05  3.473E-05  2.696E-05  2.069E-05  1.568E-05  1.171E-05  8.465E-06  6.009E-06  4.186E-06  2.722E-06  1.688E-06  9.215E-07  4.388E-07  1.589E-07  3.740E-08  5.381E-09  3.045E-10  6.901E-12  3.540E-14  1.392E-17  1.632E-22  1.715E-30  0.000E+00  0.000E+00  0.000E+00  0.000E+00  0.000E+00  0.000E+00  0.000E+00  0.000E+00  0.000E+00  0.000E+00  0.000E+00  0.000E+00  0.000E+00
  324.5000  2.614E-03  2.385E-03  2.136E-03  1.906E-03  1.709E-03  1.539E-03  1.393E-03  1.223E-03  1.088E-03  9.585E-04  8.448E-04  7.323E-04  6.416E-04  5.593E-04  4.791E-04  4.098E-04  3.496E-04  2.974E-04  2.524E-04  2.089E-04  1.745E-04  1.462E-04  1.191E-04  9.858E-05  7.924E-05  6.376E-05  5.139E-05  4.027E-05  3.126E-05  2.399E-05  1.818E-05  1.358E-05  9.817E-06  6.971E-06  4.858E-06  3.158E-06  1.954E-06  1.061E-06  5.008E-07  1.791E-07  4.137E-08  5.852E-09  3.317E-10  7.797E-12  4.274E-14  1.872E-17  2.583E-22  3.368E-30  0.000E+00  0.000E+00  0.000E+00  0.000E+00  0.000E+00  0.000E+00  0.000E+00  0.000E+00  0.000E+00  0.000E+00  0.000E+00  0.000E+00  0.000E+00
  325.5000  2.724E-03  2.484E-03  2.224E-03  1.984E-03  1.778E-03  1.602E-03  1.450E-03  1.274E-03  1.133E-03  9.983E-04  8.803E-04  7.635E-04  6.693E-04  5.839E-04  5.006E-04  4.285E-04  3.659E-04  3.116E-04  2.647E-04  2.193E-04  1.833E-04  1.537E-04  1.253E-04  1.037E-04  8.340E-05  6.710E-05  5.408E-05  4.236E-05  3.286E-05  2.520E-05  1.907E-05  1.424E-05  1.027E-05  7.277E-06  5.051E-06  3.258E-06  1.992E-06  1.060E-06  4.860E-07  1.665E-07  3.631E-08  4.867E-09  2.696E-10  6.578E-12  3.898E-14  1.934E-17  3.192E-22  5.155E-30  0.000E+00  0.000E+00  0.000E+00  0.000E+00  0.000E+00  0.000E+00  0.000E+00  0.000E+00  0.000E+00  0.000E+00  0.000E+00  0.000E+00  0.000E+00
  326.5000  4.875E-03  4.460E-03  4.000E-03  3.575E-03  3.209E-03  2.895E-03  2.624E-03  2.304E-03  2.048E-03  1.803E-03  1.587E-03  1.372E-03  1.200E-03  1.043E-03  8.897E-04  7.576E-04  6.433E-04  5.447E-04  4.601E-04  3.788E-04  3.147E-04  2.627E-04  2.131E-04  1.759E-04  1.411E-04  1.135E-04  9.152E-05  7.186E-05  5.596E-05  4.313E-05  3.284E-05  2.469E-05  1.801E-05  1.293E-05  9.179E-06  6.180E-06  4.043E-06  2.404E-06  1.297E-06  5.657E-07  1.728E-07  3.267E-08  2.335E-09  5.937E-11  3.395E-13  1.583E-16  2.448E-21  4.306E-29  0.000E+00  0.000E+00  0.000E+00  0.000E+00  0.000E+00  0.000E+00  0.000E+00  0.000E+00  0.000E+00  0.000E+00  0.000E+00  0.000E+00  0.000E+00
  327.5000  3.970E-03  3.626E-03  3.249E-03  2.901E-03  2.602E-03  2.345E-03  2.123E-03  1.864E-03  1.657E-03  1.459E-03  1.284E-03  1.111E-03  9.722E-04  8.458E-04  7.228E-04  6.165E-04  5.244E-04  4.449E-04  3.765E-04  3.107E-04  2.587E-04  2.163E-04  1.758E-04  1.453E-04  1.167E-04  9.387E-05  7.570E-05  5.941E-05  4.622E-05  3.556E-05  2.703E-05  2.028E-05  1.475E-05  1.056E-05  7.452E-06  4.962E-06  3.187E-06  1.836E-06  9.438E-07  3.831E-07  1.057E-07  1.804E-08  1.215E-09  3.197E-11  1.997E-13  1.075E-16  2.046E-21  4.534E-29  0.000E+00  0.000E+00  0.000E+00  0.000E+00  0.000E+00  0.000E+00  0.000E+00  0.000E+00  0.000E+00  0.000E+00  0.000E+00  0.000E+00  0.000E+00
  328.5000  3.668E-03  3.349E-03  3.000E-03  2.678E-03  2.401E-03  2.163E-03  1.958E-03  1.718E-03  1.526E-03  1.343E-03  1.182E-03  1.023E-03  8.943E-04  7.777E-04  6.644E-04  5.665E-04  4.817E-04  4.085E-04  3.456E-04  2.851E-04  2.373E-04  1.983E-04  1.612E-04  1.332E-04  1.069E-04  8.603E-05  6.937E-05  5.445E-05  4.236E-05  3.260E-05  2.478E-05  1.859E-05  1.353E-05  9.680E-06  6.834E-06  4.553E-06  2.928E-06  1.691E-06  8.729E-07  3.572E-07  1.000E-07  1.748E-08  1.215E-09  3.323E-11  2.195E-13  1.287E-16  2.774E-21  7.344E-29  0.000E+00  0.000E+00  0.000E+00  0.000E+00  0.000E+00  0.000E+00  0.000E+00  0.000E+00  0.000E+00  0.000E+00  0.000E+00  0.000E+00  0.000E+00
  329.5000  6.565E-03  6.024E-03  5.414E-03  4.849E-03  4.362E-03  3.944E-03  3.584E-03  3.150E-03  2.805E-03  2.472E-03  2.178E-03  1.883E-03  1.646E-03  1.430E-03  1.219E-03  1.036E-03  8.776E-04  7.414E-04  6.247E-04  5.125E-04  4.245E-04  3.535E-04  2.859E-04  2.355E-04  1.885E-04  1.515E-04  1.222E-04  9.600E-05  7.488E-05  5.786E-05  4.421E-05  3.337E-05  2.448E-05  1.768E-05  1.268E-05  8.682E-06  5.834E-06  3.625E-06  2.092E-06  1.012E-06  3.591E-07  8.017E-08  6.711E-09  1.904E-10  1.241E-12  7.107E-16  1.511E-20  4.458E-28  0.000E+00  0.000E+00  0.000E+00  0.000E+00  0.000E+00  0.000E+00  0.000E+00  0.000E+00  0.000E+00  0.000E+00  0.000E+00  0.000E+00  0.000E+00
  330.5000  5.194E-03  4.754E-03  4.265E-03  3.813E-03  3.424E-03  3.090E-03  2.802E-03  2.460E-03  2.187E-03  1.926E-03  1.695E-03  1.465E-03  1.281E-03  1.113E-03  9.489E-04  8.074E-04  6.851E-04  5.795E-04  4.891E-04  4.022E-04  3.338E-04  2.784E-04  2.256E-04  1.861E-04  1.492E-04  1.200E-04  9.678E-05  7.602E-05  5.925E-05  4.571E-05  3.486E-05  2.625E-05  1.920E-05  1.383E-05  9.859E-06  6.689E-06  4.425E-06  2.677E-06  1.481E-06  6.726E-07  2.182E-07  4.453E-08  3.543E-09  1.040E-10  7.376E-13  4.834E-16  1.246E-20  4.561E-28  0.000E+00  0.000E+00  0.000E+00  0.000E+00  0.000E+00  0.000E+00  0.000E+00  0.000E+00  0.000E+00  0.000E+00  0.000E+00  0.000E+00  0.000E+00
  331.5000  4.985E-03  4.560E-03  4.089E-03  3.654E-03  3.280E-03  2.958E-03  2.681E-03  2.353E-03  2.091E-03  1.840E-03  1.620E-03  1.400E-03  1.223E-03  1.063E-03  9.061E-04  7.710E-04  6.543E-04  5.535E-04  4.672E-04  3.843E-04  3.190E-04  2.661E-04  2.157E-04  1.780E-04  1.427E-04  1.148E-04  9.255E-05  7.269E-05  5.664E-05  4.369E-05  3.331E-05  2.507E-05  1.833E-05  1.319E-05  9.398E-06  6.365E-06  4.199E-06  2.528E-06  1.390E-06  6.253E-07  2.006E-07  4.068E-08  3.265E-09  9.932E-11  7.478E-13  5.387E-16  1.592E-20  6.981E-28  0.000E+00  0.000E+00  0.000E+00  0.000E+00  0.000E+00  0.000E+00  0.000E+00  0.000E+00  0.000E+00  0.000E+00  0.000E+00  0.000E+00  0.000E+00
  332.5000  6.273E-03  5.764E-03  5.186E-03  4.648E-03  4.187E-03  3.790E-03  3.449E-03  3.033E-03  2.703E-03  2.383E-03  2.101E-03  1.816E-03  1.589E-03  1.380E-03  1.176E-03  9.985E-04  8.455E-04  7.135E-04  6.007E-04  4.919E-04  4.069E-04  3.384E-04  2.732E-04  2.249E-04  1.798E-04  1.444E-04  1.164E-04  9.150E-05  7.143E-05  5.525E-05  4.228E-05  3.197E-05  2.352E-05  1.703E-05  1.226E-05  8.455E-06  5.741E-06  3.630E-06  2.153E-06  1.088E-06  4.127E-07  9.996E-08  9.220E-09  2.905E-10  2.196E-12  1.586E-15  4.784E-20  2.366E-27  0.000E+00  0.000E+00  0.000E+00  0.000E+00  0.000E+00  0.000E+00  0.000E+00  0.000E+00  0.000E+00  0.000E+00  0.000E+00  0.000E+00  0.000E+00
  333.5000  5.290E-03  4.850E-03  4.357E-03  3.899E-03  3.505E-03  3.166E-03  2.875E-03  2.525E-03  2.247E-03  1.979E-03  1.743E-03  1.506E-03  1.316E-03  1.143E-03  9.737E-04  8.275E-04  7.011E-04  5.922E-04  4.990E-04  4.093E-04  3.391E-04  2.823E-04  2.283E-04  1.881E-04  1.506E-04  1.210E-04  9.757E-05  7.667E-05  5.981E-05  4.621E-05  3.531E-05  2.666E-05  1.956E-05  1.414E-05  1.014E-05  6.948E-06  4.669E-06  2.899E-06  1.671E-06  8.080E-07  2.879E-07  6.559E-08  5.863E-09  1.910E-10  1.555E-12  1.264E-15  4.512E-20  2.711E-27  0.000E+00  0.000E+00  0.000E+00  0.000E+00  0.000E+00  0.000E+00  0.000E+00  0.000E+00  0.000E+00  0.000E+00  0.000E+00  0.000E+00  0.000E+00
  334.5000  6.244E-03  5.730E-03  5.150E-03  4.612E-03  4.149E-03  3.751E-03  3.409E-03  2.996E-03  2.667E-03  2.350E-03  2.070E-03  1.788E-03  1.563E-03  1.357E-03  1.156E-03  9.817E-04  8.312E-04  7.015E-04  5.906E-04  4.840E-04  4.005E-04  3.331E-04  2.691E-04  2.215E-04  1.772E-04  1.424E-04  1.148E-04  9.019E-05  7.038E-05  5.442E-05  4.162E-05  3.146E-05  2.312E-05  1.673E-05  1.203E-05  8.274E-06  5.596E-06  3.515E-06  2.064E-06  1.028E-06  3.823E-07  9.149E-08  8.579E-09  2.892E-10  2.451E-12  2.123E-15  8.332E-20  5.839E-27  0.000E+00  0.000E+00  0.000E+00  0.000E+00  0.000E+00  0.000E+00  0.000E+00  0.000E+00  0.000E+00  0.000E+00  0.000E+00  0.000E+00  0.000E+00
  335.5000  7.162E-03  6.591E-03  5.936E-03  5.326E-03  4.802E-03  4.353E-03  3.966E-03  3.490E-03  3.113E-03  2.747E-03  2.423E-03  2.096E-03  1.834E-03  1.593E-03  1.357E-03  1.152E-03  9.745E-04  8.217E-04  6.910E-04  5.650E-04  4.667E-04  3.877E-04  3.125E-04  2.570E-04  2.052E-04  1.647E-04  1.328E-04  1.043E-04  8.146E-05  6.307E-05  4.833E-05  3.661E-05  2.699E-05  1.960E-05  1.415E-05  9.815E-06  6.722E-06  4.313E-06  2.621E-06  1.376E-06  5.541E-07  1.446E-07  1.461E-08  5.090E-10  4.435E-12  4.005E-15  1.687E-19  1.363E-26  0.000E+00  0.000E+00  0.000E+00  0.000E+00  0.000E+00  0.000E+00  0.000E+00  0.000E+00  0.000E+00  0.000E+00  0.000E+00  0.000E+00  0.000E+00
  336.5000  5.398E-03  4.963E-03  4.467E-03  4.005E-03  3.608E-03  3.267E-03  2.974E-03  2.616E-03  2.332E-03  2.056E-03  1.813E-03  1.567E-03  1.370E-03  1.190E-03  1.013E-03  8.601E-04  7.277E-04  6.136E-04  5.161E-04  4.222E-04  3.488E-04  2.899E-04  2.338E-04  1.922E-04  1.536E-04  1.233E-04  9.936E-05  7.807E-05  6.096E-05  4.718E-05  3.614E-05  2.737E-05  2.016E-05  1.463E-05  1.056E-05  7.308E-06  4.992E-06  3.188E-06  1.923E-06  9.985E-07  3.961E-07  1.022E-07  1.036E-08  3.729E-10  3.440E-12  3.400E-15  1.632E-19  1.562E-26  0.000E+00  0.000E+00  0.000E+00  0.000E+00  0.000E+00  0.000E+00  0.000E+00  0.000E+00  0.000E+00  0.000E+00  0.000E+00  0.000E+00  0.000E+00
  337.5000  5.433E-03  4.986E-03  4.480E-03  4.011E-03  3.607E-03  3.261E-03  2.963E-03  2.603E-03  2.317E-03  2.040E-03  1.797E-03  1.552E-03  1.356E-03  1.177E-03  1.002E-03  8.509E-04  7.202E-04  6.076E-04  5.114E-04  4.188E-04  3.464E-04  2.881E-04  2.326E-04  1.914E-04  1.531E-04  1.230E-04  9.911E-05  7.788E-05  6.078E-05  4.701E-05  3.597E-05  2.720E-05  2.000E-05  1.449E-05  1.042E-05  7.184E-06  4.870E-06  3.070E-06  1.813E-06  9.117E-07  3.453E-07  8.519E-08  8.464E-09  3.144E-10  3.099E-12  3.402E-15  1.897E-19  2.172E-26  0.000E+00  0.000E+00  0.000E+00  0.000E+00  0.000E+00  0.000E+00  0.000E+00  0.000E+00  0.000E+00  0.000E+00  0.000E+00  0.000E+00  0.000E+00
  338.5000  6.537E-03  6.015E-03  5.417E-03  4.860E-03  4.382E-03  3.971E-03  3.618E-03  3.183E-03  2.839E-03  2.504E-03  2.209E-03  1.910E-03  1.671E-03  1.451E-03  1.235E-03  1.048E-03  8.862E-04  7.469E-04  6.278E-04  5.129E-04  4.234E-04  3.516E-04  2.832E-04  2.327E-04  1.858E-04  1.490E-04  1.201E-04  9.435E-05  7.368E-05  5.706E-05  4.375E-05  3.316E-05  2.447E-05  1.778E-05  1.285E-05  8.926E-06  6.128E-06  3.948E-06  2.418E-06  1.285E-06  5.293E-07  1.433E-07  1.540E-08  5.909E-10  5.965E-12  6.785E-15  4.016E-19  5.238E-26  0.000E+00  0.000E+00  0.000E+00  0.000E+00  0.000E+00  0.000E+00  0.000E+00  0.000E+00  0.000E+00  0.000E+00  0.000E+00  0.000E+00  0.000E+00
  339.5000  7.237E-03  6.661E-03  6.000E-03  5.385E-03  4.856E-03  4.402E-03  4.012E-03  3.530E-03  3.149E-03  2.779E-03  2.451E-03  2.119E-03  1.854E-03  1.610E-03  1.370E-03  1.163E-03  9.829E-04  8.281E-04  6.958E-04  5.683E-04  4.689E-04  3.892E-04  3.133E-04  2.574E-04  2.053E-04  1.647E-04  1.327E-04  1.042E-04  8.142E-05  6.307E-05  4.837E-05  3.668E-05  2.708E-05  1.968E-05  1.424E-05  9.906E-06  6.814E-06  4.406E-06  2.715E-06  1.458E-06  6.105E-07  1.690E-07  1.867E-08  7.393E-10  7.804E-12  9.516E-15  6.244E-19  9.464E-26  0.000E+00  0.000E+00  0.000E+00  0.000E+00  0.000E+00  0.000E+00  0.000E+00  0.000E+00  0.000E+00  0.000E+00  0.000E+00  0.000E+00  0.000E+00
  340.5000  7.371E-03  6.776E-03  6.098E-03  5.467E-03  4.925E-03  4.459E-03  4.059E-03  3.569E-03  3.181E-03  2.804E-03  2.472E-03  2.136E-03  1.867E-03  1.621E-03  1.379E-03  1.170E-03  9.892E-04  8.335E-04  7.005E-04  5.725E-04  4.726E-04  3.924E-04  3.161E-04  2.598E-04  2.074E-04  1.664E-04  1.341E-04  1.053E-04  8.225E-05  6.369E-05  4.881E-05  3.699E-05  2.729E-05  1.982E-05  1.432E-05  9.940E-06  6.814E-06  4.379E-06  2.671E-06  1.412E-06  5.784E-07  1.568E-07  1.727E-08  7.048E-10  7.872E-12  1.050E-14  7.837E-19  1.399E-25  0.000E+00  0.000E+00  0.000E+00  0.000E+00  0.000E+00  0.000E+00  0.000E+00  0.000E+00  0.000E+00  0.000E+00  0.000E+00  0.000E+00  0.000E+00
  341.5000  7.015E-03  6.460E-03  5.820E-03  5.224E-03  4.713E-03  4.274E-03  3.896E-03  3.429E-03  3.060E-03  2.700E-03  2.383E-03  2.060E-03  1.802E-03  1.566E-03  1.332E-03  1.130E-03  9.549E-04  8.042E-04  6.755E-04  5.513E-04  4.546E-04  3.772E-04  3.034E-04  2.492E-04  1.987E-04  1.593E-04  1.283E-04  1.008E-04  7.873E-05  6.100E-05  4.680E-05  3.552E-05  2.625E-05  1.909E-05  1.383E-05  9.637E-06  6.648E-06  4.319E-06  2.682E-06  1.459E-06  6.243E-07  1.781E-07  2.059E-08  8.659E-10  1.001E-11  1.406E-14  1.138E-18  2.332E-25  0.000E+00  0.000E+00  0.000E+00  0.000E+00  0.000E+00  0.000E+00  0.000E+00  0.000E+00  0.000E+00  0.000E+00  0.000E+00  0.000E+00  0.000E+00
  342.5000  7.873E-03  7.252E-03  6.536E-03  5.867E-03  5.294E-03  4.802E-03  4.379E-03  3.854E-03  3.440E-03  3.036E-03  2.679E-03  2.316E-03  2.027E-03  1.760E-03  1.497E-03  1.270E-03  1.073E-03  9.036E-04  7.588E-04  6.190E-04  5.103E-04  4.232E-04  3.403E-04  2.794E-04  2.227E-04  1.785E-04  1.438E-04  1.129E-04  8.820E-05  6.835E-05  5.246E-05  3.982E-05  2.944E-05  2.142E-05  1.553E-05  1.083E-05  7.483E-06  4.875E-06  3.041E-06  1.667E-06  7.225E-07  2.098E-07  2.484E-08  1.077E-09  1.300E-11  1.954E-14  1.750E-18  4.143E-25  0.000E+00  0.000E+00  0.000E+00  0.000E+00  0.000E+00  0.000E+00  0.000E+00  0.000E+00  0.000E+00  0.000E+00  0.000E+00  0.000E+00  0.000E+00
  343.5000  7.988E-03  7.352E-03  6.622E-03  5.942E-03  5.358E-03  4.856E-03  4.425E-03  3.893E-03  3.473E-03  3.063E-03  2.701E-03  2.335E-03  2.042E-03  1.773E-03  1.508E-03  1.279E-03  1.080E-03  9.096E-04  7.638E-04  6.232E-04  5.138E-04  4.261E-04  3.427E-04  2.814E-04  2.243E-04  1.799E-04  1.448E-04  1.138E-04  8.885E-05  6.884E-05  5.282E-05  4.009E-05  2.963E-05  2.155E-05  1.562E-05  1.088E-05  7.509E-06  4.880E-06  3.033E-06  1.653E-06  7.115E-07  2.058E-07  2.457E-08  1.097E-09  1.391E-11  2.261E-14  2.266E-18  6.238E-25  0.000E+00  0.000E+00  0.000E+00  0.000E+00  0.000E+00  0.000E+00  0.000E+00  0.000E+00  0.000E+00  0.000E+00  0.000E+00  0.000E+00  0.000E+00
  344.5000  5.454E-03  5.017E-03  4.516E-03  4.050E-03  3.649E-03  3.305E-03  3.010E-03  2.647E-03  2.359E-03  2.080E-03  1.833E-03  1.584E-03  1.385E-03  1.202E-03  1.022E-03  8.663E-04  7.320E-04  6.163E-04  5.175E-04  4.223E-04  3.482E-04  2.888E-04  2.324E-04  1.908E-04  1.522E-04  1.220E-04  9.826E-05  7.718E-05  6.028E-05  4.670E-05  3.582E-05  2.718E-05  2.008E-05  1.460E-05  1.057E-05  7.362E-06  5.071E-06  3.287E-06  2.034E-06  1.101E-06  4.695E-07  1.350E-07  1.620E-08  7.444E-10  9.919E-12  1.743E-14  1.957E-18  6.257E-25  0.000E+00  0.000E+00  0.000E+00  0.000E+00  0.000E+00  0.000E+00  0.000E+00  0.000E+00  0.000E+00  0.000E+00  0.000E+00  0.000E+00  0.000E+00
  345.5000  8.004E-03  7.375E-03  6.648E-03  5.969E-03  5.387E-03  4.887E-03  4.458E-03  3.924E-03  3.503E-03  3.091E-03  2.728E-03  2.358E-03  2.064E-03  1.792E-03  1.524E-03  1.292E-03  1.091E-03  9.185E-04  7.709E-04  6.283E-04  5.176E-04  4.289E-04  3.446E-04  2.827E-04  2.252E-04  1.804E-04  1.452E-04  1.140E-04  8.908E-05  6.906E-05  5.303E-05  4.028E-05  2.981E-05  2.171E-05  1.576E-05  1.101E-05  7.632E-06  4.996E-06  3.144E-06  1.748E-06  7.771E-07  2.345E-07  2.948E-08  1.393E-09  1.917E-11  3.536E-14  4.281E-18  1.553E-24  0.000E+00  0.000E+00  0.000E+00  0.000E+00  0.000E+00  0.000E+00  0.000E+00  0.000E+00  0.000E+00  0.000E+00  0.000E+00  0.000E+00  0.000E+00
  346.5000  7.184E-03  6.611E-03  5.954E-03  5.341E-03  4.815E-03  4.363E-03  3.975E-03  3.496E-03  3.117E-03  2.749E-03  2.424E-03  2.094E-03  1.831E-03  1.589E-03  1.351E-03  1.145E-03  9.672E-04  8.139E-04  6.831E-04  5.571E-04  4.590E-04  3.805E-04  3.059E-04  2.510E-04  2.000E-04  1.603E-04  1.291E-04  1.014E-04  7.918E-05  6.136E-05  4.709E-05  3.576E-05  2.644E-05  1.925E-05  1.396E-05  9.737E-06  6.727E-06  4.383E-06  2.737E-06  1.504E-06  6.576E-07  1.956E-07  2.460E-08  1.196E-09  1.731E-11  3.458E-14  4.698E-18  1.982E-24  0.000E+00  0.000E+00  0.000E+00  0.000E+00  0.000E+00  0.000E+00  0.000E+00  0.000E+00  0.000E+00  0.000E+00  0.000E+00  0.000E+00  0.000E+00
  347.5000  7.056E-03  6.494E-03  5.849E-03  5.247E-03  4.730E-03  4.286E-03  3.905E-03  3.434E-03  3.062E-03  2.701E-03  2.381E-03  2.057E-03  1.798E-03  1.561E-03  1.327E-03  1.124E-03  9.494E-04  7.988E-04  6.703E-04  5.465E-04  4.502E-04  3.731E-04  2.998E-04  2.460E-04  1.960E-04  1.571E-04  1.264E-04  9.927E-05  7.754E-05  6.009E-05  4.613E-05  3.503E-05  2.591E-05  1.887E-05  1.369E-05  9.554E-06  6.606E-06  4.311E-06  2.699E-06  1.490E-06  6.566E-07  1.977E-07  2.536E-08  1.268E-09  1.913E-11  4.078E-14  6.098E-18  2.947E-24  0.000E+00  0.000E+00  0.000E+00  0.000E+00  0.000E+00  0.000E+00  0.000E+00  0.000E+00  0.000E+00  0.000E+00  0.000E+00  0.000E+00  0.000E+00
  348.5000  7.875E-03  7.250E-03  6.531E-03  5.860E-03  5.285E-03  4.790E-03  4.366E-03  3.840E-03  3.425E-03  3.021E-03  2.664E-03  2.301E-03  2.012E-03  1.747E-03  1.484E-03  1.258E-03  1.062E-03  8.933E-04  7.494E-04  6.107E-04  5.029E-04  4.166E-04  3.347E-04  2.745E-04  2.186E-04  1.751E-04  1.409E-04  1.107E-04  8.644E-05  6.700E-05  5.145E-05  3.908E-05  2.893E-05  2.107E-05  1.529E-05  1.069E-05  7.402E-06  4.844E-06  3.047E-06  1.696E-06  7.571E-07  2.320E-07  3.045E-08  1.565E-09  2.455E-11  5.567E-14  9.113E-18  5.028E-24  0.000E+00  0.000E+00  0.000E+00  0.000E+00  0.000E+00  0.000E+00  0.000E+00  0.000E+00  0.000E+00  0.000E+00  0.000E+00  0.000E+00  0.000E+00
  349.5000  6.588E-03  6.065E-03  5.463E-03  4.901E-03  4.419E-03  4.005E-03  3.649E-03  3.210E-03  2.862E-03  2.524E-03  2.225E-03  1.922E-03  1.681E-03  1.458E-03  1.239E-03  1.050E-03  8.863E-04  7.454E-04  6.252E-04  5.094E-04  4.194E-04  3.474E-04  2.790E-04  2.288E-04  1.822E-04  1.459E-04  1.174E-04  9.220E-05  7.201E-05  5.582E-05  4.287E-05  3.257E-05  2.411E-05  1.756E-05  1.275E-05  8.911E-06  6.173E-06  4.042E-06  2.546E-06  1.419E-06  6.364E-07  1.967E-07  2.622E-08  1.384E-09  2.265E-11  5.481E-14  9.873E-18  6.225E-24  0.000E+00  0.000E+00  0.000E+00  0.000E+00  0.000E+00  0.000E+00  0.000E+00  0.000E+00  0.000E+00  0.000E+00  0.000E+00  0.000E+00  0.000E+00
  350.5000  9.259E-03  8.524E-03  7.678E-03  6.888E-03  6.211E-03  5.629E-03  5.129E-03  4.511E-03  4.023E-03  3.547E-03  3.127E-03  2.701E-03  2.361E-03  2.049E-03  1.741E-03  1.475E-03  1.245E-03  1.047E-03  8.776E-04  7.148E-04  5.884E-04  4.873E-04  3.912E-04  3.208E-04  2.553E-04  2.045E-04  1.646E-04  1.292E-04  1.009E-04  7.821E-05  6.007E-05  4.564E-05  3.380E-05  2.463E-05  1.788E-05  1.251E-05  8.669E-06  5.684E-06  3.588E-06  2.008E-06  9.066E-07  2.832E-07  3.845E-08  2.085E-09  3.551E-11  9.149E-14  1.807E-17  1.298E-23  0.000E+00  0.000E+00  0.000E+00  0.000E+00  0.000E+00  0.000E+00  0.000E+00  0.000E+00  0.000E+00  0.000E+00  0.000E+00  0.000E+00  0.000E+00
  351.5000  7.937E-03  7.305E-03  6.579E-03  5.901E-03  5.320E-03  4.820E-03  4.391E-03  3.861E-03  3.442E-03  3.034E-03  2.674E-03  2.309E-03  2.019E-03  1.751E-03  1.488E-03  1.260E-03  1.063E-03  8.938E-04  7.494E-04  6.103E-04  5.023E-04  4.159E-04  3.339E-04  2.737E-04  2.179E-04  1.745E-04  1.404E-04  1.102E-04  8.607E-05  6.672E-05  5.124E-05  3.894E-05  2.883E-05  2.101E-05  1.526E-05  1.067E-05  7.397E-06  4.850E-06  3.062E-06  1.715E-06  7.761E-07  2.439E-07  3.358E-08  1.869E-09  3.318E-11  9.116E-14  1.978E-17  1.619E-23  0.000E+00  0.000E+00  0.000E+00  0.000E+00  0.000E+00  0.000E+00  0.000E+00  0.000E+00  0.000E+00  0.000E+00  0.000E+00  0.000E+00  0.000E+00
  352.5000  7.196E-03  6.624E-03  5.966E-03  5.351E-03  4.824E-03  4.371E-03  3.982E-03  3.501E-03  3.121E-03  2.752E-03  2.425E-03  2.094E-03  1.831E-03  1.588E-03  1.349E-03  1.142E-03  9.635E-04  8.099E-04  6.789E-04  5.527E-04  4.547E-04  3.765E-04  3.021E-04  2.476E-04  1.971E-04  1.578E-04  1.269E-04  9.963E-05  7.781E-05  6.032E-05  4.633E-05  3.522E-05  2.608E-05  1.901E-05  1.381E-05  9.664E-06  6.704E-06  4.402E-06  2.787E-06  1.567E-06  7.144E-07  2.271E-07  3.184E-08  1.819E-09  3.356E-11  9.795E-14  2.323E-17  2.158E-23  0.000E+00  0.000E+00  0.000E+00  0.000E+00  0.000E+00  0.000E+00  0.000E+00  0.000E+00  0.000E+00  0.000E+00  0.000E+00  0.000E+00  0.000E+00
  353.5000  8.733E-03  8.040E-03  7.242E-03  6.497E-03  5.857E-03  5.308E-03  4.836E-03  4.252E-03  3.791E-03  3.342E-03  2.946E-03  2.544E-03  2.223E-03  1.929E-03  1.638E-03  1.387E-03  1.170E-03  9.831E-04  8.239E-04  6.706E-04  5.515E-04  4.565E-04  3.662E-04  3.001E-04  2.387E-04  1.911E-04  1.537E-04  1.206E-04  9.421E-05  7.304E-05  5.611E-05  4.266E-05  3.161E-05  2.305E-05  1.675E-05  1.173E-05  8.143E-06  5.356E-06  3.401E-06  1.922E-06  8.839E-07  2.846E-07  4.066E-08  2.383E-09  4.566E-11  1.413E-13  3.654E-17  3.844E-23  0.000E+00  0.000E+00  0.000E+00  0.000E+00  0.000E+00  0.000E+00  0.000E+00  0.000E+00  0.000E+00  0.000E+00  0.000E+00  0.000E+00  0.000E+00
  354.5000  9.516E-03  8.762E-03  7.893E-03  7.081E-03  6.384E-03  5.786E-03  5.272E-03  4.636E-03  4.133E-03  3.644E-03  3.212E-03  2.773E-03  2.424E-03  2.103E-03  1.786E-03  1.512E-03  1.275E-03  1.071E-03  8.976E-04  7.303E-04  6.005E-04  4.968E-04  3.985E-04  3.264E-04  2.596E-04  2.078E-04  1.671E-04  1.311E-04  1.024E-04  7.940E-05  6.101E-05  4.639E-05  3.439E-05  2.508E-05  1.823E-05  1.277E-05  8.876E-06  5.847E-06  3.723E-06  2.114E-06  9.797E-07  3.192E-07  4.644E-08  2.791E-09  5.551E-11  1.822E-13  5.132E-17  6.102E-23  0.000E+00  0.000E+00  0.000E+00  0.000E+00  0.000E+00  0.000E+00  0.000E+00  0.000E+00  0.000E+00  0.000E+00  0.000E+00  0.000E+00  0.000E+00
  355.5000  8.901E-03  8.195E-03  7.382E-03  6.623E-03  5.971E-03  5.411E-03  4.930E-03  4.335E-03  3.864E-03  3.407E-03  3.002E-03  2.592E-03  2.265E-03  1.965E-03  1.668E-03  1.412E-03  1.191E-03  1.000E-03  8.379E-04  6.816E-04  5.603E-04  4.635E-04  3.717E-04  3.044E-04  2.420E-04  1.937E-04  1.558E-04  1.222E-04  9.544E-05  7.400E-05  5.686E-05  4.325E-05  3.206E-05  2.338E-05  1.701E-05  1.192E-05  8.285E-06  5.462E-06  3.483E-06  1.983E-06  9.235E-07  3.035E-07  4.486E-08  2.763E-09  5.709E-11  1.987E-13  6.104E-17  8.201E-23  0.000E+00  0.000E+00  0.000E+00  0.000E+00  0.000E+00  0.000E+00  0.000E+00  0.000E+00  0.000E+00  0.000E+00  0.000E+00  0.000E+00  0.000E+00
  356.5000  8.259E-03  7.604E-03  6.849E-03  6.144E-03  5.538E-03  5.018E-03  4.572E-03  4.019E-03  3.583E-03  3.158E-03  2.783E-03  2.402E-03  2.099E-03  1.820E-03  1.545E-03  1.308E-03  1.103E-03  9.261E-04  7.757E-04  6.308E-04  5.185E-04  4.288E-04  3.438E-04  2.815E-04  2.238E-04  1.791E-04  1.440E-04  1.130E-04  8.821E-05  6.840E-05  5.256E-05  3.998E-05  2.964E-05  2.162E-05  1.573E-05  1.102E-05  7.667E-06  5.058E-06  3.229E-06  1.842E-06  8.619E-07  2.855E-07  4.284E-08  2.705E-09  5.801E-11  2.141E-13  7.164E-17  1.086E-22  0.000E+00  0.000E+00  0.000E+00  0.000E+00  0.000E+00  0.000E+00  0.000E+00  0.000E+00  0.000E+00  0.000E+00  0.000E+00  0.000E+00  0.000E+00
  357.5000  7.016E-03  6.458E-03  5.817E-03  5.218E-03  4.703E-03  4.261E-03  3.881E-03  3.411E-03  3.040E-03  2.680E-03  2.361E-03  2.038E-03  1.780E-03  1.544E-03  1.310E-03  1.109E-03  9.345E-04  7.848E-04  6.572E-04  5.343E-04  4.391E-04  3.631E-04  2.910E-04  2.383E-04  1.894E-04  1.515E-04  1.218E-04  9.556E-05  7.462E-05  5.786E-05  4.447E-05  3.382E-05  2.508E-05  1.830E-05  1.331E-05  9.333E-06  6.493E-06  4.286E-06  2.739E-06  1.566E-06  7.353E-07  2.453E-07  3.736E-08  2.416E-09  5.378E-11  2.103E-13  7.661E-17  1.308E-22  0.000E+00  0.000E+00  0.000E+00  0.000E+00  0.000E+00  0.000E+00  0.000E+00  0.000E+00  0.000E+00  0.000E+00  0.000E+00  0.000E+00  0.000E+00
  358.5000  5.434E-03  5.002E-03  4.505E-03  4.041E-03  3.642E-03  3.300E-03  3.006E-03  2.642E-03  2.355E-03  2.075E-03  1.828E-03  1.578E-03  1.379E-03  1.195E-03  1.014E-03  8.579E-04  7.231E-04  6.071E-04  5.083E-04  4.132E-04  3.395E-04  2.807E-04  2.249E-04  1.841E-04  1.463E-04  1.170E-04  9.406E-05  7.378E-05  5.761E-05  4.467E-05  3.433E-05  2.612E-05  1.938E-05  1.414E-05  1.029E-05  7.216E-06  5.023E-06  3.319E-06  2.125E-06  1.219E-06  5.758E-07  1.940E-07  3.002E-08  1.988E-09  4.588E-11  1.897E-13  7.499E-17  1.438E-22  0.000E+00  0.000E+00  0.000E+00  0.000E+00  0.000E+00  0.000E+00  0.000E+00  0.000E+00  0.000E+00  0.000E+00  0.000E+00  0.000E+00  0.000E+00
  359.5000  9.147E-03  8.420E-03  7.584E-03  6.801E-03  6.130E-03  5.553E-03  5.058E-03  4.445E-03  3.961E-03  3.491E-03  3.075E-03  2.653E-03  2.318E-03  2.009E-03  1.705E-03  1.442E-03  1.215E-03  1.020E-03  8.539E-04  6.939E-04  5.700E-04  4.711E-04  3.774E-04  3.089E-04  2.454E-04  1.963E-04  1.578E-04  1.237E-04  9.661E-05  7.492E-05  5.758E-05  4.381E-05  3.250E-05  2.372E-05  1.726E-05  1.211E-05  8.434E-06  5.577E-06  3.575E-06  2.055E-06  9.752E-07  3.311E-07  5.199E-08  3.525E-09  8.432E-11  3.687E-13  1.582E-16  3.404E-22  0.000E+00  0.000E+00  0.000E+00  0.000E+00  0.000E+00  0.000E+00  0.000E+00  0.000E+00  0.000E+00  0.000E+00  0.000E+00  0.000E+00  0.000E+00
  360.5000  8.485E-03  7.810E-03  7.034E-03  6.308E-03  5.685E-03  5.149E-03  4.690E-03  4.121E-03  3.672E-03  3.236E-03  2.850E-03  2.459E-03  2.148E-03  1.861E-03  1.579E-03  1.336E-03  1.125E-03  9.445E-04  7.905E-04  6.423E-04  5.274E-04  4.358E-04  3.491E-04  2.856E-04  2.269E-04  1.814E-04  1.458E-04  1.144E-04  8.928E-05  6.923E-05  5.322E-05  4.049E-05  3.005E-05  2.193E-05  1.597E-05  1.120E-05  7.805E-06  5.164E-06  3.315E-06  1.910E-06  9.104E-07  3.116E-07  4.964E-08  3.445E-09  8.536E-11  3.943E-13  1.834E-16  4.422E-22  0.000E+00  0.000E+00  0.000E+00  0.000E+00  0.000E+00  0.000E+00  0.000E+00  0.000E+00  0.000E+00  0.000E+00  0.000E+00  0.000E+00  0.000E+00
  361.5000  7.669E-03  7.059E-03  6.358E-03  5.702E-03  5.138E-03  4.654E-03  4.239E-03  3.725E-03  3.319E-03  2.924E-03  2.575E-03  2.221E-03  1.940E-03  1.682E-03  1.427E-03  1.206E-03  1.016E-03  8.526E-04  7.134E-04  5.795E-04  4.757E-04  3.931E-04  3.148E-04  2.575E-04  2.045E-04  1.635E-04  1.314E-04  1.030E-04  8.043E-05  6.237E-05  4.794E-05  3.649E-05  2.708E-05  1.977E-05  1.440E-05  1.011E-05  7.043E-06  4.665E-06  3.000E-06  1.733E-06  8.304E-07  2.867E-07  4.637E-08  3.292E-09  8.444E-11  4.116E-13  2.071E-16  5.585E-22  0.000E+00  0.000E+00  0.000E+00  0.000E+00  0.000E+00  0.000E+00  0.000E+00  0.000E+00  0.000E+00  0.000E+00  0.000E+00  0.000E+00  0.000E+00
  362.5000  9.020E-03  8.303E-03  7.478E-03  6.705E-03  6.043E-03  5.473E-03  4.984E-03  4.379E-03  3.902E-03  3.437E-03  3.027E-03  2.611E-03  2.280E-03  1.976E-03  1.676E-03  1.417E-03  1.193E-03  1.001E-03  8.376E-04  6.803E-04  5.583E-04  4.612E-04  3.692E-04  3.020E-04  2.398E-04  1.917E-04  1.540E-04  1.207E-04  9.426E-05  7.310E-05  5.620E-05  4.277E-05  3.175E-05  2.318E-05  1.688E-05  1.186E-05  8.267E-06  5.479E-06  3.528E-06  2.043E-06  9.839E-07  3.425E-07  5.620E-08  4.081E-09  1.083E-10  5.568E-13  3.029E-16  9.122E-22  0.000E+00  0.000E+00  0.000E+00  0.000E+00  0.000E+00  0.000E+00  0.000E+00  0.000E+00  0.000E+00  0.000E+00  0.000E+00  0.000E+00  0.000E+00
  363.5000  8.030E-03  7.391E-03  6.656E-03  5.970E-03  5.379E-03  4.871E-03  4.436E-03  3.897E-03  3.472E-03  3.058E-03  2.693E-03  2.322E-03  2.028E-03  1.757E-03  1.490E-03  1.260E-03  1.061E-03  8.897E-04  7.442E-04  6.042E-04  4.958E-04  4.095E-04  3.277E-04  2.680E-04  2.128E-04  1.701E-04  1.366E-04  1.071E-04  8.361E-05  6.483E-05  4.984E-05  3.794E-05  2.817E-05  2.057E-05  1.498E-05  1.053E-05  7.342E-06  4.869E-06  3.140E-06  1.822E-06  8.812E-07  3.091E-07  5.144E-08  3.820E-09  1.049E-10  5.682E-13  3.338E-16  1.121E-21  0.000E+00  0.000E+00  0.000E+00  0.000E+00  0.000E+00  0.000E+00  0.000E+00  0.000E+00  0.000E+00  0.000E+00  0.000E+00  0.000E+00  0.000E+00
  364.5000  8.758E-03  8.060E-03  7.258E-03  6.509E-03  5.864E-03  5.310E-03  4.835E-03  4.247E-03  3.783E-03  3.332E-03  2.933E-03  2.530E-03  2.209E-03  1.913E-03  1.622E-03  1.371E-03  1.154E-03  9.682E-04  8.097E-04  6.573E-04  5.392E-04  4.453E-04  3.563E-04  2.913E-04  2.312E-04  1.848E-04  1.484E-04  1.163E-04  9.081E-05  7.042E-05  5.414E-05  4.122E-05  3.061E-05  2.236E-05  1.629E-05  1.144E-05  7.983E-06  5.298E-06  3.420E-06  1.988E-06  9.651E-07  3.409E-07  5.750E-08  4.365E-09  1.239E-10  7.074E-13  4.486E-16  1.678E-21  0.000E+00  0.000E+00  0.000E+00  0.000E+00  0.000E+00  0.000E+00  0.000E+00  0.000E+00  0.000E+00  0.000E+00  0.000E+00  0.000E+00  0.000E+00
  365.5000  1.066E-02  9.813E-03  8.836E-03  7.922E-03  7.137E-03  6.462E-03  5.883E-03  5.167E-03  4.602E-03  4.053E-03  3.567E-03  3.076E-03  2.685E-03  2.326E-03  1.971E-03  1.666E-03  1.403E-03  1.176E-03  9.834E-04  7.981E-04  6.546E-04  5.404E-04  4.324E-04  3.534E-04  2.805E-04  2.241E-04  1.800E-04  1.411E-04  1.101E-04  8.539E-05  6.565E-05  4.999E-05  3.712E-05  2.712E-05  1.976E-05  1.388E-05  9.690E-06  6.433E-06  4.156E-06  2.421E-06  1.179E-06  4.192E-07  7.165E-08  5.557E-09  1.631E-10  9.805E-13  6.705E-16  2.790E-21  0.000E+00  0.000E+00  0.000E+00  0.000E+00  0.000E+00  0.000E+00  0.000E+00  0.000E+00  0.000E+00  0.000E+00  0.000E+00  0.000E+00  0.000E+00
  366.5000  1.130E-02  1.040E-02  9.365E-03  8.397E-03  7.564E-03  6.848E-03  6.234E-03  5.475E-03  4.875E-03  4.293E-03  3.779E-03  3.257E-03  2.844E-03  2.463E-03  2.087E-03  1.764E-03  1.484E-03  1.244E-03  1.040E-03  8.441E-04  6.922E-04  5.713E-04  4.570E-04  3.735E-04  2.963E-04  2.367E-04  1.901E-04  1.490E-04  1.163E-04  9.017E-05  6.933E-05  5.279E-05  3.922E-05  2.865E-05  2.088E-05  1.468E-05  1.025E-05  6.808E-06  4.404E-06  2.571E-06  1.258E-06  4.506E-07  7.808E-08  6.187E-09  1.875E-10  1.186E-12  8.728E-16  4.033E-21  0.000E+00  0.000E+00  0.000E+00  0.000E+00  0.000E+00  0.000E+00  0.000E+00  0.000E+00  0.000E+00  0.000E+00  0.000E+00  0.000E+00  0.000E+00
  367.5000  1.075E-02  9.890E-03  8.905E-03  7.985E-03  7.191E-03  6.511E-03  5.927E-03  5.205E-03  4.634E-03  4.080E-03  3.591E-03  3.095E-03  2.702E-03  2.340E-03  1.983E-03  1.674E-03  1.409E-03  1.181E-03  9.874E-04  8.010E-04  6.567E-04  5.419E-04  4.333E-04  3.541E-04  2.809E-04  2.244E-04  1.801E-04  1.412E-04  1.102E-04  8.543E-05  6.569E-05  5.003E-05  3.717E-05  2.716E-05  1.979E-05  1.392E-05  9.721E-06  6.463E-06  4.187E-06  2.450E-06  1.204E-06  4.345E-07  7.631E-08  6.175E-09  1.933E-10  1.284E-12  1.016E-15  5.207E-21  0.000E+00  0.000E+00  0.000E+00  0.000E+00  0.000E+00  0.000E+00  0.000E+00  0.000E+00  0.000E+00  0.000E+00  0.000E+00  0.000E+00  0.000E+00
  368.5000  9.443E-03  8.690E-03  7.824E-03  7.015E-03  6.318E-03  5.719E-03  5.205E-03  4.571E-03  4.069E-03  3.582E-03  3.152E-03  2.717E-03  2.371E-03  2.053E-03  1.739E-03  1.470E-03  1.236E-03  1.036E-03  8.658E-04  7.022E-04  5.756E-04  4.749E-04  3.796E-04  3.102E-04  2.460E-04  1.965E-04  1.577E-04  1.236E-04  9.644E-05  7.478E-05  5.751E-05  4.380E-05  3.254E-05  2.378E-05  1.734E-05  1.219E-05  8.519E-06  5.667E-06  3.675E-06  2.154E-06  1.062E-06  3.861E-07  6.869E-08  5.676E-09  1.834E-10  1.280E-12  1.089E-15  6.176E-21  0.000E+00  0.000E+00  0.000E+00  0.000E+00  0.000E+00  0.000E+00  0.000E+00  0.000E+00  0.000E+00  0.000E+00  0.000E+00  0.000E+00  0.000E+00
  369.5000  1.133E-02  1.043E-02  9.388E-03  8.417E-03  7.579E-03  6.861E-03  6.244E-03  5.482E-03  4.880E-03  4.296E-03  3.779E-03  3.257E-03  2.842E-03  2.460E-03  2.084E-03  1.761E-03  1.481E-03  1.241E-03  1.037E-03  8.406E-04  6.888E-04  5.682E-04  4.542E-04  3.710E-04  2.941E-04  2.349E-04  1.885E-04  1.477E-04  1.153E-04  8.938E-05  6.874E-05  5.235E-05  3.891E-05  2.844E-05  2.073E-05  1.459E-05  1.019E-05  6.785E-06  4.405E-06  2.587E-06  1.281E-06  4.685E-07  8.444E-08  7.122E-09  2.374E-10  1.739E-12  1.588E-15  9.963E-21  0.000E+00  0.000E+00  0.000E+00  0.000E+00  0.000E+00  0.000E+00  0.000E+00  0.000E+00  0.000E+00  0.000E+00  0.000E+00  0.000E+00  0.000E+00
  370.5000  1.028E-02  9.462E-03  8.519E-03  7.637E-03  6.877E-03  6.224E-03  5.664E-03  4.972E-03  4.426E-03  3.895E-03  3.427E-03  2.953E-03  2.576E-03  2.230E-03  1.888E-03  1.595E-03  1.341E-03  1.124E-03  9.387E-04  7.610E-04  6.235E-04  5.142E-04  4.109E-04  3.356E-04  2.660E-04  2.124E-04  1.704E-04  1.335E-04  1.042E-04  8.079E-05  6.214E-05  4.733E-05  3.518E-05  2.572E-05  1.875E-05  1.320E-05  9.224E-06  6.143E-06  3.992E-06  2.349E-06  1.167E-06  4.298E-07  7.843E-08  6.751E-09  2.321E-10  1.783E-12  1.747E-15  1.210E-20  0.000E+00  0.000E+00  0.000E+00  0.000E+00  0.000E+00  0.000E+00  0.000E+00  0.000E+00  0.000E+00  0.000E+00  0.000E+00  0.000E+00  0.000E+00
  371.5000  1.177E-02  1.083E-02  9.752E-03  8.742E-03  7.871E-03  7.123E-03  6.482E-03  5.689E-03  5.064E-03  4.456E-03  3.920E-03  3.377E-03  2.946E-03  2.550E-03  2.159E-03  1.823E-03  1.533E-03  1.284E-03  1.072E-03  8.691E-04  7.119E-04  5.870E-04  4.690E-04  3.829E-04  3.035E-04  2.423E-04  1.944E-04  1.523E-04  1.188E-04  9.214E-05  7.086E-05  5.398E-05  4.013E-05  2.934E-05  2.140E-05  1.506E-05  1.053E-05  7.018E-06  4.565E-06  2.691E-06  1.342E-06  4.975E-07  9.194E-08  8.073E-09  2.861E-10  2.305E-12  2.419E-15  1.848E-20  0.000E+00  0.000E+00  0.000E+00  0.000E+00  0.000E+00  0.000E+00  0.000E+00  0.000E+00  0.000E+00  0.000E+00  0.000E+00  0.000E+00  0.000E+00
  372.5000  8.702E-03  8.006E-03  7.207E-03  6.461E-03  5.816E-03  5.264E-03  4.789E-03  4.203E-03  3.740E-03  3.291E-03  2.895E-03  2.494E-03  2.175E-03  1.882E-03  1.594E-03  1.345E-03  1.131E-03  9.472E-04  7.909E-04  6.409E-04  5.248E-04  4.327E-04  3.456E-04  2.821E-04  2.235E-04  1.784E-04  1.431E-04  1.121E-04  8.748E-05  6.783E-05  5.217E-05  3.975E-05  2.955E-05  2.161E-05  1.576E-05  1.110E-05  7.762E-06  5.175E-06  3.370E-06  1.990E-06  9.960E-07  3.717E-07  6.955E-08  6.229E-09  2.275E-10  1.920E-12  2.157E-15  1.815E-20  0.000E+00  0.000E+00  0.000E+00  0.000E+00  0.000E+00  0.000E+00  0.000E+00  0.000E+00  0.000E+00  0.000E+00  0.000E+00  0.000E+00  0.000E+00
  373.5000  7.865E-03  7.236E-03  6.514E-03  5.838E-03  5.256E-03  4.756E-03  4.326E-03  3.797E-03  3.378E-03  2.972E-03  2.614E-03  2.251E-03  1.964E-03  1.699E-03  1.438E-03  1.214E-03  1.020E-03  8.543E-04  7.132E-04  5.778E-04  4.731E-04  3.899E-04  3.114E-04  2.541E-04  2.013E-04  1.607E-04  1.289E-04  1.009E-04  7.875E-05  6.106E-05  4.697E-05  3.578E-05  2.661E-05  1.946E-05  1.420E-05  9.997E-06  6.994E-06  4.666E-06  3.041E-06  1.799E-06  9.032E-07  3.392E-07  6.423E-08  5.866E-09  2.206E-10  1.950E-12  2.343E-15  2.170E-20  0.000E+00  0.000E+00  0.000E+00  0.000E+00  0.000E+00  0.000E+00  0.000E+00  0.000E+00  0.000E+00  0.000E+00  0.000E+00  0.000E+00  0.000E+00
  374.5000  8.633E-03  7.942E-03  7.149E-03  6.407E-03  5.768E-03  5.218E-03  4.747E-03  4.165E-03  3.706E-03  3.260E-03  2.866E-03  2.468E-03  2.153E-03  1.862E-03  1.576E-03  1.330E-03  1.118E-03  9.358E-04  7.811E-04  6.326E-04  5.179E-04  4.267E-04  3.407E-04  2.780E-04  2.202E-04  1.757E-04  1.409E-04  1.104E-04  8.609E-05  6.675E-05  5.134E-05  3.912E-05  2.910E-05  2.128E-05  1.553E-05  1.094E-05  7.653E-06  5.108E-06  3.332E-06  1.974E-06  9.947E-07  3.759E-07  7.203E-08  6.706E-09  2.597E-10  2.402E-12  3.084E-15  3.138E-20  0.000E+00  0.000E+00  0.000E+00  0.000E+00  0.000E+00  0.000E+00  0.000E+00  0.000E+00  0.000E+00  0.000E+00  0.000E+00  0.000E+00  0.000E+00
  375.5000  9.747E-03  8.966E-03  8.071E-03  7.233E-03  6.510E-03  5.890E-03  5.357E-03  4.700E-03  4.181E-03  3.678E-03  3.233E-03  2.784E-03  2.428E-03  2.100E-03  1.777E-03  1.499E-03  1.260E-03  1.054E-03  8.799E-04  7.125E-04  5.831E-04  4.804E-04  3.835E-04  3.129E-04  2.478E-04  1.977E-04  1.585E-04  1.241E-04  9.682E-05  7.507E-05  5.774E-05  4.400E-05  3.273E-05  2.394E-05  1.747E-05  1.231E-05  8.616E-06  5.754E-06  3.757E-06  2.230E-06  1.127E-06  4.287E-07  8.314E-08  7.889E-09  3.144E-10  3.041E-12  4.168E-15  4.653E-20  0.000E+00  0.000E+00  0.000E+00  0.000E+00  0.000E+00  0.000E+00  0.000E+00  0.000E+00  0.000E+00  0.000E+00  0.000E+00  0.000E+00  0.000E+00
  376.5000  9.738E-03  8.958E-03  8.063E-03  7.226E-03  6.503E-03  5.883E-03  5.350E-03  4.694E-03  4.175E-03  3.672E-03  3.228E-03  2.779E-03  2.423E-03  2.095E-03  1.773E-03  1.495E-03  1.256E-03  1.051E-03  8.772E-04  7.102E-04  5.811E-04  4.787E-04  3.820E-04  3.116E-04  2.467E-04  1.968E-04  1.578E-04  1.235E-04  9.635E-05  7.470E-05  5.746E-05  4.379E-05  3.258E-05  2.383E-05  1.740E-05  1.226E-05  8.583E-06  5.735E-06  3.749E-06  2.229E-06  1.131E-06  4.326E-07  8.488E-08  8.206E-09  3.365E-10  3.401E-12  4.971E-15  6.083E-20  0.000E+00  0.000E+00  0.000E+00  0.000E+00  0.000E+00  0.000E+00  0.000E+00  0.000E+00  0.000E+00  0.000E+00  0.000E+00  0.000E+00  0.000E+00
  377.5000  1.160E-02  1.067E-02  9.605E-03  8.607E-03  7.746E-03  7.006E-03  6.371E-03  5.589E-03  4.971E-03  4.371E-03  3.842E-03  3.307E-03  2.883E-03  2.493E-03  2.110E-03  1.778E-03  1.494E-03  1.250E-03  1.043E-03  8.440E-04  6.904E-04  5.686E-04  4.537E-04  3.700E-04  2.929E-04  2.336E-04  1.872E-04  1.466E-04  1.143E-04  8.864E-05  6.818E-05  5.197E-05  3.867E-05  2.829E-05  2.065E-05  1.456E-05  1.019E-05  6.815E-06  4.459E-06  2.655E-06  1.351E-06  5.202E-07  1.033E-07  1.017E-08  4.289E-10  4.527E-12  7.052E-15  9.447E-20  0.000E+00  0.000E+00  0.000E+00  0.000E+00  0.000E+00  0.000E+00  0.000E+00  0.000E+00  0.000E+00  0.000E+00  0.000E+00  0.000E+00  0.000E+00
  378.5000  1.265E-02  1.163E-02  1.047E-02  9.382E-03  8.443E-03  7.636E-03  6.943E-03  6.090E-03  5.415E-03  4.762E-03  4.185E-03  3.601E-03  3.139E-03  2.714E-03  2.296E-03  1.935E-03  1.626E-03  1.360E-03  1.134E-03  9.179E-04  7.507E-04  6.181E-04  4.930E-04  4.020E-04  3.182E-04  2.537E-04  2.033E-04  1.592E-04  1.241E-04  9.624E-05  7.403E-05  5.643E-05  4.200E-05  3.073E-05  2.243E-05  1.582E-05  1.108E-05  7.410E-06  4.853E-06  2.894E-06  1.478E-06  5.721E-07  1.149E-07  1.152E-08  4.996E-10  5.505E-12  9.130E-15  1.337E-19  0.000E+00  0.000E+00  0.000E+00  0.000E+00  0.000E+00  0.000E+00  0.000E+00  0.000E+00  0.000E+00  0.000E+00  0.000E+00  0.000E+00  0.000E+00
  379.5000  9.359E-03  8.608E-03  7.747E-03  6.941E-03  6.246E-03  5.648E-03  5.135E-03  4.504E-03  4.004E-03  3.521E-03  3.093E-03  2.662E-03  2.320E-03  2.005E-03  1.696E-03  1.430E-03  1.201E-03  1.004E-03  8.374E-04  6.775E-04  5.540E-04  4.560E-04  3.637E-04  2.965E-04  2.346E-04  1.870E-04  1.499E-04  1.173E-04  9.149E-05  7.093E-05  5.456E-05  4.159E-05  3.096E-05  2.265E-05  1.654E-05  1.166E-05  8.173E-06  5.469E-06  3.584E-06  2.141E-06  1.096E-06  4.270E-07  8.669E-08  8.852E-09  3.945E-10  4.536E-12  8.003E-15  1.281E-19  0.000E+00  0.000E+00  0.000E+00  0.000E+00  0.000E+00  0.000E+00  0.000E+00  0.000E+00  0.000E+00  0.000E+00  0.000E+00  0.000E+00  0.000E+00
  380.5000  1.126E-02  1.036E-02  9.320E-03  8.350E-03  7.513E-03  6.794E-03  6.176E-03  5.416E-03  4.815E-03  4.233E-03  3.719E-03  3.199E-03  2.788E-03  2.410E-03  2.038E-03  1.717E-03  1.442E-03  1.206E-03  1.005E-03  8.132E-04  6.647E-04  5.471E-04  4.362E-04  3.555E-04  2.813E-04  2.242E-04  1.796E-04  1.406E-04  1.096E-04  8.499E-05  6.538E-05  4.984E-05  3.710E-05  2.715E-05  1.983E-05  1.399E-05  9.803E-06  6.562E-06  4.305E-06  2.575E-06  1.323E-06  5.182E-07  1.064E-07  1.106E-08  5.063E-10  6.070E-12  1.138E-14  1.987E-19  0.000E+00  0.000E+00  0.000E+00  0.000E+00  0.000E+00  0.000E+00  0.000E+00  0.000E+00  0.000E+00  0.000E+00  0.000E+00  0.000E+00  0.000E+00
  381.5000  1.059E-02  9.735E-03  8.761E-03  7.849E-03  7.062E-03  6.385E-03  5.804E-03  5.089E-03  4.524E-03  3.976E-03  3.493E-03  3.005E-03  2.618E-03  2.262E-03  1.913E-03  1.612E-03  1.353E-03  1.131E-03  9.429E-04  7.626E-04  6.232E-04  5.128E-04  4.088E-04  3.331E-04  2.635E-04  2.100E-04  1.682E-04  1.316E-04  1.026E-04  7.957E-05  6.121E-05  4.667E-05  3.475E-05  2.543E-05  1.858E-05  1.310E-05  9.186E-06  6.153E-06  4.040E-06  2.420E-06  1.247E-06  4.913E-07  1.020E-07  1.079E-08  5.073E-10  6.337E-12  1.262E-14  2.401E-19  0.000E+00  0.000E+00  0.000E+00  0.000E+00  0.000E+00  0.000E+00  0.000E+00  0.000E+00  0.000E+00  0.000E+00  0.000E+00  0.000E+00  0.000E+00
  382.5000  7.056E-03  6.488E-03  5.839E-03  5.231E-03  4.706E-03  4.255E-03  3.867E-03  3.390E-03  3.013E-03  2.648E-03  2.326E-03  2.001E-03  1.743E-03  1.506E-03  1.273E-03  1.073E-03  9.002E-04  7.525E-04  6.271E-04  5.070E-04  4.143E-04  3.408E-04  2.716E-04  2.213E-04  1.750E-04  1.395E-04  1.117E-04  8.739E-05  6.814E-05  5.282E-05  4.064E-05  3.098E-05  2.307E-05  1.689E-05  1.234E-05  8.705E-06  6.104E-06  4.090E-06  2.688E-06  1.613E-06  8.336E-07  3.302E-07  6.928E-08  7.458E-09  3.600E-10  4.684E-12  9.902E-15  2.051E-19  0.000E+00  0.000E+00  0.000E+00  0.000E+00  0.000E+00  0.000E+00  0.000E+00  0.000E+00  0.000E+00  0.000E+00  0.000E+00  0.000E+00  0.000E+00
  383.5000  6.198E-03  5.699E-03  5.128E-03  4.594E-03  4.133E-03  3.736E-03  3.395E-03  2.976E-03  2.645E-03  2.324E-03  2.041E-03  1.756E-03  1.529E-03  1.321E-03  1.117E-03  9.405E-04  7.893E-04  6.596E-04  5.496E-04  4.443E-04  3.629E-04  2.985E-04  2.379E-04  1.937E-04  1.532E-04  1.220E-04  9.774E-05  7.646E-05  5.961E-05  4.621E-05  3.555E-05  2.710E-05  2.019E-05  1.478E-05  1.080E-05  7.620E-06  5.344E-06  3.583E-06  2.356E-06  1.416E-06  7.340E-07  2.923E-07  6.199E-08  6.788E-09  3.363E-10  4.555E-12  1.021E-14  2.300E-19  0.000E+00  0.000E+00  0.000E+00  0.000E+00  0.000E+00  0.000E+00  0.000E+00  0.000E+00  0.000E+00  0.000E+00  0.000E+00  0.000E+00  0.000E+00
  384.5000  9.304E-03  8.555E-03  7.699E-03  6.896E-03  6.203E-03  5.607E-03  5.095E-03  4.466E-03  3.969E-03  3.487E-03  3.062E-03  2.633E-03  2.293E-03  1.980E-03  1.674E-03  1.410E-03  1.183E-03  9.882E-04  8.232E-04  6.653E-04  5.434E-04  4.469E-04  3.560E-04  2.899E-04  2.292E-04  1.825E-04  1.462E-04  1.143E-04  8.913E-05  6.909E-05  5.315E-05  4.053E-05  3.019E-05  2.210E-05  1.615E-05  1.140E-05  7.998E-06  5.364E-06  3.530E-06  2.124E-06  1.105E-06  4.423E-07  9.479E-08  1.056E-08  5.366E-10  7.563E-12  1.796E-14  4.394E-19  0.000E+00  0.000E+00  0.000E+00  0.000E+00  0.000E+00  0.000E+00  0.000E+00  0.000E+00  0.000E+00  0.000E+00  0.000E+00  0.000E+00  0.000E+00
  385.5000  9.209E-03  8.467E-03  7.619E-03  6.825E-03  6.138E-03  5.548E-03  5.041E-03  4.418E-03  3.926E-03  3.449E-03  3.028E-03  2.603E-03  2.267E-03  1.958E-03  1.655E-03  1.393E-03  1.168E-03  9.761E-04  8.130E-04  6.569E-04  5.364E-04  4.410E-04  3.512E-04  2.860E-04  2.260E-04  1.800E-04  1.441E-04  1.127E-04  8.785E-05  6.810E-05  5.239E-05  3.995E-05  2.976E-05  2.179E-05  1.593E-05  1.124E-05  7.890E-06  5.294E-06  3.487E-06  2.101E-06  1.096E-06  4.412E-07  9.554E-08  1.082E-08  5.640E-10  8.266E-12  2.079E-14  5.518E-19  0.000E+00  0.000E+00  0.000E+00  0.000E+00  0.000E+00  0.000E+00  0.000E+00  0.000E+00  0.000E+00  0.000E+00  0.000E+00  0.000E+00  0.000E+00
  386.5000  9.390E-03  8.634E-03  7.769E-03  6.959E-03  6.258E-03  5.656E-03  5.138E-03  4.503E-03  4.000E-03  3.514E-03  3.085E-03  2.652E-03  2.309E-03  1.994E-03  1.685E-03  1.418E-03  1.189E-03  9.933E-04  8.271E-04  6.682E-04  5.455E-04  4.484E-04  3.570E-04  2.906E-04  2.296E-04  1.829E-04  1.464E-04  1.145E-04  8.922E-05  6.915E-05  5.320E-05  4.057E-05  3.023E-05  2.214E-05  1.618E-05  1.143E-05  8.020E-06  5.383E-06  3.549E-06  2.141E-06  1.120E-06  4.532E-07  9.916E-08  1.142E-08  6.102E-10  9.295E-12  2.473E-14  7.117E-19  0.000E+00  0.000E+00  0.000E+00  0.000E+00  0.000E+00  0.000E+00  0.000E+00  0.000E+00  0.000E+00  0.000E+00  0.000E+00  0.000E+00  0.000E+00
  387.5000  8.730E-03  8.026E-03  7.221E-03  6.468E-03  5.817E-03  5.256E-03  4.775E-03  4.184E-03  3.717E-03  3.264E-03  2.865E-03  2.463E-03  2.144E-03  1.851E-03  1.564E-03  1.316E-03  1.103E-03  9.215E-04  7.672E-04  6.196E-04  5.058E-04  4.156E-04  3.309E-04  2.693E-04  2.127E-04  1.694E-04  1.356E-04  1.060E-04  8.260E-05  6.402E-05  4.926E-05  3.756E-05  2.799E-05  2.050E-05  1.499E-05  1.058E-05  7.431E-06  4.990E-06  3.292E-06  1.989E-06  1.043E-06  4.244E-07  9.379E-08  1.098E-08  6.013E-10  9.516E-12  2.677E-14  8.341E-19  0.000E+00  0.000E+00  0.000E+00  0.000E+00  0.000E+00  0.000E+00  0.000E+00  0.000E+00  0.000E+00  0.000E+00  0.000E+00  0.000E+00  0.000E+00
  388.5000  8.752E-03  8.046E-03  7.240E-03  6.484E-03  5.831E-03  5.268E-03  4.785E-03  4.193E-03  3.724E-03  3.270E-03  2.870E-03  2.466E-03  2.147E-03  1.853E-03  1.565E-03  1.317E-03  1.104E-03  9.220E-04  7.675E-04  6.197E-04  5.057E-04  4.155E-04  3.307E-04  2.691E-04  2.125E-04  1.692E-04  1.354E-04  1.058E-04  8.248E-05  6.392E-05  4.918E-05  3.751E-05  2.795E-05  2.047E-05  1.497E-05  1.057E-05  7.426E-06  4.989E-06  3.294E-06  1.993E-06  1.048E-06  4.285E-07  9.565E-08  1.138E-08  6.385E-10  1.049E-11  3.118E-14  1.051E-18  0.000E+00  0.000E+00  0.000E+00  0.000E+00  0.000E+00  0.000E+00  0.000E+00  0.000E+00  0.000E+00  0.000E+00  0.000E+00  0.000E+00  0.000E+00
  389.5000  1.104E-02  1.015E-02  9.132E-03  8.179E-03  7.354E-03  6.644E-03  6.034E-03  5.287E-03  4.695E-03  4.122E-03  3.617E-03  3.108E-03  2.705E-03  2.334E-03  1.972E-03  1.659E-03  1.390E-03  1.161E-03  9.660E-04  7.799E-04  6.362E-04  5.226E-04  4.159E-04  3.383E-04  2.672E-04  2.126E-04  1.701E-04  1.330E-04  1.036E-04  8.030E-05  6.178E-05  4.712E-05  3.512E-05  2.573E-05  1.881E-05  1.329E-05  9.336E-06  6.275E-06  4.146E-06  2.512E-06  1.324E-06  5.442E-07  1.227E-07  1.483E-08  8.524E-10  1.454E-11  4.561E-14  1.662E-18  0.000E+00  0.000E+00  0.000E+00  0.000E+00  0.000E+00  0.000E+00  0.000E+00  0.000E+00  0.000E+00  0.000E+00  0.000E+00  0.000E+00  0.000E+00
  390.5000  1.085E-02  9.973E-03  8.973E-03  8.036E-03  7.225E-03  6.527E-03  5.927E-03  5.193E-03  4.611E-03  4.048E-03  3.551E-03  3.051E-03  2.655E-03  2.291E-03  1.934E-03  1.627E-03  1.364E-03  1.138E-03  9.471E-04  7.644E-04  6.235E-04  5.121E-04  4.074E-04  3.313E-04  2.616E-04  2.082E-04  1.665E-04  1.301E-04  1.014E-04  7.858E-05  6.046E-05  4.611E-05  3.438E-05  2.518E-05  1.842E-05  1.302E-05  9.144E-06  6.148E-06  4.065E-06  2.466E-06  1.304E-06  5.384E-07  1.226E-07  1.505E-08  8.859E-10  1.567E-11  5.186E-14  2.041E-18  0.000E+00  0.000E+00  0.000E+00  0.000E+00  0.000E+00  0.000E+00  0.000E+00  0.000E+00  0.000E+00  0.000E+00  0.000E+00  0.000E+00  0.000E+00
  391.5000  1.288E-02  1.184E-02  1.065E-02  9.536E-03  8.574E-03  7.745E-03  7.032E-03  6.160E-03  5.469E-03  4.801E-03  4.211E-03  3.618E-03  3.148E-03  2.715E-03  2.293E-03  1.928E-03  1.616E-03  1.348E-03  1.122E-03  9.051E-04  7.381E-04  6.060E-04  4.820E-04  3.919E-04  3.094E-04  2.462E-04  1.969E-04  1.538E-04  1.199E-04  9.288E-05  7.146E-05  5.451E-05  4.064E-05  2.977E-05  2.178E-05  1.539E-05  1.082E-05  7.275E-06  4.814E-06  2.924E-06  1.550E-06  6.433E-07  1.479E-07  1.844E-08  1.111E-09  2.038E-11  7.110E-14  3.018E-18  0.000E+00  0.000E+00  0.000E+00  0.000E+00  0.000E+00  0.000E+00  0.000E+00  0.000E+00  0.000E+00  0.000E+00  0.000E+00  0.000E+00  0.000E+00
  392.5000  9.660E-03  8.879E-03  7.989E-03  7.153E-03  6.431E-03  5.808E-03  5.274E-03  4.619E-03  4.100E-03  3.599E-03  3.156E-03  2.711E-03  2.358E-03  2.034E-03  1.717E-03  1.444E-03  1.210E-03  1.009E-03  8.395E-04  6.773E-04  5.522E-04  4.533E-04  3.604E-04  2.930E-04  2.313E-04  1.840E-04  1.471E-04  1.149E-04  8.955E-05  6.939E-05  5.339E-05  4.072E-05  3.037E-05  2.225E-05  1.628E-05  1.151E-05  8.087E-06  5.442E-06  3.603E-06  2.191E-06  1.165E-06  4.857E-07  1.127E-07  1.427E-08  8.801E-10  1.673E-11  6.149E-14  2.813E-18  0.000E+00  0.000E+00  0.000E+00  0.000E+00  0.000E+00  0.000E+00  0.000E+00  0.000E+00  0.000E+00  0.000E+00  0.000E+00  0.000E+00  0.000E+00
  393.5000  4.201E-03  3.861E-03  3.474E-03  3.111E-03  2.796E-03  2.525E-03  2.293E-03  2.008E-03  1.782E-03  1.564E-03  1.372E-03  1.178E-03  1.024E-03  8.835E-04  7.456E-04  6.270E-04  5.252E-04  4.381E-04  3.643E-04  2.938E-04  2.395E-04  1.966E-04  1.563E-04  1.270E-04  1.002E-04  7.971E-05  6.373E-05  4.979E-05  3.878E-05  3.005E-05  2.312E-05  1.764E-05  1.315E-05  9.638E-06  7.052E-06  4.986E-06  3.505E-06  2.359E-06  1.563E-06  9.519E-07  5.071E-07  2.125E-07  4.979E-08  6.399E-09  4.038E-10  7.953E-12  3.077E-14  1.516E-18  0.000E+00  0.000E+00  0.000E+00  0.000E+00  0.000E+00  0.000E+00  0.000E+00  0.000E+00  0.000E+00  0.000E+00  0.000E+00  0.000E+00  0.000E+00
  394.5000  9.889E-03  9.089E-03  8.177E-03  7.321E-03  6.581E-03  5.943E-03  5.394E-03  4.724E-03  4.192E-03  3.679E-03  3.225E-03  2.769E-03  2.409E-03  2.077E-03  1.752E-03  1.473E-03  1.234E-03  1.029E-03  8.555E-04  6.899E-04  5.622E-04  4.613E-04  3.667E-04  2.980E-04  2.351E-04  1.869E-04  1.494E-04  1.167E-04  9.091E-05  7.044E-05  5.419E-05  4.134E-05  3.083E-05  2.260E-05  1.654E-05  1.169E-05  8.222E-06  5.536E-06  3.671E-06  2.238E-06  1.195E-06  5.032E-07  1.190E-07  1.552E-08  1.002E-09  2.043E-11  8.317E-14  4.409E-18  0.000E+00  0.000E+00  0.000E+00  0.000E+00  0.000E+00  0.000E+00  0.000E+00  0.000E+00  0.000E+00  0.000E+00  0.000E+00  0.000E+00  0.000E+00
  395.5000  1.273E-02  1.170E-02  1.052E-02  9.422E-03  8.468E-03  7.647E-03  6.940E-03  6.077E-03  5.393E-03  4.731E-03  4.148E-03  3.561E-03  3.096E-03  2.669E-03  2.252E-03  1.893E-03  1.585E-03  1.322E-03  1.099E-03  8.857E-04  7.216E-04  5.920E-04  4.704E-04  3.822E-04  3.015E-04  2.397E-04  1.916E-04  1.496E-04  1.165E-04  9.027E-05  6.945E-05  5.299E-05  3.953E-05  2.897E-05  2.120E-05  1.500E-05  1.055E-05  7.104E-06  4.713E-06  2.877E-06  1.540E-06  6.514E-07  1.555E-07  2.058E-08  1.358E-09  2.867E-11  1.227E-13  6.992E-18  0.000E+00  0.000E+00  0.000E+00  0.000E+00  0.000E+00  0.000E+00  0.000E+00  0.000E+00  0.000E+00  0.000E+00  0.000E+00  0.000E+00  0.000E+00
  396.5000  7.477E-03  6.871E-03  6.181E-03  5.534E-03  4.974E-03  4.491E-03  4.076E-03  3.568E-03  3.166E-03  2.778E-03  2.435E-03  2.090E-03  1.817E-03  1.566E-03  1.321E-03  1.110E-03  9.295E-04  7.748E-04  6.439E-04  5.190E-04  4.228E-04  3.468E-04  2.755E-04  2.238E-04  1.765E-04  1.403E-04  1.121E-04  8.753E-05  6.816E-05  5.281E-05  4.063E-05  3.100E-05  2.313E-05  1.695E-05  1.241E-05  8.777E-06  6.174E-06  4.160E-06  2.762E-06  1.688E-06  9.059E-07  3.849E-07  9.270E-08  1.245E-08  8.402E-10  1.835E-11  8.250E-14  5.048E-18  0.000E+00  0.000E+00  0.000E+00  0.000E+00  0.000E+00  0.000E+00  0.000E+00  0.000E+00  0.000E+00  0.000E+00  0.000E+00  0.000E+00  0.000E+00
  397.5000  8.632E-03  7.932E-03  7.136E-03  6.389E-03  5.741E-03  5.183E-03  4.704E-03  4.118E-03  3.653E-03  3.204E-03  2.808E-03  2.410E-03  2.095E-03  1.806E-03  1.523E-03  1.280E-03  1.071E-03  8.927E-04  7.418E-04  5.978E-04  4.868E-04  3.992E-04  3.170E-04  2.575E-04  2.030E-04  1.613E-04  1.289E-04  1.006E-04  7.837E-05  6.071E-05  4.671E-05  3.564E-05  2.659E-05  1.949E-05  1.427E-05  1.010E-05  7.103E-06  4.788E-06  3.181E-06  1.946E-06  1.047E-06  4.470E-07  1.086E-07  1.480E-08  1.021E-09  2.305E-11  1.088E-13  7.145E-18  0.000E+00  0.000E+00  0.000E+00  0.000E+00  0.000E+00  0.000E+00  0.000E+00  0.000E+00  0.000E+00  0.000E+00  0.000E+00  0.000E+00  0.000E+00
  398.5000  1.484E-02  1.364E-02  1.227E-02  1.098E-02  9.868E-03  8.908E-03  8.083E-03  7.076E-03  6.276E-03  5.505E-03  4.824E-03  4.139E-03  3.598E-03  3.100E-03  2.614E-03  2.196E-03  1.838E-03  1.532E-03  1.272E-03  1.025E-03  8.346E-04  6.842E-04  5.433E-04  4.411E-04  3.477E-04  2.763E-04  2.207E-04  1.723E-04  1.342E-04  1.039E-04  7.996E-05  6.101E-05  4.552E-05  3.337E-05  2.443E-05  1.729E-05  1.217E-05  8.206E-06  5.455E-06  3.341E-06  1.802E-06  7.727E-07  1.895E-07  2.619E-08  1.845E-09  4.306E-11  2.134E-13  1.502E-17  0.000E+00  0.000E+00  0.000E+00  0.000E+00  0.000E+00  0.000E+00  0.000E+00  0.000E+00  0.000E+00  0.000E+00  0.000E+00  0.000E+00  0.000E+00
  399.5000  1.544E-02  1.419E-02  1.276E-02  1.143E-02  1.027E-02  9.267E-03  8.408E-03  7.359E-03  6.527E-03  5.724E-03  5.015E-03  4.303E-03  3.739E-03  3.222E-03  2.716E-03  2.282E-03  1.909E-03  1.590E-03  1.321E-03  1.064E-03  8.661E-04  7.099E-04  5.636E-04  4.575E-04  3.605E-04  2.864E-04  2.288E-04  1.786E-04  1.390E-04  1.077E-04  8.284E-05  6.321E-05  4.717E-05  3.459E-05  2.533E-05  1.793E-05  1.262E-05  8.511E-06  5.662E-06  3.472E-06  1.877E-06  8.083E-07  1.999E-07  2.803E-08  2.017E-09  4.864E-11  2.527E-13  1.906E-17  0.000E+00  0.000E+00  0.000E+00  0.000E+00  0.000E+00  0.000E+00  0.000E+00  0.000E+00  0.000E+00  0.000E+00  0.000E+00  0.000E+00  0.000E+00
------------------------------------------------------------
Dose rates,W m-2
   1 = UV index (WMO, 1994; Webb et al., 2011)           
   2 = Previtamin-D3 (CIE 2006)                          
values at z =      0.025 km
Columns: time,sza,weighting spectra
time,hrs.  sza,deg.          1          2
   18.0000     89.761  2.144E-02  3.496E-04
   18.0167     89.950  1.975E-02  3.253E-04
   18.0333     90.139  1.784E-02  2.975E-04
   18.0500     90.328  1.606E-02  2.715E-04
   18.0667     90.517  1.452E-02  2.490E-04
   18.0833     90.707  1.320E-02  2.296E-04
   18.1000     90.897  1.207E-02  2.127E-04
   18.1167     91.086  1.068E-02  1.916E-04
   18.1333     91.277  9.579E-03  1.747E-04
   18.1500     91.467  8.505E-03  1.578E-04
   18.1667     91.658  7.555E-03  1.428E-04
   18.1833     91.848  6.588E-03  1.270E-04
   18.2000     92.039  5.809E-03  1.140E-04
   18.2167     92.230  5.094E-03  1.019E-04
   18.2333     92.422  4.380E-03  8.938E-05
   18.2500     92.613  3.757E-03  7.818E-05
   18.2667     92.805  3.212E-03  6.808E-05
   18.2833     92.997  2.735E-03  5.899E-05
   18.3000     93.189  2.322E-03  5.087E-05
   18.3167     93.381  1.915E-03  4.252E-05
   18.3333     93.574  1.594E-03  3.583E-05
   18.3500     93.767  1.332E-03  3.021E-05
   18.3667     93.960  1.077E-03  2.454E-05
   18.3833     94.153  8.874E-04  2.028E-05
   18.4000     94.346  7.073E-04  1.612E-05
   18.4167     94.539  5.648E-04  1.278E-05
   18.4333     94.733  4.528E-04  1.019E-05
   18.4500     94.927  3.521E-04  7.808E-06
   18.4667     95.121  2.713E-04  5.899E-06
   18.4833     95.315  2.065E-04  4.371E-06
   18.5000     95.509  1.545E-04  3.134E-06
   18.5167     95.704  1.133E-04  2.146E-06
   18.5333     95.899  7.893E-05  1.304E-06
   18.5500     96.094  5.350E-05  7.180E-07
   18.5667     96.289  3.566E-05  3.529E-07
   18.5833     96.484  2.252E-05  1.396E-07
   18.6000     96.679  1.424E-05  5.189E-08
   18.6167     96.875  8.575E-06  1.727E-08
   18.6333     97.071  5.036E-06  5.517E-09
   18.6500     97.267  2.656E-06  1.488E-09
   18.6667     97.463  1.161E-06  3.056E-10
   18.6833     97.659  3.727E-07  4.538E-11
   18.7000     97.855  5.926E-08  2.893E-12
   18.7167     98.052  4.809E-09  7.294E-14
   18.7333     98.249  1.927E-10  4.290E-16
   18.7500     98.445  2.641E-12  2.134E-19
   18.7667     98.642  8.505E-15  3.769E-24
   18.7833     98.840  4.312E-19  8.592E-32
   18.8000     99.037  0.000E+00  0.000E+00
   18.8167     99.235  0.000E+00  0.000E+00
   18.8333     99.432  0.000E+00  0.000E+00
   18.8500     99.630  0.000E+00  0.000E+00
   18.8667     99.828  0.000E+00  0.000E+00
   18.8833    100.026  0.000E+00  0.000E+00
   18.9000    100.224  0.000E+00  0.000E+00
   18.9167    100.423  0.000E+00  0.000E+00
   18.9333    100.621  0.000E+00  0.000E+00
   18.9500    100.820  0.000E+00  0.000E+00
   18.9667    101.019  0.000E+00  0.000E+00
   18.9833    101.218  0.000E+00  0.000E+00
   19.0000    101.417  0.000E+00  0.000E+00
------------------------------------------------------------
