Spectral Irradiance,W m-2 nm-1
values at z =      0.025 km
Columns: wavelength (nm),times (hrs.) or sza (deg.)
    wc,nm     18.000     18.017     18.033     18.050     18.067     18.083     18.100     18.117     18.133     18.150     18.167     18.183     18.200     18.217     18.233     18.250     18.267     18.283     18.300     18.317     18.333     18.350     18.367     18.383     18.400     18.417     18.433     18.450     18.467     18.483     18.500     18.517     18.533     18.550     18.567     18.583     18.600     18.617     18.633     18.650     18.667     18.683     18.700     18.717     18.733     18.750     18.767     18.783     18.800     18.817     18.833     18.850     18.867     18.883     18.900     18.917     18.933     18.950     18.967     18.983     19.000
    sza =      88.162     88.354     88.547     88.740     88.934     89.127     89.321     89.514     89.708     89.903     90.097     90.292     90.487     90.681     90.876     91.072     91.268     91.463     91.659     91.855     92.052     92.248     92.445     92.641     92.838     93.035     93.233     93.430     93.627     93.825     94.023     94.221     94.419     94.618     94.816     95.015     95.214     95.413     95.612     95.811     96.011     96.210     96.410     96.610     96.810     97.010     97.210     97.410     97.611     97.812     98.013     98.214     98.415     98.616     98.818     99.019     99.221     99.422     99.624     99.826    100.029
  280.5000  3.529E-24  3.398E-24  3.266E-24  3.134E-24  3.001E-24  2.867E-24  2.733E-24  2.599E-24  2.467E-24  2.336E-24  2.180E-24  2.015E-24  1.871E-24  1.745E-24  1.635E-24  1.488E-24  1.364E-24  1.239E-24  1.124E-24  9.977E-25  8.889E-25  7.978E-25  6.939E-25  6.003E-25  5.159E-25  4.341E-25  3.596E-25  2.983E-25  2.456E-25  1.899E-25  1.479E-25  1.062E-25  7.248E-26  4.628E-26  2.415E-26  9.598E-27  2.357E-27  2.301E-28  4.501E-30  3.439E-33  1.980E-38  0.000E+00  0.000E+00  0.000E+00  0.000E+00  0.000E+00  0.000E+00  0.000E+00  0.000E+00  0.000E+00  0.000E+00  0.000E+00  0.000E+00  0.000E+00  0.000E+00  0.000E+00  0.000E+00  0.000E+00  0.000E+00  0.000E+00  0.000E+00
  281.5000  4.533E-22  4.366E-22  4.197E-22  4.027E-22  3.856E-22  3.685E-22  3.514E-22  3.343E-22  3.173E-22  3.005E-22  2.805E-22  2.594E-22  2.410E-22  2.249E-22  2.107E-22  1.918E-22  1.759E-22  1.598E-22  1.450E-22  1.288E-22  1.148E-22  1.031E-22  8.967E-23  7.760E-23  6.673E-23  5.619E-23  4.658E-23  3.868E-23  3.192E-23  2.480E-23  1.944E-23  1.412E-23  9.809E-24  6.430E-24  3.506E-24  1.495E-24  4.126E-25  4.918E-26  1.361E-27  1.952E-30  3.303E-35  2.308E-42  0.000E+00  0.000E+00  0.000E+00  0.000E+00  0.000E+00  0.000E+00  0.000E+00  0.000E+00  0.000E+00  0.000E+00  0.000E+00  0.000E+00  0.000E+00  0.000E+00  0.000E+00  0.000E+00  0.000E+00  0.000E+00  0.000E+00
  282.5000  2.012E-20  1.938E-20  1.863E-20  1.788E-20  1.712E-20  1.637E-20  1.561E-20  1.485E-20  1.410E-20  1.336E-20  1.247E-20  1.153E-20  1.072E-20  1.000E-20  9.376E-21  8.540E-21  7.834E-21  7.120E-21  6.463E-21  5.744E-21  5.120E-21  4.598E-21  4.002E-21  3.464E-21  2.980E-21  2.511E-21  2.083E-21  1.731E-21  1.431E-21  1.116E-21  8.800E-22  6.452E-22  4.552E-22  3.050E-22  1.727E-22  7.836E-23  2.395E-23  3.407E-24  1.283E-25  3.212E-28  1.398E-32  4.096E-39  0.000E+00  0.000E+00  0.000E+00  0.000E+00  0.000E+00  0.000E+00  0.000E+00  0.000E+00  0.000E+00  0.000E+00  0.000E+00  0.000E+00  0.000E+00  0.000E+00  0.000E+00  0.000E+00  0.000E+00  0.000E+00  0.000E+00
  283.5000  2.133E-19  2.055E-19  1.976E-19  1.896E-19  1.816E-19  1.736E-19  1.655E-19  1.575E-19  1.496E-19  1.417E-19  1.323E-19  1.224E-19  1.138E-19  1.062E-19  9.958E-20  9.072E-20  8.325E-20  7.567E-20  6.870E-20  6.105E-20  5.446E-20  4.891E-20  4.259E-20  3.688E-20  3.173E-20  2.675E-20  2.220E-20  1.846E-20  1.528E-20  1.195E-20  9.451E-21  6.972E-21  4.966E-21  3.376E-21  1.959E-21  9.248E-22  3.022E-22  4.830E-23  2.226E-24  8.045E-27  6.502E-31  4.848E-37  0.000E+00  0.000E+00  0.000E+00  0.000E+00  0.000E+00  0.000E+00  0.000E+00  0.000E+00  0.000E+00  0.000E+00  0.000E+00  0.000E+00  0.000E+00  0.000E+00  0.000E+00  0.000E+00  0.000E+00  0.000E+00  0.000E+00
  284.5000  9.676E-18  9.320E-18  8.963E-18  8.602E-18  8.241E-18  7.879E-18  7.516E-18  7.154E-18  6.794E-18  6.439E-18  6.016E-18  5.567E-18  5.176E-18  4.835E-18  4.534E-18  4.133E-18  3.795E-18  3.451E-18  3.135E-18  2.788E-18  2.488E-18  2.236E-18  1.948E-18  1.688E-18  1.453E-18  1.226E-18  1.018E-18  8.478E-19  7.029E-19  5.520E-19  4.393E-19  3.274E-19  2.369E-19  1.649E-19  9.969E-20  5.030E-20  1.836E-20  3.561E-21  2.301E-22  1.543E-24  3.585E-28  1.340E-33  3.041E-43  0.000E+00  0.000E+00  0.000E+00  0.000E+00  0.000E+00  0.000E+00  0.000E+00  0.000E+00  0.000E+00  0.000E+00  0.000E+00  0.000E+00  0.000E+00  0.000E+00  0.000E+00  0.000E+00  0.000E+00  0.000E+00
  285.5000  1.020E-16  9.826E-17  9.449E-17  9.069E-17  8.689E-17  8.308E-17  7.926E-17  7.545E-17  7.168E-17  6.795E-17  6.349E-17  5.877E-17  5.467E-17  5.108E-17  4.792E-17  4.370E-17  4.014E-17  3.652E-17  3.319E-17  2.953E-17  2.636E-17  2.370E-17  2.066E-17  1.791E-17  1.543E-17  1.303E-17  1.083E-17  9.022E-18  7.490E-18  5.900E-18  4.716E-18  3.541E-18  2.593E-18  1.837E-18  1.145E-18  6.081E-19  2.420E-19  5.462E-20  4.603E-21  5.013E-23  2.642E-26  3.398E-31  7.074E-40  0.000E+00  0.000E+00  0.000E+00  0.000E+00  0.000E+00  0.000E+00  0.000E+00  0.000E+00  0.000E+00  0.000E+00  0.000E+00  0.000E+00  0.000E+00  0.000E+00  0.000E+00  0.000E+00  0.000E+00  0.000E+00
  286.5000  2.813E-15  2.710E-15  2.606E-15  2.501E-15  2.397E-15  2.292E-15  2.187E-15  2.082E-15  1.978E-15  1.875E-15  1.752E-15  1.623E-15  1.510E-15  1.411E-15  1.324E-15  1.208E-15  1.110E-15  1.010E-15  9.185E-16  8.175E-16  7.301E-16  6.567E-16  5.726E-16  4.966E-16  4.280E-16  3.616E-16  3.007E-16  2.508E-16  2.084E-16  1.646E-16  1.319E-16  9.964E-17  7.361E-17  5.285E-17  3.372E-17  1.861E-17  7.913E-18  2.009E-18  2.079E-19  3.302E-21  3.285E-24  1.097E-28  1.258E-36  0.000E+00  0.000E+00  0.000E+00  0.000E+00  0.000E+00  0.000E+00  0.000E+00  0.000E+00  0.000E+00  0.000E+00  0.000E+00  0.000E+00  0.000E+00  0.000E+00  0.000E+00  0.000E+00  0.000E+00  0.000E+00
  287.5000  4.157E-14  4.004E-14  3.850E-14  3.695E-14  3.541E-14  3.386E-14  3.231E-14  3.076E-14  2.923E-14  2.772E-14  2.591E-14  2.399E-14  2.233E-14  2.088E-14  1.960E-14  1.789E-14  1.644E-14  1.497E-14  1.362E-14  1.213E-14  1.084E-14  9.755E-15  8.511E-15  7.385E-15  6.367E-15  5.385E-15  4.480E-15  3.739E-15  3.112E-15  2.463E-15  1.981E-15  1.505E-15  1.122E-15  8.169E-16  5.340E-16  3.072E-16  1.400E-16  4.027E-17  5.191E-18  1.236E-19  2.445E-22  2.305E-26  1.708E-33  1.093E-43  0.000E+00  0.000E+00  0.000E+00  0.000E+00  0.000E+00  0.000E+00  0.000E+00  0.000E+00  0.000E+00  0.000E+00  0.000E+00  0.000E+00  0.000E+00  0.000E+00  0.000E+00  0.000E+00  0.000E+00
  288.5000  5.882E-13  5.665E-13  5.447E-13  5.228E-13  5.009E-13  4.789E-13  4.570E-13  4.352E-13  4.136E-13  3.922E-13  3.667E-13  3.397E-13  3.163E-13  2.958E-13  2.778E-13  2.536E-13  2.333E-13  2.126E-13  1.935E-13  1.724E-13  1.542E-13  1.388E-13  1.212E-13  1.052E-13  9.081E-14  7.687E-14  6.400E-14  5.347E-14  4.455E-14  3.535E-14  2.855E-14  2.182E-14  1.642E-14  1.213E-14  8.139E-15  4.891E-15  2.405E-15  7.923E-16  1.298E-16  4.826E-18  2.031E-20  5.970E-24  3.404E-30  4.214E-39  0.000E+00  0.000E+00  0.000E+00  0.000E+00  0.000E+00  0.000E+00  0.000E+00  0.000E+00  0.000E+00  0.000E+00  0.000E+00  0.000E+00  0.000E+00  0.000E+00  0.000E+00  0.000E+00  0.000E+00
  289.5000  6.807E-12  6.554E-12  6.301E-12  6.047E-12  5.793E-12  5.539E-12  5.286E-12  5.033E-12  4.783E-12  4.537E-12  4.242E-12  3.930E-12  3.659E-12  3.423E-12  3.216E-12  2.937E-12  2.702E-12  2.464E-12  2.243E-12  2.000E-12  1.790E-12  1.612E-12  1.408E-12  1.224E-12  1.056E-12  8.950E-13  7.456E-13  6.234E-13  5.199E-13  4.134E-13  3.346E-13  2.568E-13  1.946E-13  1.453E-13  9.926E-14  6.157E-14  3.200E-14  1.166E-14  2.283E-15  1.182E-16  8.695E-19  5.872E-22  1.466E-27  1.520E-35  0.000E+00  0.000E+00  0.000E+00  0.000E+00  0.000E+00  0.000E+00  0.000E+00  0.000E+00  0.000E+00  0.000E+00  0.000E+00  0.000E+00  0.000E+00  0.000E+00  0.000E+00  0.000E+00  0.000E+00
  290.5000  5.114E-11  4.923E-11  4.732E-11  4.540E-11  4.349E-11  4.158E-11  3.967E-11  3.778E-11  3.590E-11  3.405E-11  3.184E-11  2.950E-11  2.748E-11  2.571E-11  2.416E-11  2.207E-11  2.031E-11  1.852E-11  1.687E-11  1.505E-11  1.347E-11  1.215E-11  1.062E-11  9.228E-12  7.971E-12  6.758E-12  5.633E-12  4.713E-12  3.934E-12  3.133E-12  2.541E-12  1.957E-12  1.491E-12  1.122E-12  7.782E-13  4.952E-13  2.692E-13  1.065E-13  2.414E-14  1.646E-15  1.926E-17  2.608E-20  2.244E-25  1.388E-32  1.429E-43  0.000E+00  0.000E+00  0.000E+00  0.000E+00  0.000E+00  0.000E+00  0.000E+00  0.000E+00  0.000E+00  0.000E+00  0.000E+00  0.000E+00  0.000E+00  0.000E+00  0.000E+00  0.000E+00
  291.5000  3.308E-10  3.184E-10  3.060E-10  2.935E-10  2.811E-10  2.687E-10  2.563E-10  2.440E-10  2.319E-10  2.199E-10  2.057E-10  1.906E-10  1.775E-10  1.661E-10  1.561E-10  1.427E-10  1.314E-10  1.199E-10  1.092E-10  9.750E-11  8.730E-11  7.877E-11  6.890E-11  5.994E-11  5.181E-11  4.397E-11  3.667E-11  3.071E-11  2.566E-11  2.047E-11  1.664E-11  1.287E-11  9.860E-12  7.484E-12  5.272E-12  3.447E-12  1.966E-12  8.499E-13  2.257E-13  2.078E-14  4.066E-16  1.194E-18  4.115E-23  1.906E-29  4.555E-39  0.000E+00  0.000E+00  0.000E+00  0.000E+00  0.000E+00  0.000E+00  0.000E+00  0.000E+00  0.000E+00  0.000E+00  0.000E+00  0.000E+00  0.000E+00  0.000E+00  0.000E+00  0.000E+00
  292.5000  1.435E-09  1.381E-09  1.327E-09  1.273E-09  1.218E-09  1.164E-09  1.110E-09  1.057E-09  1.004E-09  9.521E-10  8.903E-10  8.250E-10  7.684E-10  7.191E-10  6.760E-10  6.179E-10  5.690E-10  5.194E-10  4.736E-10  4.229E-10  3.789E-10  3.420E-10  2.994E-10  2.606E-10  2.254E-10  1.914E-10  1.598E-10  1.339E-10  1.120E-10  8.947E-11  7.287E-11  5.650E-11  4.351E-11  3.325E-11  2.372E-11  1.586E-11  9.416E-12  4.388E-12  1.333E-12  1.585E-13  4.785E-15  2.685E-17  2.908E-21  6.972E-27  2.141E-35  0.000E+00  0.000E+00  0.000E+00  0.000E+00  0.000E+00  0.000E+00  0.000E+00  0.000E+00  0.000E+00  0.000E+00  0.000E+00  0.000E+00  0.000E+00  0.000E+00  0.000E+00  0.000E+00
  293.5000  7.254E-09  6.976E-09  6.698E-09  6.420E-09  6.145E-09  5.870E-09  5.597E-09  5.326E-09  5.059E-09  4.797E-09  4.485E-09  4.155E-09  3.870E-09  3.622E-09  3.405E-09  3.113E-09  2.867E-09  2.618E-09  2.388E-09  2.133E-09  1.914E-09  1.727E-09  1.513E-09  1.318E-09  1.141E-09  9.698E-10  8.099E-10  6.792E-10  5.686E-10  4.550E-10  3.712E-10  2.886E-10  2.232E-10  1.716E-10  1.238E-10  8.447E-11  5.197E-11  2.592E-11  8.904E-12  1.339E-12  6.049E-14  6.218E-16  1.979E-19  2.237E-24  7.563E-32  1.239E-41  0.000E+00  0.000E+00  0.000E+00  0.000E+00  0.000E+00  0.000E+00  0.000E+00  0.000E+00  0.000E+00  0.000E+00  0.000E+00  0.000E+00  0.000E+00  0.000E+00  0.000E+00
  294.5000  2.151E-08  2.068E-08  1.985E-08  1.902E-08  1.819E-08  1.737E-08  1.656E-08  1.575E-08  1.496E-08  1.418E-08  1.325E-08  1.228E-08  1.143E-08  1.070E-08  1.006E-08  9.196E-09  8.471E-09  7.737E-09  7.058E-09  6.308E-09  5.662E-09  5.112E-09  4.480E-09  3.905E-09  3.382E-09  2.878E-09  2.405E-09  2.018E-09  1.691E-09  1.355E-09  1.107E-09  8.625E-10  6.691E-10  5.170E-10  3.764E-10  2.609E-10  1.653E-10  8.713E-11  3.312E-11  6.048E-12  3.805E-13  6.399E-15  4.847E-18  1.880E-22  4.218E-29  8.317E-38  0.000E+00  0.000E+00  0.000E+00  0.000E+00  0.000E+00  0.000E+00  0.000E+00  0.000E+00  0.000E+00  0.000E+00  0.000E+00  0.000E+00  0.000E+00  0.000E+00  0.000E+00
  295.5000  8.742E-08  8.398E-08  8.055E-08  7.714E-08  7.375E-08  7.039E-08  6.705E-08  6.375E-08  6.050E-08  5.733E-08  5.357E-08  4.961E-08  4.619E-08  4.322E-08  4.062E-08  3.714E-08  3.422E-08  3.126E-08  2.852E-08  2.550E-08  2.290E-08  2.068E-08  1.814E-08  1.582E-08  1.371E-08  1.168E-08  9.768E-09  8.204E-09  6.880E-09  5.519E-09  4.516E-09  3.527E-09  2.745E-09  2.131E-09  1.565E-09  1.102E-09  7.181E-10  3.999E-10  1.681E-10  3.734E-11  3.293E-12  9.197E-14  1.717E-16  2.418E-20  3.934E-26  1.057E-33  1.121E-43  0.000E+00  0.000E+00  0.000E+00  0.000E+00  0.000E+00  0.000E+00  0.000E+00  0.000E+00  0.000E+00  0.000E+00  0.000E+00  0.000E+00  0.000E+00  0.000E+00
  296.5000  2.298E-07  2.206E-07  2.115E-07  2.024E-07  1.934E-07  1.844E-07  1.756E-07  1.669E-07  1.583E-07  1.499E-07  1.400E-07  1.296E-07  1.206E-07  1.128E-07  1.060E-07  9.694E-08  8.929E-08  8.157E-08  7.444E-08  6.658E-08  5.980E-08  5.404E-08  4.742E-08  4.139E-08  3.590E-08  3.061E-08  2.562E-08  2.153E-08  1.807E-08  1.452E-08  1.189E-08  9.307E-09  7.265E-09  5.662E-09  4.188E-09  2.987E-09  1.993E-09  1.163E-09  5.330E-10  1.402E-10  1.653E-11  7.131E-13  2.873E-15  1.206E-18  1.031E-23  2.426E-30  4.459E-39  0.000E+00  0.000E+00  0.000E+00  0.000E+00  0.000E+00  0.000E+00  0.000E+00  0.000E+00  0.000E+00  0.000E+00  0.000E+00  0.000E+00  0.000E+00  0.000E+00
  297.5000  6.364E-07  6.104E-07  5.847E-07  5.591E-07  5.338E-07  5.088E-07  4.840E-07  4.596E-07  4.357E-07  4.124E-07  3.850E-07  3.562E-07  3.314E-07  3.098E-07  2.910E-07  2.660E-07  2.450E-07  2.238E-07  2.042E-07  1.827E-07  1.641E-07  1.484E-07  1.303E-07  1.138E-07  9.875E-08  8.428E-08  7.058E-08  5.938E-08  4.988E-08  4.011E-08  3.290E-08  2.580E-08  2.018E-08  1.578E-08  1.174E-08  8.464E-09  5.763E-09  3.496E-09  1.723E-09  5.238E-10  7.934E-11  4.993E-12  3.936E-14  4.289E-17  1.566E-21  2.466E-27  5.515E-35  0.000E+00  0.000E+00  0.000E+00  0.000E+00  0.000E+00  0.000E+00  0.000E+00  0.000E+00  0.000E+00  0.000E+00  0.000E+00  0.000E+00  0.000E+00  0.000E+00
  298.5000  1.045E-06  1.002E-06  9.589E-07  9.162E-07  8.741E-07  8.324E-07  7.913E-07  7.509E-07  7.113E-07  6.728E-07  6.277E-07  5.805E-07  5.397E-07  5.043E-07  4.735E-07  4.327E-07  3.983E-07  3.639E-07  3.320E-07  2.970E-07  2.669E-07  2.413E-07  2.119E-07  1.852E-07  1.609E-07  1.374E-07  1.152E-07  9.695E-08  8.150E-08  6.563E-08  5.388E-08  4.232E-08  3.318E-08  2.601E-08  1.946E-08  1.415E-08  9.792E-09  6.139E-09  3.220E-09  1.108E-09  2.081E-10  1.811E-11  2.540E-13  6.258E-16  7.836E-20  6.153E-25  1.126E-31  2.903E-41  0.000E+00  0.000E+00  0.000E+00  0.000E+00  0.000E+00  0.000E+00  0.000E+00  0.000E+00  0.000E+00  0.000E+00  0.000E+00  0.000E+00  0.000E+00
  299.5000  3.183E-06  3.048E-06  2.914E-06  2.782E-06  2.651E-06  2.522E-06  2.396E-06  2.271E-06  2.149E-06  2.031E-06  1.894E-06  1.750E-06  1.626E-06  1.518E-06  1.425E-06  1.301E-06  1.197E-06  1.094E-06  9.975E-07  8.925E-07  8.020E-07  7.252E-07  6.372E-07  5.570E-07  4.841E-07  4.140E-07  3.472E-07  2.925E-07  2.461E-07  1.984E-07  1.631E-07  1.283E-07  1.008E-07  7.919E-08  5.949E-08  4.359E-08  3.061E-08  1.974E-08  1.093E-08  4.202E-09  9.585E-10  1.121E-10  2.669E-12  1.400E-14  5.550E-18  1.982E-22  2.658E-28  1.195E-36  0.000E+00  0.000E+00  0.000E+00  0.000E+00  0.000E+00  0.000E+00  0.000E+00  0.000E+00  0.000E+00  0.000E+00  0.000E+00  0.000E+00  0.000E+00
  300.5000  3.836E-06  3.669E-06  3.504E-06  3.341E-06  3.181E-06  3.024E-06  2.869E-06  2.718E-06  2.570E-06  2.445E-06  2.261E-06  2.087E-06  1.938E-06  1.808E-06  1.695E-06  1.548E-06  1.424E-06  1.300E-06  1.185E-06  1.060E-06  9.527E-07  8.613E-07  7.571E-07  6.622E-07  5.758E-07  4.927E-07  4.136E-07  3.487E-07  2.935E-07  2.370E-07  1.949E-07  1.535E-07  1.208E-07  9.513E-08  7.171E-08  5.287E-08  3.754E-08  2.477E-08  1.433E-08  6.021E-09  1.607E-09  2.384E-10  8.699E-12  8.358E-14  8.182E-17  9.422E-21  5.787E-26  2.242E-33  1.041E-41  0.000E+00  0.000E+00  0.000E+00  0.000E+00  0.000E+00  0.000E+00  0.000E+00  0.000E+00  0.000E+00  0.000E+00  0.000E+00  0.000E+00
  301.5000  1.014E-05  9.684E-06  9.236E-06  8.794E-06  8.362E-06  7.937E-06  7.522E-06  7.120E-06  6.720E-06  6.337E-06  5.897E-06  5.440E-06  5.044E-06  4.702E-06  4.405E-06  4.019E-06  3.693E-06  3.369E-06  3.071E-06  2.747E-06  2.468E-06  2.231E-06  1.961E-06  1.716E-06  1.492E-06  1.279E-06  1.074E-06  9.062E-07  7.635E-07  6.172E-07  5.081E-07  4.009E-07  3.162E-07  2.494E-07  1.887E-07  1.399E-07  1.005E-07  6.782E-08  4.099E-08  1.886E-08  5.922E-09  1.127E-09  6.458E-11  1.182E-12  3.040E-15  1.229E-18  3.926E-23  1.605E-29  1.032E-36  3.517E-43  1.401E-45  1.401E-45  0.000E+00  0.000E+00  0.000E+00  0.000E+00  0.000E+00  0.000E+00  0.000E+00  0.000E+00  0.000E+00
  302.5000  1.541E-05  1.470E-05  1.401E-05  1.332E-05  1.265E-05  1.200E-05  1.135E-05  1.073E-05  1.012E-05  9.540E-06  8.864E-06  8.169E-06  7.568E-06  7.049E-06  6.598E-06  6.014E-06  5.524E-06  5.037E-06  4.588E-06  4.102E-06  3.684E-06  3.331E-06  2.927E-06  2.562E-06  2.229E-06  1.911E-06  1.606E-06  1.356E-06  1.143E-06  9.252E-07  7.622E-07  6.022E-07  4.755E-07  3.756E-07  2.849E-07  2.122E-07  1.535E-07  1.051E-07  6.545E-08  3.202E-08  1.122E-08  2.529E-09  1.967E-10  5.559E-12  2.709E-14  2.482E-17  2.317E-21  4.371E-27  1.531E-33  2.144E-39  2.336E-42  1.261E-43  1.401E-45  0.000E+00  0.000E+00  0.000E+00  0.000E+00  0.000E+00  0.000E+00  0.000E+00  0.000E+00
  303.5000  3.386E-05  3.224E-05  3.066E-05  2.910E-05  2.759E-05  2.612E-05  2.468E-05  2.328E-05  2.193E-05  2.062E-05  1.915E-05  1.762E-05  1.630E-05  1.516E-05  1.417E-05  1.291E-05  1.184E-05  1.079E-05  9.815E-06  8.770E-06  7.874E-06  7.113E-06  6.253E-06  5.472E-06  4.763E-06  4.087E-06  3.437E-06  2.905E-06  2.451E-06  1.986E-06  1.638E-06  1.296E-06  1.025E-06  8.110E-07  6.170E-07  4.615E-07  3.366E-07  2.344E-07  1.507E-07  7.901E-08  3.134E-08  8.566E-09  9.469E-10  4.426E-11  4.566E-13  1.107E-15  3.708E-19  4.310E-24  1.138E-29  8.550E-35  1.394E-37  4.589E-39  1.472E-41  5.605E-45  0.000E+00  0.000E+00  0.000E+00  0.000E+00  0.000E+00  0.000E+00  0.000E+00
  304.5000  4.328E-05  4.116E-05  3.907E-05  3.706E-05  3.509E-05  3.317E-05  3.131E-05  2.950E-05  2.775E-05  2.607E-05  2.418E-05  2.223E-05  2.054E-05  1.909E-05  1.783E-05  1.622E-05  1.487E-05  1.353E-05  1.231E-05  1.099E-05  9.865E-06  8.907E-06  7.828E-06  6.851E-06  5.965E-06  5.121E-06  4.309E-06  3.643E-06  3.075E-06  2.495E-06  2.059E-06  1.631E-06  1.292E-06  1.023E-06  7.794E-07  5.847E-07  4.285E-07  3.014E-07  1.976E-07  1.079E-07  4.610E-08  1.413E-08  1.924E-09  1.209E-10  1.936E-12  8.297E-15  5.825E-18  1.912E-22  1.569E-27  2.999E-32  6.216E-35  1.601E-36  3.769E-39  8.870E-43  0.000E+00  0.000E+00  0.000E+00  0.000E+00  0.000E+00  0.000E+00  0.000E+00
  305.5000  7.368E-05  6.990E-05  6.622E-05  6.264E-05  5.917E-05  5.581E-05  5.255E-05  4.940E-05  4.637E-05  4.347E-05  4.024E-05  3.692E-05  3.405E-05  3.158E-05  2.945E-05  2.674E-05  2.447E-05  2.225E-05  2.021E-05  1.803E-05  1.616E-05  1.458E-05  1.281E-05  1.121E-05  9.759E-06  8.384E-06  7.059E-06  5.972E-06  5.046E-06  4.100E-06  3.386E-06  2.688E-06  2.132E-06  1.691E-06  1.292E-06  9.729E-07  7.176E-07  5.111E-07  3.437E-07  1.983E-07  9.368E-08  3.364E-08  6.129E-09  5.861E-10  1.786E-11  1.792E-13  3.825E-16  6.038E-20  2.806E-24  2.247E-28  6.617E-31  1.130E-32  1.548E-35  1.781E-39  0.000E+00  0.000E+00  0.000E+00  0.000E+00  0.000E+00  0.000E+00  0.000E+00
  306.5000  8.647E-05  8.194E-05  7.753E-05  7.326E-05  6.912E-05  6.511E-05  6.126E-05  5.750E-05  5.392E-05  5.049E-05  4.667E-05  4.279E-05  3.942E-05  3.652E-05  3.402E-05  3.087E-05  2.823E-05  2.564E-05  2.327E-05  2.075E-05  1.860E-05  1.677E-05  1.472E-05  1.288E-05  1.122E-05  9.637E-06  8.116E-06  6.870E-06  5.807E-06  4.722E-06  3.902E-06  3.100E-06  2.462E-06  1.953E-06  1.495E-06  1.128E-06  8.343E-07  5.978E-07  4.067E-07  2.407E-07  1.191E-07  4.595E-08  9.541E-09  1.098E-09  4.412E-11  6.334E-13  2.166E-15  6.650E-19  6.428E-23  9.459E-27  3.312E-29  4.964E-31  5.837E-34  5.540E-38  1.401E-45  0.000E+00  0.000E+00  0.000E+00  0.000E+00  0.000E+00  0.000E+00
  307.5000  1.601E-04  1.513E-04  1.428E-04  1.345E-04  1.265E-04  1.189E-04  1.115E-04  1.044E-04  9.758E-05  9.111E-05  8.402E-05  7.682E-05  7.060E-05  6.524E-05  6.061E-05  5.489E-05  5.008E-05  4.541E-05  4.113E-05  3.662E-05  3.277E-05  2.951E-05  2.589E-05  2.264E-05  1.970E-05  1.694E-05  1.427E-05  1.208E-05  1.022E-05  8.324E-06  6.887E-06  5.481E-06  4.360E-06  3.465E-06  2.658E-06  2.011E-06  1.496E-06  1.082E-06  7.497E-07  4.625E-07  2.471E-07  1.079E-07  2.826E-08  4.563E-09  3.091E-10  8.903E-12  7.628E-14  8.617E-17  3.530E-20  1.718E-23  8.130E-26  8.775E-28  6.730E-31  3.564E-35  8.688E-44  0.000E+00  0.000E+00  0.000E+00  0.000E+00  0.000E+00  0.000E+00
  308.5000  1.993E-04  1.881E-04  1.774E-04  1.668E-04  1.567E-04  1.470E-04  1.377E-04  1.287E-04  1.202E-04  1.121E-04  1.033E-04  9.430E-05  8.656E-05  7.988E-05  7.413E-05  6.706E-05  6.112E-05  5.537E-05  5.011E-05  4.457E-05  3.986E-05  3.587E-05  3.146E-05  2.750E-05  2.392E-05  2.057E-05  1.733E-05  1.468E-05  1.242E-05  1.012E-05  8.379E-06  6.675E-06  5.315E-06  4.226E-06  3.246E-06  2.460E-06  1.833E-06  1.332E-06  9.306E-07  5.845E-07  3.228E-07  1.485E-07  4.283E-08  7.931E-09  6.580E-10  2.464E-11  2.983E-13  5.484E-16  3.826E-19  2.894E-22  1.567E-24  1.566E-26  1.110E-29  5.337E-34  1.478E-42  0.000E+00  0.000E+00  0.000E+00  0.000E+00  0.000E+00  0.000E+00
  309.5000  2.150E-04  2.023E-04  1.901E-04  1.784E-04  1.672E-04  1.564E-04  1.461E-04  1.363E-04  1.269E-04  1.180E-04  1.084E-04  9.875E-05  9.041E-05  8.323E-05  7.703E-05  6.954E-05  6.323E-05  5.717E-05  5.163E-05  4.585E-05  4.094E-05  3.678E-05  3.223E-05  2.814E-05  2.447E-05  2.104E-05  1.772E-05  1.502E-05  1.271E-05  1.037E-05  8.593E-06  6.855E-06  5.467E-06  4.352E-06  3.349E-06  2.545E-06  1.903E-06  1.390E-06  9.829E-07  6.337E-07  3.674E-07  1.830E-07  6.135E-08  1.417E-08  1.654E-09  9.779E-11  2.169E-12  9.407E-15  1.694E-17  2.806E-20  1.874E-22  1.546E-24  8.627E-28  2.983E-32  8.055E-41  0.000E+00  0.000E+00  0.000E+00  0.000E+00  0.000E+00  0.000E+00
  310.5000  3.455E-04  3.244E-04  3.042E-04  2.847E-04  2.662E-04  2.485E-04  2.315E-04  2.155E-04  2.002E-04  1.858E-04  1.703E-04  1.548E-04  1.414E-04  1.298E-04  1.199E-04  1.080E-04  9.802E-05  8.845E-05  7.973E-05  7.070E-05  6.303E-05  5.654E-05  4.948E-05  4.316E-05  3.750E-05  3.225E-05  2.716E-05  2.301E-05  1.948E-05  1.592E-05  1.319E-05  1.054E-05  8.417E-06  6.707E-06  5.170E-06  3.936E-06  2.951E-06  2.166E-06  1.544E-06  1.015E-06  6.096E-07  3.218E-07  1.205E-07  3.267E-08  4.872E-09  3.976E-10  1.354E-11  1.075E-13  3.758E-16  1.075E-18  8.390E-21  6.168E-23  3.013E-26  8.723E-31  2.505E-39  0.000E+00  0.000E+00  0.000E+00  0.000E+00  0.000E+00  0.000E+00
  311.5000  5.001E-04  4.687E-04  4.386E-04  4.099E-04  3.825E-04  3.565E-04  3.316E-04  3.080E-04  2.857E-04  2.646E-04  2.422E-04  2.197E-04  2.004E-04  1.837E-04  1.694E-04  1.523E-04  1.380E-04  1.243E-04  1.119E-04  9.911E-05  8.826E-05  7.907E-05  6.919E-05  6.026E-05  5.232E-05  4.498E-05  3.787E-05  3.209E-05  2.717E-05  2.221E-05  1.842E-05  1.473E-05  1.177E-05  9.389E-06  7.246E-06  5.524E-06  4.149E-06  3.055E-06  2.190E-06  1.457E-06  8.950E-07  4.904E-07  1.971E-07  5.929E-08  1.036E-08  1.042E-09  4.699E-11  5.573E-13  3.034E-15  1.258E-17  1.106E-19  7.726E-22  3.593E-25  9.742E-30  3.157E-38  0.000E+00  0.000E+00  0.000E+00  0.000E+00  0.000E+00  0.000E+00
  312.5000  6.266E-04  5.849E-04  5.453E-04  5.076E-04  4.719E-04  4.380E-04  4.059E-04  3.756E-04  3.470E-04  3.202E-04  2.919E-04  2.639E-04  2.397E-04  2.190E-04  2.011E-04  1.802E-04  1.627E-04  1.461E-04  1.310E-04  1.157E-04  1.027E-04  9.176E-05  7.999E-05  6.962E-05  6.035E-05  5.184E-05  4.360E-05  3.693E-05  3.126E-05  2.558E-05  2.123E-05  1.701E-05  1.362E-05  1.088E-05  8.415E-06  6.432E-06  4.847E-06  3.587E-06  2.594E-06  1.760E-06  1.122E-06  6.540E-07  2.968E-07  1.071E-07  2.477E-08  3.628E-09  2.705E-10  6.540E-12  7.764E-14  6.089E-16  6.374E-18  3.831E-20  1.486E-23  3.135E-28  1.025E-36  0.000E+00  0.000E+00  0.000E+00  0.000E+00  0.000E+00  0.000E+00
  313.5000  7.583E-04  7.072E-04  6.587E-04  6.126E-04  5.690E-04  5.277E-04  4.886E-04  4.517E-04  4.170E-04  3.844E-04  3.502E-04  3.163E-04  2.871E-04  2.620E-04  2.404E-04  2.152E-04  1.941E-04  1.741E-04  1.561E-04  1.377E-04  1.221E-04  1.090E-04  9.508E-05  8.260E-05  7.156E-05  6.146E-05  5.167E-05  4.376E-05  3.705E-05  3.033E-05  2.517E-05  2.018E-05  1.617E-05  1.292E-05  1.000E-05  7.653E-06  5.773E-06  4.279E-06  3.104E-06  2.118E-06  1.365E-06  8.102E-07  3.802E-07  1.439E-07  3.562E-08  5.680E-09  4.751E-10  1.352E-11  1.915E-13  1.746E-15  1.958E-17  1.200E-19  4.881E-23  1.111E-27  4.429E-36  0.000E+00  0.000E+00  0.000E+00  0.000E+00  0.000E+00  0.000E+00
  314.5000  9.942E-04  9.235E-04  8.567E-04  7.935E-04  7.339E-04  6.777E-04  6.248E-04  5.751E-04  5.287E-04  4.853E-04  4.402E-04  3.959E-04  3.578E-04  3.250E-04  2.970E-04  2.647E-04  2.377E-04  2.124E-04  1.895E-04  1.665E-04  1.472E-04  1.309E-04  1.127E-04  9.858E-05  8.518E-05  7.305E-05  6.130E-05  5.186E-05  4.387E-05  3.593E-05  2.983E-05  2.396E-05  1.923E-05  1.539E-05  1.195E-05  9.165E-06  6.936E-06  5.163E-06  3.772E-06  2.614E-06  1.733E-06  1.079E-06  5.578E-07  2.445E-07  7.622E-08  1.662E-08  2.126E-09  1.110E-10  3.068E-12  4.846E-14  6.345E-16  3.454E-18  1.218E-21  2.266E-26  9.307E-35  0.000E+00  0.000E+00  0.000E+00  0.000E+00  0.000E+00  0.000E+00
  315.5000  1.080E-03  1.002E-03  9.295E-04  8.604E-04  7.954E-04  7.342E-04  6.766E-04  6.225E-04  5.718E-04  5.246E-04  4.756E-04  4.275E-04  3.861E-04  3.506E-04  3.202E-04  2.852E-04  2.560E-04  2.285E-04  2.038E-04  1.790E-04  1.581E-04  1.405E-04  1.224E-04  1.057E-04  9.127E-05  7.826E-05  6.564E-05  5.551E-05  4.695E-05  3.846E-05  3.194E-05  2.566E-05  2.061E-05  1.650E-05  1.282E-05  9.841E-06  7.455E-06  5.556E-06  4.067E-06  2.831E-06  1.890E-06  1.190E-06  6.288E-07  2.841E-07  9.223E-08  2.111E-08  2.886E-09  1.655E-10  5.050E-12  8.706E-14  1.202E-15  6.803E-18  2.581E-21  5.370E-26  2.737E-34  0.000E+00  0.000E+00  0.000E+00  0.000E+00  0.000E+00  0.000E+00
  316.5000  1.398E-03  1.295E-03  1.197E-03  1.105E-03  1.018E-03  9.369E-04  8.603E-04  7.886E-04  7.217E-04  6.595E-04  5.956E-04  5.332E-04  4.796E-04  4.337E-04  3.943E-04  3.499E-04  3.126E-04  2.779E-04  2.468E-04  2.158E-04  1.899E-04  1.681E-04  1.454E-04  1.255E-04  1.080E-04  9.244E-05  7.733E-05  6.528E-05  5.514E-05  4.517E-05  3.750E-05  3.016E-05  2.427E-05  1.945E-05  1.515E-05  1.166E-05  8.863E-06  6.631E-06  4.881E-06  3.437E-06  2.341E-06  1.526E-06  8.645E-07  4.351E-07  1.680E-07  4.879E-08  9.239E-09  8.421E-10  4.264E-11  1.113E-12  1.741E-14  9.121E-17  3.177E-20  5.856E-25  3.200E-33  0.000E+00  0.000E+00  0.000E+00  0.000E+00  0.000E+00  0.000E+00
  317.5000  1.976E-03  1.830E-03  1.693E-03  1.563E-03  1.440E-03  1.325E-03  1.217E-03  1.116E-03  1.021E-03  9.333E-04  8.430E-04  7.548E-04  6.790E-04  6.141E-04  5.585E-04  4.956E-04  4.429E-04  3.938E-04  3.498E-04  3.059E-04  2.691E-04  2.382E-04  2.061E-04  1.779E-04  1.532E-04  1.311E-04  1.096E-04  9.256E-05  7.818E-05  6.404E-05  5.318E-05  4.278E-05  3.443E-05  2.760E-05  2.150E-05  1.656E-05  1.258E-05  9.419E-06  6.938E-06  4.891E-06  3.338E-06  2.183E-06  1.242E-06  6.286E-07  2.436E-07  7.084E-08  1.344E-08  1.226E-09  6.216E-11  1.639E-12  2.658E-14  1.488E-16  5.771E-20  1.247E-24  8.623E-33  0.000E+00  0.000E+00  0.000E+00  0.000E+00  0.000E+00  0.000E+00
  318.5000  2.065E-03  1.911E-03  1.766E-03  1.627E-03  1.497E-03  1.374E-03  1.258E-03  1.150E-03  1.050E-03  9.563E-04  8.606E-04  7.676E-04  6.878E-04  6.194E-04  5.610E-04  4.956E-04  4.408E-04  3.903E-04  3.450E-04  3.002E-04  2.629E-04  2.317E-04  1.995E-04  1.715E-04  1.470E-04  1.254E-04  1.045E-04  8.802E-05  7.418E-05  6.071E-05  5.037E-05  4.055E-05  3.268E-05  2.623E-05  2.048E-05  1.582E-05  1.207E-05  9.071E-06  6.717E-06  4.784E-06  3.320E-06  2.234E-06  1.349E-06  7.485E-07  3.373E-07  1.212E-07  3.079E-08  4.273E-09  3.426E-10  1.318E-11  2.399E-13  1.257E-15  4.536E-19  8.836E-24  6.586E-32  0.000E+00  0.000E+00  0.000E+00  0.000E+00  0.000E+00  0.000E+00
  319.5000  2.673E-03  2.474E-03  2.285E-03  2.106E-03  1.937E-03  1.778E-03  1.629E-03  1.488E-03  1.358E-03  1.237E-03  1.112E-03  9.917E-04  8.881E-04  7.994E-04  7.236E-04  6.388E-04  5.679E-04  5.024E-04  4.437E-04  3.859E-04  3.377E-04  2.973E-04  2.558E-04  2.196E-04  1.882E-04  1.604E-04  1.336E-04  1.124E-04  9.468E-05  7.747E-05  6.426E-05  5.173E-05  4.171E-05  3.349E-05  2.617E-05  2.024E-05  1.545E-05  1.163E-05  8.621E-06  6.158E-06  4.292E-06  2.909E-06  1.781E-06  1.009E-06  4.684E-07  1.749E-07  4.695E-08  7.038E-09  6.132E-10  2.544E-11  4.863E-13  2.651E-15  1.028E-18  2.229E-23  2.027E-31  0.000E+00  0.000E+00  0.000E+00  0.000E+00  0.000E+00  0.000E+00
  320.5000  3.494E-03  3.235E-03  2.988E-03  2.754E-03  2.532E-03  2.324E-03  2.128E-03  1.944E-03  1.772E-03  1.613E-03  1.450E-03  1.291E-03  1.155E-03  1.039E-03  9.397E-04  8.286E-04  7.358E-04  6.501E-04  5.735E-04  4.981E-04  4.353E-04  3.827E-04  3.289E-04  2.821E-04  2.414E-04  2.056E-04  1.710E-04  1.437E-04  1.210E-04  9.892E-05  8.203E-05  6.604E-05  5.325E-05  4.277E-05  3.345E-05  2.589E-05  1.979E-05  1.490E-05  1.107E-05  7.928E-06  5.548E-06  3.784E-06  2.347E-06  1.357E-06  6.524E-07  2.562E-07  7.373E-08  1.220E-08  1.186E-09  5.432E-11  1.096E-12  6.179E-15  2.546E-18  6.010E-23  6.546E-31  0.000E+00  0.000E+00  0.000E+00  0.000E+00  0.000E+00  0.000E+00
  321.5000  4.092E-03  3.799E-03  3.518E-03  3.248E-03  2.992E-03  2.750E-03  2.520E-03  2.303E-03  2.100E-03  1.910E-03  1.715E-03  1.526E-03  1.362E-03  1.222E-03  1.103E-03  9.695E-04  8.579E-04  7.552E-04  6.634E-04  5.734E-04  4.988E-04  4.364E-04  3.729E-04  3.182E-04  2.708E-04  2.296E-04  1.899E-04  1.589E-04  1.332E-04  1.086E-04  8.985E-05  7.227E-05  5.831E-05  4.687E-05  3.675E-05  2.854E-05  2.191E-05  1.658E-05  1.239E-05  8.964E-06  6.359E-06  4.438E-06  2.884E-06  1.796E-06  9.758E-07  4.568E-07  1.689E-07  4.011E-08  5.796E-09  3.685E-10  8.243E-12  4.395E-14  1.710E-17  3.727E-22  4.417E-30  0.000E+00  0.000E+00  0.000E+00  0.000E+00  0.000E+00  0.000E+00
  322.5000  3.192E-03  2.956E-03  2.731E-03  2.517E-03  2.315E-03  2.124E-03  1.944E-03  1.776E-03  1.619E-03  1.473E-03  1.323E-03  1.178E-03  1.053E-03  9.466E-04  8.555E-04  7.538E-04  6.688E-04  5.904E-04  5.204E-04  4.514E-04  3.942E-04  3.462E-04  2.971E-04  2.546E-04  2.176E-04  1.852E-04  1.538E-04  1.292E-04  1.087E-04  8.881E-05  7.362E-05  5.927E-05  4.781E-05  3.842E-05  3.007E-05  2.330E-05  1.783E-05  1.345E-05  1.001E-05  7.189E-06  5.054E-06  3.474E-06  2.186E-06  1.291E-06  6.414E-07  2.632E-07  8.066E-08  1.462E-08  1.577E-09  8.009E-11  1.764E-12  1.095E-14  5.300E-18  1.578E-22  2.550E-30  0.000E+00  0.000E+00  0.000E+00  0.000E+00  0.000E+00  0.000E+00
  323.5000  4.950E-03  4.604E-03  4.271E-03  3.951E-03  3.646E-03  3.355E-03  3.079E-03  2.817E-03  2.571E-03  2.341E-03  2.103E-03  1.869E-03  1.670E-03  1.498E-03  1.352E-03  1.187E-03  1.049E-03  9.226E-04  8.093E-04  6.981E-04  6.060E-04  5.291E-04  4.509E-04  3.836E-04  3.256E-04  2.754E-04  2.269E-04  1.893E-04  1.584E-04  1.288E-04  1.064E-04  8.551E-05  6.897E-05  5.544E-05  4.352E-05  3.386E-05  2.604E-05  1.977E-05  1.482E-05  1.077E-05  7.692E-06  5.422E-06  3.592E-06  2.306E-06  1.320E-06  6.674E-07  2.762E-07  7.739E-08  1.350E-08  1.022E-09  2.532E-11  1.447E-13  6.367E-17  1.651E-21  2.780E-29  0.000E+00  0.000E+00  0.000E+00  0.000E+00  0.000E+00  0.000E+00
  324.5000  5.712E-03  5.311E-03  4.926E-03  4.556E-03  4.204E-03  3.868E-03  3.549E-03  3.247E-03  2.963E-03  2.698E-03  2.423E-03  2.155E-03  1.924E-03  1.727E-03  1.558E-03  1.369E-03  1.210E-03  1.064E-03  9.338E-04  8.058E-04  6.998E-04  6.112E-04  5.211E-04  4.435E-04  3.766E-04  3.187E-04  2.627E-04  2.193E-04  1.835E-04  1.493E-04  1.234E-04  9.915E-05  7.999E-05  6.430E-05  5.048E-05  3.927E-05  3.021E-05  2.293E-05  1.719E-05  1.250E-05  8.924E-06  6.292E-06  4.169E-06  2.673E-06  1.525E-06  7.662E-07  3.141E-07  8.678E-08  1.492E-08  1.127E-09  2.875E-11  1.754E-13  8.550E-17  2.574E-21  5.368E-29  0.000E+00  0.000E+00  0.000E+00  0.000E+00  0.000E+00  0.000E+00
  325.5000  6.041E-03  5.612E-03  5.200E-03  4.805E-03  4.429E-03  4.072E-03  3.733E-03  3.413E-03  3.113E-03  2.832E-03  2.543E-03  2.259E-03  2.018E-03  1.811E-03  1.633E-03  1.435E-03  1.269E-03  1.116E-03  9.794E-04  8.455E-04  7.346E-04  6.419E-04  5.477E-04  4.665E-04  3.964E-04  3.357E-04  2.770E-04  2.314E-04  1.938E-04  1.578E-04  1.304E-04  1.049E-04  8.461E-05  6.802E-05  5.339E-05  4.151E-05  3.191E-05  2.421E-05  1.813E-05  1.316E-05  9.384E-06  6.599E-06  4.350E-06  2.765E-06  1.555E-06  7.636E-07  3.030E-07  7.985E-08  1.307E-08  9.589E-10  2.510E-11  1.652E-13  9.051E-17  3.213E-21  8.291E-29  0.000E+00  0.000E+00  0.000E+00  0.000E+00  0.000E+00  0.000E+00
  326.5000  9.922E-03  9.266E-03  8.631E-03  8.017E-03  7.427E-03  6.860E-03  6.319E-03  5.803E-03  5.315E-03  4.855E-03  4.370E-03  3.881E-03  3.482E-03  3.131E-03  2.831E-03  2.487E-03  2.200E-03  1.934E-03  1.696E-03  1.461E-03  1.266E-03  1.104E-03  9.377E-04  7.951E-04  6.723E-04  5.668E-04  4.645E-04  3.860E-04  3.217E-04  2.606E-04  2.146E-04  1.720E-04  1.386E-04  1.114E-04  8.750E-05  6.822E-05  5.265E-05  4.014E-05  3.025E-05  2.215E-05  1.595E-05  1.139E-05  7.733E-06  5.158E-06  3.151E-06  1.757E-06  8.420E-07  2.929E-07  6.553E-08  6.267E-09  1.790E-10  1.135E-12  5.995E-16  2.021E-20  5.694E-28  0.000E+00  0.000E+00  0.000E+00  0.000E+00  0.000E+00  0.000E+00
  327.5000  8.346E-03  7.778E-03  7.231E-03  6.703E-03  6.198E-03  5.712E-03  5.253E-03  4.815E-03  4.402E-03  4.015E-03  3.609E-03  3.213E-03  2.870E-03  2.578E-03  2.328E-03  2.044E-03  1.807E-03  1.589E-03  1.393E-03  1.200E-03  1.041E-03  9.081E-04  7.725E-04  6.559E-04  5.555E-04  4.690E-04  3.852E-04  3.207E-04  2.677E-04  2.173E-04  1.792E-04  1.438E-04  1.160E-04  9.320E-05  7.322E-05  5.705E-05  4.398E-05  3.348E-05  2.518E-05  1.840E-05  1.321E-05  9.401E-06  6.335E-06  4.173E-06  2.491E-06  1.339E-06  6.068E-07  1.943E-07  3.965E-08  3.547E-09  1.028E-10  7.115E-13  4.287E-16  1.745E-20  6.181E-28  0.000E+00  0.000E+00  0.000E+00  0.000E+00  0.000E+00  0.000E+00
  328.5000  7.721E-03  7.195E-03  6.688E-03  6.199E-03  5.731E-03  5.282E-03  4.855E-03  4.450E-03  4.067E-03  3.708E-03  3.333E-03  2.964E-03  2.649E-03  2.378E-03  2.147E-03  1.885E-03  1.666E-03  1.464E-03  1.283E-03  1.105E-03  9.582E-04  8.354E-04  7.104E-04  6.030E-04  5.105E-04  4.308E-04  3.538E-04  2.944E-04  2.457E-04  1.994E-04  1.644E-04  1.319E-04  1.063E-04  8.545E-05  6.713E-05  5.231E-05  4.033E-05  3.070E-05  2.310E-05  1.688E-05  1.212E-05  8.626E-06  5.816E-06  3.833E-06  2.293E-06  1.236E-06  5.640E-07  1.828E-07  3.806E-08  3.505E-09  1.054E-10  7.703E-13  5.049E-16  2.309E-20  9.773E-28  0.000E+00  0.000E+00  0.000E+00  0.000E+00  0.000E+00  0.000E+00
  329.5000  1.272E-02  1.191E-02  1.113E-02  1.037E-02  9.634E-03  8.920E-03  8.246E-03  7.596E-03  6.977E-03  6.391E-03  5.766E-03  5.145E-03  4.613E-03  4.158E-03  3.768E-03  3.315E-03  2.937E-03  2.585E-03  2.268E-03  1.954E-03  1.694E-03  1.476E-03  1.253E-03  1.061E-03  8.953E-04  7.534E-04  6.153E-04  5.099E-04  4.240E-04  3.424E-04  2.814E-04  2.250E-04  1.811E-04  1.454E-04  1.142E-04  8.916E-05  6.895E-05  5.271E-05  3.985E-05  2.933E-05  2.121E-05  1.526E-05  1.049E-05  7.134E-06  4.506E-06  2.648E-06  1.377E-06  5.422E-07  1.410E-07  1.574E-08  5.077E-10  3.653E-12  2.381E-15  1.081E-19  5.107E-27  0.000E+00  0.000E+00  0.000E+00  0.000E+00  0.000E+00  0.000E+00
  330.5000  1.045E-02  9.765E-03  9.102E-03  8.460E-03  7.842E-03  7.249E-03  6.680E-03  6.138E-03  5.625E-03  5.141E-03  4.629E-03  4.122E-03  3.691E-03  3.320E-03  3.002E-03  2.638E-03  2.334E-03  2.052E-03  1.799E-03  1.549E-03  1.343E-03  1.170E-03  9.935E-04  8.418E-04  7.113E-04  5.992E-04  4.904E-04  4.071E-04  3.390E-04  2.743E-04  2.257E-04  1.808E-04  1.456E-04  1.170E-04  9.192E-05  7.171E-05  5.539E-05  4.228E-05  3.191E-05  2.342E-05  1.690E-05  1.211E-05  8.270E-06  5.564E-06  3.446E-06  1.962E-06  9.713E-07  3.556E-07  8.527E-08  8.984E-09  2.946E-10  2.303E-12  1.699E-15  9.199E-20  5.381E-27  0.000E+00  0.000E+00  0.000E+00  0.000E+00  0.000E+00  0.000E+00
  331.5000  1.011E-02  9.446E-03  8.800E-03  8.175E-03  7.574E-03  7.001E-03  6.444E-03  5.918E-03  5.420E-03  4.950E-03  4.455E-03  3.970E-03  3.549E-03  3.191E-03  2.884E-03  2.533E-03  2.240E-03  1.969E-03  1.726E-03  1.485E-03  1.287E-03  1.121E-03  9.522E-04  8.068E-04  6.817E-04  5.743E-04  4.701E-04  3.903E-04  3.250E-04  2.631E-04  2.165E-04  1.734E-04  1.397E-04  1.122E-04  8.819E-05  6.879E-05  5.313E-05  4.054E-05  3.059E-05  2.244E-05  1.619E-05  1.159E-05  7.907E-06  5.310E-06  3.278E-06  1.857E-06  9.131E-07  3.312E-07  7.894E-08  8.362E-09  2.826E-10  2.342E-12  1.892E-15  1.163E-19  8.145E-27  0.000E+00  0.000E+00  0.000E+00  0.000E+00  0.000E+00  0.000E+00
  332.5000  1.190E-02  1.116E-02  1.044E-02  9.738E-03  9.060E-03  8.402E-03  7.775E-03  7.171E-03  6.595E-03  6.049E-03  5.463E-03  4.879E-03  4.379E-03  3.951E-03  3.585E-03  3.155E-03  2.798E-03  2.464E-03  2.163E-03  1.863E-03  1.616E-03  1.409E-03  1.195E-03  1.011E-03  8.528E-04  7.171E-04  5.846E-04  4.839E-04  4.019E-04  3.241E-04  2.661E-04  2.125E-04  1.709E-04  1.371E-04  1.077E-04  8.410E-05  6.508E-05  4.982E-05  3.773E-05  2.783E-05  2.017E-05  1.455E-05  1.006E-05  6.894E-06  4.413E-06  2.650E-06  1.427E-06  5.940E-07  1.662E-07  2.031E-08  7.275E-10  6.043E-12  4.958E-15  3.118E-19  2.466E-26  0.000E+00  0.000E+00  0.000E+00  0.000E+00  0.000E+00  0.000E+00
  333.5000  1.035E-02  9.691E-03  9.048E-03  8.424E-03  7.822E-03  7.235E-03  6.685E-03  6.153E-03  5.647E-03  5.169E-03  4.660E-03  4.156E-03  3.723E-03  3.353E-03  3.036E-03  2.669E-03  2.363E-03  2.079E-03  1.823E-03  1.569E-03  1.360E-03  1.185E-03  1.005E-03  8.508E-04  7.180E-04  6.041E-04  4.932E-04  4.087E-04  3.398E-04  2.744E-04  2.255E-04  1.803E-04  1.451E-04  1.165E-04  9.152E-05  7.143E-05  5.524E-05  4.223E-05  3.194E-05  2.351E-05  1.701E-05  1.224E-05  8.421E-06  5.731E-06  3.621E-06  2.127E-06  1.107E-06  4.382E-07  1.160E-07  1.366E-08  4.990E-10  4.459E-12  4.081E-15  2.995E-19  2.876E-26  0.000E+00  0.000E+00  0.000E+00  0.000E+00  0.000E+00  0.000E+00
  334.5000  1.204E-02  1.128E-02  1.054E-02  9.822E-03  9.129E-03  8.471E-03  7.816E-03  7.201E-03  6.615E-03  6.060E-03  5.467E-03  4.878E-03  4.374E-03  3.942E-03  3.572E-03  3.141E-03  2.783E-03  2.449E-03  2.148E-03  1.850E-03  1.603E-03  1.397E-03  1.184E-03  1.002E-03  8.450E-04  7.105E-04  5.794E-04  4.797E-04  3.985E-04  3.215E-04  2.640E-04  2.109E-04  1.696E-04  1.361E-04  1.069E-04  8.347E-05  6.458E-05  4.941E-05  3.740E-05  2.757E-05  1.997E-05  1.440E-05  9.932E-06  6.791E-06  4.327E-06  2.579E-06  1.374E-06  5.632E-07  1.558E-07  1.923E-08  7.293E-10  6.778E-12  6.616E-15  5.309E-19  5.946E-26  0.000E+00  0.000E+00  0.000E+00  0.000E+00  0.000E+00  0.000E+00
  335.5000  1.332E-02  1.251E-02  1.171E-02  1.094E-02  1.019E-02  9.466E-03  8.768E-03  8.097E-03  7.456E-03  6.847E-03  6.190E-03  5.533E-03  4.971E-03  4.490E-03  4.078E-03  3.592E-03  3.188E-03  2.809E-03  2.468E-03  2.126E-03  1.844E-03  1.608E-03  1.364E-03  1.153E-03  9.721E-04  8.168E-04  6.649E-04  5.496E-04  4.560E-04  3.671E-04  3.011E-04  2.401E-04  1.930E-04  1.547E-04  1.215E-04  9.489E-05  7.349E-05  5.631E-05  4.271E-05  3.156E-05  2.292E-05  1.658E-05  1.151E-05  7.940E-06  5.141E-06  3.145E-06  1.747E-06  7.643E-07  2.287E-07  3.041E-08  1.203E-09  1.148E-11  1.174E-14  1.008E-18  1.301E-25  0.000E+00  0.000E+00  0.000E+00  0.000E+00  0.000E+00  0.000E+00
  336.5000  1.015E-02  9.528E-03  8.917E-03  8.322E-03  7.747E-03  7.186E-03  6.654E-03  6.140E-03  5.649E-03  5.184E-03  4.683E-03  4.183E-03  3.755E-03  3.389E-03  3.076E-03  2.708E-03  2.401E-03  2.115E-03  1.857E-03  1.599E-03  1.386E-03  1.208E-03  1.024E-03  8.662E-04  7.301E-04  6.135E-04  4.995E-04  4.130E-04  3.427E-04  2.760E-04  2.264E-04  1.806E-04  1.452E-04  1.164E-04  9.144E-05  7.140E-05  5.528E-05  4.235E-05  3.210E-05  2.371E-05  1.721E-05  1.245E-05  8.625E-06  5.941E-06  3.834E-06  2.333E-06  1.285E-06  5.554E-07  1.644E-07  2.187E-08  8.886E-10  8.964E-12  9.995E-15  9.682E-19  1.481E-25  0.000E+00  0.000E+00  0.000E+00  0.000E+00  0.000E+00  0.000E+00
  337.5000  1.049E-02  9.825E-03  9.181E-03  8.554E-03  7.949E-03  7.364E-03  6.804E-03  6.267E-03  5.756E-03  5.273E-03  4.756E-03  4.242E-03  3.803E-03  3.426E-03  3.104E-03  2.729E-03  2.417E-03  2.126E-03  1.865E-03  1.605E-03  1.390E-03  1.211E-03  1.027E-03  8.682E-04  7.319E-04  6.152E-04  5.015E-04  4.149E-04  3.445E-04  2.778E-04  2.280E-04  1.821E-04  1.465E-04  1.175E-04  9.230E-05  7.205E-05  5.576E-05  4.267E-05  3.232E-05  2.384E-05  1.728E-05  1.247E-05  8.612E-06  5.900E-06  3.771E-06  2.259E-06  1.214E-06  5.053E-07  1.436E-07  1.863E-08  7.732E-10  8.323E-12  1.024E-14  1.138E-18  2.080E-25  0.000E+00  0.000E+00  0.000E+00  0.000E+00  0.000E+00  0.000E+00
  338.5000  1.214E-02  1.140E-02  1.068E-02  9.976E-03  9.294E-03  8.636E-03  7.995E-03  7.383E-03  6.798E-03  6.243E-03  5.643E-03  5.044E-03  4.531E-03  4.092E-03  3.716E-03  3.273E-03  2.903E-03  2.558E-03  2.247E-03  1.935E-03  1.678E-03  1.463E-03  1.240E-03  1.048E-03  8.830E-04  7.415E-04  6.031E-04  4.983E-04  4.132E-04  3.324E-04  2.725E-04  2.171E-04  1.745E-04  1.398E-04  1.098E-04  8.573E-05  6.640E-05  5.090E-05  3.862E-05  2.857E-05  2.075E-05  1.503E-05  1.044E-05  7.220E-06  4.691E-06  2.887E-06  1.621E-06  7.227E-07  2.233E-07  3.137E-08  1.358E-09  1.495E-11  1.916E-14  2.257E-18  4.699E-25  0.000E+00  0.000E+00  0.000E+00  0.000E+00  0.000E+00  0.000E+00
  339.5000  1.338E-02  1.256E-02  1.177E-02  1.100E-02  1.025E-02  9.515E-03  8.822E-03  8.149E-03  7.506E-03  6.896E-03  6.235E-03  5.573E-03  5.007E-03  4.524E-03  4.110E-03  3.619E-03  3.212E-03  2.830E-03  2.486E-03  2.141E-03  1.857E-03  1.619E-03  1.372E-03  1.159E-03  9.765E-04  8.199E-04  6.665E-04  5.504E-04  4.562E-04  3.669E-04  3.006E-04  2.395E-04  1.924E-04  1.541E-04  1.210E-04  9.447E-05  7.318E-05  5.611E-05  4.259E-05  3.152E-05  2.291E-05  1.660E-05  1.155E-05  7.996E-06  5.210E-06  3.222E-06  1.824E-06  8.243E-07  2.597E-07  3.743E-08  1.672E-09  1.923E-11  2.639E-14  3.421E-18  8.279E-25  0.000E+00  0.000E+00  0.000E+00  0.000E+00  0.000E+00  0.000E+00
  340.5000  1.383E-02  1.298E-02  1.215E-02  1.134E-02  1.056E-02  9.801E-03  9.068E-03  8.368E-03  7.699E-03  7.065E-03  6.382E-03  5.700E-03  5.116E-03  4.617E-03  4.190E-03  3.687E-03  3.269E-03  2.878E-03  2.527E-03  2.175E-03  1.885E-03  1.642E-03  1.392E-03  1.176E-03  9.903E-04  8.316E-04  6.764E-04  5.587E-04  4.633E-04  3.727E-04  3.055E-04  2.435E-04  1.957E-04  1.568E-04  1.231E-04  9.612E-05  7.444E-05  5.705E-05  4.328E-05  3.201E-05  2.325E-05  1.684E-05  1.169E-05  8.075E-06  5.238E-06  3.216E-06  1.799E-06  7.987E-07  2.470E-07  3.535E-08  1.616E-09  1.964E-11  2.934E-14  4.285E-18  1.221E-24  0.000E+00  0.000E+00  0.000E+00  0.000E+00  0.000E+00  0.000E+00
  341.5000  1.289E-02  1.211E-02  1.135E-02  1.061E-02  9.892E-03  9.202E-03  8.521E-03  7.874E-03  7.255E-03  6.667E-03  6.030E-03  5.391E-03  4.845E-03  4.378E-03  3.979E-03  3.505E-03  3.111E-03  2.742E-03  2.409E-03  2.075E-03  1.799E-03  1.568E-03  1.329E-03  1.123E-03  9.453E-04  7.935E-04  6.446E-04  5.320E-04  4.408E-04  3.542E-04  2.901E-04  2.310E-04  1.855E-04  1.486E-04  1.166E-04  9.103E-05  7.053E-05  5.410E-05  4.109E-05  3.043E-05  2.213E-05  1.606E-05  1.118E-05  7.761E-06  5.074E-06  3.158E-06  1.807E-06  8.316E-07  2.691E-07  4.038E-08  1.912E-09  2.400E-11  3.786E-14  5.968E-18  1.950E-24  0.000E+00  0.000E+00  0.000E+00  0.000E+00  0.000E+00  0.000E+00
  342.5000  1.442E-02  1.355E-02  1.270E-02  1.187E-02  1.107E-02  1.027E-02  9.542E-03  8.819E-03  8.128E-03  7.471E-03  6.758E-03  6.043E-03  5.432E-03  4.909E-03  4.462E-03  3.931E-03  3.489E-03  3.076E-03  2.703E-03  2.327E-03  2.018E-03  1.760E-03  1.491E-03  1.259E-03  1.060E-03  8.896E-04  7.225E-04  5.961E-04  4.937E-04  3.966E-04  3.247E-04  2.584E-04  2.074E-04  1.661E-04  1.304E-04  1.018E-04  7.887E-05  6.050E-05  4.597E-05  3.406E-05  2.478E-05  1.799E-05  1.254E-05  8.710E-06  5.707E-06  3.565E-06  2.053E-06  9.544E-07  3.138E-07  4.813E-08  2.345E-09  3.073E-11  5.183E-14  8.971E-18  3.388E-24  0.000E+00  0.000E+00  0.000E+00  0.000E+00  0.000E+00  0.000E+00
  343.5000  1.474E-02  1.385E-02  1.297E-02  1.212E-02  1.130E-02  1.049E-02  9.725E-03  8.983E-03  8.274E-03  7.601E-03  6.872E-03  6.142E-03  5.517E-03  4.984E-03  4.527E-03  3.986E-03  3.536E-03  3.115E-03  2.736E-03  2.356E-03  2.042E-03  1.780E-03  1.507E-03  1.273E-03  1.071E-03  8.990E-04  7.302E-04  6.025E-04  4.990E-04  4.009E-04  3.282E-04  2.613E-04  2.098E-04  1.680E-04  1.318E-04  1.029E-04  7.974E-05  6.116E-05  4.646E-05  3.441E-05  2.503E-05  1.816E-05  1.265E-05  8.782E-06  5.745E-06  3.579E-06  2.052E-06  9.489E-07  3.108E-07  4.793E-08  2.395E-09  3.293E-11  5.986E-14  1.151E-17  5.049E-24  0.000E+00  0.000E+00  0.000E+00  0.000E+00  0.000E+00  0.000E+00
  344.5000  1.015E-02  9.529E-03  8.924E-03  8.333E-03  7.762E-03  7.213E-03  6.674E-03  6.161E-03  5.672E-03  5.207E-03  4.705E-03  4.203E-03  3.773E-03  3.406E-03  3.092E-03  2.721E-03  2.412E-03  2.124E-03  1.865E-03  1.605E-03  1.391E-03  1.211E-03  1.026E-03  8.662E-04  7.291E-04  6.117E-04  4.969E-04  4.100E-04  3.396E-04  2.729E-04  2.235E-04  1.779E-04  1.429E-04  1.144E-04  8.979E-05  7.010E-05  5.430E-05  4.164E-05  3.162E-05  2.342E-05  1.703E-05  1.235E-05  8.599E-06  5.962E-06  3.893E-06  2.417E-06  1.379E-06  6.332E-07  2.061E-07  3.188E-08  1.632E-09  2.355E-11  4.613E-14  9.847E-18  5.017E-24  0.000E+00  0.000E+00  0.000E+00  0.000E+00  0.000E+00  0.000E+00
  345.5000  1.459E-02  1.371E-02  1.286E-02  1.202E-02  1.121E-02  1.040E-02  9.670E-03  8.940E-03  8.241E-03  7.577E-03  6.855E-03  6.132E-03  5.511E-03  4.982E-03  4.529E-03  3.990E-03  3.542E-03  3.122E-03  2.744E-03  2.363E-03  2.049E-03  1.786E-03  1.512E-03  1.277E-03  1.075E-03  9.014E-04  7.313E-04  6.030E-04  4.991E-04  4.005E-04  3.277E-04  2.606E-04  2.091E-04  1.674E-04  1.313E-04  1.025E-04  7.942E-05  6.095E-05  4.634E-05  3.436E-05  2.502E-05  1.818E-05  1.269E-05  8.840E-06  5.816E-06  3.657E-06  2.131E-06  1.012E-06  3.441E-07  5.569E-08  2.946E-09  4.383E-11  9.030E-14  2.070E-17  1.197E-23  0.000E+00  0.000E+00  0.000E+00  0.000E+00  0.000E+00  0.000E+00
  346.5000  1.327E-02  1.246E-02  1.168E-02  1.091E-02  1.016E-02  9.444E-03  8.749E-03  8.080E-03  7.441E-03  6.835E-03  6.178E-03  5.521E-03  4.958E-03  4.477E-03  4.066E-03  3.579E-03  3.174E-03  2.796E-03  2.455E-03  2.112E-03  1.831E-03  1.595E-03  1.350E-03  1.140E-03  9.590E-04  8.043E-04  6.528E-04  5.384E-04  4.457E-04  3.579E-04  2.929E-04  2.330E-04  1.870E-04  1.497E-04  1.174E-04  9.169E-05  7.104E-05  5.450E-05  4.141E-05  3.069E-05  2.234E-05  1.622E-05  1.131E-05  7.860E-06  5.153E-06  3.222E-06  1.861E-06  8.720E-07  2.926E-07  4.722E-08  2.555E-09  3.995E-11  8.880E-14  2.264E-17  1.520E-23  0.000E+00  0.000E+00  0.000E+00  0.000E+00  0.000E+00  0.000E+00
  347.5000  1.301E-02  1.222E-02  1.145E-02  1.070E-02  9.974E-03  9.274E-03  8.586E-03  7.930E-03  7.304E-03  6.708E-03  6.064E-03  5.419E-03  4.867E-03  4.395E-03  3.991E-03  3.513E-03  3.116E-03  2.744E-03  2.409E-03  2.073E-03  1.796E-03  1.565E-03  1.325E-03  1.118E-03  9.405E-04  7.887E-04  6.399E-04  5.276E-04  4.367E-04  3.505E-04  2.868E-04  2.281E-04  1.830E-04  1.465E-04  1.149E-04  8.971E-05  6.951E-05  5.334E-05  4.053E-05  3.005E-05  2.187E-05  1.589E-05  1.108E-05  7.709E-06  5.060E-06  3.171E-06  1.838E-06  8.671E-07  2.941E-07  4.828E-08  2.683E-09  4.368E-11  1.035E-13  2.884E-17  2.219E-23  0.000E+00  0.000E+00  0.000E+00  0.000E+00  0.000E+00  0.000E+00
  348.5000  1.446E-02  1.359E-02  1.273E-02  1.190E-02  1.109E-02  1.033E-02  9.556E-03  8.829E-03  8.134E-03  7.473E-03  6.757E-03  6.040E-03  5.425E-03  4.900E-03  4.451E-03  3.919E-03  3.476E-03  3.062E-03  2.688E-03  2.314E-03  2.005E-03  1.747E-03  1.479E-03  1.248E-03  1.049E-03  8.797E-04  7.135E-04  5.881E-04  4.866E-04  3.904E-04  3.193E-04  2.538E-04  2.036E-04  1.630E-04  1.278E-04  9.977E-05  7.731E-05  5.933E-05  4.510E-05  3.346E-05  2.436E-05  1.771E-05  1.236E-05  8.607E-06  5.662E-06  3.561E-06  2.078E-06  9.907E-07  3.413E-07  5.724E-08  3.267E-09  5.527E-11  1.391E-13  4.219E-17  3.704E-23  0.000E+00  0.000E+00  0.000E+00  0.000E+00  0.000E+00  0.000E+00
  349.5000  1.211E-02  1.138E-02  1.066E-02  9.964E-03  9.287E-03  8.610E-03  7.998E-03  7.389E-03  6.806E-03  6.253E-03  5.653E-03  5.052E-03  4.538E-03  4.098E-03  3.722E-03  3.276E-03  2.906E-03  2.559E-03  2.247E-03  1.933E-03  1.675E-03  1.459E-03  1.235E-03  1.042E-03  8.760E-04  7.343E-04  5.954E-04  4.907E-04  4.059E-04  3.256E-04  2.663E-04  2.116E-04  1.698E-04  1.358E-04  1.065E-04  8.315E-05  6.443E-05  4.945E-05  3.759E-05  2.789E-05  2.031E-05  1.476E-05  1.031E-05  7.180E-06  4.726E-06  2.975E-06  1.739E-06  8.321E-07  2.887E-07  4.909E-08  2.873E-09  5.062E-11  1.357E-13  4.500E-17  4.514E-23  0.000E+00  0.000E+00  0.000E+00  0.000E+00  0.000E+00  0.000E+00
  350.5000  1.700E-02  1.598E-02  1.497E-02  1.399E-02  1.304E-02  1.211E-02  1.123E-02  1.038E-02  9.561E-03  8.784E-03  7.942E-03  7.097E-03  6.374E-03  5.757E-03  5.229E-03  4.602E-03  4.081E-03  3.594E-03  3.155E-03  2.715E-03  2.352E-03  2.049E-03  1.733E-03  1.462E-03  1.229E-03  1.030E-03  8.353E-04  6.881E-04  5.691E-04  4.564E-04  3.731E-04  2.965E-04  2.378E-04  1.902E-04  1.492E-04  1.164E-04  9.022E-05  6.925E-05  5.266E-05  3.907E-05  2.846E-05  2.069E-05  1.446E-05  1.007E-05  6.637E-06  4.186E-06  2.454E-06  1.181E-06  4.137E-07  7.148E-08  4.290E-09  7.860E-11  2.241E-13  8.094E-17  9.249E-23  0.000E+00  0.000E+00  0.000E+00  0.000E+00  0.000E+00  0.000E+00
  351.5000  1.460E-02  1.372E-02  1.286E-02  1.202E-02  1.120E-02  1.040E-02  9.642E-03  8.906E-03  8.203E-03  7.534E-03  6.811E-03  6.086E-03  5.464E-03  4.934E-03  4.480E-03  3.942E-03  3.495E-03  3.078E-03  2.701E-03  2.323E-03  2.013E-03  1.753E-03  1.483E-03  1.251E-03  1.051E-03  8.808E-04  7.139E-04  5.880E-04  4.863E-04  3.899E-04  3.187E-04  2.533E-04  2.031E-04  1.624E-04  1.274E-04  9.941E-05  7.703E-05  5.913E-05  4.496E-05  3.336E-05  2.430E-05  1.767E-05  1.235E-05  8.604E-06  5.669E-06  3.577E-06  2.099E-06  1.012E-06  3.562E-07  6.228E-08  3.829E-09  7.304E-11  2.217E-13  8.738E-17  1.137E-22  0.000E+00  0.000E+00  0.000E+00  0.000E+00  0.000E+00  0.000E+00
  352.5000  1.322E-02  1.242E-02  1.164E-02  1.088E-02  1.014E-02  9.441E-03  8.734E-03  8.068E-03  7.431E-03  6.826E-03  6.171E-03  5.514E-03  4.951E-03  4.471E-03  4.060E-03  3.572E-03  3.167E-03  2.789E-03  2.447E-03  2.105E-03  1.823E-03  1.588E-03  1.343E-03  1.133E-03  9.518E-04  7.974E-04  6.461E-04  5.321E-04  4.399E-04  3.526E-04  2.882E-04  2.289E-04  1.835E-04  1.468E-04  1.151E-04  8.980E-05  6.959E-05  5.342E-05  4.062E-05  3.016E-05  2.197E-05  1.598E-05  1.117E-05  7.789E-06  5.138E-06  3.248E-06  1.913E-06  9.279E-07  3.299E-07  5.862E-08  3.693E-09  7.316E-11  2.356E-13  1.009E-16  1.489E-22  0.000E+00  0.000E+00  0.000E+00  0.000E+00  0.000E+00  0.000E+00
  353.5000  1.601E-02  1.505E-02  1.410E-02  1.318E-02  1.229E-02  1.146E-02  1.058E-02  9.779E-03  9.008E-03  8.276E-03  7.482E-03  6.686E-03  6.004E-03  5.422E-03  4.924E-03  4.333E-03  3.842E-03  3.383E-03  2.969E-03  2.553E-03  2.212E-03  1.926E-03  1.629E-03  1.373E-03  1.154E-03  9.666E-04  7.830E-04  6.446E-04  5.328E-04  4.269E-04  3.488E-04  2.770E-04  2.220E-04  1.775E-04  1.391E-04  1.086E-04  8.415E-05  6.460E-05  4.914E-05  3.649E-05  2.659E-05  1.935E-05  1.353E-05  9.443E-06  6.237E-06  3.952E-06  2.337E-06  1.142E-06  4.106E-07  7.420E-08  4.791E-09  9.845E-11  3.359E-13  1.559E-16  2.605E-22  0.000E+00  0.000E+00  0.000E+00  0.000E+00  0.000E+00  0.000E+00
  354.5000  1.742E-02  1.637E-02  1.534E-02  1.434E-02  1.337E-02  1.244E-02  1.152E-02  1.064E-02  9.807E-03  9.011E-03  8.147E-03  7.281E-03  6.539E-03  5.905E-03  5.363E-03  4.719E-03  4.184E-03  3.684E-03  3.234E-03  2.781E-03  2.409E-03  2.097E-03  1.774E-03  1.495E-03  1.256E-03  1.052E-03  8.518E-04  7.011E-04  5.793E-04  4.641E-04  3.791E-04  3.009E-04  2.412E-04  1.928E-04  1.511E-04  1.179E-04  9.136E-05  7.015E-05  5.337E-05  3.964E-05  2.890E-05  2.103E-05  1.472E-05  1.028E-05  6.795E-06  4.315E-06  2.561E-06  1.260E-06  4.577E-07  8.407E-08  5.560E-09  1.185E-10  4.281E-13  2.152E-16  4.064E-22  0.000E+00  0.000E+00  0.000E+00  0.000E+00  0.000E+00  0.000E+00
  355.5000  1.629E-02  1.531E-02  1.435E-02  1.342E-02  1.251E-02  1.168E-02  1.078E-02  9.957E-03  9.173E-03  8.428E-03  7.619E-03  6.809E-03  6.114E-03  5.521E-03  5.014E-03  4.412E-03  3.911E-03  3.444E-03  3.022E-03  2.599E-03  2.250E-03  1.959E-03  1.657E-03  1.396E-03  1.173E-03  9.821E-04  7.951E-04  6.542E-04  5.405E-04  4.329E-04  3.535E-04  2.806E-04  2.248E-04  1.797E-04  1.408E-04  1.099E-04  8.514E-05  6.537E-05  4.974E-05  3.695E-05  2.694E-05  1.961E-05  1.373E-05  9.589E-06  6.345E-06  4.034E-06  2.400E-06  1.185E-06  4.338E-07  8.079E-08  5.469E-09  1.209E-10  4.628E-13  2.521E-16  5.378E-22  0.000E+00  0.000E+00  0.000E+00  0.000E+00  0.000E+00  0.000E+00
  356.5000  1.512E-02  1.421E-02  1.332E-02  1.245E-02  1.161E-02  1.081E-02  1.000E-02  9.239E-03  8.512E-03  7.820E-03  7.069E-03  6.317E-03  5.672E-03  5.121E-03  4.650E-03  4.091E-03  3.627E-03  3.193E-03  2.801E-03  2.409E-03  2.085E-03  1.815E-03  1.535E-03  1.293E-03  1.086E-03  9.093E-04  7.360E-04  6.055E-04  5.001E-04  4.004E-04  3.270E-04  2.595E-04  2.079E-04  1.661E-04  1.302E-04  1.016E-04  7.870E-05  6.043E-05  4.598E-05  3.417E-05  2.491E-05  1.814E-05  1.270E-05  8.873E-06  5.874E-06  3.739E-06  2.228E-06  1.105E-06  4.071E-07  7.681E-08  5.320E-09  1.220E-10  4.943E-13  2.916E-16  7.014E-22  0.000E+00  0.000E+00  0.000E+00  0.000E+00  0.000E+00  0.000E+00
  357.5000  1.285E-02  1.208E-02  1.132E-02  1.058E-02  9.866E-03  9.176E-03  8.498E-03  7.851E-03  7.232E-03  6.643E-03  6.005E-03  5.366E-03  4.817E-03  4.349E-03  3.948E-03  3.473E-03  3.078E-03  2.710E-03  2.377E-03  2.043E-03  1.769E-03  1.540E-03  1.301E-03  1.097E-03  9.209E-04  7.707E-04  6.237E-04  5.130E-04  4.236E-04  3.391E-04  2.768E-04  2.197E-04  1.759E-04  1.406E-04  1.102E-04  8.593E-05  6.659E-05  5.113E-05  3.891E-05  2.892E-05  2.109E-05  1.536E-05  1.075E-05  7.515E-06  4.978E-06  3.171E-06  1.893E-06  9.415E-07  3.492E-07  6.671E-08  4.725E-09  1.124E-10  4.817E-13  3.075E-16  8.326E-22  0.000E+00  0.000E+00  0.000E+00  0.000E+00  0.000E+00  0.000E+00
  358.5000  9.947E-03  9.348E-03  8.763E-03  8.191E-03  7.636E-03  7.164E-03  6.578E-03  6.077E-03  5.598E-03  5.142E-03  4.649E-03  4.154E-03  3.729E-03  3.366E-03  3.056E-03  2.688E-03  2.383E-03  2.097E-03  1.840E-03  1.581E-03  1.369E-03  1.191E-03  1.007E-03  8.484E-04  7.122E-04  5.960E-04  4.821E-04  3.965E-04  3.273E-04  2.620E-04  2.138E-04  1.696E-04  1.358E-04  1.085E-04  8.500E-05  6.631E-05  5.138E-05  3.946E-05  3.003E-05  2.232E-05  1.628E-05  1.186E-05  8.306E-06  5.808E-06  3.851E-06  2.457E-06  1.471E-06  7.351E-07  2.749E-07  5.328E-08  3.860E-09  9.504E-11  4.303E-13  2.964E-16  9.015E-22  0.000E+00  0.000E+00  0.000E+00  0.000E+00  0.000E+00  0.000E+00
  359.5000  1.675E-02  1.574E-02  1.476E-02  1.379E-02  1.286E-02  1.189E-02  1.107E-02  1.023E-02  9.424E-03  8.657E-03  7.825E-03  6.991E-03  6.276E-03  5.665E-03  5.143E-03  4.523E-03  4.008E-03  3.528E-03  3.094E-03  2.659E-03  2.302E-03  2.003E-03  1.692E-03  1.426E-03  1.197E-03  1.001E-03  8.098E-04  6.658E-04  5.496E-04  4.397E-04  3.588E-04  2.846E-04  2.279E-04  1.820E-04  1.426E-04  1.112E-04  8.617E-05  6.617E-05  5.037E-05  3.745E-05  2.731E-05  1.990E-05  1.394E-05  9.752E-06  6.468E-06  4.131E-06  2.478E-06  1.243E-06  4.680E-07  9.185E-08  6.802E-09  1.735E-10  8.294E-13  6.165E-16  2.104E-21  0.000E+00  0.000E+00  0.000E+00  0.000E+00  0.000E+00  0.000E+00
  360.5000  1.554E-02  1.460E-02  1.369E-02  1.279E-02  1.193E-02  1.113E-02  1.027E-02  9.490E-03  8.741E-03  8.029E-03  7.257E-03  6.484E-03  5.820E-03  5.253E-03  4.768E-03  4.193E-03  3.716E-03  3.270E-03  2.867E-03  2.464E-03  2.133E-03  1.855E-03  1.568E-03  1.320E-03  1.108E-03  9.269E-04  7.495E-04  6.160E-04  5.084E-04  4.067E-04  3.318E-04  2.631E-04  2.106E-04  1.682E-04  1.317E-04  1.028E-04  7.962E-05  6.115E-05  4.655E-05  3.461E-05  2.525E-05  1.840E-05  1.289E-05  9.021E-06  5.987E-06  3.828E-06  2.301E-06  1.158E-06  4.392E-07  8.730E-08  6.607E-09  1.744E-10  8.797E-13  7.048E-16  2.694E-21  0.000E+00  0.000E+00  0.000E+00  0.000E+00  0.000E+00  0.000E+00
  361.5000  1.404E-02  1.319E-02  1.237E-02  1.156E-02  1.078E-02  1.007E-02  9.282E-03  8.575E-03  7.898E-03  7.255E-03  6.558E-03  5.859E-03  5.259E-03  4.746E-03  4.308E-03  3.788E-03  3.357E-03  2.953E-03  2.590E-03  2.225E-03  1.926E-03  1.676E-03  1.416E-03  1.192E-03  9.999E-04  8.363E-04  6.761E-04  5.556E-04  4.584E-04  3.666E-04  2.990E-04  2.370E-04  1.897E-04  1.515E-04  1.186E-04  9.253E-05  7.170E-05  5.506E-05  4.192E-05  3.118E-05  2.275E-05  1.658E-05  1.162E-05  8.135E-06  5.403E-06  3.460E-06  2.084E-06  1.054E-06  4.026E-07  8.109E-08  6.271E-09  1.712E-10  9.101E-13  7.846E-16  3.352E-21  0.000E+00  0.000E+00  0.000E+00  0.000E+00  0.000E+00  0.000E+00
  362.5000  1.651E-02  1.551E-02  1.454E-02  1.359E-02  1.267E-02  1.175E-02  1.091E-02  1.008E-02  9.288E-03  8.531E-03  7.711E-03  6.888E-03  6.183E-03  5.580E-03  5.065E-03  4.453E-03  3.945E-03  3.471E-03  3.044E-03  2.615E-03  2.263E-03  1.968E-03  1.662E-03  1.400E-03  1.174E-03  9.819E-04  7.936E-04  6.520E-04  5.379E-04  4.300E-04  3.507E-04  2.779E-04  2.224E-04  1.776E-04  1.390E-04  1.084E-04  8.401E-05  6.452E-05  4.913E-05  3.654E-05  2.667E-05  1.944E-05  1.363E-05  9.545E-06  6.344E-06  4.066E-06  2.454E-06  1.246E-06  4.794E-07  9.780E-08  7.725E-09  2.180E-10  1.221E-12  1.132E-15  5.398E-21  0.000E+00  0.000E+00  0.000E+00  0.000E+00  0.000E+00  0.000E+00
  363.5000  1.470E-02  1.381E-02  1.295E-02  1.210E-02  1.128E-02  1.046E-02  9.717E-03  8.977E-03  8.268E-03  7.594E-03  6.864E-03  6.131E-03  5.503E-03  4.966E-03  4.507E-03  3.962E-03  3.510E-03  3.088E-03  2.707E-03  2.326E-03  2.012E-03  1.750E-03  1.478E-03  1.244E-03  1.043E-03  8.724E-04  7.049E-04  5.790E-04  4.776E-04  3.817E-04  3.112E-04  2.466E-04  1.973E-04  1.575E-04  1.233E-04  9.615E-05  7.450E-05  5.722E-05  4.357E-05  3.242E-05  2.366E-05  1.725E-05  1.210E-05  8.474E-06  5.635E-06  3.616E-06  2.187E-06  1.114E-06  4.315E-07  8.910E-08  7.186E-09  2.096E-10  1.236E-12  1.231E-15  6.544E-21  0.000E+00  0.000E+00  0.000E+00  0.000E+00  0.000E+00  0.000E+00
  364.5000  1.603E-02  1.507E-02  1.412E-02  1.320E-02  1.231E-02  1.144E-02  1.060E-02  9.791E-03  9.018E-03  8.282E-03  7.485E-03  6.685E-03  6.000E-03  5.414E-03  4.913E-03  4.319E-03  3.825E-03  3.365E-03  2.950E-03  2.533E-03  2.192E-03  1.906E-03  1.609E-03  1.354E-03  1.136E-03  9.494E-04  7.670E-04  6.299E-04  5.194E-04  4.151E-04  3.383E-04  2.680E-04  2.144E-04  1.711E-04  1.340E-04  1.045E-04  8.093E-05  6.216E-05  4.734E-05  3.522E-05  2.571E-05  1.875E-05  1.315E-05  9.214E-06  6.130E-06  3.937E-06  2.385E-06  1.219E-06  4.749E-07  9.921E-08  8.167E-09  2.461E-10  1.527E-12  1.633E-15  9.666E-21  0.000E+00  0.000E+00  0.000E+00  0.000E+00  0.000E+00  0.000E+00
  365.5000  1.953E-02  1.836E-02  1.721E-02  1.608E-02  1.499E-02  1.396E-02  1.291E-02  1.192E-02  1.098E-02  1.008E-02  9.114E-03  8.141E-03  7.304E-03  6.590E-03  5.979E-03  5.255E-03  4.654E-03  4.093E-03  3.588E-03  3.081E-03  2.665E-03  2.317E-03  1.956E-03  1.646E-03  1.380E-03  1.153E-03  9.316E-04  7.649E-04  6.306E-04  5.038E-04  4.106E-04  3.252E-04  2.602E-04  2.076E-04  1.625E-04  1.267E-04  9.815E-05  7.539E-05  5.742E-05  4.273E-05  3.119E-05  2.275E-05  1.596E-05  1.118E-05  7.444E-06  4.784E-06  2.902E-06  1.488E-06  5.830E-07  1.232E-07  1.035E-08  3.220E-10  2.101E-12  2.410E-15  1.586E-20  0.000E+00  0.000E+00  0.000E+00  0.000E+00  0.000E+00  0.000E+00
  366.5000  2.070E-02  1.945E-02  1.823E-02  1.704E-02  1.589E-02  1.474E-02  1.368E-02  1.264E-02  1.164E-02  1.069E-02  9.657E-03  8.624E-03  7.739E-03  6.982E-03  6.334E-03  5.567E-03  4.930E-03  4.335E-03  3.799E-03  3.262E-03  2.821E-03  2.453E-03  2.070E-03  1.742E-03  1.460E-03  1.220E-03  9.853E-04  8.088E-04  6.666E-04  5.325E-04  4.339E-04  3.436E-04  2.748E-04  2.192E-04  1.716E-04  1.338E-04  1.036E-04  7.960E-05  6.063E-05  4.512E-05  3.294E-05  2.403E-05  1.686E-05  1.182E-05  7.873E-06  5.066E-06  3.079E-06  1.584E-06  6.248E-07  1.336E-07  1.145E-08  3.678E-10  2.521E-12  3.096E-15  2.262E-20  0.000E+00  0.000E+00  0.000E+00  0.000E+00  0.000E+00  0.000E+00
  367.5000  1.968E-02  1.849E-02  1.734E-02  1.620E-02  1.510E-02  1.412E-02  1.301E-02  1.201E-02  1.106E-02  1.016E-02  9.181E-03  8.199E-03  7.357E-03  6.636E-03  6.021E-03  5.291E-03  4.685E-03  4.119E-03  3.610E-03  3.099E-03  2.680E-03  2.329E-03  1.965E-03  1.654E-03  1.386E-03  1.158E-03  9.350E-04  7.673E-04  6.323E-04  5.050E-04  4.114E-04  3.257E-04  2.604E-04  2.077E-04  1.625E-04  1.267E-04  9.816E-05  7.540E-05  5.744E-05  4.276E-05  3.122E-05  2.278E-05  1.599E-05  1.121E-05  7.471E-06  4.812E-06  2.931E-06  1.513E-06  6.007E-07  1.300E-07  1.136E-08  3.765E-10  2.709E-12  3.560E-15  2.882E-20  0.000E+00  0.000E+00  0.000E+00  0.000E+00  0.000E+00  0.000E+00
  368.5000  1.730E-02  1.625E-02  1.524E-02  1.424E-02  1.327E-02  1.233E-02  1.143E-02  1.056E-02  9.722E-03  8.927E-03  8.067E-03  7.203E-03  6.463E-03  5.830E-03  5.288E-03  4.647E-03  4.114E-03  3.617E-03  3.169E-03  2.720E-03  2.352E-03  2.044E-03  1.724E-03  1.451E-03  1.216E-03  1.016E-03  8.197E-04  6.726E-04  5.541E-04  4.424E-04  3.603E-04  2.852E-04  2.280E-04  1.819E-04  1.423E-04  1.109E-04  8.592E-05  6.600E-05  5.028E-05  3.743E-05  2.734E-05  1.995E-05  1.401E-05  9.824E-06  6.549E-06  4.222E-06  2.575E-06  1.334E-06  5.326E-07  1.165E-07  1.039E-08  3.550E-10  2.680E-12  3.766E-15  3.375E-20  0.000E+00  0.000E+00  0.000E+00  0.000E+00  0.000E+00  0.000E+00
  369.5000  2.076E-02  1.951E-02  1.829E-02  1.709E-02  1.593E-02  1.486E-02  1.372E-02  1.267E-02  1.167E-02  1.071E-02  9.679E-03  8.642E-03  7.754E-03  6.993E-03  6.343E-03  5.573E-03  4.933E-03  4.337E-03  3.799E-03  3.261E-03  2.819E-03  2.450E-03  2.066E-03  1.739E-03  1.457E-03  1.216E-03  9.815E-04  8.051E-04  6.632E-04  5.293E-04  4.310E-04  3.411E-04  2.727E-04  2.174E-04  1.701E-04  1.326E-04  1.027E-04  7.889E-05  6.010E-05  4.475E-05  3.269E-05  2.385E-05  1.675E-05  1.175E-05  7.839E-06  5.058E-06  3.090E-06  1.606E-06  6.449E-07  1.427E-07  1.296E-08  4.567E-10  3.615E-12  5.428E-15  5.376E-20  0.000E+00  0.000E+00  0.000E+00  0.000E+00  0.000E+00  0.000E+00
  370.5000  1.884E-02  1.771E-02  1.660E-02  1.551E-02  1.446E-02  1.340E-02  1.245E-02  1.150E-02  1.059E-02  9.721E-03  8.783E-03  7.842E-03  7.035E-03  6.344E-03  5.754E-03  5.055E-03  4.474E-03  3.933E-03  3.445E-03  2.956E-03  2.555E-03  2.220E-03  1.872E-03  1.575E-03  1.319E-03  1.102E-03  8.886E-04  7.288E-04  6.002E-04  4.790E-04  3.899E-04  3.085E-04  2.466E-04  1.966E-04  1.538E-04  1.198E-04  9.283E-05  7.131E-05  5.433E-05  4.046E-05  2.955E-05  2.157E-05  1.515E-05  1.063E-05  7.096E-06  4.582E-06  2.804E-06  1.461E-06  5.902E-07  1.320E-07  1.222E-08  4.439E-10  3.682E-12  5.899E-15  6.451E-20  0.000E+00  0.000E+00  0.000E+00  0.000E+00  0.000E+00  0.000E+00
  371.5000  2.157E-02  2.027E-02  1.900E-02  1.776E-02  1.656E-02  1.545E-02  1.425E-02  1.316E-02  1.212E-02  1.113E-02  1.005E-02  8.976E-03  8.052E-03  7.261E-03  6.584E-03  5.784E-03  5.119E-03  4.499E-03  3.940E-03  3.381E-03  2.922E-03  2.538E-03  2.141E-03  1.800E-03  1.508E-03  1.258E-03  1.015E-03  8.322E-04  6.853E-04  5.467E-04  4.450E-04  3.520E-04  2.813E-04  2.242E-04  1.754E-04  1.367E-04  1.059E-04  8.131E-05  6.195E-05  4.615E-05  3.371E-05  2.461E-05  1.729E-05  1.214E-05  8.104E-06  5.237E-06  3.210E-06  1.678E-06  6.817E-07  1.541E-07  1.454E-08  5.439E-10  4.724E-12  8.071E-15  9.730E-20  0.000E+00  0.000E+00  0.000E+00  0.000E+00  0.000E+00  0.000E+00
  372.5000  1.595E-02  1.499E-02  1.405E-02  1.313E-02  1.224E-02  1.126E-02  1.054E-02  9.729E-03  8.958E-03  8.224E-03  7.431E-03  6.634E-03  5.950E-03  5.365E-03  4.865E-03  4.273E-03  3.781E-03  3.323E-03  2.910E-03  2.496E-03  2.157E-03  1.874E-03  1.580E-03  1.328E-03  1.112E-03  9.283E-04  7.485E-04  6.136E-04  5.051E-04  4.029E-04  3.279E-04  2.593E-04  2.072E-04  1.651E-04  1.291E-04  1.006E-04  7.793E-05  5.986E-05  4.561E-05  3.398E-05  2.483E-05  1.813E-05  1.274E-05  8.945E-06  5.974E-06  3.865E-06  2.372E-06  1.244E-06  5.082E-07  1.161E-07  1.116E-08  4.299E-10  3.907E-12  7.112E-15  9.439E-20  0.000E+00  0.000E+00  0.000E+00  0.000E+00  0.000E+00  0.000E+00
  373.5000  1.442E-02  1.355E-02  1.270E-02  1.187E-02  1.106E-02  1.021E-02  9.524E-03  8.795E-03  8.097E-03  7.434E-03  6.716E-03  5.995E-03  5.377E-03  4.848E-03  4.395E-03  3.860E-03  3.415E-03  3.001E-03  2.627E-03  2.254E-03  1.947E-03  1.691E-03  1.426E-03  1.198E-03  1.003E-03  8.373E-04  6.750E-04  5.532E-04  4.553E-04  3.631E-04  2.954E-04  2.336E-04  1.866E-04  1.487E-04  1.163E-04  9.057E-05  7.015E-05  5.389E-05  4.107E-05  3.060E-05  2.236E-05  1.633E-05  1.148E-05  8.059E-06  5.385E-06  3.486E-06  2.143E-06  1.127E-06  4.628E-07  1.069E-07  1.046E-08  4.146E-10  3.942E-12  7.639E-15  1.115E-19  0.000E+00  0.000E+00  0.000E+00  0.000E+00  0.000E+00  0.000E+00
  374.5000  1.583E-02  1.488E-02  1.394E-02  1.303E-02  1.215E-02  1.124E-02  1.046E-02  9.655E-03  8.888E-03  8.159E-03  7.371E-03  6.580E-03  5.901E-03  5.319E-03  4.822E-03  4.235E-03  3.746E-03  3.291E-03  2.881E-03  2.471E-03  2.135E-03  1.854E-03  1.563E-03  1.313E-03  1.099E-03  9.171E-04  7.392E-04  6.057E-04  4.984E-04  3.974E-04  3.232E-04  2.555E-04  2.041E-04  1.626E-04  1.271E-04  9.902E-05  7.669E-05  5.892E-05  4.490E-05  3.346E-05  2.445E-05  1.786E-05  1.255E-05  8.819E-06  5.895E-06  3.819E-06  2.351E-06  1.240E-06  5.118E-07  1.194E-07  1.190E-08  4.853E-10  4.823E-12  9.942E-15  1.594E-19  0.000E+00  0.000E+00  0.000E+00  0.000E+00  0.000E+00  0.000E+00
  375.5000  1.787E-02  1.680E-02  1.574E-02  1.471E-02  1.371E-02  1.276E-02  1.180E-02  1.090E-02  1.003E-02  9.211E-03  8.321E-03  7.427E-03  6.660E-03  6.003E-03  5.442E-03  4.778E-03  4.227E-03  3.713E-03  3.250E-03  2.787E-03  2.407E-03  2.090E-03  1.762E-03  1.480E-03  1.239E-03  1.033E-03  8.327E-04  6.821E-04  5.612E-04  4.473E-04  3.638E-04  2.875E-04  2.296E-04  1.829E-04  1.430E-04  1.114E-04  8.624E-05  6.625E-05  5.049E-05  3.763E-05  2.750E-05  2.009E-05  1.413E-05  9.926E-06  6.638E-06  4.304E-06  2.653E-06  1.403E-06  5.825E-07  1.373E-07  1.393E-08  5.843E-10  6.066E-12  1.328E-14  2.336E-19  0.000E+00  0.000E+00  0.000E+00  0.000E+00  0.000E+00  0.000E+00
  376.5000  1.786E-02  1.678E-02  1.573E-02  1.470E-02  1.370E-02  1.276E-02  1.179E-02  1.089E-02  1.003E-02  9.202E-03  8.313E-03  7.420E-03  6.653E-03  5.996E-03  5.435E-03  4.772E-03  4.220E-03  3.707E-03  3.244E-03  2.782E-03  2.402E-03  2.086E-03  1.758E-03  1.476E-03  1.235E-03  1.030E-03  8.300E-04  6.798E-04  5.592E-04  4.456E-04  3.623E-04  2.863E-04  2.286E-04  1.820E-04  1.423E-04  1.108E-04  8.582E-05  6.593E-05  5.025E-05  3.745E-05  2.738E-05  2.000E-05  1.407E-05  9.886E-06  6.615E-06  4.292E-06  2.650E-06  1.406E-06  5.865E-07  1.396E-07  1.442E-08  6.218E-10  6.739E-12  1.567E-14  3.018E-19  0.000E+00  0.000E+00  0.000E+00  0.000E+00  0.000E+00  0.000E+00
  377.5000  2.128E-02  2.000E-02  1.874E-02  1.752E-02  1.633E-02  1.504E-02  1.405E-02  1.297E-02  1.194E-02  1.096E-02  9.902E-03  8.838E-03  7.925E-03  7.141E-03  6.472E-03  5.682E-03  5.025E-03  4.413E-03  3.861E-03  3.311E-03  2.859E-03  2.482E-03  2.092E-03  1.755E-03  1.469E-03  1.225E-03  9.866E-04  8.078E-04  6.643E-04  5.293E-04  4.303E-04  3.399E-04  2.713E-04  2.161E-04  1.688E-04  1.315E-04  1.018E-04  7.822E-05  5.962E-05  4.445E-05  3.249E-05  2.374E-05  1.670E-05  1.174E-05  7.859E-06  5.104E-06  3.155E-06  1.678E-06  7.039E-07  1.693E-07  1.779E-08  7.882E-10  8.913E-12  2.199E-14  4.634E-19  0.000E+00  0.000E+00  0.000E+00  0.000E+00  0.000E+00  0.000E+00
  378.5000  2.320E-02  2.181E-02  2.044E-02  1.910E-02  1.780E-02  1.642E-02  1.532E-02  1.415E-02  1.302E-02  1.195E-02  1.079E-02  9.634E-03  8.637E-03  7.783E-03  7.053E-03  6.191E-03  5.474E-03  4.807E-03  4.206E-03  3.605E-03  3.113E-03  2.702E-03  2.277E-03  1.910E-03  1.598E-03  1.333E-03  1.073E-03  8.785E-04  7.223E-04  5.753E-04  4.676E-04  3.693E-04  2.948E-04  2.347E-04  1.833E-04  1.428E-04  1.106E-04  8.493E-05  6.474E-05  4.827E-05  3.529E-05  2.579E-05  1.815E-05  1.276E-05  8.544E-06  5.552E-06  3.437E-06  1.833E-06  7.727E-07  1.876E-07  2.006E-08  9.131E-10  1.077E-11  2.817E-14  6.488E-19  0.000E+00  0.000E+00  0.000E+00  0.000E+00  0.000E+00  0.000E+00
  379.5000  1.717E-02  1.614E-02  1.513E-02  1.414E-02  1.317E-02  1.208E-02  1.134E-02  1.047E-02  9.636E-03  8.843E-03  7.987E-03  7.128E-03  6.390E-03  5.758E-03  5.217E-03  4.579E-03  4.048E-03  3.554E-03  3.109E-03  2.665E-03  2.301E-03  1.996E-03  1.682E-03  1.411E-03  1.181E-03  9.840E-04  7.922E-04  6.484E-04  5.330E-04  4.245E-04  3.449E-04  2.724E-04  2.173E-04  1.730E-04  1.351E-04  1.052E-04  8.148E-05  6.260E-05  4.771E-05  3.558E-05  2.601E-05  1.901E-05  1.338E-05  9.411E-06  6.304E-06  4.100E-06  2.541E-06  1.359E-06  5.756E-07  1.411E-07  1.534E-08  7.173E-10  8.818E-12  2.443E-14  6.144E-19  0.000E+00  0.000E+00  0.000E+00  0.000E+00  0.000E+00  0.000E+00
  380.5000  2.067E-02  1.942E-02  1.820E-02  1.701E-02  1.585E-02  1.477E-02  1.364E-02  1.260E-02  1.159E-02  1.064E-02  9.609E-03  8.575E-03  7.687E-03  6.925E-03  6.274E-03  5.506E-03  4.867E-03  4.273E-03  3.738E-03  3.203E-03  2.765E-03  2.399E-03  2.020E-03  1.695E-03  1.418E-03  1.181E-03  9.510E-04  7.782E-04  6.395E-04  5.092E-04  4.136E-04  3.266E-04  2.606E-04  2.074E-04  1.620E-04  1.261E-04  9.764E-05  7.500E-05  5.718E-05  4.264E-05  3.118E-05  2.279E-05  1.604E-05  1.129E-05  7.563E-06  4.922E-06  3.055E-06  1.638E-06  6.972E-07  1.726E-07  1.908E-08  9.158E-10  1.173E-11  3.439E-14  9.431E-19  0.000E+00  0.000E+00  0.000E+00  0.000E+00  0.000E+00  0.000E+00
  381.5000  1.943E-02  1.826E-02  1.711E-02  1.599E-02  1.490E-02  1.386E-02  1.283E-02  1.184E-02  1.090E-02  1.000E-02  9.032E-03  8.060E-03  7.225E-03  6.508E-03  5.896E-03  5.174E-03  4.573E-03  4.014E-03  3.510E-03  3.008E-03  2.596E-03  2.252E-03  1.897E-03  1.591E-03  1.330E-03  1.108E-03  8.919E-04  7.297E-04  5.996E-04  4.772E-04  3.876E-04  3.060E-04  2.441E-04  1.942E-04  1.517E-04  1.181E-04  9.141E-05  7.022E-05  5.353E-05  3.993E-05  2.920E-05  2.135E-05  1.503E-05  1.057E-05  7.090E-06  4.617E-06  2.870E-06  1.542E-06  6.597E-07  1.649E-07  1.853E-08  9.128E-10  1.217E-11  3.774E-14  1.127E-18  0.000E+00  0.000E+00  0.000E+00  0.000E+00  0.000E+00  0.000E+00
  382.5000  1.295E-02  1.217E-02  1.141E-02  1.066E-02  9.936E-03  9.184E-03  8.550E-03  7.893E-03  7.264E-03  6.666E-03  6.020E-03  5.372E-03  4.815E-03  4.337E-03  3.928E-03  3.447E-03  3.046E-03  2.673E-03  2.338E-03  2.003E-03  1.728E-03  1.499E-03  1.262E-03  1.059E-03  8.850E-04  7.372E-04  5.932E-04  4.852E-04  3.986E-04  3.172E-04  2.576E-04  2.032E-04  1.621E-04  1.290E-04  1.007E-04  7.839E-05  6.068E-05  4.662E-05  3.554E-05  2.651E-05  1.939E-05  1.418E-05  9.984E-06  7.026E-06  4.712E-06  3.071E-06  1.911E-06  1.030E-06  4.426E-07  1.116E-07  1.275E-08  6.445E-10  8.940E-12  2.931E-14  9.525E-19  0.000E+00  0.000E+00  0.000E+00  0.000E+00  0.000E+00  0.000E+00
  383.5000  1.138E-02  1.069E-02  1.002E-02  9.366E-03  8.729E-03  8.060E-03  7.510E-03  6.933E-03  6.381E-03  5.855E-03  5.288E-03  4.718E-03  4.228E-03  3.808E-03  3.449E-03  3.026E-03  2.674E-03  2.346E-03  2.052E-03  1.757E-03  1.516E-03  1.315E-03  1.107E-03  9.283E-04  7.759E-04  6.462E-04  5.198E-04  4.251E-04  3.491E-04  2.778E-04  2.255E-04  1.779E-04  1.419E-04  1.128E-04  8.811E-05  6.858E-05  5.309E-05  4.078E-05  3.109E-05  2.320E-05  1.697E-05  1.241E-05  8.739E-06  6.151E-06  4.127E-06  2.691E-06  1.677E-06  9.056E-07  3.911E-07  9.956E-08  1.156E-08  5.990E-10  8.643E-12  2.992E-14  1.057E-18  0.000E+00  0.000E+00  0.000E+00  0.000E+00  0.000E+00  0.000E+00
  384.5000  1.709E-02  1.606E-02  1.505E-02  1.406E-02  1.311E-02  1.212E-02  1.128E-02  1.041E-02  9.580E-03  8.790E-03  7.938E-03  7.082E-03  6.347E-03  5.716E-03  5.176E-03  4.541E-03  4.012E-03  3.520E-03  3.077E-03  2.635E-03  2.273E-03  1.971E-03  1.659E-03  1.391E-03  1.163E-03  9.681E-04  7.786E-04  6.366E-04  5.227E-04  4.158E-04  3.375E-04  2.662E-04  2.122E-04  1.688E-04  1.318E-04  1.025E-04  7.937E-05  6.097E-05  4.648E-05  3.469E-05  2.537E-05  1.856E-05  1.307E-05  9.204E-06  6.177E-06  4.031E-06  2.515E-06  1.361E-06  5.907E-07  1.517E-07  1.790E-08  9.511E-10  1.426E-11  5.211E-14  1.999E-18  0.000E+00  0.000E+00  0.000E+00  0.000E+00  0.000E+00  0.000E+00
  385.5000  1.691E-02  1.589E-02  1.490E-02  1.392E-02  1.297E-02  1.197E-02  1.116E-02  1.030E-02  9.482E-03  8.699E-03  7.856E-03  7.009E-03  6.281E-03  5.656E-03  5.121E-03  4.492E-03  3.968E-03  3.481E-03  3.043E-03  2.606E-03  2.248E-03  1.949E-03  1.640E-03  1.375E-03  1.148E-03  9.562E-04  7.688E-04  6.284E-04  5.159E-04  4.103E-04  3.329E-04  2.626E-04  2.093E-04  1.664E-04  1.299E-04  1.011E-04  7.824E-05  6.010E-05  4.582E-05  3.420E-05  2.502E-05  1.830E-05  1.289E-05  9.079E-06  6.096E-06  3.981E-06  2.487E-06  1.349E-06  5.881E-07  1.524E-07  1.826E-08  9.948E-10  1.550E-11  5.972E-14  2.485E-18  0.000E+00  0.000E+00  0.000E+00  0.000E+00  0.000E+00  0.000E+00
  386.5000  1.725E-02  1.621E-02  1.519E-02  1.420E-02  1.323E-02  1.229E-02  1.138E-02  1.051E-02  9.668E-03  8.870E-03  8.010E-03  7.146E-03  6.403E-03  5.765E-03  5.220E-03  4.578E-03  4.044E-03  3.547E-03  3.100E-03  2.654E-03  2.289E-03  1.984E-03  1.670E-03  1.399E-03  1.169E-03  9.730E-04  7.822E-04  6.392E-04  5.246E-04  4.171E-04  3.384E-04  2.668E-04  2.127E-04  1.691E-04  1.319E-04  1.027E-04  7.945E-05  6.103E-05  4.653E-05  3.473E-05  2.541E-05  1.859E-05  1.310E-05  9.227E-06  6.198E-06  4.050E-06  2.533E-06  1.378E-06  6.031E-07  1.577E-07  1.919E-08  1.071E-09  1.733E-11  7.037E-14  3.172E-18  0.000E+00  0.000E+00  0.000E+00  0.000E+00  0.000E+00  0.000E+00
  387.5000  1.604E-02  1.507E-02  1.413E-02  1.320E-02  1.230E-02  1.140E-02  1.058E-02  9.768E-03  8.988E-03  8.246E-03  7.446E-03  6.643E-03  5.951E-03  5.358E-03  4.851E-03  4.254E-03  3.757E-03  3.295E-03  2.880E-03  2.465E-03  2.125E-03  1.842E-03  1.550E-03  1.299E-03  1.085E-03  9.027E-04  7.255E-04  5.927E-04  4.864E-04  3.866E-04  3.136E-04  2.472E-04  1.970E-04  1.566E-04  1.222E-04  9.504E-05  7.356E-05  5.650E-05  4.308E-05  3.216E-05  2.353E-05  1.722E-05  1.214E-05  8.549E-06  5.744E-06  3.756E-06  2.351E-06  1.282E-06  5.638E-07  1.487E-07  1.837E-08  1.050E-09  1.764E-11  7.544E-14  3.681E-18  0.000E+00  0.000E+00  0.000E+00  0.000E+00  0.000E+00  0.000E+00
  388.5000  1.608E-02  1.511E-02  1.416E-02  1.324E-02  1.233E-02  1.139E-02  1.061E-02  9.794E-03  9.012E-03  8.267E-03  7.465E-03  6.659E-03  5.966E-03  5.371E-03  4.862E-03  4.263E-03  3.765E-03  3.301E-03  2.884E-03  2.469E-03  2.128E-03  1.845E-03  1.551E-03  1.300E-03  1.085E-03  9.032E-04  7.257E-04  5.928E-04  4.863E-04  3.865E-04  3.134E-04  2.470E-04  1.968E-04  1.564E-04  1.220E-04  9.491E-05  7.344E-05  5.641E-05  4.302E-05  3.211E-05  2.350E-05  1.720E-05  1.212E-05  8.542E-06  5.742E-06  3.757E-06  2.354E-06  1.287E-06  5.682E-07  1.512E-07  1.896E-08  1.110E-09  1.934E-11  8.705E-14  4.593E-18  0.000E+00  0.000E+00  0.000E+00  0.000E+00  0.000E+00  0.000E+00
  389.5000  2.029E-02  1.907E-02  1.787E-02  1.670E-02  1.556E-02  1.444E-02  1.339E-02  1.236E-02  1.137E-02  1.043E-02  9.416E-03  8.400E-03  7.525E-03  6.773E-03  6.131E-03  5.375E-03  4.746E-03  4.162E-03  3.636E-03  3.111E-03  2.682E-03  2.324E-03  1.954E-03  1.637E-03  1.367E-03  1.137E-03  9.134E-04  7.459E-04  6.118E-04  4.861E-04  3.941E-04  3.105E-04  2.474E-04  1.965E-04  1.533E-04  1.192E-04  9.227E-05  7.087E-05  5.404E-05  4.035E-05  2.953E-05  2.161E-05  1.524E-05  1.074E-05  7.221E-06  4.727E-06  2.966E-06  1.624E-06  7.206E-07  1.934E-07  2.462E-08  1.475E-09  2.666E-11  1.262E-13  7.191E-18  0.000E+00  0.000E+00  0.000E+00  0.000E+00  0.000E+00  0.000E+00
  390.5000  1.994E-02  1.874E-02  1.756E-02  1.641E-02  1.529E-02  1.412E-02  1.315E-02  1.214E-02  1.117E-02  1.025E-02  9.252E-03  8.253E-03  7.393E-03  6.654E-03  6.022E-03  5.280E-03  4.661E-03  4.087E-03  3.569E-03  3.054E-03  2.632E-03  2.280E-03  1.917E-03  1.606E-03  1.340E-03  1.115E-03  8.955E-04  7.311E-04  5.995E-04  4.762E-04  3.860E-04  3.041E-04  2.422E-04  1.924E-04  1.500E-04  1.167E-04  9.029E-05  6.935E-05  5.289E-05  3.949E-05  2.890E-05  2.116E-05  1.492E-05  1.052E-05  7.074E-06  4.634E-06  2.911E-06  1.598E-06  7.117E-07  1.926E-07  2.489E-08  1.526E-09  2.858E-11  1.422E-13  8.746E-18  0.000E+00  0.000E+00  0.000E+00  0.000E+00  0.000E+00  0.000E+00
  391.5000  2.367E-02  2.224E-02  2.085E-02  1.948E-02  1.815E-02  1.694E-02  1.561E-02  1.441E-02  1.326E-02  1.216E-02  1.098E-02  9.795E-03  8.773E-03  7.896E-03  7.145E-03  6.263E-03  5.529E-03  4.847E-03  4.233E-03  3.621E-03  3.120E-03  2.703E-03  2.272E-03  1.903E-03  1.588E-03  1.321E-03  1.060E-03  8.656E-04  7.097E-04  5.635E-04  4.567E-04  3.597E-04  2.864E-04  2.275E-04  1.774E-04  1.379E-04  1.067E-04  8.197E-05  6.251E-05  4.668E-05  3.417E-05  2.502E-05  1.764E-05  1.244E-05  8.370E-06  5.486E-06  3.450E-06  1.898E-06  8.489E-07  2.316E-07  3.037E-08  1.905E-09  3.697E-11  1.932E-13  1.281E-17  0.000E+00  0.000E+00  0.000E+00  0.000E+00  0.000E+00  0.000E+00
  392.5000  1.776E-02  1.669E-02  1.564E-02  1.462E-02  1.362E-02  1.261E-02  1.171E-02  1.081E-02  9.947E-03  9.124E-03  8.237E-03  7.347E-03  6.580E-03  5.922E-03  5.358E-03  4.697E-03  4.145E-03  3.633E-03  3.173E-03  2.714E-03  2.338E-03  2.025E-03  1.702E-03  1.425E-03  1.189E-03  9.886E-04  7.937E-04  6.477E-04  5.309E-04  4.215E-04  3.415E-04  2.689E-04  2.141E-04  1.700E-04  1.325E-04  1.031E-04  7.973E-05  6.124E-05  4.670E-05  3.488E-05  2.553E-05  1.869E-05  1.319E-05  9.299E-06  6.259E-06  4.105E-06  2.584E-06  1.425E-06  6.399E-07  1.760E-07  2.342E-08  1.503E-09  3.019E-11  1.656E-13  1.183E-17  0.000E+00  0.000E+00  0.000E+00  0.000E+00  0.000E+00  0.000E+00
  393.5000  7.726E-03  7.260E-03  6.803E-03  6.357E-03  5.924E-03  5.457E-03  5.095E-03  4.702E-03  4.326E-03  3.968E-03  3.582E-03  3.195E-03  2.861E-03  2.575E-03  2.330E-03  2.042E-03  1.802E-03  1.579E-03  1.379E-03  1.179E-03  1.016E-03  8.795E-04  7.390E-04  6.188E-04  5.162E-04  4.291E-04  3.444E-04  2.810E-04  2.303E-04  1.828E-04  1.481E-04  1.166E-04  9.278E-05  7.365E-05  5.742E-05  4.464E-05  3.453E-05  2.652E-05  2.023E-05  1.511E-05  1.106E-05  8.099E-06  5.714E-06  4.030E-06  2.713E-06  1.781E-06  1.122E-06  6.199E-07  2.796E-07  7.753E-08  1.046E-08  6.864E-10  1.428E-11  8.212E-14  6.315E-18  0.000E+00  0.000E+00  0.000E+00  0.000E+00  0.000E+00  0.000E+00
  394.5000  1.819E-02  1.709E-02  1.602E-02  1.497E-02  1.395E-02  1.293E-02  1.199E-02  1.107E-02  1.018E-02  9.340E-03  8.431E-03  7.520E-03  6.734E-03  6.059E-03  5.481E-03  4.803E-03  4.239E-03  3.714E-03  3.242E-03  2.772E-03  2.388E-03  2.067E-03  1.737E-03  1.454E-03  1.213E-03  1.008E-03  8.087E-04  6.597E-04  5.405E-04  4.289E-04  3.474E-04  2.734E-04  2.176E-04  1.727E-04  1.346E-04  1.046E-04  8.094E-05  6.216E-05  4.741E-05  3.542E-05  2.593E-05  1.899E-05  1.340E-05  9.453E-06  6.367E-06  4.180E-06  2.637E-06  1.460E-06  6.610E-07  1.848E-07  2.528E-08  1.696E-09  3.649E-11  2.201E-13  1.820E-17  0.000E+00  0.000E+00  0.000E+00  0.000E+00  0.000E+00  0.000E+00
  395.5000  2.341E-02  2.200E-02  2.062E-02  1.926E-02  1.795E-02  1.655E-02  1.544E-02  1.425E-02  1.311E-02  1.202E-02  1.085E-02  9.678E-03  8.666E-03  7.797E-03  7.052E-03  6.180E-03  5.452E-03  4.777E-03  4.169E-03  3.565E-03  3.070E-03  2.657E-03  2.232E-03  1.868E-03  1.558E-03  1.294E-03  1.039E-03  8.470E-04  6.938E-04  5.504E-04  4.457E-04  3.507E-04  2.790E-04  2.214E-04  1.726E-04  1.341E-04  1.037E-04  7.967E-05  6.076E-05  4.540E-05  3.324E-05  2.435E-05  1.718E-05  1.212E-05  8.168E-06  5.366E-06  3.388E-06  1.879E-06  8.544E-07  2.407E-07  3.340E-08  2.289E-09  5.095E-11  3.219E-13  2.860E-17  0.000E+00  0.000E+00  0.000E+00  0.000E+00  0.000E+00  0.000E+00
  396.5000  1.375E-02  1.292E-02  1.211E-02  1.132E-02  1.055E-02  9.803E-03  9.070E-03  8.370E-03  7.700E-03  7.061E-03  6.374E-03  5.685E-03  5.090E-03  4.579E-03  4.141E-03  3.629E-03  3.201E-03  2.804E-03  2.447E-03  2.092E-03  1.801E-03  1.559E-03  1.309E-03  1.096E-03  9.135E-04  7.589E-04  6.087E-04  4.963E-04  4.064E-04  3.224E-04  2.610E-04  2.053E-04  1.633E-04  1.296E-04  1.010E-04  7.847E-05  6.069E-05  4.661E-05  3.555E-05  2.656E-05  1.945E-05  1.425E-05  1.006E-05  7.097E-06  4.783E-06  3.144E-06  1.987E-06  1.104E-06  5.041E-07  1.431E-07  2.013E-08  1.410E-09  3.244E-11  2.146E-13  2.046E-17  0.000E+00  0.000E+00  0.000E+00  0.000E+00  0.000E+00  0.000E+00
  397.5000  1.588E-02  1.492E-02  1.398E-02  1.307E-02  1.218E-02  1.133E-02  1.047E-02  9.663E-03  8.889E-03  8.152E-03  7.358E-03  6.562E-03  5.875E-03  5.285E-03  4.780E-03  4.187E-03  3.693E-03  3.235E-03  2.823E-03  2.413E-03  2.077E-03  1.797E-03  1.509E-03  1.263E-03  1.053E-03  8.743E-04  7.011E-04  5.715E-04  4.679E-04  3.711E-04  3.003E-04  2.362E-04  1.879E-04  1.490E-04  1.161E-04  9.022E-05  6.977E-05  5.358E-05  4.086E-05  3.054E-05  2.236E-05  1.638E-05  1.157E-05  8.164E-06  5.504E-06  3.620E-06  2.290E-06  1.276E-06  5.844E-07  1.672E-07  2.385E-08  1.706E-09  4.054E-11  2.807E-13  2.871E-17  0.000E+00  0.000E+00  0.000E+00  0.000E+00  0.000E+00  0.000E+00
  398.5000  2.730E-02  2.565E-02  2.404E-02  2.247E-02  2.093E-02  1.954E-02  1.800E-02  1.661E-02  1.528E-02  1.401E-02  1.265E-02  1.128E-02  1.010E-02  9.083E-03  8.214E-03  7.195E-03  6.346E-03  5.558E-03  4.849E-03  4.144E-03  3.567E-03  3.086E-03  2.591E-03  2.167E-03  1.806E-03  1.500E-03  1.203E-03  9.800E-04  8.022E-04  6.360E-04  5.146E-04  4.047E-04  3.218E-04  2.552E-04  1.988E-04  1.545E-04  1.194E-04  9.172E-05  6.995E-05  5.228E-05  3.829E-05  2.806E-05  1.981E-05  1.399E-05  9.431E-06  6.206E-06  3.931E-06  2.193E-06  1.009E-06  2.909E-07  4.203E-08  3.070E-09  7.538E-11  5.459E-13  5.982E-17  0.000E+00  0.000E+00  0.000E+00  0.000E+00  0.000E+00  0.000E+00
  399.5000  2.841E-02  2.670E-02  2.502E-02  2.338E-02  2.178E-02  2.014E-02  1.873E-02  1.729E-02  1.590E-02  1.458E-02  1.316E-02  1.174E-02  1.051E-02  9.449E-03  8.544E-03  7.483E-03  6.599E-03  5.779E-03  5.041E-03  4.307E-03  3.707E-03  3.206E-03  2.691E-03  2.251E-03  1.876E-03  1.557E-03  1.248E-03  1.017E-03  8.324E-04  6.598E-04  5.338E-04  4.196E-04  3.336E-04  2.645E-04  2.060E-04  1.601E-04  1.238E-04  9.503E-05  7.248E-05  5.417E-05  3.968E-05  2.908E-05  2.054E-05  1.450E-05  9.781E-06  6.440E-06  4.082E-06  2.282E-06  1.054E-06  3.061E-07  4.483E-08  3.342E-09  8.473E-11  6.414E-13  7.525E-17  0.000E+00  0.000E+00  0.000E+00  0.000E+00  0.000E+00  0.000E+00
------------------------------------------------------------
Dose rates,W m-2
   1 = UV index (WMO, 1994; Webb et al., 2011)           
   2 = Previtamin-D3 (CIE 2006)                          
values at z =      0.025 km
Columns: time,sza,weighting spectra
time,hrs.  sza,deg.          1          2
   18.0000     88.162  4.416E-02  8.152E-04
   18.0167     88.354  4.135E-02  7.653E-04
   18.0333     88.547  3.864E-02  7.174E-04
   18.0500     88.740  3.602E-02  6.715E-04
   18.0667     88.934  3.350E-02  6.277E-04
   18.0833     89.127  3.108E-02  5.858E-04
   18.1000     89.321  2.878E-02  5.458E-04
   18.1167     89.514  2.658E-02  5.077E-04
   18.1333     89.708  2.448E-02  4.717E-04
   18.1500     89.903  2.251E-02  4.376E-04
   18.1667     90.097  2.040E-02  4.010E-04
   18.1833     90.292  1.831E-02  3.643E-04
   18.2000     90.487  1.651E-02  3.327E-04
   18.2167     90.681  1.496E-02  3.055E-04
   18.2333     90.876  1.364E-02  2.821E-04
   18.2500     91.072  1.209E-02  2.540E-04
   18.2667     91.268  1.079E-02  2.303E-04
   18.2833     91.463  9.578E-03  2.077E-04
   18.3000     91.659  8.482E-03  1.871E-04
   18.3167     91.855  7.378E-03  1.658E-04
   18.3333     92.052  6.459E-03  1.477E-04
   18.3500     92.248  5.688E-03  1.323E-04
   18.3667     92.445  4.879E-03  1.156E-04
   18.3833     92.641  4.175E-03  1.008E-04
   18.4000     92.838  3.561E-03  8.743E-05
   18.4167     93.035  3.018E-03  7.505E-05
   18.4333     93.233  2.491E-03  6.309E-05
   18.4500     93.430  2.080E-03  5.337E-05
   18.4667     93.627  1.740E-03  4.511E-05
   18.4833     93.825  1.409E-03  3.678E-05
   18.5000     94.023  1.161E-03  3.045E-05
   18.5167     94.221  9.258E-04  2.429E-05
   18.5333     94.419  7.415E-04  1.938E-05
   18.5500     94.618  5.924E-04  1.543E-05
   18.5667     94.816  4.609E-04  1.187E-05
   18.5833     95.015  3.553E-04  9.020E-06
   18.6000     95.214  2.707E-04  6.735E-06
   18.6167     95.413  2.029E-04  4.902E-06
   18.6333     95.612  1.491E-04  3.438E-06
   18.6500     95.811  1.045E-04  2.196E-06
   18.6667     96.011  7.081E-05  1.278E-06
   18.6833     96.210  4.708E-05  6.743E-07
   18.7000     96.410  2.931E-05  2.837E-07
   18.7167     96.610  1.833E-05  1.096E-07
   18.7333     96.810  1.087E-05  3.620E-08
   18.7500     97.010  6.271E-06  1.131E-08
   18.7667     97.210  3.408E-06  3.170E-09
   18.7833     97.410  1.554E-06  6.826E-10
   18.8000     97.611  5.435E-07  1.101E-10
   18.8167     97.812  1.044E-07  8.778E-12
   18.8333     98.013  8.772E-09  2.386E-13
   18.8500     98.214  3.521E-10  1.535E-15
   18.8667     98.415  4.919E-12  8.407E-19
   18.8833     98.616  2.303E-14  3.115E-23
   18.9000     98.818  1.771E-18  1.090E-30
   18.9167     99.019  0.000E+00  0.000E+00
   18.9333     99.221  0.000E+00  0.000E+00
   18.9500     99.422  0.000E+00  0.000E+00
   18.9667     99.624  0.000E+00  0.000E+00
   18.9833     99.826  0.000E+00  0.000E+00
   19.0000    100.029  0.000E+00  0.000E+00
------------------------------------------------------------
