Spectral Irradiance,W m-2 nm-1
values at z =      0.025 km
Columns: wavelength (nm),times (hrs.) or sza (deg.)
    wc,nm     18.000     18.017     18.033     18.050     18.067     18.083     18.100     18.117     18.133     18.150     18.167     18.183     18.200     18.217     18.233     18.250     18.267     18.283     18.300     18.317     18.333     18.350     18.367     18.383     18.400     18.417     18.433     18.450     18.467     18.483     18.500     18.517     18.533     18.550     18.567     18.583     18.600     18.617     18.633     18.650     18.667     18.683     18.700     18.717     18.733     18.750     18.767     18.783     18.800     18.817     18.833     18.850     18.867     18.883     18.900     18.917     18.933     18.950     18.967     18.983     19.000
    sza =      89.155     89.345     89.536     89.727     89.918     90.109     90.300     90.492     90.684     90.876     91.068     91.261     91.453     91.646     91.839     92.033     92.226     92.420     92.613     92.807     93.002     93.196     93.390     93.585     93.780     93.975     94.170     94.366     94.561     94.757     94.953     95.149     95.346     95.542     95.738     95.935     96.132     96.329     96.527     96.724     96.921     97.119     97.317     97.515     97.713     97.912     98.110     98.309     98.508     98.707     98.906     99.105     99.304     99.503     99.703     99.903    100.103    100.303    100.503    100.703    100.904
  280.5000  2.362E-26  2.253E-26  2.143E-26  2.034E-26  1.928E-26  1.797E-26  1.663E-26  1.546E-26  1.444E-26  1.353E-26  1.233E-26  1.131E-26  1.032E-26  9.337E-27  8.315E-27  7.471E-27  6.653E-27  5.800E-27  5.029E-27  4.330E-27  3.699E-27  3.104E-27  2.542E-27  2.084E-27  1.666E-27  1.262E-27  9.300E-28  6.458E-28  3.958E-28  2.106E-28  8.901E-29  2.394E-29  2.830E-30  6.206E-32  1.253E-34  3.257E-39  0.000E+00  0.000E+00  0.000E+00  0.000E+00  0.000E+00  0.000E+00  0.000E+00  0.000E+00  0.000E+00  0.000E+00  0.000E+00  0.000E+00  0.000E+00  0.000E+00  0.000E+00  0.000E+00  0.000E+00  0.000E+00  0.000E+00  0.000E+00  0.000E+00  0.000E+00  0.000E+00  0.000E+00  0.000E+00
  281.5000  4.706E-24  4.489E-24  4.272E-24  4.056E-24  3.844E-24  3.585E-24  3.319E-24  3.086E-24  2.882E-24  2.702E-24  2.464E-24  2.260E-24  2.062E-24  1.867E-24  1.663E-24  1.495E-24  1.331E-24  1.161E-24  1.007E-24  8.675E-25  7.415E-25  6.228E-25  5.106E-25  4.196E-25  3.369E-25  2.571E-25  1.916E-25  1.353E-25  8.536E-26  4.742E-26  2.141E-26  6.419E-27  9.110E-28  2.795E-29  9.728E-32  6.444E-36  1.369E-42  0.000E+00  0.000E+00  0.000E+00  0.000E+00  0.000E+00  0.000E+00  0.000E+00  0.000E+00  0.000E+00  0.000E+00  0.000E+00  0.000E+00  0.000E+00  0.000E+00  0.000E+00  0.000E+00  0.000E+00  0.000E+00  0.000E+00  0.000E+00  0.000E+00  0.000E+00  0.000E+00  0.000E+00
  282.5000  3.045E-22  2.904E-22  2.764E-22  2.625E-22  2.489E-22  2.321E-22  2.150E-22  2.000E-22  1.868E-22  1.752E-22  1.598E-22  1.466E-22  1.338E-22  1.212E-22  1.080E-22  9.709E-23  8.650E-23  7.546E-23  6.547E-23  5.642E-23  4.825E-23  4.056E-23  3.328E-23  2.740E-23  2.208E-23  1.696E-23  1.276E-23  9.138E-24  5.907E-24  3.407E-24  1.629E-24  5.373E-25  8.962E-26  3.702E-27  2.089E-29  3.150E-33  2.557E-39  0.000E+00  0.000E+00  0.000E+00  0.000E+00  0.000E+00  0.000E+00  0.000E+00  0.000E+00  0.000E+00  0.000E+00  0.000E+00  0.000E+00  0.000E+00  0.000E+00  0.000E+00  0.000E+00  0.000E+00  0.000E+00  0.000E+00  0.000E+00  0.000E+00  0.000E+00  0.000E+00  0.000E+00
  283.5000  4.121E-21  3.932E-21  3.743E-21  3.555E-21  3.371E-21  3.145E-21  2.913E-21  2.710E-21  2.532E-21  2.375E-21  2.167E-21  1.989E-21  1.815E-21  1.644E-21  1.466E-21  1.318E-21  1.175E-21  1.025E-21  8.894E-22  7.667E-22  6.558E-22  5.517E-22  4.530E-22  3.733E-22  3.016E-22  2.325E-22  1.759E-22  1.272E-22  8.351E-23  4.934E-23  2.448E-23  8.595E-24  1.594E-24  8.013E-26  6.213E-28  1.607E-31  3.129E-37  0.000E+00  0.000E+00  0.000E+00  0.000E+00  0.000E+00  0.000E+00  0.000E+00  0.000E+00  0.000E+00  0.000E+00  0.000E+00  0.000E+00  0.000E+00  0.000E+00  0.000E+00  0.000E+00  0.000E+00  0.000E+00  0.000E+00  0.000E+00  0.000E+00  0.000E+00  0.000E+00  0.000E+00
  284.5000  2.920E-19  2.787E-19  2.654E-19  2.521E-19  2.391E-19  2.232E-19  2.068E-19  1.925E-19  1.799E-19  1.688E-19  1.541E-19  1.415E-19  1.293E-19  1.171E-19  1.045E-19  9.400E-20  8.380E-20  7.316E-20  6.352E-20  5.479E-20  4.690E-20  3.950E-20  3.246E-20  2.681E-20  2.175E-20  1.687E-20  1.290E-20  9.467E-21  6.381E-21  3.924E-21  2.072E-21  8.069E-22  1.785E-22  1.244E-23  1.645E-25  1.064E-28  9.294E-34  1.931E-42  0.000E+00  0.000E+00  0.000E+00  0.000E+00  0.000E+00  0.000E+00  0.000E+00  0.000E+00  0.000E+00  0.000E+00  0.000E+00  0.000E+00  0.000E+00  0.000E+00  0.000E+00  0.000E+00  0.000E+00  0.000E+00  0.000E+00  0.000E+00  0.000E+00  0.000E+00  0.000E+00
  285.5000  4.280E-18  4.085E-18  3.890E-18  3.697E-18  3.507E-18  3.274E-18  3.034E-18  2.825E-18  2.642E-18  2.480E-18  2.265E-18  2.081E-18  1.901E-18  1.724E-18  1.538E-18  1.384E-18  1.235E-18  1.078E-18  9.368E-19  8.084E-19  6.924E-19  5.838E-19  4.801E-19  3.970E-19  3.230E-19  2.518E-19  1.939E-19  1.439E-19  9.891E-20  6.269E-20  3.471E-20  1.465E-20  3.722E-21  3.354E-22  6.751E-24  8.918E-27  2.473E-31  3.744E-39  0.000E+00  0.000E+00  0.000E+00  0.000E+00  0.000E+00  0.000E+00  0.000E+00  0.000E+00  0.000E+00  0.000E+00  0.000E+00  0.000E+00  0.000E+00  0.000E+00  0.000E+00  0.000E+00  0.000E+00  0.000E+00  0.000E+00  0.000E+00  0.000E+00  0.000E+00  0.000E+00
  286.5000  1.520E-16  1.451E-16  1.382E-16  1.314E-16  1.246E-16  1.164E-16  1.079E-16  1.005E-16  9.399E-17  8.826E-17  8.064E-17  7.410E-17  6.773E-17  6.143E-17  5.483E-17  4.938E-17  4.406E-17  3.850E-17  3.346E-17  2.888E-17  2.475E-17  2.088E-17  1.718E-17  1.423E-17  1.160E-17  9.074E-18  7.027E-18  5.258E-18  3.667E-18  2.378E-18  1.365E-18  6.128E-19  1.733E-19  1.905E-20  5.315E-22  1.223E-24  8.282E-29  5.797E-36  0.000E+00  0.000E+00  0.000E+00  0.000E+00  0.000E+00  0.000E+00  0.000E+00  0.000E+00  0.000E+00  0.000E+00  0.000E+00  0.000E+00  0.000E+00  0.000E+00  0.000E+00  0.000E+00  0.000E+00  0.000E+00  0.000E+00  0.000E+00  0.000E+00  0.000E+00  0.000E+00
  287.5000  2.973E-15  2.839E-15  2.704E-15  2.570E-15  2.439E-15  2.278E-15  2.113E-15  1.968E-15  1.841E-15  1.730E-15  1.581E-15  1.454E-15  1.330E-15  1.206E-15  1.077E-15  9.708E-16  8.666E-16  7.576E-16  6.587E-16  5.690E-16  4.879E-16  4.121E-16  3.392E-16  2.812E-16  2.299E-16  1.805E-16  1.406E-16  1.061E-16  7.513E-17  4.991E-17  2.976E-17  1.426E-17  4.516E-18  6.141E-19  2.431E-20  1.018E-22  1.815E-26  6.750E-33  2.421E-42  0.000E+00  0.000E+00  0.000E+00  0.000E+00  0.000E+00  0.000E+00  0.000E+00  0.000E+00  0.000E+00  0.000E+00  0.000E+00  0.000E+00  0.000E+00  0.000E+00  0.000E+00  0.000E+00  0.000E+00  0.000E+00  0.000E+00  0.000E+00  0.000E+00  0.000E+00
  288.5000  5.705E-14  5.447E-14  5.189E-14  4.934E-14  4.683E-14  4.375E-14  4.058E-14  3.782E-14  3.540E-14  3.327E-14  3.043E-14  2.799E-14  2.561E-14  2.325E-14  2.078E-14  1.874E-14  1.673E-14  1.464E-14  1.274E-14  1.101E-14  9.447E-15  7.988E-15  6.581E-15  5.463E-15  4.480E-15  3.528E-15  2.765E-15  2.106E-15  1.515E-15  1.033E-15  6.415E-16  3.298E-16  1.181E-16  2.027E-17  1.178E-18  9.533E-21  4.914E-24  1.136E-29  6.288E-38  0.000E+00  0.000E+00  0.000E+00  0.000E+00  0.000E+00  0.000E+00  0.000E+00  0.000E+00  0.000E+00  0.000E+00  0.000E+00  0.000E+00  0.000E+00  0.000E+00  0.000E+00  0.000E+00  0.000E+00  0.000E+00  0.000E+00  0.000E+00  0.000E+00  0.000E+00
  289.5000  8.205E-13  7.833E-13  7.463E-13  7.096E-13  6.736E-13  6.294E-13  5.839E-13  5.443E-13  5.097E-13  4.791E-13  4.383E-13  4.033E-13  3.692E-13  3.354E-13  2.999E-13  2.706E-13  2.418E-13  2.116E-13  1.842E-13  1.593E-13  1.368E-13  1.158E-13  9.544E-14  7.930E-14  6.516E-14  5.144E-14  4.049E-14  3.103E-14  2.258E-14  1.567E-14  1.003E-14  5.427E-15  2.130E-15  4.342E-16  3.361E-17  4.435E-19  4.982E-22  4.342E-27  1.723E-34  1.401E-45  0.000E+00  0.000E+00  0.000E+00  0.000E+00  0.000E+00  0.000E+00  0.000E+00  0.000E+00  0.000E+00  0.000E+00  0.000E+00  0.000E+00  0.000E+00  0.000E+00  0.000E+00  0.000E+00  0.000E+00  0.000E+00  0.000E+00  0.000E+00  0.000E+00
  290.5000  7.397E-12  7.062E-12  6.728E-12  6.397E-12  6.073E-12  5.675E-12  5.266E-12  4.910E-12  4.598E-12  4.324E-12  3.957E-12  3.642E-12  3.335E-12  3.031E-12  2.711E-12  2.448E-12  2.188E-12  1.916E-12  1.669E-12  1.444E-12  1.241E-12  1.051E-12  8.668E-13  7.209E-13  5.934E-13  4.694E-13  3.707E-13  2.856E-13  2.097E-13  1.477E-13  9.674E-14  5.460E-14  2.309E-14  5.424E-15  5.319E-16  1.054E-17  2.268E-20  6.007E-25  1.245E-31  3.645E-42  0.000E+00  0.000E+00  0.000E+00  0.000E+00  0.000E+00  0.000E+00  0.000E+00  0.000E+00  0.000E+00  0.000E+00  0.000E+00  0.000E+00  0.000E+00  0.000E+00  0.000E+00  0.000E+00  0.000E+00  0.000E+00  0.000E+00  0.000E+00  0.000E+00
  291.5000  5.881E-11  5.614E-11  5.349E-11  5.086E-11  4.828E-11  4.512E-11  4.187E-11  3.905E-11  3.658E-11  3.440E-11  3.150E-11  2.900E-11  2.657E-11  2.416E-11  2.163E-11  1.954E-11  1.748E-11  1.532E-11  1.335E-11  1.156E-11  9.938E-12  8.428E-12  6.954E-12  5.789E-12  4.775E-12  3.785E-12  3.001E-12  2.324E-12  1.723E-12  1.232E-12  8.278E-13  4.885E-13  2.238E-13  6.131E-14  7.782E-15  2.415E-16  1.068E-18  9.811E-23  1.302E-28  7.583E-38  0.000E+00  0.000E+00  0.000E+00  0.000E+00  0.000E+00  0.000E+00  0.000E+00  0.000E+00  0.000E+00  0.000E+00  0.000E+00  0.000E+00  0.000E+00  0.000E+00  0.000E+00  0.000E+00  0.000E+00  0.000E+00  0.000E+00  0.000E+00  0.000E+00
  292.5000  3.018E-10  2.881E-10  2.744E-10  2.609E-10  2.477E-10  2.315E-10  2.148E-10  2.003E-10  1.877E-10  1.766E-10  1.617E-10  1.490E-10  1.365E-10  1.242E-10  1.112E-10  1.005E-10  8.996E-11  7.890E-11  6.881E-11  5.962E-11  5.129E-11  4.355E-11  3.595E-11  2.995E-11  2.475E-11  1.965E-11  1.563E-11  1.215E-11  9.080E-12  6.575E-12  4.511E-12  2.763E-12  1.354E-12  4.227E-13  6.684E-14  3.034E-15  2.457E-17  6.328E-21  3.848E-26  2.561E-34  9.809E-45  0.000E+00  0.000E+00  0.000E+00  0.000E+00  0.000E+00  0.000E+00  0.000E+00  0.000E+00  0.000E+00  0.000E+00  0.000E+00  0.000E+00  0.000E+00  0.000E+00  0.000E+00  0.000E+00  0.000E+00  0.000E+00  0.000E+00  0.000E+00
  293.5000  1.785E-09  1.704E-09  1.622E-09  1.542E-09  1.464E-09  1.368E-09  1.270E-09  1.184E-09  1.109E-09  1.044E-09  9.561E-10  8.809E-10  8.078E-10  7.351E-10  6.586E-10  5.955E-10  5.334E-10  4.681E-10  4.085E-10  3.542E-10  3.050E-10  2.592E-10  2.141E-10  1.785E-10  1.478E-10  1.175E-10  9.370E-11  7.314E-11  5.503E-11  4.030E-11  2.816E-11  1.783E-11  9.292E-12  3.265E-12  6.319E-13  4.081E-14  5.807E-16  3.943E-19  1.005E-23  6.626E-31  4.873E-40  0.000E+00  0.000E+00  0.000E+00  0.000E+00  0.000E+00  0.000E+00  0.000E+00  0.000E+00  0.000E+00  0.000E+00  0.000E+00  0.000E+00  0.000E+00  0.000E+00  0.000E+00  0.000E+00  0.000E+00  0.000E+00  0.000E+00  0.000E+00
  294.5000  5.985E-09  5.709E-09  5.436E-09  5.166E-09  4.902E-09  4.581E-09  4.250E-09  3.964E-09  3.714E-09  3.494E-09  3.201E-09  2.950E-09  2.706E-09  2.463E-09  2.208E-09  1.995E-09  1.789E-09  1.571E-09  1.372E-09  1.191E-09  1.026E-09  8.727E-10  7.211E-10  6.019E-10  4.991E-10  3.972E-10  3.174E-10  2.485E-10  1.880E-10  1.389E-10  9.849E-11  6.409E-11  3.510E-11  1.360E-11  3.111E-12  2.688E-13  6.058E-15  9.001E-18  7.212E-22  2.914E-28  2.187E-36  0.000E+00  0.000E+00  0.000E+00  0.000E+00  0.000E+00  0.000E+00  0.000E+00  0.000E+00  0.000E+00  0.000E+00  0.000E+00  0.000E+00  0.000E+00  0.000E+00  0.000E+00  0.000E+00  0.000E+00  0.000E+00  0.000E+00  0.000E+00
  295.5000  2.767E-08  2.639E-08  2.511E-08  2.386E-08  2.263E-08  2.114E-08  1.961E-08  1.829E-08  1.713E-08  1.612E-08  1.477E-08  1.361E-08  1.249E-08  1.137E-08  1.020E-08  9.230E-09  8.273E-09  7.269E-09  6.353E-09  5.516E-09  4.756E-09  4.052E-09  3.349E-09  2.798E-09  2.324E-09  1.852E-09  1.483E-09  1.165E-09  8.857E-10  6.600E-10  4.748E-10  3.172E-10  1.825E-10  7.797E-11  2.109E-11  2.448E-12  8.848E-14  2.963E-16  7.835E-20  2.110E-25  1.809E-32  4.341E-42  0.000E+00  0.000E+00  0.000E+00  0.000E+00  0.000E+00  0.000E+00  0.000E+00  0.000E+00  0.000E+00  0.000E+00  0.000E+00  0.000E+00  0.000E+00  0.000E+00  0.000E+00  0.000E+00  0.000E+00  0.000E+00  0.000E+00
  296.5000  8.090E-08  7.710E-08  7.334E-08  6.964E-08  6.604E-08  6.167E-08  5.720E-08  5.332E-08  4.994E-08  4.698E-08  4.304E-08  3.967E-08  3.640E-08  3.315E-08  2.973E-08  2.693E-08  2.415E-08  2.123E-08  1.857E-08  1.613E-08  1.392E-08  1.187E-08  9.819E-09  8.210E-09  6.829E-09  5.447E-09  4.373E-09  3.441E-09  2.629E-09  1.973E-09  1.436E-09  9.812E-10  5.885E-10  2.733E-10  8.542E-11  1.280E-11  6.938E-13  4.657E-15  3.395E-18  4.508E-23  2.940E-29  1.116E-37  0.000E+00  0.000E+00  0.000E+00  0.000E+00  0.000E+00  0.000E+00  0.000E+00  0.000E+00  0.000E+00  0.000E+00  0.000E+00  0.000E+00  0.000E+00  0.000E+00  0.000E+00  0.000E+00  0.000E+00  0.000E+00  0.000E+00
  297.5000  2.456E-07  2.339E-07  2.224E-07  2.110E-07  2.000E-07  1.867E-07  1.731E-07  1.613E-07  1.510E-07  1.420E-07  1.301E-07  1.199E-07  1.100E-07  1.002E-07  8.990E-08  8.144E-08  7.306E-08  6.427E-08  5.624E-08  4.889E-08  4.222E-08  3.605E-08  2.984E-08  2.497E-08  2.080E-08  1.661E-08  1.335E-08  1.053E-08  8.074E-09  6.095E-09  4.483E-09  3.119E-09  1.937E-09  9.650E-10  3.413E-10  6.373E-11  4.906E-12  6.037E-14  1.067E-16  5.710E-21  2.201E-26  9.401E-34  2.803E-44  0.000E+00  0.000E+00  0.000E+00  0.000E+00  0.000E+00  0.000E+00  0.000E+00  0.000E+00  0.000E+00  0.000E+00  0.000E+00  0.000E+00  0.000E+00  0.000E+00  0.000E+00  0.000E+00  0.000E+00  0.000E+00
  298.5000  4.354E-07  4.144E-07  3.937E-07  3.734E-07  3.537E-07  3.300E-07  3.058E-07  2.848E-07  2.665E-07  2.506E-07  2.295E-07  2.114E-07  1.940E-07  1.767E-07  1.586E-07  1.437E-07  1.289E-07  1.135E-07  9.934E-08  8.643E-08  7.468E-08  6.385E-08  5.287E-08  4.427E-08  3.693E-08  2.951E-08  2.377E-08  1.878E-08  1.444E-08  1.096E-08  8.125E-09  5.742E-09  3.672E-09  1.942E-09  7.635E-10  1.722E-10  1.792E-11  3.714E-13  1.401E-15  2.456E-19  4.261E-24  1.400E-30  7.812E-40  0.000E+00  0.000E+00  0.000E+00  0.000E+00  0.000E+00  0.000E+00  0.000E+00  0.000E+00  0.000E+00  0.000E+00  0.000E+00  0.000E+00  0.000E+00  0.000E+00  0.000E+00  0.000E+00  0.000E+00  0.000E+00
  299.5000  1.423E-06  1.353E-06  1.284E-06  1.217E-06  1.152E-06  1.074E-06  9.947E-07  9.258E-07  8.660E-07  8.137E-07  7.450E-07  6.861E-07  6.295E-07  5.732E-07  5.145E-07  4.663E-07  4.185E-07  3.684E-07  3.227E-07  2.810E-07  2.429E-07  2.079E-07  1.723E-07  1.444E-07  1.206E-07  9.647E-08  7.783E-08  6.158E-08  4.750E-08  3.619E-08  2.703E-08  1.936E-08  1.270E-08  7.075E-09  3.056E-09  8.172E-10  1.118E-10  3.737E-12  2.839E-14  1.503E-17  1.071E-21  2.419E-27  2.123E-35  1.401E-45  0.000E+00  0.000E+00  0.000E+00  0.000E+00  0.000E+00  0.000E+00  0.000E+00  0.000E+00  0.000E+00  0.000E+00  0.000E+00  0.000E+00  0.000E+00  0.000E+00  0.000E+00  0.000E+00  0.000E+00
  300.5000  1.806E-06  1.716E-06  1.628E-06  1.542E-06  1.458E-06  1.358E-06  1.257E-06  1.169E-06  1.093E-06  1.027E-06  9.394E-07  8.648E-07  7.932E-07  7.221E-07  6.481E-07  5.874E-07  5.278E-07  4.643E-07  4.069E-07  3.544E-07  3.066E-07  2.628E-07  2.178E-07  1.827E-07  1.528E-07  1.223E-07  9.880E-08  7.828E-08  6.052E-08  4.627E-08  3.475E-08  2.516E-08  1.683E-08  9.782E-09  4.558E-09  1.399E-09  2.387E-10  1.174E-11  1.565E-13  1.986E-16  4.247E-20  4.218E-25  2.988E-32  3.753E-41  0.000E+00  0.000E+00  0.000E+00  0.000E+00  0.000E+00  0.000E+00  0.000E+00  0.000E+00  0.000E+00  0.000E+00  0.000E+00  0.000E+00  0.000E+00  0.000E+00  0.000E+00  0.000E+00  0.000E+00
  301.5000  5.044E-06  4.787E-06  4.535E-06  4.290E-06  4.054E-06  3.772E-06  3.488E-06  3.241E-06  3.027E-06  2.840E-06  2.597E-06  2.390E-06  2.191E-06  1.993E-06  1.789E-06  1.621E-06  1.456E-06  1.282E-06  1.124E-06  9.793E-07  8.478E-07  7.274E-07  6.034E-07  5.065E-07  4.241E-07  3.399E-07  2.750E-07  2.182E-07  1.691E-07  1.298E-07  9.801E-08  7.170E-08  4.894E-08  2.966E-08  1.493E-08  5.282E-09  1.135E-09  8.381E-11  2.032E-12  6.556E-15  4.548E-18  2.225E-22  1.534E-28  3.328E-36  9.949E-44  0.000E+00  0.000E+00  0.000E+00  0.000E+00  0.000E+00  0.000E+00  0.000E+00  0.000E+00  0.000E+00  0.000E+00  0.000E+00  0.000E+00  0.000E+00  0.000E+00  0.000E+00  0.000E+00
  302.5000  7.934E-06  7.522E-06  7.120E-06  6.729E-06  6.350E-06  5.905E-06  5.455E-06  5.065E-06  4.726E-06  4.431E-06  4.050E-06  3.724E-06  3.412E-06  3.103E-06  2.784E-06  2.523E-06  2.265E-06  1.994E-06  1.749E-06  1.525E-06  1.321E-06  1.134E-06  9.414E-07  7.909E-07  6.628E-07  5.316E-07  4.306E-07  3.420E-07  2.656E-07  2.043E-07  1.549E-07  1.141E-07  7.891E-08  4.919E-08  2.608E-08  1.016E-08  2.551E-09  2.484E-10  9.027E-12  5.428E-14  8.139E-17  1.123E-20  3.393E-26  4.645E-33  7.830E-40  1.121E-44  1.401E-45  1.401E-45  0.000E+00  0.000E+00  0.000E+00  0.000E+00  0.000E+00  0.000E+00  0.000E+00  0.000E+00  0.000E+00  0.000E+00  0.000E+00  0.000E+00  0.000E+00
  303.5000  1.810E-05  1.713E-05  1.619E-05  1.528E-05  1.440E-05  1.337E-05  1.234E-05  1.144E-05  1.066E-05  9.987E-06  9.119E-06  8.376E-06  7.669E-06  6.970E-06  6.250E-06  5.661E-06  5.078E-06  4.473E-06  3.924E-06  3.422E-06  2.966E-06  2.549E-06  2.118E-06  1.781E-06  1.494E-06  1.200E-06  9.734E-07  7.741E-07  6.024E-07  4.647E-07  3.538E-07  2.627E-07  1.843E-07  1.185E-07  6.659E-08  2.891E-08  8.672E-09  1.160E-09  6.725E-11  8.361E-13  3.123E-15  1.481E-18  2.598E-23  3.187E-29  4.275E-35  1.964E-39  5.878E-41  5.605E-43  2.803E-45  0.000E+00  0.000E+00  0.000E+00  0.000E+00  0.000E+00  0.000E+00  0.000E+00  0.000E+00  0.000E+00  0.000E+00  0.000E+00  0.000E+00
  304.5000  2.361E-05  2.232E-05  2.108E-05  1.986E-05  1.870E-05  1.735E-05  1.600E-05  1.482E-05  1.380E-05  1.291E-05  1.178E-05  1.081E-05  9.894E-06  8.986E-06  8.055E-06  7.293E-06  6.539E-06  5.761E-06  5.054E-06  4.409E-06  3.821E-06  3.287E-06  2.733E-06  2.299E-06  1.930E-06  1.551E-06  1.260E-06  1.003E-06  7.814E-07  6.038E-07  4.610E-07  3.439E-07  2.434E-07  1.594E-07  9.274E-08  4.298E-08  1.433E-08  2.315E-09  1.768E-10  3.367E-12  2.148E-14  2.091E-17  1.007E-21  4.267E-27  1.816E-32  1.651E-36  4.385E-38  3.314E-40  1.178E-42  0.000E+00  0.000E+00  0.000E+00  0.000E+00  0.000E+00  0.000E+00  0.000E+00  0.000E+00  0.000E+00  0.000E+00  0.000E+00  0.000E+00
  305.5000  4.129E-05  3.896E-05  3.670E-05  3.452E-05  3.244E-05  3.004E-05  2.765E-05  2.557E-05  2.377E-05  2.220E-05  2.023E-05  1.854E-05  1.694E-05  1.537E-05  1.377E-05  1.245E-05  1.116E-05  9.828E-06  8.620E-06  7.520E-06  6.521E-06  5.615E-06  4.671E-06  3.933E-06  3.307E-06  2.661E-06  2.165E-06  1.725E-06  1.347E-06  1.044E-06  7.996E-07  6.003E-07  4.296E-07  2.882E-07  1.756E-07  8.884E-08  3.426E-08  7.199E-09  8.110E-10  2.859E-11  4.032E-13  1.156E-15  2.554E-19  7.133E-24  1.794E-28  4.582E-32  9.949E-34  5.065E-36  7.814E-39  3.083E-44  0.000E+00  0.000E+00  0.000E+00  0.000E+00  0.000E+00  0.000E+00  0.000E+00  0.000E+00  0.000E+00  0.000E+00  0.000E+00
  306.5000  4.896E-05  4.614E-05  4.343E-05  4.081E-05  3.831E-05  3.541E-05  3.259E-05  3.011E-05  2.796E-05  2.610E-05  2.376E-05  2.176E-05  1.987E-05  1.801E-05  1.612E-05  1.458E-05  1.306E-05  1.150E-05  1.008E-05  8.798E-06  7.630E-06  6.572E-06  5.471E-06  4.609E-06  3.877E-06  3.123E-06  2.542E-06  2.027E-06  1.585E-06  1.229E-06  9.435E-07  7.104E-07  5.111E-07  3.467E-07  2.158E-07  1.137E-07  4.687E-08  1.109E-08  1.485E-09  6.844E-11  1.352E-12  6.105E-15  2.573E-18  1.593E-22  8.477E-27  3.390E-30  6.991E-32  3.181E-34  3.777E-37  1.342E-42  0.000E+00  0.000E+00  0.000E+00  0.000E+00  0.000E+00  0.000E+00  0.000E+00  0.000E+00  0.000E+00  0.000E+00  0.000E+00
  307.5000  9.213E-05  8.661E-05  8.128E-05  7.617E-05  7.131E-05  6.584E-05  6.038E-05  5.565E-05  5.156E-05  4.802E-05  4.363E-05  3.988E-05  3.636E-05  3.291E-05  2.942E-05  2.657E-05  2.376E-05  2.091E-05  1.833E-05  1.599E-05  1.387E-05  1.195E-05  9.956E-06  8.394E-06  7.069E-06  5.702E-06  4.650E-06  3.713E-06  2.909E-06  2.261E-06  1.741E-06  1.317E-06  9.558E-07  6.599E-07  4.251E-07  2.395E-07  1.105E-07  3.223E-08  5.899E-09  4.479E-10  1.691E-11  1.855E-13  2.765E-16  8.196E-20  1.924E-23  1.816E-26  3.221E-28  1.076E-30  6.472E-34  1.414E-39  0.000E+00  0.000E+00  0.000E+00  0.000E+00  0.000E+00  0.000E+00  0.000E+00  0.000E+00  0.000E+00  0.000E+00  0.000E+00
  308.5000  1.153E-04  1.082E-04  1.014E-04  9.494E-05  8.878E-05  8.189E-05  7.500E-05  6.905E-05  6.391E-05  5.945E-05  5.397E-05  4.927E-05  4.489E-05  4.059E-05  3.626E-05  3.273E-05  2.926E-05  2.573E-05  2.255E-05  1.967E-05  1.706E-05  1.470E-05  1.225E-05  1.034E-05  8.708E-06  7.030E-06  5.738E-06  4.584E-06  3.595E-06  2.798E-06  2.157E-06  1.635E-06  1.191E-06  8.290E-07  5.422E-07  3.144E-07  1.523E-07  4.846E-08  1.008E-08  9.325E-10  4.506E-11  6.900E-13  1.652E-15  8.742E-19  3.533E-22  4.625E-25  8.011E-27  2.522E-29  1.303E-32  2.749E-38  0.000E+00  0.000E+00  0.000E+00  0.000E+00  0.000E+00  0.000E+00  0.000E+00  0.000E+00  0.000E+00  0.000E+00  0.000E+00
  309.5000  1.250E-04  1.170E-04  1.094E-04  1.022E-04  9.528E-05  8.765E-05  8.011E-05  7.357E-05  6.793E-05  6.304E-05  5.711E-05  5.204E-05  4.732E-05  4.271E-05  3.810E-05  3.434E-05  3.065E-05  2.694E-05  2.359E-05  2.056E-05  1.783E-05  1.537E-05  1.282E-05  1.082E-05  9.119E-06  7.372E-06  6.025E-06  4.819E-06  3.785E-06  2.952E-06  2.281E-06  1.735E-06  1.271E-06  8.941E-07  5.974E-07  3.615E-07  1.882E-07  6.858E-08  1.749E-08  2.243E-09  1.658E-10  4.551E-12  2.507E-14  3.711E-17  3.969E-20  9.144E-23  1.463E-24  3.872E-27  1.342E-30  2.196E-36  0.000E+00  0.000E+00  0.000E+00  0.000E+00  0.000E+00  0.000E+00  0.000E+00  0.000E+00  0.000E+00  0.000E+00  0.000E+00
  310.5000  2.012E-04  1.880E-04  1.754E-04  1.633E-04  1.520E-04  1.396E-04  1.273E-04  1.166E-04  1.075E-04  9.952E-05  8.999E-05  8.184E-05  7.429E-05  6.694E-05  5.961E-05  5.366E-05  4.783E-05  4.199E-05  3.675E-05  3.201E-05  2.774E-05  2.392E-05  1.995E-05  1.684E-05  1.421E-05  1.150E-05  9.411E-06  7.534E-06  5.927E-06  4.629E-06  3.584E-06  2.732E-06  2.011E-06  1.426E-06  9.678E-07  6.039E-07  3.316E-07  1.335E-07  3.951E-08  6.415E-09  6.415E-10  2.659E-11  2.640E-13  8.040E-16  1.693E-18  5.803E-21  8.898E-23  2.137E-25  5.854E-29  8.552E-35  0.000E+00  0.000E+00  0.000E+00  0.000E+00  0.000E+00  0.000E+00  0.000E+00  0.000E+00  0.000E+00  0.000E+00  0.000E+00
  311.5000  2.910E-04  2.714E-04  2.528E-04  2.351E-04  2.184E-04  2.002E-04  1.823E-04  1.668E-04  1.534E-04  1.418E-04  1.281E-04  1.163E-04  1.054E-04  9.485E-05  8.438E-05  7.586E-05  6.755E-05  5.911E-05  5.182E-05  4.511E-05  3.908E-05  3.369E-05  2.811E-05  2.373E-05  2.003E-05  1.622E-05  1.329E-05  1.065E-05  8.384E-06  6.555E-06  5.082E-06  3.881E-06  2.865E-06  2.041E-06  1.400E-06  8.907E-07  5.059E-07  2.171E-07  7.075E-08  1.338E-08  1.628E-09  8.825E-11  1.293E-12  6.358E-15  2.113E-17  9.533E-20  1.450E-21  3.367E-24  8.239E-28  1.191E-33  0.000E+00  0.000E+00  0.000E+00  0.000E+00  0.000E+00  0.000E+00  0.000E+00  0.000E+00  0.000E+00  0.000E+00  0.000E+00
  312.5000  3.628E-04  3.372E-04  3.129E-04  2.899E-04  2.683E-04  2.450E-04  2.223E-04  2.026E-04  1.857E-04  1.710E-04  1.539E-04  1.393E-04  1.258E-04  1.129E-04  1.001E-04  8.976E-05  7.972E-05  6.973E-05  6.090E-05  5.294E-05  4.581E-05  3.946E-05  3.293E-05  2.781E-05  2.347E-05  1.904E-05  1.562E-05  1.253E-05  9.892E-06  7.752E-06  6.026E-06  4.614E-06  3.423E-06  2.460E-06  1.714E-06  1.126E-06  6.763E-07  3.236E-07  1.247E-07  3.090E-08  5.338E-09  4.689E-10  1.375E-11  1.580E-13  1.165E-15  8.307E-18  1.191E-19  2.422E-22  4.345E-26  5.220E-32  4.204E-44  0.000E+00  0.000E+00  0.000E+00  0.000E+00  0.000E+00  0.000E+00  0.000E+00  0.000E+00  0.000E+00  0.000E+00
  313.5000  4.389E-04  4.075E-04  3.778E-04  3.497E-04  3.234E-04  2.951E-04  2.675E-04  2.436E-04  2.230E-04  2.053E-04  1.845E-04  1.668E-04  1.506E-04  1.350E-04  1.196E-04  1.072E-04  9.511E-05  8.323E-05  7.257E-05  6.305E-05  5.454E-05  4.697E-05  3.920E-05  3.310E-05  2.795E-05  2.268E-05  1.862E-05  1.494E-05  1.180E-05  9.257E-06  7.202E-06  5.519E-06  4.102E-06  2.955E-06  2.069E-06  1.373E-06  8.384E-07  4.137E-07  1.667E-07  4.420E-08  8.281E-09  8.110E-10  2.788E-11  3.881E-13  3.425E-15  2.757E-17  4.056E-19  8.541E-22  1.592E-25  2.154E-31  2.312E-43  0.000E+00  0.000E+00  0.000E+00  0.000E+00  0.000E+00  0.000E+00  0.000E+00  0.000E+00  0.000E+00  0.000E+00
  314.5000  5.708E-04  5.278E-04  4.871E-04  4.490E-04  4.134E-04  3.756E-04  3.391E-04  3.075E-04  2.803E-04  2.568E-04  2.299E-04  2.070E-04  1.861E-04  1.661E-04  1.467E-04  1.309E-04  1.158E-04  1.010E-04  8.784E-05  7.614E-05  6.573E-05  5.653E-05  4.714E-05  3.979E-05  3.359E-05  2.730E-05  2.244E-05  1.803E-05  1.428E-05  1.122E-05  8.758E-06  6.727E-06  5.025E-06  3.644E-06  2.583E-06  1.756E-06  1.120E-06  6.023E-07  2.778E-07  9.189E-08  2.304E-08  3.383E-09  2.100E-10  6.041E-12  1.058E-13  1.264E-15  1.783E-17  3.392E-20  4.903E-24  5.762E-30  6.875E-42  0.000E+00  0.000E+00  0.000E+00  0.000E+00  0.000E+00  0.000E+00  0.000E+00  0.000E+00  0.000E+00  0.000E+00
  315.5000  6.203E-04  5.731E-04  5.288E-04  4.871E-04  4.483E-04  4.071E-04  3.672E-04  3.328E-04  3.032E-04  2.777E-04  2.484E-04  2.235E-04  2.008E-04  1.791E-04  1.580E-04  1.410E-04  1.246E-04  1.086E-04  9.443E-05  8.182E-05  7.060E-05  6.070E-05  5.062E-05  4.272E-05  3.606E-05  2.931E-05  2.412E-05  1.938E-05  1.535E-05  1.208E-05  9.433E-06  7.252E-06  5.424E-06  3.941E-06  2.803E-06  1.917E-06  1.236E-06  6.783E-07  3.221E-07  1.111E-07  2.920E-08  4.563E-09  3.104E-10  9.947E-12  1.926E-13  2.484E-15  3.627E-17  7.276E-20  1.138E-23  1.555E-29  2.443E-41  0.000E+00  0.000E+00  0.000E+00  0.000E+00  0.000E+00  0.000E+00  0.000E+00  0.000E+00  0.000E+00  0.000E+00
  316.5000  8.017E-04  7.379E-04  6.780E-04  6.220E-04  5.701E-04  5.156E-04  4.632E-04  4.180E-04  3.791E-04  3.457E-04  3.080E-04  2.759E-04  2.468E-04  2.192E-04  1.926E-04  1.712E-04  1.507E-04  1.308E-04  1.134E-04  9.795E-05  8.430E-05  7.232E-05  6.023E-05  5.077E-05  4.283E-05  3.484E-05  2.870E-05  2.309E-05  1.833E-05  1.445E-05  1.132E-05  8.720E-06  6.552E-06  4.786E-06  3.435E-06  2.391E-06  1.590E-06  9.287E-07  4.870E-07  1.981E-07  6.499E-08  1.385E-08  1.482E-09  8.247E-11  2.679E-12  4.672E-14  6.671E-16  1.259E-18  1.669E-22  2.127E-28  3.885E-40  0.000E+00  0.000E+00  0.000E+00  0.000E+00  0.000E+00  0.000E+00  0.000E+00  0.000E+00  0.000E+00  0.000E+00
  317.5000  1.134E-03  1.044E-03  9.597E-04  8.805E-04  8.072E-04  7.301E-04  6.560E-04  5.921E-04  5.372E-04  4.900E-04  4.366E-04  3.911E-04  3.500E-04  3.108E-04  2.732E-04  2.428E-04  2.137E-04  1.856E-04  1.609E-04  1.389E-04  1.196E-04  1.026E-04  8.544E-05  7.203E-05  6.077E-05  4.944E-05  4.073E-05  3.277E-05  2.602E-05  2.052E-05  1.608E-05  1.239E-05  9.313E-06  6.807E-06  4.891E-06  3.411E-06  2.275E-06  1.335E-06  7.041E-07  2.879E-07  9.466E-08  2.019E-08  2.163E-09  1.203E-10  3.916E-12  6.982E-14  1.046E-15  2.138E-18  3.232E-22  4.990E-28  1.213E-39  0.000E+00  0.000E+00  0.000E+00  0.000E+00  0.000E+00  0.000E+00  0.000E+00  0.000E+00  0.000E+00  0.000E+00
  318.5000  1.196E-03  1.097E-03  1.005E-03  9.188E-04  8.390E-04  7.558E-04  6.762E-04  6.077E-04  5.488E-04  4.983E-04  4.419E-04  3.939E-04  3.509E-04  3.101E-04  2.712E-04  2.400E-04  2.102E-04  1.817E-04  1.568E-04  1.349E-04  1.157E-04  9.895E-05  8.222E-05  6.917E-05  5.827E-05  4.740E-05  3.909E-05  3.146E-05  2.504E-05  1.980E-05  1.556E-05  1.202E-05  9.078E-06  6.671E-06  4.832E-06  3.419E-06  2.340E-06  1.448E-06  8.307E-07  3.921E-07  1.568E-07  4.414E-08  7.122E-09  6.528E-10  3.399E-11  7.980E-13  1.176E-14  2.284E-17  2.987E-21  4.364E-27  1.234E-38  0.000E+00  0.000E+00  0.000E+00  0.000E+00  0.000E+00  0.000E+00  0.000E+00  0.000E+00  0.000E+00  0.000E+00
  319.5000  1.555E-03  1.426E-03  1.306E-03  1.193E-03  1.089E-03  9.806E-04  8.768E-04  7.875E-04  7.108E-04  6.450E-04  5.716E-04  5.092E-04  4.532E-04  4.002E-04  3.497E-04  3.092E-04  2.706E-04  2.337E-04  2.015E-04  1.732E-04  1.484E-04  1.268E-04  1.053E-04  8.855E-05  7.458E-05  6.066E-05  5.004E-05  4.028E-05  3.207E-05  2.538E-05  1.997E-05  1.543E-05  1.167E-05  8.590E-06  6.236E-06  4.430E-06  3.051E-06  1.912E-06  1.119E-06  5.441E-07  2.258E-07  6.688E-08  1.164E-08  1.167E-09  6.621E-11  1.662E-12  2.535E-14  5.193E-17  7.338E-21  1.235E-26  4.495E-38  0.000E+00  0.000E+00  0.000E+00  0.000E+00  0.000E+00  0.000E+00  0.000E+00  0.000E+00  0.000E+00  0.000E+00
  320.5000  2.042E-03  1.873E-03  1.714E-03  1.565E-03  1.427E-03  1.284E-03  1.147E-03  1.029E-03  9.276E-04  8.407E-04  7.441E-04  6.621E-04  5.886E-04  5.190E-04  4.529E-04  3.999E-04  3.495E-04  3.014E-04  2.595E-04  2.228E-04  1.907E-04  1.628E-04  1.351E-04  1.135E-04  9.554E-05  7.769E-05  6.410E-05  5.159E-05  4.110E-05  3.255E-05  2.564E-05  1.983E-05  1.501E-05  1.107E-05  8.051E-06  5.740E-06  3.977E-06  2.522E-06  1.503E-06  7.551E-07  3.280E-07  1.038E-07  1.989E-08  2.245E-09  1.428E-10  3.893E-12  6.132E-14  1.316E-16  1.972E-20  3.733E-26  1.715E-37  0.000E+00  0.000E+00  0.000E+00  0.000E+00  0.000E+00  0.000E+00  0.000E+00  0.000E+00  0.000E+00  0.000E+00
  321.5000  2.487E-03  2.280E-03  2.086E-03  1.903E-03  1.734E-03  1.557E-03  1.387E-03  1.241E-03  1.116E-03  1.008E-03  8.891E-04  7.879E-04  6.974E-04  6.120E-04  5.313E-04  4.669E-04  4.056E-04  3.479E-04  2.978E-04  2.543E-04  2.164E-04  1.839E-04  1.518E-04  1.271E-04  1.066E-04  8.653E-05  7.140E-05  5.740E-05  4.580E-05  3.637E-05  2.877E-05  2.231E-05  1.699E-05  1.260E-05  9.240E-06  6.671E-06  4.720E-06  3.121E-06  1.990E-06  1.124E-06  5.739E-07  2.298E-07  6.274E-08  1.090E-08  1.042E-09  3.612E-11  5.616E-13  1.157E-15  1.538E-19  2.816E-25  1.513E-36  0.000E+00  0.000E+00  0.000E+00  0.000E+00  0.000E+00  0.000E+00  0.000E+00  0.000E+00  0.000E+00  0.000E+00
  322.5000  1.873E-03  1.721E-03  1.574E-03  1.436E-03  1.309E-03  1.177E-03  1.051E-03  9.420E-04  8.487E-04  7.687E-04  6.798E-04  6.043E-04  5.367E-04  4.728E-04  4.121E-04  3.636E-04  3.173E-04  2.734E-04  2.351E-04  2.016E-04  1.724E-04  1.470E-04  1.219E-04  1.023E-04  8.610E-05  7.000E-05  5.777E-05  4.650E-05  3.706E-05  2.938E-05  2.317E-05  1.793E-05  1.360E-05  1.004E-05  7.325E-06  5.244E-06  3.660E-06  2.351E-06  1.430E-06  7.416E-07  3.356E-07  1.126E-07  2.355E-08  2.960E-09  2.103E-10  6.340E-12  1.080E-13  2.618E-16  4.700E-20  1.195E-25  8.978E-37  0.000E+00  0.000E+00  0.000E+00  0.000E+00  0.000E+00  0.000E+00  0.000E+00  0.000E+00  0.000E+00  0.000E+00
  323.5000  3.084E-03  2.832E-03  2.593E-03  2.368E-03  2.158E-03  1.937E-03  1.726E-03  1.544E-03  1.387E-03  1.253E-03  1.103E-03  9.765E-04  8.631E-04  7.559E-04  6.548E-04  5.742E-04  4.975E-04  4.254E-04  3.631E-04  3.091E-04  2.623E-04  2.222E-04  1.829E-04  1.527E-04  1.278E-04  1.035E-04  8.541E-05  6.857E-05  5.473E-05  4.351E-05  3.450E-05  2.678E-05  2.046E-05  1.523E-05  1.121E-05  8.143E-06  5.814E-06  3.912E-06  2.565E-06  1.520E-06  8.330E-07  3.702E-07  1.186E-07  2.515E-08  2.934E-09  1.181E-10  1.959E-12  4.437E-15  6.659E-19  1.545E-24  1.303E-35  0.000E+00  0.000E+00  0.000E+00  0.000E+00  0.000E+00  0.000E+00  0.000E+00  0.000E+00  0.000E+00  0.000E+00
  324.5000  3.550E-03  3.259E-03  2.983E-03  2.724E-03  2.483E-03  2.229E-03  1.986E-03  1.777E-03  1.597E-03  1.443E-03  1.271E-03  1.125E-03  9.946E-04  8.715E-04  7.552E-04  6.625E-04  5.743E-04  4.913E-04  4.195E-04  3.573E-04  3.034E-04  2.571E-04  2.117E-04  1.768E-04  1.481E-04  1.200E-04  9.899E-05  7.950E-05  6.346E-05  5.045E-05  4.000E-05  3.106E-05  2.372E-05  1.766E-05  1.300E-05  9.445E-06  6.746E-06  4.539E-06  2.975E-06  1.759E-06  9.582E-07  4.218E-07  1.332E-07  2.774E-08  3.194E-09  1.301E-10  2.261E-12  5.528E-15  9.415E-19  2.608E-24  2.848E-35  0.000E+00  0.000E+00  0.000E+00  0.000E+00  0.000E+00  0.000E+00  0.000E+00  0.000E+00  0.000E+00  0.000E+00
  325.5000  3.713E-03  3.406E-03  3.116E-03  2.844E-03  2.591E-03  2.325E-03  2.071E-03  1.853E-03  1.665E-03  1.504E-03  1.325E-03  1.173E-03  1.037E-03  9.094E-04  7.885E-04  6.921E-04  6.004E-04  5.140E-04  4.393E-04  3.745E-04  3.182E-04  2.699E-04  2.225E-04  1.859E-04  1.558E-04  1.263E-04  1.043E-04  8.377E-05  6.686E-05  5.314E-05  4.211E-05  3.268E-05  2.494E-05  1.855E-05  1.364E-05  9.893E-06  7.049E-06  4.721E-06  3.070E-06  1.790E-06  9.551E-07  4.077E-07  1.228E-07  2.418E-08  2.655E-09  1.075E-10  1.970E-12  5.258E-15  1.036E-18  3.463E-24  4.856E-35  0.000E+00  0.000E+00  0.000E+00  0.000E+00  0.000E+00  0.000E+00  0.000E+00  0.000E+00  0.000E+00  0.000E+00
  326.5000  6.488E-03  5.978E-03  5.492E-03  5.032E-03  4.601E-03  4.138E-03  3.690E-03  3.308E-03  2.979E-03  2.695E-03  2.373E-03  2.101E-03  1.857E-03  1.625E-03  1.405E-03  1.230E-03  1.063E-03  9.059E-04  7.703E-04  6.531E-04  5.519E-04  4.655E-04  3.813E-04  3.169E-04  2.643E-04  2.133E-04  1.758E-04  1.407E-04  1.122E-04  8.933E-05  7.105E-05  5.527E-05  4.242E-05  3.176E-05  2.352E-05  1.722E-05  1.245E-05  8.564E-06  5.816E-06  3.663E-06  2.193E-06  1.113E-06  4.393E-07  1.211E-07  1.840E-08  9.067E-10  1.653E-11  4.306E-14  7.786E-18  2.572E-23  4.193E-34  0.000E+00  0.000E+00  0.000E+00  0.000E+00  0.000E+00  0.000E+00  0.000E+00  0.000E+00  0.000E+00  0.000E+00
  327.5000  5.337E-03  4.906E-03  4.499E-03  4.115E-03  3.756E-03  3.375E-03  3.008E-03  2.693E-03  2.422E-03  2.189E-03  1.927E-03  1.706E-03  1.507E-03  1.319E-03  1.141E-03  1.000E-03  8.651E-04  7.383E-04  6.288E-04  5.340E-04  4.521E-04  3.821E-04  3.136E-04  2.612E-04  2.182E-04  1.764E-04  1.455E-04  1.166E-04  9.309E-05  7.407E-05  5.886E-05  4.576E-05  3.507E-05  2.620E-05  1.936E-05  1.414E-05  1.019E-05  6.960E-06  4.674E-06  2.882E-06  1.669E-06  8.053E-07  2.930E-07  7.295E-08  1.010E-08  4.815E-10  9.297E-12  2.671E-14  5.730E-18  2.337E-23  4.967E-34  0.000E+00  0.000E+00  0.000E+00  0.000E+00  0.000E+00  0.000E+00  0.000E+00  0.000E+00  0.000E+00  0.000E+00
  328.5000  4.933E-03  4.535E-03  4.158E-03  3.802E-03  3.469E-03  3.116E-03  2.777E-03  2.485E-03  2.234E-03  2.019E-03  1.777E-03  1.572E-03  1.388E-03  1.215E-03  1.050E-03  9.200E-04  7.956E-04  6.787E-04  5.779E-04  4.906E-04  4.152E-04  3.507E-04  2.878E-04  2.396E-04  2.002E-04  1.618E-04  1.334E-04  1.069E-04  8.532E-05  6.789E-05  5.395E-05  4.194E-05  3.214E-05  2.402E-05  1.775E-05  1.297E-05  9.343E-06  6.385E-06  4.291E-06  2.650E-06  1.538E-06  7.458E-07  2.741E-07  6.943E-08  9.860E-09  4.861E-10  9.790E-12  3.002E-14  7.090E-18  3.330E-23  8.792E-34  0.000E+00  0.000E+00  0.000E+00  0.000E+00  0.000E+00  0.000E+00  0.000E+00  0.000E+00  0.000E+00  0.000E+00
  329.5000  8.602E-03  7.950E-03  7.327E-03  6.734E-03  6.175E-03  5.567E-03  4.981E-03  4.469E-03  4.034E-03  3.659E-03  3.226E-03  2.860E-03  2.531E-03  2.216E-03  1.916E-03  1.679E-03  1.450E-03  1.234E-03  1.047E-03  8.860E-04  7.471E-04  6.287E-04  5.130E-04  4.251E-04  3.538E-04  2.846E-04  2.343E-04  1.870E-04  1.490E-04  1.186E-04  9.454E-05  7.361E-05  5.666E-05  4.258E-05  3.164E-05  2.329E-05  1.695E-05  1.179E-05  8.149E-06  5.292E-06  3.318E-06  1.811E-06  8.033E-07  2.580E-07  4.623E-08  2.638E-09  5.339E-11  1.632E-13  3.714E-17  1.795E-22  5.596E-33  0.000E+00  0.000E+00  0.000E+00  0.000E+00  0.000E+00  0.000E+00  0.000E+00  0.000E+00  0.000E+00  0.000E+00
  330.5000  6.889E-03  6.351E-03  5.839E-03  5.352E-03  4.896E-03  4.406E-03  3.869E-03  3.524E-03  3.174E-03  2.873E-03  2.531E-03  2.240E-03  1.980E-03  1.733E-03  1.498E-03  1.311E-03  1.133E-03  9.647E-04  8.198E-04  6.944E-04  5.864E-04  4.942E-04  4.042E-04  3.356E-04  2.797E-04  2.255E-04  1.858E-04  1.485E-04  1.185E-04  9.432E-05  7.508E-05  5.843E-05  4.491E-05  3.367E-05  2.497E-05  1.833E-05  1.330E-05  9.193E-06  6.292E-06  4.014E-06  2.446E-06  1.277E-06  5.276E-07  1.549E-07  2.559E-08  1.420E-09  3.038E-11  1.020E-13  2.721E-17  1.601E-22  6.394E-33  0.000E+00  0.000E+00  0.000E+00  0.000E+00  0.000E+00  0.000E+00  0.000E+00  0.000E+00  0.000E+00  0.000E+00
  331.5000  6.631E-03  6.109E-03  5.613E-03  5.142E-03  4.701E-03  4.228E-03  3.777E-03  3.379E-03  3.042E-03  2.752E-03  2.423E-03  2.144E-03  1.894E-03  1.657E-03  1.432E-03  1.254E-03  1.083E-03  9.220E-04  7.835E-04  6.637E-04  5.605E-04  4.724E-04  3.865E-04  3.210E-04  2.676E-04  2.157E-04  1.777E-04  1.422E-04  1.134E-04  9.027E-05  7.184E-05  5.591E-05  4.295E-05  3.220E-05  2.387E-05  1.751E-05  1.269E-05  8.768E-06  5.991E-06  3.809E-06  2.311E-06  1.198E-06  4.901E-07  1.425E-07  2.346E-08  1.324E-09  2.957E-11  1.063E-13  3.162E-17  2.160E-22  1.072E-32  0.000E+00  0.000E+00  0.000E+00  0.000E+00  0.000E+00  0.000E+00  0.000E+00  0.000E+00  0.000E+00  0.000E+00
  332.5000  8.163E-03  7.555E-03  6.973E-03  6.417E-03  5.893E-03  5.318E-03  4.777E-03  4.278E-03  3.865E-03  3.511E-03  3.098E-03  2.749E-03  2.434E-03  2.132E-03  1.844E-03  1.616E-03  1.395E-03  1.187E-03  1.007E-03  8.513E-04  7.172E-04  6.029E-04  4.911E-04  4.064E-04  3.379E-04  2.714E-04  2.232E-04  1.779E-04  1.417E-04  1.128E-04  8.994E-05  7.005E-05  5.399E-05  4.064E-05  3.025E-05  2.231E-05  1.629E-05  1.139E-05  7.924E-06  5.208E-06  3.327E-06  1.871E-06  8.726E-07  3.005E-07  5.865E-08  3.699E-09  8.373E-11  3.051E-13  9.040E-17  6.518E-22  3.842E-32  0.000E+00  0.000E+00  0.000E+00  0.000E+00  0.000E+00  0.000E+00  0.000E+00  0.000E+00  0.000E+00  0.000E+00
  333.5000  6.957E-03  6.425E-03  5.916E-03  5.432E-03  4.978E-03  4.485E-03  4.005E-03  3.595E-03  3.242E-03  2.938E-03  2.589E-03  2.294E-03  2.029E-03  1.775E-03  1.534E-03  1.344E-03  1.160E-03  9.868E-04  8.375E-04  7.084E-04  5.973E-04  5.025E-04  4.101E-04  3.398E-04  2.828E-04  2.275E-04  1.872E-04  1.495E-04  1.191E-04  9.483E-05  7.556E-05  5.883E-05  4.529E-05  3.404E-05  2.530E-05  1.863E-05  1.356E-05  9.439E-06  6.526E-06  4.238E-06  2.656E-06  1.449E-06  6.431E-07  2.081E-07  3.844E-08  2.392E-09  5.691E-11  2.253E-13  7.664E-17  6.580E-22  4.865E-32  0.000E+00  0.000E+00  0.000E+00  0.000E+00  0.000E+00  0.000E+00  0.000E+00  0.000E+00  0.000E+00  0.000E+00
  334.5000  8.171E-03  7.554E-03  6.963E-03  6.400E-03  5.869E-03  5.292E-03  4.730E-03  4.248E-03  3.834E-03  3.477E-03  3.066E-03  2.717E-03  2.404E-03  2.104E-03  1.819E-03  1.593E-03  1.375E-03  1.169E-03  9.918E-04  8.385E-04  7.064E-04  5.939E-04  4.840E-04  4.007E-04  3.332E-04  2.677E-04  2.203E-04  1.756E-04  1.399E-04  1.114E-04  8.877E-05  6.913E-05  5.326E-05  4.007E-05  2.981E-05  2.197E-05  1.603E-05  1.118E-05  7.765E-06  5.081E-06  3.223E-06  1.794E-06  8.231E-07  2.785E-07  5.404E-08  3.516E-09  8.641E-11  3.594E-13  1.311E-16  1.261E-21  1.131E-31  0.000E+00  0.000E+00  0.000E+00  0.000E+00  0.000E+00  0.000E+00  0.000E+00  0.000E+00  0.000E+00  0.000E+00
  335.5000  9.260E-03  8.582E-03  7.931E-03  7.309E-03  6.721E-03  6.072E-03  5.439E-03  4.894E-03  4.428E-03  4.027E-03  3.556E-03  3.158E-03  2.798E-03  2.453E-03  2.121E-03  1.861E-03  1.607E-03  1.366E-03  1.158E-03  9.786E-04  8.237E-04  6.918E-04  5.626E-04  4.650E-04  3.862E-04  3.096E-04  2.545E-04  2.025E-04  1.612E-04  1.283E-04  1.023E-04  7.972E-05  6.150E-05  4.637E-05  3.456E-05  2.555E-05  1.871E-05  1.312E-05  9.184E-06  6.096E-06  3.957E-06  2.284E-06  1.114E-06  4.085E-07  8.627E-08  5.982E-09  1.508E-10  6.503E-13  2.481E-16  2.620E-21  2.830E-31  0.000E+00  0.000E+00  0.000E+00  0.000E+00  0.000E+00  0.000E+00  0.000E+00  0.000E+00  0.000E+00  0.000E+00
  336.5000  7.007E-03  6.488E-03  5.991E-03  5.516E-03  5.068E-03  4.575E-03  4.093E-03  3.682E-03  3.328E-03  3.024E-03  2.669E-03  2.368E-03  2.097E-03  1.837E-03  1.588E-03  1.392E-03  1.202E-03  1.022E-03  8.662E-04  7.318E-04  6.160E-04  5.174E-04  4.209E-04  3.480E-04  2.891E-04  2.318E-04  1.906E-04  1.518E-04  1.208E-04  9.613E-05  7.667E-05  5.972E-05  4.606E-05  3.472E-05  2.586E-05  1.911E-05  1.398E-05  9.796E-06  6.846E-06  4.530E-06  2.926E-06  1.676E-06  8.072E-07  2.919E-07  6.112E-08  4.289E-09  1.126E-10  5.185E-13  2.195E-16  2.670E-21  3.537E-31  0.000E+00  0.000E+00  0.000E+00  0.000E+00  0.000E+00  0.000E+00  0.000E+00  0.000E+00  0.000E+00  0.000E+00
  337.5000  7.114E-03  6.576E-03  6.060E-03  5.569E-03  5.107E-03  4.603E-03  4.115E-03  3.693E-03  3.332E-03  3.022E-03  2.663E-03  2.360E-03  2.088E-03  1.827E-03  1.578E-03  1.382E-03  1.193E-03  1.014E-03  8.597E-04  7.265E-04  6.118E-04  5.141E-04  4.188E-04  3.466E-04  2.881E-04  2.314E-04  1.903E-04  1.517E-04  1.208E-04  9.616E-05  7.665E-05  5.970E-05  4.601E-05  3.463E-05  2.577E-05  1.901E-05  1.388E-05  9.697E-06  6.743E-06  4.424E-06  2.818E-06  1.578E-06  7.332E-07  2.532E-07  5.096E-08  3.555E-09  9.762E-11  4.843E-13  2.317E-16  3.299E-21  5.392E-31  0.000E+00  0.000E+00  0.000E+00  0.000E+00  0.000E+00  0.000E+00  0.000E+00  0.000E+00  0.000E+00  0.000E+00
  338.5000  8.449E-03  7.831E-03  7.237E-03  6.669E-03  6.133E-03  5.541E-03  4.962E-03  4.464E-03  4.038E-03  3.672E-03  3.242E-03  2.879E-03  2.550E-03  2.235E-03  1.932E-03  1.694E-03  1.463E-03  1.243E-03  1.054E-03  8.897E-04  7.485E-04  6.283E-04  5.106E-04  4.217E-04  3.501E-04  2.804E-04  2.305E-04  1.833E-04  1.458E-04  1.160E-04  9.253E-05  7.209E-05  5.564E-05  4.197E-05  3.130E-05  2.315E-05  1.697E-05  1.191E-05  8.353E-06  5.560E-06  3.626E-06  2.110E-06  1.045E-06  3.932E-07  8.663E-08  6.459E-09  1.815E-10  9.302E-13  4.616E-16  7.137E-21  1.386E-30  0.000E+00  0.000E+00  0.000E+00  0.000E+00  0.000E+00  0.000E+00  0.000E+00  0.000E+00  0.000E+00  0.000E+00
  339.5000  9.337E-03  8.657E-03  8.004E-03  7.378E-03  6.787E-03  6.133E-03  5.492E-03  4.944E-03  4.474E-03  4.069E-03  3.593E-03  3.191E-03  2.828E-03  2.478E-03  2.143E-03  1.879E-03  1.622E-03  1.379E-03  1.168E-03  9.861E-04  8.294E-04  6.960E-04  5.652E-04  4.667E-04  3.872E-04  3.100E-04  2.548E-04  2.025E-04  1.610E-04  1.281E-04  1.022E-04  7.961E-05  6.146E-05  4.638E-05  3.460E-05  2.561E-05  1.878E-05  1.320E-05  9.266E-06  6.182E-06  4.048E-06  2.372E-06  1.188E-06  4.553E-07  1.027E-07  7.884E-09  2.292E-10  1.238E-12  6.644E-16  1.155E-20  2.702E-30  0.000E+00  0.000E+00  0.000E+00  0.000E+00  0.000E+00  0.000E+00  0.000E+00  0.000E+00  0.000E+00  0.000E+00
  340.5000  9.560E-03  8.854E-03  8.176E-03  7.528E-03  6.916E-03  6.244E-03  5.584E-03  5.024E-03  4.541E-03  4.125E-03  3.640E-03  3.229E-03  2.859E-03  2.504E-03  2.164E-03  1.896E-03  1.636E-03  1.390E-03  1.178E-03  9.943E-04  8.363E-04  7.019E-04  5.705E-04  4.712E-04  3.911E-04  3.134E-04  2.575E-04  2.048E-04  1.629E-04  1.296E-04  1.034E-04  8.055E-05  6.215E-05  4.688E-05  3.495E-05  2.585E-05  1.893E-05  1.329E-05  9.310E-06  6.187E-06  4.024E-06  2.333E-06  1.149E-06  4.306E-07  9.550E-08  7.375E-09  2.230E-10  1.285E-12  7.647E-16  1.527E-20  4.346E-30  0.000E+00  0.000E+00  0.000E+00  0.000E+00  0.000E+00  0.000E+00  0.000E+00  0.000E+00  0.000E+00  0.000E+00
  341.5000  9.035E-03  8.380E-03  7.750E-03  7.147E-03  6.576E-03  5.945E-03  5.325E-03  4.795E-03  4.340E-03  3.949E-03  3.488E-03  3.098E-03  2.746E-03  2.407E-03  2.081E-03  1.826E-03  1.576E-03  1.339E-03  1.134E-03  9.572E-04  8.048E-04  6.751E-04  5.479E-04  4.521E-04  3.750E-04  3.000E-04  2.464E-04  1.957E-04  1.556E-04  1.238E-04  9.874E-05  7.693E-05  5.941E-05  4.486E-05  3.348E-05  2.480E-05  1.820E-05  1.281E-05  9.010E-06  6.030E-06  3.969E-06  2.346E-06  1.194E-06  4.682E-07  1.092E-07  8.813E-09  2.740E-10  1.646E-12  1.038E-15  2.289E-20  7.758E-30  0.000E+00  0.000E+00  0.000E+00  0.000E+00  0.000E+00  0.000E+00  0.000E+00  0.000E+00  0.000E+00  0.000E+00
  342.5000  1.013E-02  9.396E-03  8.692E-03  8.017E-03  7.379E-03  6.672E-03  5.979E-03  5.384E-03  4.874E-03  4.436E-03  3.918E-03  3.481E-03  3.086E-03  2.705E-03  2.339E-03  2.052E-03  1.771E-03  1.505E-03  1.274E-03  1.075E-03  9.038E-04  7.579E-04  6.149E-04  5.072E-04  4.206E-04  3.363E-04  2.762E-04  2.193E-04  1.743E-04  1.386E-04  1.106E-04  8.615E-05  6.654E-05  5.026E-05  3.752E-05  2.780E-05  2.042E-05  1.438E-05  1.012E-05  6.788E-06  4.481E-06  2.661E-06  1.367E-06  5.436E-07  1.293E-07  1.071E-08  3.440E-10  2.175E-12  1.481E-15  3.660E-20  1.484E-29  0.000E+00  0.000E+00  0.000E+00  0.000E+00  0.000E+00  0.000E+00  0.000E+00  0.000E+00  0.000E+00  0.000E+00
  343.5000  1.030E-02  9.553E-03  8.831E-03  8.141E-03  7.488E-03  6.767E-03  6.061E-03  5.454E-03  4.934E-03  4.488E-03  3.962E-03  3.517E-03  3.117E-03  2.731E-03  2.360E-03  2.069E-03  1.785E-03  1.516E-03  1.284E-03  1.084E-03  9.106E-04  7.636E-04  6.196E-04  5.112E-04  4.238E-04  3.390E-04  2.784E-04  2.211E-04  1.757E-04  1.398E-04  1.115E-04  8.685E-05  6.707E-05  5.065E-05  3.780E-05  2.801E-05  2.056E-05  1.447E-05  1.018E-05  6.815E-06  4.487E-06  2.655E-06  1.355E-06  5.355E-07  1.272E-07  1.069E-08  3.558E-10  2.382E-12  1.774E-15  4.960E-20  2.414E-29  0.000E+00  0.000E+00  0.000E+00  0.000E+00  0.000E+00  0.000E+00  0.000E+00  0.000E+00  0.000E+00  0.000E+00
  344.5000  7.056E-03  6.538E-03  6.040E-03  5.564E-03  5.115E-03  4.619E-03  4.134E-03  3.718E-03  3.362E-03  3.055E-03  2.696E-03  2.392E-03  2.118E-03  1.855E-03  1.603E-03  1.405E-03  1.211E-03  1.029E-03  8.712E-04  7.349E-04  6.176E-04  5.179E-04  4.203E-04  3.468E-04  2.876E-04  2.301E-04  1.890E-04  1.501E-04  1.193E-04  9.491E-05  7.570E-05  5.897E-05  4.553E-05  3.438E-05  2.565E-05  1.900E-05  1.394E-05  9.806E-06  6.891E-06  4.606E-06  3.023E-06  1.781E-06  9.022E-07  3.534E-07  8.364E-08  7.114E-09  2.454E-10  1.739E-12  1.416E-15  4.480E-20  2.615E-29  0.000E+00  0.000E+00  0.000E+00  0.000E+00  0.000E+00  0.000E+00  0.000E+00  0.000E+00  0.000E+00  0.000E+00
  345.5000  1.028E-02  9.540E-03  8.828E-03  8.146E-03  7.500E-03  6.783E-03  6.081E-03  5.474E-03  4.957E-03  4.513E-03  3.986E-03  3.542E-03  3.140E-03  2.753E-03  2.380E-03  2.088E-03  1.802E-03  1.530E-03  1.295E-03  1.093E-03  9.180E-04  7.694E-04  6.236E-04  5.140E-04  4.259E-04  3.403E-04  2.793E-04  2.216E-04  1.760E-04  1.399E-04  1.116E-04  8.695E-05  6.718E-05  5.078E-05  3.793E-05  2.813E-05  2.068E-05  1.458E-05  1.029E-05  6.924E-06  4.595E-06  2.755E-06  1.440E-06  5.890E-07  1.463E-07  1.297E-08  4.593E-10  3.385E-12  2.908E-15  1.009E-19  6.917E-29  0.000E+00  0.000E+00  0.000E+00  0.000E+00  0.000E+00  0.000E+00  0.000E+00  0.000E+00  0.000E+00  0.000E+00
  346.5000  9.270E-03  8.594E-03  7.944E-03  7.322E-03  6.734E-03  6.084E-03  5.448E-03  4.901E-03  4.433E-03  4.031E-03  3.558E-03  3.158E-03  2.797E-03  2.450E-03  2.117E-03  1.855E-03  1.600E-03  1.359E-03  1.150E-03  9.699E-04  8.148E-04  6.829E-04  5.538E-04  4.567E-04  3.785E-04  3.026E-04  2.484E-04  1.971E-04  1.566E-04  1.246E-04  9.935E-05  7.739E-05  5.978E-05  4.516E-05  3.372E-05  2.499E-05  1.836E-05  1.293E-05  9.109E-06  6.109E-06  4.033E-06  2.399E-06  1.237E-06  4.980E-07  1.223E-07  1.094E-08  4.013E-10  3.134E-12  2.951E-15  1.160E-19  9.543E-29  0.000E+00  0.000E+00  0.000E+00  0.000E+00  0.000E+00  0.000E+00  0.000E+00  0.000E+00  0.000E+00  0.000E+00
  347.5000  9.101E-03  8.438E-03  7.800E-03  7.190E-03  6.613E-03  5.975E-03  5.350E-03  4.814E-03  4.354E-03  3.959E-03  3.494E-03  3.101E-03  2.747E-03  2.406E-03  2.079E-03  1.822E-03  1.571E-03  1.334E-03  1.129E-03  9.519E-04  7.995E-04  6.700E-04  5.432E-04  4.477E-04  3.710E-04  2.965E-04  2.434E-04  1.931E-04  1.534E-04  1.220E-04  9.728E-05  7.578E-05  5.853E-05  4.423E-05  3.303E-05  2.449E-05  1.799E-05  1.268E-05  8.936E-06  5.999E-06  3.967E-06  2.367E-06  1.227E-06  4.985E-07  1.242E-07  1.135E-08  4.296E-10  3.523E-12  3.572E-15  1.564E-19  1.522E-28  0.000E+00  0.000E+00  0.000E+00  0.000E+00  0.000E+00  0.000E+00  0.000E+00  0.000E+00  0.000E+00  0.000E+00
  348.5000  1.014E-02  9.406E-03  8.698E-03  8.020E-03  7.379E-03  6.669E-03  5.972E-03  5.375E-03  4.863E-03  4.423E-03  3.905E-03  3.466E-03  3.071E-03  2.690E-03  2.324E-03  2.038E-03  1.757E-03  1.492E-03  1.262E-03  1.064E-03  8.936E-04  7.486E-04  6.066E-04  4.999E-04  4.141E-04  3.307E-04  2.714E-04  2.152E-04  1.709E-04  1.359E-04  1.084E-04  8.443E-05  6.523E-05  4.931E-05  3.683E-05  2.732E-05  2.008E-05  1.417E-05  9.993E-06  6.721E-06  4.458E-06  2.674E-06  1.399E-06  5.765E-07  1.464E-07  1.371E-08  5.346E-10  4.592E-12  4.990E-15  2.422E-19  2.779E-28  0.000E+00  0.000E+00  0.000E+00  0.000E+00  0.000E+00  0.000E+00  0.000E+00  0.000E+00  0.000E+00  0.000E+00
  349.5000  8.488E-03  7.871E-03  7.278E-03  6.710E-03  6.173E-03  5.579E-03  4.996E-03  4.495E-03  4.066E-03  3.698E-03  3.264E-03  2.897E-03  2.566E-03  2.248E-03  1.942E-03  1.702E-03  1.467E-03  1.245E-03  1.054E-03  8.882E-04  7.457E-04  6.246E-04  5.060E-04  4.169E-04  3.453E-04  2.757E-04  2.262E-04  1.794E-04  1.425E-04  1.132E-04  9.031E-05  7.035E-05  5.435E-05  4.109E-05  3.070E-05  2.277E-05  1.674E-05  1.181E-05  8.333E-06  5.607E-06  3.722E-06  2.235E-06  1.173E-06  4.855E-07  1.245E-07  1.189E-08  4.781E-10  4.312E-12  5.046E-15  2.725E-19  3.686E-28  0.000E+00  0.000E+00  0.000E+00  0.000E+00  0.000E+00  0.000E+00  0.000E+00  0.000E+00  0.000E+00  0.000E+00
  350.5000  1.193E-02  1.106E-02  1.023E-02  9.430E-03  8.675E-03  7.840E-03  7.021E-03  6.317E-03  5.714E-03  5.197E-03  4.587E-03  4.071E-03  3.606E-03  3.158E-03  2.728E-03  2.391E-03  2.061E-03  1.749E-03  1.480E-03  1.247E-03  1.047E-03  8.766E-04  7.100E-04  5.848E-04  4.842E-04  3.866E-04  3.171E-04  2.514E-04  1.996E-04  1.586E-04  1.265E-04  9.855E-05  7.614E-05  5.757E-05  4.302E-05  3.192E-05  2.347E-05  1.657E-05  1.169E-05  7.874E-06  5.234E-06  3.151E-06  1.661E-06  6.932E-07  1.800E-07  1.755E-08  7.271E-10  6.873E-12  8.637E-15  5.173E-19  8.223E-28  0.000E+00  0.000E+00  0.000E+00  0.000E+00  0.000E+00  0.000E+00  0.000E+00  0.000E+00  0.000E+00  0.000E+00
  351.5000  1.023E-02  9.487E-03  8.771E-03  8.085E-03  7.436E-03  6.719E-03  6.017E-03  5.412E-03  4.894E-03  4.450E-03  3.926E-03  3.484E-03  3.085E-03  2.702E-03  2.333E-03  2.044E-03  1.762E-03  1.495E-03  1.265E-03  1.066E-03  8.943E-04  7.487E-04  6.063E-04  4.993E-04  4.134E-04  3.300E-04  2.707E-04  2.146E-04  1.703E-04  1.354E-04  1.080E-04  8.409E-05  6.497E-05  4.912E-05  3.671E-05  2.724E-05  2.003E-05  1.414E-05  9.979E-06  6.720E-06  4.468E-06  2.690E-06  1.420E-06  5.943E-07  1.555E-07  1.544E-08  6.592E-10  6.537E-12  8.839E-15  5.878E-19  1.097E-27  0.000E+00  0.000E+00  0.000E+00  0.000E+00  0.000E+00  0.000E+00  0.000E+00  0.000E+00  0.000E+00  0.000E+00
  352.5000  9.272E-03  8.598E-03  7.950E-03  7.329E-03  6.741E-03  6.091E-03  5.455E-03  4.907E-03  4.438E-03  4.035E-03  3.560E-03  3.159E-03  2.798E-03  2.449E-03  2.115E-03  1.853E-03  1.598E-03  1.355E-03  1.146E-03  9.654E-04  8.101E-04  6.781E-04  5.490E-04  4.520E-04  3.741E-04  2.986E-04  2.448E-04  1.940E-04  1.540E-04  1.224E-04  9.758E-05  7.600E-05  5.873E-05  4.441E-05  3.319E-05  2.463E-05  1.812E-05  1.280E-05  9.037E-06  6.091E-06  4.056E-06  2.449E-06  1.299E-06  5.484E-07  1.454E-07  1.473E-08  6.474E-10  6.719E-12  9.728E-15  7.150E-19  1.561E-27  0.000E+00  0.000E+00  0.000E+00  0.000E+00  0.000E+00  0.000E+00  0.000E+00  0.000E+00  0.000E+00  0.000E+00
  353.5000  1.124E-02  1.043E-02  9.644E-03  8.891E-03  8.180E-03  7.392E-03  6.620E-03  5.956E-03  5.387E-03  4.899E-03  4.322E-03  3.836E-03  3.397E-03  2.974E-03  2.568E-03  2.251E-03  1.940E-03  1.645E-03  1.391E-03  1.172E-03  9.830E-04  8.227E-04  6.658E-04  5.480E-04  4.535E-04  3.618E-04  2.966E-04  2.350E-04  1.864E-04  1.481E-04  1.181E-04  9.200E-05  7.110E-05  5.378E-05  4.020E-05  2.984E-05  2.196E-05  1.551E-05  1.096E-05  7.399E-06  4.935E-06  2.990E-06  1.596E-06  6.801E-07  1.829E-07  1.892E-08  8.556E-10  9.281E-12  1.436E-14  1.164E-18  2.966E-27  0.000E+00  0.000E+00  0.000E+00  0.000E+00  0.000E+00  0.000E+00  0.000E+00  0.000E+00  0.000E+00  0.000E+00
  354.5000  1.225E-02  1.136E-02  1.050E-02  9.687E-03  8.912E-03  8.055E-03  7.214E-03  6.490E-03  5.871E-03  5.339E-03  4.711E-03  4.181E-03  3.703E-03  3.242E-03  2.800E-03  2.453E-03  2.114E-03  1.793E-03  1.516E-03  1.277E-03  1.071E-03  8.960E-04  7.249E-04  5.965E-04  4.934E-04  3.935E-04  3.226E-04  2.555E-04  2.027E-04  1.610E-04  1.284E-04  9.998E-05  7.727E-05  5.846E-05  4.370E-05  3.245E-05  2.389E-05  1.688E-05  1.194E-05  8.065E-06  5.389E-06  3.275E-06  1.757E-06  7.554E-07  2.059E-07  2.174E-08  1.011E-09  1.146E-11  1.894E-14  1.691E-18  5.018E-27  0.000E+00  0.000E+00  0.000E+00  0.000E+00  0.000E+00  0.000E+00  0.000E+00  0.000E+00  0.000E+00  0.000E+00
  355.5000  1.146E-02  1.063E-02  9.826E-03  9.061E-03  8.336E-03  7.534E-03  6.747E-03  6.070E-03  5.490E-03  4.993E-03  4.405E-03  3.909E-03  3.461E-03  3.030E-03  2.617E-03  2.293E-03  1.975E-03  1.675E-03  1.416E-03  1.192E-03  9.998E-04  8.364E-04  6.765E-04  5.566E-04  4.603E-04  3.670E-04  3.008E-04  2.382E-04  1.889E-04  1.501E-04  1.196E-04  9.317E-05  7.201E-05  5.449E-05  4.074E-05  3.026E-05  2.228E-05  1.575E-05  1.114E-05  7.529E-06  5.035E-06  3.065E-06  1.650E-06  7.135E-07  1.965E-07  2.114E-08  1.011E-09  1.197E-11  2.116E-14  2.082E-18  7.186E-27  0.000E+00  0.000E+00  0.000E+00  0.000E+00  0.000E+00  0.000E+00  0.000E+00  0.000E+00  0.000E+00  0.000E+00
  356.5000  1.063E-02  9.860E-03  9.118E-03  8.407E-03  7.735E-03  6.990E-03  6.258E-03  5.630E-03  5.092E-03  4.630E-03  4.085E-03  3.624E-03  3.209E-03  2.809E-03  2.425E-03  2.124E-03  1.830E-03  1.552E-03  1.312E-03  1.104E-03  9.257E-04  7.743E-04  6.261E-04  5.150E-04  4.259E-04  3.395E-04  2.782E-04  2.202E-04  1.746E-04  1.387E-04  1.106E-04  8.612E-05  6.656E-05  5.037E-05  3.766E-05  2.798E-05  2.060E-05  1.457E-05  1.031E-05  6.968E-06  4.664E-06  2.843E-06  1.535E-06  6.670E-07  1.854E-07  2.031E-08  9.986E-10  1.236E-11  2.335E-14  2.528E-18  1.013E-26  0.000E+00  0.000E+00  0.000E+00  0.000E+00  0.000E+00  0.000E+00  0.000E+00  0.000E+00  0.000E+00  0.000E+00
  357.5000  9.033E-03  8.377E-03  7.747E-03  7.142E-03  6.570E-03  5.937E-03  5.315E-03  4.781E-03  4.323E-03  3.931E-03  3.467E-03  3.076E-03  2.723E-03  2.383E-03  2.057E-03  1.802E-03  1.552E-03  1.316E-03  1.112E-03  9.359E-04  7.845E-04  6.561E-04  5.304E-04  4.362E-04  3.606E-04  2.874E-04  2.355E-04  1.864E-04  1.478E-04  1.174E-04  9.357E-05  7.286E-05  5.631E-05  4.262E-05  3.187E-05  2.368E-05  1.744E-05  1.233E-05  8.726E-06  5.902E-06  3.952E-06  2.412E-06  1.306E-06  5.700E-07  1.599E-07  1.783E-08  9.007E-10  1.164E-11  2.349E-14  2.795E-18  1.298E-26  0.000E+00  0.000E+00  0.000E+00  0.000E+00  0.000E+00  0.000E+00  0.000E+00  0.000E+00  0.000E+00  0.000E+00
  358.5000  6.994E-03  6.487E-03  5.999E-03  5.531E-03  5.088E-03  4.598E-03  4.116E-03  3.703E-03  3.348E-03  3.044E-03  2.685E-03  2.382E-03  2.108E-03  1.845E-03  1.593E-03  1.395E-03  1.202E-03  1.019E-03  8.603E-04  7.240E-04  6.068E-04  5.074E-04  4.101E-04  3.372E-04  2.787E-04  2.220E-04  1.819E-04  1.439E-04  1.141E-04  9.061E-05  7.223E-05  5.624E-05  4.347E-05  3.290E-05  2.461E-05  1.829E-05  1.347E-05  9.529E-06  6.746E-06  4.566E-06  3.061E-06  1.872E-06  1.017E-06  4.473E-07  1.269E-07  1.441E-08  7.477E-10  1.008E-11  2.166E-14  2.826E-18  1.517E-26  0.000E+00  0.000E+00  0.000E+00  0.000E+00  0.000E+00  0.000E+00  0.000E+00  0.000E+00  0.000E+00  0.000E+00
  359.5000  1.178E-02  1.092E-02  1.010E-02  9.311E-03  8.565E-03  7.739E-03  6.930E-03  6.231E-03  5.634E-03  5.122E-03  4.517E-03  4.007E-03  3.547E-03  3.103E-03  2.678E-03  2.346E-03  2.020E-03  1.712E-03  1.446E-03  1.217E-03  1.020E-03  8.524E-04  6.887E-04  5.661E-04  4.679E-04  3.727E-04  3.052E-04  2.415E-04  1.914E-04  1.520E-04  1.211E-04  9.432E-05  7.290E-05  5.519E-05  4.128E-05  3.068E-05  2.260E-05  1.599E-05  1.132E-05  7.668E-06  5.145E-06  3.151E-06  1.717E-06  7.588E-07  2.173E-07  2.511E-08  1.338E-09  1.880E-11  4.306E-14  6.159E-18  3.815E-26  0.000E+00  0.000E+00  0.000E+00  0.000E+00  0.000E+00  0.000E+00  0.000E+00  0.000E+00  0.000E+00  0.000E+00
  360.5000  1.092E-02  1.013E-02  9.368E-03  8.636E-03  7.944E-03  7.178E-03  6.427E-03  5.779E-03  5.225E-03  4.749E-03  4.188E-03  3.714E-03  3.287E-03  2.876E-03  2.482E-03  2.173E-03  1.871E-03  1.586E-03  1.340E-03  1.127E-03  9.440E-04  7.890E-04  6.374E-04  5.238E-04  4.328E-04  3.446E-04  2.822E-04  2.232E-04  1.769E-04  1.405E-04  1.119E-04  8.716E-05  6.737E-05  5.100E-05  3.815E-05  2.836E-05  2.090E-05  1.479E-05  1.048E-05  7.097E-06  4.765E-06  2.923E-06  1.597E-06  7.096E-07  2.051E-07  2.411E-08  1.319E-09  1.932E-11  4.710E-14  7.371E-18  5.260E-26  0.000E+00  0.000E+00  0.000E+00  0.000E+00  0.000E+00  0.000E+00  0.000E+00  0.000E+00  0.000E+00  0.000E+00
  361.5000  9.873E-03  9.156E-03  8.467E-03  7.806E-03  7.180E-03  6.488E-03  5.809E-03  5.223E-03  4.722E-03  4.292E-03  3.785E-03  3.356E-03  2.971E-03  2.599E-03  2.242E-03  1.963E-03  1.690E-03  1.432E-03  1.209E-03  1.017E-03  8.520E-04  7.120E-04  5.750E-04  4.724E-04  3.903E-04  3.107E-04  2.544E-04  2.012E-04  1.594E-04  1.265E-04  1.008E-04  7.851E-05  6.068E-05  4.595E-05  3.438E-05  2.556E-05  1.884E-05  1.333E-05  9.448E-06  6.405E-06  4.305E-06  2.645E-06  1.451E-06  6.484E-07  1.893E-07  2.265E-08  1.271E-09  1.939E-11  5.023E-14  8.589E-18  7.045E-26  0.000E+00  0.000E+00  0.000E+00  0.000E+00  0.000E+00  0.000E+00  0.000E+00  0.000E+00  0.000E+00  0.000E+00
  362.5000  1.161E-02  1.077E-02  9.958E-03  9.180E-03  8.444E-03  7.630E-03  6.828E-03  6.142E-03  5.553E-03  5.047E-03  4.450E-03  3.946E-03  3.492E-03  3.055E-03  2.635E-03  2.307E-03  1.986E-03  1.682E-03  1.421E-03  1.195E-03  1.001E-03  8.359E-04  6.750E-04  5.544E-04  4.579E-04  3.645E-04  2.984E-04  2.359E-04  1.869E-04  1.483E-04  1.182E-04  9.201E-05  7.112E-05  5.386E-05  4.030E-05  2.996E-05  2.209E-05  1.564E-05  1.109E-05  7.518E-06  5.058E-06  3.113E-06  1.713E-06  7.695E-07  2.269E-07  2.761E-08  1.590E-09  2.523E-11  6.943E-14  1.296E-17  1.219E-25  0.000E+00  0.000E+00  0.000E+00  0.000E+00  0.000E+00  0.000E+00  0.000E+00  0.000E+00  0.000E+00  0.000E+00
  363.5000  1.034E-02  9.587E-03  8.865E-03  8.173E-03  7.517E-03  6.792E-03  6.077E-03  5.467E-03  4.942E-03  4.491E-03  3.960E-03  3.511E-03  3.107E-03  2.717E-03  2.344E-03  2.052E-03  1.766E-03  1.496E-03  1.263E-03  1.062E-03  8.891E-04  7.426E-04  5.995E-04  4.923E-04  4.065E-04  3.235E-04  2.648E-04  2.093E-04  1.658E-04  1.316E-04  1.048E-04  8.160E-05  6.308E-05  4.777E-05  3.575E-05  2.658E-05  1.960E-05  1.388E-05  9.842E-06  6.677E-06  4.495E-06  2.771E-06  1.529E-06  6.904E-07  2.054E-07  2.542E-08  1.500E-09  2.477E-11  7.237E-14  1.472E-17  1.588E-25  0.000E+00  0.000E+00  0.000E+00  0.000E+00  0.000E+00  0.000E+00  0.000E+00  0.000E+00  0.000E+00  0.000E+00
  364.5000  1.127E-02  1.046E-02  9.669E-03  8.913E-03  8.198E-03  7.406E-03  6.628E-03  5.961E-03  5.387E-03  4.895E-03  4.316E-03  3.826E-03  3.385E-03  2.960E-03  2.553E-03  2.235E-03  1.923E-03  1.629E-03  1.375E-03  1.156E-03  9.675E-04  8.080E-04  6.521E-04  5.354E-04  4.420E-04  3.517E-04  2.878E-04  2.274E-04  1.801E-04  1.429E-04  1.139E-04  8.864E-05  6.852E-05  5.189E-05  3.884E-05  2.888E-05  2.130E-05  1.509E-05  1.070E-05  7.262E-06  4.892E-06  3.019E-06  1.669E-06  7.573E-07  2.272E-07  2.857E-08  1.729E-09  2.969E-11  9.204E-14  2.040E-17  2.515E-25  0.000E+00  0.000E+00  0.000E+00  0.000E+00  0.000E+00  0.000E+00  0.000E+00  0.000E+00  0.000E+00  0.000E+00
  365.5000  1.373E-02  1.274E-02  1.177E-02  1.085E-02  9.981E-03  9.017E-03  8.071E-03  7.255E-03  6.556E-03  5.957E-03  5.251E-03  4.654E-03  4.117E-03  3.600E-03  3.104E-03  2.717E-03  2.338E-03  1.979E-03  1.671E-03  1.404E-03  1.175E-03  9.814E-04  7.919E-04  6.500E-04  5.365E-04  4.268E-04  3.492E-04  2.759E-04  2.185E-04  1.733E-04  1.381E-04  1.075E-04  8.308E-05  6.293E-05  4.710E-05  3.503E-05  2.584E-05  1.831E-05  1.298E-05  8.815E-06  5.941E-06  3.670E-06  2.034E-06  9.266E-07  2.803E-07  3.581E-08  2.221E-09  3.964E-11  1.303E-13  3.141E-17  4.423E-25  0.000E+00  0.000E+00  0.000E+00  0.000E+00  0.000E+00  0.000E+00  0.000E+00  0.000E+00  0.000E+00  0.000E+00
  366.5000  1.455E-02  1.350E-02  1.248E-02  1.150E-02  1.058E-02  9.556E-03  8.549E-03  7.688E-03  6.948E-03  6.312E-03  5.563E-03  4.931E-03  4.361E-03  3.813E-03  3.288E-03  2.877E-03  2.475E-03  2.096E-03  1.768E-03  1.486E-03  1.244E-03  1.038E-03  8.375E-04  6.873E-04  5.672E-04  4.510E-04  3.690E-04  2.914E-04  2.308E-04  1.831E-04  1.458E-04  1.135E-04  8.773E-05  6.646E-05  4.974E-05  3.700E-05  2.730E-05  1.935E-05  1.372E-05  9.323E-06  6.288E-06  3.890E-06  2.162E-06  9.900E-07  3.022E-07  3.923E-08  2.492E-09  4.620E-11  1.608E-13  4.211E-17  6.756E-25  0.000E+00  0.000E+00  0.000E+00  0.000E+00  0.000E+00  0.000E+00  0.000E+00  0.000E+00  0.000E+00  0.000E+00
  367.5000  1.384E-02  1.283E-02  1.187E-02  1.094E-02  1.006E-02  9.086E-03  8.129E-03  7.310E-03  6.605E-03  6.000E-03  5.288E-03  4.686E-03  4.145E-03  3.624E-03  3.124E-03  2.734E-03  2.351E-03  1.990E-03  1.680E-03  1.411E-03  1.181E-03  9.854E-04  7.947E-04  6.521E-04  5.380E-04  4.277E-04  3.498E-04  2.763E-04  2.187E-04  1.735E-04  1.382E-04  1.075E-04  8.312E-05  6.298E-05  4.714E-05  3.507E-05  2.588E-05  1.834E-05  1.302E-05  8.846E-06  5.971E-06  3.699E-06  2.062E-06  9.489E-07  2.923E-07  3.855E-08  2.508E-09  4.825E-11  1.776E-13  5.047E-17  9.212E-25  0.000E+00  0.000E+00  0.000E+00  0.000E+00  0.000E+00  0.000E+00  0.000E+00  0.000E+00  0.000E+00  0.000E+00
  368.5000  1.216E-02  1.128E-02  1.043E-02  9.611E-03  8.838E-03  7.983E-03  7.142E-03  6.422E-03  5.802E-03  5.270E-03  4.644E-03  4.115E-03  3.639E-03  3.181E-03  2.742E-03  2.399E-03  2.063E-03  1.746E-03  1.474E-03  1.238E-03  1.035E-03  8.640E-04  6.966E-04  5.714E-04  4.714E-04  3.747E-04  3.064E-04  2.419E-04  1.915E-04  1.519E-04  1.210E-04  9.412E-05  7.276E-05  5.512E-05  4.127E-05  3.071E-05  2.266E-05  1.607E-05  1.140E-05  7.752E-06  5.236E-06  3.248E-06  1.815E-06  8.388E-07  2.605E-07  3.489E-08  2.324E-09  4.639E-11  1.806E-13  5.563E-17  1.153E-24  0.000E+00  0.000E+00  0.000E+00  0.000E+00  0.000E+00  0.000E+00  0.000E+00  0.000E+00  0.000E+00  0.000E+00
  369.5000  1.460E-02  1.354E-02  1.251E-02  1.153E-02  1.060E-02  9.579E-03  8.567E-03  7.704E-03  6.960E-03  6.322E-03  5.570E-03  4.935E-03  4.364E-03  3.814E-03  3.287E-03  2.876E-03  2.473E-03  2.092E-03  1.765E-03  1.482E-03  1.240E-03  1.034E-03  8.339E-04  6.839E-04  5.641E-04  4.482E-04  3.665E-04  2.893E-04  2.289E-04  1.815E-04  1.446E-04  1.125E-04  8.696E-05  6.589E-05  4.933E-05  3.671E-05  2.710E-05  1.921E-05  1.364E-05  9.277E-06  6.270E-06  3.894E-06  2.181E-06  1.013E-06  3.170E-07  4.311E-08  2.939E-09  6.085E-11  2.503E-13  8.347E-17  1.963E-24  0.000E+00  0.000E+00  0.000E+00  0.000E+00  0.000E+00  0.000E+00  0.000E+00  0.000E+00  0.000E+00  0.000E+00
  370.5000  1.325E-02  1.228E-02  1.136E-02  1.047E-02  9.623E-03  8.692E-03  7.775E-03  6.990E-03  6.314E-03  5.735E-03  5.052E-03  4.476E-03  3.957E-03  3.458E-03  2.980E-03  2.607E-03  2.241E-03  1.896E-03  1.599E-03  1.343E-03  1.123E-03  9.367E-04  7.549E-04  6.190E-04  5.104E-04  4.055E-04  3.315E-04  2.616E-04  2.070E-04  1.641E-04  1.307E-04  1.017E-04  7.861E-05  5.957E-05  4.460E-05  3.319E-05  2.450E-05  1.738E-05  1.234E-05  8.396E-06  5.678E-06  3.530E-06  1.982E-06  9.240E-07  2.916E-07  4.026E-08  2.808E-09  6.026E-11  2.617E-13  9.441E-17  2.514E-24  0.000E+00  0.000E+00  0.000E+00  0.000E+00  0.000E+00  0.000E+00  0.000E+00  0.000E+00  0.000E+00  0.000E+00
  371.5000  1.517E-02  1.406E-02  1.300E-02  1.198E-02  1.102E-02  9.950E-03  8.901E-03  8.001E-03  7.227E-03  6.563E-03  5.781E-03  5.121E-03  4.527E-03  3.955E-03  3.408E-03  2.981E-03  2.563E-03  2.168E-03  1.828E-03  1.535E-03  1.283E-03  1.070E-03  8.622E-04  7.068E-04  5.827E-04  4.628E-04  3.783E-04  2.985E-04  2.361E-04  1.872E-04  1.491E-04  1.160E-04  8.964E-05  6.793E-05  5.087E-05  3.786E-05  2.795E-05  1.983E-05  1.408E-05  9.586E-06  6.487E-06  4.038E-06  2.272E-06  1.064E-06  3.385E-07  4.743E-08  3.383E-09  7.524E-11  3.447E-13  1.344E-16  4.043E-24  0.000E+00  0.000E+00  0.000E+00  0.000E+00  0.000E+00  0.000E+00  0.000E+00  0.000E+00  0.000E+00  0.000E+00
  372.5000  1.121E-02  1.040E-02  9.610E-03  8.856E-03  8.142E-03  7.354E-03  6.578E-03  5.912E-03  5.340E-03  4.849E-03  4.271E-03  3.783E-03  3.344E-03  2.921E-03  2.517E-03  2.201E-03  1.892E-03  1.600E-03  1.349E-03  1.132E-03  9.464E-04  7.891E-04  6.357E-04  5.210E-04  4.295E-04  3.410E-04  2.787E-04  2.198E-04  1.739E-04  1.378E-04  1.097E-04  8.537E-05  6.599E-05  5.002E-05  3.746E-05  2.788E-05  2.059E-05  1.461E-05  1.038E-05  7.066E-06  4.785E-06  2.982E-06  1.682E-06  7.909E-07  2.536E-07  3.607E-08  2.631E-09  6.058E-11  2.926E-13  1.231E-16  4.181E-24  0.000E+00  0.000E+00  0.000E+00  0.000E+00  0.000E+00  0.000E+00  0.000E+00  0.000E+00  0.000E+00  0.000E+00
  373.5000  1.013E-02  9.398E-03  8.687E-03  8.005E-03  7.359E-03  6.646E-03  5.944E-03  5.343E-03  4.825E-03  4.380E-03  3.858E-03  3.416E-03  3.020E-03  2.638E-03  2.272E-03  1.987E-03  1.707E-03  1.444E-03  1.217E-03  1.021E-03  8.536E-04  7.116E-04  5.732E-04  4.697E-04  3.870E-04  3.073E-04  2.511E-04  1.980E-04  1.566E-04  1.241E-04  9.880E-05  7.686E-05  5.941E-05  4.503E-05  3.372E-05  2.511E-05  1.854E-05  1.316E-05  9.350E-06  6.368E-06  4.314E-06  2.692E-06  1.521E-06  7.183E-07  2.320E-07  3.348E-08  2.496E-09  5.950E-11  3.028E-13  1.373E-16  5.258E-24  0.000E+00  0.000E+00  0.000E+00  0.000E+00  0.000E+00  0.000E+00  0.000E+00  0.000E+00  0.000E+00  0.000E+00
  374.5000  1.113E-02  1.032E-02  9.536E-03  8.787E-03  8.077E-03  7.295E-03  6.524E-03  5.863E-03  5.294E-03  4.806E-03  4.232E-03  3.747E-03  3.312E-03  2.892E-03  2.491E-03  2.178E-03  1.871E-03  1.582E-03  1.334E-03  1.119E-03  9.350E-04  7.793E-04  6.276E-04  5.141E-04  4.236E-04  3.362E-04  2.747E-04  2.166E-04  1.712E-04  1.357E-04  1.080E-04  8.402E-05  6.495E-05  4.923E-05  3.687E-05  2.746E-05  2.028E-05  1.439E-05  1.023E-05  6.969E-06  4.724E-06  2.950E-06  1.671E-06  7.921E-07  2.578E-07  3.773E-08  2.875E-09  7.091E-11  3.799E-13  1.856E-16  7.997E-24  0.000E+00  0.000E+00  0.000E+00  0.000E+00  0.000E+00  0.000E+00  0.000E+00  0.000E+00  0.000E+00  0.000E+00
  375.5000  1.256E-02  1.165E-02  1.077E-02  9.920E-03  9.119E-03  8.235E-03  7.365E-03  6.618E-03  5.975E-03  5.424E-03  4.776E-03  4.228E-03  3.737E-03  3.263E-03  2.810E-03  2.456E-03  2.110E-03  1.784E-03  1.503E-03  1.261E-03  1.054E-03  8.780E-04  7.068E-04  5.789E-04  4.769E-04  3.784E-04  3.091E-04  2.437E-04  1.926E-04  1.526E-04  1.215E-04  9.449E-05  7.304E-05  5.537E-05  4.147E-05  3.088E-05  2.281E-05  1.620E-05  1.151E-05  7.847E-06  5.322E-06  3.327E-06  1.889E-06  8.990E-07  2.948E-07  4.376E-08  3.406E-09  8.690E-11  4.897E-13  2.574E-16  1.246E-23  0.000E+00  0.000E+00  0.000E+00  0.000E+00  0.000E+00  0.000E+00  0.000E+00  0.000E+00  0.000E+00  0.000E+00
  376.5000  1.255E-02  1.164E-02  1.076E-02  9.911E-03  9.111E-03  8.227E-03  7.357E-03  6.611E-03  5.969E-03  5.417E-03  4.770E-03  4.222E-03  3.731E-03  3.257E-03  2.805E-03  2.451E-03  2.106E-03  1.780E-03  1.499E-03  1.258E-03  1.051E-03  8.753E-04  7.045E-04  5.769E-04  4.751E-04  3.769E-04  3.078E-04  2.426E-04  1.918E-04  1.519E-04  1.209E-04  9.403E-05  7.268E-05  5.510E-05  4.127E-05  3.074E-05  2.271E-05  1.613E-05  1.147E-05  7.818E-06  5.305E-06  3.321E-06  1.889E-06  9.027E-07  2.983E-07  4.489E-08  3.569E-09  9.411E-11  5.575E-13  3.150E-16  1.711E-23  0.000E+00  0.000E+00  0.000E+00  0.000E+00  0.000E+00  0.000E+00  0.000E+00  0.000E+00  0.000E+00  0.000E+00
  377.5000  1.496E-02  1.387E-02  1.282E-02  1.181E-02  1.085E-02  9.801E-03  8.764E-03  7.874E-03  7.108E-03  6.451E-03  5.680E-03  5.027E-03  4.441E-03  3.877E-03  3.338E-03  2.917E-03  2.506E-03  2.118E-03  1.783E-03  1.495E-03  1.249E-03  1.040E-03  8.372E-04  6.854E-04  5.644E-04  4.476E-04  3.655E-04  2.880E-04  2.276E-04  1.803E-04  1.435E-04  1.116E-04  8.624E-05  6.538E-05  4.898E-05  3.648E-05  2.696E-05  1.915E-05  1.361E-05  9.286E-06  6.305E-06  3.951E-06  2.252E-06  1.080E-06  3.596E-07  5.488E-08  4.455E-09  1.214E-10  7.554E-13  4.583E-16  2.790E-23  0.000E+00  0.000E+00  0.000E+00  0.000E+00  0.000E+00  0.000E+00  0.000E+00  0.000E+00  0.000E+00  0.000E+00
  378.5000  1.631E-02  1.512E-02  1.397E-02  1.287E-02  1.183E-02  1.068E-02  9.553E-03  8.582E-03  7.747E-03  7.030E-03  6.188E-03  5.477E-03  4.838E-03  4.223E-03  3.635E-03  3.176E-03  2.728E-03  2.305E-03  1.940E-03  1.627E-03  1.359E-03  1.132E-03  9.104E-04  7.452E-04  6.135E-04  4.865E-04  3.971E-04  3.129E-04  2.472E-04  1.958E-04  1.558E-04  1.211E-04  9.363E-05  7.100E-05  5.319E-05  3.962E-05  2.928E-05  2.080E-05  1.479E-05  1.009E-05  6.857E-06  4.301E-06  2.456E-06  1.183E-06  3.965E-07  6.133E-08  5.082E-09  1.430E-10  9.346E-13  6.084E-16  4.144E-23  0.000E+00  0.000E+00  0.000E+00  0.000E+00  0.000E+00  0.000E+00  0.000E+00  0.000E+00  0.000E+00  0.000E+00
  379.5000  1.207E-02  1.119E-02  1.034E-02  9.526E-03  8.755E-03  7.905E-03  7.068E-03  6.349E-03  5.731E-03  5.200E-03  4.577E-03  4.050E-03  3.577E-03  3.122E-03  2.687E-03  2.348E-03  2.016E-03  1.703E-03  1.434E-03  1.202E-03  1.003E-03  8.355E-04  6.720E-04  5.499E-04  4.526E-04  3.589E-04  2.929E-04  2.307E-04  1.822E-04  1.443E-04  1.148E-04  8.928E-05  6.901E-05  5.233E-05  3.920E-05  2.921E-05  2.159E-05  1.534E-05  1.091E-05  7.446E-06  5.061E-06  3.177E-06  1.818E-06  8.788E-07  2.967E-07  4.650E-08  3.933E-09  1.143E-10  7.834E-13  5.467E-16  4.161E-23  0.000E+00  0.000E+00  0.000E+00  0.000E+00  0.000E+00  0.000E+00  0.000E+00  0.000E+00  0.000E+00  0.000E+00
  380.5000  1.452E-02  1.346E-02  1.244E-02  1.146E-02  1.053E-02  9.510E-03  8.503E-03  7.638E-03  6.893E-03  6.254E-03  5.504E-03  4.870E-03  4.300E-03  3.753E-03  3.229E-03  2.821E-03  2.422E-03  2.046E-03  1.722E-03  1.443E-03  1.205E-03  1.003E-03  8.066E-04  6.599E-04  5.430E-04  4.304E-04  3.512E-04  2.766E-04  2.185E-04  1.730E-04  1.376E-04  1.070E-04  8.269E-05  6.270E-05  4.698E-05  3.501E-05  2.588E-05  1.839E-05  1.308E-05  8.932E-06  6.074E-06  3.817E-06  2.189E-06  1.062E-06  3.609E-07  5.733E-08  4.947E-09  1.483E-10  1.066E-12  7.967E-16  6.767E-23  0.000E+00  0.000E+00  0.000E+00  0.000E+00  0.000E+00  0.000E+00  0.000E+00  0.000E+00  0.000E+00  0.000E+00
  381.5000  1.365E-02  1.266E-02  1.170E-02  1.077E-02  9.901E-03  8.939E-03  7.992E-03  7.179E-03  6.478E-03  5.877E-03  5.172E-03  4.575E-03  4.040E-03  3.525E-03  3.033E-03  2.649E-03  2.274E-03  1.921E-03  1.616E-03  1.354E-03  1.130E-03  9.408E-04  7.564E-04  6.187E-04  5.090E-04  4.033E-04  3.291E-04  2.591E-04  2.046E-04  1.620E-04  1.288E-04  1.002E-04  7.741E-05  5.871E-05  4.399E-05  3.278E-05  2.423E-05  1.722E-05  1.226E-05  8.371E-06  5.695E-06  3.583E-06  2.058E-06  1.002E-06  3.430E-07  5.521E-08  4.858E-09  1.503E-10  1.132E-12  9.049E-16  8.565E-23  0.000E+00  0.000E+00  0.000E+00  0.000E+00  0.000E+00  0.000E+00  0.000E+00  0.000E+00  0.000E+00  0.000E+00
  382.5000  9.101E-03  8.437E-03  7.796E-03  7.182E-03  6.600E-03  5.958E-03  5.326E-03  4.784E-03  4.317E-03  3.916E-03  3.445E-03  3.048E-03  2.691E-03  2.347E-03  2.019E-03  1.764E-03  1.514E-03  1.278E-03  1.075E-03  9.011E-04  7.518E-04  6.257E-04  5.029E-04  4.113E-04  3.383E-04  2.680E-04  2.186E-04  1.721E-04  1.359E-04  1.076E-04  8.555E-05  6.649E-05  5.139E-05  3.898E-05  2.921E-05  2.177E-05  1.609E-05  1.144E-05  8.143E-06  5.563E-06  3.787E-06  2.384E-06  1.372E-06  6.706E-07  2.311E-07  3.768E-08  3.381E-09  1.078E-10  8.506E-13  7.269E-16  7.657E-23  0.000E+00  0.000E+00  0.000E+00  0.000E+00  0.000E+00  0.000E+00  0.000E+00  0.000E+00  0.000E+00  0.000E+00
  383.5000  7.995E-03  7.411E-03  6.848E-03  6.308E-03  5.797E-03  5.233E-03  4.678E-03  4.201E-03  3.791E-03  3.438E-03  3.025E-03  2.675E-03  2.362E-03  2.060E-03  1.772E-03  1.547E-03  1.328E-03  1.121E-03  9.429E-04  7.900E-04  6.590E-04  5.483E-04  4.406E-04  3.603E-04  2.963E-04  2.347E-04  1.914E-04  1.506E-04  1.189E-04  9.411E-05  7.484E-05  5.817E-05  4.496E-05  3.410E-05  2.555E-05  1.904E-05  1.408E-05  1.001E-05  7.128E-06  4.871E-06  3.317E-06  2.091E-06  1.206E-06  5.912E-07  2.051E-07  3.386E-08  3.098E-09  1.018E-10  8.408E-13  7.674E-16  8.985E-23  0.000E+00  0.000E+00  0.000E+00  0.000E+00  0.000E+00  0.000E+00  0.000E+00  0.000E+00  0.000E+00  0.000E+00
  384.5000  1.200E-02  1.113E-02  1.028E-02  9.470E-03  8.702E-03  7.856E-03  7.021E-03  6.306E-03  5.689E-03  5.159E-03  4.539E-03  4.014E-03  3.543E-03  3.090E-03  2.657E-03  2.320E-03  1.991E-03  1.681E-03  1.413E-03  1.184E-03  9.874E-04  8.214E-04  6.599E-04  5.394E-04  4.435E-04  3.512E-04  2.864E-04  2.253E-04  1.778E-04  1.407E-04  1.119E-04  8.697E-05  6.721E-05  5.098E-05  3.821E-05  2.848E-05  2.106E-05  1.498E-05  1.066E-05  7.290E-06  4.967E-06  3.133E-06  1.810E-06  8.907E-07  3.110E-07  5.201E-08  4.850E-09  1.642E-10  1.418E-12  1.381E-15  1.796E-22  0.000E+00  0.000E+00  0.000E+00  0.000E+00  0.000E+00  0.000E+00  0.000E+00  0.000E+00  0.000E+00  0.000E+00
  385.5000  1.188E-02  1.101E-02  1.018E-02  9.373E-03  8.612E-03  7.775E-03  6.950E-03  6.240E-03  5.629E-03  5.105E-03  4.490E-03  3.970E-03  3.504E-03  3.056E-03  2.628E-03  2.294E-03  1.968E-03  1.661E-03  1.396E-03  1.170E-03  9.753E-04  8.111E-04  6.515E-04  5.325E-04  4.377E-04  3.465E-04  2.825E-04  2.222E-04  1.754E-04  1.388E-04  1.103E-04  8.573E-05  6.625E-05  5.026E-05  3.766E-05  2.808E-05  2.077E-05  1.477E-05  1.052E-05  7.193E-06  4.903E-06  3.096E-06  1.792E-06  8.847E-07  3.110E-07  5.264E-08  5.002E-09  1.745E-10  1.575E-12  1.635E-15  2.357E-22  0.000E+00  0.000E+00  0.000E+00  0.000E+00  0.000E+00  0.000E+00  0.000E+00  0.000E+00  0.000E+00  0.000E+00
  386.5000  1.212E-02  1.123E-02  1.038E-02  9.558E-03  8.782E-03  7.927E-03  7.086E-03  6.362E-03  5.739E-03  5.203E-03  4.576E-03  4.046E-03  3.570E-03  3.113E-03  2.677E-03  2.336E-03  2.004E-03  1.691E-03  1.421E-03  1.190E-03  9.924E-04  8.252E-04  6.627E-04  5.415E-04  4.450E-04  3.522E-04  2.871E-04  2.258E-04  1.781E-04  1.409E-04  1.120E-04  8.706E-05  6.728E-05  5.104E-05  3.825E-05  2.852E-05  2.110E-05  1.501E-05  1.069E-05  7.312E-06  4.986E-06  3.151E-06  1.827E-06  9.052E-07  3.202E-07  5.488E-08  5.312E-09  1.908E-10  1.799E-12  1.990E-15  3.176E-22  0.000E+00  0.000E+00  0.000E+00  0.000E+00  0.000E+00  0.000E+00  0.000E+00  0.000E+00  0.000E+00  0.000E+00
  387.5000  1.127E-02  1.044E-02  9.648E-03  8.886E-03  8.164E-03  7.369E-03  6.586E-03  5.913E-03  5.333E-03  4.835E-03  4.252E-03  3.759E-03  3.317E-03  2.891E-03  2.486E-03  2.169E-03  1.860E-03  1.570E-03  1.319E-03  1.105E-03  9.207E-04  7.655E-04  6.146E-04  5.020E-04  4.125E-04  3.264E-04  2.660E-04  2.091E-04  1.650E-04  1.305E-04  1.037E-04  8.060E-05  6.229E-05  4.725E-05  3.542E-05  2.641E-05  1.954E-05  1.390E-05  9.903E-06  6.776E-06  4.623E-06  2.924E-06  1.698E-06  8.441E-07  3.005E-07  5.213E-08  5.139E-09  1.899E-10  1.870E-12  2.202E-15  3.887E-22  0.000E+00  0.000E+00  0.000E+00  0.000E+00  0.000E+00  0.000E+00  0.000E+00  0.000E+00  0.000E+00  0.000E+00
  388.5000  1.130E-02  1.047E-02  9.673E-03  8.909E-03  8.185E-03  7.388E-03  6.603E-03  5.928E-03  5.346E-03  4.846E-03  4.261E-03  3.767E-03  3.323E-03  2.896E-03  2.490E-03  2.172E-03  1.863E-03  1.571E-03  1.321E-03  1.105E-03  9.212E-04  7.657E-04  6.146E-04  5.020E-04  4.124E-04  3.262E-04  2.658E-04  2.089E-04  1.648E-04  1.304E-04  1.036E-04  8.048E-05  6.219E-05  4.718E-05  3.536E-05  2.637E-05  1.951E-05  1.389E-05  9.894E-06  6.771E-06  4.622E-06  2.926E-06  1.702E-06  8.488E-07  3.040E-07  5.338E-08  5.359E-09  2.038E-10  2.094E-12  2.622E-15  5.113E-22  0.000E+00  0.000E+00  0.000E+00  0.000E+00  0.000E+00  0.000E+00  0.000E+00  0.000E+00  0.000E+00  0.000E+00
  389.5000  1.425E-02  1.321E-02  1.220E-02  1.124E-02  1.032E-02  9.319E-03  8.328E-03  7.476E-03  6.742E-03  6.111E-03  5.373E-03  4.749E-03  4.189E-03  3.650E-03  3.137E-03  2.737E-03  2.346E-03  1.979E-03  1.663E-03  1.392E-03  1.160E-03  9.638E-04  7.734E-04  6.315E-04  5.187E-04  4.103E-04  3.342E-04  2.626E-04  2.071E-04  1.638E-04  1.302E-04  1.011E-04  7.813E-05  5.928E-05  4.443E-05  3.314E-05  2.452E-05  1.745E-05  1.244E-05  8.515E-06  5.814E-06  3.683E-06  2.147E-06  1.074E-06  3.870E-07  6.876E-08  7.028E-09  2.748E-10  2.945E-12  3.919E-15  8.433E-22  0.000E+00  0.000E+00  0.000E+00  0.000E+00  0.000E+00  0.000E+00  0.000E+00  0.000E+00  0.000E+00  0.000E+00
  390.5000  1.400E-02  1.298E-02  1.199E-02  1.104E-02  1.014E-02  9.157E-03  8.184E-03  7.345E-03  6.623E-03  6.003E-03  5.277E-03  4.663E-03  4.113E-03  3.584E-03  3.080E-03  2.687E-03  2.303E-03  1.942E-03  1.632E-03  1.365E-03  1.137E-03  9.449E-04  7.581E-04  6.189E-04  5.082E-04  4.019E-04  3.273E-04  2.572E-04  2.028E-04  1.603E-04  1.274E-04  9.895E-05  7.645E-05  5.801E-05  4.348E-05  3.243E-05  2.400E-05  1.709E-05  1.218E-05  8.340E-06  5.697E-06  3.612E-06  2.109E-06  1.058E-06  3.838E-07  6.898E-08  7.175E-09  2.884E-10  3.222E-12  4.553E-15  1.080E-21  0.000E+00  0.000E+00  0.000E+00  0.000E+00  0.000E+00  0.000E+00  0.000E+00  0.000E+00  0.000E+00  0.000E+00
  391.5000  1.662E-02  1.541E-02  1.423E-02  1.311E-02  1.204E-02  1.087E-02  9.711E-03  8.717E-03  7.859E-03  7.122E-03  6.261E-03  5.532E-03  4.879E-03  4.250E-03  3.652E-03  3.185E-03  2.729E-03  2.301E-03  1.933E-03  1.617E-03  1.347E-03  1.119E-03  8.976E-04  7.326E-04  6.014E-04  4.755E-04  3.871E-04  3.041E-04  2.398E-04  1.896E-04  1.506E-04  1.170E-04  9.036E-05  6.856E-05  5.140E-05  3.834E-05  2.838E-05  2.020E-05  1.440E-05  9.866E-06  6.743E-06  4.279E-06  2.502E-06  1.260E-06  4.595E-07  8.355E-08  8.844E-09  3.653E-10  4.252E-12  6.374E-15  1.665E-21  0.000E+00  0.000E+00  0.000E+00  0.000E+00  0.000E+00  0.000E+00  0.000E+00  0.000E+00  0.000E+00  0.000E+00
  392.5000  1.247E-02  1.156E-02  1.068E-02  9.833E-03  9.032E-03  8.152E-03  7.284E-03  6.538E-03  5.894E-03  5.341E-03  4.695E-03  4.147E-03  3.657E-03  3.186E-03  2.737E-03  2.387E-03  2.045E-03  1.724E-03  1.448E-03  1.211E-03  1.008E-03  8.376E-04  6.717E-04  5.481E-04  4.498E-04  3.556E-04  2.895E-04  2.274E-04  1.792E-04  1.416E-04  1.125E-04  8.738E-05  6.751E-05  5.122E-05  3.840E-05  2.865E-05  2.121E-05  1.510E-05  1.077E-05  7.377E-06  5.044E-06  3.203E-06  1.876E-06  9.474E-07  3.476E-07  6.394E-08  6.886E-09  2.922E-10  3.542E-12  5.629E-15  1.617E-21  0.000E+00  0.000E+00  0.000E+00  0.000E+00  0.000E+00  0.000E+00  0.000E+00  0.000E+00  0.000E+00  0.000E+00
  393.5000  5.425E-03  5.027E-03  4.644E-03  4.277E-03  3.928E-03  3.545E-03  3.168E-03  2.843E-03  2.563E-03  2.322E-03  2.041E-03  1.803E-03  1.589E-03  1.384E-03  1.189E-03  1.037E-03  8.881E-04  7.486E-04  6.287E-04  5.257E-04  4.377E-04  3.634E-04  2.914E-04  2.377E-04  1.951E-04  1.541E-04  1.255E-04  9.852E-05  7.764E-05  6.136E-05  4.873E-05  3.784E-05  2.924E-05  2.218E-05  1.663E-05  1.241E-05  9.187E-06  6.543E-06  4.666E-06  3.198E-06  2.187E-06  1.390E-06  8.154E-07  4.130E-07  1.524E-07  2.835E-08  3.106E-09  1.354E-10  1.707E-12  2.875E-15  9.070E-22  0.000E+00  0.000E+00  0.000E+00  0.000E+00  0.000E+00  0.000E+00  0.000E+00  0.000E+00  0.000E+00  0.000E+00
  394.5000  1.277E-02  1.183E-02  1.093E-02  1.007E-02  9.246E-03  8.344E-03  7.456E-03  6.691E-03  6.031E-03  5.463E-03  4.801E-03  4.241E-03  3.738E-03  3.255E-03  2.796E-03  2.437E-03  2.088E-03  1.759E-03  1.477E-03  1.235E-03  1.028E-03  8.535E-04  6.842E-04  5.580E-04  4.578E-04  3.617E-04  2.943E-04  2.311E-04  1.821E-04  1.439E-04  1.142E-04  8.870E-05  6.853E-05  5.200E-05  3.899E-05  2.909E-05  2.154E-05  1.534E-05  1.094E-05  7.501E-06  5.133E-06  3.265E-06  1.918E-06  9.744E-07  3.617E-07  6.803E-08  7.578E-09  3.391E-10  4.449E-12  7.931E-15  2.746E-21  0.000E+00  0.000E+00  0.000E+00  0.000E+00  0.000E+00  0.000E+00  0.000E+00  0.000E+00  0.000E+00  0.000E+00
  395.5000  1.644E-02  1.523E-02  1.407E-02  1.296E-02  1.190E-02  1.074E-02  9.595E-03  8.610E-03  7.760E-03  7.029E-03  6.177E-03  5.455E-03  4.808E-03  4.186E-03  3.595E-03  3.134E-03  2.683E-03  2.261E-03  1.898E-03  1.587E-03  1.321E-03  1.096E-03  8.784E-04  7.162E-04  5.875E-04  4.640E-04  3.775E-04  2.963E-04  2.334E-04  1.844E-04  1.464E-04  1.137E-04  8.783E-05  6.665E-05  4.997E-05  3.729E-05  2.761E-05  1.967E-05  1.403E-05  9.622E-06  6.586E-06  4.192E-06  2.467E-06  1.257E-06  4.692E-07  8.922E-08  1.010E-08  4.641E-10  6.331E-12  1.194E-14  4.531E-21  0.000E+00  0.000E+00  0.000E+00  0.000E+00  0.000E+00  0.000E+00  0.000E+00  0.000E+00  0.000E+00  0.000E+00
  396.5000  9.657E-03  8.949E-03  8.266E-03  7.611E-03  6.990E-03  6.308E-03  5.636E-03  5.057E-03  4.557E-03  4.128E-03  3.627E-03  3.203E-03  2.823E-03  2.457E-03  2.110E-03  1.839E-03  1.574E-03  1.326E-03  1.113E-03  9.304E-04  7.741E-04  6.424E-04  5.147E-04  4.196E-04  3.441E-04  2.717E-04  2.210E-04  1.735E-04  1.366E-04  1.079E-04  8.568E-05  6.651E-05  5.138E-05  3.899E-05  2.923E-05  2.182E-05  1.616E-05  1.151E-05  8.214E-06  5.634E-06  3.858E-06  2.457E-06  1.448E-06  7.400E-07  2.778E-07  5.341E-08  6.148E-09  2.897E-10  4.107E-12  8.187E-15  3.402E-21  0.000E+00  0.000E+00  0.000E+00  0.000E+00  0.000E+00  0.000E+00  0.000E+00  0.000E+00  0.000E+00  0.000E+00
  397.5000  1.115E-02  1.033E-02  9.544E-03  8.787E-03  8.069E-03  7.282E-03  6.506E-03  5.837E-03  5.260E-03  4.764E-03  4.185E-03  3.695E-03  3.256E-03  2.834E-03  2.433E-03  2.120E-03  1.815E-03  1.529E-03  1.283E-03  1.072E-03  8.919E-04  7.400E-04  5.928E-04  4.831E-04  3.961E-04  3.127E-04  2.543E-04  1.995E-04  1.571E-04  1.241E-04  9.852E-05  7.647E-05  5.906E-05  4.483E-05  3.361E-05  2.508E-05  1.858E-05  1.324E-05  9.448E-06  6.482E-06  4.440E-06  2.831E-06  1.671E-06  8.562E-07  3.232E-07  6.281E-08  7.349E-09  3.551E-10  5.229E-12  1.101E-14  5.005E-21  0.000E+00  0.000E+00  0.000E+00  0.000E+00  0.000E+00  0.000E+00  0.000E+00  0.000E+00  0.000E+00  0.000E+00
  398.5000  1.917E-02  1.776E-02  1.641E-02  1.511E-02  1.387E-02  1.252E-02  1.118E-02  1.003E-02  9.040E-03  8.187E-03  7.192E-03  6.349E-03  5.594E-03  4.869E-03  4.179E-03  3.641E-03  3.116E-03  2.624E-03  2.202E-03  1.840E-03  1.530E-03  1.269E-03  1.017E-03  8.283E-04  6.790E-04  5.359E-04  4.357E-04  3.418E-04  2.691E-04  2.125E-04  1.687E-04  1.309E-04  1.011E-04  7.674E-05  5.754E-05  4.295E-05  3.181E-05  2.268E-05  1.618E-05  1.111E-05  7.610E-06  4.855E-06  2.870E-06  1.475E-06  5.598E-07  1.100E-07  1.307E-08  6.477E-10  9.901E-12  2.201E-14  1.093E-20  0.000E+00  0.000E+00  0.000E+00  0.000E+00  0.000E+00  0.000E+00  0.000E+00  0.000E+00  0.000E+00  0.000E+00
  399.5000  1.994E-02  1.848E-02  1.707E-02  1.572E-02  1.443E-02  1.302E-02  1.164E-02  1.044E-02  9.404E-03  8.515E-03  7.480E-03  6.602E-03  5.817E-03  5.062E-03  4.344E-03  3.784E-03  3.238E-03  2.726E-03  2.288E-03  1.911E-03  1.589E-03  1.318E-03  1.055E-03  8.596E-04  7.044E-04  5.559E-04  4.519E-04  3.544E-04  2.789E-04  2.203E-04  1.748E-04  1.356E-04  1.048E-04  7.951E-05  5.962E-05  4.450E-05  3.297E-05  2.350E-05  1.678E-05  1.152E-05  7.894E-06  5.040E-06  2.984E-06  1.538E-06  5.868E-07  1.165E-07  1.407E-08  7.144E-10  1.133E-11  2.657E-14  1.441E-20  0.000E+00  0.000E+00  0.000E+00  0.000E+00  0.000E+00  0.000E+00  0.000E+00  0.000E+00  0.000E+00  0.000E+00
------------------------------------------------------------
Dose rates,W m-2
   1 = UV index (WMO, 1994; Webb et al., 2011)           
   2 = Previtamin-D3 (CIE 2006)                          
values at z =      0.025 km
Columns: time,sza,weighting spectra
time,hrs.  sza,deg.          1          2
   18.0000     89.155  2.826E-02  4.669E-04
   18.0167     89.345  2.618E-02  4.358E-04
   18.0333     89.536  2.420E-02  4.061E-04
   18.0500     89.727  2.231E-02  3.778E-04
   18.0667     89.918  2.054E-02  3.512E-04
   18.0833     90.109  1.860E-02  3.220E-04
   18.1000     90.300  1.672E-02  2.933E-04
   18.1167     90.492  1.510E-02  2.685E-04
   18.1333     90.684  1.370E-02  2.470E-04
   18.1500     90.876  1.250E-02  2.285E-04
   18.1667     91.068  1.110E-02  2.063E-04
   18.1833     91.261  9.913E-03  1.874E-04
   18.2000     91.453  8.838E-03  1.698E-04
   18.2167     91.646  7.805E-03  1.528E-04
   18.2333     91.839  6.808E-03  1.359E-04
   18.2500     92.033  6.016E-03  1.221E-04
   18.2667     92.226  5.247E-03  1.087E-04
   18.2833     92.420  4.508E-03  9.524E-05
   18.3000     92.613  3.864E-03  8.321E-05
   18.3167     92.807  3.299E-03  7.236E-05
   18.3333     93.002  2.805E-03  6.260E-05
   18.3500     93.196  2.378E-03  5.387E-05
   18.3667     93.390  1.953E-03  4.486E-05
   18.3833     93.585  1.627E-03  3.781E-05
   18.4000     93.780  1.359E-03  3.185E-05
   18.4167     93.975  1.093E-03  2.575E-05
   18.4333     94.170  8.965E-04  2.106E-05
   18.4500     94.366  7.150E-04  1.685E-05
   18.4667     94.561  5.660E-04  1.324E-05
   18.4833     94.757  4.466E-04  1.034E-05
   18.5000     94.953  3.515E-04  7.995E-06
   18.5167     95.149  2.711E-04  6.075E-06
   18.5333     95.346  2.049E-04  4.448E-06
   18.5500     95.542  1.504E-04  3.116E-06
   18.5667     95.738  1.080E-04  2.075E-06
   18.5833     95.935  7.550E-05  1.267E-06
   18.6000     96.132  5.144E-05  6.976E-07
   18.6167     96.329  3.285E-05  3.112E-07
   18.6333     96.527  2.101E-05  1.262E-07
   18.6500     96.724  1.282E-05  4.326E-08
   18.6667     96.921  7.844E-06  1.482E-08
   18.6833     97.119  4.392E-06  4.438E-09
   18.7000     97.317  2.182E-06  1.068E-09
   18.7167     97.515  8.911E-07  2.047E-10
   18.7333     97.713  2.438E-07  2.510E-11
   18.7500     97.912  2.956E-08  1.134E-12
   18.7667     98.110  2.033E-09  2.082E-14
   18.7833     98.309  5.676E-11  5.582E-17
   18.8000     98.508  5.239E-13  1.096E-20
   18.8167     98.707  7.827E-16  4.225E-26
   18.8333     98.906  2.809E-22  9.843E-37
   18.8500     99.105  0.000E+00  0.000E+00
   18.8667     99.304  0.000E+00  0.000E+00
   18.8833     99.503  0.000E+00  0.000E+00
   18.9000     99.703  0.000E+00  0.000E+00
   18.9167     99.903  0.000E+00  0.000E+00
   18.9333    100.103  0.000E+00  0.000E+00
   18.9500    100.303  0.000E+00  0.000E+00
   18.9667    100.503  0.000E+00  0.000E+00
   18.9833    100.703  0.000E+00  0.000E+00
   19.0000    100.904  0.000E+00  0.000E+00
------------------------------------------------------------
