Spectral Irradiance,W m-2 nm-1
values at z =      0.025 km
Columns: wavelength (nm),times (hrs.) or sza (deg.)
    wc,nm     18.000     18.017     18.033     18.050     18.067     18.083     18.100     18.117     18.133     18.150     18.167     18.183     18.200     18.217     18.233     18.250     18.267     18.283     18.300     18.317     18.333     18.350     18.367     18.383     18.400     18.417     18.433     18.450     18.467     18.483     18.500     18.517     18.533     18.550     18.567     18.583     18.600     18.617     18.633     18.650     18.667     18.683     18.700     18.717     18.733     18.750     18.767     18.783     18.800     18.817     18.833     18.850     18.867     18.883     18.900     18.917     18.933     18.950     18.967     18.983     19.000
    sza =      88.015     88.208     88.401     88.595     88.789     88.982     89.176     89.370     89.564     89.759     89.954     90.149     90.344     90.539     90.734     90.930     91.126     91.322     91.518     91.714     91.911     92.108     92.304     92.501     92.698     92.896     93.094     93.291     93.489     93.687     93.885     94.084     94.282     94.480     94.679     94.878     95.077     95.277     95.476     95.675     95.875     96.075     96.275     96.475     96.675     96.875     97.076     97.276     97.478     97.679     97.880     98.081     98.282     98.483     98.685     98.887     99.089     99.291     99.493     99.695     99.898
  280.5000  1.060E-24  1.022E-24  9.839E-25  9.451E-25  9.062E-25  8.672E-25  8.280E-25  7.887E-25  7.496E-25  7.107E-25  6.726E-25  6.234E-25  5.769E-25  5.362E-25  5.006E-25  4.692E-25  4.228E-25  3.902E-25  3.501E-25  3.210E-25  2.832E-25  2.499E-25  2.198E-25  1.919E-25  1.656E-25  1.411E-25  1.191E-25  9.990E-26  8.326E-26  6.550E-26  5.193E-26  3.838E-26  2.820E-26  1.844E-26  1.062E-26  5.113E-27  1.720E-27  3.163E-28  1.655E-29  1.349E-31  4.259E-35  1.059E-41  0.000E+00  0.000E+00  0.000E+00  0.000E+00  0.000E+00  0.000E+00  0.000E+00  0.000E+00  0.000E+00  0.000E+00  0.000E+00  0.000E+00  0.000E+00  0.000E+00  0.000E+00  0.000E+00  0.000E+00  0.000E+00  0.000E+00
  281.5000  1.524E-22  1.470E-22  1.415E-22  1.359E-22  1.303E-22  1.247E-22  1.191E-22  1.135E-22  1.079E-22  1.023E-22  9.686E-23  8.980E-23  8.312E-23  7.729E-23  7.218E-23  6.767E-23  6.101E-23  5.632E-23  5.054E-23  4.636E-23  4.093E-23  3.611E-23  3.177E-23  2.775E-23  2.396E-23  2.043E-23  1.725E-23  1.448E-23  1.209E-23  9.538E-24  7.599E-24  5.668E-24  4.218E-24  2.817E-24  1.679E-24  8.517E-25  3.124E-25  6.628E-26  4.483E-27  5.578E-29  3.579E-32  3.510E-38  0.000E+00  0.000E+00  0.000E+00  0.000E+00  0.000E+00  0.000E+00  0.000E+00  0.000E+00  0.000E+00  0.000E+00  0.000E+00  0.000E+00  0.000E+00  0.000E+00  0.000E+00  0.000E+00  0.000E+00  0.000E+00  0.000E+00
  282.5000  7.451E-21  7.185E-21  6.916E-21  6.645E-21  6.373E-21  6.101E-21  5.827E-21  5.552E-21  5.279E-21  5.007E-21  4.741E-21  4.397E-21  4.071E-21  3.787E-21  3.538E-21  3.318E-21  2.992E-21  2.763E-21  2.480E-21  2.276E-21  2.006E-21  1.774E-21  1.561E-21  1.364E-21  1.178E-21  1.005E-21  8.493E-22  7.135E-22  5.960E-22  4.717E-22  3.773E-22  2.836E-22  2.133E-22  1.450E-22  8.900E-23  4.724E-23  1.870E-23  4.498E-24  3.820E-25  6.918E-27  8.300E-30  2.700E-35  2.564E-43  0.000E+00  0.000E+00  0.000E+00  0.000E+00  0.000E+00  0.000E+00  0.000E+00  0.000E+00  0.000E+00  0.000E+00  0.000E+00  0.000E+00  0.000E+00  0.000E+00  0.000E+00  0.000E+00  0.000E+00  0.000E+00
  283.5000  8.411E-20  8.110E-20  7.807E-20  7.502E-20  7.195E-20  6.888E-20  6.579E-20  6.270E-20  5.962E-20  5.656E-20  5.357E-20  4.969E-20  4.601E-20  4.281E-20  4.000E-20  3.752E-20  3.385E-20  3.126E-20  2.807E-20  2.576E-20  2.275E-20  2.009E-20  1.769E-20  1.546E-20  1.335E-20  1.140E-20  9.633E-21  8.097E-21  6.769E-21  5.366E-21  4.303E-21  3.250E-21  2.460E-21  1.692E-21  1.058E-21  5.784E-22  2.406E-22  6.285E-23  6.201E-24  1.437E-25  2.603E-28  1.854E-33  5.528E-41  0.000E+00  0.000E+00  0.000E+00  0.000E+00  0.000E+00  0.000E+00  0.000E+00  0.000E+00  0.000E+00  0.000E+00  0.000E+00  0.000E+00  0.000E+00  0.000E+00  0.000E+00  0.000E+00  0.000E+00  0.000E+00
  284.5000  4.277E-18  4.124E-18  3.971E-18  3.816E-18  3.661E-18  3.505E-18  3.348E-18  3.192E-18  3.036E-18  2.881E-18  2.729E-18  2.532E-18  2.346E-18  2.184E-18  2.041E-18  1.916E-18  1.729E-18  1.598E-18  1.436E-18  1.318E-18  1.165E-18  1.029E-18  9.067E-19  7.929E-19  6.852E-19  5.851E-19  4.950E-19  4.165E-19  3.486E-19  2.772E-19  2.233E-19  1.700E-19  1.301E-19  9.118E-20  5.888E-20  3.378E-20  1.526E-20  4.570E-21  5.787E-22  2.028E-23  7.362E-26  2.008E-30  4.369E-37  0.000E+00  0.000E+00  0.000E+00  0.000E+00  0.000E+00  0.000E+00  0.000E+00  0.000E+00  0.000E+00  0.000E+00  0.000E+00  0.000E+00  0.000E+00  0.000E+00  0.000E+00  0.000E+00  0.000E+00  0.000E+00
  285.5000  4.906E-17  4.731E-17  4.555E-17  4.378E-17  4.200E-17  4.021E-17  3.842E-17  3.663E-17  3.485E-17  3.307E-17  3.134E-17  2.909E-17  2.695E-17  2.510E-17  2.347E-17  2.204E-17  1.990E-17  1.840E-17  1.654E-17  1.519E-17  1.343E-17  1.187E-17  1.046E-17  9.153E-18  7.915E-18  6.762E-18  5.725E-18  4.820E-18  4.038E-18  3.217E-18  2.600E-18  1.991E-18  1.537E-18  1.092E-18  7.221E-19  4.300E-19  2.069E-19  6.896E-20  1.062E-20  5.154E-22  3.227E-24  2.480E-28  2.459E-34  1.541E-44  0.000E+00  0.000E+00  0.000E+00  0.000E+00  0.000E+00  0.000E+00  0.000E+00  0.000E+00  0.000E+00  0.000E+00  0.000E+00  0.000E+00  0.000E+00  0.000E+00  0.000E+00  0.000E+00  0.000E+00
  286.5000  1.444E-15  1.392E-15  1.341E-15  1.288E-15  1.236E-15  1.184E-15  1.131E-15  1.078E-15  1.026E-15  9.739E-16  9.230E-16  8.568E-16  7.942E-16  7.397E-16  6.919E-16  6.498E-16  5.870E-16  5.429E-16  4.882E-16  4.486E-16  3.966E-16  3.509E-16  3.094E-16  2.708E-16  2.343E-16  2.002E-16  1.696E-16  1.429E-16  1.198E-16  9.560E-17  7.746E-17  5.957E-17  4.627E-17  3.321E-17  2.236E-17  1.369E-17  6.917E-18  2.503E-18  4.489E-19  2.802E-20  2.680E-22  4.593E-26  1.468E-31  6.990E-41  0.000E+00  0.000E+00  0.000E+00  0.000E+00  0.000E+00  0.000E+00  0.000E+00  0.000E+00  0.000E+00  0.000E+00  0.000E+00  0.000E+00  0.000E+00  0.000E+00  0.000E+00  0.000E+00  0.000E+00
  287.5000  2.293E-14  2.211E-14  2.128E-14  2.046E-14  1.963E-14  1.879E-14  1.796E-14  1.712E-14  1.629E-14  1.547E-14  1.466E-14  1.362E-14  1.262E-14  1.176E-14  1.101E-14  1.034E-14  9.344E-15  8.646E-15  7.778E-15  7.151E-15  6.319E-15  5.600E-15  4.940E-15  4.326E-15  3.745E-15  3.203E-15  2.714E-15  2.289E-15  1.920E-15  1.535E-15  1.247E-15  9.634E-16  7.532E-16  5.466E-16  3.749E-16  2.365E-16  1.257E-16  4.964E-17  1.046E-17  8.554E-19  1.291E-20  5.277E-24  6.037E-29  2.612E-37  0.000E+00  0.000E+00  0.000E+00  0.000E+00  0.000E+00  0.000E+00  0.000E+00  0.000E+00  0.000E+00  0.000E+00  0.000E+00  0.000E+00  0.000E+00  0.000E+00  0.000E+00  0.000E+00  0.000E+00
  288.5000  3.509E-13  3.383E-13  3.256E-13  3.129E-13  3.002E-13  2.875E-13  2.747E-13  2.620E-13  2.493E-13  2.367E-13  2.244E-13  2.084E-13  1.933E-13  1.802E-13  1.687E-13  1.585E-13  1.433E-13  1.327E-13  1.194E-13  1.099E-13  9.728E-14  8.616E-14  7.606E-14  6.666E-14  5.774E-14  4.941E-14  4.192E-14  3.537E-14  2.971E-14  2.380E-14  1.938E-14  1.504E-14  1.184E-14  8.692E-15  6.080E-15  3.957E-15  2.223E-15  9.646E-16  2.426E-16  2.665E-17  6.644E-19  7.051E-22  3.259E-26  1.573E-33  3.223E-44  0.000E+00  0.000E+00  0.000E+00  0.000E+00  0.000E+00  0.000E+00  0.000E+00  0.000E+00  0.000E+00  0.000E+00  0.000E+00  0.000E+00  0.000E+00  0.000E+00  0.000E+00  0.000E+00
  289.5000  4.294E-12  4.140E-12  3.984E-12  3.828E-12  3.673E-12  3.516E-12  3.360E-12  3.204E-12  3.049E-12  2.896E-12  2.746E-12  2.550E-12  2.365E-12  2.205E-12  2.065E-12  1.941E-12  1.756E-12  1.626E-12  1.464E-12  1.348E-12  1.194E-12  1.058E-12  9.345E-13  8.195E-13  7.102E-13  6.082E-13  5.162E-13  4.359E-13  3.664E-13  2.939E-13  2.399E-13  1.868E-13  1.477E-13  1.093E-13  7.753E-14  5.161E-14  3.018E-14  1.404E-14  4.023E-15  5.507E-16  1.995E-17  4.271E-20  5.466E-24  1.501E-30  4.070E-40  0.000E+00  0.000E+00  0.000E+00  0.000E+00  0.000E+00  0.000E+00  0.000E+00  0.000E+00  0.000E+00  0.000E+00  0.000E+00  0.000E+00  0.000E+00  0.000E+00  0.000E+00  0.000E+00
  290.5000  3.382E-11  3.259E-11  3.136E-11  3.013E-11  2.890E-11  2.767E-11  2.644E-11  2.521E-11  2.399E-11  2.278E-11  2.160E-11  2.007E-11  1.861E-11  1.735E-11  1.625E-11  1.528E-11  1.383E-11  1.281E-11  1.154E-11  1.063E-11  9.421E-12  8.352E-12  7.381E-12  6.476E-12  5.616E-12  4.812E-12  4.087E-12  3.453E-12  2.905E-12  2.333E-12  1.907E-12  1.489E-12  1.182E-12  8.801E-13  6.313E-13  4.279E-13  2.584E-13  1.272E-13  4.060E-14  6.662E-15  3.289E-16  1.265E-18  3.795E-22  4.482E-28  1.047E-36  0.000E+00  0.000E+00  0.000E+00  0.000E+00  0.000E+00  0.000E+00  0.000E+00  0.000E+00  0.000E+00  0.000E+00  0.000E+00  0.000E+00  0.000E+00  0.000E+00  0.000E+00  0.000E+00
  291.5000  2.308E-10  2.224E-10  2.139E-10  2.055E-10  1.970E-10  1.886E-10  1.802E-10  1.718E-10  1.635E-10  1.552E-10  1.472E-10  1.367E-10  1.268E-10  1.183E-10  1.108E-10  1.042E-10  9.433E-11  8.742E-11  7.881E-11  7.259E-11  6.439E-11  5.713E-11  5.052E-11  4.435E-11  3.849E-11  3.300E-11  2.805E-11  2.372E-11  1.997E-11  1.606E-11  1.315E-11  1.030E-11  8.208E-12  6.154E-12  4.467E-12  3.086E-12  1.930E-12  1.009E-12  3.616E-13  7.224E-14  5.011E-15  3.687E-17  2.866E-20  1.740E-25  4.623E-33  7.707E-44  0.000E+00  0.000E+00  0.000E+00  0.000E+00  0.000E+00  0.000E+00  0.000E+00  0.000E+00  0.000E+00  0.000E+00  0.000E+00  0.000E+00  0.000E+00  0.000E+00  0.000E+00
  292.5000  1.046E-09  1.008E-09  9.690E-10  9.304E-10  8.919E-10  8.535E-10  8.152E-10  7.771E-10  7.393E-10  7.019E-10  6.655E-10  6.182E-10  5.735E-10  5.348E-10  5.011E-10  4.714E-10  4.268E-10  3.956E-10  3.568E-10  3.288E-10  2.918E-10  2.590E-10  2.292E-10  2.014E-10  1.749E-10  1.500E-10  1.276E-10  1.080E-10  9.099E-11  7.326E-11  6.007E-11  4.717E-11  3.771E-11  2.843E-11  2.083E-11  1.462E-11  9.406E-12  5.176E-12  2.046E-12  4.833E-13  4.476E-14  5.682E-16  9.757E-19  2.277E-23  4.391E-30  1.278E-39  0.000E+00  0.000E+00  0.000E+00  0.000E+00  0.000E+00  0.000E+00  0.000E+00  0.000E+00  0.000E+00  0.000E+00  0.000E+00  0.000E+00  0.000E+00  0.000E+00  0.000E+00
  293.5000  5.509E-09  5.303E-09  5.098E-09  4.893E-09  4.696E-09  4.486E-09  4.283E-09  4.081E-09  3.882E-09  3.685E-09  3.493E-09  3.244E-09  3.010E-09  2.807E-09  2.629E-09  2.474E-09  2.240E-09  2.077E-09  1.874E-09  1.728E-09  1.534E-09  1.363E-09  1.207E-09  1.061E-09  9.218E-10  7.915E-10  6.737E-10  5.705E-10  4.811E-10  3.878E-10  3.185E-10  2.506E-10  2.010E-10  1.522E-10  1.125E-10  8.007E-11  5.284E-11  3.044E-11  1.315E-11  3.621E-12  4.379E-13  9.241E-15  3.338E-17  2.768E-21  3.455E-27  1.491E-35  0.000E+00  0.000E+00  0.000E+00  0.000E+00  0.000E+00  0.000E+00  0.000E+00  0.000E+00  0.000E+00  0.000E+00  0.000E+00  0.000E+00  0.000E+00  0.000E+00  0.000E+00
  294.5000  1.687E-08  1.624E-08  1.560E-08  1.497E-08  1.434E-08  1.371E-08  1.309E-08  1.247E-08  1.185E-08  1.125E-08  1.066E-08  9.899E-09  9.182E-09  8.561E-09  8.021E-09  7.547E-09  6.835E-09  6.339E-09  5.720E-09  5.274E-09  4.686E-09  4.163E-09  3.689E-09  3.245E-09  2.822E-09  2.424E-09  2.065E-09  1.750E-09  1.477E-09  1.192E-09  9.796E-10  7.724E-10  6.208E-10  4.721E-10  3.512E-10  2.527E-10  1.702E-10  1.018E-10  4.733E-11  1.479E-11  2.230E-12  7.128E-14  4.707E-16  1.077E-19  5.912E-25  2.132E-32  3.606E-42  0.000E+00  0.000E+00  0.000E+00  0.000E+00  0.000E+00  0.000E+00  0.000E+00  0.000E+00  0.000E+00  0.000E+00  0.000E+00  0.000E+00  0.000E+00  0.000E+00
  295.5000  7.096E-08  6.824E-08  6.554E-08  6.283E-08  6.015E-08  5.749E-08  5.484E-08  5.222E-08  4.962E-08  4.707E-08  4.459E-08  4.140E-08  3.839E-08  3.579E-08  3.352E-08  3.154E-08  2.857E-08  2.649E-08  2.391E-08  2.205E-08  1.960E-08  1.744E-08  1.545E-08  1.360E-08  1.183E-08  1.018E-08  8.674E-09  7.356E-09  6.213E-09  5.020E-09  4.132E-09  3.264E-09  2.629E-09  2.007E-09  1.503E-09  1.093E-09  7.513E-10  4.660E-10  2.329E-10  8.261E-11  1.557E-11  7.614E-13  9.383E-15  6.185E-18  1.598E-22  5.328E-29  1.700E-37  0.000E+00  0.000E+00  0.000E+00  0.000E+00  0.000E+00  0.000E+00  0.000E+00  0.000E+00  0.000E+00  0.000E+00  0.000E+00  0.000E+00  0.000E+00  0.000E+00
  296.5000  1.920E-07  1.845E-07  1.771E-07  1.696E-07  1.623E-07  1.550E-07  1.478E-07  1.406E-07  1.336E-07  1.266E-07  1.199E-07  1.113E-07  1.032E-07  9.613E-08  9.003E-08  8.468E-08  7.669E-08  7.112E-08  6.421E-08  5.922E-08  5.266E-08  4.683E-08  4.155E-08  3.659E-08  3.186E-08  2.742E-08  2.339E-08  1.985E-08  1.678E-08  1.357E-08  1.118E-08  8.850E-09  7.143E-09  5.471E-09  4.119E-09  3.023E-09  2.112E-09  1.351E-09  7.185E-10  2.841E-10  6.489E-11  4.574E-12  9.622E-14  1.560E-16  1.490E-20  3.181E-26  1.160E-33  1.205E-43  0.000E+00  0.000E+00  0.000E+00  0.000E+00  0.000E+00  0.000E+00  0.000E+00  0.000E+00  0.000E+00  0.000E+00  0.000E+00  0.000E+00  0.000E+00
  297.5000  5.450E-07  5.234E-07  5.019E-07  4.806E-07  4.594E-07  4.385E-07  4.177E-07  3.973E-07  3.771E-07  3.573E-07  3.381E-07  3.136E-07  2.906E-07  2.707E-07  2.534E-07  2.383E-07  2.157E-07  2.001E-07  1.806E-07  1.666E-07  1.482E-07  1.322E-07  1.170E-07  1.031E-07  8.984E-08  7.736E-08  6.604E-08  5.609E-08  4.745E-08  3.843E-08  3.169E-08  2.512E-08  2.031E-08  1.560E-08  1.180E-08  8.723E-09  6.179E-09  4.055E-09  2.271E-09  9.851E-10  2.655E-10  2.566E-11  8.596E-13  3.058E-15  9.151E-19  9.927E-24  3.062E-30  5.499E-39  0.000E+00  0.000E+00  0.000E+00  0.000E+00  0.000E+00  0.000E+00  0.000E+00  0.000E+00  0.000E+00  0.000E+00  0.000E+00  0.000E+00  0.000E+00
  298.5000  9.146E-07  8.775E-07  8.408E-07  8.044E-07  7.684E-07  7.328E-07  6.976E-07  6.629E-07  6.287E-07  5.953E-07  5.630E-07  5.220E-07  4.834E-07  4.500E-07  4.210E-07  3.957E-07  3.583E-07  3.321E-07  2.998E-07  2.765E-07  2.459E-07  2.189E-07  1.943E-07  1.714E-07  1.494E-07  1.287E-07  1.100E-07  9.348E-08  7.913E-08  6.416E-08  5.297E-08  4.204E-08  3.404E-08  2.620E-08  1.990E-08  1.480E-08  1.061E-08  7.111E-09  4.163E-09  1.954E-09  6.067E-10  7.693E-11  3.844E-12  2.681E-14  2.126E-17  9.144E-22  1.710E-27  3.401E-35  0.000E+00  0.000E+00  0.000E+00  0.000E+00  0.000E+00  0.000E+00  0.000E+00  0.000E+00  0.000E+00  0.000E+00  0.000E+00  0.000E+00  0.000E+00
  299.5000  2.841E-06  2.723E-06  2.607E-06  2.492E-06  2.378E-06  2.265E-06  2.155E-06  2.046E-06  1.939E-06  1.834E-06  1.733E-06  1.606E-06  1.486E-06  1.382E-06  1.292E-06  1.214E-06  1.099E-06  1.018E-06  9.189E-07  8.473E-07  7.537E-07  6.711E-07  5.958E-07  5.256E-07  4.585E-07  3.954E-07  3.380E-07  2.875E-07  2.436E-07  1.977E-07  1.634E-07  1.299E-07  1.053E-07  8.123E-08  6.189E-08  4.629E-08  3.349E-08  2.288E-08  1.392E-08  7.002E-09  2.469E-09  4.001E-10  2.883E-11  3.741E-13  7.333E-16  1.148E-19  1.177E-24  2.290E-31  1.026E-40  0.000E+00  0.000E+00  0.000E+00  0.000E+00  0.000E+00  0.000E+00  0.000E+00  0.000E+00  0.000E+00  0.000E+00  0.000E+00  0.000E+00
  300.5000  3.477E-06  3.329E-06  3.183E-06  3.040E-06  2.898E-06  2.758E-06  2.621E-06  2.486E-06  2.354E-06  2.225E-06  2.100E-06  1.945E-06  1.798E-06  1.672E-06  1.562E-06  1.466E-06  1.326E-06  1.229E-06  1.109E-06  1.022E-06  9.089E-07  8.092E-07  7.188E-07  6.342E-07  5.535E-07  4.776E-07  4.086E-07  3.477E-07  2.948E-07  2.395E-07  1.981E-07  1.577E-07  1.280E-07  9.893E-08  7.558E-08  5.677E-08  4.140E-08  2.870E-08  1.800E-08  9.578E-09  3.742E-09  7.394E-10  7.157E-11  1.530E-12  6.165E-15  2.646E-18  1.005E-22  1.109E-28  5.544E-37  1.401E-45  0.000E+00  0.000E+00  0.000E+00  0.000E+00  0.000E+00  0.000E+00  0.000E+00  0.000E+00  0.000E+00  0.000E+00  0.000E+00
  301.5000  9.347E-06  8.937E-06  8.534E-06  8.137E-06  7.746E-06  7.363E-06  6.987E-06  6.619E-06  6.261E-06  5.910E-06  5.573E-06  5.154E-06  4.761E-06  4.421E-06  4.127E-06  3.871E-06  3.499E-06  3.238E-06  2.921E-06  2.691E-06  2.393E-06  2.130E-06  1.892E-06  1.670E-06  1.458E-06  1.259E-06  1.078E-06  9.181E-07  7.788E-07  6.337E-07  5.246E-07  4.182E-07  3.398E-07  2.632E-07  2.017E-07  1.522E-07  1.118E-07  7.866E-08  5.085E-08  2.864E-08  1.243E-08  3.018E-09  3.984E-10  1.445E-11  1.256E-13  1.585E-16  2.462E-20  1.793E-25  1.266E-32  6.395E-40  1.401E-45  1.401E-45  0.000E+00  0.000E+00  0.000E+00  0.000E+00  0.000E+00  0.000E+00  0.000E+00  0.000E+00  0.000E+00
  302.5000  1.437E-05  1.372E-05  1.309E-05  1.246E-05  1.185E-05  1.125E-05  1.067E-05  1.009E-05  9.535E-06  8.991E-06  8.470E-06  7.826E-06  7.223E-06  6.702E-06  6.250E-06  5.858E-06  5.291E-06  4.893E-06  4.411E-06  4.062E-06  3.611E-06  3.215E-06  2.856E-06  2.520E-06  2.201E-06  1.901E-06  1.628E-06  1.388E-06  1.178E-06  9.597E-07  7.950E-07  6.344E-07  5.160E-07  4.003E-07  3.074E-07  2.326E-07  1.718E-07  1.220E-07  8.050E-08  4.709E-08  2.194E-08  6.124E-09  9.979E-10  5.182E-11  7.539E-13  1.933E-15  7.502E-19  1.863E-23  7.316E-30  2.015E-36  1.000E-41  1.780E-43  4.204E-45  1.401E-45  0.000E+00  0.000E+00  0.000E+00  0.000E+00  0.000E+00  0.000E+00  0.000E+00
  303.5000  3.198E-05  3.048E-05  2.902E-05  2.759E-05  2.619E-05  2.482E-05  2.349E-05  2.219E-05  2.092E-05  1.971E-05  1.853E-05  1.710E-05  1.576E-05  1.461E-05  1.360E-05  1.273E-05  1.149E-05  1.062E-05  9.562E-06  8.796E-06  7.817E-06  6.956E-06  6.196E-06  5.453E-06  4.763E-06  4.115E-06  3.527E-06  3.008E-06  2.556E-06  2.085E-06  1.728E-06  1.382E-06  1.125E-06  8.743E-07  6.729E-07  5.109E-07  3.796E-07  2.724E-07  1.838E-07  1.122E-07  5.660E-08  1.851E-08  3.838E-09  3.012E-10  7.976E-12  4.723E-14  5.455E-17  5.837E-21  1.763E-26  3.672E-32  7.498E-37  1.172E-38  1.276E-40  4.260E-43  1.401E-45  0.000E+00  0.000E+00  0.000E+00  0.000E+00  0.000E+00  0.000E+00
  304.5000  4.119E-05  3.922E-05  3.729E-05  3.540E-05  3.357E-05  3.178E-05  3.004E-05  2.834E-05  2.670E-05  2.511E-05  2.359E-05  2.175E-05  2.002E-05  1.853E-05  1.725E-05  1.613E-05  1.454E-05  1.342E-05  1.208E-05  1.111E-05  9.866E-06  8.776E-06  7.793E-06  6.877E-06  6.008E-06  5.193E-06  4.452E-06  3.799E-06  3.229E-06  2.636E-06  2.187E-06  1.750E-06  1.426E-06  1.110E-06  8.554E-07  6.508E-07  4.852E-07  3.505E-07  2.396E-07  1.499E-07  7.938E-08  2.853E-08  6.829E-09  6.837E-10  2.574E-11  2.491E-13  5.439E-16  1.351E-19  1.299E-24  8.373E-30  3.762E-34  5.613E-36  4.882E-38  1.088E-40  1.401E-45  0.000E+00  0.000E+00  0.000E+00  0.000E+00  0.000E+00  0.000E+00
  305.5000  7.094E-05  6.738E-05  6.392E-05  6.055E-05  5.727E-05  5.409E-05  5.101E-05  4.802E-05  4.514E-05  4.236E-05  3.971E-05  3.654E-05  3.358E-05  3.102E-05  2.881E-05  2.689E-05  2.421E-05  2.232E-05  2.006E-05  1.842E-05  1.635E-05  1.453E-05  1.289E-05  1.138E-05  9.937E-06  8.590E-06  7.368E-06  6.291E-06  5.351E-06  4.375E-06  3.634E-06  2.912E-06  2.375E-06  1.852E-06  1.431E-06  1.092E-06  8.179E-07  5.957E-07  4.144E-07  2.681E-07  1.513E-07  6.185E-08  1.806E-08  2.548E-09  1.588E-10  3.170E-12  1.797E-14  1.586E-17  8.841E-22  3.227E-26  4.823E-30  6.572E-32  3.886E-34  4.223E-37  6.145E-42  0.000E+00  0.000E+00  0.000E+00  0.000E+00  0.000E+00  0.000E+00
  306.5000  8.367E-05  7.939E-05  7.522E-05  7.116E-05  6.724E-05  6.343E-05  5.975E-05  5.619E-05  5.275E-05  4.944E-05  4.630E-05  4.256E-05  3.907E-05  3.606E-05  3.346E-05  3.120E-05  2.807E-05  2.585E-05  2.322E-05  2.130E-05  1.890E-05  1.679E-05  1.489E-05  1.314E-05  1.147E-05  9.919E-06  8.510E-06  7.268E-06  6.184E-06  5.060E-06  4.205E-06  3.373E-06  2.753E-06  2.149E-06  1.662E-06  1.270E-06  9.534E-07  6.971E-07  4.889E-07  3.212E-07  1.867E-07  8.095E-08  2.587E-08  4.254E-09  3.306E-10  8.982E-12  7.608E-14  1.150E-16  1.348E-20  1.023E-24  2.561E-28  3.469E-30  1.836E-32  1.608E-35  2.051E-40  0.000E+00  0.000E+00  0.000E+00  0.000E+00  0.000E+00  0.000E+00
  307.5000  1.565E-04  1.481E-04  1.399E-04  1.320E-04  1.243E-04  1.170E-04  1.098E-04  1.030E-04  9.642E-05  9.013E-05  8.418E-05  7.723E-05  7.067E-05  6.506E-05  6.021E-05  5.602E-05  5.029E-05  4.621E-05  4.145E-05  3.795E-05  3.361E-05  2.983E-05  2.644E-05  2.330E-05  2.034E-05  1.758E-05  1.509E-05  1.289E-05  1.097E-05  8.992E-06  7.479E-06  6.010E-06  4.910E-06  3.841E-06  2.977E-06  2.281E-06  1.719E-06  1.265E-06  8.983E-07  6.048E-07  3.689E-07  1.767E-07  6.606E-08  1.429E-08  1.669E-09  8.185E-11  1.516E-12  6.547E-15  3.299E-18  1.065E-21  7.248E-25  9.242E-27  3.608E-29  1.771E-32  1.388E-37  0.000E+00  0.000E+00  0.000E+00  0.000E+00  0.000E+00  0.000E+00
  308.5000  1.955E-04  1.847E-04  1.743E-04  1.643E-04  1.546E-04  1.452E-04  1.362E-04  1.276E-04  1.193E-04  1.113E-04  1.039E-04  9.511E-05  8.699E-05  7.998E-05  7.394E-05  6.871E-05  6.162E-05  5.657E-05  5.068E-05  4.637E-05  4.104E-05  3.640E-05  3.224E-05  2.840E-05  2.478E-05  2.142E-05  1.838E-05  1.571E-05  1.337E-05  1.097E-05  9.127E-06  7.341E-06  6.001E-06  4.698E-06  3.646E-06  2.797E-06  2.111E-06  1.558E-06  1.113E-06  7.573E-07  4.718E-07  2.358E-07  9.415E-08  2.280E-08  3.135E-09  1.927E-10  4.789E-12  3.071E-14  2.662E-17  1.462E-20  1.447E-23  1.861E-25  6.849E-28  2.981E-31  2.229E-36  0.000E+00  0.000E+00  0.000E+00  0.000E+00  0.000E+00  0.000E+00
  309.5000  2.124E-04  2.001E-04  1.883E-04  1.769E-04  1.660E-04  1.556E-04  1.455E-04  1.359E-04  1.268E-04  1.180E-04  1.098E-04  1.003E-04  9.150E-05  8.391E-05  7.738E-05  7.174E-05  6.419E-05  5.879E-05  5.258E-05  4.801E-05  4.242E-05  3.757E-05  3.323E-05  2.925E-05  2.551E-05  2.203E-05  1.890E-05  1.615E-05  1.376E-05  1.129E-05  9.405E-06  7.576E-06  6.199E-06  4.862E-06  3.780E-06  2.906E-06  2.199E-06  1.629E-06  1.173E-06  8.107E-07  5.206E-07  2.773E-07  1.225E-07  3.546E-08  6.363E-09  5.758E-10  2.392E-11  3.065E-13  6.934E-16  9.848E-19  1.879E-21  2.366E-23  7.335E-26  2.285E-29  1.318E-34  1.401E-45  0.000E+00  0.000E+00  0.000E+00  0.000E+00  0.000E+00
  310.5000  3.431E-04  3.225E-04  3.028E-04  2.839E-04  2.658E-04  2.484E-04  2.319E-04  2.161E-04  2.010E-04  1.867E-04  1.733E-04  1.580E-04  1.438E-04  1.316E-04  1.211E-04  1.120E-04  1.000E-04  9.142E-05  8.161E-05  7.438E-05  6.562E-05  5.803E-05  5.127E-05  4.507E-05  3.928E-05  3.391E-05  2.908E-05  2.485E-05  2.117E-05  1.739E-05  1.449E-05  1.169E-05  9.570E-06  7.517E-06  5.853E-06  4.507E-06  3.418E-06  2.541E-06  1.841E-06  1.286E-06  8.444E-07  4.711E-07  2.241E-07  7.394E-08  1.609E-08  1.917E-09  1.145E-10  2.395E-12  1.064E-14  2.930E-17  8.849E-20  1.112E-21  3.128E-24  8.040E-28  4.103E-33  7.006E-45  0.000E+00  0.000E+00  0.000E+00  0.000E+00  0.000E+00
  311.5000  4.983E-04  4.676E-04  4.382E-04  4.101E-04  3.833E-04  3.577E-04  3.332E-04  3.100E-04  2.879E-04  2.669E-04  2.473E-04  2.251E-04  2.045E-04  1.868E-04  1.716E-04  1.585E-04  1.413E-04  1.290E-04  1.150E-04  1.046E-04  9.218E-05  8.143E-05  7.186E-05  6.313E-05  5.497E-05  4.743E-05  4.066E-05  3.474E-05  2.959E-05  2.433E-05  2.028E-05  1.637E-05  1.341E-05  1.054E-05  8.221E-06  6.338E-06  4.814E-06  3.586E-06  2.608E-06  1.836E-06  1.222E-06  7.023E-07  3.503E-07  1.257E-07  3.100E-08  4.414E-09  3.336E-10  9.642E-12  6.697E-14  2.879E-16  1.192E-18  1.524E-20  4.141E-23  9.779E-27  4.884E-32  7.147E-44  0.000E+00  0.000E+00  0.000E+00  0.000E+00  0.000E+00
  312.5000  6.288E-04  5.876E-04  5.485E-04  5.113E-04  4.760E-04  4.425E-04  4.106E-04  3.805E-04  3.521E-04  3.252E-04  3.002E-04  2.722E-04  2.464E-04  2.242E-04  2.051E-04  1.887E-04  1.677E-04  1.525E-04  1.355E-04  1.229E-04  1.079E-04  9.508E-05  8.371E-05  7.337E-05  6.376E-05  5.494E-05  4.705E-05  4.016E-05  3.419E-05  2.814E-05  2.346E-05  1.897E-05  1.556E-05  1.226E-05  9.580E-06  7.404E-06  5.640E-06  4.217E-06  3.087E-06  2.197E-06  1.496E-06  9.030E-07  4.880E-07  2.026E-07  6.218E-08  1.217E-08  1.405E-09  7.228E-11  1.110E-12  1.040E-14  7.330E-17  9.259E-19  2.206E-21  4.026E-25  1.661E-30  2.688E-42  0.000E+00  0.000E+00  0.000E+00  0.000E+00  0.000E+00
  313.5000  7.623E-04  7.118E-04  6.638E-04  6.181E-04  5.750E-04  5.340E-04  4.952E-04  4.585E-04  4.238E-04  3.911E-04  3.607E-04  3.267E-04  2.955E-04  2.687E-04  2.456E-04  2.258E-04  2.004E-04  1.821E-04  1.616E-04  1.465E-04  1.285E-04  1.131E-04  9.953E-05  8.719E-05  7.573E-05  6.522E-05  5.583E-05  4.765E-05  4.056E-05  3.338E-05  2.784E-05  2.252E-05  1.848E-05  1.457E-05  1.140E-05  8.814E-06  6.721E-06  5.032E-06  3.690E-06  2.637E-06  1.808E-06  1.107E-06  6.120E-07  2.643E-07  8.581E-08  1.810E-08  2.299E-09  1.350E-10  2.483E-12  2.775E-14  2.235E-16  2.924E-18  7.201E-21  1.376E-24  6.304E-30  1.327E-41  0.000E+00  0.000E+00  0.000E+00  0.000E+00  0.000E+00
  314.5000  1.006E-03  9.359E-04  8.693E-04  8.061E-04  7.466E-04  6.904E-04  6.374E-04  5.876E-04  5.408E-04  4.969E-04  4.563E-04  4.116E-04  3.707E-04  3.356E-04  3.054E-04  2.796E-04  2.470E-04  2.234E-04  1.975E-04  1.783E-04  1.559E-04  1.367E-04  1.198E-04  1.046E-04  9.065E-05  7.788E-05  6.655E-05  5.671E-05  4.822E-05  3.970E-05  3.311E-05  2.682E-05  2.202E-05  1.741E-05  1.365E-05  1.058E-05  8.092E-06  6.080E-06  4.483E-06  3.232E-06  2.254E-06  1.433E-06  8.436E-07  4.093E-07  1.589E-07  4.357E-08  7.893E-09  7.557E-10  2.737E-11  5.976E-13  7.616E-15  9.938E-17  2.212E-19  3.430E-23  1.357E-28  3.221E-40  0.000E+00  0.000E+00  0.000E+00  0.000E+00  0.000E+00
  315.5000  1.094E-03  1.017E-03  9.442E-04  8.752E-04  8.102E-04  7.489E-04  6.911E-04  6.367E-04  5.857E-04  5.379E-04  4.936E-04  4.450E-04  4.006E-04  3.624E-04  3.296E-04  3.018E-04  2.663E-04  2.407E-04  2.127E-04  1.918E-04  1.676E-04  1.469E-04  1.287E-04  1.123E-04  9.724E-05  8.350E-05  7.132E-05  6.076E-05  5.166E-05  4.253E-05  3.547E-05  2.875E-05  2.361E-05  1.867E-05  1.465E-05  1.137E-05  8.699E-06  6.543E-06  4.832E-06  3.492E-06  2.447E-06  1.571E-06  9.382E-07  4.669E-07  1.877E-07  5.378E-08  1.029E-08  1.064E-09  4.269E-11  1.029E-12  1.422E-14  1.929E-16  4.518E-19  7.590E-23  3.443E-28  1.075E-39  0.000E+00  0.000E+00  0.000E+00  0.000E+00  0.000E+00
  316.5000  1.426E-03  1.322E-03  1.224E-03  1.131E-03  1.044E-03  9.616E-04  8.843E-04  8.117E-04  7.438E-04  6.804E-04  6.219E-04  5.584E-04  5.006E-04  4.510E-04  4.084E-04  3.720E-04  3.271E-04  2.945E-04  2.590E-04  2.326E-04  2.024E-04  1.767E-04  1.542E-04  1.341E-04  1.157E-04  9.906E-05  8.439E-05  7.174E-05  6.089E-05  5.010E-05  4.177E-05  3.388E-05  2.784E-05  2.206E-05  1.734E-05  1.349E-05  1.036E-05  7.816E-06  5.798E-06  4.220E-06  2.993E-06  1.974E-06  1.233E-06  6.683E-07  3.067E-07  1.072E-07  2.689E-08  4.043E-09  2.718E-10  1.087E-11  2.128E-13  2.908E-15  6.406E-18  9.436E-22  3.962E-27  1.436E-38  0.000E+00  0.000E+00  0.000E+00  0.000E+00  0.000E+00
  317.5000  2.015E-03  1.869E-03  1.731E-03  1.599E-03  1.476E-03  1.360E-03  1.250E-03  1.148E-03  1.052E-03  9.628E-04  8.802E-04  7.905E-04  7.088E-04  6.386E-04  5.785E-04  5.269E-04  4.635E-04  4.173E-04  3.671E-04  3.297E-04  2.869E-04  2.504E-04  2.186E-04  1.901E-04  1.641E-04  1.405E-04  1.197E-04  1.017E-04  8.635E-05  7.105E-05  5.924E-05  4.805E-05  3.949E-05  3.130E-05  2.461E-05  1.915E-05  1.471E-05  1.110E-05  8.239E-06  6.001E-06  4.263E-06  2.819E-06  1.768E-06  9.628E-07  4.442E-07  1.556E-07  3.909E-08  5.888E-09  3.962E-10  1.586E-11  3.161E-13  4.525E-15  1.077E-17  1.799E-21  9.015E-27  4.346E-38  0.000E+00  0.000E+00  0.000E+00  0.000E+00  0.000E+00
  318.5000  2.120E-03  1.964E-03  1.816E-03  1.676E-03  1.544E-03  1.419E-03  1.302E-03  1.192E-03  1.089E-03  9.930E-04  9.045E-04  8.093E-04  7.227E-04  6.484E-04  5.848E-04  5.304E-04  4.644E-04  4.161E-04  3.644E-04  3.257E-04  2.821E-04  2.451E-04  2.129E-04  1.843E-04  1.584E-04  1.351E-04  1.147E-04  9.719E-05  8.228E-05  6.762E-05  5.631E-05  4.568E-05  3.754E-05  2.981E-05  2.350E-05  1.834E-05  1.412E-05  1.070E-05  7.978E-06  5.848E-06  4.199E-06  2.841E-06  1.849E-06  1.082E-06  5.596E-07  2.334E-07  7.463E-08  1.576E-08  1.691E-09  1.071E-10  2.935E-12  4.241E-14  9.591E-17  1.430E-20  6.732E-26  3.770E-37  0.000E+00  0.000E+00  0.000E+00  0.000E+00  0.000E+00
  319.5000  2.746E-03  2.545E-03  2.354E-03  2.173E-03  2.001E-03  1.839E-03  1.687E-03  1.544E-03  1.410E-03  1.286E-03  1.171E-03  1.047E-03  9.344E-04  8.379E-04  7.554E-04  6.847E-04  5.991E-04  5.365E-04  4.693E-04  4.193E-04  3.627E-04  3.149E-04  2.734E-04  2.365E-04  2.030E-04  1.730E-04  1.467E-04  1.243E-04  1.051E-04  8.636E-05  7.190E-05  5.832E-05  4.794E-05  3.808E-05  3.004E-05  2.346E-05  1.808E-05  1.372E-05  1.024E-05  7.519E-06  5.415E-06  3.684E-06  2.420E-06  1.441E-06  7.633E-07  3.292E-07  1.101E-07  2.475E-08  2.891E-09  1.991E-10  5.855E-12  8.789E-14  2.092E-16  3.374E-20  1.807E-25  1.301E-36  0.000E+00  0.000E+00  0.000E+00  0.000E+00  0.000E+00
  320.5000  3.596E-03  3.333E-03  3.083E-03  2.845E-03  2.620E-03  2.408E-03  2.208E-03  2.020E-03  1.844E-03  1.680E-03  1.529E-03  1.366E-03  1.218E-03  1.091E-03  9.827E-04  8.898E-04  7.776E-04  6.955E-04  6.077E-04  5.422E-04  4.685E-04  4.061E-04  3.521E-04  3.042E-04  2.608E-04  2.220E-04  1.880E-04  1.591E-04  1.345E-04  1.104E-04  9.187E-05  7.451E-05  6.125E-05  4.867E-05  3.841E-05  3.002E-05  2.317E-05  1.759E-05  1.315E-05  9.672E-06  6.984E-06  4.778E-06  3.165E-06  1.914E-06  1.040E-06  4.672E-07  1.655E-07  4.031E-08  5.259E-09  4.048E-10  1.301E-11  2.027E-13  5.046E-16  8.664E-20  5.159E-25  4.691E-36  0.000E+00  0.000E+00  0.000E+00  0.000E+00  0.000E+00
  321.5000  4.237E-03  3.939E-03  3.652E-03  3.378E-03  3.117E-03  2.868E-03  2.633E-03  2.410E-03  2.201E-03  2.004E-03  1.823E-03  1.626E-03  1.447E-03  1.294E-03  1.162E-03  1.050E-03  9.139E-04  8.146E-04  7.087E-04  6.297E-04  5.413E-04  4.668E-04  4.026E-04  3.462E-04  2.950E-04  2.497E-04  2.104E-04  1.772E-04  1.491E-04  1.220E-04  1.012E-04  8.195E-05  6.730E-05  5.352E-05  4.232E-05  3.318E-05  2.570E-05  1.960E-05  1.473E-05  1.091E-05  7.956E-06  5.546E-06  3.785E-06  2.424E-06  1.444E-06  7.478E-07  3.245E-07  1.057E-07  2.064E-08  2.364E-09  1.003E-10  1.578E-12  3.769E-15  5.897E-19  3.370E-24  3.579E-35  0.000E+00  0.000E+00  0.000E+00  0.000E+00  0.000E+00
  322.5000  3.290E-03  3.050E-03  2.822E-03  2.604E-03  2.399E-03  2.204E-03  2.021E-03  1.848E-03  1.687E-03  1.536E-03  1.397E-03  1.248E-03  1.112E-03  9.956E-04  8.961E-04  8.108E-04  7.079E-04  6.327E-04  5.523E-04  4.924E-04  4.249E-04  3.680E-04  3.187E-04  2.752E-04  2.355E-04  2.002E-04  1.694E-04  1.432E-04  1.210E-04  9.925E-05  8.255E-05  6.694E-05  5.503E-05  4.374E-05  3.455E-05  2.703E-05  2.088E-05  1.587E-05  1.188E-05  8.760E-06  6.346E-06  4.368E-06  2.922E-06  1.798E-06  1.003E-06  4.673E-07  1.741E-07  4.561E-08  6.586E-09  5.639E-10  2.009E-11  3.393E-13  9.501E-16  1.953E-19  1.523E-24  2.263E-35  0.000E+00  0.000E+00  0.000E+00  0.000E+00  0.000E+00
  323.5000  5.139E-03  4.787E-03  4.448E-03  4.121E-03  3.809E-03  3.511E-03  3.227E-03  2.958E-03  2.704E-03  2.465E-03  2.243E-03  2.001E-03  1.781E-03  1.592E-03  1.430E-03  1.291E-03  1.123E-03  9.997E-04  8.682E-04  7.704E-04  6.607E-04  5.685E-04  4.891E-04  4.197E-04  3.564E-04  3.007E-04  2.527E-04  2.121E-04  1.781E-04  1.453E-04  1.203E-04  9.729E-05  7.982E-05  6.346E-05  5.022E-05  3.942E-05  3.060E-05  2.340E-05  1.764E-05  1.311E-05  9.603E-06  6.752E-06  4.665E-06  3.060E-06  1.893E-06  1.042E-06  4.949E-07  1.839E-07  4.322E-08  6.003E-09  2.989E-10  5.062E-12  1.324E-14  2.354E-18  1.667E-23  2.778E-34  0.000E+00  0.000E+00  0.000E+00  0.000E+00  0.000E+00
  324.5000  5.929E-03  5.521E-03  5.129E-03  4.751E-03  4.390E-03  4.046E-03  3.719E-03  3.408E-03  3.115E-03  2.840E-03  2.584E-03  2.305E-03  2.051E-03  1.834E-03  1.648E-03  1.488E-03  1.294E-03  1.153E-03  1.001E-03  8.889E-04  7.626E-04  6.564E-04  5.650E-04  4.821E-04  4.121E-04  3.479E-04  2.924E-04  2.456E-04  2.063E-04  1.683E-04  1.394E-04  1.128E-04  9.255E-05  7.360E-05  5.824E-05  4.572E-05  3.549E-05  2.713E-05  2.045E-05  1.520E-05  1.114E-05  7.833E-06  5.414E-06  3.551E-06  2.193E-06  1.202E-06  5.662E-07  2.081E-07  4.812E-08  6.592E-09  3.303E-10  5.842E-12  1.647E-14  3.303E-18  2.756E-23  5.941E-34  0.000E+00  0.000E+00  0.000E+00  0.000E+00  0.000E+00
  325.5000  6.264E-03  5.828E-03  5.408E-03  5.005E-03  4.621E-03  4.255E-03  3.907E-03  3.578E-03  3.269E-03  2.977E-03  2.708E-03  2.415E-03  2.148E-03  1.920E-03  1.725E-03  1.557E-03  1.355E-03  1.207E-03  1.049E-03  9.310E-04  7.992E-04  6.883E-04  5.928E-04  5.079E-04  4.330E-04  3.659E-04  3.078E-04  2.587E-04  2.175E-04  1.776E-04  1.472E-04  1.191E-04  9.779E-05  7.777E-05  6.154E-05  4.830E-05  3.747E-05  2.862E-05  2.156E-05  1.601E-05  1.172E-05  8.220E-06  5.662E-06  3.689E-06  2.254E-06  1.214E-06  5.570E-07  1.970E-07  4.324E-08  5.650E-09  2.788E-10  5.173E-12  1.588E-14  3.656E-18  3.636E-23  1.007E-33  0.000E+00  0.000E+00  0.000E+00  0.000E+00  0.000E+00
  326.5000  1.034E-02  9.671E-03  9.024E-03  8.396E-03  7.791E-03  7.210E-03  6.653E-03  6.121E-03  5.615E-03  5.136E-03  4.689E-03  4.190E-03  3.735E-03  3.345E-03  3.011E-03  2.724E-03  2.368E-03  2.111E-03  1.832E-03  1.625E-03  1.391E-03  1.194E-03  1.025E-03  8.761E-04  7.422E-04  6.237E-04  5.218E-04  4.363E-04  3.648E-04  2.963E-04  2.445E-04  1.971E-04  1.614E-04  1.282E-04  1.014E-04  7.976E-05  6.208E-05  4.764E-05  3.608E-05  2.697E-05  1.990E-05  1.415E-05  9.934E-06  6.717E-06  4.356E-06  2.590E-06  1.380E-06  6.083E-07  1.824E-07  3.270E-08  2.022E-09  3.803E-11  1.138E-13  2.457E-17  2.398E-22  7.714E-33  0.000E+00  0.000E+00  0.000E+00  0.000E+00  0.000E+00
  327.5000  8.684E-03  8.106E-03  7.548E-03  7.008E-03  6.491E-03  5.995E-03  5.521E-03  5.070E-03  4.642E-03  4.239E-03  3.863E-03  3.449E-03  3.071E-03  2.747E-03  2.470E-03  2.232E-03  1.940E-03  1.728E-03  1.500E-03  1.331E-03  1.140E-03  9.796E-04  8.416E-04  7.199E-04  6.110E-04  5.143E-04  4.311E-04  3.611E-04  3.025E-04  2.462E-04  2.034E-04  1.642E-04  1.346E-04  1.070E-04  8.470E-05  6.657E-05  5.177E-05  3.968E-05  3.000E-05  2.238E-05  1.648E-05  1.168E-05  8.160E-06  5.464E-06  3.488E-06  2.017E-06  1.028E-06  4.247E-07  1.160E-07  1.896E-08  1.119E-09  2.211E-11  7.284E-14  1.843E-17  2.192E-22  9.187E-33  0.000E+00  0.000E+00  0.000E+00  0.000E+00  0.000E+00
  328.5000  8.035E-03  7.499E-03  6.982E-03  6.482E-03  6.002E-03  5.543E-03  5.104E-03  4.686E-03  4.290E-03  3.916E-03  3.568E-03  3.184E-03  2.835E-03  2.535E-03  2.279E-03  2.058E-03  1.789E-03  1.593E-03  1.382E-03  1.226E-03  1.049E-03  9.013E-04  7.740E-04  6.612E-04  5.615E-04  4.725E-04  3.959E-04  3.315E-04  2.776E-04  2.259E-04  1.866E-04  1.506E-04  1.235E-04  9.810E-05  7.765E-05  6.103E-05  4.747E-05  3.638E-05  2.751E-05  2.053E-05  1.511E-05  1.071E-05  7.487E-06  5.017E-06  3.205E-06  1.858E-06  9.511E-07  3.960E-07  1.098E-07  1.838E-08  1.120E-09  2.306E-11  8.092E-14  2.250E-17  3.049E-22  1.588E-32  0.000E+00  0.000E+00  0.000E+00  0.000E+00  0.000E+00
  329.5000  1.328E-02  1.246E-02  1.166E-02  1.088E-02  1.013E-02  9.404E-03  8.705E-03  8.033E-03  7.391E-03  6.781E-03  6.208E-03  5.559E-03  4.965E-03  4.457E-03  4.021E-03  3.647E-03  3.174E-03  2.834E-03  2.460E-03  2.186E-03  1.871E-03  1.605E-03  1.377E-03  1.174E-03  9.942E-04  8.336E-04  6.957E-04  5.802E-04  4.840E-04  3.918E-04  3.226E-04  2.593E-04  2.120E-04  1.681E-04  1.330E-04  1.046E-04  8.155E-05  6.273E-05  4.765E-05  3.574E-05  2.649E-05  1.896E-05  1.342E-05  9.215E-06  6.120E-06  3.787E-06  2.147E-06  1.042E-06  3.601E-07  7.555E-08  5.432E-09  1.139E-10  3.983E-13  1.083E-16  1.497E-21  9.203E-32  0.000E+00  0.000E+00  0.000E+00  0.000E+00  0.000E+00
  330.5000  1.090E-02  1.020E-02  9.522E-03  8.865E-03  8.233E-03  7.624E-03  7.039E-03  6.480E-03  5.948E-03  5.444E-03  4.972E-03  4.445E-03  3.963E-03  3.550E-03  3.197E-03  2.893E-03  2.515E-03  2.242E-03  1.946E-03  1.727E-03  1.477E-03  1.268E-03  1.088E-03  9.306E-04  7.866E-04  6.604E-04  5.520E-04  4.610E-04  3.852E-04  3.125E-04  2.576E-04  2.075E-04  1.698E-04  1.348E-04  1.067E-04  8.392E-05  6.536E-05  5.021E-05  3.808E-05  2.850E-05  2.107E-05  1.503E-05  1.060E-05  7.215E-06  4.727E-06  2.856E-06  1.559E-06  7.142E-07  2.272E-07  4.399E-08  3.040E-09  6.688E-11  2.560E-13  8.077E-17  1.343E-21  1.057E-31  0.000E+00  0.000E+00  0.000E+00  0.000E+00  0.000E+00
  331.5000  1.054E-02  9.864E-03  9.204E-03  8.565E-03  7.949E-03  7.357E-03  6.789E-03  6.246E-03  5.730E-03  5.240E-03  4.784E-03  4.274E-03  3.809E-03  3.411E-03  3.070E-03  2.777E-03  2.413E-03  2.150E-03  1.865E-03  1.655E-03  1.416E-03  1.215E-03  1.042E-03  8.900E-04  7.534E-04  6.326E-04  5.288E-04  4.417E-04  3.691E-04  2.995E-04  2.470E-04  1.989E-04  1.628E-04  1.293E-04  1.023E-04  8.046E-05  6.266E-05  4.812E-05  3.648E-05  2.730E-05  2.018E-05  1.438E-05  1.013E-05  6.888E-06  4.502E-06  2.710E-06  1.471E-06  6.684E-07  2.106E-07  4.060E-08  2.840E-09  6.509E-11  2.666E-13  9.331E-17  1.783E-21  1.744E-31  0.000E+00  0.000E+00  0.000E+00  0.000E+00  0.000E+00
  332.5000  1.244E-02  1.168E-02  1.095E-02  1.023E-02  9.536E-03  8.864E-03  8.215E-03  7.591E-03  6.994E-03  6.425E-03  5.890E-03  5.279E-03  4.719E-03  4.240E-03  3.831E-03  3.479E-03  3.028E-03  2.706E-03  2.351E-03  2.090E-03  1.789E-03  1.535E-03  1.316E-03  1.123E-03  9.494E-04  7.953E-04  6.630E-04  5.523E-04  4.603E-04  3.720E-04  3.059E-04  2.456E-04  2.006E-04  1.589E-04  1.257E-04  9.887E-05  7.711E-05  5.937E-05  4.515E-05  3.393E-05  2.520E-05  1.809E-05  1.285E-05  8.880E-06  5.953E-06  3.744E-06  2.178E-06  1.102E-06  4.059E-07  9.225E-08  7.311E-09  1.714E-10  7.105E-13  2.503E-16  5.005E-21  5.811E-31  0.000E+00  0.000E+00  0.000E+00  0.000E+00  0.000E+00
  333.5000  1.081E-02  1.013E-02  9.478E-03  8.840E-03  8.223E-03  7.628E-03  7.055E-03  6.506E-03  5.981E-03  5.483E-03  5.016E-03  4.488E-03  4.006E-03  3.593E-03  3.239E-03  2.936E-03  2.553E-03  2.278E-03  1.977E-03  1.755E-03  1.501E-03  1.288E-03  1.104E-03  9.463E-04  7.968E-04  6.680E-04  5.573E-04  4.647E-04  3.877E-04  3.138E-04  2.583E-04  2.076E-04  1.698E-04  1.346E-04  1.065E-04  8.377E-05  6.530E-05  5.023E-05  3.816E-05  2.863E-05  2.122E-05  1.519E-05  1.076E-05  7.395E-06  4.913E-06  3.040E-06  1.723E-06  8.376E-07  2.914E-07  6.270E-08  4.857E-09  1.190E-10  5.347E-13  2.145E-16  5.050E-21  7.357E-31  0.000E+00  0.000E+00  0.000E+00  0.000E+00  0.000E+00
  334.5000  1.258E-02  1.180E-02  1.105E-02  1.031E-02  9.603E-03  8.916E-03  8.255E-03  7.619E-03  7.011E-03  6.433E-03  5.890E-03  5.274E-03  4.710E-03  4.228E-03  3.815E-03  3.460E-03  3.009E-03  2.687E-03  2.332E-03  2.072E-03  1.772E-03  1.520E-03  1.303E-03  1.113E-03  9.394E-04  7.869E-04  6.561E-04  5.466E-04  4.556E-04  3.684E-04  3.029E-04  2.433E-04  1.988E-04  1.575E-04  1.246E-04  9.801E-05  7.642E-05  5.882E-05  4.472E-05  3.358E-05  2.493E-05  1.787E-05  1.269E-05  8.749E-06  5.846E-06  3.656E-06  2.108E-06  1.053E-06  3.815E-07  8.603E-08  6.975E-09  1.768E-10  8.335E-13  3.586E-16  9.371E-21  1.656E-30  0.000E+00  0.000E+00  0.000E+00  0.000E+00  0.000E+00
  335.5000  1.393E-02  1.310E-02  1.229E-02  1.150E-02  1.074E-02  9.992E-03  9.272E-03  8.579E-03  7.915E-03  7.280E-03  6.682E-03  5.995E-03  5.364E-03  4.825E-03  4.364E-03  3.968E-03  3.455E-03  3.091E-03  2.686E-03  2.391E-03  2.046E-03  1.755E-03  1.505E-03  1.284E-03  1.085E-03  9.080E-04  7.562E-04  6.293E-04  5.239E-04  4.227E-04  3.472E-04  2.783E-04  2.272E-04  1.798E-04  1.421E-04  1.118E-04  8.720E-05  6.719E-05  5.117E-05  3.850E-05  2.866E-05  2.062E-05  1.469E-05  1.021E-05  6.895E-06  4.396E-06  2.616E-06  1.373E-06  5.360E-07  1.311E-07  1.138E-08  2.970E-10  1.450E-12  6.547E-16  1.861E-20  3.959E-30  0.000E+00  0.000E+00  0.000E+00  0.000E+00  0.000E+00
  336.5000  1.062E-02  9.979E-03  9.355E-03  8.747E-03  8.157E-03  7.586E-03  7.035E-03  6.503E-03  5.995E-03  5.509E-03  5.053E-03  4.530E-03  4.050E-03  3.640E-03  3.289E-03  2.988E-03  2.601E-03  2.325E-03  2.020E-03  1.796E-03  1.536E-03  1.318E-03  1.130E-03  9.636E-04  8.141E-04  6.813E-04  5.675E-04  4.723E-04  3.932E-04  3.174E-04  2.607E-04  2.091E-04  1.707E-04  1.351E-04  1.068E-04  8.401E-05  6.554E-05  5.049E-05  3.843E-05  2.891E-05  2.151E-05  1.546E-05  1.101E-05  7.637E-06  5.148E-06  3.269E-06  1.933E-06  1.004E-06  3.869E-07  9.375E-08  8.201E-09  2.223E-10  1.157E-12  5.769E-16  1.872E-20  4.880E-30  0.000E+00  0.000E+00  0.000E+00  0.000E+00  0.000E+00
  337.5000  1.096E-02  1.028E-02  9.624E-03  8.983E-03  8.363E-03  7.764E-03  7.187E-03  6.632E-03  6.102E-03  5.598E-03  5.125E-03  4.588E-03  4.096E-03  3.675E-03  3.316E-03  3.007E-03  2.614E-03  2.333E-03  2.025E-03  1.798E-03  1.538E-03  1.318E-03  1.130E-03  9.614E-04  8.140E-04  6.816E-04  5.680E-04  4.730E-04  3.941E-04  3.185E-04  2.618E-04  2.102E-04  1.717E-04  1.360E-04  1.075E-04  8.460E-05  6.598E-05  5.079E-05  3.863E-05  2.902E-05  2.156E-05  1.547E-05  1.099E-05  7.592E-06  5.084E-06  3.191E-06  1.851E-06  9.340E-07  3.449E-07  8.034E-08  6.934E-09  1.957E-10  1.095E-12  6.130E-16  2.303E-20  7.411E-30  0.000E+00  0.000E+00  0.000E+00  0.000E+00  0.000E+00
  338.5000  1.270E-02  1.195E-02  1.121E-02  1.049E-02  9.791E-03  9.113E-03  8.457E-03  7.825E-03  7.218E-03  6.639E-03  6.094E-03  5.467E-03  4.891E-03  4.398E-03  3.977E-03  3.616E-03  3.148E-03  2.816E-03  2.446E-03  2.177E-03  1.862E-03  1.597E-03  1.369E-03  1.167E-03  9.861E-04  8.248E-04  6.865E-04  5.709E-04  4.750E-04  3.830E-04  3.143E-04  2.518E-04  2.055E-04  1.625E-04  1.284E-04  1.010E-04  7.880E-05  6.073E-05  4.627E-05  3.484E-05  2.594E-05  1.868E-05  1.333E-05  9.272E-06  6.278E-06  4.019E-06  2.410E-06  1.281E-06  5.117E-07  1.300E-07  1.206E-08  3.499E-10  2.019E-12  1.177E-15  4.765E-20  1.820E-29  0.000E+00  0.000E+00  0.000E+00  0.000E+00  0.000E+00
  339.5000  1.399E-02  1.317E-02  1.236E-02  1.157E-02  1.080E-02  1.005E-02  9.333E-03  8.639E-03  7.972E-03  7.335E-03  6.735E-03  6.043E-03  5.407E-03  4.864E-03  4.400E-03  4.001E-03  3.484E-03  3.117E-03  2.708E-03  2.410E-03  2.062E-03  1.769E-03  1.516E-03  1.291E-03  1.091E-03  9.125E-04  7.592E-04  6.312E-04  5.250E-04  4.230E-04  3.471E-04  2.779E-04  2.267E-04  1.793E-04  1.416E-04  1.113E-04  8.688E-05  6.697E-05  5.104E-05  3.844E-05  2.865E-05  2.064E-05  1.473E-05  1.026E-05  6.963E-06  4.473E-06  2.697E-06  1.448E-06  5.878E-07  1.526E-07  1.456E-08  4.369E-10  2.654E-12  1.671E-15  7.539E-20  3.467E-29  0.000E+00  0.000E+00  0.000E+00  0.000E+00  0.000E+00
  340.5000  1.446E-02  1.359E-02  1.275E-02  1.192E-02  1.112E-02  1.034E-02  9.589E-03  8.866E-03  8.173E-03  7.511E-03  6.889E-03  6.175E-03  5.521E-03  4.961E-03  4.483E-03  4.072E-03  3.543E-03  3.167E-03  2.750E-03  2.445E-03  2.090E-03  1.792E-03  1.536E-03  1.309E-03  1.105E-03  9.242E-04  7.691E-04  6.396E-04  5.321E-04  4.290E-04  3.521E-04  2.821E-04  2.302E-04  1.821E-04  1.439E-04  1.131E-04  8.827E-05  6.803E-05  5.181E-05  3.901E-05  2.904E-05  2.091E-05  1.491E-05  1.037E-05  7.011E-06  4.479E-06  2.677E-06  1.417E-06  5.639E-07  1.439E-07  1.374E-08  4.275E-10  2.764E-12  1.921E-15  9.862E-20  5.517E-29  0.000E+00  0.000E+00  0.000E+00  0.000E+00  0.000E+00
  341.5000  1.349E-02  1.270E-02  1.192E-02  1.116E-02  1.043E-02  9.710E-03  9.017E-03  8.349E-03  7.707E-03  7.094E-03  6.516E-03  5.848E-03  5.234E-03  4.709E-03  4.261E-03  3.877E-03  3.376E-03  3.021E-03  2.625E-03  2.337E-03  1.999E-03  1.714E-03  1.469E-03  1.252E-03  1.057E-03  8.838E-04  7.350E-04  6.108E-04  5.078E-04  4.089E-04  3.353E-04  2.684E-04  2.188E-04  1.729E-04  1.365E-04  1.074E-04  8.378E-05  6.460E-05  4.925E-05  3.712E-05  2.768E-05  1.996E-05  1.427E-05  9.955E-06  6.770E-06  4.368E-06  2.654E-06  1.443E-06  5.986E-07  1.603E-07  1.602E-08  5.134E-10  3.457E-12  2.548E-15  1.431E-19  9.536E-29  0.000E+00  0.000E+00  0.000E+00  0.000E+00  0.000E+00
  342.5000  1.509E-02  1.420E-02  1.334E-02  1.249E-02  1.167E-02  1.087E-02  1.010E-02  9.353E-03  8.636E-03  7.950E-03  7.304E-03  6.557E-03  5.869E-03  5.282E-03  4.780E-03  4.350E-03  3.788E-03  3.390E-03  2.946E-03  2.623E-03  2.244E-03  1.924E-03  1.649E-03  1.405E-03  1.186E-03  9.914E-04  8.243E-04  6.848E-04  5.692E-04  4.581E-04  3.755E-04  3.004E-04  2.449E-04  1.935E-04  1.527E-04  1.201E-04  9.371E-05  7.227E-05  5.510E-05  4.155E-05  3.099E-05  2.236E-05  1.599E-05  1.117E-05  7.606E-06  4.920E-06  3.003E-06  1.644E-06  6.909E-07  1.883E-07  1.929E-08  6.385E-10  4.520E-12  3.591E-15  2.242E-19  1.785E-28  0.000E+00  0.000E+00  0.000E+00  0.000E+00  0.000E+00
  343.5000  1.542E-02  1.451E-02  1.362E-02  1.275E-02  1.191E-02  1.109E-02  1.029E-02  9.525E-03  8.790E-03  8.087E-03  7.425E-03  6.662E-03  5.961E-03  5.361E-03  4.848E-03  4.409E-03  3.838E-03  3.433E-03  2.982E-03  2.653E-03  2.268E-03  1.945E-03  1.666E-03  1.419E-03  1.198E-03  1.001E-03  8.324E-04  6.915E-04  5.748E-04  4.627E-04  3.793E-04  3.035E-04  2.474E-04  1.955E-04  1.543E-04  1.213E-04  9.468E-05  7.301E-05  5.566E-05  4.195E-05  3.129E-05  2.257E-05  1.613E-05  1.126E-05  7.659E-06  4.944E-06  3.008E-06  1.639E-06  6.846E-07  1.862E-07  1.928E-08  6.601E-10  4.939E-12  4.277E-15  2.995E-19  2.862E-28  0.000E+00  0.000E+00  0.000E+00  0.000E+00  0.000E+00
  344.5000  1.062E-02  9.986E-03  9.368E-03  8.764E-03  8.179E-03  7.611E-03  7.061E-03  6.532E-03  6.024E-03  5.538E-03  5.082E-03  4.557E-03  4.075E-03  3.662E-03  3.310E-03  3.008E-03  2.617E-03  2.339E-03  2.031E-03  1.806E-03  1.544E-03  1.323E-03  1.133E-03  9.657E-04  8.148E-04  6.808E-04  5.660E-04  4.702E-04  3.908E-04  3.147E-04  2.580E-04  2.065E-04  1.683E-04  1.330E-04  1.050E-04  8.259E-05  6.444E-05  4.968E-05  3.787E-05  2.854E-05  2.127E-05  1.534E-05  1.096E-05  7.643E-06  5.192E-06  3.344E-06  2.027E-06  1.098E-06  4.548E-07  1.231E-07  1.286E-08  4.554E-10  3.601E-12  3.398E-15  2.669E-19  3.058E-28  0.000E+00  0.000E+00  0.000E+00  0.000E+00  0.000E+00
  345.5000  1.527E-02  1.438E-02  1.351E-02  1.265E-02  1.182E-02  1.102E-02  1.024E-02  9.484E-03  8.759E-03  8.066E-03  7.413E-03  6.655E-03  5.958E-03  5.363E-03  4.854E-03  4.418E-03  3.847E-03  3.444E-03  2.992E-03  2.665E-03  2.279E-03  1.954E-03  1.674E-03  1.430E-03  1.203E-03  1.005E-03  8.353E-04  6.935E-04  5.760E-04  4.632E-04  3.794E-04  3.033E-04  2.471E-04  1.951E-04  1.539E-04  1.210E-04  9.441E-05  7.282E-05  5.555E-05  4.191E-05  3.129E-05  2.260E-05  1.618E-05  1.132E-05  7.733E-06  5.026E-06  3.094E-06  1.719E-06  7.407E-07  2.100E-07  2.291E-08  8.338E-10  6.848E-12  6.824E-15  5.832E-19  7.849E-28  0.000E+00  0.000E+00  0.000E+00  0.000E+00  0.000E+00
  346.5000  1.388E-02  1.306E-02  1.226E-02  1.147E-02  1.071E-02  9.974E-03  9.259E-03  8.569E-03  7.906E-03  7.273E-03  6.677E-03  5.989E-03  5.357E-03  4.817E-03  4.355E-03  3.960E-03  3.446E-03  3.081E-03  2.675E-03  2.380E-03  2.034E-03  1.744E-03  1.493E-03  1.271E-03  1.073E-03  8.961E-04  7.446E-04  6.182E-04  5.136E-04  4.132E-04  3.386E-04  2.708E-04  2.206E-04  1.743E-04  1.375E-04  1.081E-04  8.436E-05  6.505E-05  4.961E-05  3.741E-05  2.791E-05  2.015E-05  1.441E-05  1.007E-05  6.859E-06  4.440E-06  2.714E-06  1.491E-06  6.333E-07  1.774E-07  1.943E-08  7.314E-10  6.355E-12  6.915E-15  6.634E-19  1.071E-27  0.000E+00  0.000E+00  0.000E+00  0.000E+00  0.000E+00
  347.5000  1.362E-02  1.281E-02  1.203E-02  1.126E-02  1.051E-02  9.788E-03  9.087E-03  8.410E-03  7.761E-03  7.139E-03  6.554E-03  5.880E-03  5.259E-03  4.729E-03  4.276E-03  3.887E-03  3.383E-03  3.025E-03  2.626E-03  2.336E-03  1.997E-03  1.711E-03  1.465E-03  1.248E-03  1.053E-03  8.789E-04  7.301E-04  6.061E-04  5.034E-04  4.048E-04  3.317E-04  2.652E-04  2.160E-04  1.706E-04  1.346E-04  1.058E-04  8.256E-05  6.367E-05  4.856E-05  3.662E-05  2.733E-05  1.973E-05  1.412E-05  9.873E-06  6.731E-06  4.363E-06  2.674E-06  1.476E-06  6.319E-07  1.793E-07  2.004E-08  7.775E-10  7.084E-12  8.284E-15  8.781E-19  1.676E-27  0.000E+00  0.000E+00  0.000E+00  0.000E+00  0.000E+00
  348.5000  1.513E-02  1.424E-02  1.337E-02  1.252E-02  1.170E-02  1.089E-02  1.012E-02  9.365E-03  8.644E-03  7.955E-03  7.305E-03  6.554E-03  5.864E-03  5.274E-03  4.770E-03  4.338E-03  3.775E-03  3.376E-03  2.932E-03  2.609E-03  2.229E-03  1.911E-03  1.636E-03  1.395E-03  1.175E-03  9.809E-04  8.146E-04  6.760E-04  5.613E-04  4.512E-04  3.695E-04  2.953E-04  2.405E-04  1.899E-04  1.498E-04  1.177E-04  9.185E-05  7.084E-05  5.404E-05  4.078E-05  3.045E-05  2.199E-05  1.575E-05  1.102E-05  7.524E-06  4.890E-06  3.010E-06  1.675E-06  7.261E-07  2.097E-07  2.399E-08  9.586E-10  9.137E-12  1.144E-14  1.333E-18  2.998E-27  0.000E+00  0.000E+00  0.000E+00  0.000E+00  0.000E+00
  349.5000  1.267E-02  1.193E-02  1.120E-02  1.048E-02  9.791E-03  9.118E-03  8.467E-03  7.838E-03  7.234E-03  6.656E-03  6.112E-03  5.483E-03  4.905E-03  4.411E-03  3.989E-03  3.627E-03  3.156E-03  2.822E-03  2.450E-03  2.180E-03  1.863E-03  1.596E-03  1.366E-03  1.164E-03  9.810E-04  8.188E-04  6.799E-04  5.641E-04  4.683E-04  3.764E-04  3.082E-04  2.462E-04  2.005E-04  1.583E-04  1.248E-04  9.811E-05  7.655E-05  5.904E-05  4.504E-05  3.399E-05  2.538E-05  1.834E-05  1.313E-05  9.192E-06  6.277E-06  4.082E-06  2.516E-06  1.403E-06  6.109E-07  1.780E-07  2.072E-08  8.529E-10  8.524E-12  1.147E-14  1.476E-18  3.910E-27  0.000E+00  0.000E+00  0.000E+00  0.000E+00  0.000E+00
  350.5000  1.780E-02  1.675E-02  1.573E-02  1.473E-02  1.375E-02  1.281E-02  1.189E-02  1.101E-02  1.016E-02  9.351E-03  8.587E-03  7.704E-03  6.892E-03  6.197E-03  5.604E-03  5.095E-03  4.433E-03  3.965E-03  3.442E-03  3.062E-03  2.616E-03  2.241E-03  1.919E-03  1.636E-03  1.377E-03  1.149E-03  9.539E-04  7.913E-04  6.567E-04  5.277E-04  4.320E-04  3.451E-04  2.809E-04  2.217E-04  1.748E-04  1.374E-04  1.072E-04  8.268E-05  6.309E-05  4.761E-05  3.556E-05  2.570E-05  1.841E-05  1.289E-05  8.810E-06  5.736E-06  3.544E-06  1.983E-06  8.698E-07  2.562E-07  3.041E-08  1.289E-09  1.348E-11  1.944E-14  2.753E-18  8.569E-27  0.000E+00  0.000E+00  0.000E+00  0.000E+00  0.000E+00
  351.5000  1.529E-02  1.439E-02  1.350E-02  1.264E-02  1.181E-02  1.099E-02  1.021E-02  9.448E-03  8.718E-03  8.021E-03  7.364E-03  6.605E-03  5.908E-03  5.311E-03  4.802E-03  4.365E-03  3.797E-03  3.395E-03  2.946E-03  2.620E-03  2.238E-03  1.918E-03  1.641E-03  1.398E-03  1.177E-03  9.823E-04  8.153E-04  6.762E-04  5.611E-04  4.508E-04  3.690E-04  2.947E-04  2.399E-04  1.893E-04  1.493E-04  1.173E-04  9.152E-05  7.059E-05  5.386E-05  4.064E-05  3.036E-05  2.194E-05  1.572E-05  1.101E-05  7.523E-06  4.899E-06  3.028E-06  1.696E-06  7.459E-07  2.212E-07  2.666E-08  1.164E-09  1.275E-11  1.974E-14  3.081E-18  1.125E-26  0.000E+00  0.000E+00  0.000E+00  0.000E+00  0.000E+00
  352.5000  1.384E-02  1.303E-02  1.223E-02  1.145E-02  1.069E-02  9.959E-03  9.247E-03  8.559E-03  7.899E-03  7.268E-03  6.673E-03  5.986E-03  5.354E-03  4.813E-03  4.352E-03  3.956E-03  3.441E-03  3.076E-03  2.670E-03  2.375E-03  2.028E-03  1.737E-03  1.487E-03  1.266E-03  1.066E-03  8.895E-04  7.381E-04  6.121E-04  5.078E-04  4.078E-04  3.337E-04  2.664E-04  2.169E-04  1.711E-04  1.349E-04  1.060E-04  8.268E-05  6.377E-05  4.867E-05  3.673E-05  2.744E-05  1.984E-05  1.422E-05  9.964E-06  6.813E-06  4.443E-06  2.753E-06  1.548E-06  6.861E-07  2.059E-07  2.529E-08  1.135E-09  1.300E-11  2.152E-14  3.684E-18  1.573E-26  0.000E+00  0.000E+00  0.000E+00  0.000E+00  0.000E+00
  353.5000  1.676E-02  1.578E-02  1.481E-02  1.387E-02  1.296E-02  1.207E-02  1.121E-02  1.038E-02  9.577E-03  8.812E-03  8.092E-03  7.259E-03  6.494E-03  5.838E-03  5.279E-03  4.799E-03  4.175E-03  3.733E-03  3.239E-03  2.881E-03  2.461E-03  2.108E-03  1.804E-03  1.535E-03  1.293E-03  1.079E-03  8.949E-04  7.418E-04  6.153E-04  4.940E-04  4.041E-04  3.225E-04  2.625E-04  2.070E-04  1.632E-04  1.282E-04  1.000E-04  7.714E-05  5.887E-05  4.445E-05  3.322E-05  2.402E-05  1.722E-05  1.208E-05  8.265E-06  5.399E-06  3.355E-06  1.896E-06  8.475E-07  2.576E-07  3.227E-08  1.490E-09  1.781E-11  3.146E-14  5.895E-18  2.936E-26  0.000E+00  0.000E+00  0.000E+00  0.000E+00  0.000E+00
  354.5000  1.823E-02  1.716E-02  1.612E-02  1.509E-02  1.410E-02  1.313E-02  1.220E-02  1.130E-02  1.043E-02  9.595E-03  8.812E-03  7.906E-03  7.072E-03  6.359E-03  5.750E-03  5.228E-03  4.548E-03  4.066E-03  3.529E-03  3.139E-03  2.681E-03  2.296E-03  1.965E-03  1.672E-03  1.408E-03  1.174E-03  9.740E-04  8.072E-04  6.694E-04  5.372E-04  4.394E-04  3.506E-04  2.852E-04  2.249E-04  1.772E-04  1.392E-04  1.086E-04  8.378E-05  6.395E-05  4.829E-05  3.610E-05  2.612E-05  1.873E-05  1.314E-05  9.000E-06  5.887E-06  3.668E-06  2.083E-06  9.382E-07  2.887E-07  3.685E-08  1.748E-09  2.181E-11  4.110E-14  8.421E-18  4.882E-26  0.000E+00  0.000E+00  0.000E+00  0.000E+00  0.000E+00
  355.5000  1.706E-02  1.606E-02  1.508E-02  1.412E-02  1.319E-02  1.229E-02  1.141E-02  1.057E-02  9.753E-03  8.975E-03  8.242E-03  7.394E-03  6.614E-03  5.947E-03  5.377E-03  4.888E-03  4.252E-03  3.801E-03  3.298E-03  2.934E-03  2.505E-03  2.145E-03  1.835E-03  1.563E-03  1.315E-03  1.096E-03  9.092E-04  7.534E-04  6.246E-04  5.012E-04  4.098E-04  3.269E-04  2.659E-04  2.096E-04  1.652E-04  1.297E-04  1.012E-04  7.808E-05  5.960E-05  4.501E-05  3.365E-05  2.435E-05  1.746E-05  1.226E-05  8.400E-06  5.499E-06  3.431E-06  1.953E-06  8.846E-07  2.746E-07  3.566E-08  1.739E-09  2.264E-11  4.554E-14  1.021E-17  6.880E-26  0.000E+00  0.000E+00  0.000E+00  0.000E+00  0.000E+00
  356.5000  1.583E-02  1.490E-02  1.399E-02  1.311E-02  1.224E-02  1.140E-02  1.059E-02  9.805E-03  9.050E-03  8.328E-03  7.647E-03  6.860E-03  6.136E-03  5.516E-03  4.987E-03  4.533E-03  3.942E-03  3.524E-03  3.058E-03  2.719E-03  2.322E-03  1.988E-03  1.700E-03  1.448E-03  1.218E-03  1.015E-03  8.418E-04  6.974E-04  5.780E-04  4.637E-04  3.791E-04  3.024E-04  2.459E-04  1.938E-04  1.527E-04  1.199E-04  9.355E-05  7.217E-05  5.509E-05  4.161E-05  3.111E-05  2.252E-05  1.615E-05  1.134E-05  7.774E-06  5.092E-06  3.181E-06  1.816E-06  8.259E-07  2.586E-07  3.412E-08  1.709E-09  2.323E-11  4.984E-14  1.221E-17  9.547E-26  0.000E+00  0.000E+00  0.000E+00  0.000E+00  0.000E+00
  357.5000  1.346E-02  1.267E-02  1.190E-02  1.114E-02  1.040E-02  9.691E-03  8.999E-03  8.331E-03  7.689E-03  7.075E-03  6.496E-03  5.827E-03  5.211E-03  4.685E-03  4.234E-03  3.849E-03  3.347E-03  2.991E-03  2.595E-03  2.307E-03  1.970E-03  1.686E-03  1.442E-03  1.227E-03  1.033E-03  8.606E-04  7.134E-04  5.909E-04  4.897E-04  3.927E-04  3.210E-04  2.560E-04  2.082E-04  1.640E-04  1.292E-04  1.015E-04  7.915E-05  6.106E-05  4.662E-05  3.521E-05  2.633E-05  1.906E-05  1.367E-05  9.604E-06  6.584E-06  4.316E-06  2.699E-06  1.543E-06  7.050E-07  2.225E-07  2.982E-08  1.535E-09  2.175E-11  4.975E-14  1.330E-17  1.205E-25  0.000E+00  0.000E+00  0.000E+00  0.000E+00  0.000E+00
  358.5000  1.041E-02  9.803E-03  9.206E-03  8.621E-03  8.053E-03  7.501E-03  6.966E-03  6.449E-03  5.953E-03  5.477E-03  5.029E-03  4.511E-03  4.035E-03  3.627E-03  3.278E-03  2.980E-03  2.591E-03  2.315E-03  2.009E-03  1.786E-03  1.524E-03  1.305E-03  1.116E-03  9.481E-04  7.990E-04  6.656E-04  5.516E-04  4.568E-04  3.785E-04  3.035E-04  2.480E-04  1.977E-04  1.607E-04  1.266E-04  9.973E-05  7.832E-05  6.108E-05  4.712E-05  3.598E-05  2.718E-05  2.033E-05  1.472E-05  1.056E-05  7.422E-06  5.091E-06  3.340E-06  2.093E-06  1.201E-06  5.519E-07  1.759E-07  2.398E-08  1.267E-09  1.870E-11  4.549E-14  1.324E-17  1.386E-25  0.000E+00  0.000E+00  0.000E+00  0.000E+00  0.000E+00
  359.5000  1.754E-02  1.651E-02  1.550E-02  1.452E-02  1.356E-02  1.263E-02  1.173E-02  1.086E-02  1.002E-02  9.221E-03  8.466E-03  7.594E-03  6.791E-03  6.104E-03  5.517E-03  5.014E-03  4.359E-03  3.895E-03  3.378E-03  3.004E-03  2.563E-03  2.194E-03  1.876E-03  1.594E-03  1.343E-03  1.118E-03  9.267E-04  7.672E-04  6.355E-04  5.095E-04  4.162E-04  3.318E-04  2.697E-04  2.124E-04  1.673E-04  1.313E-04  1.024E-04  7.903E-05  6.034E-05  4.559E-05  3.410E-05  2.470E-05  1.773E-05  1.246E-05  8.549E-06  5.613E-06  3.522E-06  2.025E-06  9.349E-07  3.005E-07  4.161E-08  2.255E-09  3.468E-11  8.975E-14  2.844E-17  3.432E-25  0.000E+00  0.000E+00  0.000E+00  0.000E+00  0.000E+00
  360.5000  1.627E-02  1.531E-02  1.438E-02  1.347E-02  1.258E-02  1.172E-02  1.088E-02  1.007E-02  9.296E-03  8.552E-03  7.852E-03  7.043E-03  6.298E-03  5.660E-03  5.115E-03  4.649E-03  4.041E-03  3.611E-03  3.131E-03  2.783E-03  2.375E-03  2.033E-03  1.738E-03  1.477E-03  1.243E-03  1.036E-03  8.578E-04  7.100E-04  5.880E-04  4.713E-04  3.849E-04  3.068E-04  2.493E-04  1.963E-04  1.546E-04  1.214E-04  9.466E-05  7.302E-05  5.576E-05  4.213E-05  3.152E-05  2.283E-05  1.639E-05  1.152E-05  7.910E-06  5.197E-06  3.265E-06  1.882E-06  8.730E-07  2.830E-07  3.980E-08  2.213E-09  3.542E-11  9.740E-14  3.355E-17  4.660E-25  0.000E+00  0.000E+00  0.000E+00  0.000E+00  0.000E+00
  361.5000  1.470E-02  1.384E-02  1.299E-02  1.217E-02  1.137E-02  1.059E-02  9.831E-03  9.101E-03  8.400E-03  7.728E-03  7.095E-03  6.364E-03  5.691E-03  5.114E-03  4.622E-03  4.200E-03  3.651E-03  3.262E-03  2.829E-03  2.514E-03  2.145E-03  1.836E-03  1.569E-03  1.336E-03  1.122E-03  9.345E-04  7.740E-04  6.405E-04  5.304E-04  4.249E-04  3.470E-04  2.765E-04  2.246E-04  1.769E-04  1.392E-04  1.093E-04  8.525E-05  6.576E-05  5.022E-05  3.795E-05  2.840E-05  2.057E-05  1.477E-05  1.039E-05  7.135E-06  4.692E-06  2.953E-06  1.707E-06  7.961E-07  2.604E-07  3.722E-08  2.122E-09  3.532E-11  1.031E-13  3.852E-17  6.147E-25  0.000E+00  0.000E+00  0.000E+00  0.000E+00  0.000E+00
  362.5000  1.728E-02  1.627E-02  1.528E-02  1.431E-02  1.337E-02  1.245E-02  1.156E-02  1.070E-02  9.878E-03  9.088E-03  8.344E-03  7.484E-03  6.692E-03  6.014E-03  5.434E-03  4.938E-03  4.291E-03  3.834E-03  3.324E-03  2.955E-03  2.521E-03  2.157E-03  1.843E-03  1.566E-03  1.318E-03  1.097E-03  9.086E-04  7.518E-04  6.224E-04  4.985E-04  4.070E-04  3.242E-04  2.634E-04  2.073E-04  1.632E-04  1.281E-04  9.989E-05  7.706E-05  5.885E-05  4.448E-05  3.329E-05  2.412E-05  1.732E-05  1.219E-05  8.373E-06  5.511E-06  3.473E-06  2.012E-06  9.432E-07  3.112E-07  4.516E-08  2.640E-09  4.567E-11  1.414E-13  5.729E-17  1.048E-24  0.000E+00  0.000E+00  0.000E+00  0.000E+00  0.000E+00
  363.5000  1.539E-02  1.449E-02  1.360E-02  1.274E-02  1.190E-02  1.108E-02  1.029E-02  9.529E-03  8.794E-03  8.091E-03  7.427E-03  6.662E-03  5.957E-03  5.352E-03  4.836E-03  4.394E-03  3.818E-03  3.411E-03  2.957E-03  2.628E-03  2.242E-03  1.918E-03  1.639E-03  1.394E-03  1.171E-03  9.751E-04  8.073E-04  6.678E-04  5.527E-04  4.426E-04  3.613E-04  2.877E-04  2.337E-04  1.839E-04  1.448E-04  1.136E-04  8.859E-05  6.834E-05  5.219E-05  3.945E-05  2.953E-05  2.140E-05  1.537E-05  1.082E-05  7.435E-06  4.897E-06  3.090E-06  1.795E-06  8.449E-07  2.810E-07  4.140E-08  2.480E-09  4.459E-11  1.463E-13  6.421E-17  1.345E-24  0.000E+00  0.000E+00  0.000E+00  0.000E+00  0.000E+00
  364.5000  1.679E-02  1.580E-02  1.484E-02  1.390E-02  1.298E-02  1.209E-02  1.123E-02  1.039E-02  9.592E-03  8.824E-03  8.100E-03  7.265E-03  6.495E-03  5.836E-03  5.272E-03  4.790E-03  4.162E-03  3.717E-03  3.222E-03  2.863E-03  2.442E-03  2.089E-03  1.785E-03  1.516E-03  1.275E-03  1.061E-03  8.785E-04  7.265E-04  6.012E-04  4.813E-04  3.928E-04  3.128E-04  2.540E-04  1.998E-04  1.573E-04  1.234E-04  9.624E-05  7.424E-05  5.670E-05  4.286E-05  3.209E-05  2.326E-05  1.671E-05  1.176E-05  8.086E-06  5.328E-06  3.366E-06  1.959E-06  9.258E-07  3.102E-07  4.637E-08  2.845E-09  5.314E-11  1.847E-13  8.776E-17  2.101E-24  0.000E+00  0.000E+00  0.000E+00  0.000E+00  0.000E+00
  365.5000  2.045E-02  1.925E-02  1.808E-02  1.693E-02  1.581E-02  1.473E-02  1.368E-02  1.266E-02  1.168E-02  1.074E-02  9.862E-03  8.845E-03  7.907E-03  7.103E-03  6.417E-03  5.829E-03  5.064E-03  4.523E-03  3.920E-03  3.482E-03  2.970E-03  2.539E-03  2.169E-03  1.841E-03  1.550E-03  1.290E-03  1.067E-03  8.824E-04  7.300E-04  5.844E-04  4.768E-04  3.795E-04  3.081E-04  2.424E-04  1.908E-04  1.497E-04  1.167E-04  9.003E-05  6.876E-05  5.198E-05  3.892E-05  2.822E-05  2.027E-05  1.427E-05  9.815E-06  6.471E-06  4.092E-06  2.385E-06  1.132E-06  3.819E-07  5.789E-08  3.639E-09  7.056E-11  2.596E-13  1.334E-16  3.644E-24  0.000E+00  0.000E+00  0.000E+00  0.000E+00  0.000E+00
  366.5000  2.167E-02  2.040E-02  1.916E-02  1.794E-02  1.676E-02  1.561E-02  1.449E-02  1.341E-02  1.238E-02  1.139E-02  1.045E-02  9.373E-03  8.379E-03  7.527E-03  6.799E-03  6.175E-03  5.364E-03  4.790E-03  4.151E-03  3.688E-03  3.144E-03  2.689E-03  2.297E-03  1.952E-03  1.640E-03  1.364E-03  1.129E-03  9.332E-04  7.719E-04  6.177E-04  5.039E-04  4.010E-04  3.255E-04  2.561E-04  2.015E-04  1.581E-04  1.232E-04  9.506E-05  7.260E-05  5.489E-05  4.110E-05  2.981E-05  2.142E-05  1.509E-05  1.038E-05  6.847E-06  4.335E-06  2.533E-06  1.207E-06  4.106E-07  6.317E-08  4.065E-09  8.177E-11  3.181E-13  1.764E-16  5.487E-24  0.000E+00  0.000E+00  0.000E+00  0.000E+00  0.000E+00
  367.5000  2.061E-02  1.940E-02  1.822E-02  1.706E-02  1.593E-02  1.484E-02  1.378E-02  1.275E-02  1.177E-02  1.083E-02  9.937E-03  8.911E-03  7.966E-03  7.155E-03  6.463E-03  5.869E-03  5.098E-03  4.552E-03  3.945E-03  3.504E-03  2.987E-03  2.554E-03  2.181E-03  1.849E-03  1.557E-03  1.295E-03  1.071E-03  8.855E-04  7.323E-04  5.859E-04  4.778E-04  3.802E-04  3.086E-04  2.427E-04  1.909E-04  1.498E-04  1.167E-04  9.005E-05  6.878E-05  5.201E-05  3.895E-05  2.825E-05  2.031E-05  1.430E-05  9.844E-06  6.499E-06  4.120E-06  2.413E-06  1.155E-06  3.961E-07  6.182E-08  4.071E-09  8.492E-11  3.490E-13  2.087E-16  7.378E-24  0.000E+00  0.000E+00  0.000E+00  0.000E+00  0.000E+00
  368.5000  1.811E-02  1.705E-02  1.601E-02  1.499E-02  1.400E-02  1.304E-02  1.211E-02  1.121E-02  1.034E-02  9.513E-03  8.731E-03  7.829E-03  6.999E-03  6.286E-03  5.677E-03  5.155E-03  4.477E-03  3.998E-03  3.463E-03  3.076E-03  2.622E-03  2.241E-03  1.914E-03  1.622E-03  1.366E-03  1.136E-03  9.395E-04  7.763E-04  6.419E-04  5.134E-04  4.186E-04  3.330E-04  2.702E-04  2.125E-04  1.671E-04  1.311E-04  1.022E-04  7.882E-05  6.020E-05  4.553E-05  3.410E-05  2.474E-05  1.778E-05  1.253E-05  8.625E-06  5.698E-06  3.616E-06  2.122E-06  1.020E-06  3.522E-07  5.574E-08  3.756E-09  8.121E-11  3.524E-13  2.270E-16  9.112E-24  0.000E+00  0.000E+00  0.000E+00  0.000E+00  0.000E+00
  369.5000  2.174E-02  2.046E-02  1.922E-02  1.799E-02  1.681E-02  1.565E-02  1.453E-02  1.345E-02  1.241E-02  1.142E-02  1.048E-02  9.394E-03  8.397E-03  7.541E-03  6.810E-03  6.183E-03  5.370E-03  4.794E-03  4.153E-03  3.688E-03  3.143E-03  2.686E-03  2.293E-03  1.944E-03  1.637E-03  1.361E-03  1.125E-03  9.294E-04  7.683E-04  6.144E-04  5.009E-04  3.983E-04  3.232E-04  2.540E-04  1.998E-04  1.567E-04  1.221E-04  9.421E-05  7.196E-05  5.442E-05  4.077E-05  2.958E-05  2.127E-05  1.499E-05  1.032E-05  6.822E-06  4.334E-06  2.548E-06  1.230E-06  4.277E-07  6.862E-08  4.730E-09  1.060E-10  4.851E-13  3.364E-16  1.530E-23  0.000E+00  0.000E+00  0.000E+00  0.000E+00  0.000E+00
  370.5000  1.973E-02  1.857E-02  1.744E-02  1.633E-02  1.525E-02  1.421E-02  1.319E-02  1.221E-02  1.126E-02  1.036E-02  9.507E-03  8.524E-03  7.619E-03  6.842E-03  6.178E-03  5.609E-03  4.870E-03  4.347E-03  3.765E-03  3.343E-03  2.849E-03  2.435E-03  2.078E-03  1.762E-03  1.483E-03  1.232E-03  1.019E-03  8.414E-04  6.954E-04  5.560E-04  4.532E-04  3.603E-04  2.923E-04  2.297E-04  1.806E-04  1.417E-04  1.104E-04  8.516E-05  6.505E-05  4.920E-05  3.686E-05  2.675E-05  1.923E-05  1.356E-05  9.339E-06  6.177E-06  3.928E-06  2.314E-06  1.121E-06  3.926E-07  6.385E-08  4.500E-09  1.044E-10  5.039E-13  3.757E-16  1.934E-23  0.000E+00  0.000E+00  0.000E+00  0.000E+00  0.000E+00
  371.5000  2.259E-02  2.127E-02  1.997E-02  1.870E-02  1.747E-02  1.627E-02  1.510E-02  1.398E-02  1.290E-02  1.186E-02  1.088E-02  9.758E-03  8.721E-03  7.830E-03  7.070E-03  6.418E-03  5.572E-03  4.974E-03  4.307E-03  3.824E-03  3.258E-03  2.784E-03  2.376E-03  2.015E-03  1.694E-03  1.408E-03  1.164E-03  9.611E-04  7.942E-04  6.348E-04  5.173E-04  4.112E-04  3.335E-04  2.620E-04  2.060E-04  1.615E-04  1.259E-04  9.711E-05  7.418E-05  5.611E-05  4.204E-05  3.051E-05  2.195E-05  1.548E-05  1.066E-05  7.055E-06  4.492E-06  2.651E-06  1.289E-06  4.547E-07  7.495E-08  5.400E-09  1.297E-10  6.594E-13  5.281E-16  3.070E-23  0.000E+00  0.000E+00  0.000E+00  0.000E+00  0.000E+00
  372.5000  1.670E-02  1.572E-02  1.476E-02  1.382E-02  1.291E-02  1.202E-02  1.116E-02  1.033E-02  9.531E-03  8.765E-03  8.043E-03  7.211E-03  6.445E-03  5.786E-03  5.224E-03  4.742E-03  4.116E-03  3.674E-03  3.181E-03  2.824E-03  2.406E-03  2.055E-03  1.754E-03  1.490E-03  1.250E-03  1.039E-03  8.584E-04  7.087E-04  5.855E-04  4.679E-04  3.812E-04  3.029E-04  2.456E-04  1.930E-04  1.517E-04  1.189E-04  9.269E-05  7.149E-05  5.461E-05  4.131E-05  3.096E-05  2.247E-05  1.617E-05  1.140E-05  7.858E-06  5.203E-06  3.316E-06  1.961E-06  9.571E-07  3.400E-07  5.679E-08  4.181E-09  1.039E-10  5.561E-13  4.779E-16  3.133E-23  0.000E+00  0.000E+00  0.000E+00  0.000E+00  0.000E+00
  373.5000  1.510E-02  1.421E-02  1.335E-02  1.250E-02  1.167E-02  1.087E-02  1.009E-02  9.339E-03  8.616E-03  7.923E-03  7.270E-03  6.518E-03  5.824E-03  5.229E-03  4.720E-03  4.284E-03  3.719E-03  3.318E-03  2.873E-03  2.550E-03  2.172E-03  1.855E-03  1.583E-03  1.343E-03  1.128E-03  9.370E-04  7.742E-04  6.391E-04  5.278E-04  4.217E-04  3.435E-04  2.729E-04  2.213E-04  1.738E-04  1.366E-04  1.071E-04  8.344E-05  6.436E-05  4.917E-05  3.720E-05  2.787E-05  2.024E-05  1.456E-05  1.027E-05  7.081E-06  4.691E-06  2.993E-06  1.773E-06  8.682E-07  3.105E-07  5.253E-08  3.952E-09  1.015E-10  5.719E-13  5.269E-16  3.890E-23  0.000E+00  0.000E+00  0.000E+00  0.000E+00  0.000E+00
  374.5000  1.658E-02  1.560E-02  1.465E-02  1.372E-02  1.281E-02  1.193E-02  1.108E-02  1.025E-02  9.457E-03  8.697E-03  7.979E-03  7.153E-03  6.392E-03  5.738E-03  5.179E-03  4.700E-03  4.079E-03  3.639E-03  3.151E-03  2.796E-03  2.381E-03  2.034E-03  1.735E-03  1.470E-03  1.236E-03  1.027E-03  8.479E-04  6.998E-04  5.779E-04  4.616E-04  3.759E-04  2.986E-04  2.420E-04  1.901E-04  1.494E-04  1.171E-04  9.123E-05  7.036E-05  5.375E-05  4.067E-05  3.048E-05  2.213E-05  1.593E-05  1.124E-05  7.749E-06  5.136E-06  3.280E-06  1.946E-06  9.565E-07  3.442E-07  5.899E-08  4.533E-09  1.204E-10  7.130E-13  7.037E-16  5.842E-23  0.000E+00  0.000E+00  0.000E+00  0.000E+00  0.000E+00
  375.5000  1.872E-02  1.762E-02  1.654E-02  1.549E-02  1.447E-02  1.347E-02  1.251E-02  1.157E-02  1.068E-02  9.818E-03  9.008E-03  8.075E-03  7.215E-03  6.476E-03  5.845E-03  5.304E-03  4.603E-03  4.106E-03  3.554E-03  3.154E-03  2.686E-03  2.293E-03  1.956E-03  1.660E-03  1.393E-03  1.157E-03  9.553E-04  7.882E-04  6.508E-04  5.197E-04  4.231E-04  3.360E-04  2.723E-04  2.138E-04  1.680E-04  1.317E-04  1.026E-04  7.912E-05  6.044E-05  4.573E-05  3.428E-05  2.490E-05  1.792E-05  1.265E-05  8.723E-06  5.785E-06  3.698E-06  2.198E-06  1.084E-06  3.929E-07  6.819E-08  5.351E-09  1.468E-10  9.135E-13  9.646E-16  8.992E-23  0.000E+00  0.000E+00  0.000E+00  0.000E+00  0.000E+00
  376.5000  1.870E-02  1.760E-02  1.653E-02  1.548E-02  1.446E-02  1.346E-02  1.250E-02  1.156E-02  1.067E-02  9.809E-03  8.999E-03  8.067E-03  7.208E-03  6.469E-03  5.838E-03  5.297E-03  4.596E-03  4.100E-03  3.548E-03  3.148E-03  2.680E-03  2.289E-03  1.952E-03  1.658E-03  1.389E-03  1.153E-03  9.524E-04  7.857E-04  6.485E-04  5.178E-04  4.215E-04  3.347E-04  2.711E-04  2.129E-04  1.672E-04  1.310E-04  1.021E-04  7.873E-05  6.015E-05  4.552E-05  3.412E-05  2.479E-05  1.784E-05  1.260E-05  8.689E-06  5.765E-06  3.689E-06  2.196E-06  1.088E-06  3.966E-07  6.972E-08  5.584E-09  1.582E-10  1.034E-12  1.167E-15  1.219E-22  0.000E+00  0.000E+00  0.000E+00  0.000E+00  0.000E+00
  377.5000  2.228E-02  2.098E-02  1.970E-02  1.844E-02  1.722E-02  1.604E-02  1.489E-02  1.378E-02  1.271E-02  1.169E-02  1.072E-02  9.610E-03  8.585E-03  7.705E-03  6.953E-03  6.308E-03  5.473E-03  4.881E-03  4.224E-03  3.747E-03  3.190E-03  2.723E-03  2.323E-03  1.975E-03  1.652E-03  1.371E-03  1.132E-03  9.338E-04  7.706E-04  6.151E-04  5.006E-04  3.974E-04  3.219E-04  2.527E-04  1.985E-04  1.555E-04  1.211E-04  9.342E-05  7.137E-05  5.401E-05  4.049E-05  2.942E-05  2.118E-05  1.496E-05  1.032E-05  6.851E-06  4.388E-06  2.617E-06  1.300E-06  4.773E-07  8.494E-08  6.943E-09  2.031E-10  1.392E-12  1.678E-15  1.964E-22  0.000E+00  0.000E+00  0.000E+00  0.000E+00  0.000E+00
  378.5000  2.430E-02  2.287E-02  2.148E-02  2.011E-02  1.878E-02  1.749E-02  1.623E-02  1.502E-02  1.386E-02  1.274E-02  1.169E-02  1.048E-02  9.358E-03  8.398E-03  7.577E-03  6.874E-03  5.963E-03  5.318E-03  4.601E-03  4.081E-03  3.474E-03  2.965E-03  2.528E-03  2.147E-03  1.798E-03  1.492E-03  1.232E-03  1.016E-03  8.380E-04  6.687E-04  5.441E-04  4.318E-04  3.497E-04  2.745E-04  2.155E-04  1.689E-04  1.315E-04  1.014E-04  7.750E-05  5.865E-05  4.398E-05  3.196E-05  2.301E-05  1.625E-05  1.122E-05  7.450E-06  4.775E-06  2.853E-06  1.422E-06  5.252E-07  9.462E-08  7.892E-09  2.382E-10  1.712E-12  2.203E-15  2.882E-22  0.000E+00  0.000E+00  0.000E+00  0.000E+00  0.000E+00
  379.5000  1.798E-02  1.693E-02  1.590E-02  1.488E-02  1.390E-02  1.294E-02  1.201E-02  1.112E-02  1.025E-02  9.427E-03  8.647E-03  7.751E-03  6.924E-03  6.213E-03  5.605E-03  5.084E-03  4.410E-03  3.932E-03  3.402E-03  3.017E-03  2.567E-03  2.191E-03  1.868E-03  1.585E-03  1.328E-03  1.102E-03  9.094E-04  7.497E-04  6.185E-04  4.934E-04  4.014E-04  3.185E-04  2.579E-04  2.024E-04  1.589E-04  1.245E-04  9.694E-05  7.476E-05  5.711E-05  4.323E-05  3.242E-05  2.356E-05  1.696E-05  1.199E-05  8.274E-06  5.498E-06  3.527E-06  2.111E-06  1.055E-06  3.922E-07  7.151E-08  6.084E-09  1.894E-10  1.427E-12  1.958E-15  2.859E-22  0.000E+00  0.000E+00  0.000E+00  0.000E+00  0.000E+00
  380.5000  2.164E-02  2.037E-02  1.913E-02  1.791E-02  1.673E-02  1.557E-02  1.446E-02  1.338E-02  1.234E-02  1.134E-02  1.040E-02  9.325E-03  8.329E-03  7.473E-03  6.741E-03  6.114E-03  5.303E-03  4.728E-03  4.090E-03  3.627E-03  3.086E-03  2.633E-03  2.244E-03  1.906E-03  1.595E-03  1.323E-03  1.092E-03  8.999E-04  7.422E-04  5.920E-04  4.814E-04  3.820E-04  3.092E-04  2.426E-04  1.904E-04  1.492E-04  1.162E-04  8.957E-05  6.844E-05  5.180E-05  3.885E-05  2.824E-05  2.034E-05  1.437E-05  9.923E-06  6.597E-06  4.236E-06  2.539E-06  1.274E-06  4.763E-07  8.788E-08  7.625E-09  2.448E-10  1.931E-12  2.822E-15  4.596E-22  0.000E+00  0.000E+00  0.000E+00  0.000E+00  0.000E+00
  381.5000  2.035E-02  1.915E-02  1.798E-02  1.684E-02  1.572E-02  1.464E-02  1.359E-02  1.258E-02  1.160E-02  1.066E-02  9.779E-03  8.765E-03  7.829E-03  7.024E-03  6.335E-03  5.745E-03  4.983E-03  4.442E-03  3.841E-03  3.406E-03  2.898E-03  2.472E-03  2.107E-03  1.790E-03  1.497E-03  1.242E-03  1.024E-03  8.440E-04  6.959E-04  5.550E-04  4.512E-04  3.579E-04  2.897E-04  2.272E-04  1.783E-04  1.397E-04  1.088E-04  8.386E-05  6.408E-05  4.850E-05  3.638E-05  2.645E-05  1.905E-05  1.346E-05  9.300E-06  6.185E-06  3.975E-06  2.386E-06  1.201E-06  4.519E-07  8.436E-08  7.462E-09  2.469E-10  2.038E-12  3.171E-15  5.750E-22  0.000E+00  0.000E+00  0.000E+00  0.000E+00  0.000E+00
  382.5000  1.356E-02  1.277E-02  1.199E-02  1.123E-02  1.048E-02  9.761E-03  9.060E-03  8.383E-03  7.731E-03  7.107E-03  6.518E-03  5.842E-03  5.218E-03  4.681E-03  4.222E-03  3.828E-03  3.320E-03  2.959E-03  2.559E-03  2.268E-03  1.929E-03  1.646E-03  1.403E-03  1.191E-03  9.959E-04  8.260E-04  6.812E-04  5.612E-04  4.627E-04  3.689E-04  2.999E-04  2.378E-04  1.924E-04  1.509E-04  1.184E-04  9.274E-05  7.221E-05  5.567E-05  4.254E-05  3.220E-05  2.415E-05  1.756E-05  1.265E-05  8.945E-06  6.179E-06  4.112E-06  2.645E-06  1.590E-06  8.030E-07  3.038E-07  5.739E-08  5.174E-09  1.764E-10  1.523E-12  2.520E-15  5.081E-22  0.000E+00  0.000E+00  0.000E+00  0.000E+00  0.000E+00
  383.5000  1.192E-02  1.122E-02  1.053E-02  9.862E-03  9.209E-03  8.575E-03  7.959E-03  7.364E-03  6.791E-03  6.243E-03  5.725E-03  5.131E-03  4.583E-03  4.111E-03  3.707E-03  3.361E-03  2.914E-03  2.597E-03  2.246E-03  1.990E-03  1.693E-03  1.444E-03  1.230E-03  1.044E-03  8.733E-04  7.241E-04  5.970E-04  4.918E-04  4.054E-04  3.231E-04  2.626E-04  2.082E-04  1.684E-04  1.321E-04  1.036E-04  8.114E-05  6.317E-05  4.870E-05  3.721E-05  2.817E-05  2.113E-05  1.537E-05  1.107E-05  7.830E-06  5.410E-06  3.602E-06  2.319E-06  1.396E-06  7.072E-07  2.692E-07  5.142E-08  4.725E-09  1.658E-10  1.497E-12  2.632E-15  5.895E-22  0.000E+00  0.000E+00  0.000E+00  0.000E+00  0.000E+00
  384.5000  1.789E-02  1.684E-02  1.582E-02  1.481E-02  1.383E-02  1.287E-02  1.195E-02  1.106E-02  1.020E-02  9.372E-03  8.595E-03  7.703E-03  6.879E-03  6.170E-03  5.563E-03  5.044E-03  4.373E-03  3.896E-03  3.369E-03  2.985E-03  2.539E-03  2.165E-03  1.844E-03  1.566E-03  1.309E-03  1.085E-03  8.944E-04  7.366E-04  6.070E-04  4.837E-04  3.930E-04  3.115E-04  2.520E-04  1.975E-04  1.550E-04  1.213E-04  9.445E-05  7.282E-05  5.564E-05  4.212E-05  3.160E-05  2.298E-05  1.656E-05  1.171E-05  8.096E-06  5.392E-06  3.474E-06  2.095E-06  1.064E-06  4.075E-07  7.874E-08  7.370E-09  2.663E-10  2.512E-12  4.689E-15  1.165E-21  0.000E+00  0.000E+00  0.000E+00  0.000E+00  0.000E+00
  385.5000  1.771E-02  1.667E-02  1.566E-02  1.466E-02  1.369E-02  1.274E-02  1.183E-02  1.094E-02  1.009E-02  9.276E-03  8.506E-03  7.623E-03  6.807E-03  6.106E-03  5.505E-03  4.990E-03  4.326E-03  3.854E-03  3.331E-03  2.952E-03  2.510E-03  2.140E-03  1.823E-03  1.548E-03  1.293E-03  1.072E-03  8.833E-04  7.273E-04  5.992E-04  4.774E-04  3.878E-04  3.073E-04  2.486E-04  1.948E-04  1.528E-04  1.196E-04  9.311E-05  7.178E-05  5.484E-05  4.152E-05  3.115E-05  2.266E-05  1.633E-05  1.155E-05  7.987E-06  5.322E-06  3.432E-06  2.072E-06  1.056E-06  4.067E-07  7.946E-08  7.576E-09  2.817E-10  2.775E-12  5.495E-15  1.512E-21  0.000E+00  0.000E+00  0.000E+00  0.000E+00  0.000E+00
  386.5000  1.806E-02  1.700E-02  1.597E-02  1.495E-02  1.396E-02  1.300E-02  1.206E-02  1.116E-02  1.029E-02  9.459E-03  8.673E-03  7.773E-03  6.940E-03  6.224E-03  5.612E-03  5.086E-03  4.409E-03  3.927E-03  3.394E-03  3.008E-03  2.557E-03  2.180E-03  1.856E-03  1.576E-03  1.316E-03  1.091E-03  8.988E-04  7.399E-04  6.095E-04  4.854E-04  3.943E-04  3.124E-04  2.526E-04  1.979E-04  1.552E-04  1.215E-04  9.455E-05  7.289E-05  5.569E-05  4.216E-05  3.164E-05  2.302E-05  1.659E-05  1.174E-05  8.118E-06  5.412E-06  3.493E-06  2.112E-06  1.080E-06  4.180E-07  8.258E-08  8.018E-09  3.067E-10  3.152E-12  6.618E-15  2.015E-21  0.000E+00  0.000E+00  0.000E+00  0.000E+00  0.000E+00
  387.5000  1.680E-02  1.581E-02  1.485E-02  1.390E-02  1.298E-02  1.208E-02  1.121E-02  1.038E-02  9.568E-03  8.793E-03  8.063E-03  7.225E-03  6.451E-03  5.785E-03  5.215E-03  4.726E-03  4.096E-03  3.649E-03  3.153E-03  2.793E-03  2.374E-03  2.024E-03  1.723E-03  1.462E-03  1.221E-03  1.012E-03  8.338E-04  6.862E-04  5.651E-04  4.500E-04  3.654E-04  2.895E-04  2.340E-04  1.833E-04  1.437E-04  1.125E-04  8.754E-05  6.748E-05  5.156E-05  3.904E-05  2.930E-05  2.132E-05  1.537E-05  1.088E-05  7.522E-06  5.017E-06  3.240E-06  1.962E-06  1.006E-06  3.916E-07  7.822E-08  7.732E-09  3.041E-10  3.260E-12  7.251E-15  2.440E-21  0.000E+00  0.000E+00  0.000E+00  0.000E+00  0.000E+00
  388.5000  1.684E-02  1.585E-02  1.489E-02  1.394E-02  1.301E-02  1.212E-02  1.124E-02  1.040E-02  9.593E-03  8.816E-03  8.083E-03  7.244E-03  6.467E-03  5.799E-03  5.227E-03  4.737E-03  4.105E-03  3.656E-03  3.159E-03  2.798E-03  2.378E-03  2.026E-03  1.725E-03  1.461E-03  1.223E-03  1.013E-03  8.341E-04  6.864E-04  5.651E-04  4.499E-04  3.652E-04  2.893E-04  2.338E-04  1.831E-04  1.436E-04  1.123E-04  8.742E-05  6.738E-05  5.148E-05  3.898E-05  2.926E-05  2.129E-05  1.535E-05  1.087E-05  7.517E-06  5.015E-06  3.242E-06  1.966E-06  1.011E-06  3.956E-07  7.987E-08  8.036E-09  3.249E-10  3.631E-12  8.548E-15  3.175E-21  0.000E+00  0.000E+00  0.000E+00  0.000E+00  0.000E+00
  389.5000  2.125E-02  2.000E-02  1.878E-02  1.758E-02  1.642E-02  1.529E-02  1.419E-02  1.312E-02  1.210E-02  1.112E-02  1.020E-02  9.137E-03  8.158E-03  7.314E-03  6.592E-03  5.973E-03  5.176E-03  4.609E-03  3.982E-03  3.526E-03  2.996E-03  2.553E-03  2.173E-03  1.842E-03  1.540E-03  1.275E-03  1.050E-03  8.638E-04  7.111E-04  5.660E-04  4.594E-04  3.637E-04  2.939E-04  2.302E-04  1.804E-04  1.411E-04  1.098E-04  8.465E-05  6.467E-05  4.897E-05  3.676E-05  2.676E-05  1.929E-05  1.366E-05  9.451E-06  6.308E-06  4.081E-06  2.478E-06  1.278E-06  5.028E-07  1.026E-07  1.050E-08  4.364E-10  5.082E-12  1.265E-14  5.181E-21  0.000E+00  0.000E+00  0.000E+00  0.000E+00  0.000E+00
  390.5000  2.088E-02  1.966E-02  1.846E-02  1.728E-02  1.614E-02  1.502E-02  1.394E-02  1.290E-02  1.189E-02  1.093E-02  1.002E-02  8.978E-03  8.015E-03  7.186E-03  6.476E-03  5.867E-03  5.083E-03  4.526E-03  3.910E-03  3.462E-03  2.941E-03  2.506E-03  2.133E-03  1.807E-03  1.510E-03  1.251E-03  1.030E-03  8.468E-04  6.969E-04  5.546E-04  4.500E-04  3.562E-04  2.878E-04  2.253E-04  1.766E-04  1.381E-04  1.075E-04  8.283E-05  6.329E-05  4.793E-05  3.598E-05  2.619E-05  1.889E-05  1.338E-05  9.256E-06  6.181E-06  4.001E-06  2.433E-06  1.258E-06  4.977E-07  1.026E-07  1.069E-08  4.563E-10  5.532E-12  1.456E-14  6.565E-21  0.000E+00  0.000E+00  0.000E+00  0.000E+00  0.000E+00
  391.5000  2.479E-02  2.333E-02  2.191E-02  2.051E-02  1.915E-02  1.783E-02  1.655E-02  1.531E-02  1.412E-02  1.297E-02  1.189E-02  1.065E-02  9.512E-03  8.527E-03  7.684E-03  6.961E-03  6.030E-03  5.368E-03  4.637E-03  4.105E-03  3.487E-03  2.970E-03  2.528E-03  2.141E-03  1.789E-03  1.481E-03  1.219E-03  1.003E-03  8.250E-04  6.564E-04  5.325E-04  4.214E-04  3.404E-04  2.664E-04  2.088E-04  1.633E-04  1.270E-04  9.791E-05  7.480E-05  5.665E-05  4.253E-05  3.096E-05  2.233E-05  1.582E-05  1.095E-05  7.314E-06  4.739E-06  2.885E-06  1.496E-06  5.949E-07  1.240E-07  1.313E-08  5.756E-10  7.264E-12  2.019E-14  1.002E-20  0.000E+00  0.000E+00  0.000E+00  0.000E+00  0.000E+00
  392.5000  1.860E-02  1.751E-02  1.644E-02  1.539E-02  1.437E-02  1.338E-02  1.242E-02  1.149E-02  1.059E-02  9.731E-03  8.920E-03  7.993E-03  7.135E-03  6.396E-03  5.763E-03  5.220E-03  4.522E-03  4.025E-03  3.476E-03  3.077E-03  2.613E-03  2.226E-03  1.893E-03  1.604E-03  1.340E-03  1.109E-03  9.128E-04  7.505E-04  6.173E-04  4.910E-04  3.983E-04  3.151E-04  2.545E-04  1.992E-04  1.560E-04  1.220E-04  9.492E-05  7.314E-05  5.588E-05  4.232E-05  3.178E-05  2.314E-05  1.669E-05  1.183E-05  8.187E-06  5.471E-06  3.547E-06  2.162E-06  1.124E-06  4.494E-07  9.460E-08  1.019E-08  4.586E-10  6.021E-12  1.766E-14  9.626E-21  0.000E+00  0.000E+00  0.000E+00  0.000E+00  0.000E+00
  393.5000  8.090E-03  7.615E-03  7.150E-03  6.694E-03  6.251E-03  5.819E-03  5.400E-03  4.995E-03  4.606E-03  4.232E-03  3.879E-03  3.476E-03  3.103E-03  2.781E-03  2.506E-03  2.269E-03  1.965E-03  1.749E-03  1.510E-03  1.337E-03  1.135E-03  9.667E-04  8.223E-04  6.961E-04  5.818E-04  4.814E-04  3.961E-04  3.256E-04  2.678E-04  2.129E-04  1.727E-04  1.366E-04  1.103E-04  8.629E-05  6.759E-05  5.286E-05  4.111E-05  3.168E-05  2.420E-05  1.833E-05  1.376E-05  1.002E-05  7.231E-06  5.124E-06  3.548E-06  2.372E-06  1.539E-06  9.393E-07  4.897E-07  1.967E-07  4.184E-08  4.584E-09  2.116E-10  2.889E-12  8.939E-15  5.347E-21  0.000E+00  0.000E+00  0.000E+00  0.000E+00  0.000E+00
  394.5000  1.905E-02  1.793E-02  1.683E-02  1.576E-02  1.472E-02  1.370E-02  1.271E-02  1.176E-02  1.084E-02  9.962E-03  9.131E-03  8.181E-03  7.303E-03  6.545E-03  5.896E-03  5.339E-03  4.624E-03  4.115E-03  3.553E-03  3.144E-03  2.669E-03  2.273E-03  1.933E-03  1.634E-03  1.367E-03  1.131E-03  9.304E-04  7.646E-04  6.287E-04  4.998E-04  4.052E-04  3.205E-04  2.587E-04  2.024E-04  1.585E-04  1.239E-04  9.637E-05  7.425E-05  5.673E-05  4.297E-05  3.226E-05  2.350E-05  1.696E-05  1.202E-05  8.323E-06  5.566E-06  3.614E-06  2.208E-06  1.154E-06  4.661E-07  1.001E-07  1.115E-08  5.281E-10  7.491E-12  2.443E-14  1.602E-20  0.000E+00  0.000E+00  0.000E+00  0.000E+00  0.000E+00
  395.5000  2.452E-02  2.308E-02  2.167E-02  2.029E-02  1.894E-02  1.763E-02  1.636E-02  1.514E-02  1.395E-02  1.282E-02  1.175E-02  1.053E-02  9.398E-03  8.423E-03  7.587E-03  6.870E-03  5.949E-03  5.293E-03  4.569E-03  4.043E-03  3.432E-03  2.921E-03  2.484E-03  2.100E-03  1.756E-03  1.453E-03  1.195E-03  9.818E-04  8.071E-04  6.415E-04  5.199E-04  4.111E-04  3.318E-04  2.595E-04  2.032E-04  1.588E-04  1.235E-04  9.517E-05  7.271E-05  5.507E-05  4.136E-05  3.013E-05  2.174E-05  1.541E-05  1.068E-05  7.142E-06  4.640E-06  2.839E-06  1.488E-06  6.037E-07  1.309E-07  1.483E-08  7.201E-10  1.061E-11  3.645E-14  2.618E-20  0.000E+00  0.000E+00  0.000E+00  0.000E+00  0.000E+00
  396.5000  1.440E-02  1.356E-02  1.273E-02  1.192E-02  1.113E-02  1.036E-02  9.613E-03  8.892E-03  8.198E-03  7.532E-03  6.903E-03  6.185E-03  5.520E-03  4.947E-03  4.455E-03  4.034E-03  3.493E-03  3.107E-03  2.682E-03  2.373E-03  2.014E-03  1.714E-03  1.457E-03  1.232E-03  1.030E-03  8.518E-04  7.004E-04  5.754E-04  4.729E-04  3.758E-04  3.045E-04  2.407E-04  1.942E-04  1.519E-04  1.189E-04  9.294E-05  7.226E-05  5.567E-05  4.253E-05  3.222E-05  2.420E-05  1.763E-05  1.272E-05  9.021E-06  6.250E-06  4.183E-06  2.719E-06  1.666E-06  8.752E-07  3.569E-07  7.818E-08  8.994E-09  4.479E-10  6.851E-12  2.477E-14  1.946E-20  0.000E+00  0.000E+00  0.000E+00  0.000E+00  0.000E+00
  397.5000  1.663E-02  1.565E-02  1.470E-02  1.376E-02  1.285E-02  1.196E-02  1.110E-02  1.027E-02  9.464E-03  8.695E-03  7.969E-03  7.140E-03  6.372E-03  5.710E-03  5.142E-03  4.655E-03  4.031E-03  3.585E-03  3.094E-03  2.737E-03  2.323E-03  1.977E-03  1.680E-03  1.420E-03  1.187E-03  9.815E-04  8.069E-04  6.627E-04  5.445E-04  4.326E-04  3.505E-04  2.770E-04  2.234E-04  1.747E-04  1.367E-04  1.069E-04  8.308E-05  6.401E-05  4.890E-05  3.704E-05  2.782E-05  2.027E-05  1.463E-05  1.038E-05  7.190E-06  4.814E-06  3.132E-06  1.921E-06  1.012E-06  4.146E-07  9.170E-08  1.072E-08  5.471E-10  8.683E-12  3.303E-14  2.836E-20  0.000E+00  0.000E+00  0.000E+00  0.000E+00  0.000E+00
  398.5000  2.859E-02  2.691E-02  2.527E-02  2.366E-02  2.209E-02  2.056E-02  1.908E-02  1.765E-02  1.627E-02  1.495E-02  1.370E-02  1.227E-02  1.095E-02  9.814E-03  8.838E-03  8.000E-03  6.926E-03  6.160E-03  5.315E-03  4.701E-03  3.989E-03  3.394E-03  2.884E-03  2.439E-03  2.037E-03  1.684E-03  1.384E-03  1.137E-03  9.337E-04  7.416E-04  6.007E-04  4.746E-04  3.828E-04  2.992E-04  2.342E-04  1.830E-04  1.422E-04  1.096E-04  8.370E-05  6.341E-05  4.763E-05  3.471E-05  2.506E-05  1.777E-05  1.232E-05  8.251E-06  5.371E-06  3.298E-06  1.742E-06  7.171E-07  1.601E-07  1.901E-08  9.942E-10  1.637E-11  6.544E-14  6.135E-20  0.000E+00  0.000E+00  0.000E+00  0.000E+00  0.000E+00
  399.5000  2.975E-02  2.800E-02  2.629E-02  2.462E-02  2.299E-02  2.140E-02  1.986E-02  1.836E-02  1.693E-02  1.555E-02  1.425E-02  1.277E-02  1.140E-02  1.021E-02  9.193E-03  8.321E-03  7.203E-03  6.406E-03  5.527E-03  4.887E-03  4.146E-03  3.527E-03  2.997E-03  2.532E-03  2.116E-03  1.749E-03  1.437E-03  1.180E-03  9.690E-04  7.695E-04  6.231E-04  4.922E-04  3.969E-04  3.102E-04  2.427E-04  1.896E-04  1.474E-04  1.135E-04  8.673E-05  6.570E-05  4.935E-05  3.597E-05  2.597E-05  1.842E-05  1.277E-05  8.558E-06  5.575E-06  3.427E-06  1.814E-06  7.505E-07  1.692E-07  2.040E-08  1.093E-09  1.865E-11  7.833E-14  8.009E-20  0.000E+00  0.000E+00  0.000E+00  0.000E+00  0.000E+00
------------------------------------------------------------
Dose rates,W m-2
   1 = UV index (WMO, 1994; Webb et al., 2011)           
   2 = Previtamin-D3 (CIE 2006)                          
values at z =      0.025 km
Columns: time,sza,weighting spectra
time,hrs.  sza,deg.          1          2
   18.0000     88.015  4.536E-02  8.073E-04
   18.0167     88.208  4.253E-02  7.586E-04
   18.0333     88.401  3.980E-02  7.119E-04
   18.0500     88.595  3.716E-02  6.671E-04
   18.0667     88.789  3.462E-02  6.243E-04
   18.0833     88.982  3.218E-02  5.833E-04
   18.1000     89.176  2.984E-02  5.441E-04
   18.1167     89.370  2.760E-02  5.069E-04
   18.1333     89.564  2.546E-02  4.713E-04
   18.1500     89.759  2.344E-02  4.376E-04
   18.1667     89.954  2.154E-02  4.060E-04
   18.1833     90.149  1.939E-02  3.699E-04
   18.2000     90.344  1.741E-02  3.365E-04
   18.2167     90.539  1.571E-02  3.077E-04
   18.2333     90.734  1.426E-02  2.830E-04
   18.2500     90.930  1.301E-02  2.616E-04
   18.2667     91.126  1.141E-02  2.334E-04
   18.2833     91.322  1.027E-02  2.132E-04
   18.3000     91.518  8.993E-03  1.902E-04
   18.3167     91.714  8.059E-03  1.732E-04
   18.3333     91.911  6.965E-03  1.526E-04
   18.3500     92.108  6.038E-03  1.348E-04
   18.3667     92.304  5.231E-03  1.189E-04
   18.3833     92.501  4.511E-03  1.044E-04
   18.4000     92.698  3.855E-03  9.086E-05
   18.4167     92.896  3.264E-03  7.832E-05
   18.4333     93.094  2.749E-03  6.706E-05
   18.4500     93.291  2.312E-03  5.720E-05
   18.4667     93.489  1.942E-03  4.864E-05
   18.4833     93.687  1.578E-03  3.989E-05
   18.5000     93.885  1.304E-03  3.319E-05
   18.5167     94.084  1.047E-03  2.673E-05
   18.5333     94.282  8.557E-04  2.187E-05
   18.5500     94.480  6.746E-04  1.716E-05
   18.5667     94.679  5.292E-04  1.335E-05
   18.5833     94.878  4.120E-04  1.026E-05
   18.6000     95.077  3.170E-04  7.765E-06
   18.6167     95.277  2.400E-04  5.743E-06
   18.6333     95.476  1.783E-04  4.115E-06
   18.6500     95.675  1.296E-04  2.822E-06
   18.6667     95.875  9.156E-05  1.802E-06
   18.6833     96.075  6.076E-05  9.824E-07
   18.7000     96.275  3.959E-05  4.829E-07
   18.7167     96.475  2.476E-05  1.949E-07
   18.7333     96.675  1.524E-05  7.087E-08
   18.7500     96.875  9.010E-06  2.310E-08
   18.7667     97.076  5.125E-06  7.028E-09
   18.7833     97.276  2.680E-06  1.857E-09
   18.8000     97.478  1.131E-06  3.607E-10
   18.8167     97.679  3.421E-07  4.947E-11
   18.8333     97.880  4.816E-08  2.686E-12
   18.8500     98.081  3.233E-09  5.005E-14
   18.8667     98.282  9.322E-11  1.525E-16
   18.8833     98.483  9.077E-13  3.504E-20
   18.9000     98.685  2.443E-15  3.868E-25
   18.9167     98.887  1.616E-21  1.720E-35
   18.9333     99.089  0.000E+00  0.000E+00
   18.9500     99.291  0.000E+00  0.000E+00
   18.9667     99.493  0.000E+00  0.000E+00
   18.9833     99.695  0.000E+00  0.000E+00
   19.0000     99.898  0.000E+00  0.000E+00
------------------------------------------------------------
