Spectral Irradiance,W m-2 nm-1
values at z =      0.025 km
Columns: wavelength (nm),times (hrs.) or sza (deg.)
    wc,nm     18.000     18.017     18.033     18.050     18.067     18.083     18.100     18.117     18.133     18.150     18.167     18.183     18.200     18.217     18.233     18.250     18.267     18.283     18.300     18.317     18.333     18.350     18.367     18.383     18.400     18.417     18.433     18.450     18.467     18.483     18.500     18.517     18.533     18.550     18.567     18.583     18.600     18.617     18.633     18.650     18.667     18.683     18.700     18.717     18.733     18.750     18.767     18.783     18.800     18.817     18.833     18.850     18.867     18.883     18.900     18.917     18.933     18.950     18.967     18.983     19.000
    sza =      89.613     89.802     89.992     90.181     90.371     90.561     90.751     90.942     91.132     91.323     91.514     91.705     91.897     92.088     92.280     92.472     92.664     92.857     93.049     93.242     93.435     93.628     93.822     94.015     94.209     94.403     94.597     94.791     94.986     95.180     95.375     95.570     95.765     95.960     96.156     96.351     96.547     96.743     96.940     97.136     97.332     97.529     97.726     97.923     98.120     98.317     98.514     98.712     98.910     99.108     99.306     99.504     99.702     99.901    100.100    100.298    100.497    100.696    100.895    101.095    101.294
  280.5000  9.010E-26  8.552E-26  8.102E-26  7.490E-26  6.949E-26  6.475E-26  6.058E-26  5.689E-26  5.130E-26  4.745E-26  4.267E-26  3.917E-26  3.467E-26  3.075E-26  2.727E-26  2.429E-26  2.104E-26  1.804E-26  1.508E-26  1.262E-26  1.051E-26  8.671E-27  6.711E-27  5.217E-27  3.750E-27  2.609E-27  1.611E-27  8.369E-28  3.342E-28  8.309E-29  8.626E-30  1.768E-31  3.372E-34  8.289E-39  0.000E+00  0.000E+00  0.000E+00  0.000E+00  0.000E+00  0.000E+00  0.000E+00  0.000E+00  0.000E+00  0.000E+00  0.000E+00  0.000E+00  0.000E+00  0.000E+00  0.000E+00  0.000E+00  0.000E+00  0.000E+00  0.000E+00  0.000E+00  0.000E+00  0.000E+00  0.000E+00  0.000E+00  0.000E+00  0.000E+00  0.000E+00
  281.5000  1.572E-23  1.492E-23  1.414E-23  1.307E-23  1.213E-23  1.131E-23  1.058E-23  9.943E-24  8.969E-24  8.299E-24  7.464E-24  6.855E-24  6.072E-24  5.384E-24  4.776E-24  4.256E-24  3.687E-24  3.165E-24  2.646E-24  2.217E-24  1.848E-24  1.528E-24  1.189E-24  9.306E-25  6.772E-25  4.796E-25  3.047E-25  1.656E-25  7.099E-26  1.981E-26  2.498E-27  7.213E-29  2.383E-31  1.501E-35  6.334E-43  0.000E+00  0.000E+00  0.000E+00  0.000E+00  0.000E+00  0.000E+00  0.000E+00  0.000E+00  0.000E+00  0.000E+00  0.000E+00  0.000E+00  0.000E+00  0.000E+00  0.000E+00  0.000E+00  0.000E+00  0.000E+00  0.000E+00  0.000E+00  0.000E+00  0.000E+00  0.000E+00  0.000E+00  0.000E+00  0.000E+00
  282.5000  9.069E-22  8.611E-22  8.163E-22  7.550E-22  7.009E-22  6.535E-22  6.118E-22  5.749E-22  5.187E-22  4.801E-22  4.320E-22  3.968E-22  3.515E-22  3.119E-22  2.768E-22  2.467E-22  2.138E-22  1.836E-22  1.536E-22  1.288E-22  1.074E-22  8.900E-23  6.953E-23  5.477E-23  4.027E-23  2.895E-23  1.884E-23  1.065E-23  4.854E-24  1.500E-24  2.247E-25  8.788E-27  4.724E-29  6.807E-33  1.262E-39  0.000E+00  0.000E+00  0.000E+00  0.000E+00  0.000E+00  0.000E+00  0.000E+00  0.000E+00  0.000E+00  0.000E+00  0.000E+00  0.000E+00  0.000E+00  0.000E+00  0.000E+00  0.000E+00  0.000E+00  0.000E+00  0.000E+00  0.000E+00  0.000E+00  0.000E+00  0.000E+00  0.000E+00  0.000E+00  0.000E+00
  283.5000  1.140E-20  1.083E-20  1.026E-20  9.495E-21  8.816E-21  8.222E-21  7.698E-21  7.235E-21  6.531E-21  6.045E-21  5.441E-21  4.999E-21  4.430E-21  3.931E-21  3.489E-21  3.111E-21  2.696E-21  2.317E-21  1.939E-21  1.626E-21  1.358E-21  1.126E-21  8.821E-22  6.974E-22  5.161E-22  3.746E-22  2.476E-22  1.435E-22  6.809E-23  2.249E-23  3.773E-24  1.802E-25  1.335E-27  3.308E-31  1.610E-37  0.000E+00  0.000E+00  0.000E+00  0.000E+00  0.000E+00  0.000E+00  0.000E+00  0.000E+00  0.000E+00  0.000E+00  0.000E+00  0.000E+00  0.000E+00  0.000E+00  0.000E+00  0.000E+00  0.000E+00  0.000E+00  0.000E+00  0.000E+00  0.000E+00  0.000E+00  0.000E+00  0.000E+00  0.000E+00  0.000E+00
  284.5000  7.057E-19  6.704E-19  6.358E-19  5.884E-19  5.465E-19  5.099E-19  4.777E-19  4.492E-19  4.056E-19  3.757E-19  3.383E-19  3.110E-19  2.757E-19  2.448E-19  2.174E-19  1.939E-19  1.682E-19  1.446E-19  1.211E-19  1.016E-19  8.498E-20  7.062E-20  5.558E-20  4.423E-20  3.309E-20  2.440E-20  1.655E-20  1.000E-20  5.074E-21  1.871E-21  3.790E-22  2.526E-23  3.206E-25  1.998E-28  5.124E-34  2.088E-42  0.000E+00  0.000E+00  0.000E+00  0.000E+00  0.000E+00  0.000E+00  0.000E+00  0.000E+00  0.000E+00  0.000E+00  0.000E+00  0.000E+00  0.000E+00  0.000E+00  0.000E+00  0.000E+00  0.000E+00  0.000E+00  0.000E+00  0.000E+00  0.000E+00  0.000E+00  0.000E+00  0.000E+00  0.000E+00
  285.5000  9.359E-18  8.892E-18  8.435E-18  7.808E-18  7.255E-18  6.771E-18  6.345E-18  5.969E-18  5.392E-18  4.996E-18  4.501E-18  4.139E-18  3.672E-18  3.261E-18  2.898E-18  2.586E-18  2.244E-18  1.931E-18  1.618E-18  1.359E-18  1.137E-18  9.463E-19  7.472E-19  5.974E-19  4.505E-19  3.362E-19  2.325E-19  1.450E-19  7.742E-20  3.111E-20  7.303E-21  6.328E-22  1.227E-23  1.568E-26  1.440E-31  4.006E-39  0.000E+00  0.000E+00  0.000E+00  0.000E+00  0.000E+00  0.000E+00  0.000E+00  0.000E+00  0.000E+00  0.000E+00  0.000E+00  0.000E+00  0.000E+00  0.000E+00  0.000E+00  0.000E+00  0.000E+00  0.000E+00  0.000E+00  0.000E+00  0.000E+00  0.000E+00  0.000E+00  0.000E+00  0.000E+00
  286.5000  3.079E-16  2.926E-16  2.776E-16  2.570E-16  2.388E-16  2.230E-16  2.090E-16  1.967E-16  1.777E-16  1.647E-16  1.485E-16  1.366E-16  1.212E-16  1.077E-16  9.574E-17  8.547E-17  7.419E-17  6.390E-17  5.354E-17  4.500E-17  3.768E-17  3.140E-17  2.485E-17  1.994E-17  1.512E-17  1.139E-17  7.989E-18  5.103E-18  2.834E-18  1.216E-18  3.200E-19  3.398E-20  9.155E-22  2.043E-24  5.029E-29  6.155E-36  0.000E+00  0.000E+00  0.000E+00  0.000E+00  0.000E+00  0.000E+00  0.000E+00  0.000E+00  0.000E+00  0.000E+00  0.000E+00  0.000E+00  0.000E+00  0.000E+00  0.000E+00  0.000E+00  0.000E+00  0.000E+00  0.000E+00  0.000E+00  0.000E+00  0.000E+00  0.000E+00  0.000E+00  0.000E+00
  287.5000  5.530E-15  5.256E-15  4.988E-15  4.619E-15  4.294E-15  4.010E-15  3.760E-15  3.540E-15  3.200E-15  2.968E-15  2.676E-15  2.463E-15  2.187E-15  1.944E-15  1.729E-15  1.544E-15  1.341E-15  1.156E-15  9.690E-16  8.150E-16  6.830E-16  5.699E-16  4.523E-16  3.642E-16  2.780E-16  2.113E-16  1.505E-16  9.854E-17  5.702E-17  2.624E-17  7.796E-18  1.028E-18  3.943E-20  1.607E-22  1.154E-26  7.108E-33  9.319E-43  0.000E+00  0.000E+00  0.000E+00  0.000E+00  0.000E+00  0.000E+00  0.000E+00  0.000E+00  0.000E+00  0.000E+00  0.000E+00  0.000E+00  0.000E+00  0.000E+00  0.000E+00  0.000E+00  0.000E+00  0.000E+00  0.000E+00  0.000E+00  0.000E+00  0.000E+00  0.000E+00  0.000E+00
  288.5000  9.671E-14  9.194E-14  8.726E-14  8.083E-14  7.517E-14  7.022E-14  6.587E-14  6.203E-14  5.612E-14  5.206E-14  4.697E-14  4.326E-14  3.843E-14  3.419E-14  3.043E-14  2.719E-14  2.363E-14  2.039E-14  1.710E-14  1.440E-14  1.208E-14  1.009E-14  8.031E-15  6.491E-15  4.987E-15  3.829E-15  2.769E-15  1.863E-15  1.126E-15  5.587E-16  1.895E-16  3.166E-17  1.790E-18  1.416E-20  3.285E-24  1.186E-29  2.736E-38  0.000E+00  0.000E+00  0.000E+00  0.000E+00  0.000E+00  0.000E+00  0.000E+00  0.000E+00  0.000E+00  0.000E+00  0.000E+00  0.000E+00  0.000E+00  0.000E+00  0.000E+00  0.000E+00  0.000E+00  0.000E+00  0.000E+00  0.000E+00  0.000E+00  0.000E+00  0.000E+00  0.000E+00
  289.5000  1.302E-12  1.237E-12  1.175E-12  1.088E-12  1.012E-12  9.457E-13  8.874E-13  8.359E-13  7.565E-13  7.021E-13  6.337E-13  5.839E-13  5.190E-13  4.620E-13  4.114E-13  3.679E-13  3.199E-13  2.762E-13  2.318E-13  1.952E-13  1.639E-13  1.371E-13  1.093E-13  8.859E-14  6.837E-14  5.286E-14  3.865E-14  2.650E-14  1.654E-14  8.669E-15  3.243E-15  6.462E-16  4.880E-17  6.308E-19  3.456E-22  4.502E-27  8.163E-35  1.401E-45  0.000E+00  0.000E+00  0.000E+00  0.000E+00  0.000E+00  0.000E+00  0.000E+00  0.000E+00  0.000E+00  0.000E+00  0.000E+00  0.000E+00  0.000E+00  0.000E+00  0.000E+00  0.000E+00  0.000E+00  0.000E+00  0.000E+00  0.000E+00  0.000E+00  0.000E+00  0.000E+00
  290.5000  1.110E-11  1.055E-11  1.001E-11  9.279E-12  8.632E-12  8.067E-12  7.571E-12  7.134E-12  6.458E-12  5.996E-12  5.414E-12  4.990E-12  4.438E-12  3.953E-12  3.522E-12  3.150E-12  2.741E-12  2.368E-12  1.988E-12  1.676E-12  1.408E-12  1.179E-12  9.414E-13  7.646E-13  5.922E-13  4.605E-13  3.396E-13  2.364E-13  1.514E-13  8.300E-14  3.364E-14  7.748E-15  7.432E-16  1.446E-17  1.624E-20  6.195E-25  6.341E-32  4.032E-42  0.000E+00  0.000E+00  0.000E+00  0.000E+00  0.000E+00  0.000E+00  0.000E+00  0.000E+00  0.000E+00  0.000E+00  0.000E+00  0.000E+00  0.000E+00  0.000E+00  0.000E+00  0.000E+00  0.000E+00  0.000E+00  0.000E+00  0.000E+00  0.000E+00  0.000E+00  0.000E+00
  291.5000  8.280E-11  7.872E-11  7.474E-11  6.925E-11  6.443E-11  6.022E-11  5.654E-11  5.329E-11  4.826E-11  4.482E-11  4.049E-11  3.734E-11  3.323E-11  2.962E-11  2.640E-11  2.363E-11  2.058E-11  1.779E-11  1.495E-11  1.261E-11  1.060E-11  8.884E-12  7.110E-12  5.789E-12  4.501E-12  3.521E-12  2.621E-12  1.854E-12  1.221E-12  7.018E-13  3.100E-13  8.352E-14  1.040E-14  3.177E-16  7.925E-19  1.006E-22  7.215E-29  8.314E-38  0.000E+00  0.000E+00  0.000E+00  0.000E+00  0.000E+00  0.000E+00  0.000E+00  0.000E+00  0.000E+00  0.000E+00  0.000E+00  0.000E+00  0.000E+00  0.000E+00  0.000E+00  0.000E+00  0.000E+00  0.000E+00  0.000E+00  0.000E+00  0.000E+00  0.000E+00  0.000E+00
  292.5000  4.034E-10  3.835E-10  3.641E-10  3.374E-10  3.139E-10  2.934E-10  2.755E-10  2.597E-10  2.353E-10  2.186E-10  1.975E-10  1.822E-10  1.622E-10  1.447E-10  1.291E-10  1.156E-10  1.007E-10  8.717E-11  7.328E-11  6.185E-11  5.204E-11  4.365E-11  3.499E-11  2.854E-11  2.226E-11  1.750E-11  1.312E-11  9.407E-12  6.334E-12  3.790E-12  1.801E-12  5.542E-13  8.619E-14  3.860E-15  1.877E-17  6.454E-21  2.278E-26  2.781E-34  5.605E-45  0.000E+00  0.000E+00  0.000E+00  0.000E+00  0.000E+00  0.000E+00  0.000E+00  0.000E+00  0.000E+00  0.000E+00  0.000E+00  0.000E+00  0.000E+00  0.000E+00  0.000E+00  0.000E+00  0.000E+00  0.000E+00  0.000E+00  0.000E+00  0.000E+00  0.000E+00
  293.5000  2.272E-09  2.159E-09  2.049E-09  1.899E-09  1.767E-09  1.652E-09  1.551E-09  1.462E-09  1.325E-09  1.231E-09  1.113E-09  1.027E-09  9.151E-10  8.167E-10  7.290E-10  6.532E-10  5.695E-10  4.933E-10  4.150E-10  3.505E-10  2.951E-10  2.478E-10  1.989E-10  1.626E-10  1.272E-10  1.004E-10  7.579E-11  5.496E-11  3.776E-11  2.341E-11  1.188E-11  4.129E-12  7.877E-13  5.029E-14  4.563E-16  4.002E-19  6.342E-24  7.133E-31  2.982E-40  0.000E+00  0.000E+00  0.000E+00  0.000E+00  0.000E+00  0.000E+00  0.000E+00  0.000E+00  0.000E+00  0.000E+00  0.000E+00  0.000E+00  0.000E+00  0.000E+00  0.000E+00  0.000E+00  0.000E+00  0.000E+00  0.000E+00  0.000E+00  0.000E+00  0.000E+00
  294.5000  7.326E-09  6.961E-09  6.606E-09  6.120E-09  5.694E-09  5.322E-09  4.997E-09  4.712E-09  4.270E-09  3.969E-09  3.590E-09  3.313E-09  2.953E-09  2.636E-09  2.355E-09  2.111E-09  1.841E-09  1.596E-09  1.344E-09  1.136E-09  9.570E-10  8.042E-10  6.464E-10  5.290E-10  4.148E-10  3.288E-10  2.493E-10  1.825E-10  1.274E-10  8.132E-11  4.356E-11  1.673E-11  3.780E-12  3.233E-13  4.874E-15  9.106E-18  4.778E-22  3.110E-28  1.412E-36  0.000E+00  0.000E+00  0.000E+00  0.000E+00  0.000E+00  0.000E+00  0.000E+00  0.000E+00  0.000E+00  0.000E+00  0.000E+00  0.000E+00  0.000E+00  0.000E+00  0.000E+00  0.000E+00  0.000E+00  0.000E+00  0.000E+00  0.000E+00  0.000E+00  0.000E+00
  295.5000  3.250E-08  3.087E-08  2.929E-08  2.713E-08  2.523E-08  2.358E-08  2.214E-08  2.087E-08  1.892E-08  1.758E-08  1.591E-08  1.469E-08  1.310E-08  1.170E-08  1.046E-08  9.378E-09  8.186E-09  7.102E-09  5.984E-09  5.062E-09  4.269E-09  3.590E-09  2.890E-09  2.368E-09  1.862E-09  1.481E-09  1.128E-09  8.334E-10  5.909E-10  3.881E-10  2.192E-10  9.302E-11  2.491E-11  2.869E-12  7.290E-14  2.986E-16  5.469E-20  2.234E-25  1.237E-32  9.620E-42  0.000E+00  0.000E+00  0.000E+00  0.000E+00  0.000E+00  0.000E+00  0.000E+00  0.000E+00  0.000E+00  0.000E+00  0.000E+00  0.000E+00  0.000E+00  0.000E+00  0.000E+00  0.000E+00  0.000E+00  0.000E+00  0.000E+00  0.000E+00  0.000E+00
  296.5000  9.179E-08  8.714E-08  8.264E-08  7.652E-08  7.114E-08  6.647E-08  6.239E-08  5.882E-08  5.331E-08  4.955E-08  4.484E-08  4.140E-08  3.693E-08  3.301E-08  2.951E-08  2.648E-08  2.313E-08  2.008E-08  1.694E-08  1.434E-08  1.210E-08  1.019E-08  8.209E-09  6.737E-09  5.306E-09  4.236E-09  3.239E-09  2.410E-09  1.731E-09  1.164E-09  6.882E-10  3.180E-10  9.863E-11  1.468E-11  5.839E-13  4.680E-15  2.474E-18  4.733E-23  2.102E-29  2.228E-37  0.000E+00  0.000E+00  0.000E+00  0.000E+00  0.000E+00  0.000E+00  0.000E+00  0.000E+00  0.000E+00  0.000E+00  0.000E+00  0.000E+00  0.000E+00  0.000E+00  0.000E+00  0.000E+00  0.000E+00  0.000E+00  0.000E+00  0.000E+00  0.000E+00
  297.5000  2.702E-07  2.564E-07  2.430E-07  2.249E-07  2.090E-07  1.952E-07  1.832E-07  1.726E-07  1.564E-07  1.454E-07  1.316E-07  1.215E-07  1.084E-07  9.690E-08  8.671E-08  7.783E-08  6.803E-08  5.911E-08  4.990E-08  4.227E-08  3.570E-08  3.008E-08  2.427E-08  1.994E-08  1.574E-08  1.260E-08  9.662E-09  7.234E-09  5.252E-09  3.603E-09  2.212E-09  1.099E-09  3.862E-10  7.173E-11  4.206E-12  6.052E-14  8.077E-17  5.955E-21  1.638E-26  1.714E-33  6.166E-44  0.000E+00  0.000E+00  0.000E+00  0.000E+00  0.000E+00  0.000E+00  0.000E+00  0.000E+00  0.000E+00  0.000E+00  0.000E+00  0.000E+00  0.000E+00  0.000E+00  0.000E+00  0.000E+00  0.000E+00  0.000E+00  0.000E+00  0.000E+00
  298.5000  4.667E-07  4.425E-07  4.192E-07  3.878E-07  3.602E-07  3.362E-07  3.154E-07  2.971E-07  2.692E-07  2.501E-07  2.264E-07  2.090E-07  1.865E-07  1.668E-07  1.493E-07  1.340E-07  1.172E-07  1.019E-07  8.612E-08  7.300E-08  6.171E-08  5.202E-08  4.203E-08  3.457E-08  2.733E-08  2.193E-08  1.686E-08  1.269E-08  9.297E-09  6.483E-09  4.109E-09  2.170E-09  8.495E-10  1.909E-10  1.562E-11  3.716E-13  1.096E-15  2.545E-19  3.274E-24  2.361E-30  1.540E-39  0.000E+00  0.000E+00  0.000E+00  0.000E+00  0.000E+00  0.000E+00  0.000E+00  0.000E+00  0.000E+00  0.000E+00  0.000E+00  0.000E+00  0.000E+00  0.000E+00  0.000E+00  0.000E+00  0.000E+00  0.000E+00  0.000E+00  0.000E+00
  299.5000  1.487E-06  1.409E-06  1.334E-06  1.233E-06  1.145E-06  1.068E-06  1.001E-06  9.425E-07  8.537E-07  7.930E-07  7.175E-07  6.624E-07  5.912E-07  5.288E-07  4.733E-07  4.251E-07  3.720E-07  3.237E-07  2.737E-07  2.322E-07  1.964E-07  1.657E-07  1.341E-07  1.104E-07  8.740E-08  7.029E-08  5.418E-08  4.096E-08  3.024E-08  2.139E-08  1.394E-08  7.767E-09  3.345E-09  8.920E-10  9.884E-11  3.732E-12  2.289E-14  1.550E-17  8.509E-22  3.800E-27  3.813E-35  7.006E-45  0.000E+00  0.000E+00  0.000E+00  0.000E+00  0.000E+00  0.000E+00  0.000E+00  0.000E+00  0.000E+00  0.000E+00  0.000E+00  0.000E+00  0.000E+00  0.000E+00  0.000E+00  0.000E+00  0.000E+00  0.000E+00  0.000E+00
  300.5000  1.852E-06  1.752E-06  1.658E-06  1.532E-06  1.421E-06  1.325E-06  1.241E-06  1.168E-06  1.057E-06  9.817E-07  8.881E-07  8.197E-07  7.315E-07  6.544E-07  5.860E-07  5.263E-07  4.607E-07  4.011E-07  3.395E-07  2.882E-07  2.440E-07  2.060E-07  1.668E-07  1.375E-07  1.090E-07  8.783E-08  6.782E-08  5.146E-08  3.822E-08  2.734E-08  1.821E-08  1.060E-08  4.929E-09  1.510E-09  2.137E-10  1.171E-11  1.293E-13  2.038E-16  3.451E-20  6.255E-25  4.970E-32  1.037E-40  0.000E+00  0.000E+00  0.000E+00  0.000E+00  0.000E+00  0.000E+00  0.000E+00  0.000E+00  0.000E+00  0.000E+00  0.000E+00  0.000E+00  0.000E+00  0.000E+00  0.000E+00  0.000E+00  0.000E+00  0.000E+00  0.000E+00
  301.5000  5.058E-06  4.783E-06  4.519E-06  4.172E-06  3.866E-06  3.601E-06  3.370E-06  3.169E-06  2.867E-06  2.660E-06  2.405E-06  2.219E-06  1.980E-06  1.771E-06  1.586E-06  1.425E-06  1.248E-06  1.087E-06  9.209E-07  7.824E-07  6.629E-07  5.601E-07  4.543E-07  3.747E-07  2.976E-07  2.403E-07  1.859E-07  1.416E-07  1.058E-07  7.652E-08  5.210E-08  3.166E-08  1.593E-08  5.631E-09  1.029E-09  8.355E-11  1.723E-12  6.693E-15  3.789E-18  3.107E-22  2.357E-28  7.874E-36  4.386E-43  1.401E-45  0.000E+00  0.000E+00  0.000E+00  0.000E+00  0.000E+00  0.000E+00  0.000E+00  0.000E+00  0.000E+00  0.000E+00  0.000E+00  0.000E+00  0.000E+00  0.000E+00  0.000E+00  0.000E+00  0.000E+00
  302.5000  7.839E-06  7.402E-06  6.987E-06  6.448E-06  5.970E-06  5.556E-06  5.196E-06  4.882E-06  4.414E-06  4.093E-06  3.699E-06  3.411E-06  3.043E-06  2.722E-06  2.436E-06  2.189E-06  1.918E-06  1.671E-06  1.417E-06  1.205E-06  1.021E-06  8.635E-07  7.010E-07  5.787E-07  4.601E-07  3.721E-07  2.883E-07  2.201E-07  1.651E-07  1.203E-07  8.313E-08  5.200E-08  2.759E-08  1.074E-08  2.334E-09  2.475E-10  7.790E-12  5.518E-14  6.875E-17  1.504E-20  4.943E-26  9.916E-33  2.921E-39  7.707E-44  4.204E-45  1.401E-45  0.000E+00  0.000E+00  0.000E+00  0.000E+00  0.000E+00  0.000E+00  0.000E+00  0.000E+00  0.000E+00  0.000E+00  0.000E+00  0.000E+00  0.000E+00  0.000E+00  0.000E+00
  303.5000  1.757E-05  1.657E-05  1.562E-05  1.439E-05  1.330E-05  1.236E-05  1.155E-05  1.084E-05  9.791E-06  9.069E-06  8.191E-06  7.547E-06  6.730E-06  6.017E-06  5.386E-06  4.838E-06  4.239E-06  3.695E-06  3.136E-06  2.668E-06  2.263E-06  1.915E-06  1.557E-06  1.287E-06  1.025E-06  8.301E-07  6.441E-07  4.933E-07  3.718E-07  2.731E-07  1.917E-07  1.239E-07  6.971E-08  3.029E-08  8.017E-09  1.155E-09  5.922E-11  8.463E-13  2.688E-15  1.892E-18  3.558E-23  6.029E-29  1.292E-34  1.028E-38  3.662E-40  2.950E-42  1.261E-44  0.000E+00  0.000E+00  0.000E+00  0.000E+00  0.000E+00  0.000E+00  0.000E+00  0.000E+00  0.000E+00  0.000E+00  0.000E+00  0.000E+00  0.000E+00  0.000E+00
  304.5000  2.266E-05  2.136E-05  2.025E-05  1.851E-05  1.710E-05  1.588E-05  1.481E-05  1.389E-05  1.254E-05  1.161E-05  1.048E-05  9.647E-06  8.599E-06  7.686E-06  6.872E-06  6.176E-06  5.412E-06  4.719E-06  4.007E-06  3.411E-06  2.895E-06  2.451E-06  1.995E-06  1.650E-06  1.315E-06  1.066E-06  8.285E-07  6.356E-07  4.804E-07  3.547E-07  2.513E-07  1.655E-07  9.651E-08  4.478E-08  1.333E-08  2.304E-09  1.575E-10  3.398E-12  1.868E-14  2.598E-17  1.328E-21  7.515E-27  4.853E-32  7.180E-36  2.226E-37  1.439E-39  3.566E-42  1.401E-45  0.000E+00  0.000E+00  0.000E+00  0.000E+00  0.000E+00  0.000E+00  0.000E+00  0.000E+00  0.000E+00  0.000E+00  0.000E+00  0.000E+00  0.000E+00
  305.5000  3.896E-05  3.664E-05  3.443E-05  3.163E-05  2.917E-05  2.704E-05  2.519E-05  2.358E-05  2.125E-05  1.965E-05  1.771E-05  1.629E-05  1.451E-05  1.296E-05  1.160E-05  1.040E-05  9.114E-06  7.948E-06  6.753E-06  5.753E-06  4.887E-06  4.141E-06  3.376E-06  2.794E-06  2.231E-06  1.812E-06  1.410E-06  1.085E-06  8.231E-07  6.115E-07  4.388E-07  2.962E-07  1.811E-07  9.179E-08  3.213E-08  7.158E-09  7.348E-10  2.878E-11  3.575E-13  1.380E-15  3.196E-19  1.132E-23  3.997E-28  1.508E-31  3.707E-33  1.640E-35  1.757E-38  6.446E-44  0.000E+00  0.000E+00  0.000E+00  0.000E+00  0.000E+00  0.000E+00  0.000E+00  0.000E+00  0.000E+00  0.000E+00  0.000E+00  0.000E+00  0.000E+00
  306.5000  4.585E-05  4.308E-05  4.043E-05  3.711E-05  3.419E-05  3.166E-05  2.947E-05  2.756E-05  2.483E-05  2.293E-05  2.066E-05  1.899E-05  1.690E-05  1.509E-05  1.349E-05  1.210E-05  1.060E-05  9.248E-06  7.861E-06  6.698E-06  5.692E-06  4.826E-06  3.937E-06  3.260E-06  2.606E-06  2.119E-06  1.650E-06  1.271E-06  9.661E-07  7.199E-07  5.196E-07  3.549E-07  2.217E-07  1.171E-07  4.412E-08  1.102E-08  1.355E-09  6.874E-11  1.206E-12  7.161E-15  3.146E-18  2.419E-22  1.749E-26  9.930E-30  2.288E-31  9.119E-34  7.531E-37  2.500E-42  0.000E+00  0.000E+00  0.000E+00  0.000E+00  0.000E+00  0.000E+00  0.000E+00  0.000E+00  0.000E+00  0.000E+00  0.000E+00  0.000E+00  0.000E+00
  307.5000  8.491E-05  7.956E-05  7.448E-05  6.820E-05  6.269E-05  5.791E-05  5.377E-05  5.018E-05  4.511E-05  4.158E-05  3.740E-05  3.432E-05  3.050E-05  2.720E-05  2.431E-05  2.178E-05  1.907E-05  1.663E-05  1.414E-05  1.206E-05  1.025E-05  8.699E-06  7.108E-06  5.892E-06  4.719E-06  3.841E-06  2.997E-06  2.314E-06  1.765E-06  1.322E-06  9.626E-07  6.697E-07  4.334E-07  2.449E-07  1.047E-07  3.201E-08  5.457E-09  4.489E-10  1.533E-11  2.109E-13  3.242E-16  1.144E-19  3.421E-23  4.232E-26  8.169E-28  2.421E-30  1.010E-33  2.166E-39  0.000E+00  0.000E+00  0.000E+00  0.000E+00  0.000E+00  0.000E+00  0.000E+00  0.000E+00  0.000E+00  0.000E+00  0.000E+00  0.000E+00  0.000E+00
  308.5000  1.055E-04  9.876E-05  9.235E-05  8.447E-05  7.755E-05  7.156E-05  6.637E-05  6.187E-05  5.557E-05  5.117E-05  4.599E-05  4.216E-05  3.745E-05  3.338E-05  2.981E-05  2.669E-05  2.337E-05  2.038E-05  1.733E-05  1.478E-05  1.257E-05  1.067E-05  8.723E-06  7.235E-06  5.799E-06  4.725E-06  3.690E-06  2.852E-06  2.178E-06  1.635E-06  1.196E-06  8.387E-07  5.511E-07  3.207E-07  1.447E-07  4.811E-08  9.374E-09  9.329E-10  4.103E-11  7.737E-13  1.903E-15  1.180E-18  5.935E-22  9.901E-25  1.850E-26  5.199E-29  1.868E-32  3.928E-38  0.000E+00  0.000E+00  0.000E+00  0.000E+00  0.000E+00  0.000E+00  0.000E+00  0.000E+00  0.000E+00  0.000E+00  0.000E+00  0.000E+00  0.000E+00
  309.5000  1.130E-04  1.055E-04  9.842E-05  8.980E-05  8.226E-05  7.572E-05  7.006E-05  6.516E-05  5.840E-05  5.367E-05  4.815E-05  4.405E-05  3.907E-05  3.478E-05  3.102E-05  2.775E-05  2.428E-05  2.115E-05  1.800E-05  1.535E-05  1.306E-05  1.109E-05  9.077E-06  7.536E-06  6.049E-06  4.934E-06  3.859E-06  2.989E-06  2.288E-06  1.723E-06  1.268E-06  8.995E-07  6.042E-07  3.669E-07  1.795E-07  6.804E-08  1.641E-08  2.240E-09  1.526E-10  4.999E-12  2.810E-14  4.740E-17  6.048E-20  1.686E-22  2.860E-24  6.821E-27  1.643E-30  2.767E-36  0.000E+00  0.000E+00  0.000E+00  0.000E+00  0.000E+00  0.000E+00  0.000E+00  0.000E+00  0.000E+00  0.000E+00  0.000E+00  0.000E+00  0.000E+00
  310.5000  1.802E-04  1.679E-04  1.562E-04  1.423E-04  1.300E-04  1.194E-04  1.103E-04  1.023E-04  9.157E-05  8.397E-05  7.521E-05  6.870E-05  6.084E-05  5.409E-05  4.818E-05  4.305E-05  3.763E-05  3.277E-05  2.788E-05  2.377E-05  2.023E-05  1.718E-05  1.408E-05  1.170E-05  9.404E-06  7.678E-06  6.013E-06  4.665E-06  3.578E-06  2.702E-06  1.997E-06  1.429E-06  9.752E-07  6.109E-07  3.172E-07  1.323E-07  3.730E-08  6.397E-09  5.939E-10  2.875E-11  2.899E-13  9.862E-16  2.405E-18  9.634E-21  1.549E-22  3.373E-25  6.428E-29  9.873E-35  0.000E+00  0.000E+00  0.000E+00  0.000E+00  0.000E+00  0.000E+00  0.000E+00  0.000E+00  0.000E+00  0.000E+00  0.000E+00  0.000E+00  0.000E+00
  311.5000  2.590E-04  2.408E-04  2.238E-04  2.034E-04  1.856E-04  1.702E-04  1.569E-04  1.454E-04  1.299E-04  1.189E-04  1.064E-04  9.703E-05  8.584E-05  7.622E-05  6.784E-05  6.054E-05  5.289E-05  4.604E-05  3.915E-05  3.338E-05  2.841E-05  2.413E-05  1.979E-05  1.645E-05  1.324E-05  1.082E-05  8.479E-06  6.586E-06  5.059E-06  3.827E-06  2.836E-06  2.040E-06  1.407E-06  8.991E-07  4.849E-07  2.152E-07  6.708E-08  1.333E-08  1.513E-09  9.447E-11  1.401E-12  7.601E-15  2.869E-17  1.479E-19  2.340E-21  4.950E-24  8.448E-28  1.301E-33  0.000E+00  0.000E+00  0.000E+00  0.000E+00  0.000E+00  0.000E+00  0.000E+00  0.000E+00  0.000E+00  0.000E+00  0.000E+00  0.000E+00  0.000E+00
  312.5000  3.185E-04  2.951E-04  2.731E-04  2.475E-04  2.250E-04  2.056E-04  1.888E-04  1.743E-04  1.552E-04  1.416E-04  1.262E-04  1.148E-04  1.012E-04  8.967E-05  7.961E-05  7.087E-05  6.181E-05  5.372E-05  4.566E-05  3.891E-05  3.310E-05  2.812E-05  2.309E-05  1.920E-05  1.548E-05  1.266E-05  9.950E-06  7.747E-06  5.966E-06  4.528E-06  3.372E-06  2.447E-06  1.715E-06  1.132E-06  6.504E-07  3.207E-07  1.191E-07  3.073E-08  5.000E-09  4.932E-10  1.456E-11  1.802E-13  1.457E-15  1.139E-17  1.675E-19  3.127E-22  3.912E-26  5.139E-32  3.223E-44  0.000E+00  0.000E+00  0.000E+00  0.000E+00  0.000E+00  0.000E+00  0.000E+00  0.000E+00  0.000E+00  0.000E+00  0.000E+00  0.000E+00
  313.5000  3.840E-04  3.555E-04  3.287E-04  2.976E-04  2.703E-04  2.467E-04  2.264E-04  2.088E-04  1.858E-04  1.694E-04  1.509E-04  1.370E-04  1.208E-04  1.069E-04  9.485E-05  8.438E-05  7.354E-05  6.389E-05  5.429E-05  4.625E-05  3.934E-05  3.342E-05  2.745E-05  2.284E-05  1.842E-05  1.508E-05  1.186E-05  9.238E-06  7.120E-06  5.410E-06  4.035E-06  2.937E-06  2.069E-06  1.379E-06  8.071E-07  4.098E-07  1.596E-07  4.391E-08  7.758E-09  8.487E-10  2.933E-11  4.375E-13  4.204E-15  3.679E-17  5.541E-19  1.074E-21  1.402E-25  2.080E-31  1.668E-43  0.000E+00  0.000E+00  0.000E+00  0.000E+00  0.000E+00  0.000E+00  0.000E+00  0.000E+00  0.000E+00  0.000E+00  0.000E+00  0.000E+00
  314.5000  4.924E-04  4.538E-04  4.179E-04  3.768E-04  3.408E-04  3.097E-04  2.830E-04  2.599E-04  2.302E-04  2.090E-04  1.854E-04  1.678E-04  1.473E-04  1.299E-04  1.149E-04  1.016E-04  8.857E-05  7.677E-05  6.514E-05  5.542E-05  4.710E-05  3.998E-05  3.287E-05  2.736E-05  2.211E-05  1.811E-05  1.427E-05  1.115E-05  8.619E-06  6.570E-06  4.921E-06  3.607E-06  2.574E-06  1.757E-06  1.081E-06  5.962E-07  2.676E-07  9.115E-08  2.172E-08  3.489E-09  2.168E-10  6.549E-12  1.212E-13  1.520E-15  2.168E-17  3.821E-20  3.870E-24  5.098E-30  4.741E-42  0.000E+00  0.000E+00  0.000E+00  0.000E+00  0.000E+00  0.000E+00  0.000E+00  0.000E+00  0.000E+00  0.000E+00  0.000E+00  0.000E+00
  315.5000  5.339E-04  4.918E-04  4.526E-04  4.078E-04  3.687E-04  3.349E-04  3.058E-04  2.807E-04  2.485E-04  2.255E-04  1.999E-04  1.808E-04  1.586E-04  1.398E-04  1.236E-04  1.094E-04  9.513E-05  8.241E-05  6.990E-05  5.945E-05  5.052E-05  4.288E-05  3.526E-05  2.936E-05  2.373E-05  1.945E-05  1.534E-05  1.199E-05  9.275E-06  7.076E-06  5.307E-06  3.898E-06  2.791E-06  1.918E-06  1.194E-06  6.713E-07  3.104E-07  1.100E-07  2.750E-08  4.689E-09  3.190E-10  1.070E-11  2.182E-13  2.943E-15  4.342E-17  8.084E-20  8.898E-24  1.364E-29  1.671E-41  0.000E+00  0.000E+00  0.000E+00  0.000E+00  0.000E+00  0.000E+00  0.000E+00  0.000E+00  0.000E+00  0.000E+00  0.000E+00  0.000E+00
  316.5000  6.810E-04  6.248E-04  5.727E-04  5.140E-04  4.628E-04  4.186E-04  3.806E-04  3.481E-04  3.067E-04  2.770E-04  2.446E-04  2.202E-04  1.925E-04  1.690E-04  1.488E-04  1.314E-04  1.138E-04  9.826E-05  8.316E-05  7.059E-05  5.988E-05  5.077E-05  4.175E-05  3.476E-05  2.813E-05  2.308E-05  1.824E-05  1.430E-05  1.109E-05  8.485E-06  6.389E-06  4.719E-06  3.409E-06  2.385E-06  1.538E-06  9.183E-07  4.714E-07  1.960E-07  6.150E-08  1.408E-08  1.500E-09  8.606E-11  2.877E-12  5.111E-14  7.309E-16  1.287E-18  1.202E-22  1.746E-28  2.505E-40  0.000E+00  0.000E+00  0.000E+00  0.000E+00  0.000E+00  0.000E+00  0.000E+00  0.000E+00  0.000E+00  0.000E+00  0.000E+00  0.000E+00
  317.5000  9.637E-04  8.844E-04  8.109E-04  7.278E-04  6.553E-04  5.929E-04  5.392E-04  4.949E-04  4.346E-04  3.927E-04  3.468E-04  3.123E-04  2.730E-04  2.396E-04  2.110E-04  1.865E-04  1.614E-04  1.394E-04  1.180E-04  1.001E-04  8.493E-05  7.202E-05  5.923E-05  4.931E-05  3.992E-05  3.276E-05  2.589E-05  2.030E-05  1.575E-05  1.205E-05  9.079E-06  6.710E-06  4.854E-06  3.401E-06  2.200E-06  1.320E-06  6.814E-07  2.847E-07  8.947E-08  2.050E-08  2.188E-09  1.255E-10  4.206E-12  7.655E-14  1.150E-15  2.194E-18  2.349E-22  4.119E-28  7.867E-40  0.000E+00  0.000E+00  0.000E+00  0.000E+00  0.000E+00  0.000E+00  0.000E+00  0.000E+00  0.000E+00  0.000E+00  0.000E+00  0.000E+00
  318.5000  1.003E-03  9.174E-04  8.379E-04  7.492E-04  6.718E-04  6.051E-04  5.479E-04  4.986E-04  4.377E-04  3.936E-04  3.459E-04  3.101E-04  2.697E-04  2.357E-04  2.067E-04  1.812E-04  1.566E-04  1.347E-04  1.137E-04  9.620E-05  8.141E-05  6.888E-05  5.661E-05  4.710E-05  3.816E-05  3.134E-05  2.482E-05  1.951E-05  1.518E-05  1.166E-05  8.820E-06  6.554E-06  4.780E-06  3.399E-06  2.265E-06  1.429E-06  8.068E-07  3.871E-07  1.487E-07  4.434E-08  7.104E-09  6.619E-10  3.477E-11  8.138E-13  1.192E-14  2.173E-17  2.014E-21  3.395E-27  7.591E-39  0.000E+00  0.000E+00  0.000E+00  0.000E+00  0.000E+00  0.000E+00  0.000E+00  0.000E+00  0.000E+00  0.000E+00  0.000E+00  0.000E+00
  319.5000  1.302E-03  1.190E-03  1.086E-03  9.707E-04  8.700E-04  7.832E-04  7.087E-04  6.447E-04  5.654E-04  5.082E-04  4.462E-04  3.997E-04  3.474E-04  3.033E-04  2.657E-04  2.333E-04  2.010E-04  1.728E-04  1.457E-04  1.232E-04  1.042E-04  8.810E-05  7.239E-05  6.022E-05  4.880E-05  4.009E-05  3.177E-05  2.499E-05  1.946E-05  1.496E-05  1.133E-05  8.431E-06  6.163E-06  4.401E-06  2.954E-06  1.887E-06  1.087E-06  5.366E-07  2.140E-07  6.701E-08  1.157E-08  1.177E-09  6.714E-11  1.675E-12  2.539E-14  4.887E-17  4.917E-21  9.545E-27  2.750E-38  0.000E+00  0.000E+00  0.000E+00  0.000E+00  0.000E+00  0.000E+00  0.000E+00  0.000E+00  0.000E+00  0.000E+00  0.000E+00  0.000E+00
  320.5000  1.705E-03  1.558E-03  1.421E-03  1.269E-03  1.136E-03  1.022E-03  9.235E-04  8.393E-04  7.350E-04  6.598E-04  5.787E-04  5.177E-04  4.493E-04  3.918E-04  3.427E-04  3.001E-04  2.586E-04  2.221E-04  1.870E-04  1.580E-04  1.335E-04  1.128E-04  9.265E-05  7.705E-05  6.244E-05  5.129E-05  4.067E-05  3.202E-05  2.496E-05  1.921E-05  1.456E-05  1.085E-05  7.950E-06  5.697E-06  3.851E-06  2.487E-06  1.461E-06  7.444E-07  3.113E-07  1.038E-07  1.972E-08  2.249E-09  1.433E-10  3.866E-12  6.042E-14  1.220E-16  1.306E-20  2.857E-26  1.042E-37  0.000E+00  0.000E+00  0.000E+00  0.000E+00  0.000E+00  0.000E+00  0.000E+00  0.000E+00  0.000E+00  0.000E+00  0.000E+00  0.000E+00
  321.5000  2.059E-03  1.880E-03  1.713E-03  1.526E-03  1.363E-03  1.223E-03  1.103E-03  9.994E-04  8.717E-04  7.796E-04  6.807E-04  6.063E-04  5.235E-04  4.541E-04  3.953E-04  3.447E-04  2.950E-04  2.519E-04  2.110E-04  1.773E-04  1.492E-04  1.256E-04  1.029E-04  8.536E-05  6.913E-05  5.678E-05  4.510E-05  3.560E-05  2.785E-05  2.153E-05  1.640E-05  1.230E-05  9.081E-06  6.590E-06  4.564E-06  3.067E-06  1.938E-06  1.103E-06  5.448E-07  2.272E-07  6.131E-08  1.063E-08  9.998E-10  3.363E-11  5.151E-13  1.003E-15  9.540E-20  2.044E-25  8.767E-37  0.000E+00  0.000E+00  0.000E+00  0.000E+00  0.000E+00  0.000E+00  0.000E+00  0.000E+00  0.000E+00  0.000E+00  0.000E+00  0.000E+00
  322.5000  1.564E-03  1.428E-03  1.302E-03  1.161E-03  1.039E-03  9.340E-04  8.437E-04  7.663E-04  6.704E-04  6.013E-04  5.269E-04  4.709E-04  4.083E-04  3.556E-04  3.108E-04  2.722E-04  2.340E-04  2.007E-04  1.688E-04  1.425E-04  1.203E-04  1.016E-04  8.340E-05  6.934E-05  5.619E-05  4.618E-05  3.663E-05  2.886E-05  2.252E-05  1.735E-05  1.317E-05  9.837E-06  7.225E-06  5.200E-06  3.543E-06  2.317E-06  1.391E-06  7.303E-07  3.184E-07  1.122E-07  2.327E-08  2.949E-09  2.093E-10  6.226E-12  1.052E-13  2.405E-16  3.110E-20  9.116E-26  5.446E-37  0.000E+00  0.000E+00  0.000E+00  0.000E+00  0.000E+00  0.000E+00  0.000E+00  0.000E+00  0.000E+00  0.000E+00  0.000E+00  0.000E+00
  323.5000  2.548E-03  2.328E-03  2.123E-03  1.891E-03  1.688E-03  1.515E-03  1.365E-03  1.237E-03  1.077E-03  9.622E-04  8.386E-04  7.458E-04  6.425E-04  5.560E-04  4.828E-04  4.200E-04  3.583E-04  3.050E-04  2.548E-04  2.134E-04  1.790E-04  1.504E-04  1.229E-04  1.018E-04  8.238E-05  6.763E-05  5.373E-05  4.246E-05  3.328E-05  2.578E-05  1.969E-05  1.482E-05  1.099E-05  8.021E-06  5.613E-06  3.835E-06  2.497E-06  1.489E-06  7.904E-07  3.641E-07  1.152E-07  2.426E-08  2.766E-09  1.072E-10  1.748E-12  3.752E-15  4.058E-19  1.104E-24  7.458E-36  0.000E+00  0.000E+00  0.000E+00  0.000E+00  0.000E+00  0.000E+00  0.000E+00  0.000E+00  0.000E+00  0.000E+00  0.000E+00  0.000E+00
  324.5000  2.934E-03  2.680E-03  2.443E-03  2.176E-03  1.944E-03  1.744E-03  1.572E-03  1.424E-03  1.241E-03  1.109E-03  9.668E-04  8.601E-04  7.412E-04  6.417E-04  5.575E-04  4.852E-04  4.141E-04  3.527E-04  2.947E-04  2.470E-04  2.073E-04  1.742E-04  1.424E-04  1.180E-04  9.550E-05  7.842E-05  6.231E-05  4.924E-05  3.859E-05  2.990E-05  2.284E-05  1.718E-05  1.274E-05  9.304E-06  6.513E-06  4.450E-06  2.895E-06  1.723E-06  9.087E-07  4.149E-07  1.294E-07  2.680E-08  3.020E-09  1.187E-10  2.029E-12  4.707E-15  5.804E-19  1.878E-24  1.642E-35  0.000E+00  0.000E+00  0.000E+00  0.000E+00  0.000E+00  0.000E+00  0.000E+00  0.000E+00  0.000E+00  0.000E+00  0.000E+00  0.000E+00
  325.5000  3.069E-03  2.802E-03  2.554E-03  2.274E-03  2.031E-03  1.821E-03  1.641E-03  1.487E-03  1.296E-03  1.158E-03  1.010E-03  8.990E-04  7.751E-04  6.715E-04  5.837E-04  5.083E-04  4.342E-04  3.702E-04  3.096E-04  2.597E-04  2.182E-04  1.834E-04  1.501E-04  1.244E-04  1.007E-04  8.273E-05  6.573E-05  5.193E-05  4.068E-05  3.149E-05  2.404E-05  1.807E-05  1.338E-05  9.758E-06  6.811E-06  4.633E-06  2.989E-06  1.755E-06  9.064E-07  4.019E-07  1.197E-07  2.347E-08  2.531E-09  9.924E-11  1.793E-12  4.540E-15  6.506E-19  2.528E-24  2.839E-35  0.000E+00  0.000E+00  0.000E+00  0.000E+00  0.000E+00  0.000E+00  0.000E+00  0.000E+00  0.000E+00  0.000E+00  0.000E+00  0.000E+00
  326.5000  5.361E-03  4.913E-03  4.493E-03  4.008E-03  3.585E-03  3.222E-03  2.909E-03  2.640E-03  2.298E-03  2.055E-03  1.789E-03  1.591E-03  1.368E-03  1.181E-03  1.023E-03  8.878E-04  7.545E-04  6.399E-04  5.320E-04  4.435E-04  3.705E-04  3.100E-04  2.523E-04  2.084E-04  1.682E-04  1.379E-04  1.095E-04  8.663E-05  6.805E-05  5.290E-05  4.059E-05  3.069E-05  2.290E-05  1.686E-05  1.197E-05  8.346E-06  5.647E-06  3.568E-06  2.073E-06  1.086E-06  4.226E-07  1.149E-07  1.692E-08  7.946E-10  1.420E-11  3.522E-14  4.638E-18  1.800E-23  2.361E-34  0.000E+00  0.000E+00  0.000E+00  0.000E+00  0.000E+00  0.000E+00  0.000E+00  0.000E+00  0.000E+00  0.000E+00  0.000E+00  0.000E+00
  327.5000  4.406E-03  4.030E-03  3.680E-03  3.280E-03  2.931E-03  2.631E-03  2.373E-03  2.151E-03  1.873E-03  1.674E-03  1.458E-03  1.296E-03  1.115E-03  9.637E-04  8.357E-04  7.259E-04  6.180E-04  5.249E-04  4.373E-04  3.654E-04  3.058E-04  2.563E-04  2.090E-04  1.729E-04  1.397E-04  1.146E-04  9.108E-05  7.204E-05  5.654E-05  4.391E-05  3.364E-05  2.539E-05  1.891E-05  1.389E-05  9.812E-06  6.802E-06  4.544E-06  2.814E-06  1.581E-06  7.882E-07  2.831E-07  6.978E-08  9.405E-09  4.302E-10  8.165E-12  2.232E-14  3.505E-18  1.668E-23  2.850E-34  0.000E+00  0.000E+00  0.000E+00  0.000E+00  0.000E+00  0.000E+00  0.000E+00  0.000E+00  0.000E+00  0.000E+00  0.000E+00  0.000E+00
  328.5000  4.071E-03  3.723E-03  3.399E-03  3.028E-03  2.705E-03  2.428E-03  2.189E-03  1.984E-03  1.726E-03  1.542E-03  1.343E-03  1.193E-03  1.026E-03  8.866E-04  7.686E-04  6.674E-04  5.679E-04  4.822E-04  4.016E-04  3.354E-04  2.806E-04  2.352E-04  1.917E-04  1.585E-04  1.281E-04  1.051E-04  8.349E-05  6.603E-05  5.183E-05  4.025E-05  3.084E-05  2.328E-05  1.734E-05  1.273E-05  9.001E-06  6.241E-06  4.173E-06  2.588E-06  1.457E-06  7.303E-07  2.651E-07  6.646E-08  9.192E-09  4.348E-10  8.608E-12  2.514E-14  4.361E-18  2.386E-23  5.069E-34  0.000E+00  0.000E+00  0.000E+00  0.000E+00  0.000E+00  0.000E+00  0.000E+00  0.000E+00  0.000E+00  0.000E+00  0.000E+00  0.000E+00
  329.5000  7.121E-03  6.545E-03  6.003E-03  5.364E-03  4.808E-03  4.330E-03  3.920E-03  3.566E-03  3.107E-03  2.783E-03  2.424E-03  2.158E-03  1.855E-03  1.601E-03  1.386E-03  1.202E-03  1.020E-03  8.632E-04  7.156E-04  5.949E-04  4.956E-04  4.136E-04  3.356E-04  2.765E-04  2.227E-04  1.824E-04  1.447E-04  1.145E-04  9.000E-05  7.010E-05  5.393E-05  4.091E-05  3.065E-05  2.269E-05  1.622E-05  1.143E-05  7.892E-06  5.130E-06  3.127E-06  1.757E-06  7.683E-07  2.427E-07  4.197E-08  2.271E-09  4.502E-11  1.315E-13  2.202E-17  1.248E-22  3.142E-33  0.000E+00  0.000E+00  0.000E+00  0.000E+00  0.000E+00  0.000E+00  0.000E+00  0.000E+00  0.000E+00  0.000E+00  0.000E+00  0.000E+00
  330.5000  5.692E-03  5.219E-03  4.776E-03  4.261E-03  3.812E-03  3.427E-03  3.096E-03  2.810E-03  2.447E-03  2.188E-03  1.905E-03  1.694E-03  1.456E-03  1.257E-03  1.088E-03  9.439E-04  8.017E-04  6.793E-04  5.642E-04  4.699E-04  3.921E-04  3.278E-04  2.665E-04  2.199E-04  1.774E-04  1.454E-04  1.154E-04  9.133E-05  7.178E-05  5.585E-05  4.290E-05  3.248E-05  2.428E-05  1.792E-05  1.276E-05  8.948E-06  6.107E-06  3.905E-06  2.311E-06  1.244E-06  5.071E-07  1.469E-07  2.351E-08  1.246E-09  2.615E-11  8.379E-14  1.654E-17  1.134E-22  3.655E-33  0.000E+00  0.000E+00  0.000E+00  0.000E+00  0.000E+00  0.000E+00  0.000E+00  0.000E+00  0.000E+00  0.000E+00  0.000E+00  0.000E+00
  331.5000  5.475E-03  5.017E-03  4.588E-03  4.092E-03  3.660E-03  3.288E-03  2.968E-03  2.693E-03  2.344E-03  2.095E-03  1.824E-03  1.621E-03  1.393E-03  1.202E-03  1.041E-03  9.029E-04  7.668E-04  6.498E-04  5.398E-04  4.496E-04  3.753E-04  3.138E-04  2.552E-04  2.106E-04  1.699E-04  1.393E-04  1.106E-04  8.747E-05  6.874E-05  5.347E-05  4.106E-05  3.109E-05  2.323E-05  1.714E-05  1.220E-05  8.541E-06  5.818E-06  3.709E-06  2.185E-06  1.168E-06  4.717E-07  1.354E-07  2.163E-08  1.167E-09  2.560E-11  8.792E-14  1.941E-17  1.541E-22  6.175E-33  0.000E+00  0.000E+00  0.000E+00  0.000E+00  0.000E+00  0.000E+00  0.000E+00  0.000E+00  0.000E+00  0.000E+00  0.000E+00  0.000E+00
  332.5000  6.764E-03  6.225E-03  5.717E-03  5.113E-03  4.587E-03  4.136E-03  3.748E-03  3.414E-03  2.976E-03  2.668E-03  2.325E-03  2.072E-03  1.780E-03  1.536E-03  1.331E-03  1.154E-03  9.781E-04  8.272E-04  6.849E-04  5.686E-04  4.730E-04  3.944E-04  3.195E-04  2.630E-04  2.115E-04  1.731E-04  1.372E-04  1.085E-04  8.537E-05  6.655E-05  5.126E-05  3.895E-05  2.924E-05  2.169E-05  1.556E-05  1.102E-05  7.665E-06  5.039E-06  3.130E-06  1.811E-06  8.330E-07  2.820E-07  5.306E-08  3.174E-09  7.038E-11  2.455E-13  5.411E-17  4.556E-22  2.174E-32  0.000E+00  0.000E+00  0.000E+00  0.000E+00  0.000E+00  0.000E+00  0.000E+00  0.000E+00  0.000E+00  0.000E+00  0.000E+00  0.000E+00
  333.5000  5.753E-03  5.283E-03  4.842E-03  4.324E-03  3.873E-03  3.485E-03  3.152E-03  2.866E-03  2.495E-03  2.233E-03  1.945E-03  1.730E-03  1.486E-03  1.282E-03  1.110E-03  9.624E-04  8.163E-04  6.908E-04  5.726E-04  4.759E-04  3.964E-04  3.309E-04  2.684E-04  2.212E-04  1.781E-04  1.459E-04  1.157E-04  9.154E-05  7.198E-05  5.607E-05  4.314E-05  3.273E-05  2.453E-05  1.816E-05  1.299E-05  9.162E-06  6.326E-06  4.113E-06  2.505E-06  1.407E-06  6.164E-07  1.965E-07  3.511E-08  2.081E-09  4.858E-11  1.841E-13  4.679E-17  4.667E-22  2.793E-32  0.000E+00  0.000E+00  0.000E+00  0.000E+00  0.000E+00  0.000E+00  0.000E+00  0.000E+00  0.000E+00  0.000E+00  0.000E+00  0.000E+00
  334.5000  6.762E-03  6.216E-03  5.702E-03  5.095E-03  4.566E-03  4.112E-03  3.722E-03  3.386E-03  2.950E-03  2.642E-03  2.300E-03  2.048E-03  1.759E-03  1.517E-03  1.314E-03  1.138E-03  9.651E-04  8.162E-04  6.759E-04  5.612E-04  4.671E-04  3.895E-04  3.156E-04  2.599E-04  2.091E-04  1.712E-04  1.357E-04  1.073E-04  8.442E-05  6.579E-05  5.065E-05  3.847E-05  2.886E-05  2.139E-05  1.533E-05  1.084E-05  7.521E-06  4.924E-06  3.038E-06  1.740E-06  7.878E-07  2.624E-07  4.919E-08  3.044E-09  7.339E-11  2.924E-13  7.995E-17  8.929E-22  6.491E-32  0.000E+00  0.000E+00  0.000E+00  0.000E+00  0.000E+00  0.000E+00  0.000E+00  0.000E+00  0.000E+00  0.000E+00  0.000E+00  0.000E+00
  335.5000  7.680E-03  7.078E-03  6.509E-03  5.826E-03  5.233E-03  4.723E-03  4.285E-03  3.908E-03  3.408E-03  3.058E-03  2.667E-03  2.378E-03  2.043E-03  1.764E-03  1.528E-03  1.325E-03  1.122E-03  9.486E-04  7.845E-04  6.503E-04  5.404E-04  4.501E-04  3.640E-04  2.993E-04  2.403E-04  1.966E-04  1.557E-04  1.231E-04  9.685E-05  7.554E-05  5.825E-05  4.432E-05  3.333E-05  2.478E-05  1.783E-05  1.267E-05  8.872E-06  5.886E-06  3.717E-06  2.206E-06  1.062E-06  3.826E-07  7.785E-08  5.117E-09  1.264E-10  5.229E-13  1.500E-16  1.841E-21  1.614E-31  0.000E+00  0.000E+00  0.000E+00  0.000E+00  0.000E+00  0.000E+00  0.000E+00  0.000E+00  0.000E+00  0.000E+00  0.000E+00  0.000E+00
  336.5000  5.806E-03  5.346E-03  4.913E-03  4.394E-03  3.944E-03  3.556E-03  3.224E-03  2.938E-03  2.560E-03  2.296E-03  2.001E-03  1.783E-03  1.532E-03  1.322E-03  1.144E-03  9.918E-04  8.405E-04  7.102E-04  5.875E-04  4.871E-04  4.049E-04  3.373E-04  2.729E-04  2.244E-04  1.803E-04  1.475E-04  1.168E-04  9.238E-05  7.267E-05  5.667E-05  4.368E-05  3.323E-05  2.497E-05  1.856E-05  1.334E-05  9.468E-06  6.620E-06  4.379E-06  2.752E-06  1.621E-06  7.707E-07  2.740E-07  5.536E-08  3.689E-09  9.498E-11  4.197E-13  1.340E-16  1.891E-21  2.033E-31  0.000E+00  0.000E+00  0.000E+00  0.000E+00  0.000E+00  0.000E+00  0.000E+00  0.000E+00  0.000E+00  0.000E+00  0.000E+00  0.000E+00
  337.5000  5.885E-03  5.409E-03  4.961E-03  4.431E-03  3.971E-03  3.575E-03  3.235E-03  2.943E-03  2.562E-03  2.294E-03  1.997E-03  1.778E-03  1.526E-03  1.316E-03  1.139E-03  9.870E-04  8.364E-04  7.070E-04  5.853E-04  4.858E-04  4.041E-04  3.368E-04  2.728E-04  2.246E-04  1.806E-04  1.478E-04  1.172E-04  9.267E-05  7.288E-05  5.681E-05  4.375E-05  3.324E-05  2.495E-05  1.851E-05  1.328E-05  9.398E-06  6.533E-06  4.288E-06  2.656E-06  1.531E-06  7.023E-07  2.389E-07  4.651E-08  3.091E-09  8.338E-11  3.969E-13  1.438E-16  2.364E-21  3.136E-31  0.000E+00  0.000E+00  0.000E+00  0.000E+00  0.000E+00  0.000E+00  0.000E+00  0.000E+00  0.000E+00  0.000E+00  0.000E+00  0.000E+00
  338.5000  7.007E-03  6.457E-03  5.938E-03  5.315E-03  4.772E-03  4.307E-03  3.907E-03  3.563E-03  3.106E-03  2.787E-03  2.429E-03  2.166E-03  1.861E-03  1.606E-03  1.390E-03  1.205E-03  1.021E-03  8.621E-04  7.125E-04  5.903E-04  4.902E-04  4.081E-04  3.298E-04  2.710E-04  2.175E-04  1.778E-04  1.408E-04  1.113E-04  8.755E-05  6.830E-05  5.268E-05  4.011E-05  3.018E-05  2.245E-05  1.617E-05  1.150E-05  8.071E-06  5.368E-06  3.407E-06  2.039E-06  9.967E-07  3.688E-07  7.836E-08  5.545E-09  1.529E-10  7.528E-13  2.836E-16  5.070E-21  8.007E-31  0.000E+00  0.000E+00  0.000E+00  0.000E+00  0.000E+00  0.000E+00  0.000E+00  0.000E+00  0.000E+00  0.000E+00  0.000E+00  0.000E+00
  339.5000  7.746E-03  7.140E-03  6.568E-03  5.880E-03  5.281E-03  4.767E-03  4.326E-03  3.946E-03  3.441E-03  3.088E-03  2.692E-03  2.401E-03  2.062E-03  1.780E-03  1.541E-03  1.335E-03  1.131E-03  9.549E-04  7.889E-04  6.533E-04  5.423E-04  4.513E-04  3.645E-04  2.994E-04  2.402E-04  1.964E-04  1.554E-04  1.228E-04  9.661E-05  7.538E-05  5.815E-05  4.429E-05  3.334E-05  2.482E-05  1.788E-05  1.273E-05  8.950E-06  5.965E-06  3.802E-06  2.291E-06  1.133E-06  4.268E-07  9.286E-08  6.765E-09  1.930E-10  1.002E-12  4.096E-16  8.225E-21  1.565E-30  0.000E+00  0.000E+00  0.000E+00  0.000E+00  0.000E+00  0.000E+00  0.000E+00  0.000E+00  0.000E+00  0.000E+00  0.000E+00  0.000E+00
  340.5000  7.921E-03  7.293E-03  6.702E-03  5.994E-03  5.379E-03  4.850E-03  4.396E-03  4.006E-03  3.490E-03  3.129E-03  2.726E-03  2.429E-03  2.086E-03  1.799E-03  1.557E-03  1.349E-03  1.142E-03  9.644E-04  7.970E-04  6.603E-04  5.483E-04  4.564E-04  3.689E-04  3.031E-04  2.433E-04  1.989E-04  1.575E-04  1.245E-04  9.794E-05  7.640E-05  5.891E-05  4.484E-05  3.373E-05  2.509E-05  1.806E-05  1.284E-05  9.004E-06  5.980E-06  3.786E-06  2.257E-06  1.098E-06  4.049E-07  8.672E-08  6.370E-09  1.892E-10  1.048E-12  4.767E-16  1.096E-20  2.539E-30  0.000E+00  0.000E+00  0.000E+00  0.000E+00  0.000E+00  0.000E+00  0.000E+00  0.000E+00  0.000E+00  0.000E+00  0.000E+00  0.000E+00
  341.5000  7.496E-03  6.913E-03  6.362E-03  5.696E-03  5.117E-03  4.620E-03  4.194E-03  3.827E-03  3.337E-03  2.996E-03  2.612E-03  2.330E-03  2.002E-03  1.727E-03  1.495E-03  1.296E-03  1.097E-03  9.262E-04  7.648E-04  6.330E-04  5.252E-04  4.368E-04  3.526E-04  2.895E-04  2.321E-04  1.897E-04  1.501E-04  1.186E-04  9.326E-05  7.278E-05  5.617E-05  4.280E-05  3.224E-05  2.402E-05  1.732E-05  1.235E-05  8.700E-06  5.815E-06  3.726E-06  2.264E-06  1.138E-06  4.389E-07  9.879E-08  7.569E-09  2.310E-10  1.336E-12  6.455E-16  1.638E-20  4.526E-30  0.000E+00  0.000E+00  0.000E+00  0.000E+00  0.000E+00  0.000E+00  0.000E+00  0.000E+00  0.000E+00  0.000E+00  0.000E+00  0.000E+00
  342.5000  8.405E-03  7.752E-03  7.136E-03  6.391E-03  5.742E-03  5.186E-03  4.708E-03  4.297E-03  3.747E-03  3.365E-03  2.934E-03  2.617E-03  2.248E-03  1.940E-03  1.680E-03  1.455E-03  1.232E-03  1.040E-03  8.584E-04  7.102E-04  5.891E-04  4.898E-04  3.952E-04  3.244E-04  2.599E-04  2.124E-04  1.680E-04  1.327E-04  1.044E-04  8.146E-05  6.288E-05  4.793E-05  3.611E-05  2.691E-05  1.943E-05  1.385E-05  9.774E-06  6.544E-06  4.206E-06  2.569E-06  1.303E-06  5.095E-07  1.169E-07  9.195E-09  2.901E-10  1.767E-12  9.247E-16  2.626E-20  8.683E-30  0.000E+00  0.000E+00  0.000E+00  0.000E+00  0.000E+00  0.000E+00  0.000E+00  0.000E+00  0.000E+00  0.000E+00  0.000E+00  0.000E+00
  343.5000  8.544E-03  7.876E-03  7.245E-03  6.485E-03  5.824E-03  5.256E-03  4.769E-03  4.350E-03  3.792E-03  3.403E-03  2.965E-03  2.644E-03  2.270E-03  1.958E-03  1.695E-03  1.468E-03  1.243E-03  1.049E-03  8.657E-04  7.163E-04  5.941E-04  4.940E-04  3.986E-04  3.272E-04  2.623E-04  2.143E-04  1.695E-04  1.339E-04  1.053E-04  8.220E-05  6.344E-05  4.834E-05  3.642E-05  2.713E-05  1.958E-05  1.395E-05  9.835E-06  6.576E-06  4.216E-06  2.565E-06  1.293E-06  5.028E-07  1.153E-07  9.214E-09  3.014E-10  1.944E-12  1.116E-15  3.579E-20  1.421E-29  0.000E+00  0.000E+00  0.000E+00  0.000E+00  0.000E+00  0.000E+00  0.000E+00  0.000E+00  0.000E+00  0.000E+00  0.000E+00  0.000E+00
  344.5000  5.847E-03  5.386E-03  4.952E-03  4.430E-03  3.976E-03  3.586E-03  3.251E-03  2.964E-03  2.582E-03  2.316E-03  2.017E-03  1.797E-03  1.543E-03  1.331E-03  1.151E-03  9.970E-04  8.437E-04  7.119E-04  5.877E-04  4.863E-04  4.035E-04  3.355E-04  2.708E-04  2.223E-04  1.782E-04  1.456E-04  1.152E-04  9.104E-05  7.160E-05  5.587E-05  4.311E-05  3.284E-05  2.473E-05  1.842E-05  1.329E-05  9.465E-06  6.662E-06  4.448E-06  2.843E-06  1.722E-06  8.620E-07  3.324E-07  7.603E-08  6.158E-09  2.088E-10  1.426E-12  8.982E-16  3.251E-20  1.549E-29  0.000E+00  0.000E+00  0.000E+00  0.000E+00  0.000E+00  0.000E+00  0.000E+00  0.000E+00  0.000E+00  0.000E+00  0.000E+00  0.000E+00
  345.5000  8.533E-03  7.873E-03  7.249E-03  6.493E-03  5.834E-03  5.270E-03  4.785E-03  4.369E-03  3.810E-03  3.422E-03  2.983E-03  2.662E-03  2.286E-03  1.972E-03  1.708E-03  1.480E-03  1.251E-03  1.056E-03  8.710E-04  7.201E-04  5.969E-04  4.960E-04  3.998E-04  3.279E-04  2.626E-04  2.144E-04  1.695E-04  1.338E-04  1.053E-04  8.216E-05  6.344E-05  4.838E-05  3.648E-05  2.721E-05  1.966E-05  1.404E-05  9.933E-06  6.671E-06  4.312E-06  2.658E-06  1.373E-06  5.524E-07  1.325E-07  1.117E-08  3.885E-10  2.762E-12  1.840E-15  7.300E-20  4.092E-29  0.000E+00  0.000E+00  0.000E+00  0.000E+00  0.000E+00  0.000E+00  0.000E+00  0.000E+00  0.000E+00  0.000E+00  0.000E+00  0.000E+00
  346.5000  7.685E-03  7.083E-03  6.515E-03  5.830E-03  5.235E-03  4.723E-03  4.284E-03  3.907E-03  3.404E-03  3.054E-03  2.661E-03  2.372E-03  2.036E-03  1.756E-03  1.519E-03  1.316E-03  1.113E-03  9.387E-04  7.745E-04  6.405E-04  5.310E-04  4.413E-04  3.559E-04  2.920E-04  2.339E-04  1.911E-04  1.511E-04  1.193E-04  9.386E-05  7.325E-05  5.654E-05  4.310E-05  3.248E-05  2.421E-05  1.748E-05  1.247E-05  8.802E-06  5.894E-06  3.791E-06  2.318E-06  1.182E-06  4.682E-07  1.112E-07  9.467E-09  3.417E-10  2.574E-12  1.885E-15  8.453E-20  5.686E-29  0.000E+00  0.000E+00  0.000E+00  0.000E+00  0.000E+00  0.000E+00  0.000E+00  0.000E+00  0.000E+00  0.000E+00  0.000E+00  0.000E+00
  347.5000  7.545E-03  6.955E-03  6.397E-03  5.725E-03  5.140E-03  4.638E-03  4.207E-03  3.837E-03  3.343E-03  2.999E-03  2.613E-03  2.329E-03  1.999E-03  1.723E-03  1.491E-03  1.291E-03  1.092E-03  9.210E-04  7.597E-04  6.281E-04  5.206E-04  4.326E-04  3.487E-04  2.861E-04  2.291E-04  1.871E-04  1.479E-04  1.168E-04  9.188E-05  7.171E-05  5.536E-05  4.220E-05  3.181E-05  2.372E-05  1.713E-05  1.223E-05  8.635E-06  5.788E-06  3.729E-06  2.287E-06  1.172E-06  4.688E-07  1.129E-07  9.830E-09  3.661E-10  2.898E-12  2.292E-15  1.143E-19  9.101E-29  0.000E+00  0.000E+00  0.000E+00  0.000E+00  0.000E+00  0.000E+00  0.000E+00  0.000E+00  0.000E+00  0.000E+00  0.000E+00  0.000E+00
  348.5000  8.411E-03  7.755E-03  7.135E-03  6.387E-03  5.736E-03  5.177E-03  4.697E-03  4.285E-03  3.734E-03  3.351E-03  2.919E-03  2.603E-03  2.234E-03  1.926E-03  1.667E-03  1.443E-03  1.220E-03  1.029E-03  8.485E-04  7.013E-04  5.810E-04  4.826E-04  3.889E-04  3.189E-04  2.553E-04  2.085E-04  1.648E-04  1.301E-04  1.023E-04  7.985E-05  6.165E-05  4.702E-05  3.546E-05  2.645E-05  1.912E-05  1.365E-05  9.653E-06  6.481E-06  4.189E-06  2.583E-06  1.336E-06  5.420E-07  1.330E-07  1.187E-08  4.555E-10  3.779E-12  3.212E-15  1.774E-19  1.666E-28  0.000E+00  0.000E+00  0.000E+00  0.000E+00  0.000E+00  0.000E+00  0.000E+00  0.000E+00  0.000E+00  0.000E+00  0.000E+00  0.000E+00
  349.5000  7.038E-03  6.488E-03  5.969E-03  5.343E-03  4.797E-03  4.329E-03  3.927E-03  3.582E-03  3.121E-03  2.800E-03  2.439E-03  2.174E-03  1.866E-03  1.609E-03  1.392E-03  1.205E-03  1.019E-03  8.589E-04  7.081E-04  5.851E-04  4.847E-04  4.025E-04  3.243E-04  2.659E-04  2.129E-04  1.738E-04  1.373E-04  1.084E-04  8.525E-05  6.654E-05  5.137E-05  3.918E-05  2.955E-05  2.205E-05  1.594E-05  1.138E-05  8.051E-06  5.407E-06  3.497E-06  2.159E-06  1.120E-06  4.567E-07  1.133E-07  1.031E-08  4.081E-10  3.556E-12  3.264E-15  2.002E-19  2.219E-28  0.000E+00  0.000E+00  0.000E+00  0.000E+00  0.000E+00  0.000E+00  0.000E+00  0.000E+00  0.000E+00  0.000E+00  0.000E+00  0.000E+00
  350.5000  9.889E-03  9.117E-03  8.388E-03  7.508E-03  6.741E-03  6.083E-03  5.519E-03  5.034E-03  4.386E-03  3.935E-03  3.427E-03  3.055E-03  2.621E-03  2.260E-03  1.955E-03  1.692E-03  1.430E-03  1.206E-03  9.938E-04  8.210E-04  6.800E-04  5.646E-04  4.547E-04  3.727E-04  2.983E-04  2.435E-04  1.924E-04  1.519E-04  1.194E-04  9.320E-05  7.197E-05  5.489E-05  4.141E-05  3.090E-05  2.234E-05  1.596E-05  1.130E-05  7.593E-06  4.919E-06  3.044E-06  1.587E-06  6.522E-07  1.638E-07  1.523E-08  6.213E-10  5.677E-12  5.611E-15  3.811E-19  4.967E-28  0.000E+00  0.000E+00  0.000E+00  0.000E+00  0.000E+00  0.000E+00  0.000E+00  0.000E+00  0.000E+00  0.000E+00  0.000E+00  0.000E+00
  351.5000  8.481E-03  7.817E-03  7.191E-03  6.435E-03  5.777E-03  5.212E-03  4.727E-03  4.311E-03  3.755E-03  3.368E-03  2.933E-03  2.614E-03  2.242E-03  1.933E-03  1.671E-03  1.447E-03  1.223E-03  1.030E-03  8.492E-04  7.014E-04  5.808E-04  4.822E-04  3.883E-04  3.182E-04  2.547E-04  2.078E-04  1.642E-04  1.296E-04  1.019E-04  7.954E-05  6.142E-05  4.685E-05  3.534E-05  2.637E-05  1.907E-05  1.363E-05  9.644E-06  6.482E-06  4.200E-06  2.600E-06  1.357E-06  5.596E-07  1.417E-07  1.342E-08  5.645E-10  5.413E-12  5.772E-15  4.346E-19  6.654E-28  0.000E+00  0.000E+00  0.000E+00  0.000E+00  0.000E+00  0.000E+00  0.000E+00  0.000E+00  0.000E+00  0.000E+00  0.000E+00  0.000E+00
  352.5000  7.686E-03  7.085E-03  6.518E-03  5.833E-03  5.237E-03  4.725E-03  4.285E-03  3.908E-03  3.404E-03  3.053E-03  2.659E-03  2.369E-03  2.033E-03  1.752E-03  1.515E-03  1.311E-03  1.108E-03  9.334E-04  7.690E-04  6.350E-04  5.257E-04  4.363E-04  3.513E-04  2.878E-04  2.303E-04  1.879E-04  1.484E-04  1.171E-04  9.210E-05  7.188E-05  5.551E-05  4.235E-05  3.195E-05  2.385E-05  1.725E-05  1.233E-05  8.733E-06  5.875E-06  3.813E-06  2.367E-06  1.242E-06  5.164E-07  1.325E-07  1.282E-08  5.549E-10  5.571E-12  6.379E-15  5.301E-19  9.500E-28  0.000E+00  0.000E+00  0.000E+00  0.000E+00  0.000E+00  0.000E+00  0.000E+00  0.000E+00  0.000E+00  0.000E+00  0.000E+00  0.000E+00
  353.5000  9.322E-03  8.594E-03  7.907E-03  7.077E-03  6.354E-03  5.733E-03  5.201E-03  4.743E-03  4.131E-03  3.706E-03  3.227E-03  2.876E-03  2.467E-03  2.126E-03  1.838E-03  1.591E-03  1.344E-03  1.133E-03  9.329E-04  7.701E-04  6.374E-04  5.289E-04  4.256E-04  3.487E-04  2.788E-04  2.275E-04  1.796E-04  1.418E-04  1.114E-04  8.698E-05  6.718E-05  5.126E-05  3.869E-05  2.889E-05  2.090E-05  1.495E-05  1.059E-05  7.134E-06  4.639E-06  2.890E-06  1.526E-06  6.405E-07  1.667E-07  1.647E-08  7.338E-10  7.704E-12  9.452E-15  8.650E-19  1.810E-27  0.000E+00  0.000E+00  0.000E+00  0.000E+00  0.000E+00  0.000E+00  0.000E+00  0.000E+00  0.000E+00  0.000E+00  0.000E+00  0.000E+00
  354.5000  1.015E-02  9.361E-03  8.613E-03  7.710E-03  6.923E-03  6.247E-03  5.667E-03  5.169E-03  4.502E-03  4.039E-03  3.517E-03  3.134E-03  2.689E-03  2.317E-03  2.003E-03  1.734E-03  1.464E-03  1.234E-03  1.016E-03  8.383E-04  6.937E-04  5.754E-04  4.630E-04  3.791E-04  3.031E-04  2.472E-04  1.952E-04  1.540E-04  1.211E-04  9.449E-05  7.299E-05  5.570E-05  4.205E-05  3.141E-05  2.273E-05  1.626E-05  1.154E-05  7.775E-06  5.064E-06  3.164E-06  1.680E-06  7.116E-07  1.878E-07  1.894E-08  8.677E-10  9.523E-12  1.251E-14  1.260E-18  3.072E-27  0.000E+00  0.000E+00  0.000E+00  0.000E+00  0.000E+00  0.000E+00  0.000E+00  0.000E+00  0.000E+00  0.000E+00  0.000E+00  0.000E+00
  355.5000  9.497E-03  8.756E-03  8.056E-03  7.211E-03  6.475E-03  5.842E-03  5.299E-03  4.833E-03  4.209E-03  3.775E-03  3.287E-03  2.929E-03  2.513E-03  2.165E-03  1.872E-03  1.619E-03  1.368E-03  1.152E-03  9.484E-04  7.825E-04  6.473E-04  5.369E-04  4.319E-04  3.536E-04  2.827E-04  2.305E-04  1.819E-04  1.435E-04  1.128E-04  8.806E-05  6.802E-05  5.192E-05  3.920E-05  2.928E-05  2.120E-05  1.517E-05  1.076E-05  7.258E-06  4.732E-06  2.962E-06  1.578E-06  6.723E-07  1.793E-07  1.843E-08  8.686E-10  9.968E-12  1.404E-14  1.555E-18  4.415E-27  0.000E+00  0.000E+00  0.000E+00  0.000E+00  0.000E+00  0.000E+00  0.000E+00  0.000E+00  0.000E+00  0.000E+00  0.000E+00  0.000E+00
  356.5000  8.812E-03  8.124E-03  7.475E-03  6.690E-03  6.006E-03  5.419E-03  4.915E-03  4.482E-03  3.903E-03  3.500E-03  3.047E-03  2.715E-03  2.329E-03  2.006E-03  1.734E-03  1.500E-03  1.267E-03  1.067E-03  8.781E-04  7.243E-04  5.991E-04  4.968E-04  3.995E-04  3.271E-04  2.614E-04  2.131E-04  1.682E-04  1.327E-04  1.043E-04  8.139E-05  6.287E-05  4.799E-05  3.624E-05  2.707E-05  1.961E-05  1.403E-05  9.959E-06  6.718E-06  4.384E-06  2.747E-06  1.468E-06  6.288E-07  1.694E-07  1.773E-08  8.595E-10  1.031E-11  1.556E-14  1.894E-18  6.245E-27  0.000E+00  0.000E+00  0.000E+00  0.000E+00  0.000E+00  0.000E+00  0.000E+00  0.000E+00  0.000E+00  0.000E+00  0.000E+00  0.000E+00
  357.5000  7.487E-03  6.902E-03  6.349E-03  5.682E-03  5.101E-03  4.601E-03  4.173E-03  3.805E-03  3.313E-03  2.971E-03  2.586E-03  2.304E-03  1.975E-03  1.701E-03  1.471E-03  1.272E-03  1.074E-03  9.042E-04  7.441E-04  6.137E-04  5.075E-04  4.208E-04  3.383E-04  2.769E-04  2.213E-04  1.804E-04  1.423E-04  1.123E-04  8.824E-05  6.887E-05  5.320E-05  4.061E-05  3.067E-05  2.291E-05  1.660E-05  1.188E-05  8.433E-06  5.691E-06  3.716E-06  2.332E-06  1.249E-06  5.376E-07  1.462E-07  1.558E-08  7.764E-10  9.728E-12  1.572E-14  2.100E-18  8.031E-27  0.000E+00  0.000E+00  0.000E+00  0.000E+00  0.000E+00  0.000E+00  0.000E+00  0.000E+00  0.000E+00  0.000E+00  0.000E+00  0.000E+00
  358.5000  5.797E-03  5.344E-03  4.916E-03  4.400E-03  3.950E-03  3.563E-03  3.231E-03  2.946E-03  2.565E-03  2.300E-03  2.002E-03  1.783E-03  1.529E-03  1.317E-03  1.138E-03  9.841E-04  8.311E-04  6.995E-04  5.756E-04  4.746E-04  3.924E-04  3.252E-04  2.614E-04  2.139E-04  1.709E-04  1.393E-04  1.099E-04  8.666E-05  6.811E-05  5.315E-05  4.106E-05  3.135E-05  2.368E-05  1.770E-05  1.282E-05  9.178E-06  6.520E-06  4.402E-06  2.878E-06  1.810E-06  9.734E-07  4.219E-07  1.160E-07  1.260E-08  6.452E-10  8.434E-12  1.455E-14  2.129E-18  9.416E-27  0.000E+00  0.000E+00  0.000E+00  0.000E+00  0.000E+00  0.000E+00  0.000E+00  0.000E+00  0.000E+00  0.000E+00  0.000E+00  0.000E+00
  359.5000  9.759E-03  8.996E-03  8.276E-03  7.406E-03  6.648E-03  5.996E-03  5.437E-03  4.958E-03  4.315E-03  3.869E-03  3.367E-03  3.000E-03  2.571E-03  2.214E-03  1.913E-03  1.654E-03  1.397E-03  1.175E-03  9.669E-04  7.971E-04  6.589E-04  5.460E-04  4.388E-04  3.590E-04  2.867E-04  2.337E-04  1.843E-04  1.453E-04  1.142E-04  8.914E-05  6.886E-05  5.258E-05  3.971E-05  2.969E-05  2.151E-05  1.540E-05  1.095E-05  7.394E-06  4.838E-06  3.046E-06  1.643E-06  7.160E-07  1.988E-07  2.198E-08  1.156E-09  1.576E-11  2.905E-14  4.651E-18  2.376E-26  0.000E+00  0.000E+00  0.000E+00  0.000E+00  0.000E+00  0.000E+00  0.000E+00  0.000E+00  0.000E+00  0.000E+00  0.000E+00  0.000E+00
  360.5000  9.052E-03  8.344E-03  7.676E-03  6.869E-03  6.165E-03  5.560E-03  5.042E-03  4.596E-03  4.001E-03  3.587E-03  3.121E-03  2.780E-03  2.383E-03  2.051E-03  1.773E-03  1.532E-03  1.293E-03  1.088E-03  8.951E-04  7.378E-04  6.097E-04  5.052E-04  4.059E-04  3.320E-04  2.651E-04  2.160E-04  1.704E-04  1.343E-04  1.055E-04  8.237E-05  6.364E-05  4.859E-05  3.671E-05  2.744E-05  1.989E-05  1.424E-05  1.013E-05  6.843E-06  4.482E-06  2.826E-06  1.529E-06  6.699E-07  1.878E-07  2.113E-08  1.141E-09  1.622E-11  3.190E-14  5.582E-18  3.286E-26  0.000E+00  0.000E+00  0.000E+00  0.000E+00  0.000E+00  0.000E+00  0.000E+00  0.000E+00  0.000E+00  0.000E+00  0.000E+00  0.000E+00
  361.5000  8.181E-03  7.541E-03  6.937E-03  6.208E-03  5.572E-03  5.025E-03  4.556E-03  4.153E-03  3.615E-03  3.241E-03  2.820E-03  2.511E-03  2.152E-03  1.853E-03  1.601E-03  1.384E-03  1.168E-03  9.824E-04  8.078E-04  6.657E-04  5.500E-04  4.556E-04  3.659E-04  2.992E-04  2.389E-04  1.946E-04  1.535E-04  1.210E-04  9.507E-05  7.419E-05  5.732E-05  4.377E-05  3.307E-05  2.473E-05  1.793E-05  1.284E-05  9.133E-06  6.175E-06  4.049E-06  2.558E-06  1.389E-06  6.122E-07  1.735E-07  1.987E-08  1.101E-09  1.630E-11  3.415E-14  6.520E-18  4.415E-26  0.000E+00  0.000E+00  0.000E+00  0.000E+00  0.000E+00  0.000E+00  0.000E+00  0.000E+00  0.000E+00  0.000E+00  0.000E+00  0.000E+00
  362.5000  9.621E-03  8.869E-03  8.158E-03  7.300E-03  6.552E-03  5.909E-03  5.357E-03  4.883E-03  4.250E-03  3.810E-03  3.314E-03  2.952E-03  2.529E-03  2.177E-03  1.881E-03  1.626E-03  1.372E-03  1.154E-03  9.485E-04  7.814E-04  6.455E-04  5.346E-04  4.293E-04  3.510E-04  2.801E-04  2.282E-04  1.799E-04  1.418E-04  1.114E-04  8.694E-05  6.717E-05  5.130E-05  3.876E-05  2.899E-05  2.102E-05  1.506E-05  1.072E-05  7.248E-06  4.757E-06  3.010E-06  1.640E-06  7.269E-07  2.080E-07  2.424E-08  1.378E-09  2.125E-11  4.738E-14  9.861E-18  7.666E-26  0.000E+00  0.000E+00  0.000E+00  0.000E+00  0.000E+00  0.000E+00  0.000E+00  0.000E+00  0.000E+00  0.000E+00  0.000E+00  0.000E+00
  363.5000  8.565E-03  7.895E-03  7.262E-03  6.498E-03  5.832E-03  5.259E-03  4.768E-03  4.346E-03  3.781E-03  3.389E-03  2.948E-03  2.626E-03  2.250E-03  1.936E-03  1.672E-03  1.445E-03  1.219E-03  1.025E-03  8.428E-04  6.941E-04  5.733E-04  4.747E-04  3.811E-04  3.115E-04  2.486E-04  2.025E-04  1.596E-04  1.258E-04  9.881E-05  7.711E-05  5.957E-05  4.550E-05  3.439E-05  2.572E-05  1.865E-05  1.337E-05  9.514E-06  6.438E-06  4.229E-06  2.679E-06  1.464E-06  6.523E-07  1.884E-07  2.234E-08  1.303E-09  2.090E-11  4.958E-14  1.123E-17  1.001E-25  0.000E+00  0.000E+00  0.000E+00  0.000E+00  0.000E+00  0.000E+00  0.000E+00  0.000E+00  0.000E+00  0.000E+00  0.000E+00  0.000E+00
  364.5000  9.342E-03  8.611E-03  7.920E-03  7.086E-03  6.359E-03  5.734E-03  5.197E-03  4.737E-03  4.121E-03  3.694E-03  3.212E-03  2.860E-03  2.450E-03  2.109E-03  1.821E-03  1.574E-03  1.327E-03  1.116E-03  9.171E-04  7.552E-04  6.236E-04  5.162E-04  4.144E-04  3.386E-04  2.702E-04  2.200E-04  1.734E-04  1.366E-04  1.073E-04  8.376E-05  6.471E-05  4.943E-05  3.736E-05  2.795E-05  2.027E-05  1.453E-05  1.034E-05  7.002E-06  4.602E-06  2.920E-06  1.599E-06  7.158E-07  2.086E-07  2.514E-08  1.503E-09  2.509E-11  6.330E-14  1.560E-17  1.591E-25  0.000E+00  0.000E+00  0.000E+00  0.000E+00  0.000E+00  0.000E+00  0.000E+00  0.000E+00  0.000E+00  0.000E+00  0.000E+00  0.000E+00
  365.5000  1.138E-02  1.048E-02  9.642E-03  8.627E-03  7.741E-03  6.979E-03  6.325E-03  5.764E-03  5.014E-03  4.493E-03  3.907E-03  3.479E-03  2.979E-03  2.564E-03  2.214E-03  1.912E-03  1.613E-03  1.356E-03  1.114E-03  9.172E-04  7.572E-04  6.267E-04  5.029E-04  4.109E-04  3.278E-04  2.669E-04  2.103E-04  1.657E-04  1.302E-04  1.016E-04  7.848E-05  5.994E-05  4.531E-05  3.390E-05  2.459E-05  1.763E-05  1.255E-05  8.500E-06  5.590E-06  3.550E-06  1.949E-06  8.762E-07  2.574E-07  3.154E-08  1.933E-09  3.355E-11  8.995E-14  2.410E-17  2.807E-25  0.000E+00  0.000E+00  0.000E+00  0.000E+00  0.000E+00  0.000E+00  0.000E+00  0.000E+00  0.000E+00  0.000E+00  0.000E+00  0.000E+00
  366.5000  1.206E-02  1.111E-02  1.022E-02  9.142E-03  8.204E-03  7.395E-03  6.702E-03  6.107E-03  5.312E-03  4.760E-03  4.139E-03  3.684E-03  3.155E-03  2.714E-03  2.344E-03  2.025E-03  1.707E-03  1.435E-03  1.179E-03  9.701E-04  8.007E-04  6.626E-04  5.316E-04  4.343E-04  3.464E-04  2.819E-04  2.221E-04  1.750E-04  1.374E-04  1.072E-04  8.287E-05  6.330E-05  4.785E-05  3.581E-05  2.598E-05  1.863E-05  1.327E-05  8.990E-06  5.917E-06  3.763E-06  2.072E-06  9.365E-07  2.777E-07  3.458E-08  2.172E-09  3.916E-11  1.114E-13  3.237E-17  4.300E-25  0.000E+00  0.000E+00  0.000E+00  0.000E+00  0.000E+00  0.000E+00  0.000E+00  0.000E+00  0.000E+00  0.000E+00  0.000E+00  0.000E+00
  367.5000  1.146E-02  1.056E-02  9.716E-03  8.693E-03  7.800E-03  7.031E-03  6.371E-03  5.805E-03  5.049E-03  4.524E-03  3.933E-03  3.501E-03  2.998E-03  2.579E-03  2.226E-03  1.922E-03  1.621E-03  1.362E-03  1.119E-03  9.208E-04  7.598E-04  6.286E-04  5.042E-04  4.118E-04  3.284E-04  2.672E-04  2.105E-04  1.658E-04  1.302E-04  1.016E-04  7.851E-05  5.998E-05  4.535E-05  3.394E-05  2.463E-05  1.766E-05  1.259E-05  8.530E-06  5.619E-06  3.579E-06  1.976E-06  8.978E-07  2.687E-07  3.401E-08  2.188E-09  4.096E-11  1.235E-13  3.890E-17  5.881E-25  0.000E+00  0.000E+00  0.000E+00  0.000E+00  0.000E+00  0.000E+00  0.000E+00  0.000E+00  0.000E+00  0.000E+00  0.000E+00  0.000E+00
  368.5000  1.007E-02  9.283E-03  8.537E-03  7.637E-03  6.853E-03  6.176E-03  5.596E-03  5.099E-03  4.434E-03  3.972E-03  3.453E-03  3.073E-03  2.631E-03  2.263E-03  1.953E-03  1.686E-03  1.422E-03  1.195E-03  9.812E-04  8.072E-04  6.659E-04  5.508E-04  4.417E-04  3.607E-04  2.876E-04  2.340E-04  1.843E-04  1.452E-04  1.140E-04  8.893E-05  6.872E-05  5.250E-05  3.970E-05  2.971E-05  2.157E-05  1.547E-05  1.103E-05  7.475E-06  4.928E-06  3.142E-06  1.739E-06  7.939E-07  2.396E-07  3.081E-08  2.029E-09  3.944E-11  1.260E-13  4.297E-17  7.385E-25  0.000E+00  0.000E+00  0.000E+00  0.000E+00  0.000E+00  0.000E+00  0.000E+00  0.000E+00  0.000E+00  0.000E+00  0.000E+00  0.000E+00
  369.5000  1.209E-02  1.114E-02  1.024E-02  9.164E-03  8.221E-03  7.410E-03  6.713E-03  6.115E-03  5.318E-03  4.763E-03  4.140E-03  3.684E-03  3.154E-03  2.712E-03  2.341E-03  2.021E-03  1.704E-03  1.431E-03  1.175E-03  9.665E-04  7.971E-04  6.592E-04  5.285E-04  4.315E-04  3.439E-04  2.798E-04  2.203E-04  1.735E-04  1.363E-04  1.063E-04  8.214E-05  6.275E-05  4.746E-05  3.552E-05  2.579E-05  1.850E-05  1.319E-05  8.946E-06  5.902E-06  3.768E-06  2.091E-06  9.586E-07  2.918E-07  3.811E-08  2.570E-09  5.181E-11  1.753E-13  6.464E-17  1.261E-24  0.000E+00  0.000E+00  0.000E+00  0.000E+00  0.000E+00  0.000E+00  0.000E+00  0.000E+00  0.000E+00  0.000E+00  0.000E+00  0.000E+00
  370.5000  1.097E-02  1.011E-02  9.295E-03  8.315E-03  7.460E-03  6.722E-03  6.090E-03  5.547E-03  4.823E-03  4.320E-03  3.754E-03  3.340E-03  2.859E-03  2.458E-03  2.121E-03  1.831E-03  1.544E-03  1.296E-03  1.064E-03  8.750E-04  7.216E-04  5.966E-04  4.782E-04  3.904E-04  3.111E-04  2.530E-04  1.992E-04  1.569E-04  1.232E-04  9.609E-05  7.424E-05  5.673E-05  4.290E-05  3.212E-05  2.333E-05  1.674E-05  1.194E-05  8.097E-06  5.345E-06  3.416E-06  1.900E-06  8.751E-07  2.686E-07  3.562E-08  2.458E-09  5.139E-11  1.840E-13  7.329E-17  1.619E-24  0.000E+00  0.000E+00  0.000E+00  0.000E+00  0.000E+00  0.000E+00  0.000E+00  0.000E+00  0.000E+00  0.000E+00  0.000E+00  0.000E+00
  371.5000  1.256E-02  1.157E-02  1.064E-02  9.519E-03  8.539E-03  7.694E-03  6.970E-03  6.348E-03  5.519E-03  4.942E-03  4.295E-03  3.821E-03  3.270E-03  2.811E-03  2.426E-03  2.093E-03  1.764E-03  1.481E-03  1.216E-03  9.995E-04  8.241E-04  6.812E-04  5.459E-04  4.455E-04  3.549E-04  2.887E-04  2.272E-04  1.789E-04  1.405E-04  1.096E-04  8.467E-05  6.469E-05  4.893E-05  3.664E-05  2.661E-05  1.910E-05  1.362E-05  9.245E-06  6.107E-06  3.908E-06  2.179E-06  1.008E-06  3.119E-07  4.201E-08  2.965E-09  6.425E-11  2.432E-13  1.045E-16  2.612E-24  0.000E+00  0.000E+00  0.000E+00  0.000E+00  0.000E+00  0.000E+00  0.000E+00  0.000E+00  0.000E+00  0.000E+00  0.000E+00  0.000E+00
  372.5000  9.283E-03  8.554E-03  7.864E-03  7.035E-03  6.310E-03  5.686E-03  5.150E-03  4.690E-03  4.077E-03  3.650E-03  3.172E-03  2.821E-03  2.414E-03  2.075E-03  1.791E-03  1.545E-03  1.302E-03  1.093E-03  8.967E-04  7.371E-04  6.076E-04  5.022E-04  4.023E-04  3.283E-04  2.615E-04  2.126E-04  1.673E-04  1.317E-04  1.034E-04  8.067E-05  6.233E-05  4.763E-05  3.603E-05  2.698E-05  1.960E-05  1.407E-05  1.004E-05  6.815E-06  4.505E-06  2.886E-06  1.613E-06  7.496E-07  2.338E-07  3.197E-08  2.308E-09  5.181E-11  2.071E-13  9.597E-17  2.708E-24  0.000E+00  0.000E+00  0.000E+00  0.000E+00  0.000E+00  0.000E+00  0.000E+00  0.000E+00  0.000E+00  0.000E+00  0.000E+00  0.000E+00
  373.5000  8.391E-03  7.731E-03  7.108E-03  6.358E-03  5.702E-03  5.138E-03  4.653E-03  4.237E-03  3.683E-03  3.297E-03  2.864E-03  2.548E-03  2.180E-03  1.873E-03  1.616E-03  1.394E-03  1.174E-03  9.859E-04  8.088E-04  6.647E-04  5.478E-04  4.526E-04  3.626E-04  2.958E-04  2.355E-04  1.915E-04  1.507E-04  1.186E-04  9.310E-05  7.262E-05  5.611E-05  4.288E-05  3.244E-05  2.430E-05  1.765E-05  1.267E-05  9.045E-06  6.142E-06  4.063E-06  2.605E-06  1.459E-06  6.809E-07  2.141E-07  2.970E-08  2.192E-09  5.096E-11  2.150E-13  1.073E-16  3.416E-24  0.000E+00  0.000E+00  0.000E+00  0.000E+00  0.000E+00  0.000E+00  0.000E+00  0.000E+00  0.000E+00  0.000E+00  0.000E+00  0.000E+00
  374.5000  9.211E-03  8.486E-03  7.801E-03  6.978E-03  6.258E-03  5.638E-03  5.105E-03  4.648E-03  4.040E-03  3.616E-03  3.141E-03  2.794E-03  2.390E-03  2.054E-03  1.771E-03  1.528E-03  1.287E-03  1.080E-03  8.859E-04  7.279E-04  5.997E-04  4.955E-04  3.968E-04  3.236E-04  2.577E-04  2.094E-04  1.648E-04  1.297E-04  1.018E-04  7.939E-05  6.134E-05  4.688E-05  3.547E-05  2.657E-05  1.931E-05  1.386E-05  9.896E-06  6.722E-06  4.449E-06  2.856E-06  1.603E-06  7.511E-07  2.380E-07  3.350E-08  2.528E-09  6.081E-11  2.707E-13  1.454E-16  5.210E-24  0.000E+00  0.000E+00  0.000E+00  0.000E+00  0.000E+00  0.000E+00  0.000E+00  0.000E+00  0.000E+00  0.000E+00  0.000E+00  0.000E+00
  375.5000  1.040E-02  9.581E-03  8.807E-03  7.877E-03  7.064E-03  6.364E-03  5.762E-03  5.246E-03  4.559E-03  4.080E-03  3.544E-03  3.151E-03  2.695E-03  2.316E-03  1.997E-03  1.723E-03  1.450E-03  1.217E-03  9.981E-04  8.199E-04  6.754E-04  5.579E-04  4.467E-04  3.642E-04  2.899E-04  2.356E-04  1.854E-04  1.459E-04  1.145E-04  8.928E-05  6.898E-05  5.272E-05  3.989E-05  2.988E-05  2.172E-05  1.560E-05  1.114E-05  7.568E-06  5.012E-06  3.221E-06  1.813E-06  8.528E-07  2.723E-07  3.889E-08  2.999E-09  7.463E-11  3.501E-13  2.021E-16  8.142E-24  0.000E+00  0.000E+00  0.000E+00  0.000E+00  0.000E+00  0.000E+00  0.000E+00  0.000E+00  0.000E+00  0.000E+00  0.000E+00  0.000E+00
  376.5000  1.039E-02  9.572E-03  8.799E-03  7.869E-03  7.057E-03  6.356E-03  5.755E-03  5.239E-03  4.552E-03  4.074E-03  3.538E-03  3.146E-03  2.690E-03  2.311E-03  1.993E-03  1.719E-03  1.447E-03  1.214E-03  9.952E-04  8.173E-04  6.731E-04  5.559E-04  4.450E-04  3.628E-04  2.887E-04  2.346E-04  1.845E-04  1.452E-04  1.139E-04  8.884E-05  6.865E-05  5.247E-05  3.970E-05  2.975E-05  2.163E-05  1.553E-05  1.109E-05  7.540E-06  4.997E-06  3.215E-06  1.813E-06  8.565E-07  2.756E-07  3.993E-08  3.145E-09  8.093E-11  3.999E-13  2.478E-16  1.121E-23  0.000E+00  0.000E+00  0.000E+00  0.000E+00  0.000E+00  0.000E+00  0.000E+00  0.000E+00  0.000E+00  0.000E+00  0.000E+00  0.000E+00
  377.5000  1.238E-02  1.140E-02  1.048E-02  9.374E-03  8.406E-03  7.571E-03  6.854E-03  6.239E-03  5.420E-03  4.850E-03  4.212E-03  3.744E-03  3.202E-03  2.750E-03  2.371E-03  2.046E-03  1.720E-03  1.443E-03  1.183E-03  9.715E-04  7.999E-04  6.604E-04  5.286E-04  4.308E-04  3.428E-04  2.785E-04  2.190E-04  1.723E-04  1.352E-04  1.054E-04  8.145E-05  6.226E-05  4.712E-05  3.530E-05  2.567E-05  1.844E-05  1.317E-05  8.957E-06  5.940E-06  3.825E-06  2.162E-06  1.025E-06  3.325E-07  4.886E-08  3.929E-09  1.045E-10  5.436E-13  3.614E-16  1.832E-23  0.000E+00  0.000E+00  0.000E+00  0.000E+00  0.000E+00  0.000E+00  0.000E+00  0.000E+00  0.000E+00  0.000E+00  0.000E+00  0.000E+00
  378.5000  1.350E-02  1.243E-02  1.143E-02  1.022E-02  9.162E-03  8.252E-03  7.470E-03  6.798E-03  5.906E-03  5.284E-03  4.588E-03  4.078E-03  3.486E-03  2.994E-03  2.581E-03  2.226E-03  1.872E-03  1.570E-03  1.287E-03  1.057E-03  8.699E-04  7.180E-04  5.745E-04  4.682E-04  3.725E-04  3.025E-04  2.379E-04  1.871E-04  1.468E-04  1.145E-04  8.844E-05  6.760E-05  5.116E-05  3.834E-05  2.788E-05  2.003E-05  1.432E-05  9.736E-06  6.460E-06  4.164E-06  2.359E-06  1.123E-06  3.668E-07  5.465E-08  4.488E-09  1.233E-10  6.747E-13  4.807E-16  2.729E-23  0.000E+00  0.000E+00  0.000E+00  0.000E+00  0.000E+00  0.000E+00  0.000E+00  0.000E+00  0.000E+00  0.000E+00  0.000E+00  0.000E+00
  379.5000  9.987E-03  9.199E-03  8.454E-03  7.561E-03  6.779E-03  6.105E-03  5.525E-03  5.028E-03  4.368E-03  3.907E-03  3.392E-03  3.015E-03  2.577E-03  2.213E-03  1.907E-03  1.645E-03  1.383E-03  1.160E-03  9.504E-04  7.801E-04  6.420E-04  5.299E-04  4.239E-04  3.453E-04  2.747E-04  2.231E-04  1.754E-04  1.379E-04  1.082E-04  8.436E-05  6.518E-05  4.982E-05  3.771E-05  2.826E-05  2.056E-05  1.477E-05  1.056E-05  7.183E-06  4.768E-06  3.077E-06  1.746E-06  8.346E-07  2.746E-07  4.147E-08  3.476E-09  9.866E-11  5.673E-13  4.328E-16  2.747E-23  0.000E+00  0.000E+00  0.000E+00  0.000E+00  0.000E+00  0.000E+00  0.000E+00  0.000E+00  0.000E+00  0.000E+00  0.000E+00  0.000E+00
  380.5000  1.202E-02  1.107E-02  1.017E-02  9.096E-03  8.155E-03  7.343E-03  6.646E-03  6.047E-03  5.252E-03  4.698E-03  4.078E-03  3.624E-03  3.097E-03  2.659E-03  2.292E-03  1.976E-03  1.661E-03  1.393E-03  1.141E-03  9.364E-04  7.705E-04  6.358E-04  5.085E-04  4.142E-04  3.294E-04  2.674E-04  2.102E-04  1.653E-04  1.296E-04  1.011E-04  7.810E-05  5.970E-05  4.519E-05  3.387E-05  2.464E-05  1.771E-05  1.266E-05  8.616E-06  5.723E-06  3.697E-06  2.102E-06  1.009E-06  3.342E-07  5.117E-08  4.377E-09  1.282E-10  7.745E-13  6.321E-16  4.480E-23  0.000E+00  0.000E+00  0.000E+00  0.000E+00  0.000E+00  0.000E+00  0.000E+00  0.000E+00  0.000E+00  0.000E+00  0.000E+00  0.000E+00
  381.5000  1.130E-02  1.040E-02  9.561E-03  8.550E-03  7.665E-03  6.901E-03  6.245E-03  5.682E-03  4.935E-03  4.414E-03  3.830E-03  3.403E-03  2.908E-03  2.497E-03  2.151E-03  1.855E-03  1.559E-03  1.307E-03  1.070E-03  8.782E-04  7.225E-04  5.960E-04  4.766E-04  3.881E-04  3.086E-04  2.505E-04  1.968E-04  1.548E-04  1.214E-04  9.464E-05  7.312E-05  5.590E-05  4.232E-05  3.172E-05  2.308E-05  1.659E-05  1.186E-05  8.075E-06  5.367E-06  3.470E-06  1.977E-06  9.523E-07  3.178E-07  4.932E-08  4.303E-09  1.301E-10  8.248E-13  7.194E-16  5.685E-23  0.000E+00  0.000E+00  0.000E+00  0.000E+00  0.000E+00  0.000E+00  0.000E+00  0.000E+00  0.000E+00  0.000E+00  0.000E+00  0.000E+00
  382.5000  7.530E-03  6.935E-03  6.373E-03  5.699E-03  5.108E-03  4.599E-03  4.162E-03  3.786E-03  3.288E-03  2.940E-03  2.551E-03  2.266E-03  1.937E-03  1.662E-03  1.432E-03  1.235E-03  1.037E-03  8.695E-04  7.121E-04  5.841E-04  4.804E-04  3.962E-04  3.167E-04  2.579E-04  2.050E-04  1.664E-04  1.307E-04  1.028E-04  8.059E-05  6.283E-05  4.854E-05  3.711E-05  2.810E-05  2.106E-05  1.533E-05  1.102E-05  7.882E-06  5.366E-06  3.569E-06  2.309E-06  1.319E-06  6.374E-07  2.142E-07  3.368E-08  2.998E-09  9.346E-11  6.216E-13  5.790E-16  5.095E-23  0.000E+00  0.000E+00  0.000E+00  0.000E+00  0.000E+00  0.000E+00  0.000E+00  0.000E+00  0.000E+00  0.000E+00  0.000E+00  0.000E+00
  383.5000  6.614E-03  6.091E-03  5.597E-03  5.005E-03  4.486E-03  4.039E-03  3.654E-03  3.324E-03  2.886E-03  2.581E-03  2.239E-03  1.989E-03  1.699E-03  1.458E-03  1.256E-03  1.083E-03  9.096E-04  7.623E-04  6.241E-04  5.118E-04  4.209E-04  3.471E-04  2.774E-04  2.258E-04  1.794E-04  1.456E-04  1.144E-04  8.991E-05  7.050E-05  5.496E-05  4.246E-05  3.246E-05  2.458E-05  1.843E-05  1.341E-05  9.644E-06  6.900E-06  4.699E-06  3.127E-06  2.025E-06  1.159E-06  5.621E-07  1.902E-07  3.030E-08  2.749E-09  8.838E-11  6.163E-13  6.125E-16  5.994E-23  0.000E+00  0.000E+00  0.000E+00  0.000E+00  0.000E+00  0.000E+00  0.000E+00  0.000E+00  0.000E+00  0.000E+00  0.000E+00  0.000E+00
  384.5000  9.930E-03  9.145E-03  8.402E-03  7.513E-03  6.734E-03  6.062E-03  5.484E-03  4.988E-03  4.331E-03  3.872E-03  3.359E-03  2.983E-03  2.548E-03  2.187E-03  1.883E-03  1.623E-03  1.363E-03  1.142E-03  9.350E-04  7.666E-04  6.303E-04  5.196E-04  4.152E-04  3.379E-04  2.685E-04  2.178E-04  1.711E-04  1.345E-04  1.054E-04  8.218E-05  6.349E-05  4.854E-05  3.675E-05  2.756E-05  2.006E-05  1.443E-05  1.032E-05  7.033E-06  4.682E-06  3.035E-06  1.740E-06  8.471E-07  2.886E-07  4.657E-08  4.308E-09  1.427E-10  1.043E-12  1.105E-15  1.201E-22  0.000E+00  0.000E+00  0.000E+00  0.000E+00  0.000E+00  0.000E+00  0.000E+00  0.000E+00  0.000E+00  0.000E+00  0.000E+00  0.000E+00
  385.5000  9.828E-03  9.051E-03  8.316E-03  7.436E-03  6.664E-03  5.999E-03  5.426E-03  4.935E-03  4.284E-03  3.830E-03  3.322E-03  2.950E-03  2.519E-03  2.162E-03  1.861E-03  1.604E-03  1.347E-03  1.128E-03  9.235E-04  7.570E-04  6.222E-04  5.129E-04  4.097E-04  3.334E-04  2.648E-04  2.148E-04  1.687E-04  1.326E-04  1.039E-04  8.100E-05  6.258E-05  4.785E-05  3.623E-05  2.717E-05  1.978E-05  1.423E-05  1.018E-05  6.939E-06  4.622E-06  2.999E-06  1.722E-06  8.416E-07  2.887E-07  4.718E-08  4.448E-09  1.518E-10  1.161E-12  1.310E-15  1.580E-22  0.000E+00  0.000E+00  0.000E+00  0.000E+00  0.000E+00  0.000E+00  0.000E+00  0.000E+00  0.000E+00  0.000E+00  0.000E+00  0.000E+00
  386.5000  1.002E-02  9.229E-03  8.479E-03  7.581E-03  6.795E-03  6.115E-03  5.531E-03  5.030E-03  4.366E-03  3.902E-03  3.385E-03  3.005E-03  2.566E-03  2.201E-03  1.895E-03  1.633E-03  1.371E-03  1.148E-03  9.397E-04  7.701E-04  6.329E-04  5.215E-04  4.166E-04  3.389E-04  2.691E-04  2.183E-04  1.714E-04  1.346E-04  1.055E-04  8.226E-05  6.355E-05  4.859E-05  3.680E-05  2.760E-05  2.010E-05  1.445E-05  1.035E-05  7.054E-06  4.701E-06  3.053E-06  1.756E-06  8.612E-07  2.974E-07  4.921E-08  4.728E-09  1.662E-10  1.330E-12  1.597E-15  2.134E-22  0.000E+00  0.000E+00  0.000E+00  0.000E+00  0.000E+00  0.000E+00  0.000E+00  0.000E+00  0.000E+00  0.000E+00  0.000E+00  0.000E+00
  387.5000  9.317E-03  8.580E-03  7.882E-03  7.047E-03  6.316E-03  5.684E-03  5.141E-03  4.674E-03  4.057E-03  3.626E-03  3.144E-03  2.791E-03  2.383E-03  2.044E-03  1.760E-03  1.516E-03  1.273E-03  1.066E-03  8.718E-04  7.143E-04  5.869E-04  4.835E-04  3.861E-04  3.140E-04  2.493E-04  2.022E-04  1.587E-04  1.247E-04  9.772E-05  7.616E-05  5.884E-05  4.498E-05  3.407E-05  2.556E-05  1.861E-05  1.339E-05  9.588E-06  6.537E-06  4.359E-06  2.833E-06  1.633E-06  8.034E-07  2.792E-07  4.679E-08  4.578E-09  1.656E-10  1.387E-12  1.771E-15  2.618E-22  0.000E+00  0.000E+00  0.000E+00  0.000E+00  0.000E+00  0.000E+00  0.000E+00  0.000E+00  0.000E+00  0.000E+00  0.000E+00  0.000E+00
  388.5000  9.342E-03  8.602E-03  7.902E-03  7.065E-03  6.331E-03  5.697E-03  5.152E-03  4.684E-03  4.065E-03  3.633E-03  3.150E-03  2.796E-03  2.387E-03  2.047E-03  1.762E-03  1.517E-03  1.274E-03  1.066E-03  8.722E-04  7.145E-04  5.869E-04  4.835E-04  3.860E-04  3.138E-04  2.491E-04  2.020E-04  1.585E-04  1.245E-04  9.758E-05  7.604E-05  5.875E-05  4.492E-05  3.402E-05  2.552E-05  1.859E-05  1.337E-05  9.580E-06  6.533E-06  4.358E-06  2.835E-06  1.637E-06  8.081E-07  2.826E-07  4.795E-08  4.778E-09  1.779E-10  1.557E-12  2.113E-15  3.452E-22  0.000E+00  0.000E+00  0.000E+00  0.000E+00  0.000E+00  0.000E+00  0.000E+00  0.000E+00  0.000E+00  0.000E+00  0.000E+00  0.000E+00
  389.5000  1.179E-02  1.085E-02  9.968E-03  8.912E-03  7.986E-03  7.186E-03  6.498E-03  5.907E-03  5.126E-03  4.580E-03  3.970E-03  3.524E-03  3.008E-03  2.579E-03  2.219E-03  1.911E-03  1.604E-03  1.343E-03  1.098E-03  8.993E-04  7.385E-04  6.082E-04  4.854E-04  3.946E-04  3.132E-04  2.539E-04  1.992E-04  1.565E-04  1.226E-04  9.554E-05  7.380E-05  5.643E-05  4.274E-05  3.207E-05  2.336E-05  1.681E-05  1.204E-05  8.215E-06  5.483E-06  3.570E-06  2.065E-06  1.023E-06  3.600E-07  6.181E-08  6.272E-09  2.402E-10  2.196E-12  3.164E-15  5.707E-22  0.000E+00  0.000E+00  0.000E+00  0.000E+00  0.000E+00  0.000E+00  0.000E+00  0.000E+00  0.000E+00  0.000E+00  0.000E+00  0.000E+00
  390.5000  1.158E-02  1.066E-02  9.795E-03  8.757E-03  7.846E-03  7.060E-03  6.383E-03  5.802E-03  5.034E-03  4.497E-03  3.898E-03  3.459E-03  2.952E-03  2.531E-03  2.178E-03  1.875E-03  1.573E-03  1.317E-03  1.077E-03  8.816E-04  7.239E-04  5.960E-04  4.756E-04  3.865E-04  3.067E-04  2.486E-04  1.950E-04  1.531E-04  1.200E-04  9.349E-05  7.222E-05  5.522E-05  4.183E-05  3.139E-05  2.287E-05  1.646E-05  1.179E-05  8.046E-06  5.373E-06  3.501E-06  2.029E-06  1.008E-06  3.571E-07  6.205E-08  6.410E-09  2.524E-10  2.409E-12  3.682E-15  7.325E-22  0.000E+00  0.000E+00  0.000E+00  0.000E+00  0.000E+00  0.000E+00  0.000E+00  0.000E+00  0.000E+00  0.000E+00  0.000E+00  0.000E+00
  391.5000  1.375E-02  1.266E-02  1.162E-02  1.039E-02  9.311E-03  8.377E-03  7.574E-03  6.884E-03  5.972E-03  5.334E-03  4.623E-03  4.102E-03  3.500E-03  3.000E-03  2.581E-03  2.222E-03  1.864E-03  1.560E-03  1.275E-03  1.044E-03  8.570E-04  7.055E-04  5.628E-04  4.573E-04  3.628E-04  2.940E-04  2.306E-04  1.810E-04  1.418E-04  1.105E-04  8.536E-05  6.527E-05  4.945E-05  3.710E-05  2.704E-05  1.946E-05  1.395E-05  9.519E-06  6.360E-06  4.147E-06  2.407E-06  1.200E-06  4.277E-07  7.521E-08  7.907E-09  3.201E-10  3.188E-12  5.165E-15  1.132E-21  0.000E+00  0.000E+00  0.000E+00  0.000E+00  0.000E+00  0.000E+00  0.000E+00  0.000E+00  0.000E+00  0.000E+00  0.000E+00  0.000E+00
  392.5000  1.031E-02  9.494E-03  8.720E-03  7.796E-03  6.985E-03  6.283E-03  5.680E-03  5.162E-03  4.478E-03  3.999E-03  3.466E-03  3.075E-03  2.623E-03  2.248E-03  1.934E-03  1.664E-03  1.396E-03  1.168E-03  9.547E-04  7.814E-04  6.413E-04  5.278E-04  4.210E-04  3.420E-04  2.713E-04  2.197E-04  1.723E-04  1.353E-04  1.060E-04  8.256E-05  6.377E-05  4.876E-05  3.694E-05  2.772E-05  2.021E-05  1.455E-05  1.043E-05  7.118E-06  4.758E-06  3.105E-06  1.805E-06  9.028E-07  3.237E-07  5.760E-08  6.162E-09  2.563E-10  2.662E-12  4.569E-15  1.102E-21  0.000E+00  0.000E+00  0.000E+00  0.000E+00  0.000E+00  0.000E+00  0.000E+00  0.000E+00  0.000E+00  0.000E+00  0.000E+00  0.000E+00
  393.5000  4.485E-03  4.129E-03  3.792E-03  3.390E-03  3.037E-03  2.732E-03  2.470E-03  2.244E-03  1.946E-03  1.738E-03  1.506E-03  1.336E-03  1.140E-03  9.765E-04  8.398E-04  7.225E-04  6.062E-04  5.070E-04  4.143E-04  3.390E-04  2.782E-04  2.289E-04  1.825E-04  1.482E-04  1.176E-04  9.522E-05  7.467E-05  5.860E-05  4.590E-05  3.576E-05  2.762E-05  2.112E-05  1.600E-05  1.201E-05  8.755E-06  6.302E-06  4.519E-06  3.085E-06  2.063E-06  1.348E-06  7.847E-07  3.937E-07  1.420E-07  2.556E-08  2.782E-09  1.189E-10  1.287E-12  2.338E-15  6.195E-22  0.000E+00  0.000E+00  0.000E+00  0.000E+00  0.000E+00  0.000E+00  0.000E+00  0.000E+00  0.000E+00  0.000E+00  0.000E+00  0.000E+00
  394.5000  1.056E-02  9.719E-03  8.926E-03  7.979E-03  7.148E-03  6.430E-03  5.811E-03  5.280E-03  4.579E-03  4.089E-03  3.543E-03  3.142E-03  2.679E-03  2.296E-03  1.974E-03  1.698E-03  1.424E-03  1.191E-03  9.732E-04  7.962E-04  6.531E-04  5.373E-04  4.283E-04  3.478E-04  2.758E-04  2.233E-04  1.751E-04  1.374E-04  1.076E-04  8.381E-05  6.474E-05  4.950E-05  3.751E-05  2.815E-05  2.053E-05  1.478E-05  1.060E-05  7.238E-06  4.842E-06  3.165E-06  1.846E-06  9.289E-07  3.371E-07  6.137E-08  6.793E-09  2.981E-10  3.362E-12  6.460E-15  1.879E-21  0.000E+00  0.000E+00  0.000E+00  0.000E+00  0.000E+00  0.000E+00  0.000E+00  0.000E+00  0.000E+00  0.000E+00  0.000E+00  0.000E+00
  395.5000  1.359E-02  1.251E-02  1.149E-02  1.027E-02  9.199E-03  8.274E-03  7.477E-03  6.793E-03  5.891E-03  5.259E-03  4.556E-03  4.040E-03  3.445E-03  2.951E-03  2.537E-03  2.182E-03  1.830E-03  1.530E-03  1.250E-03  1.022E-03  8.385E-04  6.896E-04  5.497E-04  4.463E-04  3.538E-04  2.864E-04  2.245E-04  1.761E-04  1.379E-04  1.074E-04  8.297E-05  6.344E-05  4.807E-05  3.609E-05  2.632E-05  1.895E-05  1.359E-05  9.285E-06  6.215E-06  4.065E-06  2.375E-06  1.199E-06  4.375E-07  8.055E-08  9.066E-09  4.084E-10  4.796E-12  9.740E-15  3.108E-21  0.000E+00  0.000E+00  0.000E+00  0.000E+00  0.000E+00  0.000E+00  0.000E+00  0.000E+00  0.000E+00  0.000E+00  0.000E+00  0.000E+00
  396.5000  7.982E-03  7.348E-03  6.748E-03  6.032E-03  5.404E-03  4.860E-03  4.391E-03  3.989E-03  3.459E-03  3.088E-03  2.674E-03  2.371E-03  2.022E-03  1.732E-03  1.489E-03  1.280E-03  1.073E-03  8.972E-04  7.327E-04  5.992E-04  4.913E-04  4.040E-04  3.219E-04  2.613E-04  2.071E-04  1.676E-04  1.314E-04  1.031E-04  8.069E-05  6.284E-05  4.854E-05  3.711E-05  2.812E-05  2.111E-05  1.540E-05  1.109E-05  7.957E-06  5.436E-06  3.640E-06  2.383E-06  1.394E-06  7.058E-07  2.591E-07  4.825E-08  5.521E-09  2.552E-10  3.119E-12  6.691E-15  2.339E-21  0.000E+00  0.000E+00  0.000E+00  0.000E+00  0.000E+00  0.000E+00  0.000E+00  0.000E+00  0.000E+00  0.000E+00  0.000E+00  0.000E+00
  397.5000  9.216E-03  8.483E-03  7.790E-03  6.964E-03  6.237E-03  5.609E-03  5.068E-03  4.604E-03  3.991E-03  3.563E-03  3.085E-03  2.735E-03  2.332E-03  1.997E-03  1.716E-03  1.475E-03  1.237E-03  1.034E-03  8.442E-04  6.902E-04  5.658E-04  4.652E-04  3.706E-04  3.007E-04  2.383E-04  1.928E-04  1.511E-04  1.185E-04  9.278E-05  7.225E-05  5.580E-05  4.267E-05  3.233E-05  2.428E-05  1.771E-05  1.276E-05  9.153E-06  6.255E-06  4.190E-06  2.745E-06  1.609E-06  8.168E-07  3.016E-07  5.678E-08  6.604E-09  3.132E-10  3.981E-12  9.014E-15  3.448E-21  0.000E+00  0.000E+00  0.000E+00  0.000E+00  0.000E+00  0.000E+00  0.000E+00  0.000E+00  0.000E+00  0.000E+00  0.000E+00  0.000E+00
  398.5000  1.584E-02  1.458E-02  1.339E-02  1.197E-02  1.072E-02  9.641E-03  8.711E-03  7.911E-03  6.858E-03  6.121E-03  5.300E-03  4.698E-03  4.004E-03  3.428E-03  2.946E-03  2.532E-03  2.123E-03  1.774E-03  1.448E-03  1.184E-03  9.702E-04  7.975E-04  6.352E-04  5.153E-04  4.082E-04  3.303E-04  2.588E-04  2.029E-04  1.588E-04  1.237E-04  9.552E-05  7.304E-05  5.536E-05  4.157E-05  3.032E-05  2.184E-05  1.568E-05  1.072E-05  7.183E-06  4.708E-06  2.764E-06  1.407E-06  5.227E-07  9.947E-08  1.176E-08  5.718E-10  7.557E-12  1.805E-14  7.548E-21  0.000E+00  0.000E+00  0.000E+00  0.000E+00  0.000E+00  0.000E+00  0.000E+00  0.000E+00  0.000E+00  0.000E+00  0.000E+00  0.000E+00
  399.5000  1.648E-02  1.517E-02  1.393E-02  1.245E-02  1.115E-02  1.003E-02  9.061E-03  8.228E-03  7.133E-03  6.365E-03  5.511E-03  4.884E-03  4.162E-03  3.563E-03  3.062E-03  2.631E-03  2.205E-03  1.842E-03  1.504E-03  1.229E-03  1.007E-03  8.275E-04  6.589E-04  5.345E-04  4.233E-04  3.424E-04  2.682E-04  2.103E-04  1.646E-04  1.282E-04  9.897E-05  7.568E-05  5.736E-05  4.307E-05  3.143E-05  2.264E-05  1.625E-05  1.111E-05  7.451E-06  4.888E-06  2.873E-06  1.467E-06  5.480E-07  1.054E-07  1.266E-08  6.313E-10  8.670E-12  2.182E-14  9.969E-21  0.000E+00  0.000E+00  0.000E+00  0.000E+00  0.000E+00  0.000E+00  0.000E+00  0.000E+00  0.000E+00  0.000E+00  0.000E+00  0.000E+00
------------------------------------------------------------
Dose rates,W m-2
   1 = UV index (WMO, 1994; Webb et al., 2011)           
   2 = Previtamin-D3 (CIE 2006)                          
values at z =      0.025 km
Columns: time,sza,weighting spectra
time,hrs.  sza,deg.          1          2
   18.0000     89.613  2.393E-02  4.192E-04
   18.0167     89.802  2.207E-02  3.901E-04
   18.0333     89.992  2.032E-02  3.629E-04
   18.0500     90.181  1.825E-02  3.300E-04
   18.0667     90.371  1.645E-02  3.013E-04
   18.0833     90.561  1.489E-02  2.765E-04
   18.1000     90.751  1.356E-02  2.550E-04
   18.1167     90.942  1.241E-02  2.365E-04
   18.1333     91.132  1.089E-02  2.113E-04
   18.1500     91.323  9.826E-03  1.936E-04
   18.1667     91.514  8.632E-03  1.732E-04
   18.1833     91.705  7.748E-03  1.580E-04
   18.2000     91.897  6.721E-03  1.397E-04
   18.2167     92.088  5.856E-03  1.240E-04
   18.2333     92.280  5.118E-03  1.103E-04
   18.2500     92.472  4.482E-03  9.843E-05
   18.2667     92.664  3.840E-03  8.592E-05
   18.2833     92.857  3.280E-03  7.470E-05
   18.3000     93.049  2.741E-03  6.343E-05
   18.3167     93.242  2.297E-03  5.399E-05
   18.3333     93.435  1.926E-03  4.587E-05
   18.3500     93.628  1.616E-03  3.890E-05
   18.3667     93.822  1.314E-03  3.183E-05
   18.3833     94.015  1.084E-03  2.642E-05
   18.4000     94.209  8.707E-04  2.121E-05
   18.4167     94.403  7.112E-04  1.730E-05
   18.4333     94.597  5.603E-04  1.355E-05
   18.4500     94.791  4.391E-04  1.050E-05
   18.4667     94.986  3.414E-04  8.040E-06
   18.4833     95.180  2.623E-04  6.052E-06
   18.5000     95.375  1.983E-04  4.441E-06
   18.5167     95.570  1.467E-04  3.136E-06
   18.5333     95.765  1.060E-04  2.096E-06
   18.5500     95.960  7.433E-05  1.282E-06
   18.5667     96.156  4.923E-05  6.680E-07
   18.5833     96.351  3.195E-05  3.079E-07
   18.6000     96.547  2.033E-05  1.211E-07
   18.6167     96.743  1.243E-05  4.275E-08
   18.6333     96.940  7.390E-06  1.402E-08
   18.6500     97.136  4.260E-06  4.420E-09
   18.6667     97.332  2.091E-06  1.044E-09
   18.6833     97.529  8.420E-07  1.977E-10
   18.7000     97.726  2.237E-07  2.350E-11
   18.7167     97.923  2.610E-08  1.013E-12
   18.7333     98.120  1.788E-09  1.822E-14
   18.7500     98.317  4.920E-11  4.634E-17
   18.7667     98.514  3.903E-13  6.621E-21
   18.7833     98.712  6.362E-16  2.980E-26
   18.8000     98.910  1.930E-22  5.574E-37
   18.8167     99.108  0.000E+00  0.000E+00
   18.8333     99.306  0.000E+00  0.000E+00
   18.8500     99.504  0.000E+00  0.000E+00
   18.8667     99.702  0.000E+00  0.000E+00
   18.8833     99.901  0.000E+00  0.000E+00
   18.9000    100.100  0.000E+00  0.000E+00
   18.9167    100.298  0.000E+00  0.000E+00
   18.9333    100.497  0.000E+00  0.000E+00
   18.9500    100.696  0.000E+00  0.000E+00
   18.9667    100.895  0.000E+00  0.000E+00
   18.9833    101.095  0.000E+00  0.000E+00
   19.0000    101.294  0.000E+00  0.000E+00
------------------------------------------------------------
