Spectral Irradiance,W m-2 nm-1
values at z =      0.025 km
Columns: wavelength (nm),times (hrs.) or sza (deg.)
    wc,nm     18.000     18.017     18.033     18.050     18.067     18.083     18.100     18.117     18.133     18.150     18.167     18.183     18.200     18.217     18.233     18.250     18.267     18.283     18.300     18.317     18.333     18.350     18.367     18.383     18.400     18.417     18.433     18.450     18.467     18.483     18.500     18.517     18.533     18.550     18.567     18.583     18.600     18.617     18.633     18.650     18.667     18.683     18.700     18.717     18.733     18.750     18.767     18.783     18.800     18.817     18.833     18.850     18.867     18.883     18.900     18.917     18.933     18.950     18.967     18.983     19.000
    sza =      87.038     87.233     87.428     87.624     87.819     88.014     88.210     88.406     88.601     88.798     88.995     89.191     89.388     89.585     89.781     89.979     90.177     90.374     90.572     90.770     90.968     91.166     91.365     91.563     91.762     91.961     92.160     92.359     92.559     92.758     92.958     93.158     93.358     93.558     93.758     93.958     94.159     94.360     94.561     94.762     94.963     95.164     95.365     95.567     95.769     95.970     96.172     96.374     96.577     96.779     96.981     97.184     97.386     97.589     97.792     97.995     98.198     98.402     98.605     98.808     99.012
  280.5000  6.033E-24  5.853E-24  5.672E-24  5.489E-24  5.305E-24  5.120E-24  4.933E-24  4.746E-24  4.557E-24  4.366E-24  4.175E-24  3.983E-24  3.792E-24  3.600E-24  3.411E-24  3.225E-24  2.977E-24  2.755E-24  2.560E-24  2.390E-24  2.240E-24  2.007E-24  1.857E-24  1.654E-24  1.499E-24  1.339E-24  1.174E-24  1.025E-24  8.890E-25  7.643E-25  6.513E-25  5.505E-25  4.538E-25  3.675E-25  2.971E-25  2.247E-25  1.709E-25  1.173E-25  7.376E-26  4.052E-26  1.764E-26  4.908E-27  6.012E-28  1.534E-29  3.982E-32  1.395E-36  1.401E-44  0.000E+00  0.000E+00  0.000E+00  0.000E+00  0.000E+00  0.000E+00  0.000E+00  0.000E+00  0.000E+00  0.000E+00  0.000E+00  0.000E+00  0.000E+00  0.000E+00
  281.5000  7.510E-22  7.286E-22  7.061E-22  6.833E-22  6.605E-22  6.375E-22  6.143E-22  5.910E-22  5.675E-22  5.439E-22  5.201E-22  4.964E-22  4.726E-22  4.489E-22  4.254E-22  4.023E-22  3.715E-22  3.438E-22  3.197E-22  2.985E-22  2.799E-22  2.508E-22  2.322E-22  2.069E-22  1.876E-22  1.676E-22  1.470E-22  1.284E-22  1.114E-22  9.580E-23  8.168E-23  6.908E-23  5.702E-23  4.625E-23  3.751E-23  2.855E-23  2.192E-23  1.528E-23  9.854E-24  5.629E-24  2.607E-24  8.054E-25  1.180E-25  4.157E-27  1.820E-29  1.585E-33  8.779E-41  0.000E+00  0.000E+00  0.000E+00  0.000E+00  0.000E+00  0.000E+00  0.000E+00  0.000E+00  0.000E+00  0.000E+00  0.000E+00  0.000E+00  0.000E+00  0.000E+00
  282.5000  3.245E-20  3.148E-20  3.051E-20  2.952E-20  2.854E-20  2.755E-20  2.655E-20  2.554E-20  2.453E-20  2.351E-20  2.249E-20  2.146E-20  2.044E-20  1.941E-20  1.840E-20  1.741E-20  1.608E-20  1.489E-20  1.384E-20  1.293E-20  1.213E-20  1.087E-20  1.007E-20  8.976E-21  8.139E-21  7.274E-21  6.383E-21  5.578E-21  4.840E-21  4.165E-21  3.553E-21  3.007E-21  2.484E-21  2.018E-21  1.641E-21  1.256E-21  9.713E-22  6.861E-22  4.521E-22  2.671E-22  1.306E-22  4.421E-23  7.590E-24  3.559E-25  2.474E-27  4.800E-31  1.136E-37  0.000E+00  0.000E+00  0.000E+00  0.000E+00  0.000E+00  0.000E+00  0.000E+00  0.000E+00  0.000E+00  0.000E+00  0.000E+00  0.000E+00  0.000E+00  0.000E+00
  283.5000  3.381E-19  3.280E-19  3.179E-19  3.076E-19  2.973E-19  2.870E-19  2.766E-19  2.661E-19  2.556E-19  2.450E-19  2.344E-19  2.237E-19  2.130E-19  2.024E-19  1.919E-19  1.815E-19  1.677E-19  1.553E-19  1.445E-19  1.350E-19  1.266E-19  1.135E-19  1.052E-19  9.377E-20  8.505E-20  7.604E-20  6.673E-20  5.833E-20  5.063E-20  4.358E-20  3.719E-20  3.149E-20  2.603E-20  2.116E-20  1.724E-20  1.324E-20  1.029E-20  7.328E-21  4.896E-21  2.956E-21  1.496E-21  5.378E-22  1.025E-22  5.799E-24  5.468E-26  1.794E-29  1.094E-35  7.006E-45  0.000E+00  0.000E+00  0.000E+00  0.000E+00  0.000E+00  0.000E+00  0.000E+00  0.000E+00  0.000E+00  0.000E+00  0.000E+00  0.000E+00  0.000E+00
  284.5000  1.486E-17  1.441E-17  1.397E-17  1.352E-17  1.307E-17  1.261E-17  1.216E-17  1.170E-17  1.124E-17  1.077E-17  1.030E-17  9.837E-18  9.370E-18  8.905E-18  8.445E-18  7.992E-18  7.386E-18  6.841E-18  6.368E-18  5.953E-18  5.587E-18  5.012E-18  4.646E-18  4.144E-18  3.761E-18  3.364E-18  2.955E-18  2.584E-18  2.244E-18  1.933E-18  1.650E-18  1.399E-18  1.158E-18  9.427E-19  7.701E-19  5.950E-19  4.659E-19  3.366E-19  2.301E-19  1.440E-19  7.727E-20  3.068E-20  6.947E-21  5.380E-22  8.463E-24  6.782E-27  2.116E-32  1.649E-40  0.000E+00  0.000E+00  0.000E+00  0.000E+00  0.000E+00  0.000E+00  0.000E+00  0.000E+00  0.000E+00  0.000E+00  0.000E+00  0.000E+00  0.000E+00
  285.5000  1.530E-16  1.485E-16  1.438E-16  1.392E-16  1.346E-16  1.299E-16  1.252E-16  1.205E-16  1.157E-16  1.109E-16  1.061E-16  1.013E-16  9.653E-17  9.176E-17  8.703E-17  8.238E-17  7.615E-17  7.056E-17  6.570E-17  6.144E-17  5.768E-17  5.177E-17  4.801E-17  4.285E-17  3.891E-17  3.483E-17  3.059E-17  2.677E-17  2.326E-17  2.004E-17  1.712E-17  1.452E-17  1.203E-17  9.808E-18  8.030E-18  6.231E-18  4.907E-18  3.581E-18  2.490E-18  1.602E-18  8.983E-19  3.852E-19  9.990E-20  9.899E-21  2.329E-22  3.742E-25  4.084E-30  2.036E-37  0.000E+00  0.000E+00  0.000E+00  0.000E+00  0.000E+00  0.000E+00  0.000E+00  0.000E+00  0.000E+00  0.000E+00  0.000E+00  0.000E+00  0.000E+00
  286.5000  4.148E-15  4.023E-15  3.898E-15  3.772E-15  3.645E-15  3.518E-15  3.391E-15  3.263E-15  3.134E-15  3.005E-15  2.875E-15  2.745E-15  2.616E-15  2.486E-15  2.359E-15  2.233E-15  2.065E-15  1.914E-15  1.782E-15  1.667E-15  1.566E-15  1.406E-15  1.304E-15  1.164E-15  1.058E-15  9.470E-16  8.323E-16  7.286E-16  6.334E-16  5.460E-16  4.667E-16  3.960E-16  3.283E-16  2.679E-16  2.197E-16  1.710E-16  1.353E-16  9.948E-17  7.006E-17  4.601E-17  2.669E-17  1.214E-17  3.495E-18  4.192E-19  1.349E-20  3.717E-23  1.068E-27  2.226E-34  0.000E+00  0.000E+00  0.000E+00  0.000E+00  0.000E+00  0.000E+00  0.000E+00  0.000E+00  0.000E+00  0.000E+00  0.000E+00  0.000E+00  0.000E+00
  287.5000  6.010E-14  5.829E-14  5.647E-14  5.463E-14  5.280E-14  5.096E-14  4.911E-14  4.725E-14  4.539E-14  4.351E-14  4.164E-14  3.976E-14  3.788E-14  3.602E-14  3.417E-14  3.236E-14  2.992E-14  2.774E-14  2.584E-14  2.418E-14  2.272E-14  2.041E-14  1.894E-14  1.692E-14  1.538E-14  1.378E-14  1.212E-14  1.061E-14  9.230E-15  7.961E-15  6.809E-15  5.781E-15  4.797E-15  3.919E-15  3.219E-15  2.515E-15  1.997E-15  1.481E-15  1.057E-15  7.093E-16  4.263E-16  2.064E-16  6.641E-17  9.762E-18  4.392E-19  2.169E-21  1.784E-25  1.773E-31  8.837E-42  0.000E+00  0.000E+00  0.000E+00  0.000E+00  0.000E+00  0.000E+00  0.000E+00  0.000E+00  0.000E+00  0.000E+00  0.000E+00  0.000E+00
  288.5000  8.332E-13  8.079E-13  7.824E-13  7.569E-13  7.313E-13  7.057E-13  6.800E-13  6.542E-13  6.283E-13  6.026E-13  5.763E-13  5.504E-13  5.244E-13  4.986E-13  4.731E-13  4.481E-13  4.145E-13  3.844E-13  3.582E-13  3.353E-13  3.152E-13  2.833E-13  2.630E-13  2.351E-13  2.138E-13  1.916E-13  1.687E-13  1.478E-13  1.287E-13  1.111E-13  9.507E-14  8.079E-14  6.711E-14  5.489E-14  4.517E-14  3.541E-14  2.826E-14  2.113E-14  1.529E-14  1.050E-14  6.554E-15  3.393E-15  1.232E-15  2.262E-16  1.471E-17  1.379E-19  3.596E-23  1.972E-28  1.956E-37  0.000E+00  0.000E+00  0.000E+00  0.000E+00  0.000E+00  0.000E+00  0.000E+00  0.000E+00  0.000E+00  0.000E+00  0.000E+00  0.000E+00
  289.5000  9.507E-12  9.215E-12  8.923E-12  8.629E-12  8.336E-12  8.042E-12  7.748E-12  7.453E-12  7.157E-12  6.860E-12  6.564E-12  6.267E-12  5.972E-12  5.678E-12  5.388E-12  5.103E-12  4.721E-12  4.378E-12  4.081E-12  3.822E-12  3.593E-12  3.230E-12  3.000E-12  2.684E-12  2.442E-12  2.188E-12  1.928E-12  1.691E-12  1.473E-12  1.272E-12  1.089E-12  9.264E-13  7.701E-13  6.304E-13  5.196E-13  4.083E-13  3.269E-13  2.459E-13  1.797E-13  1.254E-13  8.045E-14  4.375E-14  1.737E-14  3.761E-15  3.217E-16  4.851E-18  2.945E-21  5.578E-26  4.735E-34  2.803E-45  0.000E+00  0.000E+00  0.000E+00  0.000E+00  0.000E+00  0.000E+00  0.000E+00  0.000E+00  0.000E+00  0.000E+00  0.000E+00
  290.5000  7.059E-11  6.841E-11  6.622E-11  6.403E-11  6.184E-11  5.964E-11  5.745E-11  5.525E-11  5.305E-11  5.084E-11  4.864E-11  4.644E-11  4.424E-11  4.206E-11  3.992E-11  3.781E-11  3.498E-11  3.244E-11  3.025E-11  2.833E-11  2.664E-11  2.396E-11  2.226E-11  1.992E-11  1.813E-11  1.627E-11  1.433E-11  1.258E-11  1.096E-11  9.470E-12  8.117E-12  6.906E-12  5.746E-12  4.707E-12  3.884E-12  3.058E-12  2.455E-12  1.855E-12  1.367E-12  9.661E-13  6.337E-13  3.586E-13  1.531E-13  3.798E-14  4.075E-15  9.123E-17  1.122E-19  6.004E-24  3.095E-31  1.960E-41  0.000E+00  0.000E+00  0.000E+00  0.000E+00  0.000E+00  0.000E+00  0.000E+00  0.000E+00  0.000E+00  0.000E+00  0.000E+00
  291.5000  4.510E-10  4.368E-10  4.227E-10  4.086E-10  3.944E-10  3.803E-10  3.662E-10  3.521E-10  3.380E-10  3.238E-10  3.097E-10  2.956E-10  2.816E-10  2.677E-10  2.540E-10  2.406E-10  2.226E-10  2.065E-10  1.926E-10  1.804E-10  1.697E-10  1.527E-10  1.419E-10  1.270E-10  1.157E-10  1.039E-10  9.157E-11  8.041E-11  7.012E-11  6.063E-11  5.200E-11  4.428E-11  3.688E-11  3.024E-11  2.498E-11  1.972E-11  1.588E-11  1.206E-11  8.957E-12  6.419E-12  4.310E-12  2.545E-12  1.175E-12  3.375E-13  4.637E-14  1.605E-15  4.332E-18  7.411E-22  2.914E-28  3.363E-37  0.000E+00  0.000E+00  0.000E+00  0.000E+00  0.000E+00  0.000E+00  0.000E+00  0.000E+00  0.000E+00  0.000E+00  0.000E+00
  292.5000  1.938E-09  1.876E-09  1.815E-09  1.753E-09  1.692E-09  1.631E-09  1.570E-09  1.509E-09  1.448E-09  1.386E-09  1.326E-09  1.265E-09  1.205E-09  1.145E-09  1.087E-09  1.029E-09  9.521E-10  8.832E-10  8.235E-10  7.715E-10  7.258E-10  6.532E-10  6.073E-10  5.439E-10  4.957E-10  4.451E-10  3.927E-10  3.451E-10  3.011E-10  2.605E-10  2.236E-10  1.905E-10  1.588E-10  1.303E-10  1.078E-10  8.525E-11  6.879E-11  5.245E-11  3.924E-11  2.843E-11  1.946E-11  1.190E-11  5.872E-12  1.910E-12  3.239E-13  1.621E-14  8.443E-17  3.785E-20  7.831E-26  9.621E-34  3.784E-44  0.000E+00  0.000E+00  0.000E+00  0.000E+00  0.000E+00  0.000E+00  0.000E+00  0.000E+00  0.000E+00  0.000E+00
  293.5000  9.709E-09  9.396E-09  9.084E-09  8.771E-09  8.461E-09  8.151E-09  7.842E-09  7.534E-09  7.226E-09  6.918E-09  6.612E-09  6.308E-09  6.006E-09  5.707E-09  5.413E-09  5.125E-09  4.741E-09  4.398E-09  4.101E-09  3.841E-09  3.615E-09  3.254E-09  3.026E-09  2.711E-09  2.472E-09  2.221E-09  1.960E-09  1.724E-09  1.505E-09  1.303E-09  1.119E-09  9.545E-10  7.964E-10  6.541E-10  5.416E-10  4.291E-10  3.470E-10  2.655E-10  1.998E-10  1.462E-10  1.018E-10  6.428E-11  3.366E-11  1.226E-11  2.522E-12  1.778E-13  1.711E-15  1.897E-18  1.880E-23  2.133E-30  1.558E-39  0.000E+00  0.000E+00  0.000E+00  0.000E+00  0.000E+00  0.000E+00  0.000E+00  0.000E+00  0.000E+00  0.000E+00
  294.5000  2.862E-08  2.769E-08  2.675E-08  2.582E-08  2.489E-08  2.397E-08  2.305E-08  2.213E-08  2.122E-08  2.031E-08  1.940E-08  1.850E-08  1.761E-08  1.673E-08  1.586E-08  1.501E-08  1.389E-08  1.288E-08  1.201E-08  1.125E-08  1.058E-08  9.527E-09  8.860E-09  7.941E-09  7.242E-09  6.509E-09  5.749E-09  5.057E-09  4.419E-09  3.829E-09  3.291E-09  2.808E-09  2.345E-09  1.927E-09  1.598E-09  1.267E-09  1.027E-09  7.880E-10  5.958E-10  4.395E-10  3.102E-10  2.009E-10  1.104E-10  4.416E-11  1.066E-11  9.956E-13  1.579E-14  3.637E-17  1.254E-21  8.243E-28  6.128E-36  0.000E+00  0.000E+00  0.000E+00  0.000E+00  0.000E+00  0.000E+00  0.000E+00  0.000E+00  0.000E+00  0.000E+00
  295.5000  1.157E-07  1.118E-07  1.080E-07  1.041E-07  1.003E-07  9.654E-08  9.278E-08  8.903E-08  8.531E-08  8.158E-08  7.790E-08  7.425E-08  7.062E-08  6.705E-08  6.354E-08  6.013E-08  5.560E-08  5.155E-08  4.804E-08  4.500E-08  4.234E-08  3.812E-08  3.545E-08  3.178E-08  2.899E-08  2.607E-08  2.303E-08  2.028E-08  1.773E-08  1.537E-08  1.322E-08  1.129E-08  9.441E-09  7.766E-09  6.443E-09  5.120E-09  4.155E-09  3.198E-09  2.430E-09  1.806E-09  1.292E-09  8.575E-10  4.946E-10  2.170E-10  6.150E-11  7.648E-12  2.029E-13  9.978E-16  1.267E-19  5.234E-25  4.439E-32  6.202E-42  0.000E+00  0.000E+00  0.000E+00  0.000E+00  0.000E+00  0.000E+00  0.000E+00  0.000E+00  0.000E+00
  296.5000  3.031E-07  2.927E-07  2.824E-07  2.722E-07  2.621E-07  2.520E-07  2.420E-07  2.321E-07  2.222E-07  2.124E-07  2.026E-07  1.930E-07  1.835E-07  1.741E-07  1.649E-07  1.560E-07  1.442E-07  1.336E-07  1.245E-07  1.166E-07  1.096E-07  9.870E-08  9.179E-08  8.230E-08  7.510E-08  6.753E-08  5.970E-08  5.259E-08  4.601E-08  3.992E-08  3.437E-08  2.937E-08  2.458E-08  2.023E-08  1.680E-08  1.337E-08  1.087E-08  8.387E-09  6.396E-09  4.784E-09  3.460E-09  2.346E-09  1.409E-09  6.692E-10  2.178E-10  3.466E-11  1.429E-12  1.344E-14  5.154E-18  9.952E-23  6.394E-29  1.490E-37  0.000E+00  0.000E+00  0.000E+00  0.000E+00  0.000E+00  0.000E+00  0.000E+00  0.000E+00  0.000E+00
  297.5000  8.375E-07  8.082E-07  7.791E-07  7.503E-07  7.217E-07  6.934E-07  6.654E-07  6.376E-07  6.100E-07  5.825E-07  5.555E-07  5.287E-07  5.022E-07  4.762E-07  4.508E-07  4.261E-07  3.936E-07  3.646E-07  3.395E-07  3.178E-07  2.988E-07  2.690E-07  2.501E-07  2.243E-07  2.047E-07  1.841E-07  1.628E-07  1.435E-07  1.256E-07  1.091E-07  9.393E-08  8.034E-08  6.730E-08  5.545E-08  4.609E-08  3.673E-08  2.989E-08  2.312E-08  1.769E-08  1.330E-08  9.707E-09  6.695E-09  4.161E-09  2.113E-09  7.738E-10  1.523E-10  9.204E-12  1.524E-13  1.534E-16  1.141E-20  4.320E-26  1.188E-33  2.382E-44  0.000E+00  0.000E+00  0.000E+00  0.000E+00  0.000E+00  0.000E+00  0.000E+00  0.000E+00
  298.5000  1.375E-06  1.326E-06  1.277E-06  1.229E-06  1.181E-06  1.133E-06  1.087E-06  1.040E-06  9.945E-07  9.489E-07  9.041E-07  8.598E-07  8.162E-07  7.733E-07  7.315E-07  6.909E-07  6.379E-07  5.905E-07  5.496E-07  5.142E-07  4.833E-07  4.349E-07  4.042E-07  3.625E-07  3.308E-07  2.975E-07  2.632E-07  2.320E-07  2.032E-07  1.766E-07  1.522E-07  1.303E-07  1.092E-07  9.007E-08  7.493E-08  5.980E-08  4.871E-08  3.775E-08  2.897E-08  2.188E-08  1.609E-08  1.126E-08  7.198E-09  3.869E-09  1.568E-09  3.705E-10  3.108E-11  8.365E-13  1.922E-15  4.496E-19  7.634E-24  1.678E-30  6.242E-40  0.000E+00  0.000E+00  0.000E+00  0.000E+00  0.000E+00  0.000E+00  0.000E+00  0.000E+00
  299.5000  4.193E-06  4.037E-06  3.884E-06  3.732E-06  3.583E-06  3.436E-06  3.290E-06  3.147E-06  3.006E-06  2.865E-06  2.727E-06  2.590E-06  2.457E-06  2.325E-06  2.199E-06  2.074E-06  1.914E-06  1.770E-06  1.646E-06  1.539E-06  1.446E-06  1.301E-06  1.208E-06  1.083E-06  9.885E-07  8.890E-07  7.865E-07  6.938E-07  6.079E-07  5.285E-07  4.558E-07  3.904E-07  3.277E-07  2.704E-07  2.252E-07  1.799E-07  1.467E-07  1.139E-07  8.765E-08  6.646E-08  4.919E-08  3.485E-08  2.284E-08  1.291E-08  5.720E-09  1.593E-09  1.800E-10  7.570E-12  3.734E-14  2.546E-17  1.776E-21  2.793E-27  1.723E-35  9.809E-45  0.000E+00  0.000E+00  0.000E+00  0.000E+00  0.000E+00  0.000E+00  0.000E+00
  300.5000  5.064E-06  4.871E-06  4.680E-06  4.493E-06  4.308E-06  4.127E-06  3.948E-06  3.771E-06  3.598E-06  3.426E-06  3.258E-06  3.092E-06  2.930E-06  2.772E-06  2.616E-06  2.467E-06  2.274E-06  2.102E-06  1.954E-06  1.825E-06  1.713E-06  1.540E-06  1.430E-06  1.282E-06  1.170E-06  1.052E-06  9.307E-07  8.209E-07  7.196E-07  6.258E-07  5.401E-07  4.629E-07  3.889E-07  3.212E-07  2.676E-07  2.141E-07  1.748E-07  1.359E-07  1.048E-07  7.972E-08  5.931E-08  4.243E-08  2.836E-08  1.667E-08  7.945E-09  2.526E-09  3.633E-10  2.189E-11  1.991E-13  3.152E-16  6.572E-20  4.658E-25  2.390E-32  1.282E-40  0.000E+00  0.000E+00  0.000E+00  0.000E+00  0.000E+00  0.000E+00  0.000E+00
  301.5000  1.345E-05  1.291E-05  1.239E-05  1.187E-05  1.137E-05  1.087E-05  1.039E-05  9.908E-06  9.438E-06  8.974E-06  8.521E-06  8.077E-06  7.642E-06  7.217E-06  6.809E-06  6.409E-06  5.904E-06  5.451E-06  5.061E-06  4.723E-06  4.429E-06  3.979E-06  3.692E-06  3.308E-06  3.016E-06  2.711E-06  2.399E-06  2.117E-06  1.856E-06  1.615E-06  1.394E-06  1.196E-06  1.006E-06  8.315E-07  6.935E-07  5.557E-07  4.540E-07  3.537E-07  2.734E-07  2.086E-07  1.560E-07  1.127E-07  7.682E-08  4.701E-08  2.410E-08  8.789E-09  1.625E-09  1.431E-10  2.496E-12  9.712E-15  6.551E-18  2.367E-22  1.231E-28  8.991E-36  2.302E-42  1.401E-45  1.401E-45  0.000E+00  0.000E+00  0.000E+00  0.000E+00
  302.5000  2.053E-05  1.969E-05  1.887E-05  1.806E-05  1.727E-05  1.650E-05  1.574E-05  1.500E-05  1.427E-05  1.355E-05  1.285E-05  1.217E-05  1.150E-05  1.085E-05  1.022E-05  9.613E-06  8.846E-06  8.160E-06  7.568E-06  7.056E-06  6.612E-06  5.936E-06  5.504E-06  4.928E-06  4.492E-06  4.036E-06  3.571E-06  3.150E-06  2.763E-06  2.405E-06  2.077E-06  1.782E-06  1.500E-06  1.241E-06  1.036E-06  8.310E-07  6.795E-07  5.302E-07  4.104E-07  3.139E-07  2.356E-07  1.713E-07  1.183E-07  7.432E-08  4.004E-08  1.602E-08  3.510E-09  3.998E-10  1.083E-11  7.652E-14  1.110E-16  1.157E-20  2.705E-26  1.066E-32  1.165E-38  6.450E-42  3.223E-43  1.401E-45  0.000E+00  0.000E+00  0.000E+00
  303.5000  4.544E-05  4.350E-05  4.161E-05  3.975E-05  3.794E-05  3.617E-05  3.445E-05  3.276E-05  3.112E-05  2.949E-05  2.792E-05  2.639E-05  2.489E-05  2.345E-05  2.205E-05  2.071E-05  1.903E-05  1.753E-05  1.623E-05  1.512E-05  1.415E-05  1.269E-05  1.175E-05  1.051E-05  9.575E-06  8.597E-06  7.604E-06  6.708E-06  5.882E-06  5.120E-06  4.425E-06  3.799E-06  3.202E-06  2.651E-06  2.214E-06  1.779E-06  1.456E-06  1.138E-06  8.828E-07  6.770E-07  5.102E-07  3.736E-07  2.616E-07  1.693E-07  9.640E-08  4.280E-08  1.139E-08  1.743E-09  7.848E-11  1.115E-12  4.019E-15  1.480E-18  2.068E-23  6.071E-29  3.729E-34  3.491E-37  1.158E-38  3.203E-41  1.261E-44  0.000E+00  0.000E+00
  304.5000  5.841E-05  5.584E-05  5.334E-05  5.090E-05  4.852E-05  4.620E-05  4.393E-05  4.173E-05  3.957E-05  3.747E-05  3.543E-05  3.344E-05  3.147E-05  2.964E-05  2.785E-05  2.612E-05  2.398E-05  2.206E-05  2.041E-05  1.899E-05  1.775E-05  1.591E-05  1.472E-05  1.316E-05  1.198E-05  1.075E-05  9.506E-06  8.384E-06  7.351E-06  6.400E-06  5.532E-06  4.751E-06  4.007E-06  3.320E-06  2.775E-06  2.231E-06  1.828E-06  1.430E-06  1.111E-06  8.534E-07  6.446E-07  4.741E-07  3.348E-07  2.205E-07  1.298E-07  6.132E-08  1.831E-08  3.341E-09  2.028E-10  4.343E-12  2.668E-14  2.044E-17  7.933E-22  7.206E-27  1.156E-31  1.470E-34  3.971E-36  8.097E-39  2.059E-42  0.000E+00  0.000E+00
  305.5000  1.005E-04  9.589E-05  9.138E-05  8.698E-05  8.271E-05  7.857E-05  7.454E-05  7.062E-05  6.682E-05  6.312E-05  5.953E-05  5.606E-05  5.270E-05  4.946E-05  4.636E-05  4.340E-05  3.975E-05  3.651E-05  3.371E-05  3.130E-05  2.921E-05  2.613E-05  2.415E-05  2.156E-05  1.960E-05  1.757E-05  1.552E-05  1.368E-05  1.199E-05  1.044E-05  9.028E-06  7.756E-06  6.548E-06  5.431E-06  4.543E-06  3.659E-06  3.000E-06  2.352E-06  1.831E-06  1.410E-06  1.068E-06  7.903E-07  5.643E-07  3.802E-07  2.338E-07  1.202E-07  4.206E-08  9.799E-09  9.087E-10  3.533E-11  4.803E-13  1.106E-15  2.012E-19  1.025E-23  7.183E-28  1.436E-30  2.746E-32  3.285E-35  4.019E-39  1.401E-45  0.000E+00
  306.5000  1.187E-04  1.130E-04  1.076E-04  1.023E-04  9.716E-05  9.219E-05  8.735E-05  8.267E-05  7.812E-05  7.370E-05  6.943E-05  6.531E-05  6.132E-05  5.749E-05  5.382E-05  5.032E-05  4.605E-05  4.224E-05  3.896E-05  3.613E-05  3.369E-05  3.012E-05  2.780E-05  2.480E-05  2.254E-05  2.019E-05  1.783E-05  1.349E-05  1.377E-05  1.199E-05  1.036E-05  8.905E-06  7.521E-06  6.241E-06  5.223E-06  4.211E-06  3.455E-06  2.711E-06  2.112E-06  1.629E-06  1.236E-06  9.169E-07  6.580E-07  4.481E-07  2.812E-07  1.503E-07  5.653E-08  1.471E-08  1.645E-09  8.272E-11  1.573E-12  5.767E-15  2.019E-18  2.131E-22  2.792E-26  6.915E-29  1.189E-30  1.225E-33  1.228E-37  1.401E-45  0.000E+00
  307.5000  2.231E-04  2.119E-04  2.011E-04  1.906E-04  1.805E-04  1.707E-04  1.613E-04  1.522E-04  1.434E-04  1.349E-04  1.267E-04  1.188E-04  1.113E-04  1.040E-04  9.708E-05  9.051E-05  8.261E-05  7.559E-05  6.954E-05  6.433E-05  5.983E-05  5.337E-05  4.916E-05  4.378E-05  3.971E-05  3.551E-05  3.133E-05  2.758E-05  2.415E-05  2.101E-05  1.816E-05  1.561E-05  1.320E-05  1.096E-05  9.179E-06  7.413E-06  6.087E-06  4.786E-06  3.737E-06  2.888E-06  2.199E-06  1.638E-06  1.185E-06  8.208E-07  5.321E-07  3.031E-07  1.291E-07  4.078E-08  6.413E-09  5.232E-10  1.905E-11  1.731E-13  2.183E-16  9.680E-20  4.341E-23  1.578E-25  2.065E-27  1.398E-30  7.716E-35  5.059E-43  0.000E+00
  308.5000  2.795E-04  2.651E-04  2.513E-04  2.378E-04  2.250E-04  2.125E-04  2.005E-04  1.890E-04  1.778E-04  1.671E-04  1.567E-04  1.468E-04  1.373E-04  1.281E-04  1.194E-04  1.112E-04  1.014E-04  9.266E-05  8.513E-05  7.866E-05  7.307E-05  6.511E-05  5.992E-05  5.331E-05  4.832E-05  4.317E-05  3.806E-05  3.345E-05  2.931E-05  2.549E-05  2.204E-05  1.894E-05  1.601E-05  1.331E-05  1.115E-05  9.011E-06  7.403E-06  5.827E-06  4.554E-06  3.523E-06  2.686E-06  2.005E-06  1.456E-06  1.016E-06  6.681E-07  3.913E-07  1.756E-07  6.015E-08  1.086E-08  1.071E-09  4.982E-11  6.372E-13  1.298E-15  9.776E-19  6.901E-22  2.954E-24  3.637E-26  2.282E-29  1.138E-33  8.245E-42  0.000E+00
  309.5000  3.063E-04  2.896E-04  2.736E-04  2.583E-04  2.436E-04  2.294E-04  2.159E-04  2.029E-04  1.904E-04  1.784E-04  1.669E-04  1.558E-04  1.453E-04  1.353E-04  1.258E-04  1.168E-04  1.062E-04  9.680E-05  8.870E-05  8.174E-05  7.574E-05  6.735E-05  6.183E-05  5.491E-05  4.967E-05  4.430E-05  3.899E-05  3.426E-05  2.996E-05  2.604E-05  2.250E-05  1.933E-05  1.635E-05  1.359E-05  1.140E-05  9.225E-06  7.586E-06  5.980E-06  4.682E-06  3.628E-06  2.773E-06  2.076E-06  1.516E-06  1.069E-06  7.172E-07  4.373E-07  2.125E-07  8.254E-08  1.861E-08  2.518E-09  1.793E-10  4.170E-12  1.976E-14  3.820E-17  6.043E-20  3.363E-22  3.538E-24  1.756E-27  6.243E-32  4.327E-40  0.000E+00
  310.5000  4.990E-04  4.706E-04  4.435E-04  4.175E-04  3.928E-04  3.691E-04  3.464E-04  3.248E-04  3.041E-04  2.842E-04  2.652E-04  2.472E-04  2.299E-04  2.135E-04  1.981E-04  1.835E-04  1.665E-04  1.514E-04  1.384E-04  1.273E-04  1.177E-04  1.044E-04  9.566E-05  8.478E-05  7.657E-05  6.817E-05  5.992E-05  5.259E-05  4.593E-05  3.989E-05  3.445E-05  2.959E-05  2.504E-05  2.082E-05  1.746E-05  1.415E-05  1.164E-05  9.191E-06  7.206E-06  5.594E-06  4.282E-06  3.215E-06  2.356E-06  1.675E-06  1.140E-06  7.162E-07  3.688E-07  1.571E-07  4.164E-08  7.068E-09  6.805E-10  2.415E-11  2.076E-13  7.763E-16  2.155E-18  1.452E-20  1.393E-22  6.073E-26  1.797E-30  1.305E-38  0.000E+00
  311.5000  7.300E-04  6.871E-04  6.462E-04  6.072E-04  5.700E-04  5.347E-04  5.009E-04  4.687E-04  4.380E-04  4.086E-04  3.807E-04  3.541E-04  3.288E-04  3.049E-04  2.823E-04  2.610E-04  2.366E-04  2.147E-04  1.959E-04  1.798E-04  1.660E-04  1.470E-04  1.345E-04  1.190E-04  1.073E-04  9.544E-05  8.379E-05  7.347E-05  6.410E-05  5.564E-05  4.802E-05  4.122E-05  3.489E-05  2.901E-05  2.434E-05  1.974E-05  1.625E-05  1.284E-05  1.008E-05  7.833E-06  6.005E-06  4.515E-06  3.319E-06  2.370E-06  1.630E-06  1.043E-06  5.572E-07  2.518E-07  7.410E-08  1.457E-08  1.705E-09  7.980E-11  1.018E-12  5.912E-15  2.403E-17  1.867E-19  1.724E-21  7.175E-25  1.981E-29  1.604E-37  0.000E+00
  312.5000  9.345E-04  8.763E-04  8.210E-04  7.683E-04  7.185E-04  6.712E-04  6.263E-04  5.837E-04  5.433E-04  5.049E-04  4.685E-04  4.341E-04  4.015E-04  3.708E-04  3.420E-04  3.151E-04  2.843E-04  2.571E-04  2.338E-04  2.137E-04  1.965E-04  1.734E-04  1.581E-04  1.394E-04  1.253E-04  1.111E-04  9.724E-05  8.502E-05  7.406E-05  6.415E-05  5.528E-05  4.740E-05  4.011E-05  3.335E-05  2.798E-05  2.272E-05  1.872E-05  1.483E-05  1.166E-05  9.084E-06  6.981E-06  5.266E-06  3.888E-06  2.800E-06  1.954E-06  1.289E-06  7.326E-07  3.661E-07  1.293E-07  3.297E-08  5.477E-09  4.208E-10  1.082E-11  1.365E-13  1.070E-15  1.032E-17  8.434E-20  2.939E-23  6.269E-28  5.042E-36  0.000E+00
  313.5000  1.136E-03  1.065E-03  9.966E-04  9.318E-04  8.707E-04  8.126E-04  7.576E-04  7.054E-04  6.560E-04  6.090E-04  5.647E-04  5.227E-04  4.831E-04  4.458E-04  4.107E-04  3.780E-04  3.409E-04  3.080E-04  2.797E-04  2.555E-04  2.347E-04  2.070E-04  1.885E-04  1.661E-04  1.492E-04  1.321E-04  1.155E-04  1.009E-04  8.786E-05  7.607E-05  6.551E-05  5.616E-05  4.751E-05  3.951E-05  3.315E-05  2.693E-05  2.219E-05  1.759E-05  1.385E-05  1.079E-05  8.301E-06  6.268E-06  4.635E-06  3.346E-06  2.347E-06  1.562E-06  9.040E-07  4.646E-07  1.722E-07  4.679E-08  8.417E-09  7.241E-10  2.185E-11  3.287E-13  3.009E-15  3.133E-17  2.615E-19  9.569E-23  2.197E-27  2.137E-35  0.000E+00
  314.5000  1.517E-03  1.417E-03  1.323E-03  1.233E-03  1.148E-03  1.067E-03  9.912E-04  9.192E-04  8.513E-04  7.870E-04  7.265E-04  6.698E-04  6.162E-04  5.661E-04  5.194E-04  4.759E-04  4.273E-04  3.844E-04  3.476E-04  3.161E-04  2.891E-04  2.538E-04  2.301E-04  2.019E-04  1.806E-04  1.593E-04  1.388E-04  1.209E-04  1.049E-04  9.056E-05  7.782E-05  6.658E-05  5.627E-05  4.675E-05  3.921E-05  3.188E-05  2.629E-05  2.088E-05  1.647E-05  1.287E-05  9.927E-06  7.520E-06  5.584E-06  4.058E-06  2.879E-06  1.961E-06  1.191E-06  6.625E-07  2.845E-07  9.566E-08  2.302E-08  3.007E-09  1.649E-10  4.822E-12  7.772E-14  9.794E-16  7.432E-18  2.368E-21  4.418E-26  4.364E-34  0.000E+00
  315.5000  1.649E-03  1.541E-03  1.438E-03  1.339E-03  1.247E-03  1.159E-03  1.076E-03  9.973E-04  9.232E-04  8.530E-04  7.872E-04  7.256E-04  6.670E-04  6.124E-04  5.616E-04  5.143E-04  4.615E-04  4.149E-04  3.750E-04  3.408E-04  3.115E-04  2.733E-04  2.477E-04  2.172E-04  1.942E-04  1.711E-04  1.490E-04  1.297E-04  1.125E-04  9.704E-05  8.334E-05  7.128E-05  6.024E-05  5.004E-05  4.196E-05  3.413E-05  2.815E-05  2.237E-05  1.766E-05  1.381E-05  1.066E-05  8.079E-06  6.006E-06  4.373E-06  3.112E-06  2.132E-06  1.310E-06  7.424E-07  3.286E-07  1.149E-07  2.893E-08  4.035E-09  2.426E-10  7.832E-12  1.380E-13  1.841E-15  1.450E-17  4.972E-21  1.037E-25  1.260E-33  0.000E+00
  316.5000  2.151E-03  2.008E-03  1.872E-03  1.742E-03  1.618E-03  1.501E-03  1.391E-03  1.286E-03  1.187E-03  1.093E-03  1.006E-03  9.234E-04  8.462E-04  7.741E-04  7.071E-04  6.450E-04  5.765E-04  5.162E-04  4.646E-04  4.204E-04  3.826E-04  3.343E-04  3.016E-04  2.633E-04  2.344E-04  2.057E-04  1.784E-04  1.547E-04  1.336E-04  1.149E-04  9.842E-05  8.396E-05  7.084E-05  5.875E-05  4.922E-05  4.004E-05  3.303E-05  2.629E-05  2.079E-05  1.630E-05  1.261E-05  9.592E-06  7.158E-06  5.239E-06  3.761E-06  2.620E-06  1.666E-06  9.998E-07  4.930E-07  2.021E-07  6.350E-08  1.220E-08  1.158E-09  6.182E-11  1.671E-12  2.592E-14  1.922E-16  6.068E-20  1.116E-24  1.438E-32  0.000E+00
  317.5000  3.040E-03  2.838E-03  2.645E-03  2.461E-03  2.287E-03  2.122E-03  1.966E-03  1.818E-03  1.678E-03  1.546E-03  1.422E-03  1.306E-03  1.197E-03  1.095E-03  1.000E-03  9.127E-04  8.159E-04  7.307E-04  6.577E-04  5.954E-04  5.420E-04  4.735E-04  4.273E-04  3.731E-04  3.322E-04  2.915E-04  2.529E-04  2.192E-04  1.894E-04  1.629E-04  1.395E-04  1.190E-04  1.004E-04  8.329E-05  6.979E-05  5.678E-05  4.685E-05  3.729E-05  2.950E-05  2.313E-05  1.790E-05  1.362E-05  1.017E-05  7.445E-06  5.351E-06  3.734E-06  2.381E-06  1.435E-06  7.115E-07  2.929E-07  9.217E-08  1.773E-08  1.686E-09  9.011E-11  2.457E-12  3.945E-14  3.107E-16  1.093E-19  2.357E-24  3.816E-32  0.000E+00
  318.5000  3.167E-03  2.960E-03  2.761E-03  2.570E-03  2.388E-03  2.215E-03  2.051E-03  1.895E-03  1.747E-03  1.607E-03  1.475E-03  1.351E-03  1.235E-03  1.127E-03  1.026E-03  9.328E-04  8.308E-04  7.411E-04  6.644E-04  5.988E-04  5.428E-04  4.721E-04  4.240E-04  3.685E-04  3.267E-04  2.852E-04  2.462E-04  2.125E-04  1.828E-04  1.566E-04  1.335E-04  1.135E-04  9.556E-05  7.904E-05  6.611E-05  5.376E-05  4.434E-05  3.533E-05  2.801E-05  2.201E-05  1.709E-05  1.304E-05  9.775E-06  7.196E-06  5.212E-06  3.687E-06  2.421E-06  1.531E-06  8.320E-07  3.935E-07  1.505E-07  3.858E-08  5.540E-09  4.672E-10  1.880E-11  3.469E-13  2.596E-15  8.523E-19  1.650E-23  2.848E-31  0.000E+00
  319.5000  4.089E-03  3.823E-03  3.567E-03  3.322E-03  3.088E-03  2.865E-03  2.653E-03  2.451E-03  2.260E-03  2.079E-03  1.909E-03  1.745E-03  1.598E-03  1.457E-03  1.327E-03  1.206E-03  1.073E-03  9.570E-04  8.574E-04  7.725E-04  6.998E-04  6.082E-04  5.459E-04  4.741E-04  4.199E-04  3.663E-04  3.160E-04  2.724E-04  2.341E-04  2.004E-04  1.708E-04  1.451E-04  1.220E-04  1.009E-04  8.433E-05  6.858E-05  5.655E-05  4.508E-05  3.575E-05  2.812E-05  2.185E-05  1.669E-05  1.252E-05  9.231E-06  6.701E-06  4.759E-06  3.146E-06  2.012E-06  1.117E-06  5.432E-07  2.154E-07  5.825E-08  9.024E-09  8.268E-10  3.592E-11  6.982E-13  5.429E-15  1.916E-18  4.126E-23  8.626E-31  0.000E+00
  320.5000  5.331E-03  4.987E-03  4.656E-03  4.337E-03  4.033E-03  3.743E-03  3.467E-03  3.204E-03  2.954E-03  2.717E-03  2.494E-03  2.283E-03  2.086E-03  1.902E-03  1.730E-03  1.572E-03  1.398E-03  1.245E-03  1.115E-03  1.003E-03  9.080E-04  7.882E-04  7.068E-04  6.129E-04  5.423E-04  4.724E-04  4.070E-04  3.504E-04  3.008E-04  2.570E-04  2.188E-04  1.857E-04  1.561E-04  1.289E-04  1.077E-04  8.753E-05  7.217E-05  5.753E-05  4.565E-05  3.593E-05  2.794E-05  2.137E-05  1.605E-05  1.185E-05  8.617E-06  6.140E-06  4.087E-06  2.642E-06  1.496E-06  7.513E-07  3.121E-07  9.035E-08  1.543E-08  1.577E-09  7.574E-11  1.562E-12  1.254E-14  4.709E-18  1.103E-22  2.742E-30  0.000E+00
  321.5000  6.107E-03  5.734E-03  5.374E-03  5.024E-03  4.688E-03  4.365E-03  4.054E-03  3.757E-03  3.472E-03  3.200E-03  2.942E-03  2.697E-03  2.466E-03  2.249E-03  2.046E-03  1.858E-03  1.650E-03  1.467E-03  1.311E-03  1.177E-03  1.063E-03  9.192E-04  8.215E-04  7.093E-04  6.251E-04  5.419E-04  4.644E-04  3.977E-04  3.395E-04  2.886E-04  2.444E-04  2.063E-04  1.728E-04  1.419E-04  1.182E-04  9.583E-05  7.888E-05  6.288E-05  4.995E-05  3.940E-05  3.075E-05  2.361E-05  1.782E-05  1.323E-05  9.698E-06  6.994E-06  4.765E-06  3.200E-06  1.950E-06  1.096E-06  5.348E-07  1.977E-07  4.819E-08  7.300E-09  4.917E-10  1.147E-11  8.831E-14  3.137E-17  6.762E-22  1.810E-29  0.000E+00
  322.5000  4.855E-03  4.544E-03  4.245E-03  3.956E-03  3.681E-03  3.417E-03  3.166E-03  2.926E-03  2.699E-03  2.482E-03  2.278E-03  2.086E-03  1.906E-03  1.737E-03  1.580E-03  1.434E-03  1.275E-03  1.135E-03  1.015E-03  9.134E-04  8.262E-04  7.165E-04  6.420E-04  5.562E-04  4.917E-04  4.279E-04  3.682E-04  3.166E-04  2.715E-04  2.318E-04  1.971E-04  1.670E-04  1.403E-04  1.158E-04  9.665E-05  7.854E-05  6.475E-05  5.163E-05  4.098E-05  3.228E-05  2.513E-05  1.924E-05  1.447E-05  1.070E-05  7.803E-06  5.583E-06  3.744E-06  2.450E-06  1.417E-06  7.337E-07  3.174E-07  9.772E-08  1.825E-08  2.067E-09  1.102E-10  2.486E-12  2.185E-14  9.655E-18  2.852E-22  1.038E-29  0.000E+00
  323.5000  7.284E-03  6.855E-03  6.439E-03  6.033E-03  5.642E-03  5.264E-03  4.900E-03  4.549E-03  4.213E-03  3.889E-03  3.581E-03  3.289E-03  3.011E-03  2.749E-03  2.504E-03  2.275E-03  2.020E-03  1.796E-03  1.605E-03  1.441E-03  1.301E-03  1.124E-03  1.003E-03  8.650E-04  7.613E-04  6.585E-04  5.629E-04  4.809E-04  4.094E-04  3.470E-04  2.930E-04  2.466E-04  2.061E-04  1.688E-04  1.402E-04  1.135E-04  9.328E-05  7.431E-05  5.904E-05  4.662E-05  3.644E-05  2.804E-05  2.121E-05  1.580E-05  1.163E-05  8.435E-06  5.804E-06  3.960E-06  2.487E-06  1.466E-06  7.677E-07  3.168E-07  9.080E-08  1.658E-08  1.334E-09  3.471E-11  2.860E-13  1.151E-16  2.947E-21  1.106E-28  0.000E+00
  324.5000  8.420E-03  7.922E-03  7.439E-03  6.968E-03  6.515E-03  6.077E-03  5.655E-03  5.249E-03  4.859E-03  4.485E-03  4.130E-03  3.791E-03  3.471E-03  3.169E-03  2.885E-03  2.622E-03  2.328E-03  2.070E-03  1.850E-03  1.661E-03  1.500E-03  1.296E-03  1.157E-03  9.980E-04  8.787E-04  7.603E-04  6.502E-04  5.557E-04  4.733E-04  4.014E-04  3.390E-04  2.855E-04  2.387E-04  1.955E-04  1.625E-04  1.315E-04  1.082E-04  8.618E-05  6.847E-05  5.407E-05  4.226E-05  3.252E-05  2.461E-05  1.833E-05  1.349E-05  9.787E-06  6.736E-06  4.596E-06  2.884E-06  1.696E-06  8.827E-07  3.609E-07  1.020E-07  1.836E-08  1.471E-09  3.935E-11  3.438E-13  1.535E-16  4.564E-21  2.108E-28  0.000E+00
  325.5000  8.960E-03  8.422E-03  7.900E-03  7.393E-03  6.905E-03  6.435E-03  5.982E-03  5.547E-03  5.130E-03  4.731E-03  4.352E-03  3.992E-03  3.652E-03  3.331E-03  3.032E-03  2.753E-03  2.444E-03  2.173E-03  1.941E-03  1.742E-03  1.573E-03  1.359E-03  1.214E-03  1.047E-03  9.220E-04  7.982E-04  6.830E-04  5.841E-04  4.979E-04  4.225E-04  3.572E-04  3.010E-04  2.518E-04  2.065E-04  1.717E-04  1.391E-04  1.144E-04  9.119E-05  7.246E-05  5.720E-05  4.469E-05  3.437E-05  2.599E-05  1.934E-05  1.422E-05  1.030E-05  7.070E-06  4.804E-06  2.989E-06  1.734E-06  8.843E-07  3.503E-07  9.455E-08  1.620E-08  1.258E-09  3.435E-11  3.216E-13  1.614E-16  5.661E-21  3.220E-28  0.000E+00
  326.5000  1.423E-02  1.345E-02  1.268E-02  1.193E-02  1.121E-02  1.050E-02  9.813E-03  9.149E-03  8.507E-03  7.885E-03  7.290E-03  6.720E-03  6.175E-03  5.658E-03  5.170E-03  4.713E-03  4.192E-03  3.735E-03  3.343E-03  3.009E-03  2.722E-03  2.350E-03  2.101E-03  1.809E-03  1.592E-03  1.375E-03  1.173E-03  9.990E-04  8.479E-04  7.161E-04  6.023E-04  5.050E-04  4.208E-04  3.426E-04  2.835E-04  2.287E-04  1.875E-04  1.491E-04  1.184E-04  9.356E-05  7.328E-05  5.658E-05  4.297E-05  3.217E-05  2.381E-05  1.741E-05  1.214E-05  8.453E-06  5.514E-06  3.453E-06  1.975E-06  9.390E-07  3.329E-07  7.776E-08  7.931E-09  2.403E-10  2.188E-12  1.061E-15  3.525E-20  2.170E-27  0.000E+00
  327.5000  1.212E-02  1.143E-02  1.076E-02  1.010E-02  9.467E-03  8.852E-03  8.257E-03  7.683E-03  7.129E-03  6.595E-03  6.085E-03  5.598E-03  5.135E-03  4.696E-03  4.284E-03  3.898E-03  3.464E-03  3.083E-03  2.757E-03  2.478E-03  2.239E-03  1.933E-03  1.727E-03  1.487E-03  1.309E-03  1.131E-03  9.655E-04  8.234E-04  6.998E-04  5.919E-04  4.987E-04  4.188E-04  3.494E-04  2.852E-04  2.364E-04  1.910E-04  1.568E-04  1.248E-04  9.914E-05  7.834E-05  6.133E-05  4.730E-05  3.588E-05  2.681E-05  1.981E-05  1.445E-05  1.004E-05  6.945E-06  4.474E-06  2.743E-06  1.518E-06  6.841E-07  2.236E-07  4.767E-08  4.532E-09  1.384E-10  1.362E-12  7.536E-16  3.027E-20  2.331E-27  0.000E+00
  328.5000  1.121E-02  1.058E-02  9.954E-03  9.347E-03  8.760E-03  8.190E-03  7.639E-03  7.107E-03  6.594E-03  6.099E-03  5.626E-03  5.175E-03  4.746E-03  4.340E-03  3.958E-03  3.600E-03  3.199E-03  2.846E-03  2.544E-03  2.286E-03  2.065E-03  1.782E-03  1.591E-03  1.370E-03  1.205E-03  1.041E-03  8.883E-04  7.573E-04  6.434E-04  5.440E-04  4.581E-04  3.847E-04  3.208E-04  2.617E-04  2.169E-04  1.752E-04  1.438E-04  1.144E-04  9.091E-05  7.184E-05  5.624E-05  4.337E-05  3.290E-05  2.459E-05  1.817E-05  1.326E-05  9.208E-06  6.375E-06  4.110E-06  2.524E-06  1.401E-06  6.352E-07  2.101E-07  4.566E-08  4.466E-09  1.415E-10  1.464E-12  8.820E-16  3.979E-20  3.644E-27  0.000E+00
  329.5000  1.792E-02  1.698E-02  1.606E-02  1.515E-02  1.427E-02  1.341E-02  1.257E-02  1.176E-02  1.096E-02  1.019E-02  9.454E-03  8.740E-03  8.057E-03  7.404E-03  6.786E-03  6.203E-03  5.528E-03  4.935E-03  4.428E-03  3.994E-03  3.623E-03  3.130E-03  2.803E-03  2.415E-03  2.127E-03  1.837E-03  1.566E-03  1.333E-03  1.130E-03  9.526E-04  7.996E-04  6.690E-04  5.565E-04  4.511E-04  3.725E-04  2.996E-04  2.452E-04  1.946E-04  1.544E-04  1.220E-04  9.566E-05  7.398E-05  5.632E-05  4.229E-05  3.143E-05  2.310E-05  1.622E-05  1.141E-05  7.586E-06  4.902E-06  2.938E-06  1.511E-06  6.051E-07  1.639E-07  1.954E-08  6.714E-10  6.887E-12  4.130E-15  1.847E-19  1.872E-26  0.000E+00
  330.5000  1.493E-02  1.411E-02  1.332E-02  1.254E-02  1.178E-02  1.105E-02  1.033E-02  9.640E-03  8.969E-03  8.319E-03  7.696E-03  7.099E-03  6.527E-03  5.984E-03  5.471E-03  4.990E-03  4.440E-03  3.956E-03  3.543E-03  3.189E-03  2.886E-03  2.492E-03  2.228E-03  1.918E-03  1.688E-03  1.458E-03  1.243E-03  1.058E-03  8.976E-04  7.575E-04  6.366E-04  5.333E-04  4.440E-04  3.609E-04  2.985E-04  2.405E-04  1.971E-04  1.566E-04  1.243E-04  9.825E-05  7.700E-05  5.949E-05  4.523E-05  3.391E-05  2.514E-05  1.843E-05  1.289E-05  9.023E-06  5.935E-06  3.766E-06  2.194E-06  1.077E-06  4.013E-07  1.003E-07  1.125E-08  3.905E-10  4.313E-12  2.929E-15  1.563E-19  1.954E-26  0.000E+00
  331.5000  1.449E-02  1.369E-02  1.292E-02  1.216E-02  1.142E-02  1.070E-02  1.000E-02  9.326E-03  8.672E-03  8.039E-03  7.433E-03  6.852E-03  6.297E-03  5.769E-03  5.272E-03  4.805E-03  4.273E-03  3.806E-03  3.406E-03  3.065E-03  2.772E-03  2.392E-03  2.138E-03  1.841E-03  1.619E-03  1.398E-03  1.191E-03  1.014E-03  8.604E-04  7.262E-04  6.103E-04  5.113E-04  4.258E-04  3.462E-04  2.863E-04  2.307E-04  1.891E-04  1.503E-04  1.193E-04  9.428E-05  7.388E-05  5.707E-05  4.339E-05  3.251E-05  2.410E-05  1.766E-05  1.235E-05  8.632E-06  5.667E-06  3.585E-06  2.080E-06  1.014E-06  3.745E-07  9.297E-08  1.047E-08  3.739E-10  4.357E-12  3.241E-15  1.964E-19  2.926E-26  0.000E+00
  332.5000  1.665E-02  1.579E-02  1.495E-02  1.412E-02  1.332E-02  1.253E-02  1.176E-02  1.101E-02  1.028E-02  9.573E-03  8.889E-03  8.230E-03  7.595E-03  6.989E-03  6.414E-03  5.871E-03  5.237E-03  4.678E-03  4.202E-03  3.795E-03  3.446E-03  2.978E-03  2.670E-03  2.301E-03  2.028E-03  1.752E-03  1.493E-03  1.270E-03  1.076E-03  9.068E-04  7.605E-04  6.356E-04  5.284E-04  4.275E-04  3.526E-04  2.831E-04  2.316E-04  1.835E-04  1.455E-04  1.150E-04  9.018E-05  6.979E-05  5.319E-05  4.000E-05  2.978E-05  2.194E-05  1.545E-05  1.092E-05  7.314E-06  4.787E-06  2.925E-06  1.555E-06  6.576E-07  1.914E-07  2.495E-08  9.519E-10  1.115E-11  8.439E-15  5.224E-19  8.728E-26  0.000E+00
  333.5000  1.464E-02  1.387E-02  1.311E-02  1.236E-02  1.163E-02  1.092E-02  1.023E-02  9.564E-03  8.914E-03  8.282E-03  7.675E-03  7.091E-03  6.531E-03  5.997E-03  5.492E-03  5.016E-03  4.468E-03  3.985E-03  3.573E-03  3.220E-03  2.918E-03  2.520E-03  2.255E-03  1.942E-03  1.710E-03  1.476E-03  1.257E-03  1.070E-03  9.066E-04  7.642E-04  6.413E-04  5.364E-04  4.462E-04  3.616E-04  2.986E-04  2.401E-04  1.965E-04  1.559E-04  1.237E-04  9.775E-05  7.665E-05  5.928E-05  4.514E-05  3.390E-05  2.520E-05  1.853E-05  1.301E-05  9.163E-06  6.095E-06  3.940E-06  2.361E-06  1.216E-06  4.890E-07  1.347E-07  1.688E-08  6.537E-10  8.177E-12  6.905E-15  4.992E-19  1.008E-25  0.000E+00
  334.5000  1.694E-02  1.605E-02  1.519E-02  1.433E-02  1.350E-02  1.269E-02  1.190E-02  1.113E-02  1.038E-02  9.656E-03  8.956E-03  8.282E-03  7.636E-03  7.018E-03  6.433E-03  5.881E-03  5.241E-03  4.678E-03  4.197E-03  3.786E-03  3.434E-03  2.965E-03  2.656E-03  2.287E-03  2.014E-03  1.739E-03  1.481E-03  1.260E-03  1.067E-03  8.990E-04  7.539E-04  6.302E-04  5.239E-04  4.240E-04  3.498E-04  2.810E-04  2.299E-04  1.822E-04  1.445E-04  1.142E-04  8.954E-05  6.928E-05  5.278E-05  3.967E-05  2.952E-05  2.173E-05  1.529E-05  1.079E-05  7.212E-06  4.700E-06  2.853E-06  1.501E-06  6.252E-07  1.798E-07  2.363E-08  9.511E-10  1.234E-11  1.113E-14  8.795E-19  2.061E-25  0.000E+00
  335.5000  1.851E-02  1.758E-02  1.666E-02  1.576E-02  1.487E-02  1.401E-02  1.316E-02  1.234E-02  1.154E-02  1.075E-02  9.999E-03  9.268E-03  8.565E-03  7.891E-03  7.250E-03  6.645E-03  5.932E-03  5.305E-03  4.769E-03  4.313E-03  3.921E-03  3.390E-03  3.042E-03  2.622E-03  2.313E-03  1.999E-03  1.703E-03  1.449E-03  1.227E-03  1.033E-03  8.656E-04  7.229E-04  6.006E-04  4.848E-04  3.995E-04  3.203E-04  2.617E-04  2.072E-04  1.641E-04  1.296E-04  1.017E-04  7.875E-05  6.007E-05  4.523E-05  3.373E-05  2.490E-05  1.758E-05  1.248E-05  8.408E-06  5.563E-06  3.456E-06  1.892E-06  8.399E-07  2.610E-07  3.700E-08  1.559E-09  2.076E-11  1.963E-14  1.658E-18  4.455E-25  0.000E+00
  336.5000  1.417E-02  1.344E-02  1.273E-02  1.204E-02  1.135E-02  1.069E-02  1.004E-02  9.401E-03  8.783E-03  8.181E-03  7.600E-03  7.039E-03  6.500E-03  5.984E-03  5.493E-03  5.030E-03  4.488E-03  4.010E-03  3.603E-03  3.255E-03  2.957E-03  2.555E-03  2.291E-03  1.974E-03  1.740E-03  1.503E-03  1.280E-03  1.089E-03  9.219E-04  7.762E-04  6.505E-04  5.432E-04  4.513E-04  3.645E-04  3.004E-04  2.409E-04  1.969E-04  1.559E-04  1.235E-04  9.757E-05  7.654E-05  5.926E-05  4.519E-05  3.402E-05  2.536E-05  1.871E-05  1.320E-05  9.357E-06  6.296E-06  4.153E-06  2.567E-06  1.395E-06  6.117E-07  1.880E-07  2.662E-08  1.150E-09  1.611E-11  1.661E-14  1.584E-18  5.019E-25  0.000E+00
  337.5000  1.476E-02  1.399E-02  1.323E-02  1.249E-02  1.176E-02  1.106E-02  1.037E-02  9.695E-03  9.043E-03  8.409E-03  7.799E-03  7.211E-03  6.647E-03  6.108E-03  5.597E-03  5.116E-03  4.559E-03  4.068E-03  3.648E-03  3.290E-03  2.983E-03  2.576E-03  2.306E-03  1.985E-03  1.748E-03  1.509E-03  1.285E-03  1.092E-03  9.249E-04  7.788E-04  6.529E-04  5.455E-04  4.533E-04  3.667E-04  3.024E-04  2.428E-04  1.985E-04  1.574E-04  1.247E-04  9.855E-05  7.729E-05  5.981E-05  4.558E-05  3.427E-05  2.552E-05  1.880E-05  1.324E-05  9.357E-06  6.264E-06  4.094E-06  2.496E-06  1.324E-06  5.600E-07  1.652E-07  2.278E-08  1.001E-09  1.487E-11  1.692E-14  1.853E-18  6.985E-25  0.000E+00
  338.5000  1.687E-02  1.602E-02  1.519E-02  1.436E-02  1.356E-02  1.277E-02  1.200E-02  1.125E-02  1.052E-02  9.806E-03  9.117E-03  8.451E-03  7.809E-03  7.195E-03  6.611E-03  6.058E-03  5.408E-03  4.835E-03  4.347E-03  3.930E-03  3.572E-03  3.088E-03  2.771E-03  2.387E-03  2.106E-03  1.819E-03  1.549E-03  1.317E-03  1.115E-03  9.384E-04  7.859E-04  6.559E-04  5.447E-04  4.393E-04  3.618E-04  2.898E-04  2.367E-04  1.873E-04  1.483E-04  1.171E-04  9.188E-05  7.116E-05  5.429E-05  4.090E-05  3.052E-05  2.255E-05  1.593E-05  1.132E-05  7.643E-06  5.073E-06  3.168E-06  1.753E-06  7.923E-07  2.539E-07  3.795E-08  1.746E-09  2.654E-11  3.149E-14  3.651E-18  1.560E-24  0.000E+00
  339.5000  1.855E-02  1.762E-02  1.670E-02  1.580E-02  1.492E-02  1.406E-02  1.322E-02  1.239E-02  1.159E-02  1.081E-02  1.005E-02  9.322E-03  8.617E-03  7.942E-03  7.299E-03  6.691E-03  5.974E-03  5.343E-03  4.804E-03  4.344E-03  3.951E-03  3.415E-03  3.065E-03  2.641E-03  2.330E-03  2.012E-03  1.714E-03  1.457E-03  1.233E-03  1.038E-03  8.688E-04  7.249E-04  6.018E-04  4.851E-04  3.993E-04  3.197E-04  2.610E-04  2.064E-04  1.634E-04  1.290E-04  1.012E-04  7.841E-05  5.984E-05  4.509E-05  3.366E-05  2.488E-05  1.759E-05  1.251E-05  8.460E-06  5.631E-06  3.531E-06  1.968E-06  9.019E-07  2.945E-07  4.516E-08  2.143E-09  3.390E-11  4.313E-14  5.505E-18  2.720E-24  0.000E+00
  340.5000  1.928E-02  1.830E-02  1.733E-02  1.638E-02  1.546E-02  1.455E-02  1.367E-02  1.280E-02  1.196E-02  1.115E-02  1.035E-02  9.592E-03  8.857E-03  8.154E-03  7.486E-03  6.855E-03  6.115E-03  5.464E-03  4.908E-03  4.433E-03  4.027E-03  3.478E-03  3.119E-03  2.686E-03  2.368E-03  2.044E-03  1.740E-03  1.479E-03  1.252E-03  1.053E-03  8.817E-04  7.358E-04  6.109E-04  4.928E-04  4.057E-04  3.251E-04  2.655E-04  2.101E-04  1.663E-04  1.314E-04  1.030E-04  7.980E-05  6.087E-05  4.585E-05  3.421E-05  2.527E-05  1.785E-05  1.268E-05  8.552E-06  5.668E-06  3.531E-06  1.947E-06  8.765E-07  2.809E-07  4.272E-08  2.070E-09  3.443E-11  4.769E-14  6.860E-18  3.974E-24  0.000E+00
  341.5000  1.785E-02  1.696E-02  1.608E-02  1.522E-02  1.437E-02  1.355E-02  1.274E-02  1.195E-02  1.118E-02  1.043E-02  9.703E-03  9.000E-03  8.323E-03  7.673E-03  7.054E-03  6.469E-03  5.777E-03  5.168E-03  4.648E-03  4.204E-03  3.824E-03  3.306E-03  2.968E-03  2.558E-03  2.257E-03  1.949E-03  1.660E-03  1.411E-03  1.194E-03  1.004E-03  8.406E-04  7.011E-04  5.819E-04  4.686E-04  3.856E-04  3.086E-04  2.518E-04  1.990E-04  1.575E-04  1.243E-04  9.755E-05  7.556E-05  5.768E-05  4.348E-05  3.248E-05  2.403E-05  1.701E-05  1.211E-05  8.206E-06  5.481E-06  3.456E-06  1.946E-06  9.075E-07  3.042E-07  4.851E-08  2.438E-09  4.182E-11  6.121E-14  9.500E-18  6.282E-24  0.000E+00
  342.5000  1.993E-02  1.894E-02  1.797E-02  1.701E-02  1.607E-02  1.515E-02  1.425E-02  1.337E-02  1.251E-02  1.167E-02  1.086E-02  1.008E-02  9.320E-03  8.594E-03  7.903E-03  7.249E-03  6.475E-03  5.792E-03  5.210E-03  4.714E-03  4.290E-03  3.708E-03  3.330E-03  2.869E-03  2.532E-03  2.187E-03  1.862E-03  1.583E-03  1.339E-03  1.126E-03  9.424E-04  7.858E-04  6.521E-04  5.249E-04  4.317E-04  3.453E-04  2.817E-04  2.226E-04  1.761E-04  1.390E-04  1.091E-04  8.448E-05  6.449E-05  4.864E-05  3.635E-05  2.690E-05  1.905E-05  1.357E-05  9.207E-06  6.162E-06  3.897E-06  2.208E-06  1.040E-06  3.539E-07  5.768E-08  2.983E-09  5.322E-11  8.335E-14  1.421E-17  1.081E-23  0.000E+00
  343.5000  2.043E-02  1.941E-02  1.840E-02  1.741E-02  1.644E-02  1.549E-02  1.456E-02  1.366E-02  1.278E-02  1.191E-02  1.108E-02  1.028E-02  9.498E-03  8.754E-03  8.045E-03  7.375E-03  6.584E-03  5.887E-03  5.292E-03  4.785E-03  4.351E-03  3.759E-03  3.374E-03  2.906E-03  2.563E-03  2.213E-03  1.884E-03  1.601E-03  1.354E-03  1.139E-03  9.527E-04  7.943E-04  6.591E-04  5.306E-04  4.365E-04  3.492E-04  2.849E-04  2.251E-04  1.781E-04  1.406E-04  1.103E-04  8.543E-05  6.521E-05  4.917E-05  3.673E-05  2.718E-05  1.924E-05  1.370E-05  9.287E-06  6.206E-06  3.915E-06  2.210E-06  1.035E-06  3.509E-07  5.744E-08  3.042E-09  5.672E-11  9.577E-14  1.813E-17  1.596E-23  0.000E+00
  344.5000  1.411E-02  1.339E-02  1.269E-02  1.201E-02  1.133E-02  1.067E-02  1.003E-02  9.401E-03  8.788E-03  8.191E-03  7.614E-03  7.056E-03  6.519E-03  6.004E-03  5.514E-03  5.052E-03  4.508E-03  4.028E-03  3.619E-03  3.270E-03  2.971E-03  2.566E-03  2.302E-03  1.982E-03  1.747E-03  1.508E-03  1.283E-03  1.090E-03  9.218E-04  7.750E-04  6.484E-04  5.406E-04  4.486E-04  3.612E-04  2.971E-04  2.378E-04  1.940E-04  1.533E-04  1.213E-04  9.578E-05  7.514E-05  5.819E-05  4.442E-05  3.348E-05  2.501E-05  1.850E-05  1.309E-05  9.315E-06  6.308E-06  4.208E-06  2.647E-06  1.487E-06  6.917E-07  2.330E-07  3.822E-08  2.070E-09  4.034E-11  7.343E-14  1.544E-17  1.572E-23  0.000E+00
  345.5000  2.013E-02  1.913E-02  1.815E-02  1.719E-02  1.624E-02  1.532E-02  1.441E-02  1.353E-02  1.266E-02  1.182E-02  1.100E-02  1.021E-02  9.444E-03  8.711E-03  8.013E-03  7.352E-03  6.568E-03  5.876E-03  5.286E-03  4.784E-03  4.355E-03  3.763E-03  3.380E-03  2.912E-03  2.570E-03  2.219E-03  1.889E-03  1.605E-03  1.359E-03  1.142E-03  9.547E-04  7.956E-04  6.599E-04  5.306E-04  4.361E-04  3.485E-04  2.842E-04  2.243E-04  1.774E-04  1.400E-04  1.098E-04  8.506E-05  6.496E-05  4.901E-05  3.665E-05  2.715E-05  1.925E-05  1.373E-05  9.338E-06  6.275E-06  3.991E-06  2.287E-06  1.100E-06  3.865E-07  6.637E-08  3.721E-09  7.462E-11  1.430E-13  3.228E-17  3.714E-23  0.000E+00
  346.5000  1.839E-02  1.747E-02  1.656E-02  1.567E-02  1.480E-02  1.394E-02  1.311E-02  1.229E-02  1.150E-02  1.072E-02  9.970E-03  9.244E-03  8.544E-03  7.873E-03  7.235E-03  6.631E-03  5.919E-03  5.291E-03  4.755E-03  4.299E-03  3.907E-03  3.375E-03  3.028E-03  2.607E-03  2.299E-03  1.984E-03  1.688E-03  1.434E-03  1.213E-03  1.019E-03  8.524E-04  7.103E-04  5.892E-04  4.740E-04  3.897E-04  3.116E-04  2.541E-04  2.007E-04  1.587E-04  1.253E-04  9.826E-05  7.611E-05  5.811E-05  4.383E-05  3.276E-05  2.425E-05  1.718E-05  1.224E-05  8.310E-06  5.565E-06  3.522E-06  2.001E-06  9.497E-07  3.295E-07  5.634E-08  3.224E-09  6.765E-11  1.399E-13  3.514E-17  4.676E-23  0.000E+00
  347.5000  1.803E-02  1.713E-02  1.624E-02  1.537E-02  1.451E-02  1.368E-02  1.286E-02  1.206E-02  1.128E-02  1.052E-02  9.783E-03  9.071E-03  8.385E-03  7.727E-03  7.101E-03  6.508E-03  5.809E-03  5.193E-03  4.668E-03  4.219E-03  3.835E-03  3.313E-03  2.972E-03  2.559E-03  2.256E-03  1.947E-03  1.657E-03  1.407E-03  1.189E-03  9.996E-04  8.358E-04  6.964E-04  5.775E-04  4.644E-04  3.817E-04  3.051E-04  2.488E-04  1.964E-04  1.553E-04  1.226E-04  9.614E-05  7.447E-05  5.686E-05  4.289E-05  3.207E-05  2.375E-05  1.683E-05  1.200E-05  8.149E-06  5.463E-06  3.464E-06  1.975E-06  9.435E-07  3.307E-07  5.751E-08  3.377E-09  7.356E-11  1.623E-13  4.455E-17  6.764E-23  0.000E+00
  348.5000  2.000E-02  1.901E-02  1.803E-02  1.706E-02  1.612E-02  1.519E-02  1.429E-02  1.340E-02  1.254E-02  1.170E-02  1.088E-02  1.009E-02  9.332E-03  8.602E-03  7.907E-03  7.250E-03  6.473E-03  5.787E-03  5.203E-03  4.704E-03  4.278E-03  3.695E-03  3.316E-03  2.855E-03  2.518E-03  2.173E-03  1.849E-03  1.570E-03  1.327E-03  1.115E-03  9.322E-04  7.764E-04  6.438E-04  5.174E-04  4.251E-04  3.397E-04  2.769E-04  2.185E-04  1.727E-04  1.363E-04  1.069E-04  8.282E-05  6.324E-05  4.772E-05  3.569E-05  2.644E-05  1.875E-05  1.338E-05  9.095E-06  6.111E-06  3.887E-06  2.230E-06  1.076E-06  3.830E-07  6.802E-08  4.102E-09  9.257E-11  2.171E-13  6.486E-17  1.119E-22  0.000E+00
  349.5000  1.676E-02  1.592E-02  1.510E-02  1.429E-02  1.350E-02  1.272E-02  1.196E-02  1.122E-02  1.050E-02  9.792E-03  9.109E-03  8.448E-03  7.811E-03  7.199E-03  6.617E-03  6.066E-03  5.415E-03  4.841E-03  4.352E-03  3.934E-03  3.577E-03  3.089E-03  2.772E-03  2.386E-03  2.104E-03  1.815E-03  1.544E-03  1.312E-03  1.108E-03  9.310E-04  7.781E-04  6.480E-04  5.372E-04  4.317E-04  3.546E-04  2.833E-04  2.309E-04  1.822E-04  1.440E-04  1.136E-04  8.910E-05  6.902E-05  5.271E-05  3.977E-05  2.975E-05  2.204E-05  1.563E-05  1.115E-05  7.587E-06  5.100E-06  3.247E-06  1.866E-06  9.037E-07  3.237E-07  5.825E-08  3.600E-09  8.433E-11  2.108E-13  6.885E-17  1.352E-22  0.000E+00
  350.5000  2.352E-02  2.235E-02  2.120E-02  2.006E-02  1.895E-02  1.786E-02  1.680E-02  1.576E-02  1.474E-02  1.375E-02  1.279E-02  1.187E-02  1.097E-02  1.011E-02  9.295E-03  8.521E-03  7.607E-03  6.801E-03  6.113E-03  5.526E-03  5.024E-03  4.339E-03  3.893E-03  3.351E-03  2.955E-03  2.549E-03  2.168E-03  1.841E-03  1.556E-03  1.307E-03  1.092E-03  9.091E-04  7.535E-04  6.053E-04  4.971E-04  3.970E-04  3.235E-04  2.552E-04  2.017E-04  1.591E-04  1.248E-04  9.665E-05  7.381E-05  5.570E-05  4.167E-05  3.088E-05  2.191E-05  1.564E-05  1.064E-05  7.161E-06  4.566E-06  2.632E-06  1.282E-06  4.634E-07  8.469E-08  5.364E-09  1.303E-10  3.465E-13  1.233E-16  2.747E-22  0.000E+00
  351.5000  2.022E-02  1.921E-02  1.822E-02  1.724E-02  1.628E-02  1.535E-02  1.443E-02  1.353E-02  1.266E-02  1.181E-02  1.098E-02  1.019E-02  9.416E-03  8.677E-03  7.974E-03  7.309E-03  6.524E-03  5.831E-03  5.240E-03  4.736E-03  4.305E-03  3.716E-03  3.334E-03  2.869E-03  2.529E-03  2.182E-03  1.856E-03  1.575E-03  1.331E-03  1.117E-03  9.335E-04  7.771E-04  6.440E-04  5.172E-04  4.247E-04  3.392E-04  2.763E-04  2.180E-04  1.722E-04  1.359E-04  1.065E-04  8.253E-05  6.303E-05  4.757E-05  3.559E-05  2.637E-05  1.871E-05  1.336E-05  9.091E-06  6.117E-06  3.901E-06  2.251E-06  1.098E-06  3.988E-07  7.372E-08  4.779E-09  1.204E-10  3.412E-13  1.325E-16  3.349E-22  0.000E+00
  352.5000  1.830E-02  1.739E-02  1.649E-02  1.561E-02  1.474E-02  1.389E-02  1.307E-02  1.226E-02  1.147E-02  1.069E-02  9.948E-03  9.226E-03  8.529E-03  7.861E-03  7.224E-03  6.622E-03  5.911E-03  5.283E-03  4.748E-03  4.291E-03  3.901E-03  3.367E-03  3.021E-03  2.600E-03  2.292E-03  1.977E-03  1.681E-03  1.427E-03  1.205E-03  1.012E-03  8.451E-04  7.033E-04  5.828E-04  4.679E-04  3.841E-04  3.066E-04  2.497E-04  1.970E-04  1.556E-04  1.227E-04  9.624E-05  7.455E-05  5.694E-05  4.298E-05  3.216E-05  2.384E-05  1.692E-05  1.208E-05  8.228E-06  5.543E-06  3.541E-06  2.049E-06  1.006E-06  3.689E-07  6.927E-08  4.600E-09  1.200E-10  3.609E-13  1.523E-16  4.350E-22  0.000E+00
  353.5000  2.214E-02  2.104E-02  1.996E-02  1.889E-02  1.784E-02  1.682E-02  1.582E-02  1.484E-02  1.389E-02  1.295E-02  1.205E-02  1.118E-02  1.034E-02  9.527E-03  8.757E-03  8.028E-03  7.166E-03  6.406E-03  5.757E-03  5.204E-03  4.731E-03  4.084E-03  3.664E-03  3.153E-03  2.780E-03  2.397E-03  2.039E-03  1.730E-03  1.461E-03  1.227E-03  1.024E-03  8.523E-04  7.061E-04  5.667E-04  4.651E-04  3.711E-04  3.022E-04  2.383E-04  1.882E-04  1.484E-04  1.164E-04  9.014E-05  6.885E-05  5.198E-05  3.891E-05  2.885E-05  2.048E-05  1.463E-05  9.973E-06  6.727E-06  4.306E-06  2.502E-06  1.237E-06  4.585E-07  8.753E-08  5.954E-09  1.607E-10  5.123E-13  2.343E-16  7.548E-22  0.000E+00
  354.5000  2.406E-02  2.287E-02  2.170E-02  2.054E-02  1.940E-02  1.829E-02  1.721E-02  1.614E-02  1.511E-02  1.410E-02  1.311E-02  1.217E-02  1.125E-02  1.037E-02  9.533E-03  8.740E-03  7.803E-03  6.975E-03  6.269E-03  5.667E-03  5.152E-03  4.448E-03  3.991E-03  3.434E-03  3.027E-03  2.611E-03  2.220E-03  1.884E-03  1.591E-03  1.335E-03  1.115E-03  9.274E-04  7.682E-04  6.162E-04  5.056E-04  4.033E-04  3.284E-04  2.588E-04  2.044E-04  1.611E-04  1.263E-04  9.787E-05  7.476E-05  5.645E-05  4.226E-05  3.135E-05  2.226E-05  1.591E-05  1.085E-05  7.328E-06  4.699E-06  2.740E-06  1.363E-06  5.104E-07  9.900E-08  6.896E-09  1.925E-10  6.500E-13  3.220E-16  1.168E-21  0.000E+00
  355.5000  2.251E-02  2.139E-02  2.029E-02  1.921E-02  1.815E-02  1.711E-02  1.610E-02  1.510E-02  1.413E-02  1.319E-02  1.227E-02  1.138E-02  1.052E-02  9.700E-03  8.917E-03  8.175E-03  7.298E-03  6.523E-03  5.862E-03  5.299E-03  4.817E-03  4.158E-03  3.730E-03  3.210E-03  2.829E-03  2.440E-03  2.074E-03  1.760E-03  1.486E-03  1.247E-03  1.041E-03  8.657E-04  7.169E-04  5.749E-04  4.716E-04  3.762E-04  3.062E-04  2.413E-04  1.905E-04  1.502E-04  1.177E-04  9.121E-05  6.967E-05  5.261E-05  3.939E-05  2.922E-05  2.076E-05  1.484E-05  1.012E-05  6.842E-06  4.392E-06  2.566E-06  1.282E-06  4.834E-07  9.501E-08  6.770E-09  1.955E-10  6.996E-13  3.756E-16  1.533E-21  0.000E+00
  356.5000  2.090E-02  1.986E-02  1.884E-02  1.783E-02  1.685E-02  1.589E-02  1.494E-02  1.402E-02  1.312E-02  1.224E-02  1.139E-02  1.056E-02  9.765E-03  9.002E-03  8.274E-03  7.585E-03  6.770E-03  6.052E-03  5.438E-03  4.915E-03  4.467E-03  3.856E-03  3.459E-03  2.975E-03  2.622E-03  2.261E-03  1.922E-03  1.630E-03  1.376E-03  1.155E-03  9.637E-04  8.014E-04  6.636E-04  5.320E-04  4.364E-04  3.479E-04  2.832E-04  2.231E-04  1.761E-04  1.388E-04  1.088E-04  8.431E-05  6.440E-05  4.863E-05  3.642E-05  2.702E-05  1.920E-05  1.373E-05  9.368E-06  6.334E-06  4.069E-06  2.382E-06  1.194E-06  4.533E-07  9.022E-08  6.573E-09  1.963E-10  7.441E-13  4.327E-16  1.985E-21  0.000E+00
  357.5000  1.777E-02  1.688E-02  1.602E-02  1.516E-02  1.432E-02  1.350E-02  1.270E-02  1.191E-02  1.115E-02  1.040E-02  9.676E-03  8.975E-03  8.298E-03  7.648E-03  7.029E-03  6.443E-03  5.751E-03  5.140E-03  4.618E-03  4.173E-03  3.793E-03  3.273E-03  2.936E-03  2.525E-03  2.225E-03  1.918E-03  1.630E-03  1.383E-03  1.167E-03  9.789E-04  8.169E-04  6.792E-04  5.623E-04  4.507E-04  3.696E-04  2.946E-04  2.397E-04  1.889E-04  1.491E-04  1.175E-04  9.210E-05  7.134E-05  5.449E-05  4.115E-05  3.082E-05  2.287E-05  1.625E-05  1.162E-05  7.934E-06  5.367E-06  3.450E-06  2.023E-06  1.017E-06  3.885E-07  7.826E-08  5.828E-09  1.799E-10  7.221E-13  4.543E-16  2.338E-21  0.000E+00
  358.5000  1.374E-02  1.306E-02  1.239E-02  1.173E-02  1.108E-02  1.045E-02  9.828E-03  9.220E-03  8.628E-03  8.049E-03  7.489E-03  6.947E-03  6.423E-03  5.920E-03  5.441E-03  4.988E-03  4.452E-03  3.979E-03  3.575E-03  3.231E-03  2.935E-03  2.533E-03  2.272E-03  1.954E-03  1.722E-03  1.484E-03  1.261E-03  1.070E-03  9.029E-04  7.571E-04  6.317E-04  5.251E-04  4.347E-04  3.483E-04  2.855E-04  2.275E-04  1.851E-04  1.458E-04  1.150E-04  9.066E-05  7.107E-05  5.505E-05  4.205E-05  3.176E-05  2.379E-05  1.766E-05  1.255E-05  8.979E-06  6.132E-06  4.151E-06  2.672E-06  1.571E-06  7.938E-07  3.056E-07  6.241E-08  4.751E-09  1.515E-10  6.423E-13  4.362E-16  2.512E-21  0.000E+00
  359.5000  2.314E-02  2.199E-02  2.087E-02  1.975E-02  1.866E-02  1.759E-02  1.655E-02  1.553E-02  1.453E-02  1.355E-02  1.261E-02  1.170E-02  1.081E-02  9.967E-03  9.160E-03  8.396E-03  7.494E-03  6.697E-03  6.016E-03  5.436E-03  4.940E-03  4.262E-03  3.822E-03  3.287E-03  2.896E-03  2.496E-03  2.121E-03  1.798E-03  1.517E-03  1.272E-03  1.061E-03  8.820E-04  7.300E-04  5.847E-04  4.793E-04  3.819E-04  3.106E-04  2.446E-04  1.930E-04  1.521E-04  1.192E-04  9.231E-05  7.052E-05  5.327E-05  3.990E-05  2.962E-05  2.106E-05  1.507E-05  1.029E-05  6.973E-06  4.492E-06  2.646E-06  1.342E-06  5.198E-07  1.075E-07  8.358E-09  2.752E-10  1.233E-12  9.036E-16  5.818E-21  0.000E+00
  360.5000  2.147E-02  2.040E-02  1.936E-02  1.832E-02  1.731E-02  1.632E-02  1.535E-02  1.440E-02  1.348E-02  1.257E-02  1.170E-02  1.085E-02  1.003E-02  9.245E-03  8.496E-03  7.787E-03  6.950E-03  6.210E-03  5.579E-03  5.040E-03  4.579E-03  3.951E-03  3.543E-03  3.046E-03  2.684E-03  2.313E-03  1.964E-03  1.666E-03  1.405E-03  1.178E-03  9.825E-04  8.164E-04  6.756E-04  5.410E-04  4.433E-04  3.532E-04  2.872E-04  2.261E-04  1.784E-04  1.405E-04  1.101E-04  8.530E-05  6.516E-05  4.922E-05  3.688E-05  2.738E-05  1.947E-05  1.394E-05  9.523E-06  6.454E-06  4.162E-06  2.456E-06  1.250E-06  4.874E-07  1.020E-07  8.103E-09  2.754E-10  1.303E-12  1.029E-15  7.395E-21  0.000E+00
  361.5000  1.939E-02  1.843E-02  1.748E-02  1.655E-02  1.564E-02  1.474E-02  1.387E-02  1.301E-02  1.218E-02  1.136E-02  1.057E-02  9.803E-03  9.063E-03  8.353E-03  7.677E-03  7.036E-03  6.280E-03  5.611E-03  5.041E-03  4.554E-03  4.139E-03  3.569E-03  3.200E-03  2.751E-03  2.424E-03  2.088E-03  1.774E-03  1.504E-03  1.268E-03  1.063E-03  8.865E-04  7.365E-04  6.094E-04  4.878E-04  3.996E-04  3.183E-04  2.588E-04  2.037E-04  1.606E-04  1.266E-04  9.918E-05  7.681E-05  5.868E-05  4.433E-05  3.322E-05  2.467E-05  1.754E-05  1.256E-05  8.587E-06  5.824E-06  3.760E-06  2.224E-06  1.136E-06  4.465E-07  9.464E-08  7.677E-09  2.691E-10  1.342E-12  1.141E-15  9.136E-21  0.000E+00
  362.5000  2.280E-02  2.167E-02  2.056E-02  1.946E-02  1.839E-02  1.734E-02  1.631E-02  1.530E-02  1.432E-02  1.336E-02  1.243E-02  1.153E-02  1.066E-02  9.823E-03  9.027E-03  8.274E-03  7.384E-03  6.598E-03  5.926E-03  5.354E-03  4.865E-03  4.195E-03  3.761E-03  3.233E-03  2.848E-03  2.454E-03  2.084E-03  1.766E-03  1.490E-03  1.249E-03  1.041E-03  8.645E-04  7.152E-04  5.723E-04  4.688E-04  3.733E-04  3.034E-04  2.388E-04  1.883E-04  1.483E-04  1.162E-04  9.000E-05  6.876E-05  5.195E-05  3.893E-05  2.892E-05  2.057E-05  1.473E-05  1.007E-05  6.837E-06  4.418E-06  2.618E-06  1.343E-06  5.312E-07  1.140E-07  9.440E-09  3.412E-10  1.794E-12  1.639E-15  1.461E-20  0.000E+00
  363.5000  2.030E-02  1.929E-02  1.830E-02  1.733E-02  1.637E-02  1.544E-02  1.452E-02  1.362E-02  1.275E-02  1.189E-02  1.106E-02  1.026E-02  9.488E-03  8.744E-03  8.036E-03  7.365E-03  6.573E-03  5.873E-03  5.274E-03  4.765E-03  4.330E-03  3.733E-03  3.346E-03  2.876E-03  2.533E-03  2.182E-03  1.853E-03  1.570E-03  1.324E-03  1.110E-03  9.249E-04  7.680E-04  6.352E-04  5.082E-04  4.162E-04  3.313E-04  2.692E-04  2.118E-04  1.670E-04  1.315E-04  1.031E-04  7.982E-05  6.098E-05  4.607E-05  3.453E-05  2.565E-05  1.825E-05  1.307E-05  8.944E-06  6.073E-06  3.927E-06  2.332E-06  1.200E-06  4.778E-07  1.037E-07  8.767E-09  3.266E-10  1.808E-12  1.776E-15  1.758E-20  0.000E+00
  364.5000  2.215E-02  2.105E-02  1.997E-02  1.891E-02  1.786E-02  1.684E-02  1.584E-02  1.486E-02  1.391E-02  1.297E-02  1.207E-02  1.119E-02  1.035E-02  9.538E-03  8.764E-03  8.032E-03  7.167E-03  6.404E-03  5.751E-03  5.194E-03  4.719E-03  4.068E-03  3.647E-03  3.134E-03  2.760E-03  2.377E-03  2.018E-03  1.710E-03  1.442E-03  1.208E-03  1.007E-03  8.357E-04  6.911E-04  5.528E-04  4.526E-04  3.602E-04  2.927E-04  2.302E-04  1.815E-04  1.429E-04  1.120E-04  8.671E-05  6.624E-05  5.006E-05  3.752E-05  2.788E-05  1.984E-05  1.421E-05  9.724E-06  6.606E-06  4.275E-06  2.542E-06  1.313E-06  5.255E-07  1.154E-07  9.947E-09  3.819E-10  2.226E-12  2.347E-15  2.579E-20  0.000E+00
  365.5000  2.699E-02  2.565E-02  2.433E-02  2.303E-02  2.176E-02  2.052E-02  1.930E-02  1.811E-02  1.694E-02  1.580E-02  1.470E-02  1.363E-02  1.260E-02  1.162E-02  1.067E-02  9.780E-03  8.727E-03  7.796E-03  7.000E-03  6.322E-03  5.743E-03  4.950E-03  4.436E-03  3.812E-03  3.357E-03  2.890E-03  2.454E-03  2.079E-03  1.753E-03  1.468E-03  1.223E-03  1.015E-03  8.394E-04  6.712E-04  5.494E-04  4.372E-04  3.551E-04  2.793E-04  2.202E-04  1.733E-04  1.358E-04  1.052E-04  8.034E-05  6.071E-05  4.551E-05  3.382E-05  2.407E-05  1.724E-05  1.180E-05  8.022E-06  5.195E-06  3.093E-06  1.602E-06  6.446E-07  1.431E-07  1.258E-08  4.976E-10  3.052E-12  3.452E-15  4.203E-20  0.000E+00
  366.5000  2.859E-02  2.718E-02  2.578E-02  2.441E-02  2.306E-02  2.174E-02  2.045E-02  1.919E-02  1.795E-02  1.675E-02  1.558E-02  1.445E-02  1.336E-02  1.231E-02  1.131E-02  1.036E-02  9.247E-03  8.260E-03  7.417E-03  6.698E-03  6.083E-03  5.244E-03  4.699E-03  4.037E-03  3.555E-03  3.060E-03  2.598E-03  2.200E-03  1.854E-03  1.553E-03  1.294E-03  1.074E-03  8.876E-04  7.096E-04  5.807E-04  4.620E-04  3.752E-04  2.950E-04  2.325E-04  1.830E-04  1.434E-04  1.110E-04  8.482E-05  6.410E-05  4.806E-05  3.572E-05  2.542E-05  1.822E-05  1.248E-05  8.484E-06  5.499E-06  3.280E-06  1.705E-06  6.904E-07  1.550E-07  1.390E-08  5.660E-10  3.647E-12  4.419E-15  5.953E-20  0.000E+00
  367.5000  2.718E-02  2.584E-02  2.451E-02  2.320E-02  2.192E-02  2.067E-02  1.944E-02  1.824E-02  1.707E-02  1.592E-02  1.481E-02  1.374E-02  1.270E-02  1.170E-02  1.075E-02  9.852E-03  8.791E-03  7.853E-03  7.050E-03  6.366E-03  5.782E-03  4.983E-03  4.465E-03  3.836E-03  3.377E-03  2.907E-03  2.467E-03  2.089E-03  1.762E-03  1.475E-03  1.228E-03  1.019E-03  8.423E-04  6.731E-04  5.507E-04  4.380E-04  3.557E-04  2.796E-04  2.203E-04  1.734E-04  1.358E-04  1.052E-04  8.035E-05  6.073E-05  4.554E-05  3.385E-05  2.410E-05  1.727E-05  1.183E-05  8.050E-06  5.222E-06  3.121E-06  1.628E-06  6.632E-07  1.506E-07  1.377E-08  5.770E-10  3.905E-12  5.062E-15  7.533E-20  0.000E+00
  368.5000  2.389E-02  2.271E-02  2.154E-02  2.039E-02  1.927E-02  1.817E-02  1.709E-02  1.603E-02  1.500E-02  1.399E-02  1.302E-02  1.207E-02  1.116E-02  1.028E-02  9.448E-03  8.657E-03  7.724E-03  6.899E-03  6.194E-03  5.592E-03  5.079E-03  4.376E-03  3.921E-03  3.368E-03  2.965E-03  2.552E-03  2.165E-03  1.833E-03  1.546E-03  1.293E-03  1.077E-03  8.935E-04  7.384E-04  5.899E-04  4.826E-04  3.837E-04  3.115E-04  2.449E-04  1.929E-04  1.518E-04  1.189E-04  9.206E-05  7.033E-05  5.316E-05  3.986E-05  2.963E-05  2.110E-05  1.513E-05  1.037E-05  7.056E-06  4.580E-06  2.742E-06  1.434E-06  5.877E-07  1.349E-07  1.257E-08  5.418E-10  3.849E-12  5.337E-15  8.764E-20  0.000E+00
  369.5000  2.867E-02  2.725E-02  2.586E-02  2.448E-02  2.313E-02  2.180E-02  2.051E-02  1.924E-02  1.800E-02  1.679E-02  1.562E-02  1.449E-02  1.339E-02  1.234E-02  1.134E-02  1.039E-02  9.268E-03  8.278E-03  7.430E-03  6.708E-03  6.091E-03  5.248E-03  4.701E-03  4.038E-03  3.554E-03  3.059E-03  2.595E-03  2.197E-03  1.852E-03  1.549E-03  1.290E-03  1.070E-03  8.839E-04  7.060E-04  5.774E-04  4.590E-04  3.726E-04  2.928E-04  2.306E-04  1.815E-04  1.421E-04  1.100E-04  8.407E-05  6.354E-05  4.766E-05  3.543E-05  2.523E-05  1.809E-05  1.240E-05  8.446E-06  5.486E-06  3.289E-06  1.726E-06  7.111E-07  1.650E-07  1.566E-08  6.944E-10  5.175E-12  7.665E-15  1.387E-19  0.000E+00
  370.5000  2.603E-02  2.474E-02  2.347E-02  2.222E-02  2.099E-02  1.979E-02  1.862E-02  1.747E-02  1.634E-02  1.524E-02  1.418E-02  1.315E-02  1.215E-02  1.120E-02  1.029E-02  9.426E-03  8.410E-03  7.511E-03  6.741E-03  6.085E-03  5.525E-03  4.760E-03  4.264E-03  3.661E-03  3.222E-03  2.772E-03  2.352E-03  1.991E-03  1.678E-03  1.403E-03  1.168E-03  9.687E-04  8.003E-04  6.390E-04  5.225E-04  4.153E-04  3.370E-04  2.648E-04  2.085E-04  1.641E-04  1.285E-04  9.947E-05  7.599E-05  5.744E-05  4.308E-05  3.203E-05  2.282E-05  1.637E-05  1.122E-05  7.645E-06  4.970E-06  2.984E-06  1.570E-06  6.504E-07  1.525E-07  1.475E-08  6.721E-10  5.251E-12  8.302E-15  1.653E-19  0.000E+00
  371.5000  2.980E-02  2.832E-02  2.687E-02  2.544E-02  2.404E-02  2.266E-02  2.131E-02  2.000E-02  1.871E-02  1.745E-02  1.624E-02  1.505E-02  1.392E-02  1.282E-02  1.178E-02  1.079E-02  9.626E-03  8.597E-03  7.715E-03  6.964E-03  6.323E-03  5.446E-03  4.878E-03  4.188E-03  3.685E-03  3.171E-03  2.689E-03  2.276E-03  1.917E-03  1.604E-03  1.335E-03  1.107E-03  9.140E-04  7.296E-04  5.965E-04  4.740E-04  3.846E-04  3.021E-04  2.378E-04  1.871E-04  1.465E-04  1.134E-04  8.665E-05  6.550E-05  4.914E-05  3.654E-05  2.603E-05  1.868E-05  1.281E-05  8.730E-06  5.679E-06  3.415E-06  1.802E-06  7.507E-07  1.779E-07  1.752E-08  8.204E-10  6.715E-12  1.132E-14  2.478E-19  0.000E+00
  372.5000  2.203E-02  2.094E-02  1.986E-02  1.880E-02  1.777E-02  1.675E-02  1.576E-02  1.478E-02  1.383E-02  1.290E-02  1.200E-02  1.113E-02  1.029E-02  9.477E-03  8.705E-03  7.974E-03  7.114E-03  6.353E-03  5.701E-03  5.145E-03  4.671E-03  4.023E-03  3.603E-03  3.093E-03  2.721E-03  2.341E-03  1.985E-03  1.680E-03  1.414E-03  1.183E-03  9.846E-04  8.161E-04  6.740E-04  5.379E-04  4.396E-04  3.492E-04  2.833E-04  2.225E-04  1.751E-04  1.378E-04  1.079E-04  8.350E-05  6.379E-05  4.822E-05  3.618E-05  2.691E-05  1.918E-05  1.376E-05  9.437E-06  6.436E-06  4.189E-06  2.523E-06  1.336E-06  5.593E-07  1.339E-07  1.343E-08  6.459E-10  5.535E-12  9.941E-15  2.389E-19  0.000E+00
  373.5000  1.992E-02  1.893E-02  1.796E-02  1.700E-02  1.606E-02  1.515E-02  1.424E-02  1.336E-02  1.250E-02  1.166E-02  1.085E-02  1.006E-02  9.298E-03  8.566E-03  7.869E-03  7.208E-03  6.430E-03  5.741E-03  5.152E-03  4.649E-03  4.220E-03  3.634E-03  3.254E-03  2.793E-03  2.457E-03  2.113E-03  1.792E-03  1.516E-03  1.276E-03  1.068E-03  8.881E-04  7.360E-04  6.077E-04  4.849E-04  3.962E-04  3.147E-04  2.552E-04  2.004E-04  1.577E-04  1.241E-04  9.712E-05  7.518E-05  5.743E-05  4.342E-05  3.257E-05  2.423E-05  1.727E-05  1.239E-05  8.502E-06  5.801E-06  3.779E-06  2.279E-06  1.209E-06  5.090E-07  1.231E-07  1.256E-08  6.207E-10  5.566E-12  1.064E-14  2.804E-19  0.000E+00
  374.5000  2.187E-02  2.078E-02  1.972E-02  1.867E-02  1.764E-02  1.663E-02  1.564E-02  1.467E-02  1.373E-02  1.280E-02  1.191E-02  1.104E-02  1.021E-02  9.403E-03  8.637E-03  7.911E-03  7.057E-03  6.301E-03  5.653E-03  5.101E-03  4.630E-03  3.986E-03  3.569E-03  3.063E-03  2.694E-03  2.317E-03  1.964E-03  1.661E-03  1.399E-03  1.170E-03  9.729E-04  8.061E-04  6.654E-04  5.308E-04  4.336E-04  3.443E-04  2.792E-04  2.192E-04  1.725E-04  1.356E-04  1.062E-04  8.219E-05  6.279E-05  4.747E-05  3.562E-05  2.650E-05  1.889E-05  1.356E-05  9.303E-06  6.350E-06  4.139E-06  2.499E-06  1.330E-06  5.626E-07  1.374E-07  1.427E-08  7.238E-10  6.787E-12  1.381E-14  3.983E-19  0.000E+00
  375.5000  2.469E-02  2.347E-02  2.226E-02  2.108E-02  1.991E-02  1.878E-02  1.766E-02  1.657E-02  1.550E-02  1.446E-02  1.345E-02  1.247E-02  1.152E-02  1.062E-02  9.751E-03  8.931E-03  7.966E-03  7.112E-03  6.381E-03  5.757E-03  5.224E-03  4.498E-03  4.027E-03  3.455E-03  3.039E-03  2.613E-03  2.215E-03  1.873E-03  1.576E-03  1.318E-03  1.096E-03  9.081E-04  7.495E-04  5.977E-04  4.882E-04  3.876E-04  3.142E-04  2.466E-04  1.940E-04  1.526E-04  1.194E-04  9.242E-05  7.060E-05  5.338E-05  4.006E-05  2.980E-05  2.125E-05  1.525E-05  1.047E-05  7.150E-06  4.663E-06  2.820E-06  1.505E-06  6.399E-07  1.578E-07  1.668E-08  8.682E-10  8.507E-12  1.839E-14  5.803E-19  0.000E+00
  376.5000  2.467E-02  2.345E-02  2.225E-02  2.106E-02  1.990E-02  1.876E-02  1.765E-02  1.655E-02  1.549E-02  1.445E-02  1.344E-02  1.246E-02  1.151E-02  1.061E-02  9.742E-03  8.922E-03  7.958E-03  7.104E-03  6.373E-03  5.750E-03  5.217E-03  4.492E-03  4.020E-03  3.449E-03  3.033E-03  2.608E-03  2.210E-03  1.869E-03  1.572E-03  1.315E-03  1.093E-03  9.053E-04  7.471E-04  5.956E-04  4.863E-04  3.860E-04  3.129E-04  2.455E-04  1.931E-04  1.518E-04  1.188E-04  9.197E-05  7.026E-05  5.312E-05  3.987E-05  2.967E-05  2.115E-05  1.519E-05  1.043E-05  7.125E-06  4.650E-06  2.816E-06  1.507E-06  6.439E-07  1.604E-07  1.724E-08  9.205E-10  9.421E-12  2.162E-14  7.455E-19  0.000E+00
  377.5000  2.940E-02  2.794E-02  2.651E-02  2.509E-02  2.371E-02  2.235E-02  2.102E-02  1.972E-02  1.845E-02  1.721E-02  1.601E-02  1.484E-02  1.372E-02  1.264E-02  1.161E-02  1.063E-02  9.480E-03  8.462E-03  7.591E-03  6.847E-03  6.213E-03  5.348E-03  4.786E-03  4.106E-03  3.610E-03  3.103E-03  2.630E-03  2.224E-03  1.869E-03  1.563E-03  1.299E-03  1.076E-03  8.879E-04  7.076E-04  5.777E-04  4.584E-04  3.715E-04  2.915E-04  2.292E-04  1.802E-04  1.410E-04  1.091E-04  8.336E-05  6.303E-05  4.731E-05  3.521E-05  2.511E-05  1.803E-05  1.238E-05  8.465E-06  5.527E-06  3.352E-06  1.798E-06  7.723E-07  1.942E-07  2.124E-08  1.163E-09  1.242E-11  3.025E-14  1.138E-18  0.000E+00
  378.5000  3.205E-02  3.047E-02  2.890E-02  2.736E-02  2.585E-02  2.437E-02  2.292E-02  2.151E-02  2.012E-02  1.877E-02  1.746E-02  1.618E-02  1.496E-02  1.378E-02  1.265E-02  1.159E-02  1.033E-02  9.224E-03  8.274E-03  7.462E-03  6.770E-03  5.827E-03  5.214E-03  4.472E-03  3.932E-03  3.379E-03  2.863E-03  2.421E-03  2.035E-03  1.701E-03  1.414E-03  1.171E-03  9.656E-04  7.694E-04  6.280E-04  4.982E-04  4.037E-04  3.166E-04  2.490E-04  1.957E-04  1.531E-04  1.185E-04  9.051E-05  6.844E-05  5.137E-05  3.824E-05  2.728E-05  1.959E-05  1.346E-05  9.202E-06  6.012E-06  3.651E-06  1.964E-06  8.474E-07  2.151E-07  2.392E-08  1.342E-09  1.496E-11  3.862E-14  1.584E-18  0.000E+00
  379.5000  2.372E-02  2.255E-02  2.139E-02  2.025E-02  1.914E-02  1.804E-02  1.697E-02  1.592E-02  1.489E-02  1.389E-02  1.292E-02  1.198E-02  1.107E-02  1.020E-02  9.362E-03  8.573E-03  7.646E-03  6.825E-03  6.121E-03  5.520E-03  5.007E-03  4.309E-03  3.855E-03  3.307E-03  2.907E-03  2.498E-03  2.116E-03  1.788E-03  1.503E-03  1.256E-03  1.044E-03  8.643E-04  7.128E-04  5.678E-04  4.634E-04  3.675E-04  2.977E-04  2.335E-04  1.836E-04  1.443E-04  1.129E-04  8.733E-05  6.671E-05  5.044E-05  3.787E-05  2.819E-05  2.011E-05  1.445E-05  9.926E-06  6.790E-06  4.439E-06  2.698E-06  1.455E-06  6.308E-07  1.616E-07  1.827E-08  1.051E-09  1.221E-11  3.340E-14  1.491E-18  0.000E+00
  380.5000  2.855E-02  2.713E-02  2.574E-02  2.437E-02  2.303E-02  2.171E-02  2.042E-02  1.915E-02  1.792E-02  1.671E-02  1.554E-02  1.441E-02  1.332E-02  1.227E-02  1.126E-02  1.031E-02  9.198E-03  8.209E-03  7.362E-03  6.639E-03  6.022E-03  5.182E-03  4.635E-03  3.975E-03  3.494E-03  3.002E-03  2.542E-03  2.149E-03  1.806E-03  1.509E-03  1.254E-03  1.038E-03  8.556E-04  6.813E-04  5.559E-04  4.408E-04  3.570E-04  2.799E-04  2.200E-04  1.729E-04  1.353E-04  1.047E-04  7.993E-05  6.044E-05  4.538E-05  3.378E-05  2.411E-05  1.732E-05  1.190E-05  8.145E-06  5.328E-06  3.243E-06  1.753E-06  7.637E-07  1.974E-07  2.269E-08  1.337E-09  1.619E-11  4.687E-14  2.276E-18  0.000E+00
  381.5000  2.684E-02  2.551E-02  2.420E-02  2.291E-02  2.165E-02  2.041E-02  1.920E-02  1.801E-02  1.685E-02  1.571E-02  1.461E-02  1.355E-02  1.252E-02  1.153E-02  1.059E-02  9.695E-03  8.646E-03  7.716E-03  6.919E-03  6.239E-03  5.658E-03  4.868E-03  4.355E-03  3.734E-03  3.281E-03  2.819E-03  2.387E-03  2.017E-03  1.694E-03  1.416E-03  1.176E-03  9.732E-04  8.024E-04  6.388E-04  5.211E-04  4.131E-04  3.345E-04  2.622E-04  2.061E-04  1.619E-04  1.266E-04  9.798E-05  7.484E-05  5.659E-05  4.249E-05  3.164E-05  2.258E-05  1.622E-05  1.115E-05  7.635E-06  4.997E-06  3.046E-06  1.651E-06  7.223E-07  1.884E-07  2.200E-08  1.328E-09  1.675E-11  5.129E-14  2.705E-18  0.000E+00
  382.5000  1.789E-02  1.701E-02  1.614E-02  1.528E-02  1.443E-02  1.361E-02  1.280E-02  1.201E-02  1.123E-02  1.048E-02  9.743E-03  9.032E-03  8.346E-03  7.687E-03  7.058E-03  6.462E-03  5.763E-03  5.143E-03  4.611E-03  4.157E-03  3.770E-03  3.243E-03  2.901E-03  2.487E-03  2.185E-03  1.877E-03  1.589E-03  1.343E-03  1.128E-03  9.421E-04  7.824E-04  6.472E-04  5.336E-04  4.247E-04  3.463E-04  2.745E-04  2.222E-04  1.742E-04  1.369E-04  1.075E-04  8.408E-05  6.505E-05  4.968E-05  3.757E-05  2.821E-05  2.101E-05  1.499E-05  1.078E-05  7.410E-06  5.075E-06  3.323E-06  2.028E-06  1.102E-06  4.843E-07  1.275E-07  1.512E-08  9.344E-10  1.227E-11  3.971E-14  2.273E-18  0.000E+00
  383.5000  1.572E-02  1.494E-02  1.418E-02  1.342E-02  1.268E-02  1.195E-02  1.124E-02  1.055E-02  9.867E-03  9.203E-03  8.559E-03  7.934E-03  7.332E-03  6.752E-03  6.200E-03  5.676E-03  5.061E-03  4.517E-03  4.049E-03  3.650E-03  3.310E-03  2.847E-03  2.546E-03  2.182E-03  1.917E-03  1.647E-03  1.394E-03  1.178E-03  9.889E-04  8.260E-04  6.859E-04  5.673E-04  4.675E-04  3.720E-04  3.033E-04  2.404E-04  1.945E-04  1.524E-04  1.198E-04  9.406E-05  7.356E-05  5.690E-05  4.346E-05  3.287E-05  2.468E-05  1.838E-05  1.312E-05  9.432E-06  6.487E-06  4.444E-06  2.912E-06  1.779E-06  9.687E-07  4.277E-07  1.136E-07  1.369E-08  8.657E-10  1.183E-11  4.043E-14  2.508E-18  0.000E+00
  384.5000  2.360E-02  2.244E-02  2.129E-02  2.015E-02  1.904E-02  1.795E-02  1.688E-02  1.584E-02  1.482E-02  1.382E-02  1.285E-02  1.191E-02  1.101E-02  1.014E-02  9.307E-03  8.520E-03  7.598E-03  6.780E-03  6.078E-03  5.479E-03  4.967E-03  4.272E-03  3.820E-03  3.274E-03  2.876E-03  2.469E-03  2.090E-03  1.765E-03  1.482E-03  1.238E-03  1.028E-03  8.497E-04  7.002E-04  5.570E-04  4.541E-04  3.597E-04  2.911E-04  2.280E-04  1.791E-04  1.407E-04  1.100E-04  8.508E-05  6.498E-05  4.914E-05  3.691E-05  2.749E-05  1.963E-05  1.411E-05  9.706E-06  6.652E-06  4.361E-06  2.667E-06  1.456E-06  6.457E-07  1.730E-07  2.117E-08  1.370E-09  1.946E-11  7.022E-14  4.718E-18  0.000E+00
  385.5000  2.336E-02  2.221E-02  2.107E-02  1.995E-02  1.885E-02  1.777E-02  1.671E-02  1.568E-02  1.467E-02  1.368E-02  1.272E-02  1.179E-02  1.090E-02  1.003E-02  9.212E-03  8.433E-03  7.520E-03  6.709E-03  6.014E-03  5.421E-03  4.914E-03  4.226E-03  3.778E-03  3.237E-03  2.844E-03  2.441E-03  2.066E-03  1.745E-03  1.464E-03  1.223E-03  1.015E-03  8.392E-04  6.914E-04  5.499E-04  4.481E-04  3.549E-04  2.871E-04  2.249E-04  1.766E-04  1.387E-04  1.084E-04  8.387E-05  6.405E-05  4.844E-05  3.638E-05  2.710E-05  1.935E-05  1.391E-05  9.575E-06  6.565E-06  4.306E-06  2.637E-06  1.443E-06  6.426E-07  1.736E-07  2.158E-08  1.428E-09  2.109E-11  8.024E-14  5.833E-18  0.000E+00
  386.5000  2.383E-02  2.265E-02  2.149E-02  2.034E-02  1.922E-02  1.812E-02  1.704E-02  1.599E-02  1.496E-02  1.395E-02  1.297E-02  1.202E-02  1.111E-02  1.023E-02  9.393E-03  8.598E-03  7.667E-03  6.840E-03  6.131E-03  5.526E-03  5.009E-03  4.307E-03  3.850E-03  3.298E-03  2.897E-03  2.486E-03  2.104E-03  1.777E-03  1.491E-03  1.245E-03  1.033E-03  8.538E-04  7.033E-04  5.592E-04  4.556E-04  3.608E-04  2.918E-04  2.285E-04  1.794E-04  1.409E-04  1.101E-04  8.517E-05  6.504E-05  4.919E-05  3.695E-05  2.753E-05  1.966E-05  1.414E-05  9.730E-06  6.674E-06  4.379E-06  2.685E-06  1.472E-06  6.586E-07  1.795E-07  2.264E-08  1.533E-09  2.351E-11  9.428E-14  7.407E-18  0.000E+00
  387.5000  2.215E-02  2.106E-02  1.998E-02  1.891E-02  1.787E-02  1.685E-02  1.585E-02  1.487E-02  1.391E-02  1.297E-02  1.206E-02  1.118E-02  1.033E-02  9.512E-03  8.732E-03  7.993E-03  7.127E-03  6.358E-03  5.699E-03  5.135E-03  4.654E-03  4.002E-03  3.577E-03  3.064E-03  2.690E-03  2.309E-03  1.953E-03  1.649E-03  1.384E-03  1.155E-03  9.583E-04  7.920E-04  6.523E-04  5.185E-04  4.223E-04  3.344E-04  2.704E-04  2.117E-04  1.662E-04  1.304E-04  1.020E-04  7.886E-05  6.022E-05  4.554E-05  3.421E-05  2.549E-05  1.821E-05  1.310E-05  9.015E-06  6.185E-06  4.061E-06  2.493E-06  1.370E-06  6.153E-07  1.691E-07  2.165E-08  1.499E-09  2.387E-11  1.008E-13  8.550E-18  0.000E+00
  388.5000  2.222E-02  2.112E-02  2.003E-02  1.897E-02  1.792E-02  1.690E-02  1.589E-02  1.491E-02  1.394E-02  1.300E-02  1.209E-02  1.121E-02  1.036E-02  9.537E-03  8.755E-03  8.014E-03  7.145E-03  6.374E-03  5.712E-03  5.147E-03  4.664E-03  4.010E-03  3.583E-03  3.069E-03  2.695E-03  2.312E-03  1.956E-03  1.651E-03  1.385E-03  1.156E-03  9.589E-04  7.923E-04  6.524E-04  5.184E-04  4.222E-04  3.342E-04  2.702E-04  2.115E-04  1.660E-04  1.303E-04  1.018E-04  7.874E-05  6.013E-05  4.548E-05  3.416E-05  2.545E-05  1.819E-05  1.308E-05  9.008E-06  6.182E-06  4.061E-06  2.495E-06  1.374E-06  6.199E-07  1.718E-07  2.232E-08  1.579E-09  2.610E-11  1.160E-13  1.061E-17  0.000E+00
  389.5000  2.803E-02  2.664E-02  2.528E-02  2.393E-02  2.261E-02  2.132E-02  2.005E-02  1.881E-02  1.759E-02  1.641E-02  1.526E-02  1.414E-02  1.307E-02  1.203E-02  1.104E-02  1.011E-02  9.013E-03  8.040E-03  7.205E-03  6.491E-03  5.881E-03  5.056E-03  4.518E-03  3.869E-03  3.396E-03  2.914E-03  2.464E-03  2.080E-03  1.745E-03  1.456E-03  1.207E-03  9.972E-04  8.210E-04  6.522E-04  5.311E-04  4.203E-04  3.397E-04  2.658E-04  2.086E-04  1.637E-04  1.279E-04  9.892E-05  7.554E-05  5.713E-05  4.292E-05  3.198E-05  2.286E-05  1.644E-05  1.132E-05  7.775E-06  5.110E-06  3.143E-06  1.735E-06  7.857E-07  2.195E-07  2.894E-08  2.092E-09  3.587E-11  1.677E-13  1.653E-17  0.000E+00
  390.5000  2.754E-02  2.618E-02  2.484E-02  2.352E-02  2.222E-02  2.095E-02  1.970E-02  1.848E-02  1.729E-02  1.612E-02  1.499E-02  1.390E-02  1.284E-02  1.182E-02  1.085E-02  9.933E-03  8.856E-03  7.899E-03  7.078E-03  6.376E-03  5.777E-03  4.965E-03  4.436E-03  3.799E-03  3.334E-03  2.860E-03  2.418E-03  2.041E-03  1.712E-03  1.428E-03  1.184E-03  9.778E-04  8.048E-04  6.392E-04  5.204E-04  4.117E-04  3.327E-04  2.603E-04  2.042E-04  1.602E-04  1.252E-04  9.681E-05  7.392E-05  5.591E-05  4.200E-05  3.130E-05  2.237E-05  1.610E-05  1.109E-05  7.616E-06  5.008E-06  3.084E-06  1.706E-06  7.757E-07  2.184E-07  2.922E-08  2.157E-09  3.836E-11  1.885E-13  2.001E-17  0.000E+00
  391.5000  3.270E-02  3.108E-02  2.949E-02  2.792E-02  2.638E-02  2.487E-02  2.339E-02  2.194E-02  2.052E-02  1.914E-02  1.780E-02  1.650E-02  1.524E-02  1.403E-02  1.288E-02  1.179E-02  1.051E-02  9.374E-03  8.399E-03  7.566E-03  6.854E-03  5.890E-03  5.262E-03  4.505E-03  3.954E-03  3.391E-03  2.867E-03  2.418E-03  2.028E-03  1.692E-03  1.402E-03  1.158E-03  9.530E-04  7.567E-04  6.158E-04  4.871E-04  3.935E-04  3.078E-04  2.415E-04  1.894E-04  1.480E-04  1.144E-04  8.737E-05  6.608E-05  4.965E-05  3.701E-05  2.645E-05  1.904E-05  1.312E-05  9.011E-06  5.928E-06  3.654E-06  2.025E-06  9.248E-07  2.625E-07  3.562E-08  2.686E-09  4.948E-11  2.554E-13  2.916E-17  0.000E+00
  392.5000  2.453E-02  2.332E-02  2.212E-02  2.094E-02  1.979E-02  1.866E-02  1.755E-02  1.646E-02  1.540E-02  1.436E-02  1.335E-02  1.238E-02  1.143E-02  1.053E-02  9.663E-03  8.843E-03  7.884E-03  7.032E-03  6.300E-03  5.674E-03  5.139E-03  4.416E-03  3.945E-03  3.377E-03  2.963E-03  2.541E-03  2.148E-03  1.812E-03  1.519E-03  1.267E-03  1.050E-03  8.667E-04  7.132E-04  5.661E-04  4.606E-04  3.643E-04  2.942E-04  2.301E-04  1.805E-04  1.416E-04  1.106E-04  8.549E-05  6.527E-05  4.937E-05  3.710E-05  2.765E-05  1.977E-05  1.423E-05  9.805E-06  6.739E-06  4.435E-06  2.737E-06  1.520E-06  6.968E-07  1.993E-07  2.743E-08  2.112E-09  4.030E-11  2.183E-13  2.679E-17  0.000E+00
  393.5000  1.067E-02  1.014E-02  9.623E-03  9.110E-03  8.608E-03  8.115E-03  7.632E-03  7.160E-03  6.698E-03  6.246E-03  5.808E-03  5.384E-03  4.973E-03  4.579E-03  4.203E-03  3.846E-03  3.429E-03  3.058E-03  2.739E-03  2.467E-03  2.234E-03  1.920E-03  1.714E-03  1.467E-03  1.288E-03  1.104E-03  9.328E-04  7.867E-04  6.598E-04  5.499E-04  4.557E-04  3.761E-04  3.094E-04  2.456E-04  1.998E-04  1.579E-04  1.275E-04  9.972E-05  7.820E-05  6.133E-05  4.791E-05  3.703E-05  2.827E-05  2.138E-05  1.607E-05  1.198E-05  8.564E-06  6.165E-06  4.249E-06  2.921E-06  1.924E-06  1.188E-06  6.613E-07  3.043E-07  8.772E-08  1.224E-08  9.618E-10  1.901E-11  1.080E-13  1.423E-17  0.000E+00
  394.5000  2.512E-02  2.388E-02  2.265E-02  2.145E-02  2.027E-02  1.911E-02  1.797E-02  1.686E-02  1.577E-02  1.470E-02  1.367E-02  1.267E-02  1.171E-02  1.078E-02  9.892E-03  9.052E-03  8.070E-03  7.197E-03  6.446E-03  5.805E-03  5.257E-03  4.516E-03  4.033E-03  3.451E-03  3.028E-03  2.595E-03  2.193E-03  1.849E-03  1.551E-03  1.292E-03  1.071E-03  8.834E-04  7.266E-04  5.764E-04  4.688E-04  3.706E-04  2.992E-04  2.339E-04  1.834E-04  1.438E-04  1.123E-04  8.679E-05  6.626E-05  5.012E-05  3.766E-05  2.808E-05  2.008E-05  1.446E-05  9.967E-06  6.854E-06  4.515E-06  2.792E-06  1.557E-06  7.191E-07  2.089E-07  2.955E-08  2.369E-09  4.846E-11  2.888E-13  4.082E-17  0.000E+00
  395.5000  3.233E-02  3.074E-02  2.916E-02  2.761E-02  2.609E-02  2.459E-02  2.313E-02  2.170E-02  2.030E-02  1.893E-02  1.760E-02  1.631E-02  1.507E-02  1.387E-02  1.273E-02  1.165E-02  1.039E-02  9.262E-03  8.296E-03  7.469E-03  6.763E-03  5.810E-03  5.187E-03  4.439E-03  3.893E-03  3.337E-03  2.819E-03  2.376E-03  1.993E-03  1.660E-03  1.375E-03  1.134E-03  9.329E-04  7.399E-04  6.017E-04  4.754E-04  3.838E-04  3.000E-04  2.351E-04  1.843E-04  1.440E-04  1.112E-04  8.492E-05  6.424E-05  4.828E-05  3.600E-05  2.574E-05  1.854E-05  1.278E-05  8.794E-06  5.795E-06  3.587E-06  2.004E-06  9.291E-07  2.719E-07  3.899E-08  3.190E-09  6.749E-11  4.214E-13  6.384E-17  0.000E+00
  396.5000  1.899E-02  1.806E-02  1.713E-02  1.622E-02  1.533E-02  1.445E-02  1.359E-02  1.275E-02  1.192E-02  1.112E-02  1.034E-02  9.584E-03  8.853E-03  8.150E-03  7.479E-03  6.843E-03  6.101E-03  5.440E-03  4.872E-03  4.387E-03  3.972E-03  3.411E-03  3.045E-03  2.605E-03  2.285E-03  1.958E-03  1.654E-03  1.394E-03  1.169E-03  9.734E-04  8.062E-04  6.649E-04  5.467E-04  4.335E-04  3.524E-04  2.784E-04  2.247E-04  1.756E-04  1.376E-04  1.079E-04  8.423E-05  6.508E-05  4.968E-05  3.758E-05  2.824E-05  2.106E-05  1.506E-05  1.085E-05  7.483E-06  5.149E-06  3.395E-06  2.103E-06  1.177E-06  5.479E-07  1.616E-07  2.348E-08  1.959E-09  4.286E-11  2.803E-13  4.547E-17  0.000E+00
  397.5000  2.193E-02  2.085E-02  1.978E-02  1.873E-02  1.769E-02  1.668E-02  1.569E-02  1.472E-02  1.377E-02  1.284E-02  1.194E-02  1.106E-02  1.022E-02  9.409E-03  8.635E-03  7.900E-03  7.042E-03  6.280E-03  5.624E-03  5.063E-03  4.583E-03  3.936E-03  3.514E-03  3.006E-03  2.636E-03  2.258E-03  1.907E-03  1.607E-03  1.347E-03  1.122E-03  9.288E-04  7.660E-04  6.297E-04  4.992E-04  4.057E-04  3.204E-04  2.585E-04  2.020E-04  1.583E-04  1.240E-04  9.684E-05  7.482E-05  5.711E-05  4.320E-05  3.247E-05  2.421E-05  1.732E-05  1.248E-05  8.608E-06  5.925E-06  3.908E-06  2.424E-06  1.359E-06  6.349E-07  1.886E-07  2.778E-08  2.363E-09  5.345E-11  3.657E-13  6.349E-17  0.000E+00
  398.5000  3.770E-02  3.584E-02  3.400E-02  3.219E-02  3.042E-02  2.868E-02  2.697E-02  2.530E-02  2.367E-02  2.207E-02  2.052E-02  1.902E-02  1.757E-02  1.618E-02  1.484E-02  1.358E-02  1.211E-02  1.079E-02  9.666E-03  8.701E-03  7.876E-03  6.764E-03  6.036E-03  5.163E-03  4.527E-03  3.878E-03  3.274E-03  2.759E-03  2.312E-03  1.925E-03  1.594E-03  1.314E-03  1.080E-03  8.558E-04  6.954E-04  5.491E-04  4.430E-04  3.460E-04  2.711E-04  2.124E-04  1.658E-04  1.281E-04  9.777E-05  7.395E-05  5.559E-05  4.146E-05  2.967E-05  2.137E-05  1.474E-05  1.015E-05  6.699E-06  4.158E-06  2.337E-06  1.096E-06  3.279E-07  4.892E-08  4.242E-09  9.913E-11  7.094E-13  1.317E-16  0.000E+00
  399.5000  3.923E-02  3.729E-02  3.538E-02  3.350E-02  3.165E-02  2.984E-02  2.807E-02  2.633E-02  2.463E-02  2.297E-02  2.136E-02  1.979E-02  1.828E-02  1.683E-02  1.544E-02  1.413E-02  1.260E-02  1.123E-02  1.006E-02  9.051E-03  8.192E-03  7.034E-03  6.277E-03  5.368E-03  4.706E-03  4.030E-03  3.403E-03  2.866E-03  2.402E-03  1.999E-03  1.655E-03  1.364E-03  1.121E-03  8.881E-04  7.215E-04  5.696E-04  4.594E-04  3.587E-04  2.810E-04  2.201E-04  1.718E-04  1.327E-04  1.013E-04  7.662E-05  5.760E-05  4.296E-05  3.075E-05  2.215E-05  1.529E-05  1.053E-05  6.951E-06  4.318E-06  2.431E-06  1.144E-06  3.448E-07  5.211E-08  4.606E-09  1.112E-10  8.316E-13  1.649E-16  0.000E+00
------------------------------------------------------------
Dose rates,W m-2
   1 = UV index (WMO, 1994; Webb et al., 2011)           
   2 = Previtamin-D3 (CIE 2006)                          
values at z =      0.025 km
Columns: time,sza,weighting spectra
time,hrs.  sza,deg.          1          2
   18.0000     87.038  6.316E-02  1.176E-03
   18.0167     87.233  5.969E-02  1.110E-03
   18.0333     87.428  5.632E-02  1.047E-03
   18.0500     87.624  5.304E-02  9.856E-04
   18.0667     87.819  4.988E-02  9.274E-04
   18.0833     88.014  4.682E-02  8.715E-04
   18.1000     88.210  4.386E-02  8.181E-04
   18.1167     88.406  4.101E-02  7.669E-04
   18.1333     88.601  3.825E-02  7.179E-04
   18.1500     88.798  3.559E-02  6.709E-04
   18.1667     88.995  3.305E-02  6.261E-04
   18.1833     89.191  3.060E-02  5.833E-04
   18.2000     89.388  2.827E-02  5.426E-04
   18.2167     89.585  2.605E-02  5.039E-04
   18.2333     89.781  2.396E-02  4.673E-04
   18.2500     89.979  2.198E-02  4.329E-04
   18.2667     90.177  1.970E-02  3.927E-04
   18.2833     90.374  1.768E-02  3.570E-04
   18.3000     90.572  1.595E-02  3.263E-04
   18.3167     90.770  1.448E-02  3.000E-04
   18.3333     90.968  1.321E-02  2.773E-04
   18.3500     91.166  1.151E-02  2.459E-04
   18.3667     91.365  1.039E-02  2.252E-04
   18.3833     91.563  9.035E-03  1.995E-04
   18.4000     91.762  8.029E-03  1.800E-04
   18.4167     91.961  7.008E-03  1.602E-04
   18.4333     92.160  6.037E-03  1.406E-04
   18.4500     92.359  5.180E-03  1.221E-04
   18.4667     92.559  4.451E-03  1.075E-04
   18.4833     92.758  3.792E-03  9.328E-05
   18.5000     92.958  3.216E-03  8.042E-05
   18.5167     93.158  2.716E-03  6.896E-05
   18.5333     93.358  2.272E-03  5.825E-05
   18.5500     93.558  1.857E-03  4.834E-05
   18.5667     93.758  1.541E-03  4.048E-05
   18.5833     93.958  1.241E-03  3.274E-05
   18.6000     94.159  1.017E-03  2.691E-05
   18.6167     94.360  8.034E-04  2.122E-05
   18.6333     94.561  6.329E-04  1.662E-05
   18.6500     94.762  4.956E-04  1.288E-05
   18.6667     94.963  3.840E-04  9.842E-06
   18.6833     95.164  2.927E-04  7.361E-06
   18.7000     95.365  2.187E-04  5.356E-06
   18.7167     95.567  1.598E-04  3.749E-06
   18.7333     95.769  1.142E-04  2.490E-06
   18.7500     95.970  7.901E-05  1.513E-06
   18.7667     96.172  5.088E-05  7.693E-07
   18.7833     96.374  3.268E-05  3.530E-07
   18.8000     96.577  1.974E-05  1.289E-07
   18.8167     96.779  1.194E-05  4.410E-08
   18.8333     96.981  6.956E-06  1.419E-08
   18.8500     97.184  3.696E-06  3.835E-09
   18.8667     97.386  1.696E-06  8.197E-10
   18.8833     97.589  6.079E-07  1.355E-10
   18.9000     97.792  1.221E-07  1.133E-11
   18.9167     97.995  1.061E-08  3.231E-13
   18.9333     98.198  5.191E-10  2.969E-15
   18.9500     98.402  6.682E-12  1.487E-18
   18.9667     98.605  3.045E-14  5.413E-23
   18.9833     98.808  3.966E-18  4.085E-30
   19.0000     99.012  0.000E+00  0.000E+00
------------------------------------------------------------
