Spectral Irradiance,W m-2 nm-1
values at z =      0.025 km
Columns: wavelength (nm),times (hrs.) or sza (deg.)
    wc,nm     18.000     18.017     18.033     18.050     18.067     18.083     18.100     18.117     18.133     18.150     18.167     18.183     18.200     18.217     18.233     18.250     18.267     18.283     18.300     18.317     18.333     18.350     18.367     18.383     18.400     18.417     18.433     18.450     18.467     18.483     18.500     18.517     18.533     18.550     18.567     18.583     18.600     18.617     18.633     18.650     18.667     18.683     18.700     18.717     18.733     18.750     18.767     18.783     18.800     18.817     18.833     18.850     18.867     18.883     18.900     18.917     18.933     18.950     18.967     18.983     19.000
    sza =      86.488     86.684     86.880     87.076     87.272     87.469     87.665     87.862     88.058     88.256     88.453     88.651     88.848     89.046     89.244     89.442     89.640     89.839     90.037     90.236     90.435     90.634     90.833     91.033     91.232     91.432     91.632     91.832     92.032     92.232     92.433     92.634     92.834     93.035     93.236     93.437     93.638     93.840     94.042     94.243     94.445     94.647     94.849     95.052     95.254     95.456     95.659     95.861     96.065     96.268     96.471     96.674     96.877     97.080     97.284     97.488     97.692     97.895     98.099     98.303     98.508
  280.5000  8.995E-26  8.750E-26  8.503E-26  8.253E-26  8.003E-26  7.751E-26  7.497E-26  7.242E-26  6.984E-26  6.724E-26  6.463E-26  6.200E-26  5.936E-26  5.670E-26  5.404E-26  5.137E-26  4.872E-26  4.610E-26  4.332E-26  3.991E-26  3.694E-26  3.435E-26  3.209E-26  2.951E-26  2.676E-26  2.467E-26  2.197E-26  1.953E-26  1.749E-26  1.552E-26  1.348E-26  1.164E-26  9.979E-27  8.372E-27  6.909E-27  5.711E-27  4.678E-27  3.569E-27  2.707E-27  1.932E-27  1.260E-27  7.306E-28  3.552E-28  1.206E-28  2.161E-29  1.052E-30  6.871E-33  1.494E-36  2.705E-43  0.000E+00  0.000E+00  0.000E+00  0.000E+00  0.000E+00  0.000E+00  0.000E+00  0.000E+00  0.000E+00  0.000E+00  0.000E+00  0.000E+00
  281.5000  1.657E-23  1.612E-23  1.566E-23  1.521E-23  1.474E-23  1.428E-23  1.381E-23  1.334E-23  1.287E-23  1.239E-23  1.191E-23  1.143E-23  1.095E-23  1.046E-23  9.969E-24  9.478E-24  8.991E-24  8.511E-24  8.000E-24  7.371E-24  6.825E-24  6.349E-24  5.934E-24  5.458E-24  4.951E-24  4.566E-24  4.068E-24  3.617E-24  3.240E-24  2.876E-24  2.499E-24  2.158E-24  1.851E-24  1.554E-24  1.284E-24  1.062E-24  8.724E-25  6.693E-25  5.121E-25  3.702E-25  2.468E-25  1.481E-25  7.581E-26  2.804E-26  5.812E-27  3.678E-28  3.742E-30  1.708E-33  1.255E-39  0.000E+00  0.000E+00  0.000E+00  0.000E+00  0.000E+00  0.000E+00  0.000E+00  0.000E+00  0.000E+00  0.000E+00  0.000E+00  0.000E+00
  282.5000  1.003E-21  9.752E-22  9.477E-22  9.199E-22  8.921E-22  8.641E-22  8.359E-22  8.075E-22  7.789E-22  7.500E-22  7.211E-22  6.919E-22  6.626E-22  6.332E-22  6.037E-22  5.740E-22  5.447E-22  5.157E-22  4.849E-22  4.469E-22  4.139E-22  3.852E-22  3.601E-22  3.313E-22  3.006E-22  2.773E-22  2.472E-22  2.199E-22  1.970E-22  1.749E-22  1.520E-22  1.313E-22  1.127E-22  9.469E-23  7.826E-23  6.484E-23  5.336E-23  4.112E-23  3.169E-23  2.316E-23  1.573E-23  9.715E-24  5.202E-24  2.075E-24  4.886E-25  3.903E-26  5.881E-28  5.169E-31  1.292E-36  2.803E-45  0.000E+00  0.000E+00  0.000E+00  0.000E+00  0.000E+00  0.000E+00  0.000E+00  0.000E+00  0.000E+00  0.000E+00  0.000E+00
  283.5000  1.300E-20  1.264E-20  1.228E-20  1.192E-20  1.156E-20  1.120E-20  1.084E-20  1.047E-20  1.010E-20  9.723E-21  9.348E-21  8.971E-21  8.592E-21  8.211E-21  7.829E-21  7.446E-21  7.066E-21  6.691E-21  6.292E-21  5.800E-21  5.373E-21  5.001E-21  4.676E-21  4.304E-21  3.906E-21  3.604E-21  3.213E-21  2.858E-21  2.562E-21  2.276E-21  1.978E-21  1.709E-21  1.467E-21  1.233E-21  1.020E-21  8.456E-22  6.967E-22  5.385E-22  4.169E-22  3.067E-22  2.108E-22  1.327E-22  7.313E-23  3.063E-23  7.843E-24  7.303E-25  1.425E-26  1.927E-29  1.072E-34  9.179E-43  0.000E+00  0.000E+00  0.000E+00  0.000E+00  0.000E+00  0.000E+00  0.000E+00  0.000E+00  0.000E+00  0.000E+00  0.000E+00
  284.5000  8.507E-19  8.274E-19  8.041E-19  7.805E-19  7.569E-19  7.331E-19  7.092E-19  6.852E-19  6.610E-19  6.366E-19  6.121E-19  5.875E-19  5.628E-19  5.379E-19  5.130E-19  4.880E-19  4.633E-19  4.388E-19  4.128E-19  3.807E-19  3.528E-19  3.286E-19  3.074E-19  2.830E-19  2.570E-19  2.373E-19  2.116E-19  1.884E-19  1.690E-19  1.501E-19  1.306E-19  1.129E-19  9.697E-20  8.159E-20  6.752E-20  5.605E-20  4.629E-20  3.596E-20  2.805E-20  2.088E-20  1.463E-20  9.504E-21  5.498E-21  2.498E-21  7.350E-22  8.833E-23  2.657E-24  7.437E-27  1.626E-31  1.176E-38  0.000E+00  0.000E+00  0.000E+00  0.000E+00  0.000E+00  0.000E+00  0.000E+00  0.000E+00  0.000E+00  0.000E+00  0.000E+00
  285.5000  1.177E-17  1.144E-17  1.112E-17  1.079E-17  1.046E-17  1.014E-17  9.805E-18  9.473E-18  9.139E-18  8.801E-18  8.463E-18  8.124E-18  7.756E-18  7.439E-18  7.096E-18  6.752E-18  6.410E-18  6.074E-18  5.715E-18  5.272E-18  4.887E-18  4.553E-18  4.261E-18  3.925E-18  3.566E-18  3.294E-18  2.939E-18  2.617E-18  2.349E-18  2.088E-18  1.817E-18  1.571E-18  1.350E-18  1.137E-18  9.417E-19  7.825E-19  6.473E-19  5.046E-19  3.959E-19  2.971E-19  2.112E-19  1.405E-19  8.430E-20  4.079E-20  1.337E-20  1.965E-21  8.304E-23  4.113E-25  2.589E-29  9.536E-36  0.000E+00  0.000E+00  0.000E+00  0.000E+00  0.000E+00  0.000E+00  0.000E+00  0.000E+00  0.000E+00  0.000E+00  0.000E+00
  286.5000  3.999E-16  3.889E-16  3.778E-16  3.667E-16  3.555E-16  3.443E-16  3.331E-16  3.218E-16  3.104E-16  2.990E-16  2.875E-16  2.760E-16  2.644E-16  2.528E-16  2.411E-16  2.294E-16  2.179E-16  2.065E-16  1.943E-16  1.793E-16  1.662E-16  1.549E-16  1.450E-16  1.337E-16  1.215E-16  1.122E-16  1.002E-16  8.926E-17  8.014E-17  7.126E-17  6.204E-17  5.367E-17  4.615E-17  3.889E-17  3.222E-17  2.679E-17  2.219E-17  1.735E-17  1.367E-17  1.032E-17  7.416E-18  5.021E-18  3.098E-18  1.573E-18  5.605E-19  9.618E-20  5.295E-21  4.085E-23  5.830E-27  7.544E-33  1.355E-42  0.000E+00  0.000E+00  0.000E+00  0.000E+00  0.000E+00  0.000E+00  0.000E+00  0.000E+00  0.000E+00  0.000E+00
  287.5000  7.450E-15  7.244E-15  7.037E-15  6.829E-15  6.620E-15  6.411E-15  6.201E-15  5.991E-15  5.779E-15  5.565E-15  5.352E-15  5.137E-15  4.921E-15  4.706E-15  4.489E-15  4.273E-15  4.058E-15  3.846E-15  3.620E-15  3.341E-15  3.099E-15  2.889E-15  2.706E-15  2.495E-15  2.268E-15  2.097E-15  1.873E-15  1.669E-15  1.500E-15  1.334E-15  1.162E-15  1.006E-15  8.654E-16  7.298E-16  6.051E-16  5.036E-16  4.177E-16  3.274E-16  2.591E-16  1.969E-16  1.431E-16  9.872E-17  6.273E-17  3.349E-17  1.304E-17  2.640E-18  1.928E-19  2.397E-21  8.302E-25  4.219E-30  7.627E-39  0.000E+00  0.000E+00  0.000E+00  0.000E+00  0.000E+00  0.000E+00  0.000E+00  0.000E+00  0.000E+00  0.000E+00
  288.5000  1.357E-13  1.319E-13  1.281E-13  1.243E-13  1.205E-13  1.167E-13  1.128E-13  1.090E-13  1.051E-13  1.012E-13  9.732E-14  9.342E-14  8.950E-14  8.557E-14  8.164E-14  7.771E-14  7.381E-14  6.997E-14  6.588E-14  6.082E-14  5.643E-14  5.263E-14  4.931E-14  4.549E-14  4.138E-14  3.828E-14  3.420E-14  3.051E-14  2.743E-14  2.442E-14  2.128E-14  1.844E-14  1.587E-14  1.340E-14  1.112E-14  9.262E-15  7.694E-15  6.049E-15  4.810E-15  3.680E-15  2.707E-15  1.904E-15  1.248E-15  7.035E-16  3.014E-16  7.310E-17  7.272E-18  1.529E-19  1.401E-22  3.185E-27  7.176E-35  0.000E+00  0.000E+00  0.000E+00  0.000E+00  0.000E+00  0.000E+00  0.000E+00  0.000E+00  0.000E+00  0.000E+00
  289.5000  1.882E-12  1.829E-12  1.776E-12  1.723E-12  1.670E-12  1.616E-12  1.563E-12  1.509E-12  1.456E-12  1.401E-12  1.347E-12  1.293E-12  1.239E-12  1.184E-12  1.130E-12  1.076E-12  1.022E-12  9.687E-13  9.121E-13  8.422E-13  7.816E-13  7.292E-13  6.833E-13  6.306E-13  5.738E-13  5.312E-13  4.748E-13  4.238E-13  3.811E-13  3.395E-13  2.961E-13  2.566E-13  2.211E-13  1.867E-13  1.550E-13  1.293E-13  1.075E-13  8.471E-14  6.758E-14  5.194E-14  3.852E-14  2.747E-14  1.841E-14  1.080E-14  4.964E-15  1.377E-15  1.725E-16  5.359E-18  1.006E-20  6.815E-25  9.472E-32  4.743E-42  0.000E+00  0.000E+00  0.000E+00  0.000E+00  0.000E+00  0.000E+00  0.000E+00  0.000E+00  0.000E+00
  290.5000  1.647E-11  1.600E-11  1.554E-11  1.507E-11  1.460E-11  1.413E-11  1.366E-11  1.319E-11  1.271E-11  1.224E-11  1.177E-11  1.129E-11  1.081E-11  1.034E-11  9.864E-12  9.389E-12  8.919E-12  8.456E-12  7.964E-12  7.354E-12  6.826E-12  6.369E-12  5.970E-12  5.511E-12  5.017E-12  4.646E-12  4.155E-12  3.710E-12  3.338E-12  2.975E-12  2.596E-12  2.252E-12  1.940E-12  1.641E-12  1.363E-12  1.137E-12  9.466E-13  7.471E-13  5.978E-13  4.611E-13  3.442E-13  2.482E-13  1.694E-13  1.026E-13  4.993E-14  1.546E-14  2.341E-15  1.006E-16  3.433E-19  5.799E-23  3.706E-29  1.890E-38  0.000E+00  0.000E+00  0.000E+00  0.000E+00  0.000E+00  0.000E+00  0.000E+00  0.000E+00  0.000E+00
  291.5000  1.268E-10  1.231E-10  1.195E-10  1.158E-10  1.122E-10  1.085E-10  1.049E-10  1.012E-10  9.758E-11  9.391E-11  9.025E-11  8.659E-11  8.293E-11  7.927E-11  7.562E-11  7.196E-11  6.836E-11  6.481E-11  6.104E-11  5.637E-11  5.234E-11  4.885E-11  4.580E-11  4.229E-11  3.852E-11  3.569E-11  3.193E-11  2.853E-11  2.570E-11  2.291E-11  2.000E-11  1.736E-11  1.497E-11  1.267E-11  1.053E-11  8.795E-12  7.331E-12  5.797E-12  4.653E-12  3.602E-12  2.709E-12  1.977E-12  1.375E-12  8.613E-13  4.458E-13  1.554E-13  2.892E-14  1.774E-15  1.173E-17  5.497E-21  1.946E-26  1.363E-34  1.401E-45  0.000E+00  0.000E+00  0.000E+00  0.000E+00  0.000E+00  0.000E+00  0.000E+00  0.000E+00
  292.5000  6.344E-10  6.159E-10  5.974E-10  5.789E-10  5.605E-10  5.421E-10  5.236E-10  5.053E-10  4.869E-10  4.684E-10  4.500E-10  4.316E-10  4.133E-10  3.949E-10  3.767E-10  3.584E-10  3.404E-10  3.227E-10  3.039E-10  2.807E-10  2.606E-10  2.433E-10  2.281E-10  2.107E-10  1.920E-10  1.779E-10  1.593E-10  1.424E-10  1.283E-10  1.144E-10  1.000E-10  8.686E-11  7.496E-11  6.349E-11  5.281E-11  4.413E-11  3.682E-11  2.917E-11  2.347E-11  1.823E-11  1.378E-11  1.015E-11  7.172E-12  4.622E-12  2.518E-12  9.707E-13  2.153E-13  1.788E-14  2.064E-16  2.261E-19  3.272E-24  1.939E-31  1.141E-41  0.000E+00  0.000E+00  0.000E+00  0.000E+00  0.000E+00  0.000E+00  0.000E+00  0.000E+00
  293.5000  3.670E-09  3.561E-09  3.452E-09  3.344E-09  3.236E-09  3.128E-09  3.020E-09  2.913E-09  2.806E-09  2.698E-09  2.591E-09  2.485E-09  2.378E-09  2.272E-09  2.166E-09  2.061E-09  1.957E-09  1.855E-09  1.747E-09  1.613E-09  1.498E-09  1.398E-09  1.311E-09  1.211E-09  1.104E-09  1.024E-09  9.164E-10  8.197E-10  7.390E-10  6.596E-10  5.769E-10  5.013E-10  4.330E-10  3.671E-10  3.056E-10  2.555E-10  2.134E-10  1.693E-10  1.366E-10  1.064E-10  8.083E-11  6.005E-11  4.301E-11  2.842E-11  1.622E-11  6.849E-12  1.784E-12  1.958E-13  3.799E-15  9.233E-18  5.024E-22  2.228E-28  2.375E-37  0.000E+00  0.000E+00  0.000E+00  0.000E+00  0.000E+00  0.000E+00  0.000E+00  0.000E+00
  294.5000  1.211E-08  1.174E-08  1.138E-08  1.102E-08  1.065E-08  1.029E-08  9.936E-09  9.579E-09  9.222E-09  8.865E-09  8.510E-09  8.156E-09  7.803E-09  7.452E-09  7.102E-09  6.755E-09  6.412E-09  6.076E-09  5.721E-09  5.283E-09  4.904E-09  4.578E-09  4.294E-09  3.967E-09  3.616E-09  3.354E-09  3.003E-09  2.688E-09  2.425E-09  2.165E-09  1.894E-09  1.647E-09  1.424E-09  1.208E-09  1.006E-09  8.421E-10  7.039E-10  5.592E-10  4.520E-10  3.527E-10  2.691E-10  2.013E-10  1.457E-10  9.828E-11  5.824E-11  2.651E-11  7.883E-12  1.091E-12  3.235E-14  1.500E-16  2.360E-20  5.159E-26  5.374E-34  1.541E-44  0.000E+00  0.000E+00  0.000E+00  0.000E+00  0.000E+00  0.000E+00  0.000E+00
  295.5000  5.515E-08  5.345E-08  5.176E-08  5.007E-08  4.840E-08  4.674E-08  4.508E-08  4.343E-08  4.179E-08  4.015E-08  3.852E-08  3.690E-08  3.528E-08  3.367E-08  3.208E-08  3.049E-08  2.894E-08  2.741E-08  2.580E-08  2.382E-08  2.211E-08  2.063E-08  1.935E-08  1.788E-08  1.630E-08  1.512E-08  1.354E-08  1.213E-08  1.094E-08  9.777E-09  8.561E-09  7.451E-09  6.444E-09  5.473E-09  4.562E-09  3.822E-09  3.197E-09  2.544E-09  2.060E-09  1.611E-09  1.234E-09  9.291E-10  6.800E-10  4.676E-10  2.875E-10  1.410E-10  4.786E-11  8.364E-12  3.831E-13  3.469E-15  1.648E-18  1.910E-23  2.169E-30  1.378E-39  0.000E+00  0.000E+00  0.000E+00  0.000E+00  0.000E+00  0.000E+00  0.000E+00
  296.5000  1.596E-07  1.546E-07  1.496E-07  1.446E-07  1.397E-07  1.348E-07  1.299E-07  1.251E-07  1.203E-07  1.155E-07  1.107E-07  1.060E-07  1.013E-07  9.660E-08  9.198E-08  8.738E-08  8.288E-08  7.847E-08  7.383E-08  6.814E-08  6.322E-08  5.899E-08  5.531E-08  5.110E-08  4.658E-08  4.322E-08  3.872E-08  3.468E-08  3.131E-08  2.799E-08  2.452E-08  2.135E-08  1.848E-08  1.571E-08  1.311E-08  1.099E-08  9.202E-09  7.331E-09  5.949E-09  4.660E-09  3.582E-09  2.711E-09  2.002E-09  1.399E-09  8.876E-10  4.636E-10  1.764E-10  3.772E-11  2.511E-12  4.032E-14  4.908E-17  2.325E-21  1.938E-27  1.728E-35  0.000E+00  0.000E+00  0.000E+00  0.000E+00  0.000E+00  0.000E+00  0.000E+00
  297.5000  4.813E-07  4.658E-07  4.503E-07  4.350E-07  4.198E-07  4.048E-07  3.899E-07  3.751E-07  3.604E-07  3.457E-07  3.312E-07  3.168E-07  3.026E-07  2.884E-07  2.744E-07  2.606E-07  2.470E-07  2.337E-07  2.198E-07  2.027E-07  1.880E-07  1.754E-07  1.644E-07  1.519E-07  1.384E-07  1.284E-07  1.151E-07  1.031E-07  9.310E-08  8.323E-08  7.297E-08  6.359E-08  5.508E-08  4.688E-08  3.913E-08  3.283E-08  2.752E-08  2.195E-08  1.785E-08  1.400E-08  1.079E-08  8.203E-09  6.102E-09  4.324E-09  2.814E-09  1.551E-09  6.501E-10  1.653E-10  1.520E-11  4.018E-13  1.112E-15  1.801E-19  8.598E-25  7.758E-32  1.183E-41  0.000E+00  0.000E+00  0.000E+00  0.000E+00  0.000E+00  0.000E+00
  298.5000  8.510E-07  8.227E-07  7.947E-07  7.669E-07  7.395E-07  7.124E-07  6.856E-07  6.590E-07  6.326E-07  6.064E-07  5.806E-07  5.550E-07  5.295E-07  5.044E-07  4.796E-07  4.550E-07  4.310E-07  4.076E-07  3.830E-07  3.532E-07  3.274E-07  3.052E-07  2.860E-07  2.641E-07  2.406E-07  2.233E-07  2.000E-07  1.792E-07  1.619E-07  1.448E-07  1.270E-07  1.107E-07  9.597E-08  8.176E-08  6.830E-08  5.735E-08  4.810E-08  3.842E-08  3.129E-08  2.457E-08  1.899E-08  1.449E-08  1.084E-08  7.773E-09  5.169E-09  2.979E-09  1.357E-09  4.004E-10  4.862E-11  1.973E-12  1.103E-14  5.104E-18  1.069E-22  6.796E-29  1.552E-37  0.000E+00  0.000E+00  0.000E+00  0.000E+00  0.000E+00  0.000E+00
  299.5000  2.782E-06  2.687E-06  2.592E-06  2.499E-06  2.407E-06  2.316E-06  2.227E-06  2.138E-06  2.051E-06  1.964E-06  1.878E-06  1.793E-06  1.710E-06  1.627E-06  1.546E-06  1.465E-06  1.387E-06  1.310E-06  1.231E-06  1.134E-06  1.050E-06  9.786E-07  9.164E-07  8.460E-07  7.705E-07  7.149E-07  6.403E-07  5.737E-07  5.183E-07  4.637E-07  4.068E-07  3.549E-07  3.078E-07  2.625E-07  2.194E-07  1.844E-07  1.548E-07  1.238E-07  1.010E-07  7.939E-08  6.149E-08  4.709E-08  3.543E-08  2.564E-08  1.737E-08  1.041E-08  5.102E-09  1.720E-09  2.685E-10  1.613E-11  1.726E-13  2.115E-16  1.772E-20  7.122E-26  2.121E-33  2.845E-43  0.000E+00  0.000E+00  0.000E+00  0.000E+00  0.000E+00
  300.5000  3.545E-06  3.420E-06  3.296E-06  3.174E-06  3.054E-06  2.936E-06  2.820E-06  2.705E-06  2.591E-06  2.479E-06  2.369E-06  2.260E-06  2.152E-06  2.046E-06  1.942E-06  1.839E-06  1.739E-06  1.643E-06  1.541E-06  1.419E-06  1.313E-06  1.223E-06  1.144E-06  1.056E-06  9.613E-07  8.916E-07  7.984E-07  7.153E-07  6.463E-07  5.783E-07  5.075E-07  4.429E-07  3.843E-07  3.280E-07  2.744E-07  2.307E-07  1.938E-07  1.552E-07  1.268E-07  9.977E-08  7.743E-08  5.945E-08  4.492E-08  3.277E-08  2.253E-08  1.394E-08  7.240E-09  2.718E-09  5.200E-10  4.287E-11  7.732E-13  2.058E-15  5.087E-19  8.449E-24  1.771E-30  3.035E-39  0.000E+00  0.000E+00  0.000E+00  0.000E+00  0.000E+00
  301.5000  9.982E-06  9.615E-06  9.254E-06  8.897E-06  8.549E-06  8.206E-06  7.868E-06  7.537E-06  7.210E-06  6.888E-06  6.572E-06  6.258E-06  5.956E-06  5.656E-06  5.361E-06  5.071E-06  4.789E-06  4.516E-06  4.234E-06  3.894E-06  3.601E-06  3.350E-06  3.133E-06  2.888E-06  2.627E-06  2.435E-06  2.180E-06  1.952E-06  1.764E-06  1.578E-06  1.385E-06  1.209E-06  1.050E-06  8.970E-07  7.511E-07  6.321E-07  5.315E-07  4.262E-07  3.487E-07  2.747E-07  2.136E-07  1.645E-07  1.248E-07  9.176E-08  6.402E-08  4.085E-08  2.252E-08  9.444E-09  2.231E-09  2.565E-10  8.046E-12  4.898E-14  3.853E-17  2.943E-21  5.150E-27  1.459E-34  2.525E-42  1.401E-45  0.000E+00  0.000E+00  0.000E+00
  302.5000  1.584E-05  1.524E-05  1.465E-05  1.407E-05  1.350E-05  1.294E-05  1.240E-05  1.186E-05  1.133E-05  1.081E-05  1.031E-05  9.808E-06  9.318E-06  8.838E-06  8.368E-06  7.907E-06  7.461E-06  7.029E-06  6.582E-06  6.049E-06  5.589E-06  5.194E-06  4.853E-06  4.471E-06  4.065E-06  3.766E-06  3.369E-06  3.017E-06  2.725E-06  2.435E-06  2.140E-06  1.869E-06  1.623E-06  1.388E-06  1.163E-06  9.791E-07  8.237E-07  6.612E-07  5.418E-07  4.271E-07  3.326E-07  2.567E-07  1.954E-07  1.443E-07  1.017E-07  6.625E-08  3.801E-08  1.717E-08  4.681E-09  6.745E-10  3.078E-11  3.265E-13  5.496E-16  1.132E-19  7.870E-25  1.371E-31  1.444E-38  7.707E-44  1.401E-45  1.401E-45  0.000E+00
  303.5000  3.670E-05  3.525E-05  3.382E-05  3.242E-05  3.106E-05  2.972E-05  2.842E-05  2.714E-05  2.589E-05  2.466E-05  2.346E-05  2.228E-05  2.114E-05  2.001E-05  1.892E-05  1.783E-05  1.681E-05  1.582E-05  1.484E-05  1.358E-05  1.253E-05  1.162E-05  1.085E-05  9.984E-06  9.067E-06  8.394E-06  7.502E-06  6.715E-06  6.062E-06  5.418E-06  4.758E-06  4.157E-06  3.611E-06  3.090E-06  2.591E-06  2.184E-06  1.839E-06  1.478E-06  1.213E-06  9.574E-07  7.471E-07  5.778E-07  4.412E-07  3.279E-07  2.334E-07  1.556E-07  9.332E-08  4.586E-08  1.470E-08  2.744E-09  1.929E-10  3.902E-12  1.612E-14  1.082E-17  3.885E-22  5.870E-28  5.326E-34  1.115E-38  2.229E-40  1.962E-42  7.006E-45
  304.5000  4.846E-05  4.648E-05  4.454E-05  4.265E-05  4.080E-05  3.900E-05  3.724E-05  3.552E-05  3.384E-05  3.219E-05  3.059E-05  2.902E-05  2.749E-05  2.600E-05  2.455E-05  2.314E-05  2.177E-05  2.045E-05  1.911E-05  1.752E-05  1.615E-05  1.497E-05  1.396E-05  1.284E-05  1.165E-05  1.078E-05  9.626E-06  8.612E-06  7.772E-06  6.944E-06  6.098E-06  5.327E-06  4.629E-06  3.963E-06  3.325E-06  2.804E-06  2.362E-06  1.901E-06  1.562E-06  1.233E-06  9.635E-07  7.463E-07  5.712E-07  4.259E-07  3.051E-07  2.062E-07  1.270E-07  6.562E-08  2.319E-08  5.048E-09  4.581E-10  1.353E-11  9.470E-14  1.267E-16  1.170E-20  6.022E-26  1.815E-31  8.156E-36  1.497E-37  1.046E-39  2.737E-42
  305.5000  8.683E-05  8.309E-05  7.945E-05  7.589E-05  7.244E-05  6.908E-05  6.581E-05  6.262E-05  5.952E-05  5.649E-05  5.355E-05  5.069E-05  4.791E-05  4.521E-05  4.259E-05  4.005E-05  3.760E-05  3.526E-05  3.291E-05  3.009E-05  2.768E-05  2.562E-05  2.384E-05  2.189E-05  1.984E-05  1.833E-05  1.635E-05  1.461E-05  1.318E-05  1.176E-05  1.033E-05  9.019E-06  7.838E-06  6.716E-06  5.638E-06  4.759E-06  4.012E-06  3.234E-06  2.661E-06  2.104E-06  1.647E-06  1.279E-06  9.814E-07  7.353E-07  5.310E-07  3.653E-07  2.329E-07  1.287E-07  5.193E-08  1.400E-08  1.819E-09  9.250E-11  1.408E-12  5.294E-15  2.032E-18  6.717E-23  1.282E-27  1.839E-31  2.908E-33  1.367E-35  1.561E-38
  306.5000  1.043E-04  9.969E-05  9.521E-05  9.084E-05  8.661E-05  8.250E-05  7.850E-05  7.462E-05  7.084E-05  6.715E-05  6.359E-05  6.012E-05  5.676E-05  5.350E-05  5.034E-05  4.725E-05  4.434E-05  4.153E-05  3.868E-05  3.537E-05  3.251E-05  3.005E-05  2.794E-05  2.564E-05  2.321E-05  2.143E-05  1.910E-05  1.706E-05  1.538E-05  1.372E-05  1.204E-05  1.052E-05  9.141E-06  7.836E-06  6.580E-06  5.556E-06  4.686E-06  3.781E-06  3.114E-06  2.463E-06  1.930E-06  1.500E-06  1.153E-06  8.660E-07  6.277E-07  4.354E-07  2.821E-07  1.609E-07  6.897E-08  2.048E-08  3.125E-09  2.016E-10  4.273E-12  2.482E-14  1.743E-17  1.264E-21  5.254E-26  1.243E-29  1.909E-31  8.020E-34  7.084E-37
  307.5000  2.030E-04  1.934E-04  1.842E-04  1.752E-04  1.666E-04  1.582E-04  1.501E-04  1.423E-04  1.347E-04  1.273E-04  1.202E-04  1.133E-04  1.067E-04  1.003E-04  9.409E-05  8.812E-05  8.241E-05  7.697E-05  7.149E-05  6.522E-05  5.980E-05  5.515E-05  5.115E-05  4.683E-05  4.231E-05  3.900E-05  3.470E-05  3.095E-05  2.786E-05  2.483E-05  2.177E-05  1.900E-05  1.651E-05  1.416E-05  1.190E-05  1.005E-05  8.484E-06  6.856E-06  5.656E-06  4.480E-06  3.517E-06  2.739E-06  2.111E-06  1.592E-06  1.161E-06  8.157E-07  5.424E-07  3.255E-07  1.546E-07  5.432E-08  1.105E-08  1.106E-09  4.419E-11  5.993E-13  1.369E-15  4.649E-19  9.024E-23  5.608E-26  7.728E-28  2.381E-30  1.072E-33
  308.5000  2.579E-04  2.454E-04  2.333E-04  2.217E-04  2.105E-04  1.996E-04  1.892E-04  1.791E-04  1.693E-04  1.599E-04  1.507E-04  1.419E-04  1.335E-04  1.253E-04  1.174E-04  1.098E-04  1.026E-04  9.567E-05  8.875E-05  8.087E-05  7.406E-05  6.822E-05  6.320E-05  5.781E-05  5.217E-05  4.805E-05  4.271E-05  3.807E-05  3.424E-05  3.050E-05  2.673E-05  2.333E-05  2.026E-05  1.738E-05  1.460E-05  1.234E-05  1.042E-05  8.429E-06  6.959E-06  5.515E-06  4.334E-06  3.379E-06  2.608E-06  1.970E-06  1.441E-06  1.018E-06  6.847E-07  4.201E-07  2.084E-07  7.864E-08  1.801E-08  2.149E-09  1.095E-10  2.041E-12  7.264E-15  4.377E-18  1.494E-21  1.336E-24  1.828E-26  5.309E-29  2.061E-32
  309.5000  2.896E-04  2.747E-04  2.605E-04  2.467E-04  2.335E-04  2.209E-04  2.087E-04  1.970E-04  1.858E-04  1.749E-04  1.645E-04  1.545E-04  1.448E-04  1.356E-04  1.267E-04  1.182E-04  1.101E-04  1.024E-04  9.478E-05  8.615E-05  7.869E-05  7.230E-05  6.682E-05  6.098E-05  5.492E-05  5.049E-05  4.478E-05  3.985E-05  3.579E-05  3.183E-05  2.786E-05  2.430E-05  2.110E-05  1.810E-05  1.521E-05  1.286E-05  1.086E-05  8.797E-06  7.272E-06  5.770E-06  4.542E-06  3.548E-06  2.743E-06  2.078E-06  1.526E-06  1.087E-06  7.430E-07  4.706E-07  2.493E-07  1.049E-07  2.896E-08  4.605E-09  3.554E-10  1.157E-11  8.966E-14  1.490E-16  1.398E-19  2.358E-22  3.062E-24  7.478E-27  1.958E-30
  310.5000  4.809E-04  4.549E-04  4.301E-04  4.063E-04  3.836E-04  3.619E-04  3.412E-04  3.213E-04  3.022E-04  2.838E-04  2.663E-04  2.495E-04  2.334E-04  2.180E-04  2.033E-04  1.892E-04  1.758E-04  1.632E-04  1.506E-04  1.366E-04  1.245E-04  1.142E-04  1.053E-04  9.588E-05  8.617E-05  7.908E-05  7.000E-05  6.220E-05  5.579E-05  4.955E-05  4.333E-05  3.775E-05  3.275E-05  2.810E-05  2.361E-05  1.996E-05  1.687E-05  1.368E-05  1.132E-05  8.989E-06  7.086E-06  5.543E-06  4.294E-06  3.260E-06  2.401E-06  1.721E-06  1.190E-06  7.717E-07  4.288E-07  1.953E-07  6.188E-08  1.212E-08  1.258E-09  6.067E-11  8.154E-13  2.765E-15  5.247E-18  1.380E-20  1.752E-22  3.881E-25  8.065E-29
  311.5000  7.128E-04  6.729E-04  6.349E-04  5.986E-04  5.640E-04  5.311E-04  4.996E-04  4.696E-04  4.409E-04  4.133E-04  3.871E-04  3.620E-04  3.381E-04  3.152E-04  2.933E-04  2.725E-04  2.529E-04  2.343E-04  2.159E-04  1.955E-04  1.779E-04  1.628E-04  1.499E-04  1.363E-04  1.223E-04  1.121E-04  9.905E-05  8.789E-05  7.874E-05  6.985E-05  6.103E-05  5.314E-05  4.607E-05  3.953E-05  3.320E-05  2.807E-05  2.373E-05  1.925E-05  1.594E-05  1.267E-05  9.999E-06  7.830E-06  6.073E-06  4.619E-06  3.408E-06  2.453E-06  1.709E-06  1.125E-06  6.443E-07  3.089E-07  1.069E-07  2.396E-08  3.011E-09  1.877E-10  3.625E-12  1.973E-14  6.010E-17  2.146E-19  2.740E-21  5.867E-24  1.094E-27
  312.5000  9.361E-04  8.804E-04  8.274E-04  7.769E-04  7.291E-04  6.836E-04  6.405E-04  5.995E-04  5.605E-04  5.233E-04  4.882E-04  4.547E-04  4.229E-04  3.928E-04  3.642E-04  3.370E-04  3.114E-04  2.874E-04  2.639E-04  2.380E-04  2.158E-04  1.967E-04  1.804E-04  1.634E-04  1.461E-04  1.335E-04  1.175E-04  1.040E-04  9.290E-05  8.218E-05  7.162E-05  6.225E-05  5.390E-05  4.621E-05  3.878E-05  3.278E-05  2.770E-05  2.251E-05  1.865E-05  1.485E-05  1.175E-05  9.219E-06  7.168E-06  5.468E-06  4.049E-06  2.933E-06  2.068E-06  1.394E-06  8.397E-07  4.389E-07  1.770E-07  5.030E-08  8.901E-09  8.787E-10  3.245E-11  4.087E-13  2.851E-15  1.702E-17  2.095E-19  3.928E-22  5.393E-26
  313.5000  1.145E-03  1.076E-03  1.011E-03  9.482E-04  8.891E-04  8.329E-04  7.796E-04  7.290E-04  6.810E-04  6.352E-04  5.919E-04  5.509E-04  5.119E-04  4.750E-04  4.400E-04  4.068E-04  3.756E-04  3.463E-04  3.177E-04  2.863E-04  2.593E-04  2.361E-04  2.163E-04  1.958E-04  1.749E-04  1.597E-04  1.405E-04  1.242E-04  1.108E-04  9.797E-05  8.549E-05  7.412E-05  6.414E-05  5.498E-05  4.612E-05  3.899E-05  3.295E-05  2.678E-05  2.220E-05  1.769E-05  1.400E-05  1.099E-05  8.556E-06  6.533E-06  4.843E-06  3.516E-06  2.489E-06  1.690E-06  1.033E-06  5.535E-07  2.328E-07  7.028E-08  1.348E-08  1.476E-09  6.320E-11  9.627E-13  8.098E-15  5.516E-17  7.002E-19  1.361E-21  1.948E-25
  314.5000  1.568E-03  1.469E-03  1.376E-03  1.286E-03  1.202E-03  1.122E-03  1.046E-03  9.739E-04  9.059E-04  8.414E-04  7.806E-04  7.232E-04  6.691E-04  6.180E-04  5.733E-04  5.245E-04  4.821E-04  4.425E-04  4.041E-04  3.627E-04  3.269E-04  2.964E-04  2.703E-04  2.437E-04  2.167E-04  1.970E-04  1.725E-04  1.519E-04  1.351E-04  1.190E-04  1.036E-04  8.947E-05  7.723E-05  6.611E-05  5.537E-05  4.676E-05  3.949E-05  3.212E-05  2.665E-05  2.127E-05  1.687E-05  1.328E-05  1.036E-05  7.934E-06  5.903E-06  4.308E-06  3.079E-06  2.128E-06  1.353E-06  7.755E-07  3.687E-07  1.351E-07  3.438E-08  5.535E-09  4.111E-10  1.283E-11  2.200E-13  2.333E-15  2.896E-17  5.082E-20  5.666E-24
  315.5000  1.712E-03  1.604E-03  1.501E-03  1.404E-03  1.311E-03  1.223E-03  1.140E-03  1.061E-03  9.866E-04  9.159E-04  8.493E-04  7.865E-04  7.272E-04  6.713E-04  6.192E-04  5.691E-04  5.228E-04  4.797E-04  4.378E-04  3.926E-04  3.537E-04  3.205E-04  2.922E-04  2.632E-04  2.339E-04  2.125E-04  1.860E-04  1.636E-04  1.454E-04  1.280E-04  1.112E-04  9.614E-05  8.294E-05  7.099E-05  5.943E-05  5.017E-05  4.237E-05  3.447E-05  2.861E-05  2.284E-05  1.812E-05  1.428E-05  1.115E-05  8.545E-06  6.364E-06  4.652E-06  3.333E-06  2.315E-06  1.487E-06  8.657E-07  4.229E-07  1.610E-07  4.294E-08  7.335E-09  5.935E-10  2.063E-11  3.927E-13  4.517E-15  5.821E-17  1.078E-19  1.304E-23
  316.5000  2.280E-03  2.135E-03  1.997E-03  1.865E-03  1.739E-03  1.620E-03  1.506E-03  1.399E-03  1.297E-03  1.201E-03  1.109E-03  1.024E-03  9.435E-04  8.676E-04  7.965E-04  7.297E-04  6.676E-04  6.099E-04  5.543E-04  4.951E-04  4.440E-04  4.005E-04  3.635E-04  3.259E-04  2.883E-04  2.610E-04  2.273E-04  1.991E-04  1.763E-04  1.545E-04  1.336E-04  1.152E-04  9.907E-05  8.462E-05  7.066E-05  5.956E-05  5.023E-05  4.088E-05  3.392E-05  2.712E-05  2.156E-05  1.702E-05  1.333E-05  1.024E-05  7.656E-06  5.621E-06  4.056E-06  2.854E-06  1.885E-06  1.152E-06  6.158E-07  2.706E-07  8.946E-08  2.052E-08  2.532E-09  1.519E-10  4.955E-12  7.984E-14  1.021E-15  1.779E-18  1.831E-22
  317.5000  3.222E-03  3.018E-03  2.822E-03  2.635E-03  2.458E-03  2.289E-03  2.129E-03  1.978E-03  1.834E-03  1.697E-03  1.569E-03  1.448E-03  1.334E-03  1.227E-03  1.127E-03  1.033E-03  9.448E-04  8.634E-04  7.848E-04  7.002E-04  6.289E-04  5.674E-04  5.150E-04  4.620E-04  4.087E-04  3.701E-04  3.222E-04  2.824E-04  2.500E-04  2.191E-04  1.895E-04  1.634E-04  1.405E-04  1.200E-04  1.002E-04  8.448E-05  7.126E-05  5.799E-05  4.813E-05  3.849E-05  3.060E-05  2.416E-05  1.893E-05  1.455E-05  1.088E-05  7.991E-06  5.771E-06  4.068E-06  2.694E-06  1.653E-06  8.884E-07  3.926E-07  1.302E-07  2.989E-08  3.693E-09  2.216E-10  7.234E-12  1.190E-13  1.597E-15  3.016E-18  3.551E-22
  318.5000  3.425E-03  3.211E-03  3.007E-03  2.809E-03  2.621E-03  2.442E-03  2.270E-03  2.107E-03  1.952E-03  1.804E-03  1.665E-03  1.534E-03  1.409E-03  1.293E-03  1.183E-03  1.080E-03  9.850E-04  8.966E-04  8.117E-04  7.219E-04  6.448E-04  5.791E-04  5.232E-04  4.671E-04  4.112E-04  3.707E-04  3.210E-04  2.799E-04  2.466E-04  2.150E-04  1.851E-04  1.589E-04  1.361E-04  1.159E-04  9.645E-05  8.108E-05  6.825E-05  5.551E-05  4.604E-05  3.685E-05  2.935E-05  2.323E-05  1.826E-05  1.407E-05  1.056E-05  7.792E-06  5.665E-06  4.038E-06  2.738E-06  1.750E-06  1.015E-06  5.077E-07  2.032E-07  6.070E-08  1.098E-08  1.080E-09  5.747E-11  1.285E-12  1.719E-14  3.085E-17  3.154E-21
  319.5000  4.438E-03  4.164E-03  3.900E-03  3.646E-03  3.403E-03  3.171E-03  2.949E-03  2.738E-03  2.537E-03  2.345E-03  2.164E-03  1.993E-03  1.832E-03  1.680E-03  1.537E-03  1.403E-03  1.279E-03  1.163E-03  1.053E-03  9.358E-04  8.353E-04  7.498E-04  6.769E-04  6.039E-04  5.312E-04  4.786E-04  4.140E-04  3.607E-04  3.175E-04  2.766E-04  2.379E-04  2.040E-04  1.746E-04  1.486E-04  1.235E-04  1.038E-04  8.733E-05  7.100E-05  5.889E-05  4.714E-05  3.756E-05  2.975E-05  2.340E-05  1.805E-05  1.357E-05  1.002E-05  7.299E-06  5.218E-06  3.560E-06  2.298E-06  1.357E-06  6.969E-07  2.893E-07  9.068E-08  1.760E-08  1.894E-09  1.101E-10  2.643E-12  3.668E-14  6.949E-17  7.699E-21
  320.5000  5.813E-03  5.457E-03  5.115E-03  4.784E-03  4.467E-03  4.164E-03  3.874E-03  3.597E-03  3.333E-03  3.081E-03  2.844E-03  2.618E-03  2.406E-03  2.205E-03  2.017E-03  1.840E-03  1.676E-03  1.524E-03  1.377E-03  1.223E-03  1.091E-03  9.780E-04  8.820E-04  7.859E-04  6.905E-04  6.214E-04  5.367E-04  4.669E-04  4.105E-04  3.571E-04  3.066E-04  2.627E-04  2.245E-04  1.909E-04  1.585E-04  1.330E-04  1.118E-04  9.090E-05  7.538E-05  6.034E-05  4.810E-05  3.811E-05  3.001E-05  2.316E-05  1.743E-05  1.289E-05  9.407E-06  6.745E-06  4.628E-06  3.014E-06  1.810E-06  9.557E-07  4.145E-07  1.383E-07  2.938E-08  3.552E-09  2.323E-10  6.098E-12  8.768E-14  1.741E-16  2.051E-20
  321.5000  6.780E-03  6.392E-03  6.014E-03  5.647E-03  5.293E-03  4.952E-03  4.622E-03  4.305E-03  4.001E-03  3.708E-03  3.430E-03  3.164E-03  2.911E-03  2.671E-03  2.444E-03  2.230E-03  2.030E-03  1.844E-03  1.665E-03  1.475E-03  1.312E-03  1.173E-03  1.055E-03  9.367E-04  8.194E-04  7.350E-04  6.311E-04  5.462E-04  4.778E-04  4.133E-04  3.528E-04  3.004E-04  2.553E-04  2.161E-04  1.783E-04  1.490E-04  1.248E-04  1.011E-04  8.367E-05  6.693E-05  5.339E-05  4.239E-05  3.351E-05  2.594E-05  1.963E-05  1.459E-05  1.072E-05  7.766E-06  5.437E-06  3.654E-06  2.333E-06  1.361E-06  6.891E-07  2.871E-07  8.474E-08  1.571E-08  1.568E-09  5.378E-11  7.724E-13  1.473E-15  1.544E-19
  322.5000  5.318E-03  4.995E-03  4.684E-03  4.384E-03  4.096E-03  3.819E-03  3.555E-03  3.302E-03  3.060E-03  2.830E-03  2.611E-03  2.405E-03  2.209E-03  2.025E-03  1.852E-03  1.689E-03  1.537E-03  1.397E-03  1.262E-03  1.120E-03  9.982E-04  8.944E-04  8.060E-04  7.176E-04  6.298E-04  5.665E-04  4.886E-04  4.246E-04  3.729E-04  3.240E-04  2.779E-04  2.378E-04  2.030E-04  1.725E-04  1.430E-04  1.199E-04  1.008E-04  8.186E-05  6.787E-05  5.433E-05  4.333E-05  3.436E-05  2.709E-05  2.092E-05  1.577E-05  1.168E-05  8.541E-06  6.145E-06  4.244E-06  2.793E-06  1.709E-06  9.277E-07  4.187E-07  1.476E-07  3.402E-08  4.577E-09  3.351E-10  9.768E-12  1.524E-13  3.422E-16  4.858E-20
  323.5000  8.153E-03  7.704E-03  7.266E-03  6.839E-03  6.426E-03  6.025E-03  5.637E-03  5.262E-03  4.901E-03  4.552E-03  4.218E-03  3.898E-03  3.592E-03  3.301E-03  3.025E-03  2.763E-03  2.518E-03  2.289E-03  2.067E-03  1.831E-03  1.628E-03  1.455E-03  1.308E-03  1.160E-03  1.013E-03  9.083E-04  7.780E-04  6.717E-04  5.865E-04  5.058E-04  4.306E-04  3.655E-04  3.097E-04  2.614E-04  2.149E-04  1.790E-04  1.496E-04  1.209E-04  9.991E-05  7.984E-05  6.368E-05  5.060E-05  4.007E-05  3.106E-05  2.359E-05  1.757E-05  1.296E-05  9.434E-06  6.666E-06  4.539E-06  2.974E-06  1.807E-06  9.776E-07  4.494E-07  1.538E-07  3.472E-08  4.251E-09  1.712E-10  2.638E-12  5.536E-15  6.593E-19
  324.5000  9.417E-03  8.896E-03  8.388E-03  7.893E-03  7.413E-03  6.949E-03  6.500E-03  6.066E-03  5.648E-03  5.244E-03  4.859E-03  4.489E-03  4.136E-03  3.801E-03  3.482E-03  3.180E-03  2.898E-03  2.634E-03  2.379E-03  2.107E-03  1.874E-03  1.675E-03  1.506E-03  1.336E-03  1.168E-03  1.047E-03  8.970E-04  7.748E-04  6.768E-04  5.840E-04  4.973E-04  4.224E-04  3.581E-04  3.024E-04  2.487E-04  2.073E-04  1.732E-04  1.401E-04  1.158E-04  9.255E-05  7.383E-05  5.867E-05  4.646E-05  3.602E-05  2.735E-05  2.038E-05  1.503E-05  1.094E-05  7.733E-06  5.267E-06  3.450E-06  2.093E-06  1.127E-06  5.132E-07  1.734E-07  3.845E-08  4.639E-09  1.885E-10  3.042E-12  6.898E-15  9.347E-19
  325.5000  9.994E-03  9.431E-03  8.884E-03  8.350E-03  7.835E-03  7.337E-03  6.855E-03  6.391E-03  5.945E-03  5.514E-03  5.104E-03  4.711E-03  4.337E-03  3.981E-03  3.645E-03  3.327E-03  3.029E-03  2.752E-03  2.484E-03  2.200E-03  1.956E-03  1.748E-03  1.571E-03  1.394E-03  1.219E-03  1.093E-03  9.368E-04  8.096E-04  7.076E-04  6.110E-04  5.207E-04  4.427E-04  3.756E-04  3.175E-04  2.614E-04  2.180E-04  1.823E-04  1.476E-04  1.220E-04  9.757E-05  7.785E-05  6.186E-05  4.896E-05  3.794E-05  2.878E-05  2.143E-05  1.579E-05  1.148E-05  8.093E-06  5.492E-06  3.572E-06  2.142E-06  1.131E-06  5.005E-07  1.619E-07  3.393E-08  3.894E-09  1.565E-10  2.659E-12  6.587E-15  1.035E-18
  326.5000  1.610E-02  1.528E-02  1.447E-02  1.368E-02  1.291E-02  1.216E-02  1.142E-02  1.071E-02  1.002E-02  9.347E-03  8.700E-03  8.074E-03  7.472E-03  6.895E-03  6.343E-03  5.816E-03  5.318E-03  4.851E-03  4.392E-03  3.896E-03  3.470E-03  3.108E-03  2.799E-03  2.485E-03  2.170E-03  1.948E-03  1.665E-03  1.435E-03  1.251E-03  1.076E-03  9.131E-04  7.723E-04  6.517E-04  5.481E-04  4.480E-04  3.715E-04  3.091E-04  2.488E-04  2.050E-04  1.634E-04  1.301E-04  1.035E-04  8.212E-05  6.376E-05  4.868E-05  3.640E-05  2.699E-05  1.980E-05  1.417E-05  9.807E-06  6.640E-06  4.245E-06  2.496E-06  1.300E-06  5.401E-07  1.578E-07  2.533E-08  1.266E-09  2.162E-11  5.226E-14  7.560E-18
  327.5000  1.365E-02  1.292E-02  1.222E-02  1.153E-02  1.085E-02  1.020E-02  9.566E-03  8.950E-03  8.354E-03  7.777E-03  7.218E-03  6.689E-03  6.177E-03  5.688E-03  5.222E-03  4.779E-03  4.362E-03  3.972E-03  3.591E-03  3.182E-03  2.831E-03  2.533E-03  2.279E-03  2.022E-03  1.766E-03  1.583E-03  1.354E-03  1.168E-03  1.019E-03  8.776E-04  7.455E-04  6.316E-04  5.339E-04  4.498E-04  3.685E-04  3.062E-04  2.552E-04  2.059E-04  1.699E-04  1.356E-04  1.081E-04  8.593E-05  6.816E-05  5.290E-05  4.031E-05  3.011E-05  2.229E-05  1.631E-05  1.163E-05  8.007E-06  5.364E-06  3.371E-06  1.923E-06  9.547E-07  3.680E-07  9.726E-08  1.416E-08  6.794E-10  1.224E-11  3.268E-14  5.622E-18
  328.5000  1.264E-02  1.197E-02  1.131E-02  1.067E-02  1.005E-02  9.441E-03  8.853E-03  8.283E-03  7.730E-03  7.195E-03  6.685E-03  6.187E-03  5.713E-03  5.260E-03  4.828E-03  4.417E-03  4.031E-03  3.669E-03  3.316E-03  2.938E-03  2.613E-03  2.337E-03  2.101E-03  1.864E-03  1.627E-03  1.459E-03  1.247E-03  1.075E-03  9.377E-04  8.072E-04  6.854E-04  5.804E-04  4.904E-04  4.130E-04  3.383E-04  2.810E-04  2.342E-04  1.888E-04  1.558E-04  1.243E-04  9.908E-05  7.877E-05  6.248E-05  4.849E-05  3.695E-05  2.760E-05  2.043E-05  1.495E-05  1.066E-05  7.345E-06  4.924E-06  3.098E-06  1.771E-06  8.833E-07  3.435E-07  9.226E-08  1.377E-08  6.834E-10  1.286E-11  3.665E-14  6.957E-18
  329.5000  2.040E-02  1.941E-02  1.844E-02  1.748E-02  1.654E-02  1.563E-02  1.473E-02  1.385E-02  1.300E-02  1.217E-02  1.136E-02  1.058E-02  9.824E-03  9.095E-03  8.395E-03  7.722E-03  7.084E-03  6.481E-03  5.885E-03  5.230E-03  4.669E-03  4.192E-03  3.785E-03  3.367E-03  2.944E-03  2.648E-03  2.263E-03  1.951E-03  1.702E-03  1.463E-03  1.239E-03  1.046E-03  8.812E-04  7.398E-04  6.023E-04  4.980E-04  4.133E-04  3.316E-04  2.726E-04  2.167E-04  1.724E-04  1.370E-04  1.089E-04  8.460E-05  6.479E-05  4.855E-05  3.614E-05  2.663E-05  1.921E-05  1.340E-05  9.228E-06  6.048E-06  3.713E-06  2.069E-06  9.579E-07  3.251E-07  6.169E-08  3.596E-09  6.846E-11  1.947E-13  3.570E-17
  330.5000  1.692E-02  1.606E-02  1.523E-02  1.440E-02  1.360E-02  1.282E-02  1.205E-02  1.131E-02  1.059E-02  9.885E-03  9.204E-03  8.550E-03  7.919E-03  7.312E-03  6.731E-03  6.175E-03  5.650E-03  5.157E-03  4.672E-03  4.145E-03  3.693E-03  3.309E-03  2.981E-03  2.647E-03  2.312E-03  2.076E-03  1.774E-03  1.529E-03  1.333E-03  1.146E-03  9.715E-04  8.211E-04  6.923E-04  5.819E-04  4.749E-04  3.934E-04  3.270E-04  2.629E-04  2.165E-04  1.724E-04  1.373E-04  1.091E-04  8.668E-05  6.733E-05  5.147E-05  3.852E-05  2.862E-05  2.103E-05  1.511E-05  1.050E-05  7.161E-06  4.627E-06  2.767E-06  1.480E-06  6.413E-07  1.993E-07  3.471E-08  1.954E-09  3.922E-11  1.225E-13  2.641E-17
  331.5000  1.641E-02  1.558E-02  1.476E-02  1.395E-02  1.317E-02  1.240E-02  1.166E-02  1.093E-02  1.023E-02  9.544E-03  8.884E-03  8.246E-03  7.632E-03  7.043E-03  6.480E-03  5.941E-03  5.433E-03  4.955E-03  4.486E-03  3.979E-03  3.543E-03  3.173E-03  2.856E-03  2.536E-03  2.214E-03  1.987E-03  1.697E-03  1.462E-03  1.275E-03  1.096E-03  9.290E-04  7.851E-04  6.620E-04  5.564E-04  4.542E-04  3.763E-04  3.129E-04  2.517E-04  2.072E-04  1.650E-04  1.314E-04  1.045E-04  8.297E-05  6.445E-05  4.925E-05  3.686E-05  2.737E-05  2.011E-05  1.444E-05  1.002E-05  6.825E-06  4.398E-06  2.619E-06  1.392E-06  5.976E-07  1.837E-07  3.186E-08  1.821E-09  3.814E-11  1.278E-13  3.077E-17
  332.5000  1.899E-02  1.809E-02  1.721E-02  1.633E-02  1.547E-02  1.464E-02  1.381E-02  1.301E-02  1.223E-02  1.146E-02  1.071E-02  9.991E-03  9.290E-03  8.613E-03  7.961E-03  7.333E-03  6.737E-03  6.172E-03  5.612E-03  4.992E-03  4.461E-03  4.010E-03  3.625E-03  3.228E-03  2.824E-03  2.543E-03  2.174E-03  1.874E-03  1.636E-03  1.406E-03  1.191E-03  1.005E-03  8.454E-04  7.091E-04  5.763E-04  4.759E-04  3.945E-04  3.159E-04  2.595E-04  2.060E-04  1.637E-04  1.301E-04  1.034E-04  8.036E-05  6.164E-05  4.623E-05  3.447E-05  2.545E-05  1.843E-05  1.289E-05  8.944E-06  5.919E-06  3.696E-06  2.118E-06  1.027E-06  3.730E-07  7.703E-08  4.973E-09  1.061E-10  3.603E-13  8.666E-17
  333.5000  1.666E-02  1.584E-02  1.504E-02  1.425E-02  1.348E-02  1.272E-02  1.198E-02  1.127E-02  1.056E-02  9.881E-03  9.220E-03  8.578E-03  7.959E-03  7.363E-03  6.790E-03  6.241E-03  5.720E-03  5.229E-03  4.745E-03  4.214E-03  3.758E-03  3.371E-03  3.041E-03  2.704E-03  2.363E-03  2.123E-03  1.814E-03  1.563E-03  1.363E-03  1.171E-03  9.919E-04  8.373E-04  7.049E-04  5.917E-04  4.817E-04  3.982E-04  3.305E-04  2.651E-04  2.180E-04  1.733E-04  1.378E-04  1.095E-04  8.705E-05  6.764E-05  5.181E-05  3.883E-05  2.890E-05  2.130E-05  1.538E-05  1.073E-05  7.393E-06  4.847E-06  2.974E-06  1.657E-06  7.674E-07  2.621E-07  5.107E-08  3.236E-09  7.244E-11  2.674E-13  7.401E-17
  334.5000  1.930E-02  1.837E-02  1.745E-02  1.655E-02  1.567E-02  1.480E-02  1.396E-02  1.313E-02  1.233E-02  1.154E-02  1.078E-02  1.004E-02  9.325E-03  8.635E-03  7.972E-03  7.334E-03  6.729E-03  6.157E-03  5.592E-03  4.969E-03  4.435E-03  3.982E-03  3.595E-03  3.198E-03  2.796E-03  2.515E-03  2.148E-03  1.851E-03  1.614E-03  1.387E-03  1.174E-03  9.906E-04  8.335E-04  6.991E-04  5.684E-04  4.695E-04  3.893E-04  3.119E-04  2.563E-04  2.035E-04  1.618E-04  1.285E-04  1.022E-04  7.940E-05  6.086E-05  4.564E-05  3.401E-05  2.510E-05  1.815E-05  1.269E-05  8.779E-06  5.790E-06  3.593E-06  2.039E-06  9.739E-07  3.473E-07  7.114E-08  4.722E-09  1.094E-10  4.245E-13  1.263E-16
  335.5000  2.116E-02  2.018E-02  1.921E-02  1.825E-02  1.732E-02  1.640E-02  1.550E-02  1.461E-02  1.375E-02  1.290E-02  1.208E-02  1.128E-02  1.050E-02  9.751E-03  9.025E-03  8.325E-03  7.658E-03  7.027E-03  6.397E-03  5.696E-03  5.095E-03  4.585E-03  4.150E-03  3.700E-03  3.239E-03  2.921E-03  2.497E-03  2.153E-03  1.881E-03  1.617E-03  1.368E-03  1.154E-03  9.704E-04  8.134E-04  6.599E-04  5.442E-04  4.507E-04  3.603E-04  2.957E-04  2.343E-04  1.860E-04  1.477E-04  1.175E-04  9.130E-05  7.011E-05  5.262E-05  3.929E-05  2.908E-05  2.112E-05  1.482E-05  1.034E-05  6.895E-06  4.368E-06  2.566E-06  1.296E-06  5.002E-07  1.117E-07  7.938E-09  1.890E-10  7.610E-13  2.373E-16
  336.5000  1.618E-02  1.542E-02  1.467E-02  1.393E-02  1.321E-02  1.250E-02  1.180E-02  1.112E-02  1.046E-02  9.805E-03  9.174E-03  8.559E-03  7.963E-03  7.386E-03  6.831E-03  6.295E-03  5.786E-03  5.304E-03  4.825E-03  4.293E-03  3.837E-03  3.450E-03  3.120E-03  2.779E-03  2.431E-03  2.190E-03  1.872E-03  1.613E-03  1.408E-03  1.210E-03  1.024E-03  8.637E-04  7.262E-04  6.087E-04  4.940E-04  4.075E-04  3.375E-04  2.699E-04  2.216E-04  1.757E-04  1.395E-04  1.108E-04  8.808E-05  6.846E-05  5.255E-05  3.944E-05  2.943E-05  2.177E-05  1.580E-05  1.107E-05  7.714E-06  5.133E-06  3.238E-06  1.888E-06  9.429E-07  3.586E-07  7.931E-08  5.693E-09  1.411E-10  6.072E-13  2.105E-16
  337.5000  1.682E-02  1.601E-02  1.521E-02  1.442E-02  1.365E-02  1.290E-02  1.216E-02  1.144E-02  1.074E-02  1.005E-02  9.390E-03  8.745E-03  8.121E-03  7.519E-03  6.940E-03  6.384E-03  5.856E-03  5.358E-03  4.865E-03  4.322E-03  3.857E-03  3.462E-03  3.124E-03  2.779E-03  2.428E-03  2.184E-03  1.865E-03  1.606E-03  1.401E-03  1.203E-03  1.018E-03  8.585E-04  7.221E-04  6.055E-04  4.920E-04  4.062E-04  3.367E-04  2.696E-04  2.215E-04  1.758E-04  1.397E-04  1.110E-04  8.821E-05  6.856E-05  5.257E-05  3.943E-05  2.940E-05  2.171E-05  1.571E-05  1.099E-05  7.620E-06  5.037E-06  3.137E-06  1.792E-06  8.652E-07  3.145E-07  6.669E-08  4.740E-09  1.227E-10  5.692E-13  2.235E-16
  338.5000  1.929E-02  1.840E-02  1.752E-02  1.664E-02  1.579E-02  1.495E-02  1.413E-02  1.333E-02  1.254E-02  1.177E-02  1.102E-02  1.029E-02  9.582E-03  8.896E-03  8.234E-03  7.596E-03  6.988E-03  6.411E-03  5.837E-03  5.196E-03  4.647E-03  4.182E-03  3.785E-03  3.373E-03  2.953E-03  2.662E-03  2.275E-03  1.961E-03  1.713E-03  1.472E-03  1.245E-03  1.050E-03  8.821E-04  7.390E-04  5.990E-04  4.937E-04  4.087E-04  3.264E-04  2.677E-04  2.121E-04  1.683E-04  1.336E-04  1.062E-04  8.255E-05  6.341E-05  4.761E-05  3.557E-05  2.634E-05  1.915E-05  1.344E-05  9.398E-06  6.281E-06  3.997E-06  2.365E-06  1.212E-06  4.790E-07  1.114E-07  8.505E-09  2.260E-10  1.083E-12  4.421E-16
  339.5000  2.122E-02  2.024E-02  1.928E-02  1.832E-02  1.739E-02  1.647E-02  1.557E-02  1.469E-02  1.383E-02  1.298E-02  1.216E-02  1.136E-02  1.058E-02  9.827E-03  9.098E-03  8.396E-03  7.726E-03  7.091E-03  6.458E-03  5.750E-03  5.144E-03  4.630E-03  4.192E-03  3.737E-03  3.272E-03  2.951E-03  2.521E-03  2.174E-03  1.899E-03  1.631E-03  1.380E-03  1.163E-03  9.773E-04  8.185E-04  6.632E-04  5.463E-04  4.520E-04  3.609E-04  2.959E-04  2.342E-04  1.858E-04  1.475E-04  1.173E-04  9.113E-05  7.002E-05  5.258E-05  3.930E-05  2.911E-05  2.119E-05  1.488E-05  1.042E-05  6.976E-06  4.455E-06  2.653E-06  1.374E-06  5.525E-07  1.315E-07  1.034E-08  2.844E-10  1.438E-12  6.361E-16
  340.5000  2.203E-02  2.099E-02  1.998E-02  1.897E-02  1.799E-02  1.703E-02  1.608E-02  1.516E-02  1.425E-02  1.337E-02  1.251E-02  1.167E-02  1.086E-02  1.008E-02  9.318E-03  8.589E-03  7.895E-03  7.237E-03  6.583E-03  5.856E-03  5.234E-03  4.705E-03  4.255E-03  3.789E-03  3.315E-03  2.986E-03  2.550E-03  2.197E-03  1.918E-03  1.647E-03  1.393E-03  1.174E-03  9.864E-04  8.262E-04  6.698E-04  5.520E-04  4.568E-04  3.650E-04  2.993E-04  2.371E-04  1.882E-04  1.494E-04  1.188E-04  9.229E-05  7.088E-05  5.322E-05  3.975E-05  2.942E-05  2.139E-05  1.501E-05  1.048E-05  6.998E-06  4.443E-06  2.620E-06  1.335E-06  5.253E-07  1.227E-07  9.687E-09  2.769E-10  1.494E-12  7.346E-16
  341.5000  2.043E-02  1.949E-02  1.857E-02  1.765E-02  1.676E-02  1.588E-02  1.502E-02  1.417E-02  1.335E-02  1.253E-02  1.174E-02  1.097E-02  1.023E-02  9.502E-03  8.802E-03  8.125E-03  7.480E-03  6.868E-03  6.257E-03  5.573E-03  4.987E-03  4.490E-03  4.066E-03  3.626E-03  3.175E-03  2.865E-03  2.448E-03  2.111E-03  1.843E-03  1.584E-03  1.340E-03  1.129E-03  9.482E-04  7.939E-04  6.428E-04  5.293E-04  4.377E-04  3.492E-04  2.862E-04  2.264E-04  1.795E-04  1.425E-04  1.133E-04  8.801E-05  6.765E-05  5.081E-05  3.800E-05  2.817E-05  2.053E-05  1.443E-05  1.012E-05  6.794E-06  4.359E-06  2.617E-06  1.375E-06  5.653E-07  1.390E-07  1.149E-08  3.383E-10  1.904E-12  9.939E-16
  342.5000  2.282E-02  2.178E-02  2.075E-02  1.974E-02  1.874E-02  1.776E-02  1.680E-02  1.586E-02  1.494E-02  1.403E-02  1.315E-02  1.229E-02  1.146E-02  1.065E-02  9.865E-03  9.109E-03  8.388E-03  7.704E-03  7.020E-03  6.253E-03  5.597E-03  5.040E-03  4.566E-03  4.072E-03  3.566E-03  3.218E-03  2.750E-03  2.371E-03  2.071E-03  1.780E-03  1.505E-03  1.268E-03  1.065E-03  8.914E-04  7.214E-04  5.938E-04  4.909E-04  3.914E-04  3.207E-04  2.536E-04  2.010E-04  1.595E-04  1.268E-04  9.852E-05  7.575E-05  5.691E-05  4.257E-05  3.157E-05  2.302E-05  1.619E-05  1.137E-05  7.641E-06  4.916E-06  2.965E-06  1.571E-06  6.544E-07  1.640E-07  1.391E-08  4.235E-10  2.511E-12  1.418E-15
  343.5000  2.338E-02  2.230E-02  2.124E-02  2.019E-02  1.917E-02  1.816E-02  1.717E-02  1.620E-02  1.525E-02  1.432E-02  1.341E-02  1.253E-02  1.167E-02  1.084E-02  1.004E-02  9.262E-03  8.524E-03  7.823E-03  7.124E-03  6.343E-03  5.674E-03  5.106E-03  4.622E-03  4.120E-03  3.606E-03  3.252E-03  2.777E-03  2.394E-03  2.090E-03  1.795E-03  1.518E-03  1.278E-03  1.074E-03  8.985E-04  7.273E-04  5.986E-04  4.949E-04  3.947E-04  3.234E-04  2.558E-04  2.028E-04  1.609E-04  1.279E-04  9.938E-05  7.640E-05  5.739E-05  4.292E-05  3.182E-05  2.319E-05  1.631E-05  1.144E-05  7.680E-06  4.930E-06  2.962E-06  1.561E-06  6.458E-07  1.615E-07  1.388E-08  4.378E-10  2.750E-12  1.701E-15
  344.5000  1.613E-02  1.538E-02  1.465E-02  1.392E-02  1.320E-02  1.250E-02  1.181E-02  1.114E-02  1.048E-02  9.836E-03  9.208E-03  8.598E-03  8.004E-03  7.430E-03  6.875E-03  6.340E-03  5.831E-03  5.348E-03  4.867E-03  4.331E-03  3.871E-03  3.481E-03  3.149E-03  2.805E-03  2.454E-03  2.211E-03  1.888E-03  1.627E-03  1.419E-03  1.219E-03  1.030E-03  8.677E-04  7.285E-04  6.097E-04  4.936E-04  4.063E-04  3.360E-04  2.680E-04  2.196E-04  1.738E-04  1.378E-04  1.093E-04  8.690E-05  6.752E-05  5.189E-05  3.898E-05  2.914E-05  2.160E-05  1.573E-05  1.106E-05  7.750E-06  5.196E-06  3.327E-06  1.991E-06  1.041E-06  4.272E-07  1.063E-07  9.238E-09  3.017E-10  2.007E-12  1.361E-15
  345.5000  2.306E-02  2.201E-02  2.098E-02  1.996E-02  1.896E-02  1.797E-02  1.701E-02  1.606E-02  1.513E-02  1.422E-02  1.333E-02  1.246E-02  1.162E-02  1.080E-02  1.001E-02  9.248E-03  8.518E-03  7.826E-03  7.133E-03  6.355E-03  5.689E-03  5.124E-03  4.643E-03  4.142E-03  3.627E-03  3.274E-03  2.797E-03  2.412E-03  2.107E-03  1.810E-03  1.530E-03  1.288E-03  1.082E-03  9.050E-04  7.317E-04  6.018E-04  4.973E-04  3.961E-04  3.243E-04  2.563E-04  2.030E-04  1.610E-04  1.279E-04  9.940E-05  7.646E-05  5.745E-05  4.300E-05  3.192E-05  2.331E-05  1.641E-05  1.155E-05  7.782E-06  5.031E-06  3.061E-06  1.648E-06  7.049E-07  1.842E-07  1.673E-08  5.616E-10  3.887E-12  2.785E-15
  346.5000  2.105E-02  2.008E-02  1.912E-02  1.818E-02  1.725E-02  1.635E-02  1.545E-02  1.458E-02  1.372E-02  1.289E-02  1.207E-02  1.127E-02  1.050E-02  9.754E-03  9.030E-03  8.332E-03  7.667E-03  7.035E-03  6.406E-03  5.702E-03  5.099E-03  4.588E-03  4.152E-03  3.700E-03  3.237E-03  2.919E-03  2.492E-03  2.147E-03  1.874E-03  1.609E-03  1.360E-03  1.145E-03  9.609E-04  8.039E-04  6.503E-04  5.350E-04  4.421E-04  3.524E-04  2.886E-04  2.282E-04  1.808E-04  1.434E-04  1.140E-04  8.856E-05  6.809E-05  5.115E-05  3.827E-05  2.839E-05  2.071E-05  1.457E-05  1.023E-05  6.880E-06  4.427E-06  2.673E-06  1.422E-06  5.984E-07  1.544E-07  1.411E-08  4.909E-10  3.602E-12  2.835E-15
  347.5000  2.064E-02  1.969E-02  1.876E-02  1.783E-02  1.693E-02  1.604E-02  1.516E-02  1.431E-02  1.347E-02  1.264E-02  1.185E-02  1.107E-02  1.031E-02  9.575E-03  8.866E-03  8.181E-03  7.528E-03  6.908E-03  6.290E-03  5.600E-03  5.008E-03  4.505E-03  4.078E-03  3.633E-03  3.179E-03  2.866E-03  2.447E-03  2.108E-03  1.840E-03  1.580E-03  1.335E-03  1.124E-03  9.430E-04  7.887E-04  6.378E-04  5.246E-04  4.334E-04  3.453E-04  2.828E-04  2.235E-04  1.771E-04  1.404E-04  1.116E-04  8.670E-05  6.666E-05  5.009E-05  3.748E-05  2.781E-05  2.029E-05  1.428E-05  1.004E-05  6.753E-06  4.353E-06  2.636E-06  1.409E-06  5.979E-07  1.564E-07  1.461E-08  5.244E-10  4.043E-12  3.432E-15
  348.5000  2.291E-02  2.186E-02  2.083E-02  1.980E-02  1.880E-02  1.782E-02  1.685E-02  1.591E-02  1.498E-02  1.407E-02  1.318E-02  1.232E-02  1.148E-02  1.067E-02  9.879E-03  9.118E-03  8.394E-03  7.705E-03  7.018E-03  6.249E-03  5.590E-03  5.030E-03  4.554E-03  4.059E-03  3.552E-03  3.204E-03  2.735E-03  2.357E-03  2.057E-03  1.766E-03  1.492E-03  1.256E-03  1.054E-03  8.813E-04  7.123E-04  5.856E-04  4.837E-04  3.852E-04  3.153E-04  2.491E-04  1.973E-04  1.564E-04  1.243E-04  9.656E-05  7.427E-05  5.581E-05  4.177E-05  3.101E-05  2.265E-05  1.594E-05  1.122E-05  7.558E-06  4.885E-06  2.973E-06  1.602E-06  6.893E-07  1.837E-07  1.759E-08  6.508E-10  5.258E-12  4.793E-15
  349.5000  1.919E-02  1.831E-02  1.744E-02  1.659E-02  1.575E-02  1.492E-02  1.411E-02  1.332E-02  1.254E-02  1.178E-02  1.104E-02  1.031E-02  9.608E-03  8.926E-03  8.267E-03  7.630E-03  7.023E-03  6.446E-03  5.871E-03  5.227E-03  4.675E-03  4.206E-03  3.808E-03  3.393E-03  2.969E-03  2.677E-03  2.285E-03  1.969E-03  1.718E-03  1.475E-03  1.246E-03  1.049E-03  8.796E-04  7.354E-04  5.943E-04  4.885E-04  4.034E-04  3.212E-04  2.629E-04  2.076E-04  1.644E-04  1.304E-04  1.036E-04  8.046E-05  6.189E-05  4.651E-05  3.481E-05  2.585E-05  1.888E-05  1.329E-05  9.356E-06  6.305E-06  4.077E-06  2.484E-06  1.342E-06  5.800E-07  1.560E-07  1.523E-08  5.811E-10  4.932E-12  4.850E-15
  350.5000  2.694E-02  2.570E-02  2.449E-02  2.329E-02  2.211E-02  2.096E-02  1.982E-02  1.871E-02  1.761E-02  1.654E-02  1.550E-02  1.449E-02  1.350E-02  1.254E-02  1.162E-02  1.072E-02  9.869E-03  9.058E-03  8.250E-03  7.345E-03  6.569E-03  5.911E-03  5.350E-03  4.768E-03  4.171E-03  3.762E-03  3.211E-03  2.766E-03  2.414E-03  2.072E-03  1.750E-03  1.472E-03  1.235E-03  1.032E-03  8.339E-04  6.854E-04  5.658E-04  4.504E-04  3.685E-04  2.910E-04  2.304E-04  1.826E-04  1.451E-04  1.127E-04  8.669E-05  6.515E-05  4.878E-05  3.622E-05  2.647E-05  1.864E-05  1.313E-05  8.851E-06  5.732E-06  3.500E-06  1.899E-06  8.267E-07  2.251E-07  2.242E-08  8.819E-10  7.850E-12  8.304E-15
  351.5000  2.315E-02  2.209E-02  2.104E-02  2.001E-02  1.900E-02  1.800E-02  1.702E-02  1.606E-02  1.513E-02  1.420E-02  1.331E-02  1.243E-02  1.158E-02  1.076E-02  9.965E-03  9.196E-03  8.463E-03  7.766E-03  7.072E-03  6.295E-03  5.629E-03  5.064E-03  4.582E-03  4.082E-03  3.571E-03  3.219E-03  2.747E-03  2.366E-03  2.064E-03  1.771E-03  1.496E-03  1.258E-03  1.055E-03  8.819E-04  7.124E-04  5.854E-04  4.832E-04  3.845E-04  3.146E-04  2.484E-04  1.967E-04  1.559E-04  1.238E-04  9.618E-05  7.398E-05  5.560E-05  4.163E-05  3.091E-05  2.259E-05  1.591E-05  1.120E-05  7.555E-06  4.893E-06  2.989E-06  1.623E-06  7.085E-07  1.943E-07  1.969E-08  7.983E-10  7.459E-12  8.505E-15
  352.5000  2.095E-02  2.000E-02  1.905E-02  1.812E-02  1.720E-02  1.630E-02  1.542E-02  1.455E-02  1.370E-02  1.287E-02  1.206E-02  1.126E-02  1.050E-02  9.751E-03  9.031E-03  8.334E-03  7.670E-03  7.040E-03  6.411E-03  5.707E-03  5.103E-03  4.590E-03  4.154E-03  3.701E-03  3.237E-03  2.919E-03  2.490E-03  2.145E-03  1.871E-03  1.605E-03  1.356E-03  1.140E-03  9.559E-04  7.988E-04  6.450E-04  5.299E-04  4.373E-04  3.479E-04  2.846E-04  2.246E-04  1.778E-04  1.409E-04  1.119E-04  8.692E-05  6.687E-05  5.026E-05  3.763E-05  2.795E-05  2.043E-05  1.439E-05  1.014E-05  6.845E-06  4.439E-06  2.719E-06  1.484E-06  6.526E-07  1.812E-07  1.874E-08  7.825E-10  7.654E-12  9.363E-15
  353.5000  2.536E-02  2.420E-02  2.306E-02  2.193E-02  2.082E-02  1.974E-02  1.867E-02  1.762E-02  1.660E-02  1.559E-02  1.461E-02  1.365E-02  1.272E-02  1.182E-02  1.095E-02  1.011E-02  9.304E-03  8.540E-03  7.778E-03  6.924E-03  6.192E-03  5.571E-03  5.042E-03  4.493E-03  3.930E-03  3.543E-03  3.023E-03  2.604E-03  2.272E-03  1.949E-03  1.645E-03  1.384E-03  1.160E-03  9.692E-04  7.824E-04  6.425E-04  5.301E-04  4.216E-04  3.447E-04  2.720E-04  2.152E-04  1.706E-04  1.355E-04  1.052E-04  8.094E-05  6.083E-05  4.556E-05  3.385E-05  2.476E-05  1.745E-05  1.230E-05  8.309E-06  5.398E-06  3.316E-06  1.820E-06  8.077E-07  2.274E-07  2.402E-08  1.032E-09  1.056E-11  1.382E-14
  354.5000  2.757E-02  2.631E-02  2.507E-02  2.385E-02  2.265E-02  2.147E-02  2.031E-02  1.917E-02  1.806E-02  1.696E-02  1.590E-02  1.486E-02  1.385E-02  1.287E-02  1.192E-02  1.101E-02  1.013E-02  9.303E-03  8.474E-03  7.545E-03  6.748E-03  6.071E-03  5.495E-03  4.897E-03  4.283E-03  3.862E-03  3.295E-03  2.838E-03  2.476E-03  2.124E-03  1.793E-03  1.508E-03  1.264E-03  1.056E-03  8.518E-04  6.993E-04  5.768E-04  4.586E-04  3.749E-04  2.958E-04  2.340E-04  1.853E-04  1.472E-04  1.143E-04  8.795E-05  6.611E-05  4.952E-05  3.681E-05  2.693E-05  1.898E-05  1.340E-05  9.053E-06  5.890E-06  3.628E-06  2.001E-06  8.955E-07  2.554E-07  2.754E-08  1.217E-09  1.301E-11  1.823E-14
  355.5000  2.579E-02  2.461E-02  2.346E-02  2.231E-02  2.119E-02  2.008E-02  1.900E-02  1.794E-02  1.689E-02  1.587E-02  1.488E-02  1.390E-02  1.296E-02  1.204E-02  1.115E-02  1.030E-02  9.479E-03  8.702E-03  7.926E-03  7.056E-03  6.310E-03  5.677E-03  5.138E-03  4.578E-03  4.004E-03  3.610E-03  3.080E-03  2.652E-03  2.314E-03  1.984E-03  1.675E-03  1.408E-03  1.180E-03  9.856E-04  7.951E-04  6.526E-04  5.382E-04  4.278E-04  3.497E-04  2.758E-04  2.181E-04  1.728E-04  1.372E-04  1.065E-04  8.197E-05  6.162E-05  4.616E-05  3.431E-05  2.511E-05  1.770E-05  1.250E-05  8.450E-06  5.502E-06  3.395E-06  1.878E-06  8.448E-07  2.433E-07  2.671E-08  1.214E-09  1.358E-11  2.038E-14
  356.5000  2.394E-02  2.285E-02  2.177E-02  2.071E-02  1.967E-02  1.864E-02  1.764E-02  1.665E-02  1.568E-02  1.473E-02  1.381E-02  1.290E-02  1.203E-02  1.118E-02  1.035E-02  9.556E-03  8.796E-03  8.074E-03  7.354E-03  6.546E-03  5.854E-03  5.266E-03  4.765E-03  4.245E-03  3.712E-03  3.347E-03  2.855E-03  2.458E-03  2.144E-03  1.839E-03  1.552E-03  1.304E-03  1.093E-03  9.125E-04  7.360E-04  6.040E-04  4.980E-04  3.957E-04  3.234E-04  2.550E-04  2.017E-04  1.597E-04  1.268E-04  9.846E-05  7.576E-05  5.695E-05  4.267E-05  3.172E-05  2.322E-05  1.637E-05  1.156E-05  7.819E-06  5.095E-06  3.148E-06  1.745E-06  7.890E-07  2.293E-07  2.563E-08  1.198E-09  1.400E-11  2.250E-14
  357.5000  2.035E-02  1.943E-02  1.851E-02  1.761E-02  1.672E-02  1.585E-02  1.499E-02  1.415E-02  1.333E-02  1.252E-02  1.173E-02  1.097E-02  1.022E-02  9.496E-03  8.796E-03  8.119E-03  7.473E-03  6.859E-03  6.246E-03  5.560E-03  4.971E-03  4.471E-03  4.046E-03  3.604E-03  3.151E-03  2.840E-03  2.422E-03  2.085E-03  1.819E-03  1.559E-03  1.316E-03  1.106E-03  9.263E-04  7.733E-04  6.236E-04  5.116E-04  4.218E-04  3.351E-04  2.738E-04  2.158E-04  1.707E-04  1.351E-04  1.073E-04  8.330E-05  6.410E-05  4.819E-05  3.611E-05  2.685E-05  1.966E-05  1.386E-05  9.790E-06  6.623E-06  4.318E-06  2.670E-06  1.484E-06  6.737E-07  1.974E-07  2.245E-08  1.079E-09  1.317E-11  2.264E-14
  358.5000  1.575E-02  1.503E-02  1.432E-02  1.362E-02  1.294E-02  1.226E-02  1.160E-02  1.095E-02  1.032E-02  9.691E-03  9.083E-03  8.490E-03  7.912E-03  7.352E-03  6.810E-03  6.286E-03  5.786E-03  5.311E-03  4.837E-03  4.305E-03  3.850E-03  3.462E-03  3.133E-03  2.791E-03  2.440E-03  2.199E-03  1.875E-03  1.614E-03  1.408E-03  1.207E-03  1.018E-03  8.556E-04  7.166E-04  5.981E-04  4.822E-04  3.955E-04  3.260E-04  2.589E-04  2.115E-04  1.667E-04  1.318E-04  1.043E-04  8.283E-05  6.430E-05  4.948E-05  3.720E-05  2.788E-05  2.073E-05  1.518E-05  1.071E-05  7.568E-06  5.122E-06  3.343E-06  2.071E-06  1.155E-06  5.279E-07  1.564E-07  1.811E-08  8.939E-10  1.139E-11  2.089E-14
  359.5000  2.651E-02  2.531E-02  2.412E-02  2.294E-02  2.179E-02  2.065E-02  1.954E-02  1.844E-02  1.737E-02  1.632E-02  1.529E-02  1.429E-02  1.332E-02  1.238E-02  1.147E-02  1.058E-02  9.741E-03  8.941E-03  8.142E-03  7.247E-03  6.479E-03  5.827E-03  5.272E-03  4.695E-03  4.104E-03  3.699E-03  3.154E-03  2.714E-03  2.367E-03  2.029E-03  1.711E-03  1.438E-03  1.204E-03  1.005E-03  8.100E-04  6.643E-04  5.473E-04  4.346E-04  3.550E-04  2.797E-04  2.211E-04  1.750E-04  1.389E-04  1.078E-04  8.298E-05  6.239E-05  4.676E-05  3.478E-05  2.548E-05  1.797E-05  1.270E-05  8.600E-06  5.617E-06  3.485E-06  1.949E-06  8.946E-07  2.674E-07  3.149E-08  1.597E-09  2.123E-11  4.154E-14
  360.5000  2.460E-02  2.348E-02  2.237E-02  2.128E-02  2.021E-02  1.916E-02  1.812E-02  1.711E-02  1.612E-02  1.514E-02  1.419E-02  1.326E-02  1.236E-02  1.148E-02  1.064E-02  9.817E-03  9.036E-03  8.293E-03  7.552E-03  6.721E-03  6.008E-03  5.403E-03  4.888E-03  4.353E-03  3.805E-03  3.429E-03  2.923E-03  2.515E-03  2.193E-03  1.880E-03  1.585E-03  1.332E-03  1.115E-03  9.304E-04  7.497E-04  6.147E-04  5.064E-04  4.020E-04  3.282E-04  2.586E-04  2.043E-04  1.618E-04  1.284E-04  9.965E-05  7.668E-05  5.766E-05  4.322E-05  3.215E-05  2.355E-05  1.662E-05  1.175E-05  7.958E-06  5.202E-06  3.232E-06  1.812E-06  8.357E-07  2.520E-07  3.019E-08  1.572E-09  2.179E-11  4.545E-14
  361.5000  2.222E-02  2.121E-02  2.021E-02  1.923E-02  1.826E-02  1.731E-02  1.638E-02  1.546E-02  1.456E-02  1.368E-02  1.282E-02  1.198E-02  1.117E-02  1.038E-02  9.612E-03  8.872E-03  8.166E-03  7.495E-03  6.825E-03  6.075E-03  5.430E-03  4.883E-03  4.417E-03  3.934E-03  3.438E-03  3.098E-03  2.641E-03  2.272E-03  1.981E-03  1.698E-03  1.432E-03  1.202E-03  1.007E-03  8.397E-04  6.764E-04  5.545E-04  4.567E-04  3.625E-04  2.959E-04  2.331E-04  1.841E-04  1.457E-04  1.157E-04  8.976E-05  6.907E-05  5.194E-05  3.893E-05  2.897E-05  2.123E-05  1.498E-05  1.060E-05  7.180E-06  4.697E-06  2.924E-06  1.645E-06  7.627E-07  2.323E-07  2.831E-08  1.513E-09  2.184E-11  4.849E-14
  362.5000  2.612E-02  2.494E-02  2.377E-02  2.261E-02  2.147E-02  2.035E-02  1.926E-02  1.818E-02  1.712E-02  1.609E-02  1.508E-02  1.409E-02  1.314E-02  1.221E-02  1.130E-02  1.043E-02  9.604E-03  8.814E-03  8.027E-03  7.143E-03  6.386E-03  5.742E-03  5.194E-03  4.625E-03  4.042E-03  3.642E-03  3.104E-03  2.670E-03  2.328E-03  1.995E-03  1.682E-03  1.413E-03  1.182E-03  9.860E-04  7.941E-04  6.508E-04  5.359E-04  4.252E-04  3.470E-04  2.733E-04  2.159E-04  1.708E-04  1.356E-04  1.052E-04  8.095E-05  6.087E-05  4.563E-05  3.396E-05  2.489E-05  1.757E-05  1.243E-05  8.427E-06  5.517E-06  3.439E-06  1.940E-06  9.042E-07  2.779E-07  3.445E-08  1.888E-09  2.838E-11  6.705E-14
  363.5000  2.326E-02  2.220E-02  2.116E-02  2.013E-02  1.912E-02  1.812E-02  1.715E-02  1.619E-02  1.525E-02  1.432E-02  1.342E-02  1.255E-02  1.169E-02  1.087E-02  1.006E-02  9.290E-03  8.550E-03  7.847E-03  7.145E-03  6.359E-03  5.684E-03  5.110E-03  4.622E-03  4.116E-03  3.596E-03  3.241E-03  2.761E-03  2.375E-03  2.071E-03  1.774E-03  1.496E-03  1.256E-03  1.051E-03  8.761E-04  7.054E-04  5.780E-04  4.759E-04  3.775E-04  3.080E-04  2.425E-04  1.915E-04  1.515E-04  1.202E-04  9.329E-05  7.180E-05  5.399E-05  4.048E-05  3.012E-05  2.209E-05  1.559E-05  1.104E-05  7.483E-06  4.903E-06  3.060E-06  1.731E-06  8.104E-07  2.512E-07  3.165E-08  1.780E-09  2.784E-11  6.992E-14
  364.5000  2.538E-02  2.422E-02  2.309E-02  2.196E-02  2.086E-02  1.977E-02  1.871E-02  1.766E-02  1.663E-02  1.563E-02  1.464E-02  1.369E-02  1.276E-02  1.185E-02  1.098E-02  1.013E-02  9.325E-03  8.558E-03  7.792E-03  6.934E-03  6.197E-03  5.571E-03  5.039E-03  4.486E-03  3.919E-03  3.531E-03  3.008E-03  2.587E-03  2.255E-03  1.932E-03  1.628E-03  1.367E-03  1.144E-03  9.534E-04  7.675E-04  6.287E-04  5.175E-04  4.104E-04  3.348E-04  2.636E-04  2.081E-04  1.646E-04  1.306E-04  1.013E-04  7.799E-05  5.864E-05  4.397E-05  3.273E-05  2.400E-05  1.695E-05  1.200E-05  8.137E-06  5.335E-06  3.333E-06  1.889E-06  8.882E-07  2.775E-07  3.552E-08  2.048E-09  3.333E-11  8.896E-14
  365.5000  3.092E-02  2.951E-02  2.813E-02  2.676E-02  2.541E-02  2.409E-02  2.279E-02  2.151E-02  2.026E-02  1.904E-02  1.784E-02  1.667E-02  1.554E-02  1.444E-02  1.337E-02  1.234E-02  1.136E-02  1.042E-02  9.486E-03  8.442E-03  7.543E-03  6.781E-03  6.132E-03  5.458E-03  4.768E-03  4.295E-03  3.659E-03  3.146E-03  2.742E-03  2.348E-03  1.979E-03  1.661E-03  1.389E-03  1.158E-03  9.321E-04  7.634E-04  6.282E-04  4.981E-04  4.063E-04  3.198E-04  2.524E-04  1.997E-04  1.584E-04  1.229E-04  9.458E-05  7.112E-05  5.333E-05  3.970E-05  2.912E-05  2.056E-05  1.456E-05  9.877E-06  6.479E-06  4.052E-06  2.301E-06  1.086E-06  3.419E-07  4.444E-08  2.627E-09  4.445E-11  1.260E-13
  366.5000  3.276E-02  3.127E-02  2.981E-02  2.835E-02  2.693E-02  2.553E-02  2.415E-02  2.280E-02  2.147E-02  2.017E-02  1.890E-02  1.767E-02  1.647E-02  1.530E-02  1.417E-02  1.308E-02  1.203E-02  1.104E-02  1.005E-02  8.945E-03  7.994E-03  7.185E-03  6.497E-03  5.783E-03  5.051E-03  4.550E-03  3.875E-03  3.332E-03  2.903E-03  2.486E-03  2.095E-03  1.758E-03  1.470E-03  1.225E-03  9.859E-04  8.073E-04  6.642E-04  5.265E-04  4.294E-04  3.378E-04  2.667E-04  2.109E-04  1.673E-04  1.298E-04  9.987E-05  7.510E-05  5.632E-05  4.193E-05  3.076E-05  2.172E-05  1.539E-05  1.044E-05  6.855E-06  4.293E-06  2.444E-06  1.159E-06  3.680E-07  4.861E-08  2.944E-09  5.175E-11  1.555E-13
  367.5000  3.115E-02  2.973E-02  2.834E-02  2.696E-02  2.560E-02  2.427E-02  2.296E-02  2.168E-02  2.042E-02  1.918E-02  1.798E-02  1.680E-02  1.566E-02  1.455E-02  1.347E-02  1.244E-02  1.144E-02  1.050E-02  9.559E-03  8.505E-03  7.600E-03  6.831E-03  6.176E-03  5.497E-03  4.800E-03  4.324E-03  3.682E-03  3.166E-03  2.758E-03  2.362E-03  1.989E-03  1.670E-03  1.396E-03  1.163E-03  9.358E-04  7.661E-04  6.301E-04  4.994E-04  4.072E-04  3.203E-04  2.527E-04  1.999E-04  1.585E-04  1.229E-04  9.462E-05  7.115E-05  5.337E-05  3.974E-05  2.916E-05  2.059E-05  1.460E-05  9.908E-06  6.508E-06  4.081E-06  2.330E-06  1.110E-06  3.554E-07  4.768E-08  2.957E-09  5.399E-11  1.719E-13
  368.5000  2.738E-02  2.613E-02  2.491E-02  2.369E-02  2.250E-02  2.133E-02  2.018E-02  1.905E-02  1.795E-02  1.686E-02  1.580E-02  1.477E-02  1.376E-02  1.279E-02  1.184E-02  1.093E-02  1.006E-02  9.226E-03  8.399E-03  7.473E-03  6.677E-03  6.001E-03  5.425E-03  4.828E-03  4.215E-03  3.797E-03  3.233E-03  2.779E-03  2.421E-03  2.072E-03  1.745E-03  1.465E-03  1.224E-03  1.020E-03  8.204E-04  6.715E-04  5.522E-04  4.375E-04  3.567E-04  2.805E-04  2.213E-04  1.750E-04  1.387E-04  1.076E-04  8.282E-05  6.228E-05  4.672E-05  3.479E-05  2.553E-05  1.804E-05  1.279E-05  8.682E-06  5.706E-06  3.582E-06  2.049E-06  9.801E-07  3.163E-07  4.309E-08  2.736E-09  5.186E-11  1.748E-13
  369.5000  3.286E-02  3.136E-02  2.989E-02  2.844E-02  2.701E-02  2.560E-02  2.422E-02  2.287E-02  2.154E-02  2.023E-02  1.896E-02  1.772E-02  1.652E-02  1.535E-02  1.421E-02  1.311E-02  1.207E-02  1.107E-02  1.008E-02  8.966E-03  8.011E-03  7.199E-03  6.507E-03  5.790E-03  5.055E-03  4.553E-03  3.876E-03  3.331E-03  2.902E-03  2.484E-03  2.091E-03  1.755E-03  1.467E-03  1.222E-03  9.822E-04  8.037E-04  6.608E-04  5.234E-04  4.266E-04  3.354E-04  2.646E-04  2.092E-04  1.659E-04  1.286E-04  9.899E-05  7.445E-05  5.584E-05  4.159E-05  3.053E-05  2.157E-05  1.530E-05  1.039E-05  6.832E-06  4.294E-06  2.461E-06  1.182E-06  3.844E-07  5.316E-08  3.456E-09  6.795E-11  2.424E-13
  370.5000  2.982E-02  2.847E-02  2.713E-02  2.581E-02  2.452E-02  2.324E-02  2.199E-02  2.076E-02  1.955E-02  1.837E-02  1.721E-02  1.609E-02  1.499E-02  1.393E-02  1.290E-02  1.190E-02  1.095E-02  1.005E-02  9.145E-03  8.136E-03  7.268E-03  6.531E-03  5.903E-03  5.252E-03  4.585E-03  4.128E-03  3.514E-03  3.020E-03  2.630E-03  2.251E-03  1.895E-03  1.590E-03  1.329E-03  1.106E-03  8.893E-04  7.276E-04  5.981E-04  4.736E-04  3.859E-04  3.034E-04  2.393E-04  1.891E-04  1.499E-04  1.163E-04  8.949E-05  6.729E-05  5.048E-05  3.760E-05  2.761E-05  1.951E-05  1.384E-05  9.400E-06  6.186E-06  3.892E-06  2.236E-06  1.078E-06  3.532E-07  4.956E-08  3.297E-09  6.724E-11  2.536E-13
  371.5000  3.415E-02  3.260E-02  3.107E-02  2.955E-02  2.807E-02  2.661E-02  2.517E-02  2.377E-02  2.239E-02  2.103E-02  1.971E-02  1.842E-02  1.716E-02  1.595E-02  1.477E-02  1.363E-02  1.254E-02  1.150E-02  1.047E-02  9.313E-03  8.320E-03  7.475E-03  6.755E-03  6.010E-03  5.246E-03  4.723E-03  4.020E-03  3.454E-03  3.008E-03  2.574E-03  2.167E-03  1.817E-03  1.518E-03  1.264E-03  1.016E-03  8.309E-04  6.829E-04  5.406E-04  4.405E-04  3.462E-04  2.730E-04  2.157E-04  1.710E-04  1.326E-04  1.020E-04  7.674E-05  5.758E-05  4.289E-05  3.150E-05  2.226E-05  1.579E-05  1.073E-05  7.066E-06  4.450E-06  2.562E-06  1.240E-06  4.094E-07  5.830E-08  3.968E-09  8.387E-11  3.341E-13
  372.5000  2.524E-02  2.409E-02  2.296E-02  2.185E-02  2.075E-02  1.967E-02  1.861E-02  1.757E-02  1.655E-02  1.554E-02  1.457E-02  1.362E-02  1.269E-02  1.179E-02  1.091E-02  1.007E-02  9.266E-03  8.501E-03  7.737E-03  6.883E-03  6.148E-03  5.523E-03  4.991E-03  4.440E-03  3.875E-03  3.488E-03  2.969E-03  2.550E-03  2.221E-03  1.900E-03  1.599E-03  1.341E-03  1.120E-03  9.324E-04  7.492E-04  6.126E-04  5.034E-04  3.984E-04  3.245E-04  2.550E-04  2.010E-04  1.589E-04  1.259E-04  9.762E-05  7.513E-05  5.650E-05  4.239E-05  3.158E-05  2.320E-05  1.640E-05  1.164E-05  7.909E-06  5.211E-06  3.285E-06  1.895E-06  9.210E-07  3.064E-07  4.426E-08  3.081E-09  6.746E-11  2.837E-13
  373.5000  2.282E-02  2.179E-02  2.076E-02  1.975E-02  1.876E-02  1.778E-02  1.683E-02  1.588E-02  1.496E-02  1.405E-02  1.317E-02  1.231E-02  1.147E-02  1.066E-02  9.867E-03  9.104E-03  8.376E-03  7.683E-03  6.993E-03  6.220E-03  5.556E-03  4.991E-03  4.509E-03  4.011E-03  3.500E-03  3.150E-03  2.681E-03  2.303E-03  2.005E-03  1.715E-03  1.443E-03  1.210E-03  1.010E-03  8.410E-04  6.756E-04  5.523E-04  4.537E-04  3.590E-04  2.924E-04  2.297E-04  1.811E-04  1.430E-04  1.134E-04  8.788E-05  6.763E-05  5.086E-05  3.817E-05  2.844E-05  2.089E-05  1.477E-05  1.048E-05  7.127E-06  4.698E-06  2.965E-06  1.714E-06  8.357E-07  2.800E-07  4.102E-08  2.920E-09  6.620E-11  2.937E-13
  374.5000  2.506E-02  2.392E-02  2.280E-02  2.169E-02  2.060E-02  1.953E-02  1.847E-02  1.744E-02  1.643E-02  1.543E-02  1.446E-02  1.351E-02  1.259E-02  1.170E-02  1.083E-02  9.994E-03  9.194E-03  8.434E-03  7.675E-03  6.827E-03  6.097E-03  5.476E-03  4.948E-03  4.400E-03  3.839E-03  3.455E-03  2.940E-03  2.525E-03  2.198E-03  1.880E-03  1.582E-03  1.326E-03  1.107E-03  9.212E-04  7.398E-04  6.047E-04  4.966E-04  3.929E-04  3.199E-04  2.513E-04  1.980E-04  1.564E-04  1.240E-04  9.608E-05  7.394E-05  5.561E-05  4.173E-05  3.109E-05  2.285E-05  1.615E-05  1.147E-05  7.799E-06  5.143E-06  3.249E-06  1.882E-06  9.209E-07  3.107E-07  4.616E-08  3.358E-09  7.882E-11  3.686E-13
  375.5000  2.829E-02  2.701E-02  2.574E-02  2.449E-02  2.326E-02  2.205E-02  2.086E-02  1.969E-02  1.855E-02  1.742E-02  1.633E-02  1.526E-02  1.422E-02  1.321E-02  1.223E-02  1.128E-02  1.038E-02  9.521E-03  8.664E-03  7.706E-03  6.882E-03  6.181E-03  5.584E-03  4.966E-03  4.332E-03  3.898E-03  3.316E-03  2.848E-03  2.479E-03  2.119E-03  1.783E-03  1.494E-03  1.247E-03  1.038E-03  8.334E-04  6.810E-04  5.592E-04  4.423E-04  3.601E-04  2.827E-04  2.228E-04  1.760E-04  1.394E-04  1.080E-04  8.315E-05  6.253E-05  4.693E-05  3.497E-05  2.570E-05  1.817E-05  1.291E-05  8.780E-06  5.793E-06  3.664E-06  2.126E-06  1.044E-06  3.549E-07  5.347E-08  3.974E-09  9.650E-11  4.753E-13
  376.5000  2.827E-02  2.698E-02  2.572E-02  2.447E-02  2.324E-02  2.203E-02  2.084E-02  1.968E-02  1.853E-02  1.741E-02  1.631E-02  1.525E-02  1.421E-02  1.320E-02  1.222E-02  1.127E-02  1.037E-02  9.513E-03  8.656E-03  7.699E-03  6.875E-03  6.174E-03  5.577E-03  4.959E-03  4.326E-03  3.892E-03  3.310E-03  2.842E-03  2.474E-03  2.115E-03  1.779E-03  1.490E-03  1.244E-03  1.035E-03  8.307E-04  6.787E-04  5.572E-04  4.406E-04  3.586E-04  2.815E-04  2.218E-04  1.751E-04  1.387E-04  1.075E-04  8.275E-05  6.223E-05  4.670E-05  3.481E-05  2.559E-05  1.809E-05  1.286E-05  8.746E-06  5.774E-06  3.655E-06  2.125E-06  1.048E-06  3.586E-07  5.477E-08  4.159E-09  1.044E-10  5.414E-13
  377.5000  3.368E-02  3.215E-02  3.064E-02  2.915E-02  2.769E-02  2.625E-02  2.483E-02  2.344E-02  2.208E-02  2.074E-02  1.944E-02  1.817E-02  1.693E-02  1.572E-02  1.456E-02  1.343E-02  1.236E-02  1.133E-02  1.031E-02  9.171E-03  8.189E-03  7.353E-03  6.641E-03  5.905E-03  5.150E-03  4.634E-03  3.940E-03  3.383E-03  2.944E-03  2.516E-03  2.117E-03  1.772E-03  1.479E-03  1.230E-03  9.874E-04  8.065E-04  6.620E-04  5.234E-04  4.259E-04  3.342E-04  2.633E-04  2.079E-04  1.647E-04  1.276E-04  9.819E-05  7.384E-05  5.542E-05  4.131E-05  3.037E-05  2.148E-05  1.527E-05  1.039E-05  6.862E-06  4.348E-06  2.533E-06  1.253E-06  4.318E-07  6.685E-08  5.184E-09  1.346E-10  7.337E-13
  378.5000  3.673E-02  3.506E-02  3.342E-02  3.179E-02  3.019E-02  2.862E-02  2.708E-02  2.556E-02  2.408E-02  2.262E-02  2.119E-02  1.981E-02  1.846E-02  1.715E-02  1.587E-02  1.464E-02  1.347E-02  1.235E-02  1.124E-02  9.997E-03  8.926E-03  8.014E-03  7.238E-03  6.434E-03  5.611E-03  5.048E-03  4.292E-03  3.684E-03  3.205E-03  2.740E-03  2.304E-03  1.929E-03  1.610E-03  1.339E-03  1.074E-03  8.771E-04  7.198E-04  5.689E-04  4.628E-04  3.631E-04  2.860E-04  2.258E-04  1.788E-04  1.385E-04  1.066E-04  8.018E-05  6.018E-05  4.486E-05  3.299E-05  2.333E-05  1.659E-05  1.129E-05  7.461E-06  4.732E-06  2.762E-06  1.371E-06  4.756E-07  7.461E-08  5.908E-09  1.584E-10  9.081E-13
  379.5000  2.718E-02  2.595E-02  2.473E-02  2.353E-02  2.235E-02  2.119E-02  2.004E-02  1.892E-02  1.782E-02  1.674E-02  1.569E-02  1.466E-02  1.366E-02  1.269E-02  1.175E-02  1.084E-02  9.968E-03  9.142E-03  8.317E-03  7.397E-03  6.604E-03  5.929E-03  5.353E-03  4.759E-03  4.149E-03  3.732E-03  3.173E-03  2.723E-03  2.369E-03  2.024E-03  1.702E-03  1.425E-03  1.189E-03  9.884E-04  7.929E-04  6.474E-04  5.311E-04  4.197E-04  3.414E-04  2.678E-04  2.109E-04  1.664E-04  1.318E-04  1.021E-04  7.857E-05  5.909E-05  4.435E-05  3.307E-05  2.432E-05  1.720E-05  1.223E-05  8.328E-06  5.506E-06  3.495E-06  2.043E-06  1.018E-06  3.554E-07  5.649E-08  4.566E-09  1.265E-10  7.615E-13
  380.5000  3.271E-02  3.122E-02  2.976E-02  2.831E-02  2.689E-02  2.549E-02  2.412E-02  2.277E-02  2.144E-02  2.014E-02  1.888E-02  1.764E-02  1.644E-02  1.527E-02  1.414E-02  1.304E-02  1.199E-02  1.100E-02  1.001E-02  8.898E-03  7.944E-03  7.131E-03  6.439E-03  5.723E-03  4.989E-03  4.487E-03  3.814E-03  3.273E-03  2.847E-03  2.432E-03  2.045E-03  1.712E-03  1.428E-03  1.187E-03  9.518E-04  7.769E-04  6.373E-04  5.034E-04  4.094E-04  3.211E-04  2.528E-04  1.995E-04  1.579E-04  1.224E-04  9.415E-05  7.081E-05  5.315E-05  3.963E-05  2.916E-05  2.063E-05  1.467E-05  9.989E-06  6.607E-06  4.198E-06  2.459E-06  1.229E-06  4.319E-07  6.955E-08  5.736E-09  1.640E-10  1.037E-12
  381.5000  3.075E-02  2.936E-02  2.798E-02  2.662E-02  2.528E-02  2.397E-02  2.268E-02  2.141E-02  2.016E-02  1.894E-02  1.775E-02  1.659E-02  1.545E-02  1.435E-02  1.329E-02  1.226E-02  1.127E-02  1.034E-02  9.406E-03  8.364E-03  7.467E-03  6.702E-03  6.051E-03  5.377E-03  4.687E-03  4.215E-03  3.582E-03  3.074E-03  2.673E-03  2.284E-03  1.920E-03  1.606E-03  1.340E-03  1.113E-03  8.927E-04  7.285E-04  5.974E-04  4.719E-04  3.836E-04  3.008E-04  2.368E-04  1.868E-04  1.479E-04  1.146E-04  8.815E-05  6.629E-05  4.977E-05  3.711E-05  2.731E-05  1.932E-05  1.374E-05  9.361E-06  6.195E-06  3.940E-06  2.311E-06  1.159E-06  4.100E-07  6.688E-08  5.627E-09  1.660E-10  1.101E-12
  382.5000  2.050E-02  1.957E-02  1.865E-02  1.775E-02  1.686E-02  1.598E-02  1.512E-02  1.427E-02  1.344E-02  1.263E-02  1.183E-02  1.106E-02  1.030E-02  9.569E-03  8.859E-03  8.172E-03  7.516E-03  6.891E-03  6.269E-03  5.575E-03  4.976E-03  4.466E-03  4.032E-03  3.583E-03  3.123E-03  2.808E-03  2.386E-03  2.047E-03  1.780E-03  1.520E-03  1.278E-03  1.069E-03  8.913E-04  7.406E-04  5.937E-04  4.844E-04  3.971E-04  3.136E-04  2.549E-04  1.998E-04  1.573E-04  1.241E-04  9.820E-05  7.606E-05  5.852E-05  4.401E-05  3.304E-05  2.464E-05  1.813E-05  1.283E-05  9.129E-06  6.220E-06  4.118E-06  2.621E-06  1.541E-06  7.750E-07  2.759E-07  4.558E-08  3.912E-09  1.190E-10  8.276E-13
  383.5000  1.801E-02  1.719E-02  1.639E-02  1.559E-02  1.481E-02  1.404E-02  1.328E-02  1.254E-02  1.181E-02  1.109E-02  1.039E-02  9.714E-03  9.050E-03  8.406E-03  7.782E-03  7.179E-03  6.602E-03  6.053E-03  5.506E-03  4.896E-03  4.370E-03  3.922E-03  3.540E-03  3.145E-03  2.741E-03  2.464E-03  2.094E-03  1.796E-03  1.561E-03  1.333E-03  1.121E-03  9.372E-04  7.814E-04  6.491E-04  5.202E-04  4.244E-04  3.479E-04  2.746E-04  2.232E-04  1.749E-04  1.376E-04  1.086E-04  8.592E-05  6.654E-05  5.119E-05  3.850E-05  2.890E-05  2.156E-05  1.587E-05  1.123E-05  7.992E-06  5.446E-06  3.607E-06  2.298E-06  1.353E-06  6.827E-07  2.446E-07  4.091E-08  3.580E-09  1.123E-10  8.184E-13
  384.5000  2.704E-02  2.582E-02  2.461E-02  2.341E-02  2.223E-02  2.108E-02  1.994E-02  1.883E-02  1.773E-02  1.666E-02  1.561E-02  1.458E-02  1.359E-02  1.262E-02  1.168E-02  1.078E-02  9.911E-03  9.087E-03  8.266E-03  7.350E-03  6.560E-03  5.886E-03  5.312E-03  4.720E-03  4.113E-03  3.697E-03  3.140E-03  2.693E-03  2.341E-03  1.999E-03  1.680E-03  1.405E-03  1.171E-03  9.725E-04  7.792E-04  6.355E-04  5.208E-04  4.110E-04  3.340E-04  2.617E-04  2.059E-04  1.624E-04  1.285E-04  9.949E-05  7.654E-05  5.756E-05  4.322E-05  3.224E-05  2.373E-05  1.680E-05  1.196E-05  8.149E-06  5.401E-06  3.443E-06  2.031E-06  1.028E-06  3.706E-07  6.275E-08  5.598E-09  1.810E-10  1.381E-12
  385.5000  2.677E-02  2.555E-02  2.436E-02  2.317E-02  2.201E-02  2.086E-02  1.974E-02  1.864E-02  1.755E-02  1.649E-02  1.545E-02  1.444E-02  1.345E-02  1.249E-02  1.157E-02  1.067E-02  9.810E-03  8.994E-03  8.181E-03  7.274E-03  6.491E-03  5.824E-03  5.256E-03  4.669E-03  4.068E-03  3.657E-03  3.106E-03  2.663E-03  2.315E-03  1.976E-03  1.660E-03  1.388E-03  1.157E-03  9.605E-04  7.695E-04  6.274E-04  5.141E-04  4.056E-04  3.295E-04  2.581E-04  2.030E-04  1.601E-04  1.267E-04  9.807E-05  7.545E-05  5.674E-05  4.260E-05  3.178E-05  2.340E-05  1.656E-05  1.179E-05  8.040E-06  5.331E-06  3.402E-06  2.009E-06  1.020E-06  3.701E-07  6.344E-08  5.768E-09  1.922E-10  1.534E-12
  386.5000  2.730E-02  2.606E-02  2.484E-02  2.363E-02  2.245E-02  2.128E-02  2.013E-02  1.901E-02  1.790E-02  1.681E-02  1.576E-02  1.472E-02  1.372E-02  1.274E-02  1.179E-02  1.088E-02  1.000E-02  9.171E-03  8.341E-03  7.416E-03  6.618E-03  5.938E-03  5.358E-03  4.759E-03  4.146E-03  3.726E-03  3.164E-03  2.713E-03  2.358E-03  2.012E-03  1.690E-03  1.413E-03  1.177E-03  9.774E-04  7.828E-04  6.381E-04  5.228E-04  4.124E-04  3.349E-04  2.623E-04  2.063E-04  1.626E-04  1.287E-04  9.959E-05  7.662E-05  5.762E-05  4.327E-05  3.228E-05  2.377E-05  1.683E-05  1.198E-05  8.172E-06  5.420E-06  3.462E-06  2.048E-06  1.043E-06  3.807E-07  6.604E-08  6.118E-09  2.099E-10  1.753E-12
  387.5000  2.538E-02  2.423E-02  2.309E-02  2.197E-02  2.087E-02  1.978E-02  1.872E-02  1.767E-02  1.664E-02  1.563E-02  1.465E-02  1.369E-02  1.275E-02  1.185E-02  1.097E-02  1.011E-02  9.300E-03  8.526E-03  7.754E-03  6.894E-03  6.152E-03  5.519E-03  4.979E-03  4.422E-03  3.852E-03  3.461E-03  2.939E-03  2.519E-03  2.189E-03  1.868E-03  1.569E-03  1.311E-03  1.092E-03  9.068E-04  7.261E-04  5.917E-04  4.846E-04  3.822E-04  3.103E-04  2.430E-04  1.911E-04  1.506E-04  1.191E-04  9.221E-05  7.094E-05  5.335E-05  4.006E-05  2.989E-05  2.201E-05  1.559E-05  1.110E-05  7.572E-06  5.024E-06  3.211E-06  1.903E-06  9.722E-07  3.569E-07  6.266E-08  5.913E-09  2.088E-10  1.823E-12
  388.5000  2.545E-02  2.430E-02  2.316E-02  2.203E-02  2.093E-02  1.984E-02  1.877E-02  1.772E-02  1.669E-02  1.568E-02  1.469E-02  1.373E-02  1.279E-02  1.188E-02  1.099E-02  1.014E-02  9.324E-03  8.548E-03  7.774E-03  6.911E-03  6.167E-03  5.532E-03  4.990E-03  4.432E-03  3.860E-03  3.468E-03  2.944E-03  2.523E-03  2.192E-03  1.870E-03  1.571E-03  1.312E-03  1.093E-03  9.072E-04  7.263E-04  5.918E-04  4.846E-04  3.821E-04  3.102E-04  2.428E-04  1.909E-04  1.504E-04  1.190E-04  9.208E-05  7.083E-05  5.326E-05  4.000E-05  2.985E-05  2.199E-05  1.557E-05  1.109E-05  7.566E-06  5.023E-06  3.213E-06  1.907E-06  9.770E-07  3.607E-07  6.408E-08  6.159E-09  2.239E-10  2.041E-12
  389.5000  3.211E-02  3.065E-02  2.922E-02  2.780E-02  2.640E-02  2.503E-02  2.368E-02  2.236E-02  2.106E-02  1.978E-02  1.853E-02  1.732E-02  1.614E-02  1.499E-02  1.387E-02  1.279E-02  1.176E-02  1.078E-02  9.806E-03  8.718E-03  7.778E-03  6.976E-03  6.293E-03  5.588E-03  4.866E-03  4.371E-03  3.710E-03  3.180E-03  2.762E-03  2.356E-03  1.978E-03  1.653E-03  1.376E-03  1.142E-03  9.141E-04  7.446E-04  6.096E-04  4.805E-04  3.900E-04  3.053E-04  2.399E-04  1.890E-04  1.495E-04  1.157E-04  8.898E-05  6.692E-05  5.025E-05  3.750E-05  2.763E-05  1.957E-05  1.394E-05  9.513E-06  6.318E-06  4.044E-06  2.404E-06  1.235E-06  4.588E-07  8.245E-08  8.068E-09  3.017E-10  2.872E-12
  390.5000  3.155E-02  3.012E-02  2.871E-02  2.732E-02  2.595E-02  2.460E-02  2.327E-02  2.197E-02  2.069E-02  1.944E-02  1.821E-02  1.702E-02  1.586E-02  1.473E-02  1.363E-02  1.257E-02  1.156E-02  1.060E-02  9.635E-03  8.565E-03  7.642E-03  6.854E-03  6.182E-03  5.488E-03  4.779E-03  4.292E-03  3.643E-03  3.121E-03  2.711E-03  2.312E-03  1.941E-03  1.621E-03  1.350E-03  1.120E-03  8.962E-04  7.299E-04  5.974E-04  4.708E-04  3.820E-04  2.989E-04  2.349E-04  1.851E-04  1.463E-04  1.132E-04  8.708E-05  6.548E-05  4.918E-05  3.670E-05  2.704E-05  1.916E-05  1.365E-05  9.317E-06  6.190E-06  3.966E-06  2.361E-06  1.217E-06  4.544E-07  8.261E-08  8.229E-09  3.164E-10  3.143E-12
  391.5000  3.745E-02  3.576E-02  3.408E-02  3.243E-02  3.080E-02  2.920E-02  2.763E-02  2.608E-02  2.456E-02  2.307E-02  2.162E-02  2.020E-02  1.882E-02  1.748E-02  1.618E-02  1.492E-02  1.372E-02  1.258E-02  1.144E-02  1.017E-02  9.069E-03  8.133E-03  7.334E-03  6.511E-03  5.669E-03  5.091E-03  4.320E-03  3.701E-03  3.214E-03  2.741E-03  2.300E-03  1.921E-03  1.599E-03  1.327E-03  1.061E-03  8.641E-04  7.071E-04  5.571E-04  4.519E-04  3.536E-04  2.777E-04  2.188E-04  1.730E-04  1.338E-04  1.029E-04  7.740E-05  5.813E-05  4.338E-05  3.197E-05  2.265E-05  1.615E-05  1.102E-05  7.326E-06  4.697E-06  2.800E-06  1.447E-06  5.435E-07  9.994E-08  1.013E-08  4.005E-10  4.150E-12
  392.5000  2.810E-02  2.683E-02  2.557E-02  2.433E-02  2.311E-02  2.191E-02  2.073E-02  1.957E-02  1.843E-02  1.731E-02  1.622E-02  1.516E-02  1.412E-02  1.312E-02  1.214E-02  1.120E-02  1.029E-02  9.434E-03  8.578E-03  7.625E-03  6.802E-03  6.100E-03  5.500E-03  4.883E-03  4.250E-03  3.817E-03  3.238E-03  2.774E-03  2.408E-03  2.054E-03  1.723E-03  1.439E-03  1.198E-03  9.931E-04  7.943E-04  6.466E-04  5.290E-04  4.167E-04  3.379E-04  2.643E-04  2.076E-04  1.635E-04  1.292E-04  9.998E-05  7.689E-05  5.782E-05  4.343E-05  3.241E-05  2.389E-05  1.693E-05  1.207E-05  8.240E-06  5.479E-06  3.515E-06  2.099E-06  1.088E-06  4.108E-07  7.639E-08  7.881E-09  3.201E-10  3.457E-12
  393.5000  1.222E-02  1.167E-02  1.112E-02  1.058E-02  1.005E-02  9.529E-03  9.016E-03  8.511E-03  8.017E-03  7.530E-03  7.056E-03  6.593E-03  6.142E-03  5.704E-03  5.280E-03  4.869E-03  4.476E-03  4.103E-03  3.731E-03  3.316E-03  2.958E-03  2.652E-03  2.391E-03  2.122E-03  1.847E-03  1.659E-03  1.407E-03  1.205E-03  1.046E-03  8.919E-04  7.482E-04  6.247E-04  5.198E-04  4.310E-04  3.446E-04  2.805E-04  2.294E-04  1.807E-04  1.465E-04  1.146E-04  8.996E-05  7.084E-05  5.598E-05  4.330E-05  3.330E-05  2.504E-05  1.881E-05  1.404E-05  1.035E-05  7.334E-06  5.230E-06  3.571E-06  2.376E-06  1.525E-06  9.120E-07  4.739E-07  1.800E-07  3.383E-08  3.551E-09  1.482E-10  1.667E-12
  394.5000  2.877E-02  2.747E-02  2.618E-02  2.491E-02  2.366E-02  2.243E-02  2.122E-02  2.004E-02  1.887E-02  1.773E-02  1.661E-02  1.552E-02  1.446E-02  1.343E-02  1.243E-02  1.146E-02  1.054E-02  9.657E-03  8.781E-03  7.805E-03  6.961E-03  6.241E-03  5.627E-03  4.994E-03  4.346E-03  3.901E-03  3.309E-03  2.834E-03  2.460E-03  2.096E-03  1.758E-03  1.468E-03  1.221E-03  1.012E-03  8.093E-04  6.585E-04  5.385E-04  4.240E-04  3.437E-04  2.687E-04  2.110E-04  1.661E-04  1.312E-04  1.015E-04  7.806E-05  5.870E-05  4.409E-05  3.291E-05  2.427E-05  1.720E-05  1.227E-05  8.377E-06  5.575E-06  3.582E-06  2.145E-06  1.117E-06  4.266E-07  8.108E-08  8.655E-09  3.709E-10  4.346E-12
  395.5000  3.703E-02  3.536E-02  3.370E-02  3.207E-02  3.046E-02  2.888E-02  2.732E-02  2.579E-02  2.429E-02  2.282E-02  2.138E-02  1.998E-02  1.861E-02  1.729E-02  1.600E-02  1.475E-02  1.356E-02  1.243E-02  1.130E-02  1.004E-02  8.958E-03  8.031E-03  7.240E-03  6.425E-03  5.590E-03  5.018E-03  4.255E-03  3.643E-03  3.162E-03  2.695E-03  2.259E-03  1.886E-03  1.569E-03  1.300E-03  1.039E-03  8.454E-04  6.912E-04  5.440E-04  4.410E-04  3.447E-04  2.705E-04  2.130E-04  1.683E-04  1.301E-04  1.001E-04  7.523E-05  5.651E-05  4.219E-05  3.111E-05  2.205E-05  1.573E-05  1.075E-05  7.153E-06  4.599E-06  2.757E-06  1.440E-06  5.529E-07  1.062E-07  1.153E-08  5.073E-10  6.186E-12
  396.5000  2.176E-02  2.077E-02  1.980E-02  1.884E-02  1.789E-02  1.696E-02  1.605E-02  1.515E-02  1.427E-02  1.341E-02  1.256E-02  1.174E-02  1.094E-02  1.016E-02  9.399E-03  8.667E-03  7.967E-03  7.301E-03  6.638E-03  5.900E-03  5.262E-03  4.717E-03  4.251E-03  3.772E-03  3.282E-03  2.946E-03  2.498E-03  2.138E-03  1.855E-03  1.581E-03  1.325E-03  1.106E-03  9.199E-04  7.623E-04  6.091E-04  4.954E-04  4.049E-04  3.186E-04  2.582E-04  2.018E-04  1.583E-04  1.246E-04  9.844E-05  7.612E-05  5.853E-05  4.401E-05  3.306E-05  2.468E-05  1.820E-05  1.290E-05  9.207E-06  6.291E-06  4.189E-06  2.695E-06  1.618E-06  8.476E-07  3.271E-07  6.351E-08  7.009E-09  3.165E-10  4.014E-12
  397.5000  2.512E-02  2.398E-02  2.286E-02  2.175E-02  2.066E-02  1.959E-02  1.853E-02  1.750E-02  1.648E-02  1.548E-02  1.450E-02  1.355E-02  1.263E-02  1.172E-02  1.085E-02  1.001E-02  9.198E-03  8.429E-03  7.663E-03  6.811E-03  6.074E-03  5.444E-03  4.907E-03  4.353E-03  3.787E-03  3.399E-03  2.881E-03  2.466E-03  2.140E-03  1.823E-03  1.528E-03  1.275E-03  1.060E-03  8.782E-04  7.016E-04  5.705E-04  4.662E-04  3.668E-04  2.971E-04  2.322E-04  1.821E-04  1.433E-04  1.132E-04  8.751E-05  6.729E-05  5.059E-05  3.800E-05  2.838E-05  2.093E-05  1.484E-05  1.059E-05  7.237E-06  4.822E-06  3.104E-06  1.866E-06  9.801E-07  3.802E-07  7.461E-08  8.370E-09  3.877E-10  5.112E-12
  398.5000  4.318E-02  4.122E-02  3.930E-02  3.739E-02  3.552E-02  3.367E-02  3.186E-02  3.008E-02  2.833E-02  2.661E-02  2.493E-02  2.330E-02  2.171E-02  2.016E-02  1.866E-02  1.720E-02  1.581E-02  1.449E-02  1.317E-02  1.171E-02  1.044E-02  9.357E-03  8.432E-03  7.481E-03  6.507E-03  5.839E-03  4.949E-03  4.235E-03  3.674E-03  3.129E-03  2.623E-03  2.188E-03  1.819E-03  1.507E-03  1.203E-03  9.782E-04  7.992E-04  6.286E-04  5.092E-04  3.977E-04  3.120E-04  2.455E-04  1.938E-04  1.498E-04  1.152E-04  8.661E-05  6.506E-05  4.858E-05  3.584E-05  2.541E-05  1.814E-05  1.240E-05  8.263E-06  5.324E-06  3.205E-06  1.687E-06  6.579E-07  1.305E-07  1.488E-08  7.067E-10  9.682E-12
  399.5000  4.493E-02  4.290E-02  4.089E-02  3.891E-02  3.696E-02  3.504E-02  3.315E-02  3.130E-02  2.948E-02  2.769E-02  2.595E-02  2.425E-02  2.259E-02  2.097E-02  1.941E-02  1.790E-02  1.645E-02  1.508E-02  1.371E-02  1.218E-02  1.086E-02  9.734E-03  8.771E-03  7.781E-03  6.767E-03  6.071E-03  5.145E-03  4.403E-03  3.819E-03  3.252E-03  2.725E-03  2.273E-03  1.889E-03  1.564E-03  1.249E-03  1.015E-03  8.293E-04  6.521E-04  5.281E-04  4.124E-04  3.234E-04  2.544E-04  2.009E-04  1.552E-04  1.194E-04  8.974E-05  6.741E-05  5.034E-05  3.714E-05  2.634E-05  1.881E-05  1.286E-05  8.571E-06  5.526E-06  3.331E-06  1.758E-06  6.890E-07  1.380E-07  1.599E-08  7.789E-10  1.108E-11
------------------------------------------------------------
Dose rates,W m-2
   1 = UV index (WMO, 1994; Webb et al., 2011)           
   2 = Previtamin-D3 (CIE 2006)                          
values at z =      0.025 km
Columns: time,sza,weighting spectra
time,hrs.  sza,deg.          1          2
   18.0000     86.488  6.827E-02  1.130E-03
   18.0167     86.684  6.477E-02  1.069E-03
   18.0333     86.880  6.136E-02  1.011E-03
   18.0500     87.076  5.804E-02  9.548E-04
   18.0667     87.272  5.482E-02  9.011E-04
   18.0833     87.469  5.170E-02  8.495E-04
   18.1000     87.665  4.867E-02  8.001E-04
   18.1167     87.862  4.574E-02  7.527E-04
   18.1333     88.058  4.290E-02  7.073E-04
   18.1500     88.256  4.015E-02  6.637E-04
   18.1667     88.453  3.750E-02  6.220E-04
   18.1833     88.651  3.494E-02  5.821E-04
   18.2000     88.848  3.249E-02  5.440E-04
   18.2167     89.046  3.013E-02  5.075E-04
   18.2333     89.244  2.787E-02  4.729E-04
   18.2500     89.442  2.570E-02  4.394E-04
   18.2667     89.640  2.365E-02  4.080E-04
   18.2833     89.839  2.172E-02  3.783E-04
   18.3000     90.037  1.981E-02  3.489E-04
   18.3167     90.236  1.770E-02  3.160E-04
   18.3333     90.435  1.589E-02  2.877E-04
   18.3500     90.634  1.435E-02  2.635E-04
   18.3667     90.833  1.303E-02  2.427E-04
   18.3833     91.033  1.167E-02  2.208E-04
   18.4000     91.232  1.029E-02  1.981E-04
   18.4167     91.432  9.310E-03  1.816E-04
   18.4333     91.632  8.040E-03  1.605E-04
   18.4500     91.832  6.996E-03  1.424E-04
   18.4667     92.032  6.158E-03  1.275E-04
   18.4833     92.232  5.349E-03  1.131E-04
   18.5000     92.433  4.578E-03  9.878E-05
   18.5167     92.634  3.904E-03  8.589E-05
   18.5333     92.834  3.319E-03  7.440E-05
   18.5500     93.035  2.805E-03  6.372E-05
   18.5667     93.236  2.306E-03  5.342E-05
   18.5833     93.437  1.919E-03  4.509E-05
   18.6000     93.638  1.602E-03  3.805E-05
   18.6167     93.840  1.287E-03  3.080E-05
   18.6333     94.042  1.059E-03  2.544E-05
   18.6500     94.243  8.402E-04  2.020E-05
   18.6667     94.445  6.648E-04  1.591E-05
   18.6833     94.647  5.242E-04  1.244E-05
   18.7000     94.849  4.118E-04  9.628E-06
   18.7167     95.052  3.167E-04  7.294E-06
   18.7333     95.254  2.386E-04  5.350E-06
   18.7500     95.456  1.754E-04  3.799E-06
   18.7667     95.659  1.267E-04  2.583E-06
   18.7833     95.861  8.923E-05  1.635E-06
   18.8000     96.065  6.001E-05  8.962E-07
   18.8167     96.268  3.864E-05  4.295E-07
   18.8333     96.471  2.440E-05  1.726E-07
   18.8500     96.674  1.489E-05  6.110E-08
   18.8667     96.877  8.795E-06  1.965E-08
   18.8833     97.080  4.964E-06  5.863E-09
   18.9000     97.284  2.524E-06  1.455E-09
   18.9167     97.488  1.065E-06  2.844E-10
   18.9333     97.692  3.014E-07  3.575E-11
   18.9500     97.895  3.674E-08  1.608E-12
   18.9667     98.099  2.379E-09  2.748E-14
   18.9833     98.303  6.269E-11  6.824E-17
   19.0000     98.508  5.109E-13  1.070E-20
------------------------------------------------------------
