Spectral Irradiance,W m-2 nm-1
values at z =      0.025 km
Columns: wavelength (nm),times (hrs.) or sza (deg.)
    wc,nm     18.000     18.017     18.033     18.050     18.067     18.083     18.100     18.117     18.133     18.150     18.167     18.183     18.200     18.217     18.233     18.250     18.267     18.283     18.300     18.317     18.333     18.350     18.367     18.383     18.400     18.417     18.433     18.450     18.467     18.483     18.500     18.517     18.533     18.550     18.567     18.583     18.600     18.617     18.633     18.650     18.667     18.683     18.700     18.717     18.733     18.750     18.767     18.783     18.800     18.817     18.833     18.850     18.867     18.883     18.900     18.917     18.933     18.950     18.967     18.983     19.000
    sza =      89.353     89.543     89.733     89.924     90.114     90.305     90.496     90.687     90.878     91.070     91.262     91.454     91.646     91.838     92.030     92.223     92.416     92.609     92.803     92.996     93.190     93.384     93.578     93.772     93.966     94.161     94.356     94.551     94.746     94.941     95.136     95.332     95.528     95.724     95.920     96.116     96.313     96.510     96.706     96.903     97.100     97.298     97.495     97.693     97.891     98.088     98.286     98.485     98.683     98.882     99.080     99.279     99.478     99.677     99.876    100.076    100.275    100.475    100.675    100.874    101.075
  280.5000  3.770E-28  3.586E-28  3.404E-28  3.225E-28  3.005E-28  2.781E-28  2.586E-28  2.414E-28  2.263E-28  2.062E-28  1.892E-28  1.726E-28  1.562E-28  1.391E-28  1.252E-28  1.113E-28  9.709E-29  8.420E-29  7.252E-29  6.196E-29  5.252E-29  4.265E-29  3.489E-29  2.818E-29  2.099E-29  1.571E-29  1.052E-29  6.351E-30  3.322E-30  1.441E-30  3.597E-31  4.244E-32  8.729E-34  1.152E-36  1.681E-41  0.000E+00  0.000E+00  0.000E+00  0.000E+00  0.000E+00  0.000E+00  0.000E+00  0.000E+00  0.000E+00  0.000E+00  0.000E+00  0.000E+00  0.000E+00  0.000E+00  0.000E+00  0.000E+00  0.000E+00  0.000E+00  0.000E+00  0.000E+00  0.000E+00  0.000E+00  0.000E+00  0.000E+00  0.000E+00  0.000E+00
  281.5000  1.092E-25  1.039E-25  9.868E-26  9.351E-26  8.715E-26  8.069E-26  7.505E-26  7.009E-26  6.571E-26  5.990E-26  5.497E-26  5.015E-26  4.541E-26  4.045E-26  3.642E-26  3.239E-26  2.825E-26  2.451E-26  2.112E-26  1.805E-26  1.532E-26  1.245E-26  1.021E-26  8.282E-27  6.224E-27  4.712E-27  3.217E-27  2.003E-27  1.097E-27  5.073E-28  1.422E-28  2.015E-29  5.828E-31  1.378E-33  5.394E-38  4.204E-45  0.000E+00  0.000E+00  0.000E+00  0.000E+00  0.000E+00  0.000E+00  0.000E+00  0.000E+00  0.000E+00  0.000E+00  0.000E+00  0.000E+00  0.000E+00  0.000E+00  0.000E+00  0.000E+00  0.000E+00  0.000E+00  0.000E+00  0.000E+00  0.000E+00  0.000E+00  0.000E+00  0.000E+00  0.000E+00
  282.5000  9.746E-24  9.276E-24  8.809E-24  8.349E-24  7.783E-24  7.209E-24  6.706E-24  6.265E-24  5.876E-24  5.358E-24  4.917E-24  4.487E-24  4.064E-24  3.621E-24  3.262E-24  2.902E-24  2.532E-24  2.197E-24  1.894E-24  1.620E-24  1.375E-24  1.119E-24  9.196E-25  7.484E-25  5.666E-25  4.331E-25  3.005E-25  1.921E-25  1.094E-25  5.353E-26  1.661E-26  2.767E-27  1.083E-28  4.292E-31  4.003E-35  1.372E-41  0.000E+00  0.000E+00  0.000E+00  0.000E+00  0.000E+00  0.000E+00  0.000E+00  0.000E+00  0.000E+00  0.000E+00  0.000E+00  0.000E+00  0.000E+00  0.000E+00  0.000E+00  0.000E+00  0.000E+00  0.000E+00  0.000E+00  0.000E+00  0.000E+00  0.000E+00  0.000E+00  0.000E+00  0.000E+00
  283.5000  1.626E-22  1.547E-22  1.470E-22  1.393E-22  1.299E-22  1.203E-22  1.120E-22  1.046E-22  9.814E-23  8.950E-23  8.216E-23  7.500E-23  6.794E-23  6.078E-23  5.455E-23  4.853E-23  4.236E-23  3.676E-23  3.170E-23  2.712E-23  2.304E-23  1.877E-23  1.544E-23  1.259E-23  9.576E-24  7.366E-24  5.164E-24  3.356E-24  1.961E-24  9.949E-25  3.298E-25  6.111E-26  2.921E-27  1.626E-29  2.680E-33  2.326E-39  0.000E+00  0.000E+00  0.000E+00  0.000E+00  0.000E+00  0.000E+00  0.000E+00  0.000E+00  0.000E+00  0.000E+00  0.000E+00  0.000E+00  0.000E+00  0.000E+00  0.000E+00  0.000E+00  0.000E+00  0.000E+00  0.000E+00  0.000E+00  0.000E+00  0.000E+00  0.000E+00  0.000E+00  0.000E+00
  284.5000  1.686E-20  1.605E-20  1.525E-20  1.446E-20  1.349E-20  1.250E-20  1.164E-20  1.088E-20  1.021E-20  9.315E-21  8.555E-21  7.813E-21  7.081E-21  6.314E-21  5.691E-21  5.066E-21  4.423E-21  3.841E-21  3.314E-21  2.837E-21  2.412E-21  1.968E-21  1.622E-21  1.328E-21  1.018E-21  7.911E-22  5.643E-22  3.773E-22  2.300E-22  1.240E-22  4.589E-23  1.015E-23  6.764E-25  6.662E-27  2.885E-30  1.232E-35  2.242E-44  0.000E+00  0.000E+00  0.000E+00  0.000E+00  0.000E+00  0.000E+00  0.000E+00  0.000E+00  0.000E+00  0.000E+00  0.000E+00  0.000E+00  0.000E+00  0.000E+00  0.000E+00  0.000E+00  0.000E+00  0.000E+00  0.000E+00  0.000E+00  0.000E+00  0.000E+00  0.000E+00  0.000E+00
  285.5000  3.273E-19  3.117E-19  2.963E-19  2.810E-19  2.622E-19  2.430E-19  2.263E-19  2.116E-19  1.987E-19  1.814E-19  1.667E-19  1.523E-19  1.380E-19  1.232E-19  1.111E-19  9.888E-20  8.638E-20  7.505E-20  6.477E-20  5.549E-20  4.721E-20  3.856E-20  3.183E-20  2.613E-20  2.014E-20  1.577E-20  1.139E-20  7.779E-21  4.896E-21  2.766E-21  1.115E-21  2.833E-22  2.453E-23  3.785E-25  3.482E-28  5.070E-33  6.736E-41  0.000E+00  0.000E+00  0.000E+00  0.000E+00  0.000E+00  0.000E+00  0.000E+00  0.000E+00  0.000E+00  0.000E+00  0.000E+00  0.000E+00  0.000E+00  0.000E+00  0.000E+00  0.000E+00  0.000E+00  0.000E+00  0.000E+00  0.000E+00  0.000E+00  0.000E+00  0.000E+00  0.000E+00
  286.5000  1.443E-17  1.375E-17  1.307E-17  1.240E-17  1.157E-17  1.073E-17  9.992E-18  9.347E-18  8.778E-18  8.016E-18  7.367E-18  6.733E-18  6.107E-18  5.451E-18  4.917E-18  4.380E-18  3.827E-18  3.327E-18  2.872E-18  2.462E-18  2.096E-18  1.713E-18  1.416E-18  1.165E-18  9.015E-19  7.099E-19  5.177E-19  3.591E-19  2.316E-19  1.355E-19  5.833E-20  1.649E-20  1.750E-21  3.828E-23  6.320E-26  2.375E-30  1.478E-37  0.000E+00  0.000E+00  0.000E+00  0.000E+00  0.000E+00  0.000E+00  0.000E+00  0.000E+00  0.000E+00  0.000E+00  0.000E+00  0.000E+00  0.000E+00  0.000E+00  0.000E+00  0.000E+00  0.000E+00  0.000E+00  0.000E+00  0.000E+00  0.000E+00  0.000E+00  0.000E+00  0.000E+00
  287.5000  3.589E-16  3.419E-16  3.250E-16  3.084E-16  2.879E-16  2.670E-16  2.488E-16  2.328E-16  2.187E-16  1.998E-16  1.838E-16  1.680E-16  1.525E-16  1.362E-16  1.229E-16  1.095E-16  9.574E-17  8.326E-17  7.192E-17  6.169E-17  5.255E-17  4.299E-17  3.558E-17  2.933E-17  2.280E-17  1.806E-17  1.331E-17  9.381E-18  6.207E-18  3.770E-18  1.740E-18  5.512E-19  7.263E-20  2.308E-21  7.167E-24  7.523E-28  2.520E-34  1.682E-44  0.000E+00  0.000E+00  0.000E+00  0.000E+00  0.000E+00  0.000E+00  0.000E+00  0.000E+00  0.000E+00  0.000E+00  0.000E+00  0.000E+00  0.000E+00  0.000E+00  0.000E+00  0.000E+00  0.000E+00  0.000E+00  0.000E+00  0.000E+00  0.000E+00  0.000E+00  0.000E+00
  288.5000  8.936E-15  8.514E-15  8.095E-15  7.684E-15  7.174E-15  6.656E-15  6.204E-15  5.806E-15  5.460E-15  4.990E-15  4.591E-15  4.201E-15  3.814E-15  3.408E-15  3.078E-15  2.745E-15  2.401E-15  2.089E-15  1.806E-15  1.550E-15  1.322E-15  1.082E-15  8.971E-16  7.413E-16  5.790E-16  4.615E-16  3.435E-16  2.464E-16  1.675E-16  1.059E-16  5.266E-17  1.888E-17  3.154E-18  1.511E-19  9.398E-22  3.042E-25  6.423E-31  8.296E-40  0.000E+00  0.000E+00  0.000E+00  0.000E+00  0.000E+00  0.000E+00  0.000E+00  0.000E+00  0.000E+00  0.000E+00  0.000E+00  0.000E+00  0.000E+00  0.000E+00  0.000E+00  0.000E+00  0.000E+00  0.000E+00  0.000E+00  0.000E+00  0.000E+00  0.000E+00  0.000E+00
  289.5000  1.548E-13  1.475E-13  1.403E-13  1.332E-13  1.244E-13  1.154E-13  1.076E-13  1.008E-13  9.474E-14  8.663E-14  7.973E-14  7.298E-14  6.630E-14  5.928E-14  5.356E-14  4.778E-14  4.182E-14  3.641E-14  3.149E-14  2.705E-14  2.308E-14  1.891E-14  1.569E-14  1.299E-14  1.018E-14  8.147E-15  6.108E-15  4.435E-15  3.074E-15  2.000E-15  1.051E-15  4.128E-16  8.226E-17  5.353E-18  5.575E-20  4.125E-23  3.320E-28  3.584E-36  0.000E+00  0.000E+00  0.000E+00  0.000E+00  0.000E+00  0.000E+00  0.000E+00  0.000E+00  0.000E+00  0.000E+00  0.000E+00  0.000E+00  0.000E+00  0.000E+00  0.000E+00  0.000E+00  0.000E+00  0.000E+00  0.000E+00  0.000E+00  0.000E+00  0.000E+00  0.000E+00
  290.5000  1.632E-12  1.555E-12  1.479E-12  1.404E-12  1.311E-12  1.217E-12  1.135E-12  1.063E-12  1.000E-12  9.148E-13  8.422E-13  7.713E-13  7.009E-13  6.270E-13  5.669E-13  5.059E-13  4.431E-13  3.860E-13  3.340E-13  2.870E-13  2.450E-13  2.010E-13  1.669E-13  1.383E-13  1.087E-13  8.730E-14  6.582E-14  4.827E-14  3.397E-14  2.262E-14  1.242E-14  5.262E-15  1.212E-15  1.016E-16  1.625E-18  2.396E-21  5.908E-26  3.784E-33  5.605E-44  0.000E+00  0.000E+00  0.000E+00  0.000E+00  0.000E+00  0.000E+00  0.000E+00  0.000E+00  0.000E+00  0.000E+00  0.000E+00  0.000E+00  0.000E+00  0.000E+00  0.000E+00  0.000E+00  0.000E+00  0.000E+00  0.000E+00  0.000E+00  0.000E+00  0.000E+00
  291.5000  1.549E-11  1.476E-11  1.404E-11  1.333E-11  1.245E-11  1.156E-11  1.078E-11  1.010E-11  9.505E-12  8.698E-12  8.012E-12  7.340E-12  6.674E-12  5.974E-12  5.405E-12  4.826E-12  4.230E-12  3.687E-12  3.193E-12  2.746E-12  2.346E-12  1.926E-12  1.601E-12  1.329E-12  1.047E-12  8.443E-13  6.405E-13  4.746E-13  3.396E-13  2.318E-13  1.335E-13  6.128E-14  1.652E-14  1.823E-15  4.680E-17  1.482E-19  1.278E-23  6.044E-30  1.939E-39  0.000E+00  0.000E+00  0.000E+00  0.000E+00  0.000E+00  0.000E+00  0.000E+00  0.000E+00  0.000E+00  0.000E+00  0.000E+00  0.000E+00  0.000E+00  0.000E+00  0.000E+00  0.000E+00  0.000E+00  0.000E+00  0.000E+00  0.000E+00  0.000E+00  0.000E+00
  292.5000  9.191E-11  8.758E-11  8.329E-11  7.908E-11  7.387E-11  6.858E-11  6.398E-11  5.995E-11  5.642E-11  5.164E-11  4.759E-11  4.362E-11  3.968E-11  3.553E-11  3.224E-11  2.874E-11  2.520E-11  2.198E-11  1.905E-11  1.639E-11  1.401E-11  1.152E-11  9.582E-12  7.965E-12  6.289E-12  5.086E-12  3.878E-12  2.897E-12  2.101E-12  1.464E-12  8.770E-13  4.309E-13  1.327E-13  1.853E-14  7.105E-16  4.276E-18  1.042E-21  2.540E-27  9.961E-36  1.401E-45  0.000E+00  0.000E+00  0.000E+00  0.000E+00  0.000E+00  0.000E+00  0.000E+00  0.000E+00  0.000E+00  0.000E+00  0.000E+00  0.000E+00  0.000E+00  0.000E+00  0.000E+00  0.000E+00  0.000E+00  0.000E+00  0.000E+00  0.000E+00  0.000E+00
  293.5000  6.229E-10  5.934E-10  5.643E-10  5.358E-10  5.004E-10  4.646E-10  4.335E-10  4.063E-10  3.824E-10  3.501E-10  3.227E-10  2.959E-10  2.693E-10  2.413E-10  2.186E-10  1.954E-10  1.715E-10  1.497E-10  1.298E-10  1.118E-10  9.562E-11  7.864E-11  6.550E-11  5.451E-11  4.314E-11  3.498E-11  2.679E-11  2.016E-11  1.480E-11  1.050E-11  6.516E-12  3.404E-12  1.185E-12  2.052E-13  1.141E-14  1.249E-16  8.071E-20  9.214E-25  3.815E-32  8.911E-42  0.000E+00  0.000E+00  0.000E+00  0.000E+00  0.000E+00  0.000E+00  0.000E+00  0.000E+00  0.000E+00  0.000E+00  0.000E+00  0.000E+00  0.000E+00  0.000E+00  0.000E+00  0.000E+00  0.000E+00  0.000E+00  0.000E+00  0.000E+00  0.000E+00
  294.5000  2.322E-09  2.212E-09  2.103E-09  1.996E-09  1.864E-09  1.731E-09  1.615E-09  1.514E-09  1.425E-09  1.305E-09  1.203E-09  1.103E-09  1.004E-09  9.004E-10  8.157E-10  7.298E-10  6.408E-10  5.597E-10  4.856E-10  4.185E-10  3.583E-10  2.949E-10  2.458E-10  2.048E-10  1.623E-10  1.319E-10  1.014E-10  7.675E-11  5.686E-11  4.091E-11  2.614E-11  1.436E-11  5.526E-12  1.144E-12  8.652E-14  1.544E-15  2.196E-18  8.605E-23  2.299E-29  6.238E-38  0.000E+00  0.000E+00  0.000E+00  0.000E+00  0.000E+00  0.000E+00  0.000E+00  0.000E+00  0.000E+00  0.000E+00  0.000E+00  0.000E+00  0.000E+00  0.000E+00  0.000E+00  0.000E+00  0.000E+00  0.000E+00  0.000E+00  0.000E+00  0.000E+00
  295.5000  1.202E-08  1.144E-08  1.088E-08  1.032E-08  9.638E-09  8.947E-09  8.346E-09  7.822E-09  7.363E-09  6.744E-09  6.218E-09  5.705E-09  5.196E-09  4.660E-09  4.226E-09  3.781E-09  3.322E-09  2.904E-09  2.521E-09  2.174E-09  1.863E-09  1.535E-09  1.281E-09  1.068E-09  8.483E-10  6.908E-10  5.327E-10  4.057E-10  3.033E-10  2.213E-10  1.454E-10  8.395E-11  3.570E-11  8.843E-12  9.138E-13  2.693E-14  8.678E-17  1.229E-20  2.309E-26  8.181E-34  4.204E-44  0.000E+00  0.000E+00  0.000E+00  0.000E+00  0.000E+00  0.000E+00  0.000E+00  0.000E+00  0.000E+00  0.000E+00  0.000E+00  0.000E+00  0.000E+00  0.000E+00  0.000E+00  0.000E+00  0.000E+00  0.000E+00  0.000E+00  0.000E+00
  296.5000  3.857E-08  3.671E-08  3.487E-08  3.308E-08  3.089E-08  2.866E-08  2.673E-08  2.505E-08  2.358E-08  2.160E-08  1.991E-08  1.828E-08  1.665E-08  1.494E-08  1.355E-08  1.213E-08  1.067E-08  9.328E-09  8.105E-09  6.995E-09  5.998E-09  4.946E-09  4.130E-09  3.448E-09  2.743E-09  2.238E-09  1.731E-09  1.324E-09  9.977E-10  7.362E-10  4.953E-10  2.983E-10  1.382E-10  3.996E-11  5.408E-12  2.453E-13  1.592E-15  6.720E-19  6.513E-24  1.967E-30  1.947E-39  0.000E+00  0.000E+00  0.000E+00  0.000E+00  0.000E+00  0.000E+00  0.000E+00  0.000E+00  0.000E+00  0.000E+00  0.000E+00  0.000E+00  0.000E+00  0.000E+00  0.000E+00  0.000E+00  0.000E+00  0.000E+00  0.000E+00  0.000E+00
  297.5000  1.270E-07  1.208E-07  1.147E-07  1.088E-07  1.015E-07  9.417E-08  8.780E-08  8.225E-08  7.740E-08  7.089E-08  6.537E-08  6.000E-08  5.466E-08  4.906E-08  4.452E-08  3.987E-08  3.508E-08  3.070E-08  2.669E-08  2.305E-08  1.978E-08  1.633E-08  1.365E-08  1.141E-08  9.087E-09  7.425E-09  5.757E-09  4.422E-09  3.353E-09  2.497E-09  1.713E-09  1.069E-09  5.324E-10  1.757E-10  3.000E-11  1.976E-12  2.362E-14  2.586E-17  1.051E-21  2.070E-27  2.747E-35  0.000E+00  0.000E+00  0.000E+00  0.000E+00  0.000E+00  0.000E+00  0.000E+00  0.000E+00  0.000E+00  0.000E+00  0.000E+00  0.000E+00  0.000E+00  0.000E+00  0.000E+00  0.000E+00  0.000E+00  0.000E+00  0.000E+00  0.000E+00
  298.5000  2.411E-07  2.292E-07  2.175E-07  2.061E-07  1.922E-07  1.783E-07  1.661E-07  1.556E-07  1.464E-07  1.340E-07  1.236E-07  1.134E-07  1.033E-07  9.277E-08  8.421E-08  7.544E-08  6.641E-08  5.815E-08  5.060E-08  4.373E-08  3.755E-08  3.103E-08  2.595E-08  2.171E-08  1.732E-08  1.417E-08  1.101E-08  8.487E-09  6.468E-09  4.856E-09  3.386E-09  2.176E-09  1.153E-09  4.261E-10  8.889E-11  8.069E-12  1.630E-13  4.037E-16  5.561E-20  5.359E-25  6.348E-32  1.603E-41  0.000E+00  0.000E+00  0.000E+00  0.000E+00  0.000E+00  0.000E+00  0.000E+00  0.000E+00  0.000E+00  0.000E+00  0.000E+00  0.000E+00  0.000E+00  0.000E+00  0.000E+00  0.000E+00  0.000E+00  0.000E+00  0.000E+00
  299.5000  8.398E-07  7.977E-07  7.565E-07  7.164E-07  6.679E-07  6.190E-07  5.765E-07  5.396E-07  5.074E-07  4.646E-07  4.282E-07  3.930E-07  3.580E-07  3.214E-07  2.918E-07  2.615E-07  2.303E-07  2.018E-07  1.757E-07  1.519E-07  1.306E-07  1.080E-07  9.040E-08  7.568E-08  6.047E-08  4.954E-08  3.858E-08  2.982E-08  2.283E-08  1.726E-08  1.220E-08  8.046E-09  4.499E-09  1.839E-09  4.593E-10  5.579E-11  1.825E-12  9.604E-15  4.116E-18  1.760E-22  1.647E-28  7.304E-37  0.000E+00  0.000E+00  0.000E+00  0.000E+00  0.000E+00  0.000E+00  0.000E+00  0.000E+00  0.000E+00  0.000E+00  0.000E+00  0.000E+00  0.000E+00  0.000E+00  0.000E+00  0.000E+00  0.000E+00  0.000E+00  0.000E+00
  300.5000  1.119E-06  1.062E-06  1.007E-06  9.527E-07  8.876E-07  8.221E-07  7.653E-07  7.159E-07  6.728E-07  6.158E-07  5.673E-07  5.206E-07  4.741E-07  4.257E-07  3.866E-07  3.465E-07  3.052E-07  2.676E-07  2.331E-07  2.017E-07  1.734E-07  1.436E-07  1.203E-07  1.008E-07  8.062E-08  6.612E-08  5.158E-08  3.997E-08  3.072E-08  2.333E-08  1.669E-08  1.123E-08  6.556E-09  2.907E-09  8.403E-10  1.292E-10  6.234E-12  6.012E-14  6.340E-17  8.651E-21  3.963E-26  1.545E-33  6.054E-43  0.000E+00  0.000E+00  0.000E+00  0.000E+00  0.000E+00  0.000E+00  0.000E+00  0.000E+00  0.000E+00  0.000E+00  0.000E+00  0.000E+00  0.000E+00  0.000E+00  0.000E+00  0.000E+00  0.000E+00  0.000E+00
  301.5000  3.292E-06  3.121E-06  2.954E-06  2.793E-06  2.600E-06  2.406E-06  2.238E-06  2.092E-06  1.964E-06  1.797E-06  1.655E-06  1.518E-06  1.382E-06  1.241E-06  1.126E-06  1.008E-06  8.896E-07  7.802E-07  6.801E-07  5.889E-07  5.068E-07  4.201E-07  3.522E-07  2.954E-07  2.366E-07  1.943E-07  1.519E-07  1.180E-07  9.102E-08  6.949E-08  5.024E-08  3.450E-08  2.104E-08  1.014E-08  3.405E-09  6.690E-10  4.868E-11  8.934E-13  2.461E-15  1.163E-18  2.944E-23  1.223E-29  9.872E-38  1.401E-45  0.000E+00  0.000E+00  0.000E+00  0.000E+00  0.000E+00  0.000E+00  0.000E+00  0.000E+00  0.000E+00  0.000E+00  0.000E+00  0.000E+00  0.000E+00  0.000E+00  0.000E+00  0.000E+00  0.000E+00
  302.5000  5.355E-06  5.074E-06  4.798E-06  4.533E-06  4.215E-06  3.897E-06  3.622E-06  3.383E-06  3.175E-06  2.902E-06  2.671E-06  2.449E-06  2.228E-06  2.001E-06  1.816E-06  1.628E-06  1.435E-06  1.259E-06  1.097E-06  9.508E-07  8.187E-07  6.793E-07  5.699E-07  4.782E-07  3.836E-07  3.152E-07  2.467E-07  1.921E-07  1.485E-07  1.138E-07  8.286E-08  5.767E-08  3.621E-08  1.845E-08  6.864E-09  1.593E-09  1.531E-10  4.347E-12  2.276E-14  2.429E-17  1.865E-21  3.604E-27  2.059E-34  9.428E-42  1.401E-45  0.000E+00  0.000E+00  0.000E+00  0.000E+00  0.000E+00  0.000E+00  0.000E+00  0.000E+00  0.000E+00  0.000E+00  0.000E+00  0.000E+00  0.000E+00  0.000E+00  0.000E+00  0.000E+00
  303.5000  1.270E-05  1.201E-05  1.135E-05  1.070E-05  9.943E-06  9.184E-06  8.525E-06  7.953E-06  7.456E-06  6.810E-06  6.261E-06  5.736E-06  5.217E-06  4.682E-06  4.249E-06  3.803E-06  3.356E-06  2.945E-06  2.569E-06  2.227E-06  1.919E-06  1.594E-06  1.338E-06  1.124E-06  9.030E-07  7.427E-07  5.825E-07  4.544E-07  3.524E-07  2.710E-07  1.989E-07  1.405E-07  9.112E-08  4.941E-08  2.064E-08  5.788E-09  7.665E-10  3.599E-11  3.982E-13  1.115E-15  3.212E-19  3.863E-24  2.264E-30  1.020E-36  1.225E-41  2.831E-43  7.006E-45  1.401E-45  0.000E+00  0.000E+00  0.000E+00  0.000E+00  0.000E+00  0.000E+00  0.000E+00  0.000E+00  0.000E+00  0.000E+00  0.000E+00  0.000E+00  0.000E+00
  304.5000  1.693E-05  1.600E-05  1.510E-05  1.423E-05  1.321E-05  1.219E-05  1.130E-05  1.054E-05  9.869E-06  9.008E-06  8.277E-06  7.579E-06  6.889E-06  6.180E-06  5.607E-06  5.020E-06  4.426E-06  3.885E-06  3.390E-06  2.940E-06  2.534E-06  2.107E-06  1.770E-06  1.488E-06  1.196E-06  9.846E-07  7.731E-07  6.040E-07  4.693E-07  3.616E-07  2.667E-07  1.901E-07  1.257E-07  7.075E-08  3.167E-08  9.950E-09  1.594E-09  1.007E-10  1.729E-12  8.519E-15  5.307E-18  1.825E-22  4.000E-28  6.443E-34  1.782E-38  3.782E-40  5.053E-42  3.223E-44  0.000E+00  0.000E+00  0.000E+00  0.000E+00  0.000E+00  0.000E+00  0.000E+00  0.000E+00  0.000E+00  0.000E+00  0.000E+00  0.000E+00  0.000E+00
  305.5000  3.056E-05  2.882E-05  2.715E-05  2.553E-05  2.366E-05  2.180E-05  2.018E-05  1.878E-05  1.757E-05  1.601E-05  1.469E-05  1.344E-05  1.220E-05  1.094E-05  9.919E-06  8.876E-06  7.823E-06  6.867E-06  5.993E-06  5.199E-06  4.484E-06  3.733E-06  3.140E-06  2.641E-06  2.127E-06  1.753E-06  1.379E-06  1.079E-06  8.409E-07  6.499E-07  4.824E-07  3.477E-07  2.357E-07  1.395E-07  6.855E-08  2.516E-08  5.258E-09  5.052E-10  1.634E-11  1.858E-13  3.680E-16  6.172E-20  1.003E-24  1.147E-29  1.131E-33  2.081E-35  1.781E-37  4.529E-40  1.401E-44  0.000E+00  0.000E+00  0.000E+00  0.000E+00  0.000E+00  0.000E+00  0.000E+00  0.000E+00  0.000E+00  0.000E+00  0.000E+00  0.000E+00
  306.5000  3.672E-05  3.461E-05  3.256E-05  3.060E-05  2.832E-05  2.607E-05  2.412E-05  2.243E-05  2.120E-05  1.909E-05  1.750E-05  1.600E-05  1.452E-05  1.301E-05  1.179E-05  1.055E-05  9.295E-06  8.157E-06  7.120E-06  6.177E-06  5.329E-06  4.440E-06  3.736E-06  3.144E-06  2.534E-06  2.089E-06  1.645E-06  1.289E-06  1.006E-06  7.784E-07  5.795E-07  4.200E-07  2.880E-07  1.745E-07  8.954E-08  3.529E-08  8.317E-09  9.633E-10  4.107E-11  6.661E-13  2.147E-15  7.045E-19  2.668E-23  6.963E-28  1.185E-31  2.119E-33  1.582E-35  3.049E-38  8.478E-43  0.000E+00  0.000E+00  0.000E+00  0.000E+00  0.000E+00  0.000E+00  0.000E+00  0.000E+00  0.000E+00  0.000E+00  0.000E+00  0.000E+00
  307.5000  7.079E-05  6.652E-05  6.242E-05  5.852E-05  5.406E-05  4.965E-05  4.582E-05  4.252E-05  3.966E-05  3.605E-05  3.299E-05  3.011E-05  2.728E-05  2.441E-05  2.210E-05  1.975E-05  1.740E-05  1.526E-05  1.332E-05  1.156E-05  9.975E-06  8.320E-06  7.007E-06  5.901E-06  4.766E-06  3.933E-06  3.103E-06  2.437E-06  1.905E-06  1.478E-06  1.106E-06  8.083E-07  5.647E-07  3.551E-07  1.957E-07  8.707E-08  2.534E-08  4.111E-09  2.929E-10  9.408E-12  7.846E-14  9.567E-17  1.911E-20  2.563E-24  1.254E-27  2.027E-29  1.064E-31  1.016E-34  1.566E-39  0.000E+00  0.000E+00  0.000E+00  0.000E+00  0.000E+00  0.000E+00  0.000E+00  0.000E+00  0.000E+00  0.000E+00  0.000E+00  0.000E+00
  308.5000  8.933E-05  8.385E-05  7.860E-05  7.360E-05  6.792E-05  6.231E-05  5.745E-05  5.325E-05  4.960E-05  4.506E-05  4.120E-05  3.758E-05  3.402E-05  3.042E-05  2.753E-05  2.459E-05  2.165E-05  1.898E-05  1.657E-05  1.438E-05  1.241E-05  1.035E-05  8.724E-06  7.351E-06  5.942E-06  4.906E-06  3.874E-06  3.046E-06  2.384E-06  1.851E-06  1.388E-06  1.019E-06  7.175E-07  4.587E-07  2.608E-07  1.222E-07  3.886E-08  7.238E-09  6.324E-10  2.637E-11  3.141E-13  6.268E-16  2.318E-19  5.655E-23  4.110E-26  6.595E-28  3.203E-30  2.594E-33  3.669E-38  0.000E+00  0.000E+00  0.000E+00  0.000E+00  0.000E+00  0.000E+00  0.000E+00  0.000E+00  0.000E+00  0.000E+00  0.000E+00  0.000E+00
  309.5000  9.824E-05  9.198E-05  8.601E-05  8.033E-05  7.395E-05  6.770E-05  6.228E-05  5.759E-05  5.354E-05  4.854E-05  4.430E-05  4.033E-05  3.645E-05  3.255E-05  2.941E-05  2.624E-05  2.308E-05  2.023E-05  1.765E-05  1.531E-05  1.322E-05  1.104E-05  9.305E-06  7.846E-06  6.351E-06  5.249E-06  4.152E-06  3.269E-06  2.564E-06  1.994E-06  1.500E-06  1.107E-06  7.886E-07  5.163E-07  3.071E-07  1.555E-07  5.672E-08  1.316E-08  1.610E-09  1.051E-10  2.340E-12  1.110E-14  1.224E-17  8.732E-21  1.268E-23  1.940E-25  7.692E-28  4.116E-31  4.183E-36  0.000E+00  0.000E+00  0.000E+00  0.000E+00  0.000E+00  0.000E+00  0.000E+00  0.000E+00  0.000E+00  0.000E+00  0.000E+00  0.000E+00
  310.5000  1.596E-04  1.491E-04  1.392E-04  1.297E-04  1.192E-04  1.089E-04  9.993E-05  9.222E-05  8.555E-05  7.743E-05  7.053E-05  6.411E-05  5.784E-05  5.158E-05  4.656E-05  4.148E-05  3.648E-05  3.193E-05  2.784E-05  2.415E-05  2.084E-05  1.742E-05  1.469E-05  1.239E-05  1.004E-05  8.306E-06  6.579E-06  5.189E-06  4.076E-06  3.174E-06  2.394E-06  1.774E-06  1.275E-06  8.491E-07  5.219E-07  2.798E-07  1.129E-07  3.079E-08  4.804E-09  4.316E-10  1.494E-11  1.307E-13  3.104E-16  4.673E-19  1.101E-21  1.649E-23  5.803E-26  2.422E-29  2.073E-34  1.401E-45  0.000E+00  0.000E+00  0.000E+00  0.000E+00  0.000E+00  0.000E+00  0.000E+00  0.000E+00  0.000E+00  0.000E+00  0.000E+00
  311.5000  2.323E-04  2.166E-04  2.018E-04  1.878E-04  1.723E-04  1.571E-04  1.440E-04  1.327E-04  1.229E-04  1.111E-04  1.010E-04  9.170E-05  8.263E-05  7.361E-05  6.637E-05  5.907E-05  5.210E-05  4.541E-05  3.957E-05  3.431E-05  2.961E-05  2.475E-05  2.088E-05  1.762E-05  1.429E-05  1.183E-05  9.380E-06  7.405E-06  5.824E-06  4.539E-06  3.430E-06  2.548E-06  1.841E-06  1.240E-06  7.785E-07  4.328E-07  1.864E-07  5.640E-08  1.030E-08  1.138E-09  5.251E-11  6.882E-13  2.717E-15  6.755E-18  2.218E-20  3.341E-22  1.118E-24  4.130E-28  3.344E-33  1.401E-44  0.000E+00  0.000E+00  0.000E+00  0.000E+00  0.000E+00  0.000E+00  0.000E+00  0.000E+00  0.000E+00  0.000E+00  0.000E+00
  312.5000  2.922E-04  2.716E-04  2.520E-04  2.336E-04  2.136E-04  1.941E-04  1.773E-04  1.627E-04  1.502E-04  1.353E-04  1.226E-04  1.110E-04  9.969E-05  8.857E-05  7.965E-05  7.071E-05  6.202E-05  5.416E-05  4.713E-05  4.083E-05  3.521E-05  2.944E-05  2.484E-05  2.097E-05  1.704E-05  1.412E-05  1.122E-05  8.875E-06  6.995E-06  5.461E-06  4.140E-06  3.089E-06  2.252E-06  1.544E-06  1.003E-06  5.923E-07  2.848E-07  1.033E-07  2.495E-08  3.993E-09  3.090E-10  8.335E-12  8.118E-14  4.861E-16  2.795E-18  4.070E-20  1.163E-22  3.109E-26  1.961E-31  8.590E-43  0.000E+00  0.000E+00  0.000E+00  0.000E+00  0.000E+00  0.000E+00  0.000E+00  0.000E+00  0.000E+00  0.000E+00  0.000E+00
  313.5000  3.543E-04  3.290E-04  3.051E-04  2.825E-04  2.580E-04  2.343E-04  2.138E-04  1.961E-04  1.808E-04  1.627E-04  1.474E-04  1.333E-04  1.196E-04  1.062E-04  9.543E-05  8.466E-05  7.421E-05  6.477E-05  5.634E-05  4.879E-05  4.206E-05  3.518E-05  2.968E-05  2.506E-05  2.038E-05  1.688E-05  1.343E-05  1.063E-05  8.385E-06  6.550E-06  4.971E-06  3.715E-06  2.715E-06  1.873E-06  1.229E-06  7.390E-07  3.667E-07  1.397E-07  3.618E-08  6.312E-09  5.487E-10  1.745E-11  2.083E-13  1.519E-15  1.005E-17  1.507E-19  4.424E-22  1.219E-25  8.427E-31  4.738E-42  0.000E+00  0.000E+00  0.000E+00  0.000E+00  0.000E+00  0.000E+00  0.000E+00  0.000E+00  0.000E+00  0.000E+00  0.000E+00
  314.5000  4.638E-04  4.288E-04  3.959E-04  3.651E-04  3.320E-04  3.003E-04  2.728E-04  2.491E-04  2.287E-04  2.050E-04  1.849E-04  1.665E-04  1.489E-04  1.317E-04  1.179E-04  1.043E-04  9.107E-05  7.933E-05  6.885E-05  5.952E-05  5.124E-05  4.284E-05  3.614E-05  3.051E-05  2.484E-05  2.060E-05  1.642E-05  1.303E-05  1.030E-05  8.061E-06  6.137E-06  4.605E-06  3.389E-06  2.371E-06  1.597E-06  1.006E-06  5.449E-07  2.403E-07  7.826E-08  1.857E-08  2.493E-09  1.465E-10  3.785E-12  5.881E-14  6.300E-16  9.261E-18  2.402E-20  5.077E-24  2.876E-29  1.762E-40  0.000E+00  0.000E+00  0.000E+00  0.000E+00  0.000E+00  0.000E+00  0.000E+00  0.000E+00  0.000E+00  0.000E+00  0.000E+00
  315.5000  5.049E-04  4.666E-04  4.305E-04  3.968E-04  3.607E-04  3.260E-04  2.959E-04  2.701E-04  2.478E-04  2.220E-04  2.001E-04  1.801E-04  1.609E-04  1.422E-04  1.273E-04  1.125E-04  9.810E-05  8.548E-05  7.416E-05  6.408E-05  5.515E-05  4.611E-05  3.890E-05  3.284E-05  2.675E-05  2.218E-05  1.769E-05  1.405E-05  1.112E-05  8.703E-06  6.632E-06  4.982E-06  3.674E-06  2.580E-06  1.750E-06  1.115E-06  6.167E-07  2.807E-07  9.551E-08  2.384E-08  3.419E-09  2.210E-10  6.404E-12  1.110E-13  1.294E-15  1.971E-17  5.358E-20  1.217E-23  7.845E-29  6.272E-40  0.000E+00  0.000E+00  0.000E+00  0.000E+00  0.000E+00  0.000E+00  0.000E+00  0.000E+00  0.000E+00  0.000E+00  0.000E+00
  316.5000  6.565E-04  6.040E-04  5.550E-04  5.093E-04  4.610E-04  4.148E-04  3.750E-04  3.407E-04  3.113E-04  2.776E-04  2.491E-04  2.233E-04  1.986E-04  1.748E-04  1.559E-04  1.372E-04  1.194E-04  1.036E-04  8.960E-05  7.722E-05  6.632E-05  5.540E-05  4.668E-05  3.939E-05  3.211E-05  2.664E-05  2.129E-05  1.694E-05  1.344E-05  1.054E-05  8.055E-06  6.073E-06  4.504E-06  3.197E-06  2.209E-06  1.456E-06  8.579E-07  4.349E-07  1.757E-07  5.539E-08  1.109E-08  1.148E-09  5.988E-11  1.838E-12  3.090E-14  4.675E-16  1.175E-18  2.240E-22  1.284E-27  1.160E-38  0.000E+00  0.000E+00  0.000E+00  0.000E+00  0.000E+00  0.000E+00  0.000E+00  0.000E+00  0.000E+00  0.000E+00  0.000E+00
  317.5000  9.294E-04  8.553E-04  7.860E-04  7.215E-04  6.532E-04  5.879E-04  5.315E-04  4.830E-04  4.414E-04  3.937E-04  3.533E-04  3.167E-04  2.818E-04  2.481E-04  2.212E-04  1.947E-04  1.693E-04  1.470E-04  1.272E-04  1.096E-04  9.413E-05  7.862E-05  6.626E-05  5.592E-05  4.558E-05  3.783E-05  3.023E-05  2.406E-05  1.909E-05  1.498E-05  1.145E-05  8.637E-06  6.410E-06  4.555E-06  3.154E-06  2.085E-06  1.235E-06  6.299E-07  2.559E-07  8.091E-08  1.620E-08  1.679E-09  8.747E-11  2.683E-12  4.593E-14  7.276E-16  1.974E-18  4.268E-22  2.920E-27  3.494E-38  0.000E+00  0.000E+00  0.000E+00  0.000E+00  0.000E+00  0.000E+00  0.000E+00  0.000E+00  0.000E+00  0.000E+00  0.000E+00
  318.5000  9.888E-04  9.064E-04  8.295E-04  7.581E-04  6.833E-04  6.122E-04  5.509E-04  4.983E-04  4.531E-04  4.022E-04  3.592E-04  3.204E-04  2.836E-04  2.485E-04  2.206E-04  1.931E-04  1.672E-04  1.446E-04  1.246E-04  1.070E-04  9.161E-05  7.636E-05  6.423E-05  5.413E-05  4.414E-05  3.663E-05  2.932E-05  2.339E-05  1.861E-05  1.463E-05  1.122E-05  8.497E-06  6.339E-06  4.549E-06  3.199E-06  2.175E-06  1.359E-06  7.602E-07  3.585E-07  1.393E-07  3.761E-08  5.971E-09  5.298E-10  2.730E-11  6.520E-13  1.030E-14  2.614E-17  4.847E-21  3.003E-26  4.069E-37  0.000E+00  0.000E+00  0.000E+00  0.000E+00  0.000E+00  0.000E+00  0.000E+00  0.000E+00  0.000E+00  0.000E+00  0.000E+00
  319.5000  1.289E-03  1.181E-03  1.081E-03  9.872E-04  8.893E-04  7.962E-04  7.160E-04  6.472E-04  5.881E-04  5.216E-04  4.655E-04  4.149E-04  3.669E-04  3.211E-04  2.848E-04  2.492E-04  2.155E-04  1.862E-04  1.603E-04  1.375E-04  1.177E-04  9.804E-05  8.243E-05  6.945E-05  5.663E-05  4.699E-05  3.763E-05  3.004E-05  2.392E-05  1.881E-05  1.445E-05  1.095E-05  8.184E-06  5.888E-06  4.158E-06  2.847E-06  1.803E-06  1.030E-06  5.013E-07  2.026E-07  5.774E-08  9.914E-09  9.679E-10  5.472E-11  1.407E-12  2.303E-14  6.130E-17  1.221E-20  8.544E-26  1.477E-36  0.000E+00  0.000E+00  0.000E+00  0.000E+00  0.000E+00  0.000E+00  0.000E+00  0.000E+00  0.000E+00  0.000E+00  0.000E+00
  320.5000  1.700E-03  1.556E-03  1.422E-03  1.298E-03  1.168E-03  1.044E-03  9.382E-04  8.470E-04  7.688E-04  6.809E-04  6.068E-04  5.402E-04  4.770E-04  4.170E-04  3.693E-04  3.226E-04  2.787E-04  2.404E-04  2.067E-04  1.772E-04  1.514E-04  1.261E-04  1.059E-04  8.919E-05  7.271E-05  6.033E-05  4.833E-05  3.860E-05  3.076E-05  2.421E-05  1.861E-05  1.412E-05  1.057E-05  7.624E-06  5.405E-06  3.724E-06  2.388E-06  1.391E-06  7.004E-07  2.971E-07  9.090E-08  1.726E-08  1.909E-09  1.222E-10  3.451E-12  5.843E-14  1.619E-16  3.401E-20  2.621E-25  5.661E-36  0.000E+00  0.000E+00  0.000E+00  0.000E+00  0.000E+00  0.000E+00  0.000E+00  0.000E+00  0.000E+00  0.000E+00  0.000E+00
  321.5000  2.115E-03  1.934E-03  1.765E-03  1.608E-03  1.443E-03  1.287E-03  1.152E-03  1.037E-03  9.376E-04  8.268E-04  7.334E-04  6.497E-04  5.707E-04  4.961E-04  4.372E-04  3.795E-04  3.259E-04  2.794E-04  2.388E-04  2.036E-04  1.731E-04  1.435E-04  1.201E-04  1.008E-04  8.201E-05  6.796E-05  5.448E-05  4.359E-05  3.484E-05  2.748E-05  2.122E-05  1.618E-05  1.219E-05  8.878E-06  6.378E-06  4.495E-06  3.010E-06  1.888E-06  1.074E-06  5.403E-07  2.129E-07  5.849E-08  1.026E-08  1.030E-09  3.886E-11  6.575E-13  1.724E-15  3.185E-19  2.280E-24  5.626E-35  0.000E+00  0.000E+00  0.000E+00  0.000E+00  0.000E+00  0.000E+00  0.000E+00  0.000E+00  0.000E+00  0.000E+00  0.000E+00
  322.5000  1.568E-03  1.435E-03  1.311E-03  1.195E-03  1.075E-03  9.606E-04  8.621E-04  7.777E-04  7.053E-04  6.241E-04  5.556E-04  4.941E-04  4.359E-04  3.805E-04  3.368E-04  2.938E-04  2.535E-04  2.184E-04  1.876E-04  1.606E-04  1.372E-04  1.141E-04  9.578E-05  8.061E-05  6.571E-05  5.452E-05  4.370E-05  3.492E-05  2.785E-05  2.194E-05  1.688E-05  1.283E-05  9.621E-06  6.961E-06  4.957E-06  3.442E-06  2.237E-06  1.333E-06  6.935E-07  3.072E-07  9.996E-08  2.077E-08  2.574E-09  1.853E-10  5.824E-12  1.066E-13  3.309E-16  8.242E-20  8.240E-25  2.868E-35  0.000E+00  0.000E+00  0.000E+00  0.000E+00  0.000E+00  0.000E+00  0.000E+00  0.000E+00  0.000E+00  0.000E+00  0.000E+00
  323.5000  2.661E-03  2.435E-03  2.224E-03  2.026E-03  1.818E-03  1.620E-03  1.450E-03  1.303E-03  1.178E-03  1.037E-03  9.183E-04  8.121E-04  7.118E-04  6.171E-04  5.426E-04  4.696E-04  4.020E-04  3.435E-04  2.927E-04  2.487E-04  2.109E-04  1.742E-04  1.454E-04  1.218E-04  9.891E-05  8.187E-05  6.560E-05  5.251E-05  4.204E-05  3.319E-05  2.569E-05  1.965E-05  1.485E-05  1.087E-05  7.856E-06  5.591E-06  3.813E-06  2.464E-06  1.475E-06  7.987E-07  3.521E-07  1.142E-07  2.474E-08  3.080E-09  1.374E-10  2.489E-12  7.096E-15  1.465E-18  1.277E-23  4.850E-34  0.000E+00  0.000E+00  0.000E+00  0.000E+00  0.000E+00  0.000E+00  0.000E+00  0.000E+00  0.000E+00  0.000E+00  0.000E+00
  324.5000  3.057E-03  2.798E-03  2.555E-03  2.329E-03  2.090E-03  1.862E-03  1.667E-03  1.499E-03  1.355E-03  1.193E-03  1.057E-03  9.352E-04  8.200E-04  7.113E-04  6.257E-04  5.418E-04  4.641E-04  3.967E-04  3.383E-04  2.876E-04  2.439E-04  2.016E-04  1.683E-04  1.410E-04  1.146E-04  9.488E-05  7.604E-05  6.087E-05  4.873E-05  3.848E-05  2.978E-05  2.278E-05  1.721E-05  1.260E-05  9.111E-06  6.486E-06  4.424E-06  2.858E-06  1.706E-06  9.183E-07  4.006E-07  1.279E-07  2.717E-08  3.324E-09  1.492E-10  2.823E-12  8.672E-15  2.023E-18  2.080E-23  1.018E-33  0.000E+00  0.000E+00  0.000E+00  0.000E+00  0.000E+00  0.000E+00  0.000E+00  0.000E+00  0.000E+00  0.000E+00  0.000E+00
  325.5000  3.179E-03  2.908E-03  2.654E-03  2.418E-03  2.169E-03  1.933E-03  1.730E-03  1.556E-03  1.406E-03  1.239E-03  1.098E-03  9.715E-04  8.524E-04  7.398E-04  6.512E-04  5.643E-04  4.838E-04  4.140E-04  3.534E-04  3.007E-04  2.553E-04  2.112E-04  1.765E-04  1.480E-04  1.203E-04  9.965E-05  7.988E-05  6.394E-05  5.117E-05  4.039E-05  3.124E-05  2.388E-05  1.802E-05  1.318E-05  9.510E-06  6.753E-06  4.583E-06  2.936E-06  1.726E-06  9.093E-07  3.836E-07  1.165E-07  2.327E-08  2.695E-09  1.191E-10  2.365E-12  7.926E-15  2.131E-18  2.620E-23  1.642E-33  0.000E+00  0.000E+00  0.000E+00  0.000E+00  0.000E+00  0.000E+00  0.000E+00  0.000E+00  0.000E+00  0.000E+00  0.000E+00
  326.5000  5.747E-03  5.278E-03  4.835E-03  4.419E-03  3.972E-03  3.545E-03  3.176E-03  2.860E-03  2.588E-03  2.278E-03  2.018E-03  1.783E-03  1.561E-03  1.350E-03  1.186E-03  1.023E-03  8.722E-04  7.423E-04  6.298E-04  5.328E-04  4.496E-04  3.695E-04  3.069E-04  2.561E-04  2.072E-04  1.711E-04  1.368E-04  1.095E-04  8.786E-05  6.943E-05  5.392E-05  4.143E-05  3.147E-05  2.322E-05  1.693E-05  1.221E-05  8.526E-06  5.717E-06  3.647E-06  2.166E-06  1.102E-06  4.436E-07  1.268E-07  2.100E-08  1.174E-09  2.344E-11  7.572E-14  1.855E-17  2.178E-22  1.555E-32  0.000E+00  0.000E+00  0.000E+00  0.000E+00  0.000E+00  0.000E+00  0.000E+00  0.000E+00  0.000E+00  0.000E+00  0.000E+00
  327.5000  4.667E-03  4.279E-03  3.913E-03  3.570E-03  3.206E-03  2.858E-03  2.559E-03  2.302E-03  2.081E-03  1.832E-03  1.622E-03  1.434E-03  1.256E-03  1.087E-03  9.551E-04  8.250E-04  7.048E-04  6.008E-04  5.108E-04  4.330E-04  3.661E-04  3.016E-04  2.511E-04  2.098E-04  1.701E-04  1.407E-04  1.126E-04  9.017E-05  7.229E-05  5.713E-05  4.432E-05  3.400E-05  2.578E-05  1.897E-05  1.379E-05  9.907E-06  6.869E-06  4.552E-06  2.840E-06  1.629E-06  7.840E-07  2.900E-07  7.433E-08  1.107E-08  5.894E-10  1.239E-11  4.416E-14  1.279E-17  1.843E-22  1.715E-32  0.000E+00  0.000E+00  0.000E+00  0.000E+00  0.000E+00  0.000E+00  0.000E+00  0.000E+00  0.000E+00  0.000E+00  0.000E+00
  328.5000  4.314E-03  3.954E-03  3.615E-03  3.298E-03  2.960E-03  2.638E-03  2.361E-03  2.123E-03  1.919E-03  1.688E-03  1.494E-03  1.321E-03  1.156E-03  1.000E-03  8.785E-04  7.585E-04  6.477E-04  5.520E-04  4.691E-04  3.975E-04  3.360E-04  2.767E-04  2.303E-04  1.924E-04  1.560E-04  1.289E-04  1.032E-04  8.263E-05  6.624E-05  5.234E-05  4.061E-05  3.115E-05  2.362E-05  1.739E-05  1.264E-05  9.083E-06  6.299E-06  4.177E-06  2.609E-06  1.501E-06  7.258E-07  2.711E-07  7.067E-08  1.079E-08  5.942E-10  1.302E-11  4.939E-14  1.568E-17  2.569E-22  2.951E-32  0.000E+00  0.000E+00  0.000E+00  0.000E+00  0.000E+00  0.000E+00  0.000E+00  0.000E+00  0.000E+00  0.000E+00  0.000E+00
  329.5000  7.764E-03  7.154E-03  6.575E-03  6.028E-03  5.431E-03  4.855E-03  4.362E-03  3.937E-03  3.572E-03  3.148E-03  2.792E-03  2.471E-03  2.164E-03  1.872E-03  1.644E-03  1.417E-03  1.207E-03  1.025E-03  8.677E-04  7.322E-04  6.163E-04  5.046E-04  4.178E-04  3.477E-04  2.804E-04  2.311E-04  1.845E-04  1.475E-04  1.185E-04  9.360E-05  7.283E-05  5.611E-05  4.278E-05  3.172E-05  2.323E-05  1.688E-05  1.194E-05  8.148E-06  5.368E-06  3.343E-06  1.836E-06  8.342E-07  2.800E-07  5.519E-08  3.612E-09  8.005E-11  3.000E-13  9.122E-17  1.495E-21  1.995E-31  0.000E+00  0.000E+00  0.000E+00  0.000E+00  0.000E+00  0.000E+00  0.000E+00  0.000E+00  0.000E+00  0.000E+00  0.000E+00
  330.5000  6.131E-03  5.634E-03  5.165E-03  4.723E-03  4.247E-03  3.791E-03  3.398E-03  3.061E-03  2.771E-03  2.440E-03  2.161E-03  1.910E-03  1.672E-03  1.446E-03  1.269E-03  1.094E-03  9.328E-04  7.933E-04  6.725E-04  5.684E-04  4.792E-04  3.933E-04  3.264E-04  2.721E-04  2.199E-04  1.815E-04  1.451E-04  1.161E-04  9.318E-05  7.364E-05  5.724E-05  4.403E-05  3.350E-05  2.477E-05  1.810E-05  1.310E-05  9.199E-06  6.218E-06  4.019E-06  2.431E-06  1.273E-06  5.366E-07  1.636E-07  2.938E-08  1.845E-09  4.298E-11  1.769E-13  6.289E-17  1.247E-21  2.131E-31  0.000E+00  0.000E+00  0.000E+00  0.000E+00  0.000E+00  0.000E+00  0.000E+00  0.000E+00  0.000E+00  0.000E+00  0.000E+00
  331.5000  5.883E-03  5.403E-03  4.950E-03  4.524E-03  4.066E-03  3.627E-03  3.250E-03  2.926E-03  2.648E-03  2.330E-03  2.063E-03  1.823E-03  1.595E-03  1.379E-03  1.210E-03  1.044E-03  8.894E-04  7.564E-04  6.413E-04  5.421E-04  4.571E-04  3.753E-04  3.115E-04  2.597E-04  2.100E-04  1.733E-04  1.386E-04  1.109E-04  8.898E-05  7.033E-05  5.465E-05  4.203E-05  3.197E-05  2.362E-05  1.725E-05  1.248E-05  8.752E-06  5.905E-06  3.804E-06  2.289E-06  1.189E-06  4.961E-07  1.494E-07  2.668E-08  1.697E-09  4.119E-11  1.813E-13  7.158E-17  1.630E-21  3.445E-31  0.000E+00  0.000E+00  0.000E+00  0.000E+00  0.000E+00  0.000E+00  0.000E+00  0.000E+00  0.000E+00  0.000E+00  0.000E+00
  332.5000  7.427E-03  6.854E-03  6.308E-03  5.792E-03  5.224E-03  4.701E-03  4.204E-03  3.800E-03  3.452E-03  3.045E-03  2.703E-03  2.394E-03  2.098E-03  1.815E-03  1.595E-03  1.374E-03  1.169E-03  9.928E-04  8.398E-04  7.080E-04  5.952E-04  4.865E-04  4.023E-04  3.344E-04  2.692E-04  2.217E-04  1.767E-04  1.412E-04  1.134E-04  8.962E-05  6.978E-05  5.383E-05  4.111E-05  3.055E-05  2.243E-05  1.634E-05  1.162E-05  7.986E-06  5.327E-06  3.380E-06  1.915E-06  9.157E-07  3.301E-07  7.097E-08  5.140E-09  1.270E-10  5.624E-13  2.200E-16  5.168E-21  1.280E-30  0.000E+00  0.000E+00  0.000E+00  0.000E+00  0.000E+00  0.000E+00  0.000E+00  0.000E+00  0.000E+00  0.000E+00  0.000E+00
  333.5000  6.257E-03  5.761E-03  5.290E-03  4.846E-03  4.363E-03  3.897E-03  3.498E-03  3.155E-03  2.861E-03  2.520E-03  2.233E-03  1.975E-03  1.729E-03  1.495E-03  1.312E-03  1.131E-03  9.627E-04  8.175E-04  6.920E-04  5.839E-04  4.915E-04  4.024E-04  3.332E-04  2.773E-04  2.237E-04  1.843E-04  1.471E-04  1.176E-04  9.448E-05  7.466E-05  5.809E-05  4.476E-05  3.413E-05  2.531E-05  1.855E-05  1.348E-05  9.535E-06  6.511E-06  4.289E-06  2.667E-06  1.463E-06  6.640E-07  2.238E-07  4.517E-08  3.194E-09  8.263E-11  3.973E-13  1.779E-16  4.942E-21  1.532E-30  0.000E+00  0.000E+00  0.000E+00  0.000E+00  0.000E+00  0.000E+00  0.000E+00  0.000E+00  0.000E+00  0.000E+00  0.000E+00
  334.5000  7.391E-03  6.812E-03  6.261E-03  5.741E-03  5.173E-03  4.627E-03  4.154E-03  3.750E-03  3.402E-03  2.998E-03  2.659E-03  2.352E-03  2.060E-03  1.781E-03  1.564E-03  1.347E-03  1.146E-03  9.729E-04  8.230E-04  6.939E-04  5.835E-04  4.772E-04  3.947E-04  3.282E-04  2.644E-04  2.177E-04  1.736E-04  1.388E-04  1.115E-04  8.806E-05  6.855E-05  5.286E-05  4.035E-05  2.996E-05  2.198E-05  1.600E-05  1.135E-05  7.785E-06  5.168E-06  3.255E-06  1.824E-06  8.564E-07  3.024E-07  6.428E-08  4.767E-09  1.274E-10  6.415E-13  3.068E-16  9.413E-21  3.516E-30  0.000E+00  0.000E+00  0.000E+00  0.000E+00  0.000E+00  0.000E+00  0.000E+00  0.000E+00  0.000E+00  0.000E+00  0.000E+00
  335.5000  8.487E-03  7.844E-03  7.230E-03  6.648E-03  6.004E-03  5.372E-03  4.842E-03  4.382E-03  3.987E-03  3.519E-03  3.127E-03  2.772E-03  2.430E-03  2.103E-03  1.849E-03  1.594E-03  1.356E-03  1.150E-03  9.723E-04  8.190E-04  6.879E-04  5.613E-04  4.635E-04  3.848E-04  3.093E-04  2.544E-04  2.025E-04  1.617E-04  1.300E-04  1.026E-04  7.993E-05  6.173E-05  4.721E-05  3.515E-05  2.586E-05  1.889E-05  1.349E-05  9.324E-06  6.285E-06  4.051E-06  2.359E-06  1.180E-06  4.535E-07  1.056E-07  8.412E-09  2.309E-10  1.200E-12  5.976E-16  1.980E-20  8.826E-30  0.000E+00  0.000E+00  0.000E+00  0.000E+00  0.000E+00  0.000E+00  0.000E+00  0.000E+00  0.000E+00  0.000E+00  0.000E+00
  336.5000  6.396E-03  5.906E-03  5.439E-03  4.996E-03  4.508E-03  4.045E-03  3.630E-03  3.282E-03  2.983E-03  2.632E-03  2.337E-03  2.070E-03  1.814E-03  1.569E-03  1.379E-03  1.187E-03  1.010E-03  8.570E-04  7.244E-04  6.102E-04  5.126E-04  4.184E-04  3.456E-04  2.870E-04  2.308E-04  1.899E-04  1.512E-04  1.207E-04  9.704E-05  7.662E-05  5.968E-05  4.608E-05  3.522E-05  2.621E-05  1.927E-05  1.407E-05  1.004E-05  6.924E-06  4.652E-06  2.983E-06  1.723E-06  8.501E-07  3.215E-07  7.401E-08  5.941E-09  1.694E-10  9.389E-13  5.171E-16  1.955E-20  1.064E-29  0.000E+00  0.000E+00  0.000E+00  0.000E+00  0.000E+00  0.000E+00  0.000E+00  0.000E+00  0.000E+00  0.000E+00  0.000E+00
  337.5000  6.434E-03  5.929E-03  5.449E-03  4.995E-03  4.500E-03  4.022E-03  3.612E-03  3.259E-03  2.957E-03  2.605E-03  2.309E-03  2.043E-03  1.788E-03  1.546E-03  1.357E-03  1.168E-03  9.939E-04  8.433E-04  7.131E-04  6.010E-04  5.052E-04  4.130E-04  3.415E-04  2.838E-04  2.285E-04  1.882E-04  1.500E-04  1.199E-04  9.629E-05  7.606E-05  5.922E-05  4.567E-05  3.488E-05  2.591E-05  1.902E-05  1.386E-05  9.848E-06  6.763E-06  4.501E-06  2.846E-06  1.604E-06  7.622E-07  2.743E-07  6.029E-08  4.771E-09  1.419E-10  8.464E-13  5.254E-16  2.307E-20  1.545E-29  0.000E+00  0.000E+00  0.000E+00  0.000E+00  0.000E+00  0.000E+00  0.000E+00  0.000E+00  0.000E+00  0.000E+00  0.000E+00
  338.5000  7.750E-03  7.162E-03  6.602E-03  6.070E-03  5.481E-03  4.904E-03  4.420E-03  4.000E-03  3.639E-03  3.211E-03  2.853E-03  2.528E-03  2.216E-03  1.917E-03  1.686E-03  1.452E-03  1.235E-03  1.047E-03  8.847E-04  7.448E-04  6.252E-04  5.098E-04  4.207E-04  3.490E-04  2.804E-04  2.305E-04  1.834E-04  1.464E-04  1.176E-04  9.285E-05  7.234E-05  5.588E-05  4.276E-05  3.186E-05  2.345E-05  1.715E-05  1.227E-05  8.487E-06  5.737E-06  3.714E-06  2.181E-06  1.107E-06  4.359E-07  1.056E-07  9.013E-09  2.748E-10  1.685E-12  1.080E-15  5.068E-20  3.996E-29  0.000E+00  0.000E+00  0.000E+00  0.000E+00  0.000E+00  0.000E+00  0.000E+00  0.000E+00  0.000E+00  0.000E+00  0.000E+00
  339.5000  8.581E-03  7.933E-03  7.315E-03  6.729E-03  6.078E-03  5.440E-03  4.904E-03  4.439E-03  4.039E-03  3.566E-03  3.168E-03  2.808E-03  2.462E-03  2.130E-03  1.873E-03  1.613E-03  1.372E-03  1.163E-03  9.824E-04  8.268E-04  6.938E-04  5.654E-04  4.664E-04  3.868E-04  3.105E-04  2.552E-04  2.030E-04  1.619E-04  1.301E-04  1.027E-04  8.002E-05  6.183E-05  4.733E-05  3.528E-05  2.598E-05  1.901E-05  1.361E-05  9.432E-06  6.391E-06  4.153E-06  2.456E-06  1.261E-06  5.058E-07  1.255E-07  1.103E-08  3.475E-10  2.241E-12  1.549E-15  8.077E-20  7.624E-29  0.000E+00  0.000E+00  0.000E+00  0.000E+00  0.000E+00  0.000E+00  0.000E+00  0.000E+00  0.000E+00  0.000E+00  0.000E+00
  340.5000  8.738E-03  8.069E-03  7.431E-03  6.827E-03  6.160E-03  5.519E-03  4.959E-03  4.483E-03  4.075E-03  3.594E-03  3.190E-03  2.825E-03  2.475E-03  2.140E-03  1.880E-03  1.619E-03  1.376E-03  1.167E-03  9.855E-04  8.295E-04  6.963E-04  5.678E-04  4.686E-04  3.888E-04  3.123E-04  2.568E-04  2.044E-04  1.631E-04  1.311E-04  1.035E-04  8.060E-05  6.225E-05  4.762E-05  3.547E-05  2.610E-05  1.908E-05  1.364E-05  9.429E-06  6.362E-06  4.107E-06  2.401E-06  1.210E-06  4.739E-07  1.152E-07  1.013E-08  3.312E-10  2.274E-12  1.738E-15  1.032E-19  1.181E-28  0.000E+00  0.000E+00  0.000E+00  0.000E+00  0.000E+00  0.000E+00  0.000E+00  0.000E+00  0.000E+00  0.000E+00  0.000E+00
  341.5000  8.320E-03  7.696E-03  7.099E-03  6.533E-03  5.903E-03  5.312E-03  4.765E-03  4.315E-03  3.928E-03  3.468E-03  3.083E-03  2.733E-03  2.397E-03  2.073E-03  1.824E-03  1.571E-03  1.335E-03  1.132E-03  9.558E-04  8.041E-04  6.745E-04  5.493E-04  4.528E-04  3.754E-04  3.011E-04  2.474E-04  1.966E-04  1.568E-04  1.261E-04  9.944E-05  7.749E-05  5.989E-05  4.587E-05  3.422E-05  2.522E-05  1.847E-05  1.325E-05  9.193E-06  6.250E-06  4.081E-06  2.435E-06  1.270E-06  5.212E-07  1.337E-07  1.232E-08  4.145E-10  2.959E-12  2.386E-15  1.544E-19  2.090E-28  0.000E+00  0.000E+00  0.000E+00  0.000E+00  0.000E+00  0.000E+00  0.000E+00  0.000E+00  0.000E+00  0.000E+00  0.000E+00
  342.5000  9.340E-03  8.641E-03  7.973E-03  7.339E-03  6.633E-03  5.969E-03  5.357E-03  4.852E-03  4.418E-03  3.901E-03  3.468E-03  3.075E-03  2.697E-03  2.333E-03  2.053E-03  1.768E-03  1.503E-03  1.273E-03  1.075E-03  9.043E-04  7.584E-04  6.174E-04  5.087E-04  4.216E-04  3.380E-04  2.776E-04  2.206E-04  1.759E-04  1.414E-04  1.115E-04  8.689E-05  6.717E-05  5.146E-05  3.841E-05  2.831E-05  2.075E-05  1.489E-05  1.034E-05  7.046E-06  4.614E-06  2.767E-06  1.456E-06  6.060E-07  1.584E-07  1.499E-08  5.203E-10  3.901E-12  3.387E-15  2.429E-19  3.911E-28  0.000E+00  0.000E+00  0.000E+00  0.000E+00  0.000E+00  0.000E+00  0.000E+00  0.000E+00  0.000E+00  0.000E+00  0.000E+00
  343.5000  9.476E-03  8.761E-03  8.079E-03  7.431E-03  6.712E-03  5.996E-03  5.414E-03  4.900E-03  4.459E-03  3.935E-03  3.496E-03  3.098E-03  2.716E-03  2.348E-03  2.065E-03  1.777E-03  1.511E-03  1.280E-03  1.081E-03  9.088E-04  7.621E-04  6.205E-04  5.113E-04  4.238E-04  3.399E-04  2.792E-04  2.219E-04  1.769E-04  1.422E-04  1.121E-04  8.739E-05  6.754E-05  5.173E-05  3.860E-05  2.845E-05  2.084E-05  1.495E-05  1.037E-05  7.054E-06  4.608E-06  2.751E-06  1.438E-06  5.940E-07  1.547E-07  1.480E-08  5.318E-10  4.215E-12  3.989E-15  3.209E-19  6.173E-28  0.000E+00  0.000E+00  0.000E+00  0.000E+00  0.000E+00  0.000E+00  0.000E+00  0.000E+00  0.000E+00  0.000E+00  0.000E+00
  344.5000  6.470E-03  5.978E-03  5.509E-03  5.063E-03  4.570E-03  4.095E-03  3.682E-03  3.330E-03  3.028E-03  2.671E-03  2.371E-03  2.100E-03  1.840E-03  1.590E-03  1.397E-03  1.203E-03  1.022E-03  8.658E-04  7.308E-04  6.146E-04  5.154E-04  4.198E-04  3.460E-04  2.868E-04  2.301E-04  1.890E-04  1.502E-04  1.198E-04  9.629E-05  7.596E-05  5.919E-05  4.574E-05  3.502E-05  2.612E-05  1.924E-05  1.409E-05  1.010E-05  7.003E-06  4.753E-06  3.095E-06  1.839E-06  9.534E-07  3.899E-07  1.009E-07  9.745E-09  3.620E-10  3.032E-12  3.129E-15  2.823E-19  6.487E-28  0.000E+00  0.000E+00  0.000E+00  0.000E+00  0.000E+00  0.000E+00  0.000E+00  0.000E+00  0.000E+00  0.000E+00  0.000E+00
  345.5000  9.498E-03  8.791E-03  8.114E-03  7.472E-03  6.754E-03  6.067E-03  5.457E-03  4.944E-03  4.503E-03  3.977E-03  3.536E-03  3.136E-03  2.750E-03  2.379E-03  2.093E-03  1.802E-03  1.532E-03  1.297E-03  1.095E-03  9.204E-04  7.715E-04  6.275E-04  5.166E-04  4.279E-04  3.427E-04  2.813E-04  2.233E-04  1.779E-04  1.430E-04  1.128E-04  8.788E-05  6.795E-05  5.209E-05  3.891E-05  2.870E-05  2.106E-05  1.514E-05  1.054E-05  7.203E-06  4.741E-06  2.870E-06  1.536E-06  6.572E-07  1.791E-07  1.809E-08  6.900E-10  5.991E-12  6.500E-15  6.351E-19  1.702E-27  0.000E+00  0.000E+00  0.000E+00  0.000E+00  0.000E+00  0.000E+00  0.000E+00  0.000E+00  0.000E+00  0.000E+00  0.000E+00
  346.5000  8.525E-03  7.881E-03  7.266E-03  6.683E-03  6.035E-03  5.404E-03  4.866E-03  4.403E-03  4.005E-03  3.534E-03  3.138E-03  2.781E-03  2.437E-03  2.106E-03  1.851E-03  1.593E-03  1.354E-03  1.147E-03  9.674E-04  8.133E-04  6.817E-04  5.547E-04  4.569E-04  3.785E-04  3.034E-04  2.491E-04  1.979E-04  1.577E-04  1.268E-04  9.996E-05  7.789E-05  6.021E-05  4.613E-05  3.444E-05  2.539E-05  1.861E-05  1.336E-05  9.284E-06  6.324E-06  4.141E-06  2.485E-06  1.311E-06  5.511E-07  1.481E-07  1.502E-08  5.925E-10  5.445E-12  6.458E-15  7.088E-19  2.271E-27  0.000E+00  0.000E+00  0.000E+00  0.000E+00  0.000E+00  0.000E+00  0.000E+00  0.000E+00  0.000E+00  0.000E+00  0.000E+00
  347.5000  8.374E-03  7.742E-03  7.139E-03  6.566E-03  5.930E-03  5.312E-03  4.781E-03  4.326E-03  3.936E-03  3.473E-03  3.084E-03  2.732E-03  2.394E-03  2.070E-03  1.819E-03  1.565E-03  1.330E-03  1.126E-03  9.500E-04  7.984E-04  6.691E-04  5.443E-04  4.482E-04  3.712E-04  2.975E-04  2.442E-04  1.939E-04  1.545E-04  1.242E-04  9.792E-05  7.630E-05  5.899E-05  4.520E-05  3.375E-05  2.489E-05  1.825E-05  1.311E-05  9.113E-06  6.214E-06  4.075E-06  2.453E-06  1.302E-06  5.518E-07  1.502E-07  1.556E-08  6.328E-10  6.094E-12  7.760E-15  9.394E-19  3.543E-27  0.000E+00  0.000E+00  0.000E+00  0.000E+00  0.000E+00  0.000E+00  0.000E+00  0.000E+00  0.000E+00  0.000E+00  0.000E+00
  348.5000  9.348E-03  8.645E-03  7.974E-03  7.337E-03  6.628E-03  5.933E-03  5.347E-03  4.840E-03  4.405E-03  3.887E-03  3.453E-03  3.060E-03  2.681E-03  2.318E-03  2.038E-03  1.754E-03  1.489E-03  1.261E-03  1.064E-03  8.939E-04  7.489E-04  6.090E-04  5.012E-04  4.150E-04  3.324E-04  2.727E-04  2.165E-04  1.725E-04  1.386E-04  1.093E-04  8.515E-05  6.584E-05  5.047E-05  3.770E-05  2.781E-05  2.041E-05  1.467E-05  1.021E-05  6.974E-06  4.587E-06  2.776E-06  1.487E-06  6.393E-07  1.774E-07  1.883E-08  7.882E-10  7.935E-12  1.080E-14  1.435E-18  6.345E-27  0.000E+00  0.000E+00  0.000E+00  0.000E+00  0.000E+00  0.000E+00  0.000E+00  0.000E+00  0.000E+00  0.000E+00  0.000E+00
  349.5000  7.821E-03  7.233E-03  6.670E-03  6.137E-03  5.543E-03  4.966E-03  4.471E-03  4.046E-03  3.681E-03  3.248E-03  2.885E-03  2.556E-03  2.240E-03  1.936E-03  1.702E-03  1.464E-03  1.243E-03  1.052E-03  8.876E-04  7.457E-04  6.247E-04  5.078E-04  4.179E-04  3.460E-04  2.770E-04  2.273E-04  1.804E-04  1.437E-04  1.155E-04  9.102E-05  7.093E-05  5.484E-05  4.204E-05  3.141E-05  2.318E-05  1.701E-05  1.223E-05  8.510E-06  5.816E-06  3.828E-06  2.319E-06  1.245E-06  5.378E-07  1.506E-07  1.628E-08  7.018E-10  7.404E-12  1.082E-14  1.585E-18  8.223E-27  0.000E+00  0.000E+00  0.000E+00  0.000E+00  0.000E+00  0.000E+00  0.000E+00  0.000E+00  0.000E+00  0.000E+00  0.000E+00
  350.5000  1.099E-02  1.017E-02  9.377E-03  8.627E-03  7.793E-03  6.938E-03  6.285E-03  5.688E-03  5.176E-03  4.566E-03  4.056E-03  3.593E-03  3.148E-03  2.721E-03  2.392E-03  2.057E-03  1.747E-03  1.479E-03  1.247E-03  1.047E-03  8.771E-04  7.129E-04  5.865E-04  4.854E-04  3.886E-04  3.188E-04  2.529E-04  2.014E-04  1.619E-04  1.276E-04  9.940E-05  7.687E-05  5.893E-05  4.404E-05  3.250E-05  2.385E-05  1.716E-05  1.195E-05  8.171E-06  5.385E-06  3.271E-06  1.764E-06  7.677E-07  2.176E-07  2.399E-08  1.064E-09  1.175E-11  1.838E-14  2.959E-18  1.795E-26  0.000E+00  0.000E+00  0.000E+00  0.000E+00  0.000E+00  0.000E+00  0.000E+00  0.000E+00  0.000E+00  0.000E+00  0.000E+00
  351.5000  9.424E-03  8.714E-03  8.035E-03  7.391E-03  6.675E-03  5.988E-03  5.381E-03  4.869E-03  4.429E-03  3.907E-03  3.469E-03  3.073E-03  2.692E-03  2.326E-03  2.044E-03  1.758E-03  1.492E-03  1.263E-03  1.065E-03  8.941E-04  7.487E-04  6.084E-04  5.005E-04  4.142E-04  3.315E-04  2.719E-04  2.157E-04  1.718E-04  1.380E-04  1.088E-04  8.476E-05  6.554E-05  5.025E-05  3.755E-05  2.772E-05  2.034E-05  1.464E-05  1.019E-05  6.969E-06  4.593E-06  2.791E-06  1.506E-06  6.571E-07  1.875E-07  2.100E-08  9.598E-10  1.109E-11  1.863E-14  3.300E-18  2.340E-26  0.000E+00  0.000E+00  0.000E+00  0.000E+00  0.000E+00  0.000E+00  0.000E+00  0.000E+00  0.000E+00  0.000E+00  0.000E+00
  352.5000  8.546E-03  7.902E-03  7.287E-03  6.704E-03  6.054E-03  5.485E-03  4.881E-03  4.416E-03  4.018E-03  3.544E-03  3.147E-03  2.788E-03  2.442E-03  2.110E-03  1.854E-03  1.594E-03  1.353E-03  1.145E-03  9.652E-04  8.104E-04  6.785E-04  5.512E-04  4.533E-04  3.750E-04  3.001E-04  2.461E-04  1.952E-04  1.554E-04  1.249E-04  9.838E-05  7.665E-05  5.928E-05  4.545E-05  3.398E-05  2.508E-05  1.842E-05  1.326E-05  9.232E-06  6.320E-06  4.172E-06  2.542E-06  1.379E-06  6.064E-07  1.752E-07  2.002E-08  9.406E-10  1.136E-11  2.037E-14  3.952E-18  3.262E-26  0.000E+00  0.000E+00  0.000E+00  0.000E+00  0.000E+00  0.000E+00  0.000E+00  0.000E+00  0.000E+00  0.000E+00  0.000E+00
  353.5000  1.037E-02  9.593E-03  8.848E-03  8.140E-03  7.353E-03  6.606E-03  5.929E-03  5.366E-03  4.882E-03  4.307E-03  3.824E-03  3.388E-03  2.967E-03  2.564E-03  2.253E-03  1.938E-03  1.645E-03  1.391E-03  1.172E-03  9.843E-04  8.239E-04  6.691E-04  5.501E-04  4.550E-04  3.639E-04  2.983E-04  2.366E-04  1.883E-04  1.513E-04  1.192E-04  9.286E-05  7.182E-05  5.508E-05  4.119E-05  3.041E-05  2.234E-05  1.609E-05  1.121E-05  7.684E-06  5.081E-06  3.106E-06  1.695E-06  7.525E-07  2.204E-07  2.571E-08  1.242E-09  1.564E-11  2.990E-14  6.339E-18  6.075E-26  0.000E+00  0.000E+00  0.000E+00  0.000E+00  0.000E+00  0.000E+00  0.000E+00  0.000E+00  0.000E+00  0.000E+00  0.000E+00
  354.5000  1.130E-02  1.046E-02  9.645E-03  8.875E-03  8.017E-03  7.203E-03  6.466E-03  5.852E-03  5.325E-03  4.697E-03  4.171E-03  3.696E-03  3.237E-03  2.797E-03  2.458E-03  2.113E-03  1.793E-03  1.517E-03  1.278E-03  1.073E-03  8.980E-04  7.290E-04  5.992E-04  4.954E-04  3.962E-04  3.247E-04  2.574E-04  2.048E-04  1.646E-04  1.296E-04  1.010E-04  7.811E-05  5.991E-05  4.481E-05  3.310E-05  2.432E-05  1.752E-05  1.222E-05  8.382E-06  5.551E-06  3.404E-06  1.867E-06  8.363E-07  2.481E-07  2.952E-08  1.465E-09  1.924E-11  3.919E-14  9.072E-18  1.008E-25  0.000E+00  0.000E+00  0.000E+00  0.000E+00  0.000E+00  0.000E+00  0.000E+00  0.000E+00  0.000E+00  0.000E+00  0.000E+00
  355.5000  1.057E-02  9.781E-03  9.022E-03  8.301E-03  7.499E-03  6.714E-03  6.048E-03  5.473E-03  4.980E-03  4.392E-03  3.900E-03  3.455E-03  3.026E-03  2.614E-03  2.297E-03  1.975E-03  1.676E-03  1.417E-03  1.194E-03  1.002E-03  8.383E-04  6.804E-04  5.591E-04  4.622E-04  3.695E-04  3.028E-04  2.400E-04  1.910E-04  1.534E-04  1.208E-04  9.412E-05  7.280E-05  5.585E-05  4.178E-05  3.086E-05  2.268E-05  1.635E-05  1.140E-05  7.825E-06  5.186E-06  3.185E-06  1.753E-06  7.894E-07  2.365E-07  2.863E-08  1.460E-09  2.001E-11  4.346E-14  1.099E-17  1.413E-25  0.000E+00  0.000E+00  0.000E+00  0.000E+00  0.000E+00  0.000E+00  0.000E+00  0.000E+00  0.000E+00  0.000E+00  0.000E+00
  356.5000  9.812E-03  9.076E-03  8.371E-03  7.702E-03  6.957E-03  6.245E-03  5.610E-03  5.076E-03  4.618E-03  4.073E-03  3.616E-03  3.203E-03  2.805E-03  2.423E-03  2.129E-03  1.830E-03  1.552E-03  1.313E-03  1.106E-03  9.277E-04  7.760E-04  6.297E-04  5.173E-04  4.276E-04  3.418E-04  2.800E-04  2.219E-04  1.765E-04  1.418E-04  1.117E-04  8.699E-05  6.729E-05  5.162E-05  3.862E-05  2.853E-05  2.097E-05  1.512E-05  1.054E-05  7.242E-06  4.803E-06  2.954E-06  1.630E-06  7.374E-07  2.229E-07  2.744E-08  1.437E-09  2.055E-11  4.758E-14  1.313E-17  1.951E-25  0.000E+00  0.000E+00  0.000E+00  0.000E+00  0.000E+00  0.000E+00  0.000E+00  0.000E+00  0.000E+00  0.000E+00  0.000E+00
  357.5000  8.336E-03  7.710E-03  7.110E-03  6.541E-03  5.908E-03  5.311E-03  4.763E-03  4.309E-03  3.920E-03  3.456E-03  3.068E-03  2.717E-03  2.379E-03  2.055E-03  1.805E-03  1.551E-03  1.316E-03  1.113E-03  9.371E-04  7.861E-04  6.574E-04  5.334E-04  4.381E-04  3.620E-04  2.893E-04  2.370E-04  1.878E-04  1.494E-04  1.200E-04  9.445E-05  7.358E-05  5.692E-05  4.367E-05  3.268E-05  2.414E-05  1.774E-05  1.280E-05  8.927E-06  6.133E-06  4.070E-06  2.506E-06  1.386E-06  6.296E-07  1.918E-07  2.401E-08  1.291E-09  1.925E-11  4.748E-14  1.429E-17  2.449E-25  0.000E+00  0.000E+00  0.000E+00  0.000E+00  0.000E+00  0.000E+00  0.000E+00  0.000E+00  0.000E+00  0.000E+00  0.000E+00
  358.5000  6.457E-03  5.972E-03  5.508E-03  5.067E-03  4.577E-03  4.103E-03  3.690E-03  3.338E-03  3.037E-03  2.678E-03  2.377E-03  2.105E-03  1.843E-03  1.592E-03  1.398E-03  1.201E-03  1.019E-03  8.613E-04  7.253E-04  6.083E-04  5.086E-04  4.126E-04  3.388E-04  2.799E-04  2.236E-04  1.831E-04  1.450E-04  1.154E-04  9.266E-05  7.294E-05  5.682E-05  4.395E-05  3.373E-05  2.524E-05  1.865E-05  1.371E-05  9.894E-06  6.904E-06  4.747E-06  3.153E-06  1.946E-06  1.080E-06  4.940E-07  1.521E-07  1.938E-08  1.069E-09  1.659E-11  4.350E-14  1.423E-17  2.807E-25  0.000E+00  0.000E+00  0.000E+00  0.000E+00  0.000E+00  0.000E+00  0.000E+00  0.000E+00  0.000E+00  0.000E+00  0.000E+00
  359.5000  1.087E-02  1.005E-02  9.272E-03  8.530E-03  7.704E-03  6.896E-03  6.210E-03  5.617E-03  5.110E-03  4.505E-03  3.999E-03  3.541E-03  3.100E-03  2.676E-03  2.351E-03  2.020E-03  1.713E-03  1.448E-03  1.219E-03  1.022E-03  8.544E-04  6.928E-04  5.688E-04  4.699E-04  3.753E-04  3.073E-04  2.433E-04  1.935E-04  1.554E-04  1.223E-04  9.529E-05  7.371E-05  5.656E-05  4.234E-05  3.129E-05  2.301E-05  1.660E-05  1.159E-05  7.971E-06  5.299E-06  3.274E-06  1.822E-06  8.375E-07  2.601E-07  3.368E-08  1.907E-09  3.081E-11  8.586E-14  3.054E-17  6.919E-25  0.000E+00  0.000E+00  0.000E+00  0.000E+00  0.000E+00  0.000E+00  0.000E+00  0.000E+00  0.000E+00  0.000E+00  0.000E+00
  360.5000  1.008E-02  9.326E-03  8.601E-03  7.912E-03  7.146E-03  6.417E-03  5.759E-03  5.209E-03  4.738E-03  4.177E-03  3.707E-03  3.282E-03  2.873E-03  2.480E-03  2.178E-03  1.871E-03  1.587E-03  1.341E-03  1.129E-03  9.463E-04  7.910E-04  6.412E-04  5.263E-04  4.347E-04  3.471E-04  2.842E-04  2.250E-04  1.789E-04  1.437E-04  1.130E-04  8.806E-05  6.812E-05  5.228E-05  3.914E-05  2.893E-05  2.127E-05  1.536E-05  1.072E-05  7.377E-06  4.908E-06  3.037E-06  1.695E-06  7.827E-07  2.453E-07  3.228E-08  1.874E-09  3.151E-11  9.324E-14  3.601E-17  9.354E-25  0.000E+00  0.000E+00  0.000E+00  0.000E+00  0.000E+00  0.000E+00  0.000E+00  0.000E+00  0.000E+00  0.000E+00  0.000E+00
  361.5000  9.116E-03  8.431E-03  7.776E-03  7.153E-03  6.460E-03  5.795E-03  5.206E-03  4.709E-03  4.283E-03  3.776E-03  3.350E-03  2.966E-03  2.596E-03  2.241E-03  1.968E-03  1.691E-03  1.434E-03  1.211E-03  1.019E-03  8.544E-04  7.140E-04  5.787E-04  4.749E-04  3.921E-04  3.130E-04  2.562E-04  2.028E-04  1.612E-04  1.295E-04  1.019E-04  7.934E-05  6.138E-05  4.711E-05  3.527E-05  2.607E-05  1.918E-05  1.385E-05  9.672E-06  6.660E-06  4.434E-06  2.749E-06  1.539E-06  7.150E-07  2.262E-07  3.027E-08  1.802E-09  3.149E-11  9.880E-14  4.136E-17  1.229E-24  0.000E+00  0.000E+00  0.000E+00  0.000E+00  0.000E+00  0.000E+00  0.000E+00  0.000E+00  0.000E+00  0.000E+00  0.000E+00
  362.5000  1.072E-02  9.917E-03  9.146E-03  8.414E-03  7.599E-03  6.814E-03  6.123E-03  5.538E-03  5.037E-03  4.440E-03  3.940E-03  3.488E-03  3.052E-03  2.635E-03  2.314E-03  1.987E-03  1.684E-03  1.423E-03  1.197E-03  1.003E-03  8.384E-04  6.794E-04  5.574E-04  4.601E-04  3.672E-04  3.005E-04  2.378E-04  1.890E-04  1.518E-04  1.194E-04  9.300E-05  7.194E-05  5.522E-05  4.135E-05  3.057E-05  2.250E-05  1.625E-05  1.135E-05  7.819E-06  5.210E-06  3.235E-06  1.817E-06  8.483E-07  2.708E-07  3.683E-08  2.247E-09  4.080E-11  1.357E-13  6.149E-17  2.088E-24  0.000E+00  0.000E+00  0.000E+00  0.000E+00  0.000E+00  0.000E+00  0.000E+00  0.000E+00  0.000E+00  0.000E+00  0.000E+00
  363.5000  9.547E-03  8.829E-03  8.143E-03  7.490E-03  6.765E-03  6.054E-03  5.451E-03  4.929E-03  4.482E-03  3.951E-03  3.505E-03  3.103E-03  2.715E-03  2.343E-03  2.058E-03  1.767E-03  1.498E-03  1.265E-03  1.064E-03  8.917E-04  7.449E-04  6.035E-04  4.950E-04  4.086E-04  3.260E-04  2.667E-04  2.110E-04  1.677E-04  1.347E-04  1.059E-04  8.249E-05  6.381E-05  4.898E-05  3.669E-05  2.713E-05  1.996E-05  1.442E-05  1.008E-05  6.945E-06  4.631E-06  2.879E-06  1.621E-06  7.606E-07  2.449E-07  3.382E-08  2.114E-09  3.988E-11  1.404E-13  6.888E-17  2.668E-24  0.000E+00  0.000E+00  0.000E+00  0.000E+00  0.000E+00  0.000E+00  0.000E+00  0.000E+00  0.000E+00  0.000E+00  0.000E+00
  364.5000  1.041E-02  9.630E-03  8.880E-03  8.168E-03  7.376E-03  6.612E-03  5.942E-03  5.373E-03  4.886E-03  4.306E-03  3.820E-03  3.381E-03  2.958E-03  2.553E-03  2.241E-03  1.924E-03  1.630E-03  1.377E-03  1.158E-03  9.704E-04  8.104E-04  6.564E-04  5.383E-04  4.442E-04  3.544E-04  2.899E-04  2.293E-04  1.822E-04  1.463E-04  1.150E-04  8.960E-05  6.931E-05  5.320E-05  3.986E-05  2.947E-05  2.169E-05  1.568E-05  1.095E-05  7.552E-06  5.038E-06  3.136E-06  1.770E-06  8.338E-07  2.705E-07  3.793E-08  2.429E-09  4.757E-11  1.774E-13  9.405E-17  4.147E-24  0.000E+00  0.000E+00  0.000E+00  0.000E+00  0.000E+00  0.000E+00  0.000E+00  0.000E+00  0.000E+00  0.000E+00  0.000E+00
  365.5000  1.268E-02  1.172E-02  1.081E-02  9.944E-03  8.979E-03  8.049E-03  7.232E-03  6.539E-03  5.945E-03  5.239E-03  4.646E-03  4.112E-03  3.597E-03  3.104E-03  2.724E-03  2.339E-03  1.982E-03  1.673E-03  1.407E-03  1.178E-03  9.841E-04  7.969E-04  6.534E-04  5.391E-04  4.299E-04  3.516E-04  2.781E-04  2.210E-04  1.774E-04  1.395E-04  1.086E-04  8.403E-05  6.451E-05  4.833E-05  3.574E-05  2.631E-05  1.902E-05  1.329E-05  9.166E-06  6.118E-06  3.812E-06  2.156E-06  1.019E-06  3.332E-07  4.741E-08  3.109E-09  6.319E-11  2.493E-13  1.428E-16  7.158E-24  0.000E+00  0.000E+00  0.000E+00  0.000E+00  0.000E+00  0.000E+00  0.000E+00  0.000E+00  0.000E+00  0.000E+00  0.000E+00
  366.5000  1.344E-02  1.243E-02  1.146E-02  1.054E-02  9.517E-03  8.520E-03  7.665E-03  6.930E-03  6.300E-03  5.551E-03  4.923E-03  4.356E-03  3.810E-03  3.287E-03  2.885E-03  2.477E-03  2.098E-03  1.771E-03  1.489E-03  1.247E-03  1.041E-03  8.430E-04  6.910E-04  5.700E-04  4.545E-04  3.717E-04  2.939E-04  2.335E-04  1.874E-04  1.473E-04  1.147E-04  8.875E-05  6.813E-05  5.105E-05  3.776E-05  2.780E-05  2.010E-05  1.405E-05  9.695E-06  6.476E-06  4.041E-06  2.291E-06  1.089E-06  3.589E-07  5.185E-08  3.480E-09  7.335E-11  3.057E-13  1.888E-16  1.074E-23  0.000E+00  0.000E+00  0.000E+00  0.000E+00  0.000E+00  0.000E+00  0.000E+00  0.000E+00  0.000E+00  0.000E+00  0.000E+00
  367.5000  1.278E-02  1.182E-02  1.090E-02  1.002E-02  9.050E-03  8.090E-03  7.288E-03  6.589E-03  5.989E-03  5.277E-03  4.680E-03  4.141E-03  3.621E-03  3.124E-03  2.742E-03  2.353E-03  1.993E-03  1.682E-03  1.414E-03  1.184E-03  9.884E-04  8.000E-04  6.556E-04  5.407E-04  4.310E-04  3.524E-04  2.786E-04  2.213E-04  1.776E-04  1.396E-04  1.087E-04  8.409E-05  6.456E-05  4.838E-05  3.579E-05  2.635E-05  1.906E-05  1.333E-05  9.200E-06  6.149E-06  3.843E-06  2.185E-06  1.043E-06  3.467E-07  5.085E-08  3.492E-09  7.630E-11  3.357E-13  2.233E-16  1.438E-23  0.000E+00  0.000E+00  0.000E+00  0.000E+00  0.000E+00  0.000E+00  0.000E+00  0.000E+00  0.000E+00  0.000E+00  0.000E+00
  368.5000  1.123E-02  1.039E-02  9.576E-03  8.807E-03  7.952E-03  7.113E-03  6.403E-03  5.788E-03  5.261E-03  4.635E-03  4.110E-03  3.636E-03  3.179E-03  2.742E-03  2.407E-03  2.065E-03  1.749E-03  1.475E-03  1.240E-03  1.038E-03  8.666E-04  7.012E-04  5.746E-04  4.737E-04  3.776E-04  3.086E-04  2.439E-04  1.937E-04  1.555E-04  1.222E-04  9.514E-05  7.360E-05  5.651E-05  4.235E-05  3.134E-05  2.308E-05  1.669E-05  1.167E-05  8.062E-06  5.392E-06  3.373E-06  1.922E-06  9.215E-07  3.086E-07  4.592E-08  3.226E-09  7.304E-11  3.391E-13  2.427E-16  1.769E-23  0.000E+00  0.000E+00  0.000E+00  0.000E+00  0.000E+00  0.000E+00  0.000E+00  0.000E+00  0.000E+00  0.000E+00  0.000E+00
  369.5000  1.348E-02  1.246E-02  1.149E-02  1.057E-02  9.541E-03  8.527E-03  7.682E-03  6.943E-03  6.310E-03  5.559E-03  4.928E-03  4.359E-03  3.812E-03  3.287E-03  2.884E-03  2.475E-03  2.095E-03  1.769E-03  1.486E-03  1.244E-03  1.038E-03  8.396E-04  6.877E-04  5.669E-04  4.517E-04  3.692E-04  2.918E-04  2.316E-04  1.859E-04  1.461E-04  1.137E-04  8.799E-05  6.756E-05  5.064E-05  3.747E-05  2.760E-05  1.997E-05  1.397E-05  9.649E-06  6.457E-06  4.044E-06  2.310E-06  1.112E-06  3.752E-07  5.663E-08  4.068E-09  9.539E-11  4.670E-13  3.594E-16  2.957E-23  0.000E+00  0.000E+00  0.000E+00  0.000E+00  0.000E+00  0.000E+00  0.000E+00  0.000E+00  0.000E+00  0.000E+00  0.000E+00
  370.5000  1.223E-02  1.131E-02  1.043E-02  9.590E-03  8.658E-03  7.743E-03  6.970E-03  6.299E-03  5.724E-03  5.042E-03  4.469E-03  3.953E-03  3.456E-03  2.980E-03  2.614E-03  2.243E-03  1.898E-03  1.602E-03  1.346E-03  1.126E-03  9.397E-04  7.600E-04  6.225E-04  5.130E-04  4.087E-04  3.339E-04  2.638E-04  2.095E-04  1.681E-04  1.320E-04  1.028E-04  7.953E-05  6.107E-05  4.578E-05  3.388E-05  2.496E-05  1.806E-05  1.263E-05  8.733E-06  5.846E-06  3.666E-06  2.098E-06  1.014E-06  3.447E-07  5.277E-08  3.875E-09  9.407E-11  4.853E-13  4.012E-16  3.722E-23  0.000E+00  0.000E+00  0.000E+00  0.000E+00  0.000E+00  0.000E+00  0.000E+00  0.000E+00  0.000E+00  0.000E+00  0.000E+00
  371.5000  1.401E-02  1.295E-02  1.194E-02  1.098E-02  9.912E-03  8.867E-03  7.978E-03  7.209E-03  6.551E-03  5.769E-03  5.114E-03  4.523E-03  3.953E-03  3.408E-03  2.990E-03  2.564E-03  2.170E-03  1.832E-03  1.538E-03  1.287E-03  1.074E-03  8.681E-04  7.108E-04  5.857E-04  4.665E-04  3.811E-04  3.010E-04  2.389E-04  1.917E-04  1.506E-04  1.172E-04  9.070E-05  6.964E-05  5.222E-05  3.865E-05  2.847E-05  2.061E-05  1.442E-05  9.971E-06  6.679E-06  4.193E-06  2.405E-06  1.167E-06  3.997E-07  6.204E-08  4.657E-09  1.170E-10  6.353E-13  5.636E-16  5.885E-23  0.000E+00  0.000E+00  0.000E+00  0.000E+00  0.000E+00  0.000E+00  0.000E+00  0.000E+00  0.000E+00  0.000E+00  0.000E+00
  372.5000  1.035E-02  9.573E-03  8.825E-03  8.114E-03  7.325E-03  6.554E-03  5.895E-03  5.327E-03  4.840E-03  4.262E-03  3.778E-03  3.340E-03  2.920E-03  2.517E-03  2.208E-03  1.893E-03  1.602E-03  1.351E-03  1.135E-03  9.495E-04  7.918E-04  6.401E-04  5.240E-04  4.317E-04  3.438E-04  2.808E-04  2.217E-04  1.760E-04  1.412E-04  1.109E-04  8.632E-05  6.677E-05  5.128E-05  3.845E-05  2.846E-05  2.097E-05  1.519E-05  1.063E-05  7.350E-06  4.926E-06  3.096E-06  1.780E-06  8.672E-07  2.991E-07  4.708E-08  3.611E-09  9.380E-11  5.360E-13  5.097E-16  5.983E-23  0.000E+00  0.000E+00  0.000E+00  0.000E+00  0.000E+00  0.000E+00  0.000E+00  0.000E+00  0.000E+00  0.000E+00  0.000E+00
  373.5000  9.359E-03  8.653E-03  7.977E-03  7.334E-03  6.620E-03  5.920E-03  5.327E-03  4.813E-03  4.373E-03  3.850E-03  3.412E-03  3.017E-03  2.636E-03  2.272E-03  1.993E-03  1.709E-03  1.446E-03  1.220E-03  1.024E-03  8.564E-04  7.140E-04  5.771E-04  4.723E-04  3.890E-04  3.097E-04  2.529E-04  1.997E-04  1.585E-04  1.271E-04  9.982E-05  7.770E-05  6.011E-05  4.616E-05  3.462E-05  2.563E-05  1.889E-05  1.368E-05  9.573E-06  6.623E-06  4.441E-06  2.794E-06  1.610E-06  7.870E-07  2.734E-07  4.361E-08  3.417E-09  9.175E-11  5.513E-13  5.615E-16  7.399E-23  0.000E+00  0.000E+00  0.000E+00  0.000E+00  0.000E+00  0.000E+00  0.000E+00  0.000E+00  0.000E+00  0.000E+00  0.000E+00
  374.5000  1.027E-02  9.498E-03  8.755E-03  8.049E-03  7.266E-03  6.489E-03  5.846E-03  5.281E-03  4.797E-03  4.224E-03  3.742E-03  3.308E-03  2.891E-03  2.491E-03  2.185E-03  1.873E-03  1.584E-03  1.336E-03  1.122E-03  9.380E-04  7.819E-04  6.318E-04  5.170E-04  4.258E-04  3.389E-04  2.767E-04  2.184E-04  1.733E-04  1.390E-04  1.091E-04  8.495E-05  6.571E-05  5.046E-05  3.785E-05  2.802E-05  2.065E-05  1.496E-05  1.047E-05  7.248E-06  4.863E-06  3.063E-06  1.767E-06  8.674E-07  3.034E-07  4.904E-08  3.924E-09  1.089E-10  6.875E-13  7.494E-16  1.107E-22  0.000E+00  0.000E+00  0.000E+00  0.000E+00  0.000E+00  0.000E+00  0.000E+00  0.000E+00  0.000E+00  0.000E+00  0.000E+00
  375.5000  1.160E-02  1.072E-02  9.885E-03  9.088E-03  8.203E-03  7.335E-03  6.599E-03  5.961E-03  5.414E-03  4.766E-03  4.223E-03  3.733E-03  3.261E-03  2.810E-03  2.464E-03  2.112E-03  1.786E-03  1.506E-03  1.264E-03  1.057E-03  8.809E-04  7.117E-04  5.822E-04  4.794E-04  3.814E-04  3.114E-04  2.458E-04  1.949E-04  1.563E-04  1.227E-04  9.553E-05  7.390E-05  5.675E-05  4.257E-05  3.152E-05  2.324E-05  1.684E-05  1.179E-05  8.161E-06  5.478E-06  3.454E-06  1.997E-06  9.841E-07  3.466E-07  5.678E-08  4.638E-09  1.329E-10  8.812E-13  1.027E-15  1.697E-22  0.000E+00  0.000E+00  0.000E+00  0.000E+00  0.000E+00  0.000E+00  0.000E+00  0.000E+00  0.000E+00  0.000E+00  0.000E+00
  376.5000  1.159E-02  1.071E-02  9.877E-03  9.079E-03  8.195E-03  7.327E-03  6.592E-03  5.954E-03  5.408E-03  4.760E-03  4.217E-03  3.727E-03  3.256E-03  2.805E-03  2.459E-03  2.107E-03  1.782E-03  1.502E-03  1.261E-03  1.054E-03  8.782E-04  7.094E-04  5.802E-04  4.776E-04  3.799E-04  3.101E-04  2.447E-04  1.941E-04  1.556E-04  1.222E-04  9.507E-05  7.354E-05  5.648E-05  4.237E-05  3.138E-05  2.313E-05  1.676E-05  1.174E-05  8.131E-06  5.460E-06  3.446E-06  1.997E-06  9.876E-07  3.502E-07  5.814E-08  4.847E-09  1.434E-10  9.976E-13  1.241E-15  2.292E-22  0.000E+00  0.000E+00  0.000E+00  0.000E+00  0.000E+00  0.000E+00  0.000E+00  0.000E+00  0.000E+00  0.000E+00  0.000E+00
  377.5000  1.381E-02  1.277E-02  1.177E-02  1.082E-02  9.763E-03  8.719E-03  7.852E-03  7.092E-03  6.440E-03  5.668E-03  5.020E-03  4.437E-03  3.875E-03  3.338E-03  2.926E-03  2.508E-03  2.121E-03  1.786E-03  1.499E-03  1.253E-03  1.044E-03  8.430E-04  6.894E-04  5.673E-04  4.512E-04  3.682E-04  2.905E-04  2.303E-04  1.847E-04  1.450E-04  1.128E-04  8.726E-05  6.702E-05  5.028E-05  3.724E-05  2.746E-05  1.990E-05  1.394E-05  9.659E-06  6.490E-06  4.100E-06  2.381E-06  1.182E-06  4.218E-07  7.093E-08  6.034E-09  1.842E-10  1.344E-12  1.784E-15  3.678E-22  0.000E+00  0.000E+00  0.000E+00  0.000E+00  0.000E+00  0.000E+00  0.000E+00  0.000E+00  0.000E+00  0.000E+00  0.000E+00
  378.5000  1.506E-02  1.392E-02  1.283E-02  1.179E-02  1.064E-02  9.515E-03  8.558E-03  7.729E-03  7.018E-03  6.176E-03  5.470E-03  4.833E-03  4.221E-03  3.635E-03  3.186E-03  2.730E-03  2.308E-03  1.944E-03  1.632E-03  1.363E-03  1.135E-03  9.168E-04  7.495E-04  6.167E-04  4.904E-04  4.001E-04  3.156E-04  2.502E-04  2.006E-04  1.574E-04  1.225E-04  9.474E-05  7.277E-05  5.460E-05  4.044E-05  2.982E-05  2.162E-05  1.515E-05  1.050E-05  7.057E-06  4.463E-06  2.596E-06  1.293E-06  4.646E-07  7.912E-08  6.866E-09  2.163E-10  1.653E-12  2.341E-15  5.377E-22  0.000E+00  0.000E+00  0.000E+00  0.000E+00  0.000E+00  0.000E+00  0.000E+00  0.000E+00  0.000E+00  0.000E+00  0.000E+00
  379.5000  1.114E-02  1.030E-02  9.492E-03  8.725E-03  7.874E-03  7.034E-03  6.331E-03  5.717E-03  5.191E-03  4.568E-03  4.045E-03  3.573E-03  3.120E-03  2.687E-03  2.355E-03  2.017E-03  1.705E-03  1.436E-03  1.205E-03  1.007E-03  8.383E-04  6.767E-04  5.531E-04  4.550E-04  3.617E-04  2.950E-04  2.327E-04  1.844E-04  1.479E-04  1.160E-04  9.027E-05  6.982E-05  5.363E-05  4.024E-05  2.981E-05  2.199E-05  1.594E-05  1.117E-05  7.744E-06  5.208E-06  3.297E-06  1.921E-06  9.601E-07  3.472E-07  5.988E-08  5.299E-09  1.721E-10  1.378E-12  2.078E-15  5.314E-22  0.000E+00  0.000E+00  0.000E+00  0.000E+00  0.000E+00  0.000E+00  0.000E+00  0.000E+00  0.000E+00  0.000E+00  0.000E+00
  380.5000  1.341E-02  1.239E-02  1.142E-02  1.050E-02  9.473E-03  8.465E-03  7.616E-03  6.877E-03  6.243E-03  5.493E-03  4.863E-03  4.296E-03  3.751E-03  3.230E-03  2.830E-03  2.424E-03  2.049E-03  1.725E-03  1.447E-03  1.209E-03  1.006E-03  8.122E-04  6.637E-04  5.459E-04  4.339E-04  3.538E-04  2.790E-04  2.211E-04  1.772E-04  1.390E-04  1.082E-04  8.366E-05  6.426E-05  4.823E-05  3.573E-05  2.635E-05  1.912E-05  1.339E-05  9.290E-06  6.250E-06  3.960E-06  2.312E-06  1.159E-06  4.220E-07  7.368E-08  6.649E-09  2.226E-10  1.866E-12  2.994E-15  8.510E-22  0.000E+00  0.000E+00  0.000E+00  0.000E+00  0.000E+00  0.000E+00  0.000E+00  0.000E+00  0.000E+00  0.000E+00  0.000E+00
  381.5000  1.260E-02  1.165E-02  1.074E-02  9.867E-03  8.905E-03  7.950E-03  7.158E-03  6.463E-03  5.866E-03  5.161E-03  4.569E-03  4.036E-03  3.523E-03  3.033E-03  2.657E-03  2.276E-03  1.923E-03  1.619E-03  1.358E-03  1.134E-03  9.440E-04  7.616E-04  6.222E-04  5.117E-04  4.066E-04  3.315E-04  2.613E-04  2.071E-04  1.660E-04  1.302E-04  1.013E-04  7.833E-05  6.017E-05  4.516E-05  3.346E-05  2.468E-05  1.791E-05  1.255E-05  8.707E-06  5.860E-06  3.717E-06  2.174E-06  1.094E-06  4.007E-07  7.082E-08  6.514E-09  2.247E-10  1.970E-12  3.363E-15  1.061E-21  0.000E+00  0.000E+00  0.000E+00  0.000E+00  0.000E+00  0.000E+00  0.000E+00  0.000E+00  0.000E+00  0.000E+00  0.000E+00
  382.5000  8.402E-03  7.766E-03  7.156E-03  6.577E-03  5.935E-03  5.294E-03  4.770E-03  4.307E-03  3.909E-03  3.438E-03  3.044E-03  2.688E-03  2.346E-03  2.020E-03  1.769E-03  1.515E-03  1.280E-03  1.077E-03  9.034E-04  7.543E-04  6.278E-04  5.064E-04  4.137E-04  3.401E-04  2.702E-04  2.202E-04  1.736E-04  1.375E-04  1.102E-04  8.643E-05  6.723E-05  5.200E-05  3.994E-05  2.998E-05  2.222E-05  1.639E-05  1.189E-05  8.337E-06  5.786E-06  3.896E-06  2.473E-06  1.449E-06  7.316E-07  2.697E-07  4.824E-08  4.522E-09  1.607E-10  1.472E-12  2.671E-15  9.341E-22  0.000E+00  0.000E+00  0.000E+00  0.000E+00  0.000E+00  0.000E+00  0.000E+00  0.000E+00  0.000E+00  0.000E+00  0.000E+00
  383.5000  7.381E-03  6.821E-03  6.286E-03  5.777E-03  5.213E-03  4.661E-03  4.189E-03  3.782E-03  3.432E-03  3.019E-03  2.672E-03  2.359E-03  2.059E-03  1.772E-03  1.552E-03  1.329E-03  1.123E-03  9.448E-04  7.921E-04  6.612E-04  5.502E-04  4.437E-04  3.624E-04  2.978E-04  2.366E-04  1.928E-04  1.519E-04  1.203E-04  9.643E-05  7.561E-05  5.882E-05  4.549E-05  3.494E-05  2.623E-05  1.944E-05  1.434E-05  1.041E-05  7.298E-06  5.066E-06  3.413E-06  2.168E-06  1.273E-06  6.446E-07  2.391E-07  4.328E-08  4.134E-09  1.512E-10  1.448E-12  2.788E-15  1.080E-21  0.000E+00  0.000E+00  0.000E+00  0.000E+00  0.000E+00  0.000E+00  0.000E+00  0.000E+00  0.000E+00  0.000E+00  0.000E+00
  384.5000  1.108E-02  1.024E-02  9.437E-03  8.672E-03  7.825E-03  7.000E-03  6.288E-03  5.676E-03  5.150E-03  4.530E-03  4.009E-03  3.539E-03  3.088E-03  2.658E-03  2.328E-03  1.992E-03  1.683E-03  1.416E-03  1.187E-03  9.906E-04  8.241E-04  6.645E-04  5.425E-04  4.458E-04  3.540E-04  2.885E-04  2.273E-04  1.800E-04  1.442E-04  1.131E-04  8.794E-05  6.801E-05  5.224E-05  3.923E-05  2.907E-05  2.145E-05  1.557E-05  1.092E-05  7.582E-06  5.110E-06  3.249E-06  1.911E-06  9.708E-07  3.622E-07  6.636E-08  6.455E-09  2.430E-10  2.430E-12  4.964E-15  2.126E-21  0.000E+00  0.000E+00  0.000E+00  0.000E+00  0.000E+00  0.000E+00  0.000E+00  0.000E+00  0.000E+00  0.000E+00  0.000E+00
  385.5000  1.097E-02  1.014E-02  9.340E-03  8.583E-03  7.745E-03  6.924E-03  6.223E-03  5.616E-03  5.096E-03  4.481E-03  3.965E-03  3.501E-03  3.054E-03  2.628E-03  2.301E-03  1.969E-03  1.663E-03  1.399E-03  1.173E-03  9.785E-04  8.139E-04  6.561E-04  5.355E-04  4.400E-04  3.493E-04  2.846E-04  2.242E-04  1.775E-04  1.422E-04  1.115E-04  8.668E-05  6.704E-05  5.149E-05  3.867E-05  2.866E-05  2.115E-05  1.536E-05  1.077E-05  7.481E-06  5.044E-06  3.210E-06  1.891E-06  9.639E-07  3.618E-07  6.705E-08  6.643E-09  2.572E-10  2.685E-12  5.814E-15  2.750E-21  0.000E+00  0.000E+00  0.000E+00  0.000E+00  0.000E+00  0.000E+00  0.000E+00  0.000E+00  0.000E+00  0.000E+00  0.000E+00
  386.5000  1.119E-02  1.034E-02  9.524E-03  8.752E-03  7.897E-03  7.050E-03  6.344E-03  5.725E-03  5.194E-03  4.567E-03  4.041E-03  3.567E-03  3.111E-03  2.677E-03  2.344E-03  2.005E-03  1.693E-03  1.424E-03  1.193E-03  9.957E-04  8.280E-04  6.674E-04  5.446E-04  4.474E-04  3.551E-04  2.892E-04  2.278E-04  1.803E-04  1.444E-04  1.132E-04  8.803E-05  6.807E-05  5.229E-05  3.927E-05  2.911E-05  2.149E-05  1.560E-05  1.094E-05  7.604E-06  5.129E-06  3.267E-06  1.928E-06  9.857E-07  3.721E-07  6.977E-08  7.037E-09  2.803E-10  3.051E-12  6.998E-15  3.653E-21  0.000E+00  0.000E+00  0.000E+00  0.000E+00  0.000E+00  0.000E+00  0.000E+00  0.000E+00  0.000E+00  0.000E+00  0.000E+00
  387.5000  1.040E-02  9.610E-03  8.854E-03  8.135E-03  7.340E-03  6.556E-03  5.896E-03  5.321E-03  4.827E-03  4.244E-03  3.754E-03  3.314E-03  2.890E-03  2.486E-03  2.176E-03  1.862E-03  1.572E-03  1.322E-03  1.107E-03  9.238E-04  7.681E-04  6.189E-04  5.049E-04  4.147E-04  3.291E-04  2.680E-04  2.110E-04  1.670E-04  1.338E-04  1.048E-04  8.150E-05  6.302E-05  4.841E-05  3.636E-05  2.695E-05  1.990E-05  1.445E-05  1.014E-05  7.046E-06  4.755E-06  3.031E-06  1.791E-06  9.188E-07  3.489E-07  6.616E-08  6.793E-09  2.781E-10  3.156E-12  7.663E-15  4.407E-21  0.000E+00  0.000E+00  0.000E+00  0.000E+00  0.000E+00  0.000E+00  0.000E+00  0.000E+00  0.000E+00  0.000E+00  0.000E+00
  388.5000  1.043E-02  9.635E-03  8.877E-03  8.156E-03  7.359E-03  6.571E-03  5.911E-03  5.333E-03  4.837E-03  4.253E-03  3.762E-03  3.320E-03  2.895E-03  2.490E-03  2.179E-03  1.864E-03  1.573E-03  1.323E-03  1.108E-03  9.243E-04  7.683E-04  6.190E-04  5.049E-04  4.145E-04  3.289E-04  2.678E-04  2.108E-04  1.668E-04  1.336E-04  1.047E-04  8.138E-05  6.292E-05  4.834E-05  3.631E-05  2.692E-05  1.987E-05  1.444E-05  1.013E-05  7.042E-06  4.753E-06  3.033E-06  1.795E-06  9.235E-07  3.527E-07  6.763E-08  7.067E-09  2.973E-10  3.516E-12  9.029E-15  5.716E-21  0.000E+00  0.000E+00  0.000E+00  0.000E+00  0.000E+00  0.000E+00  0.000E+00  0.000E+00  0.000E+00  0.000E+00  0.000E+00
  389.5000  1.315E-02  1.216E-02  1.120E-02  1.029E-02  9.283E-03  8.294E-03  7.455E-03  6.726E-03  6.100E-03  5.362E-03  4.742E-03  4.185E-03  3.649E-03  3.138E-03  2.746E-03  2.348E-03  1.982E-03  1.667E-03  1.395E-03  1.164E-03  9.670E-04  7.789E-04  6.352E-04  5.214E-04  4.136E-04  3.366E-04  2.650E-04  2.096E-04  1.679E-04  1.315E-04  1.022E-04  7.905E-05  6.073E-05  4.562E-05  3.382E-05  2.497E-05  1.815E-05  1.273E-05  8.855E-06  5.979E-06  3.818E-06  2.264E-06  1.168E-06  4.486E-07  8.698E-08  9.247E-09  3.997E-10  4.921E-12  1.336E-14  9.297E-21  0.000E+00  0.000E+00  0.000E+00  0.000E+00  0.000E+00  0.000E+00  0.000E+00  0.000E+00  0.000E+00  0.000E+00  0.000E+00
  390.5000  1.293E-02  1.194E-02  1.100E-02  1.011E-02  9.121E-03  8.142E-03  7.324E-03  6.607E-03  5.992E-03  5.267E-03  4.657E-03  4.109E-03  3.582E-03  3.080E-03  2.695E-03  2.304E-03  1.945E-03  1.635E-03  1.369E-03  1.141E-03  9.481E-04  7.635E-04  6.225E-04  5.109E-04  4.051E-04  3.297E-04  2.594E-04  2.052E-04  1.643E-04  1.287E-04  1.000E-04  7.735E-05  5.942E-05  4.464E-05  3.310E-05  2.445E-05  1.777E-05  1.247E-05  8.673E-06  5.859E-06  3.744E-06  2.223E-06  1.151E-06  4.443E-07  8.711E-08  9.420E-09  4.181E-10  5.359E-12  1.536E-14  1.174E-20  0.000E+00  0.000E+00  0.000E+00  0.000E+00  0.000E+00  0.000E+00  0.000E+00  0.000E+00  0.000E+00  0.000E+00  0.000E+00
  391.5000  1.534E-02  1.418E-02  1.306E-02  1.200E-02  1.082E-02  9.667E-03  8.692E-03  7.840E-03  7.109E-03  6.248E-03  5.524E-03  4.874E-03  4.248E-03  3.652E-03  3.195E-03  2.732E-03  2.305E-03  1.937E-03  1.622E-03  1.352E-03  1.123E-03  9.040E-04  7.368E-04  6.046E-04  4.793E-04  3.900E-04  3.068E-04  2.427E-04  1.943E-04  1.521E-04  1.183E-04  9.143E-05  7.024E-05  5.277E-05  3.913E-05  2.890E-05  2.101E-05  1.475E-05  1.026E-05  6.934E-06  4.435E-06  2.637E-06  1.369E-06  5.315E-07  1.053E-07  1.159E-08  5.279E-10  7.039E-12  2.129E-14  1.785E-20  0.000E+00  0.000E+00  0.000E+00  0.000E+00  0.000E+00  0.000E+00  0.000E+00  0.000E+00  0.000E+00  0.000E+00  0.000E+00
  392.5000  1.151E-02  1.064E-02  9.798E-03  9.001E-03  8.120E-03  7.260E-03  6.519E-03  5.880E-03  5.331E-03  4.685E-03  4.142E-03  3.654E-03  3.184E-03  2.737E-03  2.394E-03  2.046E-03  1.726E-03  1.451E-03  1.214E-03  1.012E-03  8.404E-04  6.765E-04  5.513E-04  4.522E-04  3.585E-04  2.916E-04  2.294E-04  1.814E-04  1.452E-04  1.137E-04  8.835E-05  6.830E-05  5.247E-05  3.943E-05  2.924E-05  2.160E-05  1.570E-05  1.102E-05  7.672E-06  5.186E-06  3.320E-06  1.977E-06  1.029E-06  4.018E-07  8.048E-08  9.001E-09  4.209E-10  5.835E-12  1.862E-14  1.710E-20  0.000E+00  0.000E+00  0.000E+00  0.000E+00  0.000E+00  0.000E+00  0.000E+00  0.000E+00  0.000E+00  0.000E+00  0.000E+00
  393.5000  5.007E-03  4.626E-03  4.261E-03  3.914E-03  3.531E-03  3.158E-03  2.835E-03  2.556E-03  2.318E-03  2.037E-03  1.800E-03  1.588E-03  1.383E-03  1.189E-03  1.040E-03  8.888E-04  7.496E-04  6.299E-04  5.271E-04  4.391E-04  3.647E-04  2.935E-04  2.391E-04  1.961E-04  1.554E-04  1.264E-04  9.939E-05  7.858E-05  6.289E-05  4.923E-05  3.826E-05  2.958E-05  2.272E-05  1.708E-05  1.266E-05  9.356E-06  6.804E-06  4.776E-06  3.325E-06  2.249E-06  1.441E-06  8.592E-07  4.484E-07  1.760E-07  3.563E-08  4.051E-09  1.944E-10  2.800E-12  9.416E-15  9.469E-21  0.000E+00  0.000E+00  0.000E+00  0.000E+00  0.000E+00  0.000E+00  0.000E+00  0.000E+00  0.000E+00  0.000E+00  0.000E+00
  394.5000  1.179E-02  1.089E-02  1.003E-02  9.213E-03  8.311E-03  7.434E-03  6.671E-03  6.016E-03  5.453E-03  4.791E-03  4.235E-03  3.735E-03  3.254E-03  2.796E-03  2.445E-03  2.089E-03  1.762E-03  1.480E-03  1.238E-03  1.031E-03  8.564E-04  6.890E-04  5.613E-04  4.602E-04  3.646E-04  2.965E-04  2.331E-04  1.843E-04  1.475E-04  1.154E-04  8.969E-05  6.933E-05  5.326E-05  4.003E-05  2.969E-05  2.193E-05  1.595E-05  1.120E-05  7.800E-06  5.277E-06  3.383E-06  2.021E-06  1.057E-06  4.173E-07  8.535E-08  9.863E-09  4.853E-10  7.263E-12  2.572E-14  2.829E-20  0.000E+00  0.000E+00  0.000E+00  0.000E+00  0.000E+00  0.000E+00  0.000E+00  0.000E+00  0.000E+00  0.000E+00  0.000E+00
  395.5000  1.517E-02  1.402E-02  1.291E-02  1.186E-02  1.070E-02  9.538E-03  8.585E-03  7.741E-03  7.016E-03  6.164E-03  5.447E-03  4.803E-03  4.184E-03  3.595E-03  3.143E-03  2.685E-03  2.264E-03  1.902E-03  1.591E-03  1.325E-03  1.100E-03  8.846E-04  7.204E-04  5.906E-04  4.678E-04  3.803E-04  2.989E-04  2.363E-04  1.891E-04  1.479E-04  1.150E-04  8.886E-05  6.826E-05  5.131E-05  3.805E-05  2.812E-05  2.046E-05  1.436E-05  1.001E-05  6.771E-06  4.344E-06  2.598E-06  1.363E-06  5.408E-07  1.118E-07  1.312E-08  6.622E-10  1.029E-11  3.835E-14  4.607E-20  0.000E+00  0.000E+00  0.000E+00  0.000E+00  0.000E+00  0.000E+00  0.000E+00  0.000E+00  0.000E+00  0.000E+00  0.000E+00
  396.5000  8.912E-03  8.234E-03  7.584E-03  6.965E-03  6.283E-03  5.615E-03  5.042E-03  4.546E-03  4.120E-03  3.619E-03  3.198E-03  2.820E-03  2.456E-03  2.110E-03  1.844E-03  1.575E-03  1.328E-03  1.116E-03  9.328E-04  7.767E-04  6.446E-04  5.184E-04  4.221E-04  3.459E-04  2.740E-04  2.227E-04  1.750E-04  1.383E-04  1.106E-04  8.655E-05  6.725E-05  5.198E-05  3.993E-05  3.002E-05  2.226E-05  1.645E-05  1.197E-05  8.408E-06  5.858E-06  3.966E-06  2.546E-06  1.525E-06  8.025E-07  3.199E-07  6.680E-08  7.969E-09  4.121E-10  6.645E-12  2.605E-14  3.415E-20  0.000E+00  0.000E+00  0.000E+00  0.000E+00  0.000E+00  0.000E+00  0.000E+00  0.000E+00  0.000E+00  0.000E+00  0.000E+00
  397.5000  1.029E-02  9.506E-03  8.755E-03  8.041E-03  7.253E-03  6.482E-03  5.820E-03  5.247E-03  4.755E-03  4.177E-03  3.690E-03  3.253E-03  2.833E-03  2.433E-03  2.127E-03  1.816E-03  1.531E-03  1.286E-03  1.075E-03  8.949E-04  7.425E-04  5.970E-04  4.860E-04  3.982E-04  3.153E-04  2.562E-04  2.013E-04  1.590E-04  1.272E-04  9.952E-05  7.732E-05  5.976E-05  4.591E-05  3.451E-05  2.560E-05  1.892E-05  1.377E-05  9.671E-06  6.740E-06  4.565E-06  2.933E-06  1.759E-06  9.281E-07  3.719E-07  7.844E-08  9.506E-09  5.037E-10  8.424E-12  3.472E-14  4.960E-20  0.000E+00  0.000E+00  0.000E+00  0.000E+00  0.000E+00  0.000E+00  0.000E+00  0.000E+00  0.000E+00  0.000E+00  0.000E+00
  398.5000  1.769E-02  1.634E-02  1.505E-02  1.382E-02  1.247E-02  1.114E-02  1.000E-02  9.018E-03  8.172E-03  7.177E-03  6.340E-03  5.589E-03  4.866E-03  4.179E-03  3.653E-03  3.119E-03  2.628E-03  2.207E-03  1.844E-03  1.535E-03  1.274E-03  1.024E-03  8.332E-04  6.826E-04  5.403E-04  4.390E-04  3.448E-04  2.724E-04  2.179E-04  1.704E-04  1.324E-04  1.023E-04  7.858E-05  5.908E-05  4.383E-05  3.240E-05  2.358E-05  1.657E-05  1.155E-05  7.823E-06  5.030E-06  3.021E-06  1.598E-06  6.437E-07  1.371E-07  1.688E-08  9.160E-10  1.588E-11  6.876E-14  1.070E-19  0.000E+00  0.000E+00  0.000E+00  0.000E+00  0.000E+00  0.000E+00  0.000E+00  0.000E+00  0.000E+00  0.000E+00  0.000E+00
  399.5000  1.841E-02  1.700E-02  1.566E-02  1.438E-02  1.297E-02  1.159E-02  1.041E-02  9.381E-03  8.500E-03  7.464E-03  6.593E-03  5.811E-03  5.059E-03  4.344E-03  3.796E-03  3.241E-03  2.730E-03  2.292E-03  1.916E-03  1.594E-03  1.322E-03  1.063E-03  8.646E-04  7.082E-04  5.604E-04  4.552E-04  3.575E-04  2.824E-04  2.258E-04  1.766E-04  1.371E-04  1.060E-04  8.142E-05  6.121E-05  4.542E-05  3.358E-05  2.444E-05  1.717E-05  1.197E-05  8.114E-06  5.221E-06  3.140E-06  1.665E-06  6.741E-07  1.450E-07  1.812E-08  1.007E-09  1.810E-11  8.226E-14  1.392E-19  0.000E+00  0.000E+00  0.000E+00  0.000E+00  0.000E+00  0.000E+00  0.000E+00  0.000E+00  0.000E+00  0.000E+00  0.000E+00
------------------------------------------------------------
Dose rates,W m-2
   1 = UV index (WMO, 1994; Webb et al., 2011)           
   2 = Previtamin-D3 (CIE 2006)                          
values at z =      0.025 km
Columns: time,sza,weighting spectra
time,hrs.  sza,deg.          1          2
   18.0000     89.353  2.456E-02  3.663E-04
   18.0167     89.543  2.270E-02  3.416E-04
   18.0333     89.733  2.094E-02  3.181E-04
   18.0500     89.924  1.927E-02  2.959E-04
   18.0667     90.114  1.745E-02  2.713E-04
   18.0833     90.305  1.569E-02  2.473E-04
   18.1000     90.496  1.416E-02  2.266E-04
   18.1167     90.687  1.285E-02  2.087E-04
   18.1333     90.878  1.173E-02  1.934E-04
   18.1500     91.070  1.041E-02  1.745E-04
   18.1667     91.262  9.298E-03  1.586E-04
   18.1833     91.454  8.288E-03  1.439E-04
   18.2000     91.646  7.318E-03  1.296E-04
   18.2167     91.838  6.383E-03  1.153E-04
   18.2333     92.030  5.651E-03  1.039E-04
   18.2500     92.223  4.916E-03  9.235E-05
   18.2667     92.416  4.224E-03  8.104E-05
   18.2833     92.609  3.618E-03  7.080E-05
   18.3000     92.803  3.088E-03  6.161E-05
   18.3167     92.996  2.626E-03  5.334E-05
   18.3333     93.190  2.226E-03  4.595E-05
   18.3500     93.384  1.831E-03  3.834E-05
   18.3667     93.578  1.523E-03  3.229E-05
   18.3833     93.772  1.272E-03  2.721E-05
   18.4000     93.966  1.025E-03  2.203E-05
   18.4167     94.161  8.445E-04  1.821E-05
   18.4333     94.356  6.708E-04  1.442E-05
   18.4500     94.551  5.328E-04  1.137E-05
   18.4667     94.746  4.242E-04  8.932E-06
   18.4833     94.941  3.329E-04  6.951E-06
   18.5000     95.136  2.559E-04  5.233E-06
   18.5167     95.332  1.943E-04  3.860E-06
   18.5333     95.528  1.451E-04  2.747E-06
   18.5500     95.724  1.040E-04  1.803E-06
   18.5667     95.920  7.268E-05  1.094E-06
   18.5833     96.116  4.967E-05  5.976E-07
   18.6000     96.313  3.262E-05  2.740E-07
   18.6167     96.510  2.072E-05  1.085E-07
   18.6333     96.706  1.294E-05  3.825E-08
   18.6500     96.903  7.906E-06  1.315E-08
   18.6667     97.100  4.484E-06  3.967E-09
   18.6833     97.298  2.290E-06  9.986E-10
   18.7000     97.495  9.759E-07  2.014E-10
   18.7167     97.693  2.895E-07  2.715E-11
   18.7333     97.891  3.891E-08  1.397E-12
   18.7500     98.088  2.777E-09  2.818E-14
   18.7667     98.286  8.472E-11  9.460E-17
   18.7833     98.485  8.787E-13  2.528E-20
   18.8000     98.683  2.575E-15  3.449E-25
   18.8167     98.882  2.841E-21  3.488E-35
   18.8333     99.080  0.000E+00  0.000E+00
   18.8500     99.279  0.000E+00  0.000E+00
   18.8667     99.478  0.000E+00  0.000E+00
   18.8833     99.677  0.000E+00  0.000E+00
   18.9000     99.876  0.000E+00  0.000E+00
   18.9167    100.076  0.000E+00  0.000E+00
   18.9333    100.275  0.000E+00  0.000E+00
   18.9500    100.475  0.000E+00  0.000E+00
   18.9667    100.675  0.000E+00  0.000E+00
   18.9833    100.874  0.000E+00  0.000E+00
   19.0000    101.075  0.000E+00  0.000E+00
------------------------------------------------------------
