Spectral Irradiance,W m-2 nm-1
values at z =      0.025 km
Columns: wavelength (nm),times (hrs.) or sza (deg.)
    wc,nm     18.000     18.017     18.033     18.050     18.067     18.083     18.100     18.117     18.133     18.150     18.167     18.183     18.200     18.217     18.233     18.250     18.267     18.283     18.300     18.317     18.333     18.350     18.367     18.383     18.400     18.417     18.433     18.450     18.467     18.483     18.500     18.517     18.533     18.550     18.567     18.583     18.600     18.617     18.633     18.650     18.667     18.683     18.700     18.717     18.733     18.750     18.767     18.783     18.800     18.817     18.833     18.850     18.867     18.883     18.900     18.917     18.933     18.950     18.967     18.983     19.000
    sza =      86.296     86.492     86.688     86.885     87.081     87.278     87.475     87.672     87.869     88.067     88.264     88.462     88.659     88.857     89.055     89.254     89.453     89.651     89.850     90.049     90.249     90.448     90.648     90.847     91.047     91.247     91.447     91.647     91.848     92.048     92.249     92.450     92.651     92.852     93.053     93.254     93.456     93.658     93.860     94.062     94.264     94.466     94.668     94.871     95.073     95.276     95.479     95.682     95.885     96.088     96.291     96.495     96.698     96.902     97.106     97.310     97.514     97.718     97.922     98.126     98.331
  280.5000  1.522E-25  1.481E-25  1.441E-25  1.400E-25  1.359E-25  1.317E-25  1.276E-25  1.234E-25  1.192E-25  1.149E-25  1.106E-25  1.063E-25  1.020E-25  9.760E-26  9.322E-26  8.881E-26  8.442E-26  8.005E-26  7.573E-26  7.104E-26  6.543E-26  6.059E-26  5.636E-26  5.266E-26  4.818E-26  4.386E-26  3.998E-26  3.599E-26  3.192E-26  2.840E-26  2.540E-26  2.204E-26  1.901E-26  1.630E-26  1.348E-26  1.121E-26  9.283E-27  7.385E-27  5.770E-27  4.287E-27  3.112E-27  2.007E-27  1.140E-27  5.326E-28  1.700E-28  2.843E-29  1.226E-30  7.176E-33  9.240E-37  5.885E-44  0.000E+00  0.000E+00  0.000E+00  0.000E+00  0.000E+00  0.000E+00  0.000E+00  0.000E+00  0.000E+00  0.000E+00  0.000E+00
  281.5000  2.678E-23  2.607E-23  2.536E-23  2.464E-23  2.392E-23  2.319E-23  2.246E-23  2.172E-23  2.098E-23  2.023E-23  1.948E-23  1.872E-23  1.796E-23  1.719E-23  1.643E-23  1.565E-23  1.488E-23  1.411E-23  1.336E-23  1.253E-23  1.155E-23  1.069E-23  9.953E-24  9.302E-24  8.513E-24  7.753E-24  7.069E-24  6.366E-24  5.647E-24  5.027E-24  4.498E-24  3.903E-24  3.369E-24  2.888E-24  2.391E-24  1.989E-24  1.650E-24  1.317E-24  1.034E-24  7.754E-25  5.702E-25  3.761E-25  2.214E-25  1.093E-25  3.824E-26  7.441E-27  4.220E-28  3.883E-30  1.102E-33  3.143E-40  0.000E+00  0.000E+00  0.000E+00  0.000E+00  0.000E+00  0.000E+00  0.000E+00  0.000E+00  0.000E+00  0.000E+00  0.000E+00
  282.5000  1.558E-21  1.517E-21  1.475E-21  1.433E-21  1.391E-21  1.349E-21  1.307E-21  1.264E-21  1.221E-21  1.177E-21  1.134E-21  1.090E-21  1.045E-21  1.001E-21  9.563E-22  9.114E-22  8.666E-22  8.221E-22  7.782E-22  7.304E-22  6.731E-22  6.237E-22  5.806E-22  5.428E-22  4.969E-22  4.526E-22  4.129E-22  3.719E-22  3.300E-22  2.939E-22  2.630E-22  2.283E-22  1.971E-22  1.691E-22  1.401E-22  1.166E-22  9.685E-23  7.747E-23  6.112E-23  4.618E-23  3.432E-23  2.308E-23  1.401E-23  7.253E-24  2.750E-24  6.115E-25  4.422E-26  6.076E-28  3.463E-31  3.652E-37  1.401E-45  0.000E+00  0.000E+00  0.000E+00  0.000E+00  0.000E+00  0.000E+00  0.000E+00  0.000E+00  0.000E+00  0.000E+00
  283.5000  1.969E-20  1.917E-20  1.864E-20  1.811E-20  1.758E-20  1.705E-20  1.651E-20  1.597E-20  1.543E-20  1.488E-20  1.433E-20  1.377E-20  1.321E-20  1.265E-20  1.209E-20  1.152E-20  1.096E-20  1.040E-20  9.843E-21  9.240E-21  8.517E-21  7.893E-21  7.348E-21  6.872E-21  6.293E-21  5.734E-21  5.231E-21  4.713E-21  4.181E-21  3.726E-21  3.336E-21  2.896E-21  2.501E-21  2.146E-21  1.778E-21  1.482E-21  1.231E-21  9.866E-22  7.804E-22  5.925E-22  4.434E-22  3.018E-22  1.868E-22  9.977E-23  3.986E-23  9.673E-24  8.209E-25  1.469E-26  1.324E-29  3.280E-35  2.634E-43  0.000E+00  0.000E+00  0.000E+00  0.000E+00  0.000E+00  0.000E+00  0.000E+00  0.000E+00  0.000E+00  0.000E+00
  284.5000  1.231E-18  1.198E-18  1.165E-18  1.132E-18  1.099E-18  1.065E-18  1.032E-18  9.980E-19  9.641E-19  9.298E-19  8.954E-19  8.609E-19  8.261E-19  7.913E-19  7.561E-19  7.208E-19  6.857E-19  6.508E-19  6.163E-19  5.787E-19  5.336E-19  4.948E-19  4.610E-19  4.312E-19  3.951E-19  3.602E-19  3.288E-19  2.964E-19  2.633E-19  2.346E-19  2.101E-19  1.825E-19  1.577E-19  1.354E-19  1.123E-19  9.367E-20  7.793E-20  6.262E-20  4.977E-20  3.809E-20  2.883E-20  2.003E-20  1.281E-20  7.204E-21  3.140E-21  8.811E-22  9.758E-23  2.717E-24  5.313E-27  5.691E-32  3.899E-39  0.000E+00  0.000E+00  0.000E+00  0.000E+00  0.000E+00  0.000E+00  0.000E+00  0.000E+00  0.000E+00  0.000E+00
  285.5000  1.645E-17  1.601E-17  1.557E-17  1.512E-17  1.468E-17  1.423E-17  1.378E-17  1.333E-17  1.288E-17  1.242E-17  1.196E-17  1.150E-17  1.104E-17  1.057E-17  1.010E-17  9.634E-18  9.166E-18  8.701E-18  8.242E-18  7.741E-18  7.140E-18  6.623E-18  6.171E-18  5.776E-18  5.294E-18  4.829E-18  4.410E-18  3.977E-18  3.534E-18  3.151E-18  2.823E-18  2.454E-18  2.121E-18  1.822E-18  1.512E-18  1.262E-18  1.051E-18  8.464E-19  6.750E-19  5.197E-19  3.966E-19  2.797E-19  1.834E-19  1.072E-19  4.998E-20  1.571E-20  2.146E-21  8.459E-23  3.034E-25  1.005E-29  3.525E-36  0.000E+00  0.000E+00  0.000E+00  0.000E+00  0.000E+00  0.000E+00  0.000E+00  0.000E+00  0.000E+00  0.000E+00
  286.5000  5.446E-16  5.300E-16  5.153E-16  5.005E-16  4.858E-16  4.710E-16  4.561E-16  4.411E-16  4.261E-16  4.110E-16  3.958E-16  3.805E-16  3.652E-16  3.498E-16  3.344E-16  3.188E-16  3.034E-16  2.880E-16  2.729E-16  2.564E-16  2.365E-16  2.194E-16  2.045E-16  1.915E-16  1.756E-16  1.602E-16  1.464E-16  1.321E-16  1.174E-16  1.047E-16  9.385E-17  8.161E-17  7.058E-17  6.066E-17  5.037E-17  4.207E-17  3.506E-17  2.827E-17  2.260E-17  1.748E-17  1.342E-17  9.573E-18  6.396E-18  3.852E-18  1.890E-18  6.484E-19  1.042E-19  5.378E-21  3.091E-23  2.453E-27  3.033E-33  9.108E-44  0.000E+00  0.000E+00  0.000E+00  0.000E+00  0.000E+00  0.000E+00  0.000E+00  0.000E+00  0.000E+00
  287.5000  9.856E-15  9.590E-15  9.323E-15  9.055E-15  8.787E-15  8.518E-15  8.248E-15  7.977E-15  7.704E-15  7.430E-15  7.155E-15  6.880E-15  6.603E-15  6.325E-15  6.046E-15  5.765E-15  5.487E-15  5.210E-15  4.937E-15  4.639E-15  4.281E-15  3.973E-15  3.704E-15  3.470E-15  3.183E-15  2.905E-15  2.656E-15  2.397E-15  2.132E-15  1.903E-15  1.706E-15  1.485E-15  1.285E-15  1.105E-15  9.181E-16  7.673E-16  6.401E-16  5.170E-16  4.145E-16  3.220E-16  2.489E-16  1.796E-16  1.224E-16  7.603E-17  3.938E-17  1.482E-17  2.830E-18  1.950E-19  1.862E-21  3.810E-25  1.858E-30  6.758E-40  0.000E+00  0.000E+00  0.000E+00  0.000E+00  0.000E+00  0.000E+00  0.000E+00  0.000E+00  0.000E+00
  288.5000  1.740E-13  1.692E-13  1.645E-13  1.597E-13  1.549E-13  1.502E-13  1.454E-13  1.406E-13  1.358E-13  1.309E-13  1.261E-13  1.212E-13  1.163E-13  1.114E-13  1.065E-13  1.016E-13  9.667E-14  9.181E-14  8.701E-14  8.178E-14  7.549E-14  7.008E-14  6.537E-14  6.125E-14  5.622E-14  5.134E-14  4.696E-14  4.242E-14  3.775E-14  3.372E-14  3.026E-14  2.634E-14  2.281E-14  1.963E-14  1.633E-14  1.366E-14  1.140E-14  9.229E-15  7.419E-15  5.792E-15  4.507E-15  3.292E-15  2.290E-15  1.471E-15  8.076E-16  3.360E-16  7.750E-17  7.329E-18  1.223E-19  7.074E-23  1.550E-27  8.633E-36  0.000E+00  0.000E+00  0.000E+00  0.000E+00  0.000E+00  0.000E+00  0.000E+00  0.000E+00  0.000E+00
  289.5000  2.359E-12  2.295E-12  2.230E-12  2.165E-12  2.099E-12  2.034E-12  1.969E-12  1.904E-12  1.838E-12  1.772E-12  1.706E-12  1.640E-12  1.574E-12  1.508E-12  1.441E-12  1.374E-12  1.308E-12  1.242E-12  1.177E-12  1.107E-12  1.022E-12  9.488E-13  8.853E-13  8.298E-13  7.618E-13  6.960E-13  6.369E-13  5.755E-13  5.126E-13  4.580E-13  4.112E-13  3.582E-13  3.104E-13  2.672E-13  2.224E-13  1.862E-13  1.556E-13  1.261E-13  1.016E-13  7.956E-14  6.220E-14  4.583E-14  3.235E-14  2.128E-14  1.219E-14  5.461E-15  1.449E-15  1.735E-16  4.385E-18  5.446E-21  3.566E-25  1.418E-32  3.265E-43  0.000E+00  0.000E+00  0.000E+00  0.000E+00  0.000E+00  0.000E+00  0.000E+00  0.000E+00
  290.5000  2.026E-11  1.970E-11  1.914E-11  1.858E-11  1.801E-11  1.745E-11  1.689E-11  1.632E-11  1.576E-11  1.519E-11  1.462E-11  1.405E-11  1.348E-11  1.291E-11  1.234E-11  1.177E-11  1.120E-11  1.064E-11  1.008E-11  9.480E-12  8.753E-12  8.129E-12  7.586E-12  7.112E-12  6.532E-12  5.970E-12  5.465E-12  4.941E-12  4.402E-12  3.936E-12  3.535E-12  3.082E-12  2.672E-12  2.301E-12  1.917E-12  1.606E-12  1.343E-12  1.090E-12  8.790E-13  6.904E-13  5.419E-13  4.020E-13  2.870E-13  1.925E-13  1.141E-13  5.430E-14  1.617E-14  2.350E-15  8.387E-17  1.970E-19  3.225E-23  6.671E-30  1.695E-39  0.000E+00  0.000E+00  0.000E+00  0.000E+00  0.000E+00  0.000E+00  0.000E+00  0.000E+00
  291.5000  1.527E-10  1.484E-10  1.441E-10  1.398E-10  1.355E-10  1.312E-10  1.270E-10  1.227E-10  1.184E-10  1.141E-10  1.098E-10  1.055E-10  1.012E-10  9.690E-11  9.259E-11  8.829E-11  8.402E-11  7.979E-11  7.564E-11  7.111E-11  6.567E-11  6.099E-11  5.693E-11  5.339E-11  4.905E-11  4.485E-11  4.108E-11  3.716E-11  3.313E-11  2.964E-11  2.664E-11  2.324E-11  2.016E-11  1.738E-11  1.449E-11  1.214E-11  1.016E-11  8.259E-12  6.675E-12  5.259E-12  4.144E-12  3.097E-12  2.239E-12  1.532E-12  9.422E-13  4.783E-13  1.612E-13  2.895E-14  1.508E-15  7.185E-18  3.271E-21  4.312E-27  1.652E-35  1.401E-45  0.000E+00  0.000E+00  0.000E+00  0.000E+00  0.000E+00  0.000E+00  0.000E+00
  292.5000  7.511E-10  7.296E-10  7.082E-10  6.868E-10  6.655E-10  6.442E-10  6.230E-10  6.017E-10  5.805E-10  5.592E-10  5.380E-10  5.168E-10  4.956E-10  4.744E-10  4.532E-10  4.321E-10  4.111E-10  3.904E-10  3.700E-10  3.479E-10  3.212E-10  2.984E-10  2.786E-10  2.613E-10  2.401E-10  2.196E-10  2.012E-10  1.821E-10  1.624E-10  1.454E-10  1.307E-10  1.141E-10  9.908E-11  8.547E-11  7.132E-11  5.982E-11  5.011E-11  4.076E-11  3.300E-11  2.606E-11  2.060E-11  1.549E-11  1.131E-11  7.869E-12  4.987E-12  2.673E-12  1.001E-12  2.152E-13  1.547E-14  1.334E-16  1.424E-19  8.585E-25  3.001E-32  1.586E-42  0.000E+00  0.000E+00  0.000E+00  0.000E+00  0.000E+00  0.000E+00  0.000E+00
  293.5000  4.276E-09  4.151E-09  4.028E-09  3.904E-09  3.781E-09  3.658E-09  3.536E-09  3.414E-09  3.292E-09  3.170E-09  3.048E-09  2.927E-09  2.806E-09  2.685E-09  2.564E-09  2.444E-09  2.325E-09  2.207E-09  2.091E-09  1.966E-09  1.815E-09  1.686E-09  1.574E-09  1.477E-09  1.357E-09  1.242E-09  1.138E-09  1.030E-09  9.197E-10  8.238E-10  7.412E-10  6.474E-10  5.624E-10  4.855E-10  4.055E-10  3.404E-10  2.854E-10  2.324E-10  1.884E-10  1.491E-10  1.182E-10  8.936E-11  6.583E-11  4.649E-11  3.027E-11  1.704E-11  7.020E-12  1.779E-12  1.721E-13  2.583E-15  6.130E-18  1.547E-22  4.340E-29  4.214E-38  0.000E+00  0.000E+00  0.000E+00  0.000E+00  0.000E+00  0.000E+00  0.000E+00
  294.5000  1.393E-08  1.352E-08  1.311E-08  1.270E-08  1.229E-08  1.189E-08  1.149E-08  1.109E-08  1.068E-08  1.028E-08  9.884E-09  9.487E-09  9.090E-09  8.695E-09  8.302E-09  7.909E-09  7.521E-09  7.139E-09  6.763E-09  6.356E-09  5.869E-09  5.451E-09  5.089E-09  4.774E-09  4.388E-09  4.015E-09  3.681E-09  3.333E-09  2.976E-09  2.667E-09  2.401E-09  2.098E-09  1.824E-09  1.576E-09  1.317E-09  1.106E-09  9.282E-10  7.568E-10  6.142E-10  4.871E-10  3.871E-10  2.938E-10  2.179E-10  1.557E-10  1.036E-10  6.070E-11  2.705E-11  7.855E-12  9.718E-13  2.292E-14  1.040E-16  8.251E-21  1.204E-26  1.154E-34  2.803E-45  0.000E+00  0.000E+00  0.000E+00  0.000E+00  0.000E+00  0.000E+00
  295.5000  6.264E-08  6.074E-08  5.886E-08  5.699E-08  5.513E-08  5.328E-08  5.144E-08  4.961E-08  4.778E-08  4.596E-08  4.415E-08  4.235E-08  4.056E-08  3.878E-08  3.700E-08  3.523E-08  3.349E-08  3.177E-08  3.009E-08  2.827E-08  2.610E-08  2.423E-08  2.262E-08  2.122E-08  1.951E-08  1.785E-08  1.637E-08  1.482E-08  1.324E-08  1.187E-08  1.069E-08  9.352E-09  8.136E-09  7.034E-09  5.885E-09  4.947E-09  4.154E-09  3.391E-09  2.756E-09  2.190E-09  1.744E-09  1.329E-09  9.926E-10  7.173E-10  4.876E-10  2.970E-10  1.431E-10  4.761E-11  7.554E-12  2.832E-13  2.514E-15  6.579E-19  5.390E-24  5.687E-31  1.551E-40  0.000E+00  0.000E+00  0.000E+00  0.000E+00  0.000E+00  0.000E+00
  296.5000  1.794E-07  1.738E-07  1.683E-07  1.628E-07  1.574E-07  1.520E-07  1.466E-07  1.413E-07  1.360E-07  1.308E-07  1.255E-07  1.203E-07  1.152E-07  1.100E-07  1.049E-07  9.987E-08  9.488E-08  8.996E-08  8.515E-08  7.997E-08  7.380E-08  6.850E-08  6.393E-08  5.995E-08  5.511E-08  5.043E-08  4.625E-08  4.190E-08  3.744E-08  3.359E-08  3.026E-08  2.648E-08  2.305E-08  1.994E-08  1.670E-08  1.405E-08  1.181E-08  9.651E-09  7.851E-09  6.250E-09  4.987E-09  3.814E-09  2.865E-09  2.090E-09  1.446E-09  9.103E-10  4.688E-10  1.753E-10  3.448E-11  1.926E-12  3.037E-14  2.193E-17  7.685E-22  6.001E-28  2.547E-36  0.000E+00  0.000E+00  0.000E+00  0.000E+00  0.000E+00  0.000E+00
  297.5000  5.361E-07  5.190E-07  5.021E-07  4.854E-07  4.688E-07  4.524E-07  4.361E-07  4.199E-07  4.039E-07  3.879E-07  3.721E-07  3.565E-07  3.409E-07  3.255E-07  3.102E-07  2.950E-07  2.801E-07  2.654E-07  2.511E-07  2.357E-07  2.174E-07  2.017E-07  1.882E-07  1.764E-07  1.621E-07  1.483E-07  1.361E-07  1.233E-07  1.102E-07  9.887E-08  8.910E-08  7.802E-08  6.796E-08  5.884E-08  4.932E-08  4.153E-08  3.493E-08  2.858E-08  2.327E-08  1.855E-08  1.483E-08  1.137E-08  8.585E-09  6.312E-09  4.431E-09  2.868E-09  1.562E-09  6.454E-10  1.526E-10  1.203E-11  3.130E-13  5.481E-16  6.839E-20  3.079E-25  1.449E-32  7.175E-43  0.000E+00  0.000E+00  0.000E+00  0.000E+00  0.000E+00
  298.5000  9.408E-07  9.100E-07  8.796E-07  8.494E-07  8.197E-07  7.903E-07  7.611E-07  7.323E-07  7.038E-07  6.754E-07  6.474E-07  6.196E-07  5.921E-07  5.649E-07  5.379E-07  5.112E-07  4.850E-07  4.593E-07  4.342E-07  4.073E-07  3.755E-07  3.482E-07  3.247E-07  3.043E-07  2.796E-07  2.557E-07  2.345E-07  2.125E-07  1.899E-07  1.705E-07  1.537E-07  1.346E-07  1.173E-07  1.017E-07  8.530E-08  7.188E-08  6.049E-08  4.955E-08  4.039E-08  3.225E-08  2.582E-08  1.985E-08  1.504E-08  1.113E-08  7.910E-09  5.238E-09  2.992E-09  1.346E-09  3.731E-10  3.953E-11  1.582E-12  5.917E-15  2.179E-18  4.326E-23  1.548E-29  1.314E-38  0.000E+00  0.000E+00  0.000E+00  0.000E+00  0.000E+00
  299.5000  3.055E-06  2.952E-06  2.850E-06  2.749E-06  2.650E-06  2.552E-06  2.455E-06  2.360E-06  2.266E-06  2.172E-06  2.080E-06  1.989E-06  1.899E-06  1.810E-06  1.722E-06  1.635E-06  1.549E-06  1.466E-06  1.385E-06  1.298E-06  1.196E-06  1.108E-06  1.033E-06  9.673E-07  8.885E-07  8.123E-07  7.448E-07  6.746E-07  6.032E-07  5.415E-07  4.881E-07  4.278E-07  3.731E-07  3.234E-07  2.716E-07  2.291E-07  1.930E-07  1.582E-07  1.291E-07  1.032E-07  8.275E-08  6.378E-08  4.849E-08  3.609E-08  2.592E-08  1.751E-08  1.042E-08  5.055E-09  1.615E-09  2.237E-10  1.328E-11  1.001E-13  1.008E-16  8.058E-21  1.959E-26  2.468E-34  2.662E-44  0.000E+00  0.000E+00  0.000E+00  0.000E+00
  300.5000  3.875E-06  3.740E-06  3.607E-06  3.475E-06  3.346E-06  3.219E-06  3.094E-06  2.970E-06  2.849E-06  2.728E-06  2.610E-06  2.493E-06  2.378E-06  2.264E-06  2.152E-06  2.041E-06  1.933E-06  1.828E-06  1.725E-06  1.616E-06  1.488E-06  1.378E-06  1.283E-06  1.201E-06  1.102E-06  1.007E-06  9.233E-07  8.361E-07  7.475E-07  6.710E-07  6.049E-07  5.304E-07  4.627E-07  4.013E-07  3.374E-07  2.847E-07  2.400E-07  1.970E-07  1.609E-07  1.288E-07  1.034E-07  7.982E-08  6.087E-08  4.550E-08  3.295E-08  2.261E-08  1.391E-08  7.169E-09  2.570E-09  4.420E-10  3.607E-11  4.772E-13  1.069E-15  2.530E-19  2.683E-24  2.613E-31  3.622E-40  0.000E+00  0.000E+00  0.000E+00  0.000E+00
  301.5000  1.086E-05  1.046E-05  1.008E-05  9.693E-06  9.320E-06  8.952E-06  8.591E-06  8.236E-06  7.887E-06  7.543E-06  7.205E-06  6.873E-06  6.546E-06  6.225E-06  5.909E-06  5.598E-06  5.295E-06  4.999E-06  4.713E-06  4.410E-06  4.056E-06  3.752E-06  3.490E-06  3.264E-06  2.994E-06  2.735E-06  2.505E-06  2.267E-06  2.027E-06  1.819E-06  1.640E-06  1.438E-06  1.255E-06  1.089E-06  9.166E-07  7.742E-07  6.531E-07  5.368E-07  4.388E-07  3.519E-07  2.827E-07  2.188E-07  1.673E-07  1.257E-07  9.175E-08  6.395E-08  4.067E-08  2.228E-08  8.986E-09  1.936E-09  2.209E-10  5.309E-12  2.789E-14  2.109E-17  1.092E-21  9.870E-28  2.321E-35  6.628E-43  1.401E-45  0.000E+00  0.000E+00
  302.5000  1.718E-05  1.654E-05  1.591E-05  1.528E-05  1.468E-05  1.408E-05  1.350E-05  1.292E-05  1.236E-05  1.181E-05  1.126E-05  1.073E-05  1.021E-05  9.697E-06  9.195E-06  8.702E-06  8.222E-06  7.754E-06  7.303E-06  6.827E-06  6.273E-06  5.798E-06  5.389E-06  5.036E-06  4.616E-06  4.213E-06  3.857E-06  3.489E-06  3.118E-06  2.798E-06  2.520E-06  2.212E-06  1.931E-06  1.676E-06  1.412E-06  1.193E-06  1.007E-06  8.287E-07  6.779E-07  5.442E-07  4.377E-07  3.392E-07  2.600E-07  1.959E-07  1.438E-07  1.013E-07  6.583E-08  3.758E-08  1.642E-08  4.120E-09  5.899E-10  2.125E-11  1.975E-13  3.202E-16  4.645E-20  1.786E-25  2.619E-32  4.255E-39  6.446E-44  2.803E-45  1.401E-45
  303.5000  3.969E-05  3.813E-05  3.661E-05  3.511E-05  3.366E-05  3.223E-05  3.084E-05  2.948E-05  2.814E-05  2.683E-05  2.556E-05  2.431E-05  2.308E-05  2.189E-05  2.072E-05  1.958E-05  1.847E-05  1.739E-05  1.635E-05  1.526E-05  1.401E-05  1.293E-05  1.200E-05  1.120E-05  1.026E-05  9.349E-06  8.553E-06  7.731E-06  6.904E-06  6.194E-06  5.576E-06  4.894E-06  4.273E-06  3.711E-06  3.128E-06  2.646E-06  2.235E-06  1.841E-06  1.508E-06  1.212E-06  9.761E-07  7.580E-07  5.824E-07  4.403E-07  3.252E-07  2.316E-07  1.543E-07  9.218E-08  4.406E-08  1.315E-08  2.443E-09  1.403E-10  2.534E-12  1.012E-14  5.010E-18  1.079E-22  1.398E-28  1.801E-34  9.082E-39  2.808E-40  1.749E-42
  304.5000  5.232E-05  5.020E-05  4.814E-05  4.612E-05  4.415E-05  4.223E-05  4.035E-05  3.852E-05  3.673E-05  3.498E-05  3.327E-05  3.160E-05  2.998E-05  2.839E-05  2.684E-05  2.533E-05  2.387E-05  2.245E-05  2.109E-05  1.966E-05  1.802E-05  1.662E-05  1.541E-05  1.437E-05  1.315E-05  1.198E-05  1.095E-05  9.890E-06  8.829E-06  7.918E-06  7.128E-06  6.253E-06  5.460E-06  4.743E-06  4.000E-06  3.385E-06  2.861E-06  2.359E-06  1.933E-06  1.556E-06  1.254E-06  9.748E-07  7.502E-07  5.683E-07  4.213E-07  3.021E-07  2.041E-07  1.254E-07  6.324E-08  2.093E-08  4.542E-09  3.436E-10  9.163E-12  6.208E-14  6.289E-17  3.643E-21  1.619E-26  6.609E-32  6.438E-36  1.730E-37  8.314E-40
  305.5000  9.360E-05  8.960E-05  8.572E-05  8.193E-05  7.825E-05  7.467E-05  7.119E-05  6.780E-05  6.450E-05  6.127E-05  5.815E-05  5.510E-05  5.215E-05  4.927E-05  4.648E-05  4.376E-05  4.113E-05  3.861E-05  3.619E-05  3.367E-05  3.082E-05  2.837E-05  2.625E-05  2.443E-05  2.232E-05  2.030E-05  1.854E-05  1.672E-05  1.491E-05  1.336E-05  1.202E-05  1.054E-05  9.204E-06  7.996E-06  6.750E-06  5.716E-06  4.835E-06  3.992E-06  3.275E-06  2.640E-06  2.129E-06  1.659E-06  1.280E-06  9.725E-07  7.244E-07  5.241E-07  3.608E-07  2.297E-07  1.246E-07  4.749E-08  1.278E-08  1.425E-09  6.657E-11  9.856E-13  2.921E-15  7.531E-19  2.181E-23  5.245E-28  1.383E-31  2.935E-33  9.042E-36
  306.5000  1.124E-04  1.075E-04  1.027E-04  9.802E-05  9.351E-05  8.913E-05  8.487E-05  8.074E-05  7.672E-05  7.280E-05  6.900E-05  6.532E-05  6.174E-05  5.827E-05  5.490E-05  5.163E-05  4.850E-05  4.545E-05  4.255E-05  3.956E-05  3.616E-05  3.325E-05  3.074E-05  2.858E-05  2.609E-05  2.371E-05  2.164E-05  1.950E-05  1.738E-05  1.557E-05  1.400E-05  1.227E-05  1.071E-05  9.307E-06  7.860E-06  6.658E-06  5.634E-06  4.655E-06  3.821E-06  3.083E-06  2.488E-06  1.941E-06  1.499E-06  1.141E-06  8.516E-07  6.187E-07  4.297E-07  2.782E-07  1.560E-07  6.344E-08  1.883E-08  2.495E-09  1.489E-10  3.074E-12  1.432E-14  6.951E-18  4.442E-22  2.259E-26  9.193E-30  1.829E-31  4.964E-34
  307.5000  2.187E-04  2.085E-04  1.986E-04  1.890E-04  1.798E-04  1.709E-04  1.622E-04  1.539E-04  1.458E-04  1.380E-04  1.304E-04  1.231E-04  1.160E-04  1.092E-04  1.026E-04  9.617E-05  9.005E-05  8.418E-05  7.860E-05  7.287E-05  6.645E-05  6.095E-05  5.621E-05  5.214E-05  4.750E-05  4.308E-05  3.923E-05  3.530E-05  3.142E-05  2.810E-05  2.524E-05  2.211E-05  1.929E-05  1.675E-05  1.415E-05  1.200E-05  1.016E-05  8.403E-06  6.906E-06  5.580E-06  4.510E-06  3.524E-06  2.728E-06  2.081E-06  1.560E-06  1.141E-06  8.034E-07  5.343E-07  3.164E-07  1.436E-07  5.052E-08  9.136E-09  8.584E-10  3.354E-11  3.774E-13  6.316E-16  1.914E-19  4.283E-23  3.992E-26  6.635E-28  1.271E-30
  308.5000  2.779E-04  2.646E-04  2.517E-04  2.392E-04  2.272E-04  2.156E-04  2.045E-04  1.937E-04  1.833E-04  1.732E-04  1.635E-04  1.541E-04  1.451E-04  1.364E-04  1.280E-04  1.198E-04  1.121E-04  1.046E-04  9.757E-05  9.035E-05  8.229E-05  7.539E-05  6.945E-05  6.434E-05  5.856E-05  5.305E-05  4.826E-05  4.339E-05  3.859E-05  3.450E-05  3.096E-05  2.710E-05  2.364E-05  2.053E-05  1.735E-05  1.471E-05  1.246E-05  1.031E-05  8.478E-06  6.857E-06  5.545E-06  4.337E-06  3.361E-06  2.568E-06  1.928E-06  1.414E-06  1.002E-06  6.742E-07  4.089E-07  1.945E-07  7.349E-08  1.510E-08  1.700E-09  8.476E-11  1.328E-12  3.537E-15  1.907E-18  7.346E-22  9.402E-25  1.514E-26  2.713E-29
  309.5000  3.126E-04  2.966E-04  2.812E-04  2.664E-04  2.523E-04  2.388E-04  2.258E-04  2.133E-04  2.012E-04  1.896E-04  1.785E-04  1.678E-04  1.575E-04  1.477E-04  1.382E-04  1.291E-04  1.204E-04  1.121E-04  1.042E-04  9.626E-05  8.747E-05  7.992E-05  7.344E-05  6.787E-05  6.163E-05  5.571E-05  5.059E-05  4.539E-05  4.030E-05  3.597E-05  3.224E-05  2.819E-05  2.457E-05  2.133E-05  1.802E-05  1.528E-05  1.295E-05  1.073E-05  8.828E-06  7.149E-06  5.787E-06  4.535E-06  3.520E-06  2.695E-06  2.029E-06  1.495E-06  1.069E-06  7.310E-07  4.588E-07  2.340E-07  9.873E-08  2.484E-08  3.764E-09  2.851E-10  7.976E-12  4.806E-14  7.204E-17  7.333E-20  1.621E-22  2.366E-24  3.490E-27
  310.5000  5.197E-04  4.917E-04  4.650E-04  4.394E-04  4.150E-04  3.917E-04  3.694E-04  3.481E-04  3.277E-04  3.080E-04  2.893E-04  2.713E-04  2.541E-04  2.376E-04  2.218E-04  2.069E-04  1.923E-04  1.787E-04  1.658E-04  1.528E-04  1.385E-04  1.263E-04  1.158E-04  1.068E-04  9.674E-05  8.727E-05  7.910E-05  7.084E-05  6.280E-05  5.598E-05  5.009E-05  4.377E-05  3.811E-05  3.305E-05  2.793E-05  2.368E-05  2.006E-05  1.664E-05  1.370E-05  1.111E-05  9.001E-06  7.063E-06  5.491E-06  4.211E-06  3.178E-06  2.350E-06  1.690E-06  1.170E-06  7.532E-07  4.044E-07  1.850E-07  5.397E-08  1.014E-08  1.034E-09  4.356E-11  4.676E-13  1.436E-15  2.876E-18  9.338E-21  1.292E-22  1.708E-25
  311.5000  7.711E-04  7.282E-04  6.872E-04  6.480E-04  6.109E-04  5.754E-04  5.416E-04  5.093E-04  4.785E-04  4.490E-04  4.209E-04  3.940E-04  3.683E-04  3.438E-04  3.204E-04  2.981E-04  2.768E-04  2.567E-04  2.378E-04  2.187E-04  1.980E-04  1.802E-04  1.649E-04  1.518E-04  1.373E-04  1.237E-04  1.120E-04  1.001E-04  8.865E-05  7.892E-05  7.054E-05  6.158E-05  5.358E-05  4.644E-05  3.924E-05  3.326E-05  2.818E-05  2.338E-05  1.927E-05  1.563E-05  1.267E-05  9.957E-06  7.749E-06  5.951E-06  4.498E-06  3.333E-06  2.407E-06  1.680E-06  1.098E-06  6.095E-07  2.935E-07  9.426E-08  2.035E-08  2.516E-09  1.384E-10  2.174E-12  1.076E-14  3.397E-17  1.441E-19  1.964E-21  2.497E-24
  312.5000  1.015E-03  9.546E-04  8.975E-04  8.430E-04  7.915E-04  7.425E-04  6.960E-04  6.518E-04  6.098E-04  5.698E-04  5.320E-04  4.961E-04  4.618E-04  4.294E-04  3.986E-04  3.693E-04  3.417E-04  3.156E-04  2.912E-04  2.668E-04  2.406E-04  2.181E-04  1.989E-04  1.824E-04  1.644E-04  1.475E-04  1.331E-04  1.186E-04  1.047E-04  9.294E-05  8.284E-05  7.218E-05  6.265E-05  5.422E-05  4.578E-05  3.878E-05  3.285E-05  2.727E-05  2.248E-05  1.827E-05  1.483E-05  1.168E-05  9.107E-06  7.010E-06  5.315E-06  3.953E-06  2.875E-06  2.031E-06  1.363E-06  7.981E-07  4.195E-07  1.590E-07  4.387E-08  7.655E-09  6.798E-10  2.108E-11  2.425E-13  1.696E-15  1.121E-17  1.419E-19  1.555E-22
  313.5000  1.242E-03  1.168E-03  1.097E-03  1.029E-03  9.655E-04  9.050E-04  8.475E-04  7.930E-04  7.413E-04  6.920E-04  6.454E-04  6.013E-04  5.593E-04  5.195E-04  4.818E-04  4.459E-04  4.123E-04  3.805E-04  3.507E-04  3.211E-04  2.893E-04  2.620E-04  2.386E-04  2.186E-04  1.969E-04  1.765E-04  1.591E-04  1.417E-04  1.249E-04  1.108E-04  9.870E-05  8.504E-05  7.456E-05  6.449E-05  5.444E-05  4.610E-05  3.905E-05  3.242E-05  2.674E-05  2.174E-05  1.765E-05  1.391E-05  1.086E-05  8.364E-06  6.347E-06  4.727E-06  3.445E-06  2.444E-06  1.653E-06  9.835E-07  5.300E-07  2.101E-07  6.170E-08  1.166E-08  1.154E-09  4.180E-11  5.820E-13  4.877E-15  3.630E-17  4.711E-19  5.365E-22
  314.5000  1.700E-03  1.595E-03  1.494E-03  1.398E-03  1.307E-03  1.221E-03  1.139E-03  1.062E-03  9.886E-04  9.190E-04  8.534E-04  7.917E-04  7.330E-04  6.779E-04  6.259E-04  5.767E-04  5.307E-04  4.876E-04  4.474E-04  4.078E-04  3.658E-04  3.299E-04  2.991E-04  2.728E-04  2.446E-04  2.183E-04  1.959E-04  1.737E-04  1.526E-04  1.349E-04  1.197E-04  1.038E-04  8.985E-05  7.752E-05  6.534E-05  5.526E-05  4.675E-05  3.882E-05  3.202E-05  2.607E-05  2.119E-05  1.673E-05  1.309E-05  1.011E-05  7.697E-06  5.754E-06  4.217E-06  3.020E-06  2.082E-06  1.292E-06  7.459E-07  3.378E-07  1.213E-07  3.048E-08  4.507E-09  2.912E-10  8.341E-12  1.386E-13  1.512E-15  1.859E-17  1.888E-20
  315.5000  1.856E-03  1.741E-03  1.630E-03  1.525E-03  1.426E-03  1.332E-03  1.242E-03  1.157E-03  1.077E-03  1.001E-03  9.287E-04  8.602E-04  7.969E-04  7.365E-04  6.796E-04  6.260E-04  5.757E-04  5.286E-04  4.848E-04  4.417E-04  3.960E-04  3.568E-04  3.233E-04  2.947E-04  2.641E-04  2.356E-04  2.112E-04  1.872E-04  1.643E-04  1.451E-04  1.287E-04  1.116E-04  9.651E-05  8.323E-05  7.012E-05  5.929E-05  5.015E-05  4.165E-05  3.435E-05  2.798E-05  2.275E-05  1.797E-05  1.407E-05  1.088E-05  8.286E-06  6.201E-06  4.552E-06  3.269E-06  2.266E-06  1.421E-06  8.337E-07  3.886E-07  1.450E-07  3.820E-08  6.009E-09  4.246E-10  1.355E-11  2.490E-13  2.931E-15  3.732E-17  4.022E-20
  316.5000  2.467E-03  2.313E-03  2.165E-03  2.024E-03  1.890E-03  1.763E-03  1.641E-03  1.526E-03  1.417E-03  1.313E-03  1.215E-03  1.123E-03  1.036E-03  9.540E-04  8.771E-04  8.046E-04  7.370E-04  6.740E-04  6.155E-04  5.583E-04  4.984E-04  4.472E-04  4.034E-04  3.661E-04  3.266E-04  2.900E-04  2.589E-04  2.284E-04  1.997E-04  1.756E-04  1.551E-04  1.338E-04  1.155E-04  9.927E-05  8.345E-05  7.040E-05  5.945E-05  4.934E-05  4.068E-05  3.315E-05  2.697E-05  2.135E-05  1.676E-05  1.299E-05  9.923E-06  7.451E-06  5.496E-06  3.976E-06  2.795E-06  1.806E-06  1.113E-06  5.721E-07  2.480E-07  8.105E-08  1.734E-08  1.909E-09  1.054E-10  3.248E-12  5.124E-14  6.325E-16  6.361E-19
  317.5000  3.486E-03  3.269E-03  3.061E-03  2.861E-03  2.672E-03  2.491E-03  2.320E-03  2.157E-03  2.003E-03  1.856E-03  1.718E-03  1.588E-03  1.465E-03  1.349E-03  1.241E-03  1.138E-03  1.043E-03  9.539E-04  8.713E-04  7.905E-04  7.056E-04  6.334E-04  5.715E-04  5.187E-04  4.629E-04  4.111E-04  3.671E-04  3.238E-04  2.831E-04  2.490E-04  2.199E-04  1.897E-04  1.638E-04  1.408E-04  1.184E-04  9.985E-05  8.432E-05  6.998E-05  5.771E-05  4.704E-05  3.828E-05  3.031E-05  2.379E-05  1.844E-05  1.409E-05  1.059E-05  7.812E-06  5.657E-06  3.983E-06  2.581E-06  1.597E-06  8.257E-07  3.599E-07  1.179E-07  2.525E-08  2.783E-09  1.537E-10  4.748E-12  7.672E-14  9.964E-16  1.095E-18
  318.5000  3.689E-03  3.464E-03  3.248E-03  3.040E-03  2.841E-03  2.650E-03  2.468E-03  2.295E-03  2.129E-03  1.972E-03  1.823E-03  1.681E-03  1.548E-03  1.422E-03  1.304E-03  1.193E-03  1.089E-03  9.927E-04  9.033E-04  8.163E-04  7.257E-04  6.483E-04  5.823E-04  5.261E-04  4.673E-04  4.129E-04  3.670E-04  3.221E-04  2.802E-04  2.453E-04  2.156E-04  1.853E-04  1.590E-04  1.362E-04  1.141E-04  9.595E-05  8.082E-05  6.697E-05  5.516E-05  4.497E-05  3.660E-05  2.903E-05  2.285E-05  1.776E-05  1.362E-05  1.027E-05  7.611E-06  5.549E-06  3.953E-06  2.628E-06  1.695E-06  9.518E-07  4.723E-07  1.870E-07  5.273E-08  8.675E-09  7.871E-10  3.886E-11  8.205E-13  1.040E-14  1.079E-17
  319.5000  4.775E-03  4.487E-03  4.209E-03  3.941E-03  3.685E-03  3.439E-03  3.204E-03  2.979E-03  2.765E-03  2.561E-03  2.367E-03  2.184E-03  2.011E-03  1.848E-03  1.694E-03  1.549E-03  1.414E-03  1.288E-03  1.172E-03  1.058E-03  9.404E-04  8.395E-04  7.536E-04  6.805E-04  6.039E-04  5.333E-04  4.736E-04  4.153E-04  3.610E-04  3.157E-04  2.772E-04  2.381E-04  2.041E-04  1.746E-04  1.462E-04  1.228E-04  1.034E-04  8.567E-05  7.054E-05  5.750E-05  4.680E-05  3.714E-05  2.925E-05  2.276E-05  1.746E-05  1.318E-05  9.785E-06  7.147E-06  5.109E-06  3.417E-06  2.227E-06  1.275E-06  6.502E-07  2.670E-07  7.915E-08  1.402E-08  1.392E-09  7.489E-11  1.690E-12  2.219E-14  2.443E-17
  320.5000  6.246E-03  5.873E-03  5.513E-03  5.165E-03  4.831E-03  4.511E-03  4.204E-03  3.911E-03  3.631E-03  3.363E-03  3.109E-03  2.868E-03  2.640E-03  2.425E-03  2.222E-03  2.031E-03  1.853E-03  1.687E-03  1.534E-03  1.384E-03  1.228E-03  1.096E-03  9.826E-04  8.862E-04  7.856E-04  6.928E-04  6.145E-04  5.381E-04  4.671E-04  4.080E-04  3.577E-04  3.068E-04  2.627E-04  2.245E-04  1.877E-04  1.575E-04  1.325E-04  1.097E-04  9.027E-05  7.358E-05  5.989E-05  4.754E-05  3.746E-05  2.917E-05  2.240E-05  1.693E-05  1.259E-05  9.210E-06  6.603E-06  4.443E-06  2.922E-06  1.703E-06  8.947E-07  3.840E-07  1.216E-07  2.367E-08  2.641E-09  1.594E-10  3.906E-12  5.294E-14  6.137E-17
  321.5000  7.231E-03  6.828E-03  6.436E-03  6.054E-03  5.685E-03  5.328E-03  4.984E-03  4.652E-03  4.332E-03  4.024E-03  3.730E-03  3.447E-03  3.181E-03  2.926E-03  2.684E-03  2.455E-03  2.240E-03  2.038E-03  1.851E-03  1.668E-03  1.477E-03  1.315E-03  1.176E-03  1.057E-03  9.339E-04  8.202E-04  7.245E-04  6.314E-04  5.451E-04  4.737E-04  4.131E-04  3.521E-04  2.998E-04  2.547E-04  2.118E-04  1.769E-04  1.481E-04  1.222E-04  1.002E-04  8.156E-05  6.631E-05  5.269E-05  4.160E-05  3.249E-05  2.506E-05  1.903E-05  1.422E-05  1.048E-05  7.596E-06  5.218E-06  3.547E-06  2.209E-06  1.289E-06  6.464E-07  2.582E-07  7.103E-08  1.217E-08  1.103E-09  3.415E-11  4.538E-13  5.023E-16
  322.5000  5.706E-03  5.369E-03  5.043E-03  4.727E-03  4.424E-03  4.133E-03  3.854E-03  3.586E-03  3.330E-03  3.086E-03  2.853E-03  2.633E-03  2.424E-03  2.226E-03  2.040E-03  1.864E-03  1.700E-03  1.547E-03  1.405E-03  1.268E-03  1.124E-03  1.002E-03  8.981E-04  8.094E-04  7.169E-04  6.316E-04  5.597E-04  4.897E-04  4.245E-04  3.704E-04  3.245E-04  2.779E-04  2.377E-04  2.029E-04  1.694E-04  1.421E-04  1.194E-04  9.879E-05  8.126E-05  6.622E-05  5.390E-05  4.281E-05  3.376E-05  2.631E-05  2.023E-05  1.531E-05  1.140E-05  8.360E-06  6.016E-06  4.075E-06  2.709E-06  1.611E-06  8.712E-07  3.891E-07  1.304E-07  2.768E-08  3.441E-09  2.322E-10  6.296E-12  9.250E-14  1.228E-16
  323.5000  8.660E-03  8.196E-03  7.744E-03  7.302E-03  6.874E-03  6.458E-03  6.054E-03  5.664E-03  5.286E-03  4.921E-03  4.571E-03  4.235E-03  3.913E-03  3.605E-03  3.312E-03  3.033E-03  2.771E-03  2.524E-03  2.294E-03  2.068E-03  1.831E-03  1.629E-03  1.456E-03  1.309E-03  1.155E-03  1.013E-03  8.936E-04  7.772E-04  6.695E-04  5.805E-04  5.049E-04  4.292E-04  3.643E-04  3.086E-04  2.558E-04  2.129E-04  1.777E-04  1.463E-04  1.197E-04  9.729E-05  7.902E-05  6.278E-05  4.960E-05  3.880E-05  2.998E-05  2.282E-05  1.711E-05  1.266E-05  9.223E-06  6.394E-06  4.406E-06  2.819E-06  1.720E-06  9.220E-07  4.082E-07  1.313E-07  2.743E-08  3.037E-09  1.091E-10  1.547E-12  1.901E-15
  324.5000  1.001E-02  9.469E-03  8.944E-03  8.431E-03  7.934E-03  7.451E-03  6.984E-03  6.532E-03  6.095E-03  5.672E-03  5.267E-03  4.879E-03  4.507E-03  4.152E-03  3.814E-03  3.492E-03  3.190E-03  2.906E-03  2.641E-03  2.380E-03  2.107E-03  1.875E-03  1.677E-03  1.508E-03  1.331E-03  1.167E-03  1.030E-03  8.962E-04  7.723E-04  6.699E-04  5.830E-04  4.958E-04  4.211E-04  3.568E-04  2.959E-04  2.464E-04  2.058E-04  1.695E-04  1.387E-04  1.128E-04  9.160E-05  7.279E-05  5.752E-05  4.499E-05  3.477E-05  2.646E-05  1.985E-05  1.468E-05  1.070E-05  7.418E-06  5.113E-06  3.270E-06  1.992E-06  1.062E-06  4.658E-07  1.478E-07  3.034E-08  3.316E-09  1.207E-10  1.798E-12  2.407E-15
  325.5000  1.064E-02  1.006E-02  9.488E-03  8.934E-03  8.399E-03  7.880E-03  7.378E-03  6.893E-03  6.425E-03  5.974E-03  5.542E-03  5.128E-03  4.732E-03  4.356E-03  3.998E-03  3.658E-03  3.338E-03  3.039E-03  2.760E-03  2.487E-03  2.202E-03  1.958E-03  1.751E-03  1.574E-03  1.389E-03  1.219E-03  1.076E-03  9.364E-04  8.075E-04  7.008E-04  6.103E-04  5.195E-04  4.415E-04  3.744E-04  3.108E-04  2.591E-04  2.166E-04  1.784E-04  1.462E-04  1.189E-04  9.662E-05  7.678E-05  6.066E-05  4.743E-05  3.664E-05  2.786E-05  2.088E-05  1.543E-05  1.123E-05  7.765E-06  5.333E-06  3.385E-06  2.035E-06  1.064E-06  4.530E-07  1.373E-07  2.665E-08  2.781E-09  1.009E-10  1.590E-12  2.347E-15
  326.5000  1.699E-02  1.615E-02  1.532E-02  1.451E-02  1.371E-02  1.294E-02  1.218E-02  1.145E-02  1.073E-02  1.003E-02  9.362E-03  8.711E-03  8.083E-03  7.479E-03  6.900E-03  6.344E-03  5.816E-03  5.317E-03  4.849E-03  4.382E-03  3.886E-03  3.463E-03  3.102E-03  2.794E-03  2.467E-03  2.164E-03  1.909E-03  1.659E-03  1.426E-03  1.235E-03  1.072E-03  9.080E-04  7.678E-04  6.477E-04  5.343E-04  4.425E-04  3.678E-04  3.016E-04  2.457E-04  1.991E-04  1.613E-04  1.280E-04  1.012E-04  7.927E-05  6.144E-05  4.695E-05  3.538E-05  2.632E-05  1.933E-05  1.356E-05  9.515E-06  6.299E-06  4.065E-06  2.368E-06  1.196E-06  4.715E-07  1.279E-07  1.846E-08  8.110E-10  1.265E-11  1.816E-14
  327.5000  1.445E-02  1.370E-02  1.297E-02  1.226E-02  1.157E-02  1.089E-02  1.024E-02  9.597E-03  8.978E-03  8.377E-03  7.798E-03  7.241E-03  6.704E-03  6.190E-03  5.699E-03  5.229E-03  4.785E-03  4.367E-03  3.975E-03  3.587E-03  3.178E-03  2.829E-03  2.531E-03  2.277E-03  2.010E-03  1.763E-03  1.555E-03  1.351E-03  1.163E-03  1.007E-03  8.749E-04  7.422E-04  6.287E-04  5.312E-04  4.391E-04  3.645E-04  3.036E-04  2.493E-04  2.036E-04  1.652E-04  1.340E-04  1.064E-04  8.412E-05  6.588E-05  5.102E-05  3.893E-05  2.929E-05  2.175E-05  1.593E-05  1.114E-05  7.773E-06  5.090E-06  3.222E-06  1.820E-06  8.741E-07  3.185E-07  7.812E-08  1.028E-08  4.384E-10  7.276E-12  1.165E-14
  328.5000  1.337E-02  1.268E-02  1.201E-02  1.135E-02  1.071E-02  1.008E-02  9.473E-03  8.881E-03  8.308E-03  7.751E-03  7.215E-03  6.698E-03  6.201E-03  5.725E-03  5.269E-03  4.834E-03  4.423E-03  4.035E-03  3.672E-03  3.313E-03  2.934E-03  2.611E-03  2.335E-03  2.100E-03  1.853E-03  1.624E-03  1.432E-03  1.244E-03  1.070E-03  9.265E-04  8.046E-04  6.824E-04  5.777E-04  4.880E-04  4.033E-04  3.346E-04  2.786E-04  2.287E-04  1.867E-04  1.515E-04  1.229E-04  9.756E-05  7.711E-05  6.039E-05  4.677E-05  3.569E-05  2.685E-05  1.994E-05  1.461E-05  1.022E-05  7.130E-06  4.672E-06  2.961E-06  1.677E-06  8.093E-07  2.978E-07  7.431E-08  1.004E-08  4.430E-10  7.681E-12  1.322E-14
  329.5000  2.144E-02  2.043E-02  1.943E-02  1.845E-02  1.749E-02  1.656E-02  1.564E-02  1.474E-02  1.386E-02  1.300E-02  1.217E-02  1.136E-02  1.057E-02  9.817E-03  9.086E-03  8.381E-03  7.709E-03  7.070E-03  6.467E-03  5.861E-03  5.207E-03  4.650E-03  4.176E-03  3.771E-03  3.335E-03  2.930E-03  2.588E-03  2.250E-03  1.935E-03  1.675E-03  1.454E-03  1.230E-03  1.038E-03  8.742E-04  7.190E-04  5.937E-04  4.922E-04  4.024E-04  3.268E-04  2.642E-04  2.136E-04  1.693E-04  1.337E-04  1.048E-04  8.137E-05  6.232E-05  4.711E-05  3.519E-05  2.596E-05  1.834E-05  1.299E-05  8.744E-06  5.805E-06  3.531E-06  1.916E-06  8.469E-07  2.675E-07  4.560E-08  2.321E-09  4.033E-11  6.912E-14
  330.5000  1.784E-02  1.696E-02  1.610E-02  1.526E-02  1.443E-02  1.363E-02  1.284E-02  1.207E-02  1.133E-02  1.060E-02  9.896E-03  9.214E-03  8.556E-03  7.922E-03  7.313E-03  6.728E-03  6.173E-03  5.647E-03  5.152E-03  4.659E-03  4.132E-03  3.683E-03  3.301E-03  2.974E-03  2.626E-03  2.304E-03  2.033E-03  1.766E-03  1.519E-03  1.314E-03  1.140E-03  9.655E-04  8.160E-04  6.877E-04  5.667E-04  4.688E-04  3.893E-04  3.189E-04  2.595E-04  2.101E-04  1.701E-04  1.350E-04  1.067E-04  8.360E-05  6.484E-05  4.960E-05  3.743E-05  2.789E-05  2.053E-05  1.445E-05  1.018E-05  6.793E-06  4.435E-06  2.628E-06  1.365E-06  5.630E-07  1.628E-07  2.559E-08  1.271E-09  2.343E-11  4.455E-14
  331.5000  1.731E-02  1.646E-02  1.562E-02  1.479E-02  1.398E-02  1.320E-02  1.243E-02  1.168E-02  1.095E-02  1.024E-02  9.557E-03  8.894E-03  8.254E-03  7.638E-03  7.047E-03  6.479E-03  5.941E-03  5.431E-03  4.952E-03  4.475E-03  3.967E-03  3.535E-03  3.166E-03  2.851E-03  2.517E-03  2.207E-03  1.946E-03  1.691E-03  1.453E-03  1.257E-03  1.091E-03  9.236E-04  7.804E-04  6.578E-04  5.421E-04  4.486E-04  3.726E-04  3.052E-04  2.485E-04  2.012E-04  1.629E-04  1.293E-04  1.021E-04  8.006E-05  6.208E-05  4.748E-05  3.582E-05  2.669E-05  1.963E-05  1.381E-05  9.723E-06  6.475E-06  4.215E-06  2.487E-06  1.283E-06  5.242E-07  1.501E-07  2.353E-08  1.190E-09  2.295E-11  4.713E-14
  332.5000  1.993E-02  1.901E-02  1.810E-02  1.721E-02  1.634E-02  1.548E-02  1.464E-02  1.381E-02  1.301E-02  1.222E-02  1.145E-02  1.070E-02  9.979E-03  9.276E-03  8.598E-03  7.942E-03  7.316E-03  6.719E-03  6.154E-03  5.584E-03  4.966E-03  4.440E-03  3.991E-03  3.609E-03  3.194E-03  2.808E-03  2.483E-03  2.160E-03  1.857E-03  1.608E-03  1.396E-03  1.181E-03  9.961E-04  8.379E-04  6.882E-04  5.675E-04  4.699E-04  3.836E-04  3.111E-04  2.512E-04  2.029E-04  1.606E-04  1.268E-04  9.943E-05  7.722E-05  5.920E-05  4.482E-05  3.354E-05  2.481E-05  1.757E-05  1.250E-05  8.470E-06  5.687E-06  3.519E-06  1.966E-06  9.132E-07  3.093E-07  5.751E-08  3.245E-09  6.330E-11  1.318E-13
  333.5000  1.752E-02  1.668E-02  1.586E-02  1.505E-02  1.426E-02  1.349E-02  1.273E-02  1.199E-02  1.127E-02  1.057E-02  9.882E-03  9.219E-03  8.576E-03  7.955E-03  7.357E-03  6.781E-03  6.232E-03  5.711E-03  5.219E-03  4.726E-03  4.196E-03  3.744E-03  3.360E-03  3.031E-03  2.679E-03  2.352E-03  2.076E-03  1.804E-03  1.551E-03  1.342E-03  1.164E-03  9.847E-04  8.311E-04  6.995E-04  5.752E-04  4.749E-04  3.937E-04  3.218E-04  2.614E-04  2.113E-04  1.708E-04  1.354E-04  1.069E-04  8.383E-05  6.508E-05  4.985E-05  3.768E-05  2.815E-05  2.078E-05  1.468E-05  1.040E-05  7.009E-06  4.654E-06  2.830E-06  1.534E-06  6.792E-07  2.164E-07  3.808E-08  2.125E-09  4.372E-11  9.983E-14
  334.5000  2.027E-02  1.932E-02  1.839E-02  1.746E-02  1.656E-02  1.568E-02  1.481E-02  1.396E-02  1.313E-02  1.232E-02  1.154E-02  1.077E-02  1.003E-02  9.316E-03  8.624E-03  7.957E-03  7.320E-03  6.714E-03  6.142E-03  5.567E-03  4.945E-03  4.417E-03  3.966E-03  3.581E-03  3.167E-03  2.781E-03  2.457E-03  2.135E-03  1.835E-03  1.588E-03  1.378E-03  1.165E-03  9.827E-04  8.266E-04  6.791E-04  5.601E-04  4.639E-04  3.788E-04  3.073E-04  2.482E-04  2.006E-04  1.588E-04  1.254E-04  9.831E-05  7.634E-05  5.851E-05  4.427E-05  3.311E-05  2.447E-05  1.732E-05  1.230E-05  8.318E-06  5.562E-06  3.421E-06  1.892E-06  8.650E-07  2.880E-07  5.328E-08  3.110E-09  6.615E-11  1.596E-13
  335.5000  2.217E-02  2.117E-02  2.018E-02  1.921E-02  1.825E-02  1.731E-02  1.639E-02  1.549E-02  1.460E-02  1.373E-02  1.288E-02  1.206E-02  1.126E-02  1.048E-02  9.727E-03  8.998E-03  8.300E-03  7.633E-03  7.001E-03  6.361E-03  5.661E-03  5.067E-03  4.561E-03  4.129E-03  3.658E-03  3.218E-03  2.848E-03  2.479E-03  2.132E-03  1.847E-03  1.604E-03  1.356E-03  1.143E-03  9.610E-04  7.883E-04  6.492E-04  5.369E-04  4.378E-04  3.545E-04  2.858E-04  2.306E-04  1.823E-04  1.439E-04  1.128E-04  8.765E-05  6.726E-05  5.098E-05  3.821E-05  2.832E-05  2.011E-05  1.435E-05  9.780E-06  6.629E-06  4.163E-06  2.387E-06  1.158E-06  4.179E-07  8.416E-08  5.233E-09  1.141E-10  2.866E-13
  336.5000  1.696E-02  1.619E-02  1.542E-02  1.467E-02  1.393E-02  1.321E-02  1.249E-02  1.180E-02  1.112E-02  1.045E-02  9.795E-03  9.162E-03  8.546E-03  7.948E-03  7.371E-03  6.812E-03  6.278E-03  5.769E-03  5.286E-03  4.799E-03  4.268E-03  3.817E-03  3.433E-03  3.105E-03  2.749E-03  2.417E-03  2.137E-03  1.859E-03  1.599E-03  1.384E-03  1.201E-03  1.015E-03  8.560E-04  7.195E-04  5.903E-04  4.862E-04  4.022E-04  3.280E-04  2.657E-04  2.143E-04  1.729E-04  1.368E-04  1.080E-04  8.464E-05  6.575E-05  5.044E-05  3.822E-05  2.863E-05  2.121E-05  1.505E-05  1.073E-05  7.302E-06  4.935E-06  3.086E-06  1.756E-06  8.418E-07  2.995E-07  5.984E-08  3.770E-09  8.585E-11  2.318E-13
  337.5000  1.767E-02  1.684E-02  1.602E-02  1.522E-02  1.443E-02  1.366E-02  1.291E-02  1.217E-02  1.144E-02  1.074E-02  1.005E-02  9.385E-03  8.738E-03  8.113E-03  7.509E-03  6.927E-03  6.372E-03  5.843E-03  5.344E-03  4.843E-03  4.301E-03  3.840E-03  3.447E-03  3.112E-03  2.751E-03  2.416E-03  2.133E-03  1.854E-03  1.593E-03  1.378E-03  1.195E-03  1.010E-03  8.516E-04  7.161E-04  5.880E-04  4.848E-04  4.013E-04  3.276E-04  2.657E-04  2.145E-04  1.732E-04  1.371E-04  1.083E-04  8.488E-05  6.592E-05  5.053E-05  3.825E-05  2.862E-05  2.116E-05  1.499E-05  1.066E-05  7.221E-06  4.840E-06  2.988E-06  1.664E-06  7.700E-07  2.618E-07  5.029E-08  3.157E-09  7.541E-11  2.212E-13
  338.5000  2.021E-02  1.930E-02  1.840E-02  1.751E-02  1.664E-02  1.578E-02  1.495E-02  1.412E-02  1.332E-02  1.252E-02  1.175E-02  1.100E-02  1.027E-02  9.561E-03  8.874E-03  8.209E-03  7.572E-03  6.964E-03  6.387E-03  5.803E-03  5.164E-03  4.621E-03  4.159E-03  3.765E-03  3.335E-03  2.933E-03  2.596E-03  2.258E-03  1.942E-03  1.681E-03  1.460E-03  1.234E-03  1.040E-03  8.734E-04  7.160E-04  5.892E-04  4.870E-04  3.969E-04  3.211E-04  2.588E-04  2.087E-04  1.649E-04  1.301E-04  1.020E-04  7.924E-05  6.082E-05  4.612E-05  3.459E-05  2.565E-05  1.823E-05  1.302E-05  8.890E-06  6.042E-06  3.811E-06  2.204E-06  1.085E-06  4.019E-07  8.455E-08  5.669E-09  1.386E-10  4.211E-13
  339.5000  2.222E-02  2.122E-02  2.024E-02  1.927E-02  1.832E-02  1.738E-02  1.646E-02  1.556E-02  1.468E-02  1.381E-02  1.296E-02  1.214E-02  1.133E-02  1.056E-02  9.801E-03  9.069E-03  8.368E-03  7.698E-03  7.063E-03  6.419E-03  5.714E-03  5.115E-03  4.604E-03  4.170E-03  3.694E-03  3.250E-03  2.876E-03  2.503E-03  2.152E-03  1.864E-03  1.618E-03  1.367E-03  1.152E-03  9.675E-04  7.928E-04  6.521E-04  5.388E-04  4.389E-04  3.549E-04  2.859E-04  2.304E-04  1.821E-04  1.436E-04  1.125E-04  8.745E-05  6.713E-05  5.092E-05  3.821E-05  2.835E-05  2.016E-05  1.441E-05  9.853E-06  6.711E-06  4.249E-06  2.473E-06  1.232E-06  4.646E-07  1.001E-07  6.917E-09  1.751E-10  5.642E-13
  340.5000  2.309E-02  2.204E-02  2.100E-02  1.998E-02  1.897E-02  1.799E-02  1.702E-02  1.607E-02  1.515E-02  1.424E-02  1.335E-02  1.249E-02  1.165E-02  1.084E-02  1.005E-02  9.292E-03  8.565E-03  7.870E-03  7.212E-03  6.547E-03  5.822E-03  5.206E-03  4.681E-03  4.234E-03  3.748E-03  3.294E-03  2.913E-03  2.532E-03  2.177E-03  1.884E-03  1.634E-03  1.380E-03  1.163E-03  9.770E-04  8.009E-04  6.590E-04  5.447E-04  4.438E-04  3.591E-04  2.894E-04  2.334E-04  1.845E-04  1.455E-04  1.141E-04  8.863E-05  6.801E-05  5.156E-05  3.866E-05  2.867E-05  2.037E-05  1.454E-05  9.921E-06  6.732E-06  4.237E-06  2.441E-06  1.196E-06  4.412E-07  9.351E-08  6.510E-09  1.718E-10  5.946E-13
  341.5000  2.138E-02  2.043E-02  1.949E-02  1.856E-02  1.764E-02  1.675E-02  1.587E-02  1.500E-02  1.416E-02  1.332E-02  1.251E-02  1.172E-02  1.095E-02  1.020E-02  9.475E-03  8.771E-03  8.097E-03  7.452E-03  6.839E-03  6.218E-03  5.536E-03  4.957E-03  4.464E-03  4.044E-03  3.583E-03  3.153E-03  2.791E-03  2.429E-03  2.089E-03  1.809E-03  1.571E-03  1.327E-03  1.118E-03  9.385E-04  7.686E-04  6.319E-04  5.218E-04  4.248E-04  3.433E-04  2.764E-04  2.227E-04  1.758E-04  1.386E-04  1.087E-04  8.444E-05  6.483E-05  4.920E-05  3.694E-05  2.743E-05  1.952E-05  1.398E-05  9.570E-06  6.538E-06  4.159E-06  2.442E-06  1.236E-06  4.769E-07  1.064E-07  7.738E-09  2.101E-10  7.617E-13
  342.5000  2.388E-02  2.282E-02  2.177E-02  2.074E-02  1.972E-02  1.873E-02  1.774E-02  1.678E-02  1.584E-02  1.491E-02  1.401E-02  1.312E-02  1.226E-02  1.143E-02  1.062E-02  9.830E-03  9.077E-03  8.355E-03  7.671E-03  6.976E-03  6.212E-03  5.563E-03  5.010E-03  4.540E-03  4.024E-03  3.541E-03  3.135E-03  2.728E-03  2.346E-03  2.032E-03  1.764E-03  1.490E-03  1.255E-03  1.054E-03  8.626E-04  7.090E-04  5.853E-04  4.763E-04  3.848E-04  3.097E-04  2.494E-04  1.969E-04  1.552E-04  1.216E-04  9.451E-05  7.257E-05  5.508E-05  4.137E-05  3.074E-05  2.189E-05  1.568E-05  1.075E-05  7.355E-06  4.690E-06  2.767E-06  1.413E-06  5.531E-07  1.258E-07  9.401E-09  2.641E-10  1.013E-12
  343.5000  2.447E-02  2.338E-02  2.230E-02  2.123E-02  2.018E-02  1.915E-02  1.814E-02  1.715E-02  1.618E-02  1.522E-02  1.429E-02  1.339E-02  1.250E-02  1.164E-02  1.081E-02  1.000E-02  9.231E-03  8.492E-03  7.792E-03  7.081E-03  6.302E-03  5.640E-03  5.077E-03  4.597E-03  4.072E-03  3.581E-03  3.169E-03  2.756E-03  2.370E-03  2.051E-03  1.780E-03  1.503E-03  1.266E-03  1.063E-03  8.699E-04  7.150E-04  5.902E-04  4.804E-04  3.881E-04  3.124E-04  2.516E-04  1.987E-04  1.566E-04  1.227E-04  9.537E-05  7.322E-05  5.557E-05  4.172E-05  3.099E-05  2.206E-05  1.579E-05  1.082E-05  7.392E-06  4.704E-06  2.765E-06  1.403E-06  5.459E-07  1.241E-07  9.416E-09  2.746E-10  1.123E-12
  344.5000  1.690E-02  1.614E-02  1.538E-02  1.464E-02  1.391E-02  1.320E-02  1.249E-02  1.181E-02  1.113E-02  1.047E-02  9.822E-03  9.193E-03  8.581E-03  7.987E-03  7.411E-03  6.854E-03  6.320E-03  5.811E-03  5.327E-03  4.838E-03  4.304E-03  3.849E-03  3.462E-03  3.133E-03  2.773E-03  2.437E-03  2.156E-03  1.874E-03  1.611E-03  1.394E-03  1.209E-03  1.021E-03  8.594E-04  7.213E-04  5.906E-04  4.854E-04  4.008E-04  3.262E-04  2.636E-04  2.122E-04  1.710E-04  1.350E-04  1.064E-04  8.342E-05  6.482E-05  4.976E-05  3.775E-05  2.834E-05  2.104E-05  1.497E-05  1.071E-05  7.331E-06  5.001E-06  3.174E-06  1.858E-06  9.361E-07  3.611E-07  8.178E-08  6.292E-09  1.904E-10  8.293E-13
  345.5000  2.412E-02  2.305E-02  2.200E-02  2.096E-02  1.994E-02  1.894E-02  1.795E-02  1.698E-02  1.603E-02  1.510E-02  1.419E-02  1.330E-02  1.243E-02  1.159E-02  1.077E-02  9.975E-03  9.213E-03  8.483E-03  7.791E-03  7.087E-03  6.312E-03  5.653E-03  5.093E-03  4.615E-03  4.091E-03  3.600E-03  3.188E-03  2.775E-03  2.386E-03  2.066E-03  1.794E-03  1.515E-03  1.275E-03  1.070E-03  8.753E-04  7.189E-04  5.930E-04  4.823E-04  3.892E-04  3.130E-04  2.519E-04  1.987E-04  1.566E-04  1.227E-04  9.532E-05  7.321E-05  5.560E-05  4.179E-05  3.107E-05  2.215E-05  1.588E-05  1.091E-05  7.492E-06  4.802E-06  2.860E-06  1.486E-06  5.983E-07  1.423E-07  1.141E-08  3.548E-10  1.613E-12
  346.5000  2.203E-02  2.105E-02  2.007E-02  1.911E-02  1.817E-02  1.724E-02  1.633E-02  1.544E-02  1.456E-02  1.370E-02  1.286E-02  1.205E-02  1.125E-02  1.048E-02  9.727E-03  9.000E-03  8.304E-03  7.638E-03  7.007E-03  6.367E-03  5.665E-03  5.069E-03  4.561E-03  4.129E-03  3.656E-03  3.214E-03  2.844E-03  2.473E-03  2.125E-03  1.839E-03  1.596E-03  1.347E-03  1.134E-03  9.511E-04  7.783E-04  6.393E-04  5.275E-04  4.291E-04  3.465E-04  2.788E-04  2.244E-04  1.771E-04  1.396E-04  1.094E-04  8.498E-05  6.525E-05  4.953E-05  3.721E-05  2.765E-05  1.970E-05  1.411E-05  9.676E-06  6.623E-06  4.226E-06  2.497E-06  1.281E-06  5.076E-07  1.194E-07  9.672E-09  3.123E-10  1.514E-12
  347.5000  2.160E-02  2.064E-02  1.969E-02  1.875E-02  1.782E-02  1.691E-02  1.602E-02  1.515E-02  1.429E-02  1.344E-02  1.262E-02  1.182E-02  1.104E-02  1.028E-02  9.548E-03  8.835E-03  8.152E-03  7.499E-03  6.880E-03  6.252E-03  5.563E-03  4.978E-03  4.479E-03  4.055E-03  3.591E-03  3.157E-03  2.793E-03  2.428E-03  2.087E-03  1.805E-03  1.566E-03  1.322E-03  1.113E-03  9.332E-04  7.635E-04  6.269E-04  5.172E-04  4.206E-04  3.395E-04  2.731E-04  2.198E-04  1.734E-04  1.366E-04  1.071E-04  8.319E-05  6.388E-05  4.850E-05  3.644E-05  2.708E-05  1.930E-05  1.383E-05  9.490E-06  6.502E-06  4.155E-06  2.463E-06  1.270E-06  5.078E-07  1.212E-07  1.004E-08  3.349E-10  1.714E-12
  348.5000  2.397E-02  2.290E-02  2.185E-02  2.081E-02  1.979E-02  1.879E-02  1.780E-02  1.683E-02  1.588E-02  1.495E-02  1.404E-02  1.315E-02  1.229E-02  1.145E-02  1.063E-02  9.844E-03  9.086E-03  8.361E-03  7.672E-03  6.974E-03  6.207E-03  5.555E-03  5.000E-03  4.528E-03  4.010E-03  3.526E-03  3.120E-03  2.714E-03  2.332E-03  2.018E-03  1.751E-03  1.477E-03  1.243E-03  1.043E-03  8.527E-04  7.000E-04  5.772E-04  4.693E-04  3.786E-04  3.044E-04  2.449E-04  1.932E-04  1.522E-04  1.192E-04  9.263E-05  7.114E-05  5.402E-05  4.060E-05  3.020E-05  2.153E-05  1.544E-05  1.060E-05  7.279E-06  4.664E-06  2.779E-06  1.446E-06  5.865E-07  1.427E-07  1.213E-08  4.172E-10  2.248E-12
  349.5000  2.008E-02  1.918E-02  1.830E-02  1.743E-02  1.657E-02  1.573E-02  1.491E-02  1.410E-02  1.330E-02  1.252E-02  1.176E-02  1.101E-02  1.029E-02  9.583E-03  8.900E-03  8.238E-03  7.603E-03  6.996E-03  6.419E-03  5.834E-03  5.192E-03  4.646E-03  4.181E-03  3.786E-03  3.353E-03  2.947E-03  2.608E-03  2.267E-03  1.948E-03  1.685E-03  1.462E-03  1.234E-03  1.038E-03  8.703E-04  7.116E-04  5.840E-04  4.815E-04  3.914E-04  3.157E-04  2.538E-04  2.042E-04  1.610E-04  1.268E-04  9.934E-05  7.719E-05  5.928E-05  4.502E-05  3.384E-05  2.517E-05  1.795E-05  1.287E-05  8.843E-06  6.072E-06  3.893E-06  2.322E-06  1.212E-06  4.941E-07  1.215E-07  1.053E-08  3.741E-10  2.128E-12
  350.5000  2.818E-02  2.693E-02  2.570E-02  2.447E-02  2.327E-02  2.209E-02  2.093E-02  1.980E-02  1.868E-02  1.758E-02  1.651E-02  1.547E-02  1.445E-02  1.346E-02  1.250E-02  1.157E-02  1.068E-02  9.830E-03  9.020E-03  8.198E-03  7.296E-03  6.529E-03  5.876E-03  5.319E-03  4.711E-03  4.141E-03  3.664E-03  3.185E-03  2.737E-03  2.368E-03  2.054E-03  1.732E-03  1.457E-03  1.222E-03  9.987E-04  8.195E-04  6.755E-04  5.489E-04  4.426E-04  3.558E-04  2.861E-04  2.256E-04  1.777E-04  1.391E-04  1.081E-04  8.304E-05  6.307E-05  4.741E-05  3.527E-05  2.516E-05  1.805E-05  1.241E-05  8.525E-06  5.473E-06  3.273E-06  1.716E-06  7.051E-07  1.756E-07  1.556E-08  5.701E-10  3.416E-12
  351.5000  2.423E-02  2.315E-02  2.208E-02  2.103E-02  2.000E-02  1.898E-02  1.798E-02  1.700E-02  1.604E-02  1.510E-02  1.418E-02  1.328E-02  1.240E-02  1.155E-02  1.073E-02  9.930E-03  9.163E-03  8.430E-03  7.734E-03  7.028E-03  6.253E-03  5.594E-03  5.033E-03  4.556E-03  4.034E-03  3.545E-03  3.136E-03  2.725E-03  2.341E-03  2.025E-03  1.756E-03  1.481E-03  1.246E-03  1.044E-03  8.533E-04  7.001E-04  5.770E-04  4.688E-04  3.780E-04  3.038E-04  2.443E-04  1.926E-04  1.516E-04  1.188E-04  9.227E-05  7.087E-05  5.382E-05  4.046E-05  3.010E-05  2.147E-05  1.541E-05  1.059E-05  7.277E-06  4.673E-06  2.796E-06  1.467E-06  6.048E-07  1.518E-07  1.371E-08  5.184E-10  3.276E-12
  352.5000  2.193E-02  2.095E-02  1.999E-02  1.904E-02  1.810E-02  1.719E-02  1.628E-02  1.540E-02  1.453E-02  1.367E-02  1.284E-02  1.203E-02  1.124E-02  1.047E-02  9.722E-03  8.998E-03  8.304E-03  7.640E-03  7.010E-03  6.370E-03  5.668E-03  5.071E-03  4.563E-03  4.130E-03  3.657E-03  3.214E-03  2.842E-03  2.471E-03  2.122E-03  1.835E-03  1.592E-03  1.342E-03  1.128E-03  9.458E-04  7.728E-04  6.338E-04  5.222E-04  4.242E-04  3.419E-04  2.747E-04  2.209E-04  1.741E-04  1.371E-04  1.073E-04  8.339E-05  6.405E-05  4.865E-05  3.658E-05  2.722E-05  1.942E-05  1.394E-05  9.588E-06  6.594E-06  4.240E-06  2.544E-06  1.342E-06  5.578E-07  1.419E-07  1.309E-08  5.101E-10  3.390E-12
  353.5000  2.653E-02  2.535E-02  2.419E-02  2.304E-02  2.192E-02  2.081E-02  1.972E-02  1.865E-02  1.760E-02  1.656E-02  1.556E-02  1.458E-02  1.362E-02  1.269E-02  1.179E-02  1.091E-02  1.007E-02  9.266E-03  8.503E-03  7.728E-03  6.877E-03  6.154E-03  5.537E-03  5.013E-03  4.438E-03  3.901E-03  3.450E-03  2.999E-03  2.576E-03  2.228E-03  1.932E-03  1.629E-03  1.370E-03  1.148E-03  9.375E-04  7.686E-04  6.331E-04  5.141E-04  4.143E-04  3.327E-04  2.674E-04  2.107E-04  1.659E-04  1.299E-04  1.009E-04  7.751E-05  5.888E-05  4.429E-05  3.297E-05  2.353E-05  1.690E-05  1.163E-05  8.006E-06  5.157E-06  3.104E-06  1.647E-06  6.913E-07  1.784E-07  1.682E-08  6.752E-10  4.712E-12
  354.5000  2.884E-02  2.756E-02  2.630E-02  2.505E-02  2.383E-02  2.263E-02  2.145E-02  2.028E-02  1.914E-02  1.802E-02  1.693E-02  1.587E-02  1.483E-02  1.381E-02  1.283E-02  1.188E-02  1.097E-02  1.009E-02  9.262E-03  8.419E-03  7.493E-03  6.705E-03  6.034E-03  5.463E-03  4.837E-03  4.251E-03  3.760E-03  3.268E-03  2.807E-03  2.428E-03  2.105E-03  1.775E-03  1.492E-03  1.250E-03  1.021E-03  8.368E-04  6.891E-04  5.594E-04  4.506E-04  3.618E-04  2.907E-04  2.290E-04  1.802E-04  1.411E-04  1.096E-04  8.421E-05  6.398E-05  4.813E-05  3.584E-05  2.559E-05  1.838E-05  1.266E-05  8.723E-06  5.627E-06  3.397E-06  1.812E-06  7.674E-07  2.008E-07  1.934E-08  7.991E-10  5.855E-12
  355.5000  2.697E-02  2.578E-02  2.460E-02  2.344E-02  2.229E-02  2.117E-02  2.006E-02  1.898E-02  1.791E-02  1.686E-02  1.584E-02  1.484E-02  1.387E-02  1.292E-02  1.200E-02  1.111E-02  1.026E-02  9.440E-03  8.664E-03  7.875E-03  7.008E-03  6.270E-03  5.642E-03  5.108E-03  4.522E-03  3.974E-03  3.515E-03  3.055E-03  2.623E-03  2.269E-03  1.967E-03  1.658E-03  1.394E-03  1.167E-03  9.531E-04  7.810E-04  6.431E-04  5.219E-04  4.203E-04  3.374E-04  2.711E-04  2.135E-04  1.680E-04  1.315E-04  1.022E-04  7.848E-05  5.963E-05  4.487E-05  3.341E-05  2.386E-05  1.714E-05  1.181E-05  8.142E-06  5.257E-06  3.179E-06  1.701E-06  7.247E-07  1.917E-07  1.882E-08  8.006E-10  6.161E-12
  356.5000  2.504E-02  2.393E-02  2.284E-02  2.176E-02  2.070E-02  1.965E-02  1.862E-02  1.761E-02  1.662E-02  1.565E-02  1.470E-02  1.378E-02  1.287E-02  1.199E-02  1.114E-02  1.031E-02  9.520E-03  8.760E-03  8.039E-03  7.306E-03  6.501E-03  5.817E-03  5.233E-03  4.737E-03  4.193E-03  3.685E-03  3.259E-03  2.832E-03  2.431E-03  2.102E-03  1.822E-03  1.536E-03  1.291E-03  1.081E-03  8.824E-04  7.230E-04  5.951E-04  4.829E-04  3.888E-04  3.121E-04  2.507E-04  1.974E-04  1.553E-04  1.216E-04  9.443E-05  7.254E-05  5.512E-05  4.148E-05  3.089E-05  2.206E-05  1.586E-05  1.092E-05  7.535E-06  4.869E-06  2.948E-06  1.582E-06  6.775E-07  1.810E-07  1.810E-08  7.929E-10  6.405E-12
  357.5000  2.129E-02  2.035E-02  1.942E-02  1.850E-02  1.759E-02  1.670E-02  1.583E-02  1.497E-02  1.413E-02  1.330E-02  1.250E-02  1.171E-02  1.094E-02  1.019E-02  9.467E-03  8.763E-03  8.088E-03  7.442E-03  6.829E-03  6.206E-03  5.522E-03  4.940E-03  4.444E-03  4.022E-03  3.560E-03  3.127E-03  2.765E-03  2.403E-03  2.063E-03  1.783E-03  1.545E-03  1.302E-03  1.094E-03  9.163E-04  7.478E-04  6.126E-04  5.041E-04  4.090E-04  3.292E-04  2.642E-04  2.122E-04  1.670E-04  1.314E-04  1.029E-04  7.990E-05  6.137E-05  4.664E-05  3.510E-05  2.614E-05  1.868E-05  1.342E-05  9.250E-06  6.382E-06  4.126E-06  2.502E-06  1.346E-06  5.790E-07  1.561E-07  1.590E-08  7.168E-10  6.075E-12
  358.5000  1.647E-02  1.574E-02  1.502E-02  1.431E-02  1.361E-02  1.293E-02  1.225E-02  1.159E-02  1.094E-02  1.030E-02  9.672E-03  9.063E-03  8.468E-03  7.890E-03  7.329E-03  6.785E-03  6.262E-03  5.762E-03  5.287E-03  4.805E-03  4.276E-03  3.825E-03  3.441E-03  3.114E-03  2.756E-03  2.421E-03  2.141E-03  1.860E-03  1.597E-03  1.380E-03  1.196E-03  1.008E-03  8.468E-04  7.089E-04  5.784E-04  4.737E-04  3.897E-04  3.161E-04  2.544E-04  2.041E-04  1.639E-04  1.290E-04  1.015E-04  7.940E-05  6.167E-05  4.737E-05  3.600E-05  2.710E-05  2.019E-05  1.443E-05  1.037E-05  7.150E-06  4.937E-06  3.195E-06  1.941E-06  1.048E-06  4.542E-07  1.239E-07  1.286E-08  5.962E-10  5.293E-12
  359.5000  2.773E-02  2.651E-02  2.530E-02  2.410E-02  2.292E-02  2.177E-02  2.063E-02  1.951E-02  1.841E-02  1.734E-02  1.629E-02  1.526E-02  1.426E-02  1.328E-02  1.234E-02  1.142E-02  1.054E-02  9.701E-03  8.901E-03  8.089E-03  7.197E-03  6.437E-03  5.791E-03  5.240E-03  4.637E-03  4.074E-03  3.602E-03  3.128E-03  2.685E-03  2.321E-03  2.011E-03  1.694E-03  1.423E-03  1.191E-03  9.717E-04  7.956E-04  6.545E-04  5.307E-04  4.270E-04  3.425E-04  2.749E-04  2.164E-04  1.702E-04  1.332E-04  1.034E-04  7.944E-05  6.038E-05  4.545E-05  3.387E-05  2.420E-05  1.740E-05  1.200E-05  8.290E-06  5.369E-06  3.267E-06  1.769E-06  7.705E-07  2.122E-07  2.244E-08  1.069E-09  9.942E-12
  360.5000  2.573E-02  2.459E-02  2.347E-02  2.236E-02  2.126E-02  2.019E-02  1.914E-02  1.810E-02  1.708E-02  1.608E-02  1.511E-02  1.416E-02  1.323E-02  1.232E-02  1.145E-02  1.060E-02  9.780E-03  8.998E-03  8.256E-03  7.502E-03  6.675E-03  5.970E-03  5.370E-03  4.859E-03  4.299E-03  3.776E-03  3.338E-03  2.899E-03  2.488E-03  2.150E-03  1.863E-03  1.569E-03  1.318E-03  1.103E-03  8.995E-04  7.363E-04  6.056E-04  4.910E-04  3.949E-04  3.167E-04  2.542E-04  2.000E-04  1.573E-04  1.231E-04  9.557E-05  7.341E-05  5.580E-05  4.200E-05  3.130E-05  2.238E-05  1.609E-05  1.110E-05  7.671E-06  4.972E-06  3.030E-06  1.646E-06  7.205E-07  2.004E-07  2.157E-08  1.056E-09  1.028E-11
  361.5000  2.324E-02  2.221E-02  2.120E-02  2.019E-02  1.921E-02  1.824E-02  1.729E-02  1.635E-02  1.544E-02  1.453E-02  1.365E-02  1.279E-02  1.195E-02  1.114E-02  1.034E-02  9.576E-03  8.839E-03  8.132E-03  7.461E-03  6.780E-03  6.032E-03  5.395E-03  4.852E-03  4.391E-03  3.885E-03  3.412E-03  3.016E-03  2.619E-03  2.248E-03  1.942E-03  1.683E-03  1.417E-03  1.190E-03  9.955E-04  8.118E-04  6.644E-04  5.463E-04  4.428E-04  3.561E-04  2.855E-04  2.291E-04  1.802E-04  1.417E-04  1.108E-04  8.608E-05  6.612E-05  5.026E-05  3.784E-05  2.821E-05  2.017E-05  1.451E-05  1.001E-05  6.922E-06  4.491E-06  2.742E-06  1.494E-06  6.582E-07  1.850E-07  2.028E-08  1.020E-09  1.038E-11
  362.5000  2.732E-02  2.612E-02  2.492E-02  2.375E-02  2.259E-02  2.145E-02  2.033E-02  1.923E-02  1.815E-02  1.709E-02  1.605E-02  1.504E-02  1.406E-02  1.310E-02  1.217E-02  1.126E-02  1.039E-02  9.564E-03  8.775E-03  7.974E-03  7.094E-03  6.345E-03  5.706E-03  5.162E-03  4.568E-03  4.011E-03  3.545E-03  3.079E-03  2.641E-03  2.282E-03  1.977E-03  1.665E-03  1.398E-03  1.169E-03  9.532E-04  7.799E-04  6.411E-04  5.196E-04  4.177E-04  3.348E-04  2.686E-04  2.112E-04  1.661E-04  1.299E-04  1.009E-04  7.748E-05  5.890E-05  4.435E-05  3.306E-05  2.365E-05  1.701E-05  1.174E-05  8.124E-06  5.275E-06  3.225E-06  1.763E-06  7.810E-07  2.217E-07  2.474E-08  1.278E-09  1.360E-11
  363.5000  2.432E-02  2.325E-02  2.219E-02  2.114E-02  2.011E-02  1.910E-02  1.810E-02  1.712E-02  1.616E-02  1.522E-02  1.429E-02  1.339E-02  1.252E-02  1.166E-02  1.083E-02  1.003E-02  9.254E-03  8.514E-03  7.811E-03  7.098E-03  6.314E-03  5.647E-03  5.078E-03  4.594E-03  4.065E-03  3.569E-03  3.154E-03  2.739E-03  2.349E-03  2.030E-03  1.758E-03  1.480E-03  1.242E-03  1.039E-03  8.469E-04  6.928E-04  5.694E-04  4.613E-04  3.708E-04  2.972E-04  2.383E-04  1.874E-04  1.473E-04  1.152E-04  8.946E-05  6.872E-05  5.224E-05  3.934E-05  2.933E-05  2.098E-05  1.510E-05  1.043E-05  7.215E-06  4.688E-06  2.871E-06  1.574E-06  7.006E-07  2.007E-07  2.279E-08  1.209E-09  1.343E-11
  364.5000  2.654E-02  2.537E-02  2.421E-02  2.307E-02  2.194E-02  2.084E-02  1.975E-02  1.868E-02  1.763E-02  1.660E-02  1.559E-02  1.461E-02  1.365E-02  1.272E-02  1.182E-02  1.094E-02  1.009E-02  9.286E-03  8.519E-03  7.740E-03  6.885E-03  6.157E-03  5.536E-03  5.008E-03  4.430E-03  3.889E-03  3.437E-03  2.984E-03  2.559E-03  2.211E-03  1.914E-03  1.611E-03  1.352E-03  1.131E-03  9.216E-04  7.537E-04  6.193E-04  5.017E-04  4.031E-04  3.230E-04  2.590E-04  2.036E-04  1.600E-04  1.252E-04  9.718E-05  7.465E-05  5.675E-05  4.274E-05  3.187E-05  2.280E-05  1.641E-05  1.133E-05  7.846E-06  5.101E-06  3.127E-06  1.719E-06  7.686E-07  2.221E-07  2.565E-08  1.396E-09  1.620E-11
  365.5000  3.234E-02  3.091E-02  2.950E-02  2.810E-02  2.673E-02  2.539E-02  2.406E-02  2.276E-02  2.148E-02  2.022E-02  1.900E-02  1.780E-02  1.663E-02  1.549E-02  1.439E-02  1.332E-02  1.229E-02  1.131E-02  1.037E-02  9.424E-03  8.383E-03  7.495E-03  6.738E-03  6.094E-03  5.390E-03  4.732E-03  4.181E-03  3.629E-03  3.112E-03  2.688E-03  2.327E-03  1.958E-03  1.644E-03  1.374E-03  1.120E-03  9.154E-04  7.520E-04  6.091E-04  4.893E-04  3.920E-04  3.142E-04  2.470E-04  1.941E-04  1.518E-04  1.179E-04  9.052E-05  6.882E-05  5.183E-05  3.866E-05  2.766E-05  1.991E-05  1.375E-05  9.524E-06  6.195E-06  3.802E-06  2.094E-06  9.404E-07  2.741E-07  3.218E-08  1.796E-09  2.176E-11
  366.5000  3.427E-02  3.275E-02  3.126E-02  2.978E-02  2.833E-02  2.690E-02  2.550E-02  2.412E-02  2.276E-02  2.143E-02  2.013E-02  1.886E-02  1.763E-02  1.642E-02  1.525E-02  1.412E-02  1.303E-02  1.198E-02  1.099E-02  9.987E-03  8.883E-03  7.942E-03  7.140E-03  6.457E-03  5.711E-03  5.012E-03  4.428E-03  3.843E-03  3.295E-03  2.846E-03  2.464E-03  2.073E-03  1.739E-03  1.454E-03  1.184E-03  9.682E-04  7.952E-04  6.439E-04  5.172E-04  4.142E-04  3.320E-04  2.609E-04  2.050E-04  1.603E-04  1.244E-04  9.558E-05  7.267E-05  5.474E-05  4.083E-05  2.922E-05  2.104E-05  1.454E-05  1.007E-05  6.556E-06  4.030E-06  2.226E-06  1.005E-06  2.955E-07  3.528E-08  2.020E-09  2.552E-11
  367.5000  3.257E-02  3.114E-02  2.972E-02  2.831E-02  2.693E-02  2.558E-02  2.424E-02  2.293E-02  2.164E-02  2.038E-02  1.914E-02  1.793E-02  1.676E-02  1.561E-02  1.450E-02  1.342E-02  1.239E-02  1.139E-02  1.045E-02  9.496E-03  8.446E-03  7.551E-03  6.788E-03  6.138E-03  5.428E-03  4.764E-03  4.209E-03  3.652E-03  3.131E-03  2.704E-03  2.340E-03  1.968E-03  1.652E-03  1.381E-03  1.124E-03  9.189E-04  7.546E-04  6.108E-04  4.905E-04  3.928E-04  3.147E-04  2.473E-04  1.943E-04  1.519E-04  1.179E-04  9.056E-05  6.885E-05  5.187E-05  3.869E-05  2.770E-05  1.995E-05  1.379E-05  9.555E-06  6.224E-06  3.831E-06  2.122E-06  9.628E-07  2.858E-07  3.470E-08  2.036E-09  2.681E-11
  368.5000  2.863E-02  2.737E-02  2.612E-02  2.488E-02  2.367E-02  2.248E-02  2.131E-02  2.015E-02  1.902E-02  1.791E-02  1.682E-02  1.576E-02  1.473E-02  1.372E-02  1.275E-02  1.180E-02  1.089E-02  1.001E-02  9.184E-03  8.343E-03  7.420E-03  6.634E-03  5.963E-03  5.391E-03  4.767E-03  4.183E-03  3.695E-03  3.206E-03  2.748E-03  2.373E-03  2.054E-03  1.727E-03  1.449E-03  1.211E-03  9.859E-04  8.056E-04  6.614E-04  5.353E-04  4.297E-04  3.440E-04  2.756E-04  2.165E-04  1.701E-04  1.329E-04  1.032E-04  7.926E-05  6.027E-05  4.540E-05  3.388E-05  2.425E-05  1.747E-05  1.208E-05  8.373E-06  5.458E-06  3.363E-06  1.867E-06  8.510E-07  2.548E-07  3.143E-08  1.890E-09  2.593E-11
  369.5000  3.436E-02  3.284E-02  3.135E-02  2.987E-02  2.841E-02  2.698E-02  2.557E-02  2.419E-02  2.283E-02  2.149E-02  2.019E-02  1.892E-02  1.768E-02  1.647E-02  1.530E-02  1.416E-02  1.306E-02  1.202E-02  1.102E-02  1.001E-02  8.903E-03  7.959E-03  7.153E-03  6.467E-03  5.718E-03  5.017E-03  4.431E-03  3.844E-03  3.295E-03  2.844E-03  2.461E-03  2.069E-03  1.736E-03  1.450E-03  1.181E-03  9.645E-04  7.917E-04  6.406E-04  5.141E-04  4.115E-04  3.296E-04  2.589E-04  2.033E-04  1.589E-04  1.233E-04  9.474E-05  7.204E-05  5.428E-05  4.050E-05  2.900E-05  2.089E-05  1.445E-05  1.002E-05  6.535E-06  4.032E-06  2.244E-06  1.027E-06  3.101E-07  3.887E-08  2.395E-09  3.420E-11
  370.5000  3.119E-02  2.981E-02  2.845E-02  2.711E-02  2.579E-02  2.449E-02  2.321E-02  2.196E-02  2.072E-02  1.951E-02  1.833E-02  1.717E-02  1.605E-02  1.495E-02  1.388E-02  1.285E-02  1.186E-02  1.090E-02  1.000E-02  9.085E-03  8.079E-03  7.221E-03  6.489E-03  5.866E-03  5.186E-03  4.550E-03  4.018E-03  3.485E-03  2.987E-03  2.578E-03  2.230E-03  1.875E-03  1.573E-03  1.314E-03  1.069E-03  8.732E-04  7.166E-04  5.797E-04  4.652E-04  3.723E-04  2.981E-04  2.341E-04  1.838E-04  1.437E-04  1.115E-04  8.564E-05  6.512E-05  4.907E-05  3.662E-05  2.622E-05  1.890E-05  1.307E-05  9.068E-06  5.917E-06  3.655E-06  2.039E-06  9.374E-07  2.854E-07  3.633E-08  2.292E-09  3.407E-11
  371.5000  3.571E-02  3.413E-02  3.258E-02  3.104E-02  2.953E-02  2.804E-02  2.658E-02  2.514E-02  2.373E-02  2.234E-02  2.099E-02  1.966E-02  1.837E-02  1.711E-02  1.590E-02  1.471E-02  1.357E-02  1.248E-02  1.145E-02  1.040E-02  9.248E-03  8.265E-03  7.427E-03  6.714E-03  5.935E-03  5.206E-03  4.597E-03  3.986E-03  3.416E-03  2.948E-03  2.550E-03  2.144E-03  1.798E-03  1.501E-03  1.222E-03  9.975E-04  8.184E-04  6.619E-04  5.310E-04  4.248E-04  3.401E-04  2.671E-04  2.097E-04  1.638E-04  1.272E-04  9.765E-05  7.426E-05  5.596E-05  4.177E-05  2.991E-05  2.156E-05  1.492E-05  1.035E-05  6.760E-06  4.181E-06  2.337E-06  1.079E-06  3.313E-07  4.284E-08  2.767E-09  4.278E-11
  372.5000  2.640E-02  2.523E-02  2.408E-02  2.294E-02  2.183E-02  2.073E-02  1.965E-02  1.858E-02  1.754E-02  1.651E-02  1.551E-02  1.453E-02  1.358E-02  1.265E-02  1.175E-02  1.087E-02  1.003E-02  9.227E-03  8.462E-03  7.686E-03  6.834E-03  6.108E-03  5.488E-03  4.960E-03  4.384E-03  3.845E-03  3.395E-03  2.944E-03  2.522E-03  2.176E-03  1.883E-03  1.583E-03  1.326E-03  1.108E-03  9.010E-04  7.356E-04  6.034E-04  4.879E-04  3.913E-04  3.130E-04  2.506E-04  1.967E-04  1.544E-04  1.206E-04  9.361E-05  7.189E-05  5.467E-05  4.120E-05  3.076E-05  2.203E-05  1.588E-05  1.099E-05  7.630E-06  4.985E-06  3.087E-06  1.730E-06  8.023E-07  2.483E-07  3.260E-08  2.155E-09  3.464E-11
  373.5000  2.387E-02  2.281E-02  2.177E-02  2.075E-02  1.974E-02  1.874E-02  1.776E-02  1.680E-02  1.586E-02  1.493E-02  1.403E-02  1.314E-02  1.228E-02  1.144E-02  1.062E-02  9.829E-03  9.069E-03  8.341E-03  7.648E-03  6.946E-03  6.176E-03  5.519E-03  4.959E-03  4.481E-03  3.961E-03  3.473E-03  3.066E-03  2.658E-03  2.277E-03  1.965E-03  1.699E-03  1.428E-03  1.197E-03  9.992E-04  8.127E-04  6.633E-04  5.440E-04  4.398E-04  3.526E-04  2.820E-04  2.257E-04  1.771E-04  1.390E-04  1.086E-04  8.428E-05  6.472E-05  4.922E-05  3.709E-05  2.769E-05  1.984E-05  1.430E-05  9.901E-06  6.876E-06  4.495E-06  2.786E-06  1.565E-06  7.286E-07  2.272E-07  3.029E-08  2.049E-09  3.421E-11
  374.5000  2.620E-02  2.505E-02  2.391E-02  2.278E-02  2.167E-02  2.058E-02  1.950E-02  1.845E-02  1.741E-02  1.639E-02  1.540E-02  1.443E-02  1.348E-02  1.256E-02  1.166E-02  1.079E-02  9.955E-03  9.155E-03  8.395E-03  7.624E-03  6.779E-03  6.057E-03  5.441E-03  4.917E-03  4.345E-03  3.810E-03  3.363E-03  2.915E-03  2.497E-03  2.154E-03  1.862E-03  1.565E-03  1.311E-03  1.095E-03  8.901E-04  7.263E-04  5.955E-04  4.814E-04  3.859E-04  3.085E-04  2.469E-04  1.937E-04  1.520E-04  1.188E-04  9.214E-05  7.076E-05  5.381E-05  4.056E-05  3.028E-05  2.170E-05  1.565E-05  1.083E-05  7.525E-06  4.921E-06  3.054E-06  1.718E-06  8.034E-07  2.525E-07  3.416E-08  2.364E-09  4.099E-11
  375.5000  2.958E-02  2.828E-02  2.699E-02  2.572E-02  2.447E-02  2.323E-02  2.202E-02  2.083E-02  1.966E-02  1.851E-02  1.739E-02  1.629E-02  1.522E-02  1.418E-02  1.317E-02  1.218E-02  1.124E-02  1.034E-02  9.478E-03  8.607E-03  7.652E-03  6.837E-03  6.141E-03  5.549E-03  4.903E-03  4.299E-03  3.794E-03  3.288E-03  2.816E-03  2.429E-03  2.100E-03  1.764E-03  1.478E-03  1.234E-03  1.003E-03  8.182E-04  6.707E-04  5.420E-04  4.344E-04  3.473E-04  2.778E-04  2.179E-04  1.710E-04  1.336E-04  1.036E-04  7.957E-05  6.051E-05  4.561E-05  3.406E-05  2.441E-05  1.760E-05  1.219E-05  8.471E-06  5.544E-06  3.444E-06  1.942E-06  9.118E-07  2.888E-07  3.966E-08  2.806E-09  5.050E-11
  376.5000  2.956E-02  2.826E-02  2.697E-02  2.570E-02  2.445E-02  2.322E-02  2.200E-02  2.081E-02  1.965E-02  1.849E-02  1.737E-02  1.628E-02  1.521E-02  1.417E-02  1.316E-02  1.217E-02  1.123E-02  1.033E-02  9.469E-03  8.599E-03  7.645E-03  6.830E-03  6.134E-03  5.542E-03  4.897E-03  4.292E-03  3.788E-03  3.283E-03  2.811E-03  2.424E-03  2.096E-03  1.761E-03  1.474E-03  1.230E-03  9.999E-04  8.156E-04  6.684E-04  5.401E-04  4.327E-04  3.458E-04  2.766E-04  2.170E-04  1.702E-04  1.329E-04  1.031E-04  7.918E-05  6.022E-05  4.539E-05  3.390E-05  2.430E-05  1.753E-05  1.214E-05  8.439E-06  5.526E-06  3.436E-06  1.942E-06  9.155E-07  2.922E-07  4.071E-08  2.945E-09  5.498E-11
  377.5000  3.522E-02  3.367E-02  3.214E-02  3.062E-02  2.913E-02  2.766E-02  2.622E-02  2.480E-02  2.341E-02  2.204E-02  2.070E-02  1.939E-02  1.812E-02  1.688E-02  1.567E-02  1.450E-02  1.338E-02  1.230E-02  1.128E-02  1.024E-02  9.106E-03  8.135E-03  7.306E-03  6.600E-03  5.831E-03  5.110E-03  4.509E-03  3.907E-03  3.345E-03  2.884E-03  2.493E-03  2.095E-03  1.753E-03  1.463E-03  1.189E-03  9.694E-04  7.943E-04  6.416E-04  5.139E-04  4.107E-04  3.284E-04  2.576E-04  2.020E-04  1.577E-04  1.224E-04  9.395E-05  7.145E-05  5.387E-05  4.023E-05  2.884E-05  2.081E-05  1.442E-05  1.002E-05  6.567E-06  4.088E-06  2.315E-06  1.096E-06  3.524E-07  4.981E-08  3.682E-09  7.127E-11
  378.5000  3.841E-02  3.671E-02  3.504E-02  3.339E-02  3.176E-02  3.016E-02  2.859E-02  2.704E-02  2.552E-02  2.403E-02  2.257E-02  2.115E-02  1.976E-02  1.840E-02  1.709E-02  1.581E-02  1.459E-02  1.341E-02  1.230E-02  1.117E-02  9.926E-03  8.867E-03  7.963E-03  7.192E-03  6.353E-03  5.568E-03  4.912E-03  4.256E-03  3.643E-03  3.141E-03  2.714E-03  2.280E-03  1.908E-03  1.592E-03  1.293E-03  1.054E-03  8.637E-04  6.976E-04  5.586E-04  4.463E-04  3.568E-04  2.798E-04  2.194E-04  1.713E-04  1.329E-04  1.020E-04  7.758E-05  5.849E-05  4.369E-05  3.133E-05  2.260E-05  1.566E-05  1.090E-05  7.141E-06  4.450E-06  2.525E-06  1.200E-06  3.887E-07  5.571E-08  4.208E-09  8.442E-11
  379.5000  2.843E-02  2.717E-02  2.594E-02  2.471E-02  2.351E-02  2.233E-02  2.116E-02  2.002E-02  1.889E-02  1.779E-02  1.671E-02  1.565E-02  1.462E-02  1.362E-02  1.265E-02  1.170E-02  1.080E-02  9.926E-03  9.100E-03  8.262E-03  7.344E-03  6.560E-03  5.890E-03  5.320E-03  4.699E-03  4.117E-03  3.632E-03  3.146E-03  2.693E-03  2.321E-03  2.006E-03  1.684E-03  1.410E-03  1.176E-03  9.550E-04  7.784E-04  6.375E-04  5.148E-04  4.121E-04  3.292E-04  2.631E-04  2.063E-04  1.617E-04  1.263E-04  9.791E-05  7.518E-05  5.718E-05  4.311E-05  3.221E-05  2.310E-05  1.667E-05  1.155E-05  8.037E-06  5.270E-06  3.287E-06  1.869E-06  8.913E-07  2.908E-07  4.227E-08  3.261E-09  6.779E-11
  380.5000  3.420E-02  3.270E-02  3.121E-02  2.974E-02  2.829E-02  2.686E-02  2.546E-02  2.408E-02  2.273E-02  2.140E-02  2.010E-02  1.883E-02  1.759E-02  1.639E-02  1.522E-02  1.408E-02  1.299E-02  1.194E-02  1.095E-02  9.940E-03  8.835E-03  7.892E-03  7.085E-03  6.398E-03  5.651E-03  4.951E-03  4.367E-03  3.782E-03  3.236E-03  2.789E-03  2.410E-03  2.023E-03  1.693E-03  1.412E-03  1.147E-03  9.343E-04  7.651E-04  6.176E-04  4.943E-04  3.948E-04  3.155E-04  2.473E-04  1.938E-04  1.513E-04  1.173E-04  9.008E-05  6.851E-05  5.166E-05  3.860E-05  2.768E-05  1.998E-05  1.385E-05  9.640E-06  6.324E-06  3.949E-06  2.250E-06  1.077E-06  3.539E-07  5.216E-08  4.109E-09  8.843E-11
  381.5000  3.216E-02  3.074E-02  2.934E-02  2.796E-02  2.660E-02  2.526E-02  2.394E-02  2.264E-02  2.137E-02  2.012E-02  1.890E-02  1.771E-02  1.654E-02  1.541E-02  1.431E-02  1.324E-02  1.221E-02  1.123E-02  1.029E-02  9.344E-03  8.305E-03  7.417E-03  6.659E-03  6.013E-03  5.309E-03  4.651E-03  4.102E-03  3.552E-03  3.039E-03  2.619E-03  2.263E-03  1.900E-03  1.589E-03  1.325E-03  1.076E-03  8.763E-04  7.174E-04  5.790E-04  4.633E-04  3.699E-04  2.955E-04  2.316E-04  1.815E-04  1.417E-04  1.099E-04  8.434E-05  6.414E-05  4.837E-05  3.614E-05  2.593E-05  1.872E-05  1.298E-05  9.035E-06  5.930E-06  3.706E-06  2.116E-06  1.016E-06  3.364E-07  5.026E-08  4.042E-09  9.004E-11
  382.5000  2.144E-02  2.049E-02  1.956E-02  1.864E-02  1.773E-02  1.684E-02  1.596E-02  1.510E-02  1.425E-02  1.341E-02  1.260E-02  1.180E-02  1.103E-02  1.027E-02  9.539E-03  8.825E-03  8.140E-03  7.484E-03  6.860E-03  6.228E-03  5.535E-03  4.943E-03  4.437E-03  4.006E-03  3.537E-03  3.098E-03  2.732E-03  2.366E-03  2.024E-03  1.744E-03  1.506E-03  1.264E-03  1.057E-03  8.812E-04  7.154E-04  5.827E-04  4.770E-04  3.849E-04  3.079E-04  2.458E-04  1.963E-04  1.538E-04  1.205E-04  9.407E-05  7.293E-05  5.599E-05  4.258E-05  3.211E-05  2.400E-05  1.722E-05  1.243E-05  8.622E-06  6.003E-06  3.942E-06  2.466E-06  1.410E-06  6.801E-07  2.267E-07  3.433E-08  2.818E-09  6.492E-11
  383.5000  1.883E-02  1.800E-02  1.718E-02  1.637E-02  1.558E-02  1.479E-02  1.402E-02  1.326E-02  1.252E-02  1.178E-02  1.107E-02  1.037E-02  9.688E-03  9.024E-03  8.379E-03  7.752E-03  7.150E-03  6.574E-03  6.025E-03  5.470E-03  4.861E-03  4.341E-03  3.896E-03  3.518E-03  3.106E-03  2.720E-03  2.398E-03  2.076E-03  1.776E-03  1.530E-03  1.321E-03  1.109E-03  9.270E-04  7.726E-04  6.271E-04  5.107E-04  4.179E-04  3.371E-04  2.696E-04  2.152E-04  1.718E-04  1.346E-04  1.055E-04  8.230E-05  6.380E-05  4.898E-05  3.725E-05  2.809E-05  2.100E-05  1.507E-05  1.088E-05  7.547E-06  5.257E-06  3.453E-06  2.163E-06  1.239E-06  5.995E-07  2.012E-07  3.088E-08  2.586E-09  6.161E-11
  384.5000  2.828E-02  2.703E-02  2.580E-02  2.458E-02  2.339E-02  2.221E-02  2.105E-02  1.991E-02  1.880E-02  1.770E-02  1.662E-02  1.557E-02  1.455E-02  1.355E-02  1.258E-02  1.164E-02  1.074E-02  9.869E-03  9.045E-03  8.211E-03  7.298E-03  6.516E-03  5.848E-03  5.279E-03  4.660E-03  4.081E-03  3.597E-03  3.114E-03  2.663E-03  2.294E-03  1.981E-03  1.662E-03  1.389E-03  1.158E-03  9.395E-04  7.649E-04  6.258E-04  5.047E-04  4.036E-04  3.220E-04  2.571E-04  2.014E-04  1.577E-04  1.231E-04  9.540E-05  7.323E-05  5.570E-05  4.201E-05  3.140E-05  2.253E-05  1.627E-05  1.129E-05  7.867E-06  5.171E-06  3.241E-06  1.860E-06  9.032E-07  3.052E-07  4.745E-08  4.054E-09  9.984E-11
  385.5000  2.799E-02  2.676E-02  2.554E-02  2.434E-02  2.315E-02  2.199E-02  2.084E-02  1.971E-02  1.861E-02  1.752E-02  1.645E-02  1.541E-02  1.440E-02  1.341E-02  1.245E-02  1.152E-02  1.063E-02  9.768E-03  8.953E-03  8.126E-03  7.222E-03  6.448E-03  5.787E-03  5.223E-03  4.610E-03  4.037E-03  3.558E-03  3.079E-03  2.633E-03  2.268E-03  1.958E-03  1.643E-03  1.373E-03  1.144E-03  9.279E-04  7.553E-04  6.178E-04  4.982E-04  3.983E-04  3.177E-04  2.536E-04  1.986E-04  1.555E-04  1.213E-04  9.404E-05  7.218E-05  5.490E-05  4.141E-05  3.095E-05  2.222E-05  1.605E-05  1.114E-05  7.761E-06  5.104E-06  3.202E-06  1.841E-06  8.971E-07  3.052E-07  4.807E-08  4.188E-09  1.066E-10
  386.5000  2.854E-02  2.729E-02  2.605E-02  2.482E-02  2.361E-02  2.242E-02  2.125E-02  2.010E-02  1.898E-02  1.786E-02  1.678E-02  1.572E-02  1.469E-02  1.368E-02  1.270E-02  1.175E-02  1.084E-02  9.961E-03  9.129E-03  8.286E-03  7.364E-03  6.574E-03  5.899E-03  5.324E-03  4.699E-03  4.114E-03  3.625E-03  3.137E-03  2.682E-03  2.310E-03  1.994E-03  1.672E-03  1.397E-03  1.164E-03  9.442E-04  7.684E-04  6.283E-04  5.066E-04  4.049E-04  3.229E-04  2.577E-04  2.017E-04  1.580E-04  1.232E-04  9.550E-05  7.330E-05  5.575E-05  4.205E-05  3.144E-05  2.257E-05  1.630E-05  1.132E-05  7.889E-06  5.190E-06  3.259E-06  1.877E-06  9.178E-07  3.143E-07  5.014E-08  4.454E-09  1.170E-10
  387.5000  2.654E-02  2.537E-02  2.422E-02  2.308E-02  2.195E-02  2.085E-02  1.976E-02  1.869E-02  1.764E-02  1.661E-02  1.560E-02  1.462E-02  1.365E-02  1.272E-02  1.181E-02  1.092E-02  1.007E-02  9.260E-03  8.486E-03  7.703E-03  6.845E-03  6.111E-03  5.483E-03  4.948E-03  4.366E-03  3.822E-03  3.368E-03  2.914E-03  2.491E-03  2.145E-03  1.851E-03  1.552E-03  1.297E-03  1.080E-03  8.759E-04  7.127E-04  5.826E-04  4.696E-04  3.753E-04  2.992E-04  2.387E-04  1.869E-04  1.463E-04  1.141E-04  8.842E-05  6.786E-05  5.161E-05  3.894E-05  2.911E-05  2.090E-05  1.510E-05  1.048E-05  7.310E-06  4.811E-06  3.024E-06  1.745E-06  8.559E-07  2.950E-07  4.767E-08  4.316E-09  1.171E-10
  388.5000  2.661E-02  2.544E-02  2.428E-02  2.314E-02  2.201E-02  2.091E-02  1.982E-02  1.874E-02  1.769E-02  1.666E-02  1.564E-02  1.466E-02  1.369E-02  1.275E-02  1.184E-02  1.095E-02  1.010E-02  9.285E-03  8.508E-03  7.722E-03  6.862E-03  6.126E-03  5.496E-03  4.959E-03  4.375E-03  3.830E-03  3.374E-03  2.919E-03  2.495E-03  2.148E-03  1.853E-03  1.554E-03  1.298E-03  1.081E-03  8.763E-04  7.128E-04  5.827E-04  4.696E-04  3.751E-04  2.990E-04  2.385E-04  1.867E-04  1.461E-04  1.139E-04  8.829E-05  6.776E-05  5.154E-05  3.888E-05  2.907E-05  2.088E-05  1.508E-05  1.047E-05  7.305E-06  4.810E-06  3.025E-06  1.749E-06  8.606E-07  2.986E-07  4.884E-08  4.507E-09  1.262E-10
  389.5000  3.358E-02  3.210E-02  3.064E-02  2.919E-02  2.777E-02  2.638E-02  2.500E-02  2.365E-02  2.232E-02  2.101E-02  1.974E-02  1.849E-02  1.727E-02  1.609E-02  1.494E-02  1.382E-02  1.274E-02  1.171E-02  1.073E-02  9.741E-03  8.656E-03  7.726E-03  6.931E-03  6.253E-03  5.517E-03  4.828E-03  4.253E-03  3.679E-03  3.144E-03  2.706E-03  2.335E-03  1.957E-03  1.635E-03  1.361E-03  1.103E-03  8.972E-04  7.332E-04  5.907E-04  4.718E-04  3.760E-04  2.999E-04  2.346E-04  1.836E-04  1.432E-04  1.109E-04  8.513E-05  6.474E-05  4.884E-05  3.652E-05  2.623E-05  1.896E-05  1.317E-05  9.185E-06  6.051E-06  3.809E-06  2.205E-06  1.089E-06  3.801E-07  6.296E-08  5.919E-09  1.709E-10
  390.5000  3.299E-02  3.154E-02  3.011E-02  2.869E-02  2.729E-02  2.592E-02  2.457E-02  2.324E-02  2.194E-02  2.065E-02  1.940E-02  1.817E-02  1.698E-02  1.581E-02  1.468E-02  1.358E-02  1.252E-02  1.151E-02  1.055E-02  9.571E-03  8.505E-03  7.591E-03  6.809E-03  6.142E-03  5.419E-03  4.741E-03  4.177E-03  3.612E-03  3.086E-03  2.656E-03  2.291E-03  1.920E-03  1.604E-03  1.335E-03  1.082E-03  8.795E-04  7.186E-04  5.788E-04  4.622E-04  3.683E-04  2.936E-04  2.297E-04  1.798E-04  1.401E-04  1.086E-04  8.330E-05  6.336E-05  4.780E-05  3.575E-05  2.568E-05  1.856E-05  1.289E-05  8.996E-06  5.928E-06  3.735E-06  2.166E-06  1.073E-06  3.770E-07  6.321E-08  6.052E-09  1.802E-10
  391.5000  3.916E-02  3.744E-02  3.574E-02  3.405E-02  3.240E-02  3.077E-02  2.917E-02  2.759E-02  2.604E-02  2.451E-02  2.303E-02  2.157E-02  2.015E-02  1.877E-02  1.742E-02  1.612E-02  1.486E-02  1.366E-02  1.252E-02  1.136E-02  1.009E-02  9.008E-03  8.080E-03  7.288E-03  6.429E-03  5.624E-03  4.954E-03  4.283E-03  3.659E-03  3.149E-03  2.715E-03  2.276E-03  1.900E-03  1.581E-03  1.281E-03  1.041E-03  8.507E-04  6.851E-04  5.469E-04  4.357E-04  3.473E-04  2.716E-04  2.125E-04  1.657E-04  1.283E-04  9.846E-05  7.488E-05  5.650E-05  4.226E-05  3.036E-05  2.194E-05  1.525E-05  1.064E-05  7.016E-06  4.424E-06  2.570E-06  1.277E-06  4.514E-07  7.661E-08  7.470E-09  2.292E-10
  392.5000  2.938E-02  2.809E-02  2.681E-02  2.555E-02  2.431E-02  2.309E-02  2.188E-02  2.070E-02  1.954E-02  1.839E-02  1.728E-02  1.618E-02  1.512E-02  1.408E-02  1.307E-02  1.209E-02  1.115E-02  1.025E-02  9.390E-03  8.521E-03  7.571E-03  6.757E-03  6.060E-03  5.465E-03  4.821E-03  4.217E-03  3.714E-03  3.210E-03  2.742E-03  2.359E-03  2.034E-03  1.704E-03  1.423E-03  1.184E-03  9.592E-04  7.795E-04  6.366E-04  5.125E-04  4.090E-04  3.258E-04  2.597E-04  2.030E-04  1.588E-04  1.238E-04  9.587E-05  7.356E-05  5.594E-05  4.221E-05  3.157E-05  2.269E-05  1.640E-05  1.140E-05  7.957E-06  5.248E-06  3.312E-06  1.927E-06  9.605E-07  3.416E-07  5.867E-08  5.824E-09  1.841E-10
  393.5000  1.278E-02  1.222E-02  1.166E-02  1.111E-02  1.057E-02  1.004E-02  9.518E-03  9.003E-03  8.498E-03  8.000E-03  7.515E-03  7.039E-03  6.576E-03  6.125E-03  5.686E-03  5.260E-03  4.850E-03  4.457E-03  4.084E-03  3.706E-03  3.292E-03  2.938E-03  2.635E-03  2.376E-03  2.096E-03  1.833E-03  1.614E-03  1.395E-03  1.191E-03  1.025E-03  8.835E-04  7.401E-04  6.178E-04  5.139E-04  4.163E-04  3.382E-04  2.761E-04  2.223E-04  1.774E-04  1.412E-04  1.125E-04  8.798E-05  6.881E-05  5.361E-05  4.152E-05  3.186E-05  2.423E-05  1.828E-05  1.368E-05  9.827E-06  7.105E-06  4.939E-06  3.449E-06  2.276E-06  1.437E-06  8.374E-07  4.187E-07  1.498E-07  2.603E-08  2.631E-09  8.565E-11
  394.5000  3.008E-02  2.876E-02  2.746E-02  2.616E-02  2.489E-02  2.364E-02  2.241E-02  2.120E-02  2.001E-02  1.883E-02  1.769E-02  1.657E-02  1.548E-02  1.442E-02  1.339E-02  1.238E-02  1.142E-02  1.049E-02  9.612E-03  8.722E-03  7.749E-03  6.915E-03  6.200E-03  5.591E-03  4.930E-03  4.312E-03  3.796E-03  3.281E-03  2.801E-03  2.409E-03  2.077E-03  1.739E-03  1.452E-03  1.207E-03  9.777E-04  7.942E-04  6.483E-04  5.218E-04  4.162E-04  3.314E-04  2.640E-04  2.063E-04  1.613E-04  1.257E-04  9.734E-05  7.467E-05  5.679E-05  4.285E-05  3.206E-05  2.304E-05  1.666E-05  1.158E-05  8.090E-06  5.340E-06  3.375E-06  1.970E-06  9.878E-07  3.555E-07  6.250E-08  6.427E-09  2.154E-10
  395.5000  3.872E-02  3.702E-02  3.534E-02  3.367E-02  3.204E-02  3.043E-02  2.884E-02  2.728E-02  2.575E-02  2.424E-02  2.277E-02  2.133E-02  1.993E-02  1.856E-02  1.723E-02  1.594E-02  1.470E-02  1.350E-02  1.237E-02  1.123E-02  9.973E-03  8.899E-03  7.978E-03  7.194E-03  6.343E-03  5.546E-03  4.882E-03  4.219E-03  3.602E-03  3.097E-03  2.669E-03  2.235E-03  1.865E-03  1.551E-03  1.256E-03  1.020E-03  8.323E-04  6.697E-04  5.340E-04  4.251E-04  3.386E-04  2.646E-04  2.069E-04  1.611E-04  1.248E-04  9.571E-05  7.279E-05  5.492E-05  4.109E-05  2.954E-05  2.136E-05  1.485E-05  1.038E-05  6.852E-06  4.334E-06  2.533E-06  1.274E-06  4.613E-07  8.203E-08  8.583E-09  2.961E-10
  396.5000  2.275E-02  2.175E-02  2.076E-02  1.978E-02  1.882E-02  1.788E-02  1.694E-02  1.603E-02  1.513E-02  1.424E-02  1.338E-02  1.253E-02  1.171E-02  1.090E-02  1.012E-02  9.363E-03  8.633E-03  7.933E-03  7.267E-03  6.594E-03  5.858E-03  5.227E-03  4.686E-03  4.224E-03  3.724E-03  3.256E-03  2.866E-03  2.476E-03  2.114E-03  1.817E-03  1.566E-03  1.311E-03  1.094E-03  9.094E-04  7.362E-04  5.977E-04  4.877E-04  3.923E-04  3.128E-04  2.489E-04  1.982E-04  1.548E-04  1.211E-04  9.428E-05  7.299E-05  5.599E-05  4.258E-05  3.213E-05  2.404E-05  1.728E-05  1.250E-05  8.695E-06  6.075E-06  4.013E-06  2.540E-06  1.487E-06  7.502E-07  2.732E-07  4.913E-08  5.229E-09  1.856E-10
  397.5000  2.626E-02  2.511E-02  2.397E-02  2.284E-02  2.173E-02  2.064E-02  1.956E-02  1.851E-02  1.747E-02  1.644E-02  1.545E-02  1.447E-02  1.352E-02  1.259E-02  1.169E-02  1.081E-02  9.967E-03  9.159E-03  8.390E-03  7.612E-03  6.762E-03  6.033E-03  5.408E-03  4.875E-03  4.298E-03  3.757E-03  3.307E-03  2.857E-03  2.438E-03  2.096E-03  1.806E-03  1.511E-03  1.261E-03  1.048E-03  8.481E-04  6.885E-04  5.616E-04  4.517E-04  3.600E-04  2.864E-04  2.280E-04  1.781E-04  1.392E-04  1.084E-04  8.392E-05  6.437E-05  4.895E-05  3.694E-05  2.764E-05  1.987E-05  1.438E-05  1.000E-05  6.990E-06  4.619E-06  2.926E-06  1.715E-06  8.679E-07  3.179E-07  5.782E-08  6.259E-09  2.284E-10
  398.5000  4.515E-02  4.316E-02  4.120E-02  3.926E-02  3.736E-02  3.548E-02  3.363E-02  3.181E-02  3.003E-02  2.827E-02  2.656E-02  2.488E-02  2.324E-02  2.164E-02  2.009E-02  1.858E-02  1.713E-02  1.574E-02  1.442E-02  1.308E-02  1.162E-02  1.037E-02  9.296E-03  8.379E-03  7.385E-03  6.456E-03  5.681E-03  4.907E-03  4.187E-03  3.599E-03  3.100E-03  2.594E-03  2.164E-03  1.798E-03  1.455E-03  1.181E-03  9.630E-04  7.743E-04  6.170E-04  4.908E-04  3.906E-04  3.051E-04  2.384E-04  1.856E-04  1.437E-04  1.102E-04  8.379E-05  6.324E-05  4.732E-05  3.403E-05  2.462E-05  1.713E-05  1.197E-05  7.916E-06  5.019E-06  2.947E-06  1.495E-06  5.507E-07  1.013E-07  1.115E-08  4.182E-10
  399.5000  4.698E-02  4.491E-02  4.288E-02  4.086E-02  3.887E-02  3.692E-02  3.500E-02  3.311E-02  3.125E-02  2.942E-02  2.763E-02  2.589E-02  2.418E-02  2.252E-02  2.091E-02  1.934E-02  1.783E-02  1.638E-02  1.501E-02  1.361E-02  1.209E-02  1.079E-02  9.670E-03  8.715E-03  7.681E-03  6.714E-03  5.907E-03  5.101E-03  4.352E-03  3.740E-03  3.221E-03  2.695E-03  2.248E-03  1.867E-03  1.511E-03  1.226E-03  9.994E-04  8.035E-04  6.401E-04  5.090E-04  4.050E-04  3.163E-04  2.471E-04  1.924E-04  1.489E-04  1.142E-04  8.682E-05  6.552E-05  4.904E-05  3.527E-05  2.552E-05  1.776E-05  1.242E-05  8.211E-06  5.209E-06  3.063E-06  1.559E-06  5.772E-07  1.073E-07  1.201E-08  4.631E-10
------------------------------------------------------------
Dose rates,W m-2
   1 = UV index (WMO, 1994; Webb et al., 2011)           
   2 = Previtamin-D3 (CIE 2006)                          
values at z =      0.025 km
Columns: time,sza,weighting spectra
time,hrs.  sza,deg.          1          2
   18.0000     86.296  7.244E-02  1.221E-03
   18.0167     86.492  6.880E-02  1.156E-03
   18.0333     86.688  6.526E-02  1.093E-03
   18.0500     86.885  6.180E-02  1.033E-03
   18.0667     87.081  5.845E-02  9.755E-04
   18.0833     87.278  5.520E-02  9.204E-04
   18.1000     87.475  5.205E-02  8.675E-04
   18.1167     87.672  4.899E-02  8.169E-04
   18.1333     87.869  4.603E-02  7.683E-04
   18.1500     88.067  4.315E-02  7.216E-04
   18.1667     88.264  4.038E-02  6.771E-04
   18.1833     88.462  3.771E-02  6.344E-04
   18.2000     88.659  3.513E-02  5.935E-04
   18.2167     88.857  3.265E-02  5.545E-04
   18.2333     89.055  3.027E-02  5.172E-04
   18.2500     89.254  2.798E-02  4.815E-04
   18.2667     89.453  2.581E-02  4.475E-04
   18.2833     89.651  2.374E-02  4.154E-04
   18.3000     89.850  2.180E-02  3.850E-04
   18.3167     90.049  1.984E-02  3.544E-04
   18.3333     90.249  1.773E-02  3.210E-04
   18.3500     90.448  1.592E-02  2.923E-04
   18.3667     90.648  1.438E-02  2.677E-04
   18.3833     90.847  1.306E-02  2.467E-04
   18.4000     91.047  1.164E-02  2.233E-04
   18.4167     91.247  1.030E-02  2.011E-04
   18.4333     91.447  9.173E-03  1.821E-04
   18.4500     91.647  8.048E-03  1.629E-04
   18.4667     91.848  6.986E-03  1.442E-04
   18.4833     92.048  6.104E-03  1.283E-04
   18.5000     92.249  5.352E-03  1.147E-04
   18.5167     92.450  4.574E-03  9.997E-05
   18.5333     92.651  3.901E-03  8.696E-05
   18.5500     92.852  3.316E-03  7.529E-05
   18.5667     93.053  2.750E-03  6.350E-05
   18.5833     93.254  2.290E-03  5.374E-05
   18.6000     93.456  1.911E-03  4.546E-05
   18.6167     93.658  1.568E-03  3.763E-05
   18.6333     93.860  1.278E-03  3.095E-05
   18.6500     94.062  1.033E-03  2.506E-05
   18.6667     94.264  8.341E-04  2.029E-05
   18.6833     94.466  6.571E-04  1.591E-05
   18.7000     94.668  5.149E-04  1.236E-05
   18.7167     94.871  3.996E-04  9.466E-06
   18.7333     95.073  3.063E-04  7.129E-06
   18.7500     95.276  2.310E-04  5.245E-06
   18.7667     95.479  1.709E-04  3.734E-06
   18.7833     95.682  1.238E-04  2.540E-06
   18.8000     95.885  8.702E-05  1.594E-06
   18.8167     96.088  5.709E-05  8.452E-07
   18.8333     96.291  3.733E-05  4.090E-07
   18.8500     96.495  2.295E-05  1.562E-07
   18.8667     96.698  1.422E-05  5.531E-08
   18.8833     96.902  8.357E-06  1.793E-08
   18.9000     97.106  4.616E-06  5.155E-09
   18.9167     97.310  2.270E-06  1.213E-09
   18.9333     97.514  9.098E-07  2.239E-10
   18.9500     97.718  2.388E-07  2.574E-11
   18.9667     97.922  2.663E-08  1.032E-12
   18.9833     98.126  1.671E-09  1.621E-14
   19.0000     98.331  3.422E-11  2.399E-17
------------------------------------------------------------
