Spectral Irradiance,W m-2 nm-1
values at z =      0.025 km
Columns: wavelength (nm),times (hrs.) or sza (deg.)
    wc,nm     18.000     18.017     18.033     18.050     18.067     18.083     18.100     18.117     18.133     18.150     18.167     18.183     18.200     18.217     18.233     18.250     18.267     18.283     18.300     18.317     18.333     18.350     18.367     18.383     18.400     18.417     18.433     18.450     18.467     18.483     18.500     18.517     18.533     18.550     18.567     18.583     18.600     18.617     18.633     18.650     18.667     18.683     18.700     18.717     18.733     18.750     18.767     18.783     18.800     18.817     18.833     18.850     18.867     18.883     18.900     18.917     18.933     18.950     18.967     18.983     19.000
    sza =      79.707     79.913     80.119     80.325     80.531     80.737     80.944     81.150     81.357     81.563     81.770     81.976     82.183     82.390     82.597     82.804     83.011     83.219     83.426     83.634     83.841     84.048     84.256     84.464     84.672     84.879     85.087     85.295     85.503     85.711     85.920     86.127     86.336     86.544     86.753     86.961     87.170     87.378     87.587     87.795     88.004     88.213     88.422     88.630     88.839     89.049     89.258     89.467     89.675     89.885     90.094     90.303     90.513     90.722     90.931     91.140     91.350     91.559     91.769     91.978     92.187
  280.5000  7.905E-27  7.781E-27  7.659E-27  7.537E-27  7.416E-27  7.296E-27  7.176E-27  7.057E-27  6.939E-27  6.821E-27  6.704E-27  6.587E-27  6.471E-27  6.355E-27  6.239E-27  6.124E-27  6.009E-27  5.894E-27  5.780E-27  5.665E-27  5.551E-27  5.436E-27  5.322E-27  5.207E-27  5.093E-27  4.978E-27  4.863E-27  4.748E-27  4.632E-27  4.516E-27  4.399E-27  4.282E-27  4.165E-27  4.047E-27  3.928E-27  3.808E-27  3.687E-27  3.567E-27  3.444E-27  3.321E-27  3.198E-27  3.073E-27  2.947E-27  2.822E-27  2.695E-27  2.567E-27  2.439E-27  2.311E-27  2.185E-27  2.060E-27  1.915E-27  1.759E-27  1.624E-27  1.507E-27  1.406E-27  1.259E-27  1.157E-27  1.027E-27  9.219E-28  8.222E-28  7.163E-28
  281.5000  1.939E-24  1.909E-24  1.878E-24  1.848E-24  1.818E-24  1.788E-24  1.759E-24  1.729E-24  1.700E-24  1.671E-24  1.642E-24  1.613E-24  1.585E-24  1.556E-24  1.528E-24  1.499E-24  1.471E-24  1.443E-24  1.415E-24  1.386E-24  1.358E-24  1.330E-24  1.302E-24  1.274E-24  1.246E-24  1.218E-24  1.190E-24  1.161E-24  1.133E-24  1.105E-24  1.076E-24  1.047E-24  1.019E-24  9.898E-25  9.607E-25  9.315E-25  9.021E-25  8.726E-25  8.428E-25  8.128E-25  7.826E-25  7.521E-25  7.215E-25  6.908E-25  6.598E-25  6.287E-25  5.975E-25  5.664E-25  5.356E-25  5.051E-25  4.696E-25  4.314E-25  3.986E-25  3.701E-25  3.453E-25  3.092E-25  2.843E-25  2.523E-25  2.267E-25  2.022E-25  1.762E-25
  282.5000  1.502E-22  1.478E-22  1.454E-22  1.431E-22  1.407E-22  1.384E-22  1.361E-22  1.338E-22  1.315E-22  1.293E-22  1.270E-22  1.247E-22  1.225E-22  1.203E-22  1.181E-22  1.159E-22  1.137E-22  1.115E-22  1.093E-22  1.071E-22  1.049E-22  1.027E-22  1.006E-22  9.838E-23  9.619E-23  9.401E-23  9.184E-23  8.965E-23  8.745E-23  8.526E-23  8.305E-23  8.084E-23  7.862E-23  7.639E-23  7.415E-23  7.189E-23  6.962E-23  6.735E-23  6.505E-23  6.274E-23  6.041E-23  5.807E-23  5.571E-23  5.335E-23  5.096E-23  4.857E-23  4.617E-23  4.377E-23  4.140E-23  3.905E-23  3.631E-23  3.337E-23  3.084E-23  2.865E-23  2.674E-23  2.395E-23  2.203E-23  1.956E-23  1.757E-23  1.568E-23  1.367E-23
  283.5000  2.287E-21  2.250E-21  2.214E-21  2.178E-21  2.142E-21  2.106E-21  2.070E-21  2.035E-21  2.000E-21  1.966E-21  1.931E-21  1.897E-21  1.863E-21  1.829E-21  1.795E-21  1.761E-21  1.727E-21  1.694E-21  1.660E-21  1.627E-21  1.594E-21  1.561E-21  1.527E-21  1.494E-21  1.461E-21  1.428E-21  1.395E-21  1.361E-21  1.328E-21  1.294E-21  1.261E-21  1.227E-21  1.194E-21  1.160E-21  1.126E-21  1.091E-21  1.057E-21  1.022E-21  9.876E-22  9.525E-22  9.172E-22  8.817E-22  8.460E-22  8.101E-22  7.739E-22  7.376E-22  7.013E-22  6.650E-22  6.290E-22  5.935E-22  5.519E-22  5.074E-22  4.690E-22  4.357E-22  4.067E-22  3.644E-22  3.353E-22  2.977E-22  2.676E-22  2.388E-22  2.083E-22
  284.5000  2.009E-19  1.977E-19  1.944E-19  1.912E-19  1.880E-19  1.848E-19  1.816E-19  1.785E-19  1.754E-19  1.723E-19  1.692E-19  1.662E-19  1.632E-19  1.601E-19  1.571E-19  1.542E-19  1.512E-19  1.482E-19  1.453E-19  1.423E-19  1.394E-19  1.365E-19  1.335E-19  1.306E-19  1.277E-19  1.248E-19  1.218E-19  1.189E-19  1.160E-19  1.131E-19  1.101E-19  1.072E-19  1.042E-19  1.013E-19  9.829E-20  9.530E-20  9.229E-20  8.928E-20  8.624E-20  8.318E-20  8.011E-20  7.702E-20  7.390E-20  7.078E-20  6.764E-20  6.448E-20  6.132E-20  5.816E-20  5.503E-20  5.194E-20  4.833E-20  4.444E-20  4.110E-20  3.820E-20  3.568E-20  3.199E-20  2.944E-20  2.616E-20  2.353E-20  2.101E-20  1.833E-20
  285.5000  3.460E-18  3.403E-18  3.346E-18  3.289E-18  3.233E-18  3.178E-18  3.123E-18  3.068E-18  3.014E-18  2.961E-18  2.907E-18  2.854E-18  2.802E-18  2.749E-18  2.697E-18  2.645E-18  2.594E-18  2.542E-18  2.491E-18  2.440E-18  2.389E-18  2.339E-18  2.288E-18  2.238E-18  2.187E-18  2.137E-18  2.087E-18  2.036E-18  1.986E-18  1.935E-18  1.885E-18  1.834E-18  1.784E-18  1.733E-18  1.682E-18  1.630E-18  1.579E-18  1.527E-18  1.475E-18  1.423E-18  1.370E-18  1.318E-18  1.264E-18  1.211E-18  1.158E-18  1.104E-18  1.050E-18  9.958E-19  9.424E-19  8.898E-19  8.280E-19  7.618E-19  7.047E-19  6.553E-19  6.124E-19  5.492E-19  5.057E-19  4.496E-19  4.045E-19  3.614E-19  3.154E-19
  286.5000  1.394E-16  1.370E-16  1.347E-16  1.324E-16  1.301E-16  1.278E-16  1.256E-16  1.234E-16  1.212E-16  1.190E-16  1.168E-16  1.147E-16  1.125E-16  1.104E-16  1.083E-16  1.062E-16  1.041E-16  1.020E-16  9.993E-17  9.787E-17  9.582E-17  9.377E-17  9.172E-17  8.968E-17  8.765E-17  8.562E-17  8.359E-17  8.156E-17  7.953E-17  7.750E-17  7.547E-17  7.344E-17  7.140E-17  6.935E-17  6.730E-17  6.525E-17  6.318E-17  6.111E-17  5.903E-17  5.694E-17  5.483E-17  5.272E-17  5.059E-17  4.846E-17  4.632E-17  4.417E-17  4.201E-17  3.986E-17  3.773E-17  3.563E-17  3.317E-17  3.052E-17  2.824E-17  2.627E-17  2.456E-17  2.203E-17  2.030E-17  1.805E-17  1.625E-17  1.452E-17  1.268E-17
  287.5000  3.139E-15  3.085E-15  3.032E-15  2.979E-15  2.927E-15  2.875E-15  2.824E-15  2.773E-15  2.722E-15  2.673E-15  2.623E-15  2.574E-15  2.525E-15  2.477E-15  2.429E-15  2.381E-15  2.333E-15  2.286E-15  2.239E-15  2.192E-15  2.146E-15  2.099E-15  2.053E-15  2.007E-15  1.961E-15  1.915E-15  1.869E-15  1.824E-15  1.778E-15  1.732E-15  1.686E-15  1.641E-15  1.595E-15  1.549E-15  1.503E-15  1.457E-15  1.411E-15  1.364E-15  1.318E-15  1.271E-15  1.224E-15  1.177E-15  1.129E-15  1.082E-15  1.034E-15  9.861E-16  9.381E-16  8.902E-16  8.428E-16  7.961E-16  7.412E-16  6.823E-16  6.316E-16  5.878E-16  5.497E-16  4.934E-16  4.547E-16  4.046E-16  3.644E-16  3.258E-16  2.847E-16
  288.5000  7.047E-14  6.922E-14  6.799E-14  6.678E-14  6.558E-14  6.439E-14  6.321E-14  6.205E-14  6.089E-14  5.975E-14  5.862E-14  5.750E-14  5.639E-14  5.529E-14  5.419E-14  5.311E-14  5.203E-14  5.096E-14  4.989E-14  4.883E-14  4.778E-14  4.673E-14  4.568E-14  4.464E-14  4.360E-14  4.257E-14  4.154E-14  4.051E-14  3.949E-14  3.846E-14  3.743E-14  3.641E-14  3.538E-14  3.436E-14  3.333E-14  3.230E-14  3.127E-14  3.024E-14  2.920E-14  2.816E-14  2.712E-14  2.607E-14  2.502E-14  2.396E-14  2.291E-14  2.184E-14  2.078E-14  1.973E-14  1.868E-14  1.765E-14  1.644E-14  1.513E-14  1.402E-14  1.305E-14  1.221E-14  1.096E-14  1.011E-14  9.004E-15  8.115E-15  7.237E-15  6.349E-15
  289.5000  1.138E-12  1.117E-12  1.097E-12  1.077E-12  1.057E-12  1.037E-12  1.018E-12  9.988E-13  9.799E-13  9.612E-13  9.427E-13  9.243E-13  9.061E-13  8.880E-13  8.701E-13  8.525E-13  8.348E-13  8.174E-13  8.000E-13  7.827E-13  7.656E-13  7.486E-13  7.316E-13  7.147E-13  6.979E-13  6.812E-13  6.645E-13  6.479E-13  6.312E-13  6.147E-13  5.981E-13  5.816E-13  5.651E-13  5.486E-13  5.320E-13  5.155E-13  4.989E-13  4.824E-13  4.657E-13  4.491E-13  4.324E-13  4.156E-13  3.988E-13  3.820E-13  3.651E-13  3.482E-13  3.313E-13  3.144E-13  2.978E-13  2.813E-13  2.621E-13  2.414E-13  2.236E-13  2.082E-13  1.949E-13  1.751E-13  1.616E-13  1.439E-13  1.298E-13  1.162E-13  1.017E-13
  290.5000  1.134E-11  1.113E-11  1.092E-11  1.071E-11  1.051E-11  1.031E-11  1.012E-11  9.923E-12  9.732E-12  9.542E-12  9.354E-12  9.169E-12  8.985E-12  8.802E-12  8.622E-12  8.444E-12  8.266E-12  8.090E-12  7.916E-12  7.742E-12  7.571E-12  7.399E-12  7.229E-12  7.060E-12  6.892E-12  6.724E-12  6.558E-12  6.392E-12  6.226E-12  6.061E-12  5.896E-12  5.732E-12  5.567E-12  5.403E-12  5.239E-12  5.075E-12  4.911E-12  4.747E-12  4.582E-12  4.417E-12  4.252E-12  4.086E-12  3.921E-12  3.755E-12  3.589E-12  3.422E-12  3.256E-12  3.090E-12  2.927E-12  2.766E-12  2.577E-12  2.373E-12  2.199E-12  2.049E-12  1.918E-12  1.724E-12  1.591E-12  1.418E-12  1.280E-12  1.146E-12  1.003E-12
  291.5000  1.014E-10  9.948E-11  9.756E-11  9.569E-11  9.383E-11  9.200E-11  9.019E-11  8.841E-11  8.664E-11  8.491E-11  8.319E-11  8.150E-11  7.982E-11  7.816E-11  7.651E-11  7.489E-11  7.328E-11  7.168E-11  7.010E-11  6.853E-11  6.698E-11  6.543E-11  6.390E-11  6.238E-11  6.086E-11  5.935E-11  5.786E-11  5.637E-11  5.488E-11  5.340E-11  5.193E-11  5.046E-11  4.900E-11  4.753E-11  4.607E-11  4.461E-11  4.315E-11  4.170E-11  4.024E-11  3.878E-11  3.732E-11  3.586E-11  3.439E-11  3.293E-11  3.146E-11  3.001E-11  2.855E-11  2.709E-11  2.566E-11  2.425E-11  2.259E-11  2.082E-11  1.929E-11  1.798E-11  1.684E-11  1.514E-11  1.398E-11  1.247E-11  1.126E-11  1.009E-11  8.838E-12
  292.5000  5.761E-10  5.647E-10  5.535E-10  5.425E-10  5.316E-10  5.209E-10  5.104E-10  5.000E-10  4.898E-10  4.797E-10  4.697E-10  4.599E-10  4.501E-10  4.405E-10  4.310E-10  4.217E-10  4.124E-10  4.032E-10  3.941E-10  3.850E-10  3.761E-10  3.673E-10  3.585E-10  3.498E-10  3.411E-10  3.325E-10  3.240E-10  3.155E-10  3.071E-10  2.986E-10  2.903E-10  2.820E-10  2.736E-10  2.654E-10  2.571E-10  2.489E-10  2.406E-10  2.324E-10  2.242E-10  2.160E-10  2.078E-10  1.996E-10  1.914E-10  1.832E-10  1.750E-10  1.669E-10  1.587E-10  1.506E-10  1.426E-10  1.348E-10  1.256E-10  1.157E-10  1.073E-10  9.996E-11  9.364E-11  8.423E-11  7.781E-11  6.943E-11  6.272E-11  5.624E-11  4.930E-11
  293.5000  3.772E-09  3.694E-09  3.618E-09  3.544E-09  3.470E-09  3.398E-09  3.327E-09  3.257E-09  3.188E-09  3.120E-09  3.053E-09  2.987E-09  2.921E-09  2.857E-09  2.794E-09  2.731E-09  2.669E-09  2.608E-09  2.548E-09  2.488E-09  2.429E-09  2.370E-09  2.312E-09  2.254E-09  2.197E-09  2.141E-09  2.085E-09  2.029E-09  1.973E-09  1.918E-09  1.864E-09  1.809E-09  1.755E-09  1.701E-09  1.647E-09  1.594E-09  1.540E-09  1.487E-09  1.434E-09  1.381E-09  1.328E-09  1.275E-09  1.222E-09  1.169E-09  1.117E-09  1.064E-09  1.012E-09  9.602E-10  9.091E-10  8.590E-10  8.004E-10  7.374E-10  6.836E-10  6.372E-10  5.970E-10  5.372E-10  4.964E-10  4.431E-10  4.005E-10  3.594E-10  3.152E-10
  294.5000  1.376E-08  1.347E-08  1.319E-08  1.290E-08  1.263E-08  1.235E-08  1.209E-08  1.182E-08  1.157E-08  1.131E-08  1.106E-08  1.082E-08  1.057E-08  1.033E-08  1.010E-08  9.864E-09  9.635E-09  9.408E-09  9.184E-09  8.963E-09  8.745E-09  8.528E-09  8.314E-09  8.103E-09  7.893E-09  7.685E-09  7.480E-09  7.276E-09  7.073E-09  6.872E-09  6.672E-09  6.474E-09  6.277E-09  6.081E-09  5.885E-09  5.691E-09  5.498E-09  5.305E-09  5.113E-09  4.922E-09  4.731E-09  4.540E-09  4.350E-09  4.161E-09  3.972E-09  3.784E-09  3.597E-09  3.412E-09  3.230E-09  3.051E-09  2.842E-09  2.619E-09  2.427E-09  2.263E-09  2.120E-09  1.908E-09  1.764E-09  1.575E-09  1.424E-09  1.278E-09  1.122E-09
  295.5000  7.019E-08  6.863E-08  6.710E-08  6.561E-08  6.414E-08  6.270E-08  6.128E-08  5.989E-08  5.853E-08  5.719E-08  5.588E-08  5.458E-08  5.331E-08  5.205E-08  5.082E-08  4.961E-08  4.841E-08  4.723E-08  4.607E-08  4.492E-08  4.379E-08  4.267E-08  4.157E-08  4.048E-08  3.940E-08  3.833E-08  3.728E-08  3.623E-08  3.520E-08  3.417E-08  3.316E-08  3.215E-08  3.115E-08  3.015E-08  2.917E-08  2.818E-08  2.721E-08  2.624E-08  2.527E-08  2.431E-08  2.335E-08  2.240E-08  2.145E-08  2.051E-08  1.957E-08  1.863E-08  1.770E-08  1.678E-08  1.588E-08  1.500E-08  1.397E-08  1.287E-08  1.192E-08  1.111E-08  1.041E-08  9.374E-09  8.666E-09  7.742E-09  7.003E-09  6.289E-09  5.523E-09
  296.5000  2.244E-07  2.192E-07  2.141E-07  2.092E-07  2.043E-07  1.995E-07  1.948E-07  1.902E-07  1.857E-07  1.813E-07  1.769E-07  1.727E-07  1.685E-07  1.644E-07  1.603E-07  1.564E-07  1.524E-07  1.486E-07  1.448E-07  1.411E-07  1.374E-07  1.338E-07  1.302E-07  1.267E-07  1.232E-07  1.198E-07  1.164E-07  1.130E-07  1.097E-07  1.064E-07  1.032E-07  9.996E-08  9.678E-08  9.362E-08  9.048E-08  8.737E-08  8.428E-08  8.123E-08  7.818E-08  7.515E-08  7.214E-08  6.915E-08  6.618E-08  6.323E-08  6.029E-08  5.738E-08  5.449E-08  5.163E-08  4.883E-08  4.609E-08  4.291E-08  3.952E-08  3.661E-08  3.412E-08  3.197E-08  2.878E-08  2.660E-08  2.377E-08  2.151E-08  1.933E-08  1.698E-08
  297.5000  7.438E-07  7.257E-07  7.080E-07  6.908E-07  6.739E-07  6.574E-07  6.413E-07  6.255E-07  6.100E-07  5.949E-07  5.800E-07  5.654E-07  5.512E-07  5.371E-07  5.234E-07  5.099E-07  4.967E-07  4.836E-07  4.708E-07  4.583E-07  4.459E-07  4.337E-07  4.217E-07  4.099E-07  3.983E-07  3.868E-07  3.755E-07  3.643E-07  3.533E-07  3.424E-07  3.317E-07  3.211E-07  3.106E-07  3.002E-07  2.899E-07  2.797E-07  2.696E-07  2.596E-07  2.496E-07  2.398E-07  2.300E-07  2.203E-07  2.107E-07  2.011E-07  1.917E-07  1.823E-07  1.730E-07  1.638E-07  1.548E-07  1.461E-07  1.359E-07  1.251E-07  1.159E-07  1.080E-07  1.011E-07  9.104E-08  8.416E-08  7.522E-08  6.808E-08  6.117E-08  5.379E-08
  298.5000  1.433E-06  1.397E-06  1.361E-06  1.327E-06  1.293E-06  1.260E-06  1.227E-06  1.196E-06  1.165E-06  1.135E-06  1.105E-06  1.076E-06  1.048E-06  1.020E-06  9.929E-07  9.663E-07  9.402E-07  9.146E-07  8.894E-07  8.647E-07  8.405E-07  8.167E-07  7.933E-07  7.703E-07  7.477E-07  7.254E-07  7.035E-07  6.819E-07  6.607E-07  6.397E-07  6.190E-07  5.987E-07  5.785E-07  5.586E-07  5.389E-07  5.195E-07  5.003E-07  4.813E-07  4.625E-07  4.439E-07  4.254E-07  4.071E-07  3.890E-07  3.711E-07  3.534E-07  3.358E-07  3.185E-07  3.014E-07  2.847E-07  2.684E-07  2.496E-07  2.297E-07  2.126E-07  1.980E-07  1.854E-07  1.668E-07  1.542E-07  1.378E-07  1.248E-07  1.121E-07  9.861E-08
  299.5000  5.132E-06  4.993E-06  4.858E-06  4.727E-06  4.599E-06  4.475E-06  4.354E-06  4.235E-06  4.120E-06  4.008E-06  3.899E-06  3.792E-06  3.687E-06  3.585E-06  3.485E-06  3.387E-06  3.292E-06  3.198E-06  3.106E-06  3.016E-06  2.928E-06  2.842E-06  2.757E-06  2.674E-06  2.592E-06  2.512E-06  2.433E-06  2.355E-06  2.279E-06  2.204E-06  2.130E-06  2.058E-06  1.987E-06  1.916E-06  1.846E-06  1.778E-06  1.710E-06  1.644E-06  1.578E-06  1.513E-06  1.448E-06  1.385E-06  1.322E-06  1.259E-06  1.198E-06  1.138E-06  1.078E-06  1.019E-06  9.620E-07  9.063E-07  8.423E-07  7.745E-07  7.165E-07  6.668E-07  6.241E-07  5.615E-07  5.188E-07  4.637E-07  4.198E-07  3.773E-07  3.404E-07
  300.5000  7.074E-06  6.870E-06  6.673E-06  6.483E-06  6.298E-06  6.118E-06  5.944E-06  5.774E-06  5.610E-06  5.450E-06  5.294E-06  5.142E-06  4.994E-06  4.850E-06  4.709E-06  4.571E-06  4.437E-06  4.305E-06  4.177E-06  4.051E-06  3.928E-06  3.808E-06  3.690E-06  3.574E-06  3.461E-06  3.350E-06  3.241E-06  3.134E-06  3.029E-06  2.926E-06  2.825E-06  2.726E-06  2.628E-06  2.532E-06  2.438E-06  2.344E-06  2.253E-06  2.163E-06  2.074E-06  1.986E-06  1.900E-06  1.814E-06  1.730E-06  1.647E-06  1.566E-06  1.485E-06  1.406E-06  1.328E-06  1.252E-06  1.179E-06  1.095E-06  1.006E-06  9.301E-07  8.650E-07  8.091E-07  7.277E-07  6.721E-07  6.006E-07  5.436E-07  4.886E-07  4.299E-07
  301.5000  2.201E-05  2.131E-05  2.065E-05  2.001E-05  1.939E-05  1.879E-05  1.821E-05  1.766E-05  1.712E-05  1.660E-05  1.609E-05  1.560E-05  1.512E-05  1.466E-05  1.421E-05  1.377E-05  1.334E-05  1.293E-05  1.252E-05  1.212E-05  1.174E-05  1.136E-05  1.099E-05  1.063E-05  1.027E-05  9.929E-06  9.592E-06  9.261E-06  8.937E-06  8.620E-06  8.309E-06  8.005E-06  7.706E-06  7.413E-06  7.125E-06  6.842E-06  6.565E-06  6.293E-06  6.025E-06  5.762E-06  5.503E-06  5.248E-06  4.998E-06  4.753E-06  4.511E-06  4.273E-06  4.040E-06  3.812E-06  3.591E-06  3.377E-06  3.132E-06  2.875E-06  2.655E-06  2.467E-06  2.306E-06  2.072E-06  1.913E-06  1.708E-06  1.546E-06  1.389E-06  1.230E-06
  302.5000  3.772E-05  3.645E-05  3.522E-05  3.405E-05  3.293E-05  3.184E-05  3.080E-05  2.980E-05  2.884E-05  2.791E-05  2.701E-05  2.614E-05  2.530E-05  2.449E-05  2.370E-05  2.294E-05  2.219E-05  2.147E-05  2.077E-05  2.008E-05  1.942E-05  1.877E-05  1.813E-05  1.751E-05  1.691E-05  1.632E-05  1.575E-05  1.519E-05  1.464E-05  1.410E-05  1.357E-05  1.306E-05  1.256E-05  1.206E-05  1.158E-05  1.111E-05  1.064E-05  1.019E-05  9.745E-06  9.308E-06  8.879E-06  8.458E-06  8.045E-06  7.640E-06  7.244E-06  6.854E-06  6.473E-06  6.101E-06  5.741E-06  5.393E-06  4.998E-06  4.584E-06  4.230E-06  3.927E-06  3.667E-06  3.294E-06  3.038E-06  2.713E-06  2.454E-06  2.204E-06  1.940E-06
  303.5000  9.765E-05  9.399E-05  9.049E-05  8.717E-05  8.399E-05  8.096E-05  7.805E-05  7.527E-05  7.261E-05  7.007E-05  6.761E-05  6.526E-05  6.299E-05  6.081E-05  5.870E-05  5.667E-05  5.471E-05  5.281E-05  5.097E-05  4.918E-05  4.746E-05  4.578E-05  4.415E-05  4.256E-05  4.102E-05  3.951E-05  3.805E-05  3.663E-05  3.524E-05  3.388E-05  3.256E-05  3.127E-05  3.001E-05  2.878E-05  2.757E-05  2.640E-05  2.525E-05  2.413E-05  2.303E-05  2.196E-05  2.091E-05  1.988E-05  1.888E-05  1.790E-05  1.694E-05  1.600E-05  1.509E-05  1.418E-05  1.334E-05  1.251E-05  1.158E-05  1.060E-05  9.773E-06  9.061E-06  8.452E-06  7.585E-06  6.989E-06  6.236E-06  5.638E-06  5.062E-06  4.455E-06
  304.5000  1.391E-04  1.335E-04  1.283E-04  1.232E-04  1.184E-04  1.139E-04  1.095E-04  1.054E-04  1.014E-04  9.765E-05  9.403E-05  9.056E-05  8.724E-05  8.404E-05  8.098E-05  7.804E-05  7.520E-05  7.246E-05  6.982E-05  6.727E-05  6.481E-05  6.243E-05  6.011E-05  5.787E-05  5.570E-05  5.358E-05  5.154E-05  4.954E-05  4.760E-05  4.571E-05  4.387E-05  4.208E-05  4.033E-05  3.863E-05  3.696E-05  3.534E-05  3.376E-05  3.222E-05  3.072E-05  2.925E-05  2.782E-05  2.642E-05  2.505E-05  2.372E-05  2.242E-05  2.115E-05  1.992E-05  1.872E-05  1.757E-05  1.646E-05  1.522E-05  1.393E-05  1.282E-05  1.188E-05  1.107E-05  9.925E-06  9.138E-06  8.149E-06  7.364E-06  6.608E-06  5.814E-06
  305.5000  2.857E-04  2.732E-04  2.614E-04  2.501E-04  2.394E-04  2.292E-04  2.196E-04  2.103E-04  2.016E-04  1.933E-04  1.853E-04  1.778E-04  1.705E-04  1.636E-04  1.571E-04  1.508E-04  1.448E-04  1.390E-04  1.335E-04  1.282E-04  1.231E-04  1.182E-04  1.135E-04  1.090E-04  1.046E-04  1.003E-04  9.623E-05  9.226E-05  8.842E-05  8.470E-05  8.109E-05  7.759E-05  7.419E-05  7.088E-05  6.767E-05  6.455E-05  6.152E-05  5.857E-05  5.570E-05  5.291E-05  5.020E-05  4.756E-05  4.499E-05  4.250E-05  4.008E-05  3.773E-05  3.545E-05  3.325E-05  3.113E-05  2.910E-05  2.686E-05  2.453E-05  2.254E-05  2.084E-05  1.939E-05  1.736E-05  1.596E-05  1.422E-05  1.283E-05  1.151E-05  1.012E-05
  306.5000  3.666E-04  3.500E-04  3.343E-04  3.194E-04  3.052E-04  2.917E-04  2.788E-04  2.666E-04  2.550E-04  2.440E-04  2.335E-04  2.235E-04  2.140E-04  2.049E-04  1.963E-04  1.881E-04  1.802E-04  1.727E-04  1.656E-04  1.587E-04  1.521E-04  1.458E-04  1.398E-04  1.340E-04  1.284E-04  1.230E-04  1.178E-04  1.128E-04  1.080E-04  1.033E-04  9.875E-05  9.437E-05  9.012E-05  8.601E-05  8.201E-05  7.813E-05  7.437E-05  7.073E-05  6.718E-05  6.374E-05  6.040E-05  5.716E-05  5.401E-05  5.096E-05  4.800E-05  4.513E-05  4.235E-05  3.965E-05  3.710E-05  3.465E-05  3.193E-05  2.915E-05  2.675E-05  2.471E-05  2.297E-05  2.055E-05  1.888E-05  1.681E-05  1.516E-05  1.358E-05  1.194E-05
  307.5000  8.213E-04  7.827E-04  7.458E-04  7.108E-04  6.772E-04  6.453E-04  6.149E-04  5.859E-04  5.584E-04  5.322E-04  5.073E-04  4.836E-04  4.610E-04  4.396E-04  4.193E-04  4.000E-04  3.815E-04  3.640E-04  3.474E-04  3.315E-04  3.164E-04  3.020E-04  2.883E-04  2.751E-04  2.626E-04  2.506E-04  2.391E-04  2.281E-04  2.175E-04  2.074E-04  1.976E-04  1.882E-04  1.792E-04  1.705E-04  1.620E-04  1.539E-04  1.461E-04  1.385E-04  1.312E-04  1.241E-04  1.172E-04  1.106E-04  1.042E-04  9.802E-05  9.205E-05  8.629E-05  8.074E-05  7.542E-05  7.034E-05  6.550E-05  6.023E-05  5.482E-05  5.020E-05  4.626E-05  4.290E-05  3.830E-05  3.512E-05  3.121E-05  2.811E-05  2.515E-05  2.208E-05
  308.5000  1.101E-03  1.049E-03  9.991E-04  9.516E-04  9.062E-04  8.627E-04  8.214E-04  7.819E-04  7.443E-04  7.086E-04  6.745E-04  6.421E-04  6.113E-04  5.819E-04  5.541E-04  5.276E-04  5.025E-04  4.785E-04  4.558E-04  4.342E-04  4.136E-04  3.941E-04  3.754E-04  3.577E-04  3.407E-04  3.246E-04  3.092E-04  2.944E-04  2.803E-04  2.668E-04  2.538E-04  2.414E-04  2.295E-04  2.180E-04  2.069E-04  1.963E-04  1.860E-04  1.761E-04  1.666E-04  1.574E-04  1.485E-04  1.399E-04  1.317E-04  1.237E-04  1.160E-04  1.086E-04  1.015E-04  9.469E-05  8.819E-05  8.202E-05  7.534E-05  6.849E-05  6.263E-05  5.765E-05  5.340E-05  4.763E-05  4.363E-05  3.874E-05  3.487E-05  3.117E-05  2.735E-05
  309.5000  1.356E-03  1.292E-03  1.231E-03  1.172E-03  1.116E-03  1.062E-03  1.010E-03  9.605E-04  9.132E-04  8.682E-04  8.250E-04  7.839E-04  7.446E-04  7.072E-04  6.717E-04  6.379E-04  6.057E-04  5.750E-04  5.459E-04  5.182E-04  4.920E-04  4.671E-04  4.433E-04  4.208E-04  3.994E-04  3.790E-04  3.597E-04  3.413E-04  3.237E-04  3.070E-04  2.911E-04  2.759E-04  2.613E-04  2.474E-04  2.341E-04  2.214E-04  2.092E-04  1.975E-04  1.862E-04  1.754E-04  1.651E-04  1.551E-04  1.455E-04  1.363E-04  1.275E-04  1.190E-04  1.109E-04  1.032E-04  9.584E-05  8.889E-05  8.144E-05  7.384E-05  6.736E-05  6.184E-05  5.714E-05  5.087E-05  4.649E-05  4.120E-05  3.702E-05  3.304E-05  2.896E-05
  310.5000  2.379E-03  2.269E-03  2.163E-03  2.062E-03  1.964E-03  1.869E-03  1.779E-03  1.692E-03  1.608E-03  1.529E-03  1.452E-03  1.379E-03  1.309E-03  1.242E-03  1.178E-03  1.117E-03  1.059E-03  1.004E-03  9.511E-04  9.010E-04  8.536E-04  8.083E-04  7.653E-04  7.245E-04  6.858E-04  6.490E-04  6.141E-04  5.810E-04  5.495E-04  5.195E-04  4.911E-04  4.641E-04  4.384E-04  4.139E-04  3.905E-04  3.682E-04  3.470E-04  3.267E-04  3.073E-04  2.887E-04  2.710E-04  2.540E-04  2.377E-04  2.222E-04  2.073E-04  1.931E-04  1.794E-04  1.666E-04  1.543E-04  1.428E-04  1.305E-04  1.181E-04  1.075E-04  9.844E-05  9.077E-05  8.064E-05  7.355E-05  6.507E-05  5.837E-05  5.201E-05  4.553E-05
  311.5000  3.637E-03  3.472E-03  3.313E-03  3.160E-03  3.012E-03  2.869E-03  2.731E-03  2.599E-03  2.472E-03  2.350E-03  2.232E-03  2.119E-03  2.011E-03  1.908E-03  1.809E-03  1.715E-03  1.624E-03  1.538E-03  1.456E-03  1.378E-03  1.304E-03  1.233E-03  1.166E-03  1.102E-03  1.041E-03  9.831E-04  9.285E-04  8.766E-04  8.273E-04  7.806E-04  7.362E-04  6.943E-04  6.543E-04  6.164E-04  5.803E-04  5.460E-04  5.134E-04  4.824E-04  4.528E-04  4.246E-04  3.977E-04  3.721E-04  3.476E-04  3.243E-04  3.020E-04  2.807E-04  2.605E-04  2.413E-04  2.232E-04  2.061E-04  1.881E-04  1.699E-04  1.543E-04  1.411E-04  1.299E-04  1.152E-04  1.049E-04  9.267E-05  8.303E-05  7.388E-05  6.461E-05
  312.5000  4.907E-03  4.697E-03  4.493E-03  4.296E-03  4.104E-03  3.918E-03  3.737E-03  3.563E-03  3.394E-03  3.232E-03  3.074E-03  2.923E-03  2.776E-03  2.636E-03  2.501E-03  2.371E-03  2.246E-03  2.127E-03  2.012E-03  1.902E-03  1.798E-03  1.698E-03  1.602E-03  1.511E-03  1.425E-03  1.342E-03  1.264E-03  1.189E-03  1.119E-03  1.052E-03  9.882E-04  9.281E-04  8.710E-04  8.170E-04  7.659E-04  7.174E-04  6.716E-04  6.282E-04  5.871E-04  5.481E-04  5.111E-04  4.761E-04  4.429E-04  4.114E-04  3.816E-04  3.532E-04  3.265E-04  3.012E-04  2.774E-04  2.552E-04  2.319E-04  2.086E-04  1.888E-04  1.719E-04  1.576E-04  1.393E-04  1.264E-04  1.113E-04  9.937E-05  8.815E-05  7.688E-05
  313.5000  6.012E-03  5.759E-03  5.512E-03  5.273E-03  5.041E-03  4.815E-03  4.596E-03  4.384E-03  4.179E-03  3.981E-03  3.789E-03  3.604E-03  3.425E-03  3.253E-03  3.087E-03  2.927E-03  2.774E-03  2.627E-03  2.485E-03  2.350E-03  2.221E-03  2.097E-03  1.979E-03  1.866E-03  1.758E-03  1.656E-03  1.559E-03  1.466E-03  1.378E-03  1.295E-03  1.216E-03  1.141E-03  1.070E-03  1.002E-03  9.387E-04  8.785E-04  8.215E-04  7.677E-04  7.167E-04  6.684E-04  6.227E-04  5.794E-04  5.385E-04  4.998E-04  4.630E-04  4.283E-04  3.954E-04  3.644E-04  3.354E-04  3.082E-04  2.798E-04  2.515E-04  2.273E-04  2.068E-04  1.894E-04  1.673E-04  1.516E-04  1.334E-04  1.190E-04  1.055E-04  9.191E-05
  314.5000  8.045E-03  7.730E-03  7.423E-03  7.123E-03  6.830E-03  6.544E-03  6.265E-03  5.993E-03  5.729E-03  5.472E-03  5.223E-03  4.980E-03  4.745E-03  4.516E-03  4.296E-03  4.082E-03  3.876E-03  3.676E-03  3.484E-03  3.298E-03  3.120E-03  2.948E-03  2.783E-03  2.625E-03  2.473E-03  2.328E-03  2.190E-03  2.058E-03  1.931E-03  1.811E-03  1.697E-03  1.588E-03  1.485E-03  1.387E-03  1.295E-03  1.207E-03  1.124E-03  1.046E-03  9.724E-04  9.027E-04  8.370E-04  7.752E-04  7.169E-04  6.621E-04  6.105E-04  5.619E-04  5.163E-04  4.735E-04  4.337E-04  3.966E-04  3.585E-04  3.207E-04  2.885E-04  2.612E-04  2.381E-04  2.093E-04  1.888E-04  1.654E-04  1.470E-04  1.298E-04  1.127E-04
  315.5000  8.717E-03  8.380E-03  8.051E-03  7.730E-03  7.416E-03  7.109E-03  6.810E-03  6.518E-03  6.234E-03  5.958E-03  5.689E-03  5.427E-03  5.173E-03  4.927E-03  4.688E-03  4.457E-03  4.234E-03  4.017E-03  3.808E-03  3.607E-03  3.413E-03  3.226E-03  3.047E-03  2.874E-03  2.709E-03  2.550E-03  2.399E-03  2.254E-03  2.116E-03  1.984E-03  1.859E-03  1.740E-03  1.626E-03  1.519E-03  1.417E-03  1.321E-03  1.230E-03  1.144E-03  1.062E-03  9.859E-04  9.137E-04  8.456E-04  7.816E-04  7.215E-04  6.648E-04  6.116E-04  5.616E-04  5.148E-04  4.712E-04  4.307E-04  3.890E-04  3.478E-04  3.127E-04  2.829E-04  2.577E-04  2.264E-04  2.041E-04  1.787E-04  1.587E-04  1.399E-04  1.214E-04
  316.5000  1.097E-02  1.058E-02  1.019E-02  9.813E-03  9.442E-03  9.079E-03  8.723E-03  8.375E-03  8.034E-03  7.702E-03  7.376E-03  7.058E-03  6.748E-03  6.446E-03  6.151E-03  5.865E-03  5.586E-03  5.315E-03  5.052E-03  4.797E-03  4.550E-03  4.311E-03  4.079E-03  3.856E-03  3.640E-03  3.433E-03  3.233E-03  3.041E-03  2.857E-03  2.681E-03  2.512E-03  2.351E-03  2.197E-03  2.050E-03  1.910E-03  1.778E-03  1.652E-03  1.533E-03  1.421E-03  1.314E-03  1.214E-03  1.120E-03  1.031E-03  9.480E-04  8.699E-04  7.968E-04  7.285E-04  6.647E-04  6.057E-04  5.510E-04  4.954E-04  4.409E-04  3.945E-04  3.553E-04  3.221E-04  2.816E-04  2.527E-04  2.201E-04  1.946E-04  1.709E-04  1.477E-04
  317.5000  1.552E-02  1.496E-02  1.442E-02  1.388E-02  1.336E-02  1.284E-02  1.234E-02  1.185E-02  1.136E-02  1.089E-02  1.043E-02  9.983E-03  9.544E-03  9.116E-03  8.699E-03  8.294E-03  7.900E-03  7.516E-03  7.144E-03  6.782E-03  6.433E-03  6.095E-03  5.767E-03  5.451E-03  5.146E-03  4.853E-03  4.571E-03  4.299E-03  4.039E-03  3.789E-03  3.550E-03  3.323E-03  3.105E-03  2.897E-03  2.700E-03  2.513E-03  2.335E-03  2.167E-03  2.008E-03  1.858E-03  1.717E-03  1.584E-03  1.458E-03  1.341E-03  1.231E-03  1.128E-03  1.031E-03  9.410E-04  8.576E-04  7.804E-04  7.018E-04  6.246E-04  5.590E-04  5.035E-04  4.566E-04  3.993E-04  3.583E-04  3.122E-04  2.761E-04  2.424E-04  2.095E-04
  318.5000  1.519E-02  1.469E-02  1.420E-02  1.372E-02  1.324E-02  1.277E-02  1.231E-02  1.186E-02  1.141E-02  1.098E-02  1.055E-02  1.013E-02  9.714E-03  9.310E-03  8.915E-03  8.530E-03  8.152E-03  7.783E-03  7.422E-03  7.071E-03  6.730E-03  6.397E-03  6.073E-03  5.758E-03  5.452E-03  5.156E-03  4.871E-03  4.593E-03  4.326E-03  4.068E-03  3.819E-03  3.580E-03  3.351E-03  3.131E-03  2.920E-03  2.719E-03  2.527E-03  2.345E-03  2.172E-03  2.008E-03  1.852E-03  1.705E-03  1.566E-03  1.437E-03  1.314E-03  1.200E-03  1.093E-03  9.936E-04  9.016E-04  8.167E-04  7.310E-04  6.475E-04  5.767E-04  5.168E-04  4.663E-04  4.055E-04  3.620E-04  3.137E-04  2.760E-04  2.410E-04  2.072E-04
  319.5000  1.933E-02  1.870E-02  1.809E-02  1.748E-02  1.689E-02  1.630E-02  1.572E-02  1.515E-02  1.459E-02  1.404E-02  1.350E-02  1.297E-02  1.245E-02  1.194E-02  1.145E-02  1.096E-02  1.048E-02  1.001E-02  9.556E-03  9.111E-03  8.677E-03  8.254E-03  7.842E-03  7.441E-03  7.051E-03  6.673E-03  6.308E-03  5.953E-03  5.610E-03  5.278E-03  4.959E-03  4.652E-03  4.356E-03  4.073E-03  3.801E-03  3.540E-03  3.292E-03  3.056E-03  2.830E-03  2.617E-03  2.414E-03  2.223E-03  2.042E-03  1.872E-03  1.713E-03  1.563E-03  1.424E-03  1.293E-03  1.173E-03  1.062E-03  9.502E-04  8.411E-04  7.485E-04  6.703E-04  6.044E-04  5.251E-04  4.684E-04  4.056E-04  3.564E-04  3.110E-04  2.671E-04
  320.5000  2.475E-02  2.397E-02  2.319E-02  2.243E-02  2.168E-02  2.094E-02  2.022E-02  1.950E-02  1.880E-02  1.810E-02  1.742E-02  1.675E-02  1.610E-02  1.545E-02  1.482E-02  1.420E-02  1.359E-02  1.300E-02  1.242E-02  1.185E-02  1.130E-02  1.076E-02  1.023E-02  9.714E-03  9.213E-03  8.727E-03  8.257E-03  7.799E-03  7.356E-03  6.927E-03  6.513E-03  6.114E-03  5.730E-03  5.360E-03  5.004E-03  4.664E-03  4.339E-03  4.029E-03  3.733E-03  3.451E-03  3.184E-03  2.932E-03  2.693E-03  2.469E-03  2.257E-03  2.059E-03  1.874E-03  1.701E-03  1.542E-03  1.395E-03  1.246E-03  1.102E-03  9.794E-04  8.759E-04  7.888E-04  6.844E-04  6.096E-04  5.270E-04  4.625E-04  4.030E-04  3.456E-04
  321.5000  2.576E-02  2.502E-02  2.429E-02  2.357E-02  2.286E-02  2.216E-02  2.146E-02  2.077E-02  2.009E-02  1.943E-02  1.876E-02  1.811E-02  1.747E-02  1.684E-02  1.621E-02  1.560E-02  1.500E-02  1.440E-02  1.382E-02  1.324E-02  1.268E-02  1.213E-02  1.158E-02  1.105E-02  1.053E-02  1.002E-02  9.528E-03  9.043E-03  8.569E-03  8.108E-03  7.659E-03  7.223E-03  6.800E-03  6.389E-03  5.992E-03  5.608E-03  5.237E-03  4.881E-03  4.538E-03  4.210E-03  3.895E-03  3.595E-03  3.309E-03  3.038E-03  2.781E-03  2.538E-03  2.310E-03  2.096E-03  1.898E-03  1.714E-03  1.528E-03  1.347E-03  1.193E-03  1.064E-03  9.541E-04  8.238E-04  7.304E-04  6.280E-04  5.482E-04  4.747E-04  4.046E-04
  322.5000  2.217E-02  2.148E-02  2.080E-02  2.013E-02  1.947E-02  1.882E-02  1.818E-02  1.755E-02  1.693E-02  1.632E-02  1.571E-02  1.512E-02  1.454E-02  1.397E-02  1.341E-02  1.286E-02  1.232E-02  1.179E-02  1.127E-02  1.077E-02  1.027E-02  9.788E-03  9.316E-03  8.855E-03  8.406E-03  7.969E-03  7.546E-03  7.133E-03  6.733E-03  6.346E-03  5.971E-03  5.610E-03  5.261E-03  4.924E-03  4.601E-03  4.291E-03  3.993E-03  3.710E-03  3.439E-03  3.180E-03  2.935E-03  2.702E-03  2.482E-03  2.275E-03  2.080E-03  1.897E-03  1.726E-03  1.566E-03  1.419E-03  1.283E-03  1.145E-03  1.012E-03  8.985E-04  8.029E-04  7.224E-04  6.261E-04  5.572E-04  4.811E-04  4.218E-04  3.670E-04  3.144E-04
  323.5000  2.927E-02  2.848E-02  2.769E-02  2.691E-02  2.613E-02  2.537E-02  2.461E-02  2.386E-02  2.312E-02  2.239E-02  2.166E-02  2.095E-02  2.024E-02  1.954E-02  1.885E-02  1.818E-02  1.751E-02  1.685E-02  1.620E-02  1.556E-02  1.493E-02  1.431E-02  1.370E-02  1.310E-02  1.252E-02  1.194E-02  1.138E-02  1.082E-02  1.028E-02  9.755E-03  9.238E-03  8.736E-03  8.245E-03  7.767E-03  7.303E-03  6.853E-03  6.416E-03  5.996E-03  5.588E-03  5.196E-03  4.819E-03  4.457E-03  4.111E-03  3.781E-03  3.467E-03  3.169E-03  2.888E-03  2.624E-03  2.377E-03  2.148E-03  1.915E-03  1.687E-03  1.494E-03  1.330E-03  1.193E-03  1.028E-03  9.099E-04  7.805E-04  6.798E-04  5.872E-04  4.989E-04
  324.5000  3.405E-02  3.311E-02  3.219E-02  3.127E-02  3.037E-02  2.947E-02  2.859E-02  2.771E-02  2.684E-02  2.599E-02  2.515E-02  2.431E-02  2.348E-02  2.267E-02  2.187E-02  2.108E-02  2.030E-02  1.953E-02  1.877E-02  1.802E-02  1.729E-02  1.657E-02  1.586E-02  1.516E-02  1.448E-02  1.381E-02  1.315E-02  1.251E-02  1.188E-02  1.127E-02  1.067E-02  1.008E-02  9.515E-03  8.961E-03  8.422E-03  7.901E-03  7.395E-03  6.908E-03  6.437E-03  5.983E-03  5.547E-03  5.129E-03  4.730E-03  4.350E-03  3.988E-03  3.645E-03  3.321E-03  3.017E-03  2.733E-03  2.469E-03  2.201E-03  1.940E-03  1.718E-03  1.531E-03  1.372E-03  1.183E-03  1.048E-03  8.993E-04  7.837E-04  6.772E-04  5.757E-04
  325.5000  3.696E-02  3.593E-02  3.491E-02  3.390E-02  3.290E-02  3.191E-02  3.093E-02  2.996E-02  2.901E-02  2.807E-02  2.714E-02  2.622E-02  2.531E-02  2.441E-02  2.353E-02  2.266E-02  2.181E-02  2.096E-02  2.013E-02  1.932E-02  1.852E-02  1.773E-02  1.695E-02  1.619E-02  1.545E-02  1.472E-02  1.401E-02  1.331E-02  1.263E-02  1.196E-02  1.131E-02  1.068E-02  1.007E-02  9.470E-03  8.891E-03  8.331E-03  7.789E-03  7.268E-03  6.765E-03  6.281E-03  5.817E-03  5.373E-03  4.949E-03  4.547E-03  4.165E-03  3.803E-03  3.462E-03  3.143E-03  2.846E-03  2.570E-03  2.290E-03  2.018E-03  1.787E-03  1.592E-03  1.427E-03  1.231E-03  1.090E-03  9.362E-04  8.162E-04  7.058E-04  6.005E-04
  326.5000  5.294E-02  5.161E-02  5.028E-02  4.897E-02  4.766E-02  4.637E-02  4.509E-02  4.382E-02  4.256E-02  4.132E-02  4.008E-02  3.886E-02  3.765E-02  3.646E-02  3.527E-02  3.411E-02  3.295E-02  3.181E-02  3.068E-02  2.956E-02  2.846E-02  2.738E-02  2.630E-02  2.525E-02  2.421E-02  2.318E-02  2.217E-02  2.118E-02  2.020E-02  1.925E-02  1.831E-02  1.739E-02  1.648E-02  1.560E-02  1.474E-02  1.389E-02  1.307E-02  1.227E-02  1.149E-02  1.074E-02  1.001E-02  9.301E-03  8.620E-03  7.966E-03  7.337E-03  6.736E-03  6.164E-03  5.622E-03  5.112E-03  4.635E-03  4.141E-03  3.654E-03  3.241E-03  2.892E-03  2.597E-03  2.237E-03  1.981E-03  1.697E-03  1.477E-03  1.273E-03  1.078E-03
  327.5000  4.672E-02  4.550E-02  4.429E-02  4.309E-02  4.190E-02  4.072E-02  3.956E-02  3.840E-02  3.726E-02  3.613E-02  3.501E-02  3.390E-02  3.281E-02  3.173E-02  3.066E-02  2.960E-02  2.856E-02  2.753E-02  2.652E-02  2.551E-02  2.453E-02  2.355E-02  2.260E-02  2.165E-02  2.072E-02  1.981E-02  1.892E-02  1.804E-02  1.717E-02  1.633E-02  1.550E-02  1.469E-02  1.390E-02  1.312E-02  1.237E-02  1.164E-02  1.092E-02  1.023E-02  9.561E-03  8.912E-03  8.286E-03  7.682E-03  7.103E-03  6.549E-03  6.018E-03  5.513E-03  5.034E-03  4.582E-03  4.158E-03  3.763E-03  3.358E-03  2.960E-03  2.623E-03  2.338E-03  2.097E-03  1.807E-03  1.600E-03  1.371E-03  1.193E-03  1.029E-03  8.727E-04
  328.5000  4.325E-02  4.212E-02  4.100E-02  3.989E-02  3.879E-02  3.770E-02  3.662E-02  3.555E-02  3.449E-02  3.345E-02  3.241E-02  3.139E-02  3.038E-02  2.938E-02  2.839E-02  2.741E-02  2.645E-02  2.549E-02  2.455E-02  2.363E-02  2.271E-02  2.181E-02  2.092E-02  2.005E-02  1.919E-02  1.835E-02  1.752E-02  1.670E-02  1.590E-02  1.512E-02  1.435E-02  1.360E-02  1.287E-02  1.215E-02  1.145E-02  1.077E-02  1.011E-02  9.472E-03  8.850E-03  8.248E-03  7.668E-03  7.109E-03  6.571E-03  6.058E-03  5.566E-03  5.098E-03  4.654E-03  4.234E-03  3.842E-03  3.476E-03  3.100E-03  2.732E-03  2.420E-03  2.156E-03  1.934E-03  1.665E-03  1.473E-03  1.262E-03  1.098E-03  9.467E-04  8.025E-04
  329.5000  6.353E-02  6.200E-02  6.048E-02  5.897E-02  5.748E-02  5.599E-02  5.452E-02  5.306E-02  5.161E-02  5.018E-02  4.875E-02  4.734E-02  4.594E-02  4.456E-02  4.318E-02  4.183E-02  4.048E-02  3.915E-02  3.784E-02  3.653E-02  3.525E-02  3.397E-02  3.271E-02  3.147E-02  3.024E-02  2.903E-02  2.784E-02  2.666E-02  2.550E-02  2.435E-02  2.323E-02  2.213E-02  2.104E-02  1.997E-02  1.892E-02  1.790E-02  1.689E-02  1.592E-02  1.496E-02  1.402E-02  1.312E-02  1.223E-02  1.138E-02  1.055E-02  9.757E-03  8.990E-03  8.256E-03  7.557E-03  6.895E-03  6.273E-03  5.620E-03  4.969E-03  4.419E-03  3.954E-03  3.561E-03  3.070E-03  2.725E-03  2.334E-03  2.033E-03  1.752E-03  1.483E-03
  330.5000  5.488E-02  5.351E-02  5.215E-02  5.081E-02  4.947E-02  4.814E-02  4.683E-02  4.553E-02  4.424E-02  4.296E-02  4.169E-02  4.044E-02  3.920E-02  3.797E-02  3.675E-02  3.555E-02  3.436E-02  3.319E-02  3.203E-02  3.088E-02  2.974E-02  2.862E-02  2.752E-02  2.643E-02  2.535E-02  2.429E-02  2.325E-02  2.223E-02  2.122E-02  2.022E-02  1.925E-02  1.829E-02  1.736E-02  1.644E-02  1.554E-02  1.466E-02  1.380E-02  1.297E-02  1.216E-02  1.137E-02  1.060E-02  9.863E-03  9.148E-03  8.461E-03  7.799E-03  7.166E-03  6.562E-03  5.988E-03  5.449E-03  4.943E-03  4.419E-03  3.900E-03  3.461E-03  3.089E-03  2.776E-03  2.391E-03  2.118E-03  1.814E-03  1.578E-03  1.360E-03  1.151E-03
  331.5000  5.370E-02  5.235E-02  5.101E-02  4.969E-02  4.837E-02  4.706E-02  4.577E-02  4.449E-02  4.321E-02  4.196E-02  4.071E-02  3.948E-02  3.826E-02  3.705E-02  3.585E-02  3.467E-02  3.350E-02  3.235E-02  3.120E-02  3.007E-02  2.896E-02  2.786E-02  2.678E-02  2.571E-02  2.465E-02  2.361E-02  2.259E-02  2.159E-02  2.060E-02  1.962E-02  1.867E-02  1.774E-02  1.682E-02  1.592E-02  1.504E-02  1.419E-02  1.335E-02  1.254E-02  1.174E-02  1.097E-02  1.023E-02  9.509E-03  8.814E-03  8.146E-03  7.504E-03  6.890E-03  6.305E-03  5.750E-03  5.229E-03  4.741E-03  4.235E-03  3.736E-03  3.313E-03  2.956E-03  2.654E-03  2.285E-03  2.024E-03  1.733E-03  1.507E-03  1.298E-03  1.099E-03
  332.5000  5.789E-02  5.652E-02  5.516E-02  5.382E-02  5.248E-02  5.115E-02  4.983E-02  4.852E-02  4.722E-02  4.594E-02  4.466E-02  4.339E-02  4.214E-02  4.089E-02  3.966E-02  3.844E-02  3.723E-02  3.604E-02  3.485E-02  3.368E-02  3.252E-02  3.137E-02  3.023E-02  2.911E-02  2.800E-02  2.690E-02  2.582E-02  2.476E-02  2.370E-02  2.266E-02  2.164E-02  2.064E-02  1.965E-02  1.867E-02  1.772E-02  1.678E-02  1.586E-02  1.496E-02  1.408E-02  1.322E-02  1.238E-02  1.157E-02  1.078E-02  1.001E-02  9.270E-03  8.555E-03  7.869E-03  7.214E-03  6.593E-03  6.007E-03  5.389E-03  4.773E-03  4.247E-03  3.805E-03  3.432E-03  2.960E-03  2.630E-03  2.254E-03  1.964E-03  1.694E-03  1.433E-03
  333.5000  5.238E-02  5.110E-02  4.984E-02  4.859E-02  4.734E-02  4.611E-02  4.489E-02  4.367E-02  4.247E-02  4.128E-02  4.010E-02  3.893E-02  3.777E-02  3.662E-02  3.548E-02  3.436E-02  3.324E-02  3.214E-02  3.105E-02  2.997E-02  2.890E-02  2.785E-02  2.681E-02  2.578E-02  2.476E-02  2.376E-02  2.277E-02  2.180E-02  2.084E-02  1.989E-02  1.897E-02  1.805E-02  1.716E-02  1.628E-02  1.542E-02  1.457E-02  1.374E-02  1.294E-02  1.215E-02  1.139E-02  1.064E-02  9.917E-03  9.217E-03  8.542E-03  7.890E-03  7.264E-03  6.665E-03  6.094E-03  5.556E-03  5.050E-03  4.520E-03  3.994E-03  3.549E-03  3.172E-03  2.854E-03  2.459E-03  2.181E-03  1.868E-03  1.626E-03  1.401E-03  1.185E-03
  334.5000  5.974E-02  5.831E-02  5.688E-02  5.548E-02  5.407E-02  5.268E-02  5.131E-02  4.994E-02  4.858E-02  4.724E-02  4.591E-02  4.459E-02  4.328E-02  4.198E-02  4.070E-02  3.943E-02  3.817E-02  3.692E-02  3.569E-02  3.447E-02  3.326E-02  3.207E-02  3.089E-02  2.972E-02  2.857E-02  2.743E-02  2.631E-02  2.521E-02  2.411E-02  2.304E-02  2.198E-02  2.094E-02  1.992E-02  1.892E-02  1.793E-02  1.696E-02  1.602E-02  1.509E-02  1.419E-02  1.331E-02  1.245E-02  1.162E-02  1.081E-02  1.003E-02  9.274E-03  8.548E-03  7.852E-03  7.188E-03  6.560E-03  5.969E-03  5.348E-03  4.741E-03  4.205E-03  3.762E-03  3.388E-03  2.920E-03  2.592E-03  2.220E-03  1.933E-03  1.665E-03  1.408E-03
  335.5000  6.325E-02  6.178E-02  6.032E-02  5.887E-02  5.743E-02  5.600E-02  5.458E-02  5.317E-02  5.178E-02  5.039E-02  4.902E-02  4.766E-02  4.630E-02  4.496E-02  4.364E-02  4.232E-02  4.102E-02  3.972E-02  3.844E-02  3.718E-02  3.592E-02  3.468E-02  3.345E-02  3.223E-02  3.103E-02  2.984E-02  2.867E-02  2.751E-02  2.637E-02  2.524E-02  2.412E-02  2.303E-02  2.195E-02  2.088E-02  1.984E-02  1.881E-02  1.780E-02  1.681E-02  1.585E-02  1.490E-02  1.398E-02  1.307E-02  1.220E-02  1.135E-02  1.052E-02  9.728E-03  8.962E-03  8.229E-03  7.532E-03  6.874E-03  6.174E-03  5.467E-03  4.878E-03  4.376E-03  3.953E-03  3.412E-03  3.035E-03  2.602E-03  2.270E-03  1.958E-03  1.656E-03
  336.5000  4.887E-02  4.772E-02  4.658E-02  4.545E-02  4.433E-02  4.321E-02  4.211E-02  4.101E-02  3.992E-02  3.885E-02  3.778E-02  3.672E-02  3.566E-02  3.462E-02  3.359E-02  3.256E-02  3.155E-02  3.054E-02  2.955E-02  2.856E-02  2.759E-02  2.663E-02  2.567E-02  2.473E-02  2.379E-02  2.287E-02  2.196E-02  2.106E-02  2.018E-02  1.930E-02  1.844E-02  1.759E-02  1.676E-02  1.593E-02  1.513E-02  1.433E-02  1.355E-02  1.279E-02  1.205E-02  1.132E-02  1.061E-02  9.917E-03  9.244E-03  8.593E-03  7.961E-03  7.352E-03  6.767E-03  6.207E-03  5.676E-03  5.174E-03  4.644E-03  4.110E-03  3.662E-03  3.282E-03  2.962E-03  2.555E-03  2.271E-03  1.946E-03  1.696E-03  1.462E-03  1.236E-03
  337.5000  5.209E-02  5.084E-02  4.960E-02  4.837E-02  4.715E-02  4.593E-02  4.473E-02  4.354E-02  4.236E-02  4.119E-02  4.003E-02  3.887E-02  3.773E-02  3.660E-02  3.548E-02  3.438E-02  3.328E-02  3.219E-02  3.111E-02  3.005E-02  2.900E-02  2.796E-02  2.693E-02  2.591E-02  2.491E-02  2.391E-02  2.294E-02  2.197E-02  2.102E-02  2.008E-02  1.916E-02  1.826E-02  1.736E-02  1.649E-02  1.563E-02  1.478E-02  1.396E-02  1.315E-02  1.237E-02  1.160E-02  1.085E-02  1.012E-02  9.416E-03  8.736E-03  8.077E-03  7.443E-03  6.836E-03  6.257E-03  5.709E-03  5.194E-03  4.652E-03  4.113E-03  3.656E-03  3.270E-03  2.944E-03  2.537E-03  2.251E-03  1.927E-03  1.677E-03  1.445E-03  1.221E-03
  338.5000  5.755E-02  5.621E-02  5.488E-02  5.357E-02  5.226E-02  5.096E-02  4.967E-02  4.839E-02  4.712E-02  4.587E-02  4.462E-02  4.338E-02  4.215E-02  4.094E-02  3.973E-02  3.854E-02  3.735E-02  3.618E-02  3.501E-02  3.386E-02  3.272E-02  3.159E-02  3.047E-02  2.937E-02  2.827E-02  2.719E-02  2.613E-02  2.507E-02  2.403E-02  2.300E-02  2.199E-02  2.099E-02  2.001E-02  1.904E-02  1.809E-02  1.716E-02  1.624E-02  1.534E-02  1.446E-02  1.360E-02  1.275E-02  1.193E-02  1.113E-02  1.036E-02  9.606E-03  8.880E-03  8.181E-03  7.511E-03  6.876E-03  6.274E-03  5.636E-03  5.003E-03  4.451E-03  3.993E-03  3.606E-03  3.112E-03  2.768E-03  2.373E-03  2.069E-03  1.784E-03  1.509E-03
  339.5000  6.299E-02  6.153E-02  6.008E-02  5.865E-02  5.722E-02  5.581E-02  5.440E-02  5.301E-02  5.162E-02  5.026E-02  4.889E-02  4.754E-02  4.620E-02  4.488E-02  4.356E-02  4.226E-02  4.097E-02  3.968E-02  3.841E-02  3.716E-02  3.591E-02  3.468E-02  3.346E-02  3.225E-02  3.106E-02  2.988E-02  2.872E-02  2.756E-02  2.642E-02  2.530E-02  2.419E-02  2.310E-02  2.203E-02  2.097E-02  1.993E-02  1.890E-02  1.790E-02  1.691E-02  1.594E-02  1.500E-02  1.408E-02  1.317E-02  1.230E-02  1.145E-02  1.062E-02  9.820E-03  9.050E-03  8.313E-03  7.612E-03  6.949E-03  6.244E-03  5.525E-03  4.934E-03  4.428E-03  4.000E-03  3.452E-03  3.072E-03  2.633E-03  2.297E-03  1.981E-03  1.675E-03
  340.5000  6.629E-02  6.474E-02  6.320E-02  6.167E-02  6.015E-02  5.864E-02  5.715E-02  5.566E-02  5.419E-02  5.274E-02  5.129E-02  4.985E-02  4.843E-02  4.702E-02  4.562E-02  4.424E-02  4.286E-02  4.150E-02  4.016E-02  3.882E-02  3.750E-02  3.620E-02  3.491E-02  3.363E-02  3.236E-02  3.111E-02  2.988E-02  2.866E-02  2.746E-02  2.627E-02  2.511E-02  2.396E-02  2.282E-02  2.171E-02  2.061E-02  1.953E-02  1.848E-02  1.744E-02  1.643E-02  1.544E-02  1.447E-02  1.353E-02  1.261E-02  1.173E-02  1.087E-02  1.004E-02  9.239E-03  8.475E-03  7.751E-03  7.067E-03  6.342E-03  5.605E-03  5.000E-03  4.481E-03  4.043E-03  3.486E-03  3.098E-03  2.654E-03  2.313E-03  1.993E-03  1.684E-03
  341.5000  6.029E-02  5.890E-02  5.752E-02  5.615E-02  5.480E-02  5.345E-02  5.211E-02  5.078E-02  4.946E-02  4.816E-02  4.686E-02  4.557E-02  4.430E-02  4.303E-02  4.177E-02  4.053E-02  3.930E-02  3.808E-02  3.687E-02  3.567E-02  3.448E-02  3.331E-02  3.214E-02  3.099E-02  2.985E-02  2.872E-02  2.761E-02  2.651E-02  2.542E-02  2.435E-02  2.329E-02  2.225E-02  2.122E-02  2.020E-02  1.921E-02  1.823E-02  1.726E-02  1.632E-02  1.539E-02  1.449E-02  1.360E-02  1.273E-02  1.189E-02  1.107E-02  1.028E-02  9.508E-03  8.767E-03  8.056E-03  7.380E-03  6.741E-03  6.059E-03  5.366E-03  4.791E-03  4.300E-03  3.887E-03  3.355E-03  2.986E-03  2.560E-03  2.233E-03  1.926E-03  1.629E-03
  342.5000  6.712E-02  6.557E-02  6.404E-02  6.253E-02  6.102E-02  5.952E-02  5.804E-02  5.656E-02  5.510E-02  5.365E-02  5.221E-02  5.078E-02  4.936E-02  4.796E-02  4.656E-02  4.519E-02  4.382E-02  4.246E-02  4.111E-02  3.978E-02  3.846E-02  3.716E-02  3.586E-02  3.458E-02  3.332E-02  3.206E-02  3.083E-02  2.960E-02  2.839E-02  2.720E-02  2.602E-02  2.486E-02  2.372E-02  2.259E-02  2.148E-02  2.039E-02  1.931E-02  1.826E-02  1.723E-02  1.622E-02  1.523E-02  1.426E-02  1.332E-02  1.241E-02  1.152E-02  1.066E-02  9.835E-03  9.040E-03  8.284E-03  7.569E-03  6.804E-03  6.036E-03  5.382E-03  4.833E-03  4.370E-03  3.772E-03  3.358E-03  2.879E-03  2.512E-03  2.167E-03  1.832E-03
  343.5000  6.922E-02  6.762E-02  6.603E-02  6.446E-02  6.289E-02  6.134E-02  5.980E-02  5.827E-02  5.675E-02  5.525E-02  5.376E-02  5.228E-02  5.081E-02  4.935E-02  4.791E-02  4.648E-02  4.506E-02  4.366E-02  4.226E-02  4.088E-02  3.952E-02  3.817E-02  3.683E-02  3.550E-02  3.419E-02  3.290E-02  3.162E-02  3.035E-02  2.910E-02  2.787E-02  2.665E-02  2.546E-02  2.427E-02  2.311E-02  2.196E-02  2.084E-02  1.973E-02  1.865E-02  1.759E-02  1.655E-02  1.553E-02  1.454E-02  1.357E-02  1.263E-02  1.172E-02  1.084E-02  9.990E-03  9.177E-03  8.404E-03  7.672E-03  6.893E-03  6.126E-03  5.445E-03  4.886E-03  4.414E-03  3.808E-03  3.388E-03  2.903E-03  2.531E-03  2.182E-03  1.844E-03
  344.5000  4.813E-02  4.701E-02  4.590E-02  4.480E-02  4.370E-02  4.261E-02  4.154E-02  4.047E-02  3.940E-02  3.836E-02  3.731E-02  3.628E-02  3.525E-02  3.423E-02  3.322E-02  3.222E-02  3.123E-02  3.025E-02  2.928E-02  2.831E-02  2.736E-02  2.642E-02  2.548E-02  2.456E-02  2.365E-02  2.274E-02  2.185E-02  2.097E-02  2.010E-02  1.924E-02  1.839E-02  1.756E-02  1.674E-02  1.593E-02  1.513E-02  1.435E-02  1.358E-02  1.283E-02  1.209E-02  1.137E-02  1.066E-02  9.973E-03  9.304E-03  8.655E-03  8.025E-03  7.417E-03  6.831E-03  6.270E-03  5.737E-03  5.234E-03  4.699E-03  4.161E-03  3.707E-03  3.323E-03  3.000E-03  2.587E-03  2.300E-03  1.970E-03  1.716E-03  1.479E-03  1.250E-03
  345.5000  6.747E-02  6.592E-02  6.439E-02  6.287E-02  6.136E-02  5.986E-02  5.838E-02  5.690E-02  5.543E-02  5.398E-02  5.254E-02  5.111E-02  4.969E-02  4.828E-02  4.689E-02  4.551E-02  4.414E-02  4.278E-02  4.143E-02  4.009E-02  3.877E-02  3.746E-02  3.617E-02  3.488E-02  3.361E-02  3.236E-02  3.112E-02  2.989E-02  2.868E-02  2.748E-02  2.629E-02  2.513E-02  2.398E-02  2.284E-02  2.173E-02  2.063E-02  1.955E-02  1.849E-02  1.745E-02  1.644E-02  1.544E-02  1.447E-02  1.352E-02  1.259E-02  1.170E-02  1.083E-02  9.993E-03  9.189E-03  8.424E-03  7.699E-03  6.923E-03  6.143E-03  5.479E-03  4.921E-03  4.450E-03  3.842E-03  3.421E-03  2.933E-03  2.559E-03  2.207E-03  1.866E-03
  346.5000  6.231E-02  6.087E-02  5.944E-02  5.802E-02  5.662E-02  5.522E-02  5.383E-02  5.245E-02  5.109E-02  4.973E-02  4.839E-02  4.706E-02  4.574E-02  4.442E-02  4.312E-02  4.184E-02  4.056E-02  3.930E-02  3.804E-02  3.680E-02  3.558E-02  3.436E-02  3.315E-02  3.196E-02  3.078E-02  2.962E-02  2.847E-02  2.733E-02  2.620E-02  2.509E-02  2.400E-02  2.292E-02  2.185E-02  2.081E-02  1.977E-02  1.876E-02  1.776E-02  1.679E-02  1.583E-02  1.489E-02  1.398E-02  1.308E-02  1.221E-02  1.137E-02  1.055E-02  9.753E-03  8.988E-03  8.255E-03  7.559E-03  6.899E-03  6.198E-03  5.500E-03  4.894E-03  4.389E-03  3.964E-03  3.419E-03  3.041E-03  2.605E-03  2.271E-03  1.957E-03  1.653E-03
  347.5000  6.102E-02  5.961E-02  5.821E-02  5.683E-02  5.545E-02  5.408E-02  5.272E-02  5.138E-02  5.004E-02  4.872E-02  4.740E-02  4.610E-02  4.480E-02  4.352E-02  4.225E-02  4.099E-02  3.974E-02  3.851E-02  3.728E-02  3.607E-02  3.487E-02  3.367E-02  3.250E-02  3.133E-02  3.017E-02  2.903E-02  2.791E-02  2.679E-02  2.569E-02  2.460E-02  2.353E-02  2.248E-02  2.143E-02  2.041E-02  1.940E-02  1.840E-02  1.743E-02  1.647E-02  1.554E-02  1.462E-02  1.372E-02  1.284E-02  1.199E-02  1.116E-02  1.036E-02  9.577E-03  8.827E-03  8.108E-03  7.424E-03  6.777E-03  6.088E-03  5.392E-03  4.807E-03  4.312E-03  3.895E-03  3.359E-03  2.988E-03  2.559E-03  2.231E-03  1.922E-03  1.624E-03
  348.5000  6.744E-02  6.588E-02  6.434E-02  6.282E-02  6.130E-02  5.979E-02  5.829E-02  5.681E-02  5.534E-02  5.388E-02  5.243E-02  5.100E-02  4.957E-02  4.816E-02  4.676E-02  4.537E-02  4.400E-02  4.263E-02  4.128E-02  3.994E-02  3.862E-02  3.731E-02  3.601E-02  3.472E-02  3.345E-02  3.219E-02  3.095E-02  2.972E-02  2.850E-02  2.730E-02  2.612E-02  2.495E-02  2.380E-02  2.267E-02  2.155E-02  2.045E-02  1.937E-02  1.832E-02  1.728E-02  1.626E-02  1.527E-02  1.430E-02  1.335E-02  1.243E-02  1.154E-02  1.068E-02  9.846E-03  9.047E-03  8.287E-03  7.568E-03  6.800E-03  6.028E-03  5.373E-03  4.821E-03  4.356E-03  3.757E-03  3.343E-03  2.864E-03  2.497E-03  2.152E-03  1.818E-03
  349.5000  5.651E-02  5.521E-02  5.392E-02  5.264E-02  5.137E-02  5.010E-02  4.885E-02  4.760E-02  4.637E-02  4.515E-02  4.393E-02  4.273E-02  4.154E-02  4.035E-02  3.918E-02  3.802E-02  3.686E-02  3.572E-02  3.459E-02  3.346E-02  3.235E-02  3.125E-02  3.016E-02  2.909E-02  2.802E-02  2.696E-02  2.592E-02  2.489E-02  2.387E-02  2.287E-02  2.188E-02  2.090E-02  1.993E-02  1.898E-02  1.805E-02  1.713E-02  1.622E-02  1.534E-02  1.447E-02  1.362E-02  1.278E-02  1.197E-02  1.118E-02  1.041E-02  9.660E-03  8.936E-03  8.239E-03  7.569E-03  6.933E-03  6.330E-03  5.688E-03  5.044E-03  4.493E-03  4.030E-03  3.641E-03  3.140E-03  2.793E-03  2.393E-03  2.085E-03  1.797E-03  1.518E-03
  350.5000  7.926E-02  7.744E-02  7.563E-02  7.383E-02  7.205E-02  7.028E-02  6.852E-02  6.678E-02  6.505E-02  6.333E-02  6.163E-02  5.994E-02  5.827E-02  5.661E-02  5.497E-02  5.334E-02  5.172E-02  5.012E-02  4.853E-02  4.696E-02  4.540E-02  4.386E-02  4.233E-02  4.082E-02  3.933E-02  3.785E-02  3.639E-02  3.494E-02  3.351E-02  3.210E-02  3.071E-02  2.934E-02  2.799E-02  2.666E-02  2.534E-02  2.405E-02  2.279E-02  2.154E-02  2.032E-02  1.913E-02  1.796E-02  1.682E-02  1.570E-02  1.462E-02  1.357E-02  1.256E-02  1.158E-02  1.064E-02  9.744E-03  8.898E-03  7.995E-03  7.082E-03  6.315E-03  5.665E-03  5.118E-03  4.413E-03  3.926E-03  3.362E-03  2.931E-03  2.525E-03  2.133E-03
  351.5000  6.823E-02  6.666E-02  6.510E-02  6.355E-02  6.201E-02  6.048E-02  5.897E-02  5.747E-02  5.598E-02  5.450E-02  5.303E-02  5.158E-02  5.014E-02  4.871E-02  4.729E-02  4.589E-02  4.449E-02  4.311E-02  4.174E-02  4.039E-02  3.905E-02  3.772E-02  3.640E-02  3.510E-02  3.381E-02  3.254E-02  3.128E-02  3.004E-02  2.881E-02  2.759E-02  2.640E-02  2.522E-02  2.405E-02  2.290E-02  2.177E-02  2.066E-02  1.957E-02  1.850E-02  1.745E-02  1.642E-02  1.542E-02  1.443E-02  1.348E-02  1.255E-02  1.165E-02  1.077E-02  9.929E-03  9.121E-03  8.353E-03  7.625E-03  6.850E-03  6.077E-03  5.408E-03  4.850E-03  4.381E-03  3.777E-03  3.359E-03  2.876E-03  2.506E-03  2.159E-03  1.823E-03
  352.5000  6.167E-02  6.025E-02  5.884E-02  5.744E-02  5.605E-02  5.468E-02  5.331E-02  5.195E-02  5.061E-02  4.927E-02  4.795E-02  4.664E-02  4.533E-02  4.404E-02  4.276E-02  4.149E-02  4.024E-02  3.899E-02  3.775E-02  3.653E-02  3.532E-02  3.412E-02  3.293E-02  3.176E-02  3.059E-02  2.944E-02  2.831E-02  2.718E-02  2.607E-02  2.497E-02  2.389E-02  2.283E-02  2.177E-02  2.074E-02  1.971E-02  1.871E-02  1.772E-02  1.676E-02  1.581E-02  1.488E-02  1.397E-02  1.308E-02  1.221E-02  1.137E-02  1.055E-02  9.764E-03  9.001E-03  8.269E-03  7.573E-03  6.914E-03  6.212E-03  5.501E-03  4.905E-03  4.399E-03  3.973E-03  3.425E-03  3.046E-03  2.608E-03  2.273E-03  1.958E-03  1.653E-03
  353.5000  7.447E-02  7.275E-02  7.105E-02  6.937E-02  6.770E-02  6.603E-02  6.439E-02  6.275E-02  6.113E-02  5.952E-02  5.792E-02  5.634E-02  5.477E-02  5.321E-02  5.167E-02  5.014E-02  4.863E-02  4.712E-02  4.563E-02  4.416E-02  4.270E-02  4.125E-02  3.982E-02  3.840E-02  3.700E-02  3.561E-02  3.424E-02  3.288E-02  3.154E-02  3.022E-02  2.891E-02  2.763E-02  2.636E-02  2.510E-02  2.387E-02  2.266E-02  2.147E-02  2.030E-02  1.915E-02  1.803E-02  1.693E-02  1.585E-02  1.481E-02  1.379E-02  1.280E-02  1.184E-02  1.092E-02  1.003E-02  9.192E-03  8.393E-03  7.541E-03  6.682E-03  5.956E-03  5.342E-03  4.826E-03  4.161E-03  3.700E-03  3.168E-03  2.761E-03  2.379E-03  2.008E-03
  354.5000  8.081E-02  7.895E-02  7.711E-02  7.528E-02  7.347E-02  7.167E-02  6.988E-02  6.811E-02  6.635E-02  6.461E-02  6.288E-02  6.116E-02  5.946E-02  5.777E-02  5.610E-02  5.445E-02  5.280E-02  5.117E-02  4.956E-02  4.796E-02  4.638E-02  4.481E-02  4.326E-02  4.172E-02  4.020E-02  3.870E-02  3.721E-02  3.574E-02  3.429E-02  3.285E-02  3.143E-02  3.004E-02  2.866E-02  2.730E-02  2.596E-02  2.465E-02  2.335E-02  2.209E-02  2.084E-02  1.962E-02  1.843E-02  1.726E-02  1.612E-02  1.502E-02  1.394E-02  1.290E-02  1.190E-02  1.093E-02  1.002E-02  9.147E-03  8.220E-03  7.286E-03  6.493E-03  5.825E-03  5.262E-03  4.537E-03  4.035E-03  3.455E-03  3.011E-03  2.594E-03  2.189E-03
  355.5000  7.558E-02  7.384E-02  7.212E-02  7.041E-02  6.871E-02  6.703E-02  6.536E-02  6.370E-02  6.206E-02  6.043E-02  5.881E-02  5.721E-02  5.561E-02  5.404E-02  5.247E-02  5.093E-02  4.939E-02  4.786E-02  4.636E-02  4.486E-02  4.338E-02  4.192E-02  4.046E-02  3.903E-02  3.760E-02  3.620E-02  3.481E-02  3.343E-02  3.207E-02  3.073E-02  2.940E-02  2.810E-02  2.681E-02  2.554E-02  2.429E-02  2.306E-02  2.185E-02  2.066E-02  1.950E-02  1.835E-02  1.724E-02  1.615E-02  1.508E-02  1.405E-02  1.304E-02  1.207E-02  1.113E-02  1.023E-02  9.370E-03  8.557E-03  7.689E-03  6.809E-03  6.072E-03  5.447E-03  4.921E-03  4.242E-03  3.773E-03  3.230E-03  2.814E-03  2.424E-03  2.046E-03
  356.5000  7.017E-02  6.856E-02  6.696E-02  6.537E-02  6.380E-02  6.223E-02  6.068E-02  5.914E-02  5.761E-02  5.610E-02  5.460E-02  5.311E-02  5.163E-02  5.016E-02  4.871E-02  4.728E-02  4.585E-02  4.443E-02  4.303E-02  4.164E-02  4.027E-02  3.891E-02  3.756E-02  3.623E-02  3.491E-02  3.360E-02  3.231E-02  3.104E-02  2.977E-02  2.853E-02  2.730E-02  2.609E-02  2.489E-02  2.371E-02  2.255E-02  2.140E-02  2.028E-02  1.918E-02  1.810E-02  1.704E-02  1.600E-02  1.499E-02  1.400E-02  1.304E-02  1.210E-02  1.120E-02  1.033E-02  9.491E-03  8.694E-03  7.939E-03  7.133E-03  6.319E-03  5.633E-03  5.052E-03  4.563E-03  3.933E-03  3.497E-03  2.994E-03  2.608E-03  2.246E-03  1.895E-03
  357.5000  5.968E-02  5.831E-02  5.695E-02  5.560E-02  5.425E-02  5.292E-02  5.160E-02  5.029E-02  4.899E-02  4.771E-02  4.643E-02  4.516E-02  4.390E-02  4.266E-02  4.142E-02  4.020E-02  3.899E-02  3.778E-02  3.659E-02  3.541E-02  3.424E-02  3.309E-02  3.194E-02  3.080E-02  2.968E-02  2.857E-02  2.747E-02  2.639E-02  2.531E-02  2.425E-02  2.321E-02  2.218E-02  2.116E-02  2.016E-02  1.917E-02  1.819E-02  1.724E-02  1.630E-02  1.538E-02  1.448E-02  1.360E-02  1.274E-02  1.190E-02  1.108E-02  1.029E-02  9.517E-03  8.775E-03  8.063E-03  7.385E-03  6.743E-03  6.058E-03  5.369E-03  4.783E-03  4.289E-03  3.873E-03  3.338E-03  2.968E-03  2.540E-03  2.213E-03  1.905E-03  1.607E-03
  358.5000  4.613E-02  4.507E-02  4.402E-02  4.297E-02  4.194E-02  4.091E-02  3.989E-02  3.888E-02  3.787E-02  3.688E-02  3.589E-02  3.491E-02  3.394E-02  3.298E-02  3.202E-02  3.108E-02  3.014E-02  2.921E-02  2.829E-02  2.738E-02  2.648E-02  2.559E-02  2.470E-02  2.382E-02  2.295E-02  2.210E-02  2.125E-02  2.041E-02  1.958E-02  1.876E-02  1.795E-02  1.716E-02  1.637E-02  1.560E-02  1.483E-02  1.408E-02  1.334E-02  1.262E-02  1.191E-02  1.121E-02  1.053E-02  9.860E-03  9.209E-03  8.579E-03  7.964E-03  7.370E-03  6.796E-03  6.244E-03  5.720E-03  5.223E-03  4.693E-03  4.158E-03  3.704E-03  3.322E-03  3.000E-03  2.585E-03  2.299E-03  1.967E-03  1.713E-03  1.475E-03  1.244E-03
  359.5000  7.768E-02  7.589E-02  7.412E-02  7.236E-02  7.062E-02  6.889E-02  6.717E-02  6.546E-02  6.377E-02  6.210E-02  6.044E-02  5.879E-02  5.715E-02  5.553E-02  5.392E-02  5.234E-02  5.076E-02  4.919E-02  4.764E-02  4.611E-02  4.459E-02  4.308E-02  4.159E-02  4.011E-02  3.865E-02  3.721E-02  3.578E-02  3.437E-02  3.297E-02  3.159E-02  3.023E-02  2.889E-02  2.757E-02  2.626E-02  2.498E-02  2.371E-02  2.247E-02  2.125E-02  2.005E-02  1.888E-02  1.773E-02  1.660E-02  1.551E-02  1.445E-02  1.341E-02  1.241E-02  1.144E-02  1.051E-02  9.629E-03  8.792E-03  7.899E-03  6.999E-03  6.235E-03  5.591E-03  5.048E-03  4.350E-03  3.867E-03  3.309E-03  2.882E-03  2.481E-03  2.092E-03
  360.5000  7.205E-02  7.039E-02  6.875E-02  6.712E-02  6.550E-02  6.389E-02  6.230E-02  6.072E-02  5.915E-02  5.760E-02  5.606E-02  5.453E-02  5.301E-02  5.151E-02  5.002E-02  4.854E-02  4.708E-02  4.563E-02  4.419E-02  4.277E-02  4.136E-02  3.996E-02  3.858E-02  3.721E-02  3.586E-02  3.451E-02  3.319E-02  3.188E-02  3.059E-02  2.931E-02  2.805E-02  2.680E-02  2.557E-02  2.436E-02  2.317E-02  2.200E-02  2.084E-02  1.971E-02  1.860E-02  1.751E-02  1.644E-02  1.540E-02  1.439E-02  1.340E-02  1.244E-02  1.151E-02  1.061E-02  9.752E-03  8.932E-03  8.155E-03  7.326E-03  6.487E-03  5.782E-03  5.184E-03  4.681E-03  4.033E-03  3.585E-03  3.067E-03  2.671E-03  2.299E-03  1.938E-03
  361.5000  6.504E-02  6.355E-02  6.206E-02  6.059E-02  5.913E-02  5.768E-02  5.624E-02  5.481E-02  5.340E-02  5.200E-02  5.061E-02  4.923E-02  4.786E-02  4.650E-02  4.516E-02  4.383E-02  4.251E-02  4.120E-02  3.990E-02  3.862E-02  3.735E-02  3.609E-02  3.484E-02  3.360E-02  3.238E-02  3.117E-02  2.998E-02  2.880E-02  2.763E-02  2.647E-02  2.533E-02  2.421E-02  2.310E-02  2.201E-02  2.093E-02  1.987E-02  1.883E-02  1.781E-02  1.681E-02  1.582E-02  1.486E-02  1.392E-02  1.300E-02  1.211E-02  1.124E-02  1.040E-02  9.594E-03  8.815E-03  8.074E-03  7.372E-03  6.623E-03  5.870E-03  5.226E-03  4.686E-03  4.231E-03  3.645E-03  3.240E-03  2.771E-03  2.413E-03  2.077E-03  1.751E-03
  362.5000  7.645E-02  7.469E-02  7.295E-02  7.122E-02  6.950E-02  6.780E-02  6.611E-02  6.443E-02  6.277E-02  6.112E-02  5.949E-02  5.787E-02  5.626E-02  5.466E-02  5.308E-02  5.152E-02  4.997E-02  4.843E-02  4.691E-02  4.540E-02  4.390E-02  4.242E-02  4.096E-02  3.950E-02  3.807E-02  3.665E-02  3.525E-02  3.386E-02  3.248E-02  3.113E-02  2.979E-02  2.847E-02  2.717E-02  2.588E-02  2.462E-02  2.337E-02  2.215E-02  2.095E-02  1.977E-02  1.861E-02  1.748E-02  1.637E-02  1.529E-02  1.425E-02  1.323E-02  1.224E-02  1.128E-02  1.037E-02  9.497E-03  8.670E-03  7.789E-03  6.905E-03  6.146E-03  5.510E-03  4.975E-03  4.285E-03  3.809E-03  3.258E-03  2.837E-03  2.441E-03  2.058E-03
  363.5000  6.806E-02  6.649E-02  6.494E-02  6.340E-02  6.187E-02  6.035E-02  5.885E-02  5.735E-02  5.587E-02  5.441E-02  5.295E-02  5.151E-02  5.008E-02  4.866E-02  4.725E-02  4.586E-02  4.448E-02  4.311E-02  4.175E-02  4.041E-02  3.908E-02  3.777E-02  3.646E-02  3.517E-02  3.389E-02  3.263E-02  3.138E-02  3.014E-02  2.892E-02  2.771E-02  2.652E-02  2.535E-02  2.419E-02  2.304E-02  2.192E-02  2.081E-02  1.972E-02  1.865E-02  1.760E-02  1.657E-02  1.556E-02  1.458E-02  1.362E-02  1.268E-02  1.178E-02  1.090E-02  1.005E-02  9.231E-03  8.455E-03  7.719E-03  6.934E-03  6.138E-03  5.471E-03  4.904E-03  4.427E-03  3.813E-03  3.389E-03  2.898E-03  2.523E-03  2.171E-03  1.830E-03
  364.5000  7.427E-02  7.256E-02  7.087E-02  6.919E-02  6.752E-02  6.586E-02  6.422E-02  6.259E-02  6.097E-02  5.937E-02  5.778E-02  5.621E-02  5.464E-02  5.309E-02  5.156E-02  5.004E-02  4.853E-02  4.704E-02  4.556E-02  4.409E-02  4.264E-02  4.121E-02  3.978E-02  3.837E-02  3.698E-02  3.560E-02  3.424E-02  3.289E-02  3.155E-02  3.024E-02  2.894E-02  2.765E-02  2.639E-02  2.514E-02  2.391E-02  2.270E-02  2.151E-02  2.035E-02  1.920E-02  1.808E-02  1.698E-02  1.590E-02  1.486E-02  1.384E-02  1.284E-02  1.189E-02  1.096E-02  1.007E-02  9.221E-03  8.417E-03  7.561E-03  6.690E-03  5.965E-03  5.346E-03  4.826E-03  4.156E-03  3.693E-03  3.157E-03  2.749E-03  2.365E-03  1.993E-03
  365.5000  9.052E-02  8.844E-02  8.637E-02  8.432E-02  8.228E-02  8.026E-02  7.826E-02  7.627E-02  7.430E-02  7.235E-02  7.041E-02  6.849E-02  6.659E-02  6.470E-02  6.283E-02  6.098E-02  5.914E-02  5.732E-02  5.552E-02  5.373E-02  5.196E-02  5.021E-02  4.847E-02  4.676E-02  4.506E-02  4.337E-02  4.171E-02  4.007E-02  3.844E-02  3.684E-02  3.525E-02  3.369E-02  3.215E-02  3.063E-02  2.913E-02  2.766E-02  2.621E-02  2.479E-02  2.339E-02  2.202E-02  2.068E-02  1.937E-02  1.809E-02  1.685E-02  1.564E-02  1.447E-02  1.334E-02  1.226E-02  1.123E-02  1.025E-02  9.205E-03  8.158E-03  7.259E-03  6.506E-03  5.872E-03  5.056E-03  4.492E-03  3.840E-03  3.342E-03  2.875E-03  2.422E-03
  366.5000  9.589E-02  9.368E-02  9.149E-02  8.932E-02  8.716E-02  8.502E-02  8.290E-02  8.080E-02  7.871E-02  7.664E-02  7.459E-02  7.256E-02  7.054E-02  6.854E-02  6.656E-02  6.460E-02  6.265E-02  6.072E-02  5.881E-02  5.692E-02  5.505E-02  5.319E-02  5.135E-02  4.954E-02  4.774E-02  4.595E-02  4.420E-02  4.246E-02  4.073E-02  3.903E-02  3.736E-02  3.570E-02  3.407E-02  3.246E-02  3.087E-02  2.931E-02  2.777E-02  2.627E-02  2.479E-02  2.334E-02  2.192E-02  2.053E-02  1.918E-02  1.786E-02  1.658E-02  1.534E-02  1.414E-02  1.299E-02  1.190E-02  1.086E-02  9.756E-03  8.639E-03  7.693E-03  6.894E-03  6.222E-03  5.357E-03  4.758E-03  4.068E-03  3.540E-03  3.044E-03  2.565E-03
  367.5000  9.113E-02  8.903E-02  8.695E-02  8.489E-02  8.284E-02  8.080E-02  7.879E-02  7.678E-02  7.480E-02  7.284E-02  7.089E-02  6.896E-02  6.704E-02  6.514E-02  6.326E-02  6.139E-02  5.954E-02  5.771E-02  5.590E-02  5.410E-02  5.232E-02  5.056E-02  4.881E-02  4.708E-02  4.537E-02  4.368E-02  4.201E-02  4.036E-02  3.872E-02  3.711E-02  3.551E-02  3.394E-02  3.239E-02  3.086E-02  2.935E-02  2.787E-02  2.641E-02  2.498E-02  2.357E-02  2.219E-02  2.084E-02  1.952E-02  1.824E-02  1.699E-02  1.577E-02  1.459E-02  1.345E-02  1.236E-02  1.132E-02  1.033E-02  9.277E-03  8.212E-03  7.315E-03  6.555E-03  5.915E-03  5.092E-03  4.523E-03  3.866E-03  3.364E-03  2.893E-03  2.437E-03
  368.5000  8.010E-02  7.826E-02  7.642E-02  7.461E-02  7.281E-02  7.102E-02  6.925E-02  6.749E-02  6.574E-02  6.402E-02  6.230E-02  6.060E-02  5.892E-02  5.725E-02  5.559E-02  5.396E-02  5.233E-02  5.072E-02  4.913E-02  4.755E-02  4.598E-02  4.443E-02  4.290E-02  4.138E-02  3.988E-02  3.839E-02  3.692E-02  3.547E-02  3.403E-02  3.261E-02  3.121E-02  2.983E-02  2.847E-02  2.712E-02  2.580E-02  2.449E-02  2.321E-02  2.195E-02  2.072E-02  1.950E-02  1.832E-02  1.716E-02  1.603E-02  1.493E-02  1.386E-02  1.282E-02  1.182E-02  1.086E-02  9.944E-03  9.076E-03  8.151E-03  7.212E-03  6.426E-03  5.758E-03  5.195E-03  4.472E-03  3.972E-03  3.394E-03  2.953E-03  2.539E-03  2.139E-03
  369.5000  9.614E-02  9.393E-02  9.173E-02  8.955E-02  8.738E-02  8.524E-02  8.311E-02  8.100E-02  7.890E-02  7.683E-02  7.477E-02  7.273E-02  7.071E-02  6.871E-02  6.672E-02  6.476E-02  6.280E-02  6.087E-02  5.896E-02  5.706E-02  5.519E-02  5.333E-02  5.149E-02  4.966E-02  4.786E-02  4.608E-02  4.432E-02  4.257E-02  4.085E-02  3.914E-02  3.746E-02  3.580E-02  3.417E-02  3.255E-02  3.096E-02  2.940E-02  2.786E-02  2.635E-02  2.486E-02  2.341E-02  2.199E-02  2.059E-02  1.924E-02  1.792E-02  1.663E-02  1.539E-02  1.419E-02  1.303E-02  1.193E-02  1.089E-02  9.780E-03  8.654E-03  7.710E-03  6.907E-03  6.231E-03  5.363E-03  4.762E-03  4.069E-03  3.540E-03  3.043E-03  2.563E-03
  370.5000  8.728E-02  8.526E-02  8.326E-02  8.129E-02  7.932E-02  7.737E-02  7.544E-02  7.352E-02  7.162E-02  6.974E-02  6.787E-02  6.602E-02  6.418E-02  6.236E-02  6.056E-02  5.878E-02  5.701E-02  5.525E-02  5.351E-02  5.179E-02  5.009E-02  4.840E-02  4.673E-02  4.508E-02  4.344E-02  4.182E-02  4.022E-02  3.864E-02  3.708E-02  3.553E-02  3.400E-02  3.250E-02  3.101E-02  2.955E-02  2.810E-02  2.668E-02  2.529E-02  2.392E-02  2.257E-02  2.125E-02  1.996E-02  1.869E-02  1.746E-02  1.626E-02  1.510E-02  1.397E-02  1.287E-02  1.183E-02  1.083E-02  9.883E-03  8.875E-03  7.854E-03  6.995E-03  6.266E-03  5.652E-03  4.864E-03  4.319E-03  3.690E-03  3.210E-03  2.759E-03  2.323E-03
  371.5000  9.993E-02  9.762E-02  9.533E-02  9.307E-02  9.082E-02  8.858E-02  8.637E-02  8.417E-02  8.199E-02  7.984E-02  7.770E-02  7.558E-02  7.348E-02  7.140E-02  6.933E-02  6.729E-02  6.526E-02  6.325E-02  6.127E-02  5.929E-02  5.735E-02  5.542E-02  5.350E-02  5.161E-02  4.974E-02  4.788E-02  4.605E-02  4.424E-02  4.245E-02  4.068E-02  3.893E-02  3.721E-02  3.551E-02  3.383E-02  3.218E-02  3.055E-02  2.895E-02  2.739E-02  2.584E-02  2.433E-02  2.285E-02  2.140E-02  1.999E-02  1.862E-02  1.728E-02  1.599E-02  1.474E-02  1.354E-02  1.240E-02  1.131E-02  1.016E-02  8.990E-03  8.006E-03  7.172E-03  6.468E-03  5.566E-03  4.941E-03  4.221E-03  3.671E-03  3.155E-03  2.656E-03
  372.5000  7.386E-02  7.215E-02  7.046E-02  6.879E-02  6.712E-02  6.547E-02  6.383E-02  6.221E-02  6.060E-02  5.901E-02  5.743E-02  5.586E-02  5.431E-02  5.277E-02  5.124E-02  4.973E-02  4.823E-02  4.675E-02  4.528E-02  4.382E-02  4.239E-02  4.096E-02  3.954E-02  3.814E-02  3.676E-02  3.539E-02  3.404E-02  3.270E-02  3.138E-02  3.007E-02  2.878E-02  2.751E-02  2.625E-02  2.501E-02  2.379E-02  2.258E-02  2.140E-02  2.024E-02  1.910E-02  1.799E-02  1.689E-02  1.582E-02  1.478E-02  1.376E-02  1.278E-02  1.182E-02  1.090E-02  1.001E-02  9.164E-03  8.362E-03  7.509E-03  6.645E-03  5.917E-03  5.299E-03  4.779E-03  4.112E-03  3.650E-03  3.117E-03  2.711E-03  2.329E-03  1.961E-03
  373.5000  6.679E-02  6.525E-02  6.372E-02  6.220E-02  6.070E-02  5.920E-02  5.772E-02  5.625E-02  5.480E-02  5.336E-02  5.193E-02  5.051E-02  4.910E-02  4.771E-02  4.633E-02  4.497E-02  4.361E-02  4.227E-02  4.094E-02  3.962E-02  3.832E-02  3.703E-02  3.575E-02  3.449E-02  3.324E-02  3.200E-02  3.078E-02  2.957E-02  2.837E-02  2.719E-02  2.602E-02  2.487E-02  2.373E-02  2.261E-02  2.151E-02  2.042E-02  1.935E-02  1.830E-02  1.727E-02  1.626E-02  1.527E-02  1.430E-02  1.336E-02  1.244E-02  1.155E-02  1.069E-02  9.850E-03  9.047E-03  8.283E-03  7.558E-03  6.786E-03  6.004E-03  5.346E-03  4.788E-03  4.317E-03  3.714E-03  3.296E-03  2.815E-03  2.448E-03  2.103E-03  1.770E-03
  374.5000  7.334E-02  7.165E-02  6.997E-02  6.830E-02  6.665E-02  6.501E-02  6.338E-02  6.177E-02  6.017E-02  5.859E-02  5.701E-02  5.546E-02  5.391E-02  5.238E-02  5.087E-02  4.937E-02  4.788E-02  4.641E-02  4.495E-02  4.350E-02  4.208E-02  4.066E-02  3.925E-02  3.787E-02  3.649E-02  3.513E-02  3.379E-02  3.246E-02  3.115E-02  2.985E-02  2.857E-02  2.730E-02  2.606E-02  2.483E-02  2.361E-02  2.242E-02  2.125E-02  2.010E-02  1.896E-02  1.785E-02  1.677E-02  1.570E-02  1.467E-02  1.366E-02  1.268E-02  1.173E-02  1.081E-02  9.931E-03  9.092E-03  8.295E-03  7.448E-03  6.589E-03  5.867E-03  5.253E-03  4.737E-03  4.074E-03  3.616E-03  3.087E-03  2.684E-03  2.305E-03  1.940E-03
  375.5000  8.281E-02  8.089E-02  7.899E-02  7.711E-02  7.524E-02  7.339E-02  7.155E-02  6.973E-02  6.793E-02  6.614E-02  6.437E-02  6.261E-02  6.086E-02  5.914E-02  5.743E-02  5.574E-02  5.406E-02  5.239E-02  5.074E-02  4.911E-02  4.750E-02  4.590E-02  4.432E-02  4.275E-02  4.120E-02  3.966E-02  3.815E-02  3.665E-02  3.516E-02  3.370E-02  3.225E-02  3.083E-02  2.942E-02  2.803E-02  2.666E-02  2.531E-02  2.399E-02  2.269E-02  2.141E-02  2.016E-02  1.893E-02  1.773E-02  1.656E-02  1.543E-02  1.432E-02  1.325E-02  1.221E-02  1.121E-02  1.026E-02  9.365E-03  8.409E-03  7.436E-03  6.623E-03  5.929E-03  5.346E-03  4.597E-03  4.079E-03  3.483E-03  3.027E-03  2.600E-03  2.187E-03
  376.5000  8.275E-02  8.083E-02  7.893E-02  7.705E-02  7.518E-02  7.333E-02  7.149E-02  6.967E-02  6.787E-02  6.608E-02  6.431E-02  6.255E-02  6.081E-02  5.909E-02  5.738E-02  5.569E-02  5.401E-02  5.235E-02  5.070E-02  4.907E-02  4.746E-02  4.586E-02  4.428E-02  4.271E-02  4.116E-02  3.963E-02  3.812E-02  3.662E-02  3.514E-02  3.367E-02  3.223E-02  3.080E-02  2.940E-02  2.801E-02  2.664E-02  2.529E-02  2.397E-02  2.267E-02  2.140E-02  2.014E-02  1.892E-02  1.772E-02  1.655E-02  1.541E-02  1.431E-02  1.323E-02  1.220E-02  1.120E-02  1.026E-02  9.357E-03  8.401E-03  7.431E-03  6.616E-03  5.923E-03  5.339E-03  4.591E-03  4.073E-03  3.477E-03  3.022E-03  2.595E-03  2.183E-03
  377.5000  9.860E-02  9.631E-02  9.405E-02  9.181E-02  8.958E-02  8.737E-02  8.518E-02  8.301E-02  8.086E-02  7.874E-02  7.662E-02  7.453E-02  7.245E-02  7.040E-02  6.836E-02  6.635E-02  6.435E-02  6.237E-02  6.040E-02  5.846E-02  5.654E-02  5.464E-02  5.275E-02  5.089E-02  4.904E-02  4.722E-02  4.541E-02  4.363E-02  4.186E-02  4.012E-02  3.840E-02  3.670E-02  3.502E-02  3.337E-02  3.174E-02  3.014E-02  2.856E-02  2.702E-02  2.549E-02  2.400E-02  2.254E-02  2.111E-02  1.972E-02  1.837E-02  1.705E-02  1.577E-02  1.453E-02  1.335E-02  1.222E-02  1.115E-02  1.001E-02  8.852E-03  7.880E-03  7.054E-03  6.358E-03  5.466E-03  4.849E-03  4.139E-03  3.597E-03  3.088E-03  2.597E-03
  378.5000  1.075E-01  1.050E-01  1.026E-01  1.001E-01  9.769E-02  9.528E-02  9.289E-02  9.052E-02  8.817E-02  8.585E-02  8.355E-02  8.126E-02  7.900E-02  7.676E-02  7.454E-02  7.234E-02  7.016E-02  6.800E-02  6.586E-02  6.374E-02  6.165E-02  5.957E-02  5.752E-02  5.549E-02  5.347E-02  5.148E-02  4.952E-02  4.757E-02  4.565E-02  4.375E-02  4.187E-02  4.002E-02  3.819E-02  3.639E-02  3.461E-02  3.286E-02  3.114E-02  2.946E-02  2.780E-02  2.617E-02  2.458E-02  2.302E-02  2.150E-02  2.003E-02  1.859E-02  1.719E-02  1.585E-02  1.455E-02  1.332E-02  1.215E-02  1.091E-02  9.650E-03  8.588E-03  7.687E-03  6.928E-03  5.956E-03  5.283E-03  4.508E-03  3.917E-03  3.363E-03  2.828E-03
  379.5000  7.959E-02  7.775E-02  7.592E-02  7.411E-02  7.231E-02  7.052E-02  6.875E-02  6.700E-02  6.526E-02  6.355E-02  6.184E-02  6.015E-02  5.847E-02  5.681E-02  5.517E-02  5.354E-02  5.193E-02  5.033E-02  4.875E-02  4.718E-02  4.563E-02  4.409E-02  4.257E-02  4.107E-02  3.958E-02  3.810E-02  3.665E-02  3.521E-02  3.378E-02  3.238E-02  3.099E-02  2.962E-02  2.827E-02  2.693E-02  2.562E-02  2.432E-02  2.305E-02  2.180E-02  2.058E-02  1.937E-02  1.819E-02  1.704E-02  1.591E-02  1.482E-02  1.376E-02  1.272E-02  1.173E-02  1.077E-02  9.857E-03  8.992E-03  8.072E-03  7.139E-03  6.354E-03  5.686E-03  5.124E-03  4.405E-03  3.906E-03  3.333E-03  2.896E-03  2.485E-03  2.089E-03
  380.5000  9.578E-02  9.356E-02  9.136E-02  8.918E-02  8.701E-02  8.486E-02  8.273E-02  8.062E-02  7.853E-02  7.646E-02  7.441E-02  7.237E-02  7.036E-02  6.836E-02  6.638E-02  6.442E-02  6.248E-02  6.056E-02  5.865E-02  5.676E-02  5.490E-02  5.305E-02  5.122E-02  4.941E-02  4.762E-02  4.585E-02  4.410E-02  4.236E-02  4.065E-02  3.896E-02  3.729E-02  3.564E-02  3.401E-02  3.241E-02  3.083E-02  2.927E-02  2.774E-02  2.624E-02  2.476E-02  2.331E-02  2.189E-02  2.050E-02  1.915E-02  1.783E-02  1.655E-02  1.531E-02  1.411E-02  1.296E-02  1.186E-02  1.082E-02  9.711E-03  8.591E-03  7.643E-03  6.839E-03  6.163E-03  5.297E-03  4.697E-03  4.007E-03  3.480E-03  2.987E-03  2.511E-03
  381.5000  9.006E-02  8.797E-02  8.590E-02  8.385E-02  8.181E-02  7.979E-02  7.778E-02  7.580E-02  7.383E-02  7.189E-02  6.996E-02  6.804E-02  6.614E-02  6.426E-02  6.240E-02  6.056E-02  5.874E-02  5.693E-02  5.514E-02  5.336E-02  5.161E-02  4.988E-02  4.815E-02  4.645E-02  4.477E-02  4.310E-02  4.146E-02  3.983E-02  3.822E-02  3.663E-02  3.506E-02  3.351E-02  3.198E-02  3.047E-02  2.898E-02  2.752E-02  2.608E-02  2.467E-02  2.328E-02  2.192E-02  2.058E-02  1.928E-02  1.801E-02  1.677E-02  1.556E-02  1.439E-02  1.327E-02  1.218E-02  1.115E-02  1.017E-02  9.128E-03  8.075E-03  7.183E-03  6.427E-03  5.791E-03  4.977E-03  4.412E-03  3.764E-03  3.269E-03  2.805E-03  2.357E-03
  382.5000  6.005E-02  5.865E-02  5.727E-02  5.590E-02  5.454E-02  5.319E-02  5.186E-02  5.053E-02  4.922E-02  4.792E-02  4.664E-02  4.536E-02  4.409E-02  4.284E-02  4.160E-02  4.037E-02  3.916E-02  3.795E-02  3.676E-02  3.557E-02  3.441E-02  3.325E-02  3.210E-02  3.097E-02  2.984E-02  2.873E-02  2.764E-02  2.655E-02  2.548E-02  2.442E-02  2.337E-02  2.234E-02  2.132E-02  2.031E-02  1.932E-02  1.835E-02  1.739E-02  1.645E-02  1.552E-02  1.461E-02  1.372E-02  1.285E-02  1.200E-02  1.118E-02  1.037E-02  9.596E-03  8.844E-03  8.121E-03  7.432E-03  6.778E-03  6.084E-03  5.380E-03  4.787E-03  4.283E-03  3.858E-03  3.315E-03  2.939E-03  2.507E-03  2.177E-03  1.867E-03  1.569E-03
  383.5000  5.276E-02  5.153E-02  5.032E-02  4.911E-02  4.792E-02  4.673E-02  4.556E-02  4.440E-02  4.324E-02  4.210E-02  4.097E-02  3.985E-02  3.874E-02  3.764E-02  3.655E-02  3.547E-02  3.440E-02  3.334E-02  3.229E-02  3.125E-02  3.023E-02  2.921E-02  2.820E-02  2.720E-02  2.622E-02  2.524E-02  2.428E-02  2.332E-02  2.238E-02  2.145E-02  2.053E-02  1.962E-02  1.873E-02  1.785E-02  1.697E-02  1.612E-02  1.527E-02  1.445E-02  1.363E-02  1.284E-02  1.205E-02  1.129E-02  1.055E-02  9.820E-03  9.114E-03  8.430E-03  7.769E-03  7.133E-03  6.528E-03  5.954E-03  5.344E-03  4.726E-03  4.204E-03  3.761E-03  3.388E-03  2.911E-03  2.580E-03  2.200E-03  1.910E-03  1.638E-03  1.377E-03
  384.5000  7.922E-02  7.738E-02  7.555E-02  7.375E-02  7.195E-02  7.017E-02  6.841E-02  6.666E-02  6.493E-02  6.322E-02  6.151E-02  5.983E-02  5.816E-02  5.651E-02  5.487E-02  5.325E-02  5.164E-02  5.005E-02  4.848E-02  4.692E-02  4.538E-02  4.385E-02  4.234E-02  4.084E-02  3.936E-02  3.790E-02  3.645E-02  3.502E-02  3.360E-02  3.221E-02  3.082E-02  2.946E-02  2.812E-02  2.679E-02  2.549E-02  2.420E-02  2.293E-02  2.169E-02  2.047E-02  1.927E-02  1.810E-02  1.695E-02  1.583E-02  1.474E-02  1.368E-02  1.266E-02  1.166E-02  1.071E-02  9.800E-03  8.938E-03  8.022E-03  7.094E-03  6.310E-03  5.644E-03  5.084E-03  4.367E-03  3.870E-03  3.300E-03  2.865E-03  2.457E-03  2.064E-03
  385.5000  7.843E-02  7.660E-02  7.479E-02  7.301E-02  7.123E-02  6.946E-02  6.772E-02  6.599E-02  6.427E-02  6.257E-02  6.089E-02  5.922E-02  5.757E-02  5.593E-02  5.431E-02  5.271E-02  5.112E-02  4.954E-02  4.798E-02  4.644E-02  4.492E-02  4.340E-02  4.191E-02  4.042E-02  3.896E-02  3.751E-02  3.608E-02  3.466E-02  3.326E-02  3.188E-02  3.051E-02  2.917E-02  2.783E-02  2.652E-02  2.523E-02  2.395E-02  2.270E-02  2.147E-02  2.026E-02  1.908E-02  1.792E-02  1.678E-02  1.567E-02  1.460E-02  1.355E-02  1.253E-02  1.155E-02  1.060E-02  9.700E-03  8.846E-03  7.939E-03  7.020E-03  6.244E-03  5.585E-03  5.029E-03  4.320E-03  3.828E-03  3.264E-03  2.833E-03  2.429E-03  2.040E-03
  386.5000  7.999E-02  7.813E-02  7.628E-02  7.446E-02  7.264E-02  7.084E-02  6.906E-02  6.729E-02  6.554E-02  6.381E-02  6.210E-02  6.039E-02  5.871E-02  5.704E-02  5.538E-02  5.375E-02  5.213E-02  5.052E-02  4.893E-02  4.736E-02  4.580E-02  4.426E-02  4.273E-02  4.122E-02  3.973E-02  3.825E-02  3.679E-02  3.535E-02  3.392E-02  3.251E-02  3.111E-02  2.974E-02  2.839E-02  2.705E-02  2.573E-02  2.443E-02  2.315E-02  2.190E-02  2.067E-02  1.946E-02  1.827E-02  1.711E-02  1.599E-02  1.489E-02  1.381E-02  1.278E-02  1.177E-02  1.081E-02  9.891E-03  9.020E-03  8.095E-03  7.156E-03  6.366E-03  5.693E-03  5.126E-03  4.403E-03  3.901E-03  3.325E-03  2.886E-03  2.474E-03  2.078E-03
  387.5000  7.439E-02  7.265E-02  7.093E-02  6.924E-02  6.755E-02  6.587E-02  6.421E-02  6.257E-02  6.094E-02  5.933E-02  5.774E-02  5.615E-02  5.458E-02  5.303E-02  5.149E-02  4.997E-02  4.846E-02  4.697E-02  4.549E-02  4.403E-02  4.258E-02  4.115E-02  3.973E-02  3.833E-02  3.694E-02  3.556E-02  3.421E-02  3.286E-02  3.154E-02  3.022E-02  2.893E-02  2.765E-02  2.639E-02  2.515E-02  2.392E-02  2.271E-02  2.153E-02  2.036E-02  1.922E-02  1.809E-02  1.699E-02  1.591E-02  1.486E-02  1.384E-02  1.284E-02  1.188E-02  1.095E-02  1.005E-02  9.196E-03  8.385E-03  7.525E-03  6.649E-03  5.917E-03  5.291E-03  4.764E-03  4.091E-03  3.624E-03  3.089E-03  2.680E-03  2.297E-03  1.929E-03
  388.5000  7.460E-02  7.286E-02  7.114E-02  6.943E-02  6.774E-02  6.606E-02  6.440E-02  6.275E-02  6.111E-02  5.950E-02  5.790E-02  5.631E-02  5.473E-02  5.318E-02  5.163E-02  5.011E-02  4.860E-02  4.710E-02  4.562E-02  4.415E-02  4.270E-02  4.126E-02  3.984E-02  3.843E-02  3.704E-02  3.566E-02  3.430E-02  3.295E-02  3.162E-02  3.031E-02  2.901E-02  2.773E-02  2.646E-02  2.522E-02  2.399E-02  2.278E-02  2.159E-02  2.042E-02  1.927E-02  1.814E-02  1.704E-02  1.596E-02  1.490E-02  1.388E-02  1.288E-02  1.191E-02  1.098E-02  1.008E-02  9.220E-03  8.407E-03  7.544E-03  6.669E-03  5.931E-03  5.303E-03  4.774E-03  4.099E-03  3.631E-03  3.094E-03  2.684E-03  2.301E-03  1.931E-03
  389.5000  9.413E-02  9.194E-02  8.976E-02  8.761E-02  8.547E-02  8.335E-02  8.125E-02  7.917E-02  7.711E-02  7.507E-02  7.304E-02  7.104E-02  6.905E-02  6.709E-02  6.514E-02  6.322E-02  6.131E-02  5.942E-02  5.755E-02  5.569E-02  5.387E-02  5.205E-02  5.026E-02  4.848E-02  4.672E-02  4.499E-02  4.327E-02  4.157E-02  3.989E-02  3.823E-02  3.660E-02  3.498E-02  3.339E-02  3.181E-02  3.026E-02  2.874E-02  2.723E-02  2.576E-02  2.431E-02  2.289E-02  2.150E-02  2.013E-02  1.880E-02  1.751E-02  1.625E-02  1.503E-02  1.385E-02  1.271E-02  1.163E-02  1.060E-02  9.516E-03  8.415E-03  7.481E-03  6.688E-03  6.020E-03  5.169E-03  4.578E-03  3.900E-03  3.383E-03  2.899E-03  2.433E-03
  390.5000  9.252E-02  9.036E-02  8.822E-02  8.610E-02  8.400E-02  8.192E-02  7.985E-02  7.780E-02  7.578E-02  7.377E-02  7.178E-02  6.981E-02  6.786E-02  6.593E-02  6.401E-02  6.212E-02  6.025E-02  5.839E-02  5.655E-02  5.473E-02  5.293E-02  5.115E-02  4.938E-02  4.764E-02  4.591E-02  4.421E-02  4.252E-02  4.085E-02  3.920E-02  3.757E-02  3.596E-02  3.438E-02  3.281E-02  3.126E-02  2.974E-02  2.824E-02  2.676E-02  2.532E-02  2.389E-02  2.249E-02  2.112E-02  1.979E-02  1.848E-02  1.721E-02  1.597E-02  1.477E-02  1.361E-02  1.249E-02  1.143E-02  1.042E-02  9.350E-03  8.270E-03  7.350E-03  6.570E-03  5.913E-03  5.076E-03  4.495E-03  3.829E-03  3.321E-03  2.845E-03  2.388E-03
  391.5000  1.098E-01  1.073E-01  1.047E-01  1.022E-01  9.972E-02  9.724E-02  9.479E-02  9.236E-02  8.995E-02  8.757E-02  8.521E-02  8.286E-02  8.055E-02  7.825E-02  7.598E-02  7.373E-02  7.151E-02  6.930E-02  6.712E-02  6.496E-02  6.283E-02  6.071E-02  5.862E-02  5.654E-02  5.449E-02  5.247E-02  5.047E-02  4.849E-02  4.653E-02  4.460E-02  4.269E-02  4.081E-02  3.894E-02  3.711E-02  3.530E-02  3.352E-02  3.177E-02  3.005E-02  2.836E-02  2.670E-02  2.508E-02  2.349E-02  2.193E-02  2.043E-02  1.895E-02  1.753E-02  1.615E-02  1.483E-02  1.357E-02  1.237E-02  1.110E-02  9.811E-03  8.722E-03  7.796E-03  7.016E-03  6.022E-03  5.332E-03  4.541E-03  3.938E-03  3.373E-03  2.830E-03
  392.5000  8.242E-02  8.049E-02  7.859E-02  7.670E-02  7.482E-02  7.296E-02  7.112E-02  6.930E-02  6.749E-02  6.570E-02  6.393E-02  6.217E-02  6.043E-02  5.871E-02  5.700E-02  5.532E-02  5.365E-02  5.199E-02  5.035E-02  4.873E-02  4.713E-02  4.554E-02  4.397E-02  4.242E-02  4.088E-02  3.936E-02  3.786E-02  3.638E-02  3.491E-02  3.346E-02  3.202E-02  3.061E-02  2.922E-02  2.784E-02  2.649E-02  2.515E-02  2.384E-02  2.255E-02  2.128E-02  2.003E-02  1.881E-02  1.762E-02  1.646E-02  1.532E-02  1.422E-02  1.315E-02  1.212E-02  1.112E-02  1.018E-02  9.278E-03  8.324E-03  7.361E-03  6.542E-03  5.847E-03  5.261E-03  4.515E-03  3.997E-03  3.404E-03  2.952E-03  2.528E-03  2.121E-03
  393.5000  3.586E-02  3.502E-02  3.419E-02  3.336E-02  3.255E-02  3.174E-02  3.094E-02  3.014E-02  2.936E-02  2.858E-02  2.781E-02  2.704E-02  2.629E-02  2.554E-02  2.479E-02  2.406E-02  2.333E-02  2.261E-02  2.190E-02  2.120E-02  2.050E-02  1.981E-02  1.913E-02  1.845E-02  1.778E-02  1.712E-02  1.647E-02  1.582E-02  1.518E-02  1.455E-02  1.393E-02  1.332E-02  1.271E-02  1.211E-02  1.152E-02  1.094E-02  1.037E-02  9.807E-03  9.255E-03  8.714E-03  8.183E-03  7.665E-03  7.158E-03  6.666E-03  6.186E-03  5.720E-03  5.271E-03  4.838E-03  4.426E-03  4.035E-03  3.620E-03  3.201E-03  2.844E-03  2.542E-03  2.287E-03  1.963E-03  1.737E-03  1.479E-03  1.282E-03  1.098E-03  9.210E-04
  394.5000  8.443E-02  8.245E-02  8.049E-02  7.856E-02  7.663E-02  7.473E-02  7.284E-02  7.097E-02  6.911E-02  6.728E-02  6.546E-02  6.366E-02  6.188E-02  6.012E-02  5.837E-02  5.664E-02  5.493E-02  5.323E-02  5.156E-02  4.990E-02  4.826E-02  4.663E-02  4.502E-02  4.343E-02  4.186E-02  4.030E-02  3.877E-02  3.724E-02  3.574E-02  3.426E-02  3.279E-02  3.135E-02  2.992E-02  2.851E-02  2.712E-02  2.575E-02  2.441E-02  2.309E-02  2.179E-02  2.051E-02  1.926E-02  1.804E-02  1.685E-02  1.569E-02  1.456E-02  1.347E-02  1.241E-02  1.139E-02  1.042E-02  9.497E-03  8.520E-03  7.535E-03  6.694E-03  5.982E-03  5.381E-03  4.618E-03  4.087E-03  3.479E-03  3.016E-03  2.582E-03  2.165E-03
  395.5000  1.087E-01  1.062E-01  1.036E-01  1.011E-01  9.866E-02  9.620E-02  9.377E-02  9.136E-02  8.897E-02  8.661E-02  8.427E-02  8.195E-02  7.965E-02  7.738E-02  7.513E-02  7.291E-02  7.070E-02  6.852E-02  6.636E-02  6.422E-02  6.211E-02  6.002E-02  5.795E-02  5.590E-02  5.387E-02  5.187E-02  4.990E-02  4.794E-02  4.600E-02  4.409E-02  4.220E-02  4.035E-02  3.851E-02  3.669E-02  3.491E-02  3.315E-02  3.142E-02  2.972E-02  2.805E-02  2.641E-02  2.480E-02  2.323E-02  2.169E-02  2.020E-02  1.874E-02  1.733E-02  1.597E-02  1.466E-02  1.341E-02  1.222E-02  1.097E-02  9.695E-03  8.614E-03  7.697E-03  6.923E-03  5.940E-03  5.256E-03  4.474E-03  3.878E-03  3.319E-03  2.783E-03
  396.5000  6.387E-02  6.237E-02  6.089E-02  5.942E-02  5.796E-02  5.652E-02  5.509E-02  5.367E-02  5.227E-02  5.088E-02  4.951E-02  4.814E-02  4.679E-02  4.546E-02  4.413E-02  4.283E-02  4.153E-02  4.025E-02  3.898E-02  3.773E-02  3.649E-02  3.526E-02  3.404E-02  3.284E-02  3.165E-02  3.047E-02  2.931E-02  2.816E-02  2.702E-02  2.590E-02  2.479E-02  2.370E-02  2.262E-02  2.156E-02  2.051E-02  1.947E-02  1.846E-02  1.746E-02  1.648E-02  1.551E-02  1.457E-02  1.365E-02  1.274E-02  1.187E-02  1.101E-02  1.018E-02  9.382E-03  8.612E-03  7.877E-03  7.180E-03  6.441E-03  5.693E-03  5.060E-03  4.520E-03  4.065E-03  3.488E-03  3.086E-03  2.626E-03  2.276E-03  1.948E-03  1.633E-03
  397.5000  7.374E-02  7.202E-02  7.030E-02  6.861E-02  6.692E-02  6.526E-02  6.360E-02  6.197E-02  6.035E-02  5.874E-02  5.715E-02  5.558E-02  5.402E-02  5.248E-02  5.095E-02  4.944E-02  4.795E-02  4.647E-02  4.500E-02  4.355E-02  4.212E-02  4.070E-02  3.930E-02  3.791E-02  3.653E-02  3.518E-02  3.384E-02  3.251E-02  3.120E-02  2.990E-02  2.862E-02  2.736E-02  2.612E-02  2.489E-02  2.368E-02  2.248E-02  2.131E-02  2.016E-02  1.902E-02  1.791E-02  1.682E-02  1.575E-02  1.471E-02  1.370E-02  1.271E-02  1.176E-02  1.083E-02  9.942E-03  9.094E-03  8.289E-03  7.436E-03  6.571E-03  5.840E-03  5.217E-03  4.692E-03  4.025E-03  3.560E-03  3.030E-03  2.625E-03  2.246E-03  1.883E-03
  398.5000  1.268E-01  1.238E-01  1.209E-01  1.180E-01  1.151E-01  1.122E-01  1.093E-01  1.065E-01  1.037E-01  1.010E-01  9.826E-02  9.555E-02  9.287E-02  9.021E-02  8.759E-02  8.500E-02  8.242E-02  7.988E-02  7.736E-02  7.486E-02  7.240E-02  6.996E-02  6.755E-02  6.516E-02  6.280E-02  6.047E-02  5.816E-02  5.588E-02  5.363E-02  5.140E-02  4.920E-02  4.704E-02  4.490E-02  4.278E-02  4.070E-02  3.865E-02  3.663E-02  3.465E-02  3.270E-02  3.079E-02  2.892E-02  2.709E-02  2.530E-02  2.355E-02  2.186E-02  2.021E-02  1.862E-02  1.709E-02  1.563E-02  1.425E-02  1.278E-02  1.130E-02  1.004E-02  8.967E-03  8.063E-03  6.916E-03  6.117E-03  5.204E-03  4.509E-03  3.857E-03  3.232E-03
  399.5000  1.320E-01  1.289E-01  1.258E-01  1.228E-01  1.197E-01  1.168E-01  1.138E-01  1.109E-01  1.080E-01  1.051E-01  1.022E-01  9.943E-02  9.664E-02  9.387E-02  9.114E-02  8.844E-02  8.576E-02  8.311E-02  8.049E-02  7.790E-02  7.534E-02  7.280E-02  7.028E-02  6.780E-02  6.534E-02  6.291E-02  6.052E-02  5.815E-02  5.580E-02  5.348E-02  5.120E-02  4.894E-02  4.671E-02  4.452E-02  4.235E-02  4.022E-02  3.812E-02  3.606E-02  3.403E-02  3.204E-02  3.009E-02  2.819E-02  2.632E-02  2.451E-02  2.275E-02  2.103E-02  1.938E-02  1.779E-02  1.627E-02  1.483E-02  1.330E-02  1.176E-02  1.044E-02  9.327E-03  8.386E-03  7.192E-03  6.361E-03  5.411E-03  4.687E-03  4.009E-03  3.359E-03
------------------------------------------------------------
Dose rates,W m-2
   1 = UV index (WMO, 1994; Webb et al., 2011)           
   2 = Previtamin-D3 (CIE 2006)                          
values at z =      0.025 km
Columns: time,sza,weighting spectra
time,hrs.  sza,deg.          1          2
   18.0000     79.707  2.472E-01  5.013E-03
   18.0167     79.913  2.395E-01  4.803E-03
   18.0333     80.119  2.319E-01  4.600E-03
   18.0500     80.325  2.246E-01  4.405E-03
   18.0667     80.531  2.173E-01  4.216E-03
   18.0833     80.737  2.102E-01  4.033E-03
   18.1000     80.944  2.033E-01  3.856E-03
   18.1167     81.150  1.964E-01  3.686E-03
   18.1333     81.357  1.898E-01  3.522E-03
   18.1500     81.563  1.833E-01  3.364E-03
   18.1667     81.770  1.769E-01  3.212E-03
   18.1833     81.976  1.706E-01  3.065E-03
   18.2000     82.183  1.645E-01  2.924E-03
   18.2167     82.390  1.585E-01  2.788E-03
   18.2333     82.597  1.526E-01  2.657E-03
   18.2500     82.804  1.469E-01  2.532E-03
   18.2667     83.011  1.413E-01  2.411E-03
   18.2833     83.219  1.358E-01  2.295E-03
   18.3000     83.426  1.305E-01  2.184E-03
   18.3167     83.634  1.253E-01  2.077E-03
   18.3333     83.841  1.202E-01  1.975E-03
   18.3500     84.048  1.152E-01  1.876E-03
   18.3667     84.256  1.103E-01  1.782E-03
   18.3833     84.464  1.056E-01  1.692E-03
   18.4000     84.672  1.009E-01  1.605E-03
   18.4167     84.879  9.643E-02  1.522E-03
   18.4333     85.087  9.204E-02  1.443E-03
   18.4500     85.295  8.776E-02  1.367E-03
   18.4667     85.503  8.358E-02  1.294E-03
   18.4833     85.711  7.951E-02  1.224E-03
   18.5000     85.920  7.556E-02  1.158E-03
   18.5167     86.127  7.172E-02  1.094E-03
   18.5333     86.336  6.798E-02  1.033E-03
   18.5500     86.544  6.434E-02  9.747E-04
   18.5667     86.753  6.081E-02  9.189E-04
   18.5833     86.961  5.738E-02  8.655E-04
   18.6000     87.170  5.406E-02  8.144E-04
   18.6167     87.378  5.085E-02  7.658E-04
   18.6333     87.587  4.774E-02  7.191E-04
   18.6500     87.795  4.473E-02  6.745E-04
   18.6667     88.004  4.182E-02  6.319E-04
   18.6833     88.213  3.901E-02  5.912E-04
   18.7000     88.422  3.630E-02  5.523E-04
   18.7167     88.630  3.371E-02  5.153E-04
   18.7333     88.839  3.121E-02  4.798E-04
   18.7500     89.049  2.882E-02  4.461E-04
   18.7667     89.258  2.653E-02  4.139E-04
   18.7833     89.467  2.436E-02  3.834E-04
   18.8000     89.675  2.231E-02  3.547E-04
   18.8167     89.885  2.038E-02  3.276E-04
   18.8333     90.094  1.835E-02  2.989E-04
   18.8500     90.303  1.632E-02  2.699E-04
   18.8667     90.513  1.460E-02  2.452E-04
   18.8833     90.722  1.314E-02  2.242E-04
   18.9000     90.931  1.191E-02  2.063E-04
   18.9167     91.140  1.035E-02  1.829E-04
   18.9333     91.350  9.257E-03  1.665E-04
   18.9500     91.559  8.002E-03  1.470E-04
   18.9667     91.769  7.029E-03  1.316E-04
   18.9833     91.978  6.118E-03  1.171E-04
   19.0000     92.187  5.229E-03  1.023E-04
------------------------------------------------------------
