Spectral Irradiance,W m-2 nm-1
values at z =      0.025 km
Columns: wavelength (nm),times (hrs.) or sza (deg.)
    wc,nm     18.000     18.017     18.033     18.050     18.067     18.083     18.100     18.117     18.133     18.150     18.167     18.183     18.200     18.217     18.233     18.250     18.267     18.283     18.300     18.317     18.333     18.350     18.367     18.383     18.400     18.417     18.433     18.450     18.467     18.483     18.500     18.517     18.533     18.550     18.567     18.583     18.600     18.617     18.633     18.650     18.667     18.683     18.700     18.717     18.733     18.750     18.767     18.783     18.800     18.817     18.833     18.850     18.867     18.883     18.900     18.917     18.933     18.950     18.967     18.983     19.000
    sza =      79.994     80.199     80.405     80.610     80.816     81.021     81.227     81.433     81.639     81.845     82.051     82.257     82.464     82.671     82.877     83.083     83.290     83.497     83.704     83.911     84.118     84.325     84.532     84.740     84.947     85.155     85.362     85.569     85.777     85.985     86.193     86.400     86.608     86.817     87.025     87.233     87.441     87.649     87.858     88.066     88.275     88.483     88.692     88.900     89.109     89.317     89.526     89.735     89.944     90.153     90.362     90.571     90.780     90.989     91.198     91.407     91.616     91.826     92.035     92.244     92.453
  280.5000  2.350E-27  2.313E-27  2.277E-27  2.240E-27  2.204E-27  2.168E-27  2.132E-27  2.096E-27  2.060E-27  2.025E-27  1.990E-27  1.955E-27  1.920E-27  1.885E-27  1.850E-27  1.815E-27  1.780E-27  1.746E-27  1.711E-27  1.676E-27  1.642E-27  1.607E-27  1.572E-27  1.537E-27  1.502E-27  1.468E-27  1.433E-27  1.397E-27  1.362E-27  1.327E-27  1.291E-27  1.255E-27  1.219E-27  1.183E-27  1.147E-27  1.110E-27  1.073E-27  1.036E-27  9.988E-28  9.612E-28  9.232E-28  8.850E-28  8.466E-28  8.079E-28  7.692E-28  7.304E-28  6.916E-28  6.533E-28  6.157E-28  5.679E-28  5.224E-28  4.832E-28  4.491E-28  4.194E-28  3.729E-28  3.445E-28  3.038E-28  2.691E-28  2.394E-28  2.119E-28  1.831E-28
  281.5000  6.428E-25  6.325E-25  6.224E-25  6.123E-25  6.023E-25  5.924E-25  5.825E-25  5.726E-25  5.628E-25  5.531E-25  5.434E-25  5.337E-25  5.241E-25  5.145E-25  5.049E-25  4.954E-25  4.859E-25  4.763E-25  4.668E-25  4.573E-25  4.479E-25  4.384E-25  4.289E-25  4.194E-25  4.098E-25  4.003E-25  3.907E-25  3.811E-25  3.715E-25  3.619E-25  3.521E-25  3.424E-25  3.326E-25  3.228E-25  3.128E-25  3.029E-25  2.928E-25  2.827E-25  2.726E-25  2.623E-25  2.520E-25  2.416E-25  2.311E-25  2.207E-25  2.101E-25  1.995E-25  1.890E-25  1.786E-25  1.684E-25  1.553E-25  1.429E-25  1.322E-25  1.229E-25  1.148E-25  1.022E-25  9.439E-26  8.328E-26  7.418E-26  6.565E-26  5.812E-26  5.025E-26
  282.5000  5.464E-23  5.377E-23  5.290E-23  5.203E-23  5.117E-23  5.032E-23  4.947E-23  4.863E-23  4.779E-23  4.696E-23  4.613E-23  4.530E-23  4.448E-23  4.366E-23  4.284E-23  4.203E-23  4.121E-23  4.040E-23  3.959E-23  3.878E-23  3.798E-23  3.717E-23  3.636E-23  3.555E-23  3.474E-23  3.393E-23  3.312E-23  3.230E-23  3.149E-23  3.067E-23  2.984E-23  2.902E-23  2.819E-23  2.735E-23  2.651E-23  2.567E-23  2.482E-23  2.397E-23  2.310E-23  2.224E-23  2.136E-23  2.049E-23  1.960E-23  1.872E-23  1.782E-23  1.693E-23  1.604E-23  1.516E-23  1.429E-23  1.319E-23  1.214E-23  1.124E-23  1.045E-23  9.766E-24  8.689E-24  8.031E-24  7.088E-24  6.282E-24  5.591E-24  4.951E-24  4.282E-24
  283.5000  8.837E-22  8.694E-22  8.553E-22  8.412E-22  8.272E-22  8.134E-22  7.996E-22  7.859E-22  7.722E-22  7.587E-22  7.452E-22  7.318E-22  7.184E-22  7.051E-22  6.918E-22  6.786E-22  6.654E-22  6.523E-22  6.391E-22  6.260E-22  6.129E-22  5.998E-22  5.867E-22  5.737E-22  5.606E-22  5.474E-22  5.343E-22  5.212E-22  5.080E-22  4.947E-22  4.814E-22  4.681E-22  4.547E-22  4.412E-22  4.277E-22  4.141E-22  4.004E-22  3.866E-22  3.727E-22  3.588E-22  3.447E-22  3.305E-22  3.163E-22  3.020E-22  2.877E-22  2.733E-22  2.589E-22  2.447E-22  2.308E-22  2.131E-22  1.962E-22  1.816E-22  1.689E-22  1.579E-22  1.405E-22  1.299E-22  1.147E-22  1.017E-22  9.049E-23  8.015E-23  6.933E-23
  284.5000  8.669E-20  8.526E-20  8.385E-20  8.245E-20  8.106E-20  7.968E-20  7.831E-20  7.695E-20  7.559E-20  7.425E-20  7.292E-20  7.159E-20  7.026E-20  6.895E-20  6.763E-20  6.633E-20  6.503E-20  6.373E-20  6.244E-20  6.114E-20  5.986E-20  5.857E-20  5.728E-20  5.600E-20  5.471E-20  5.342E-20  5.214E-20  5.085E-20  4.956E-20  4.826E-20  4.696E-20  4.566E-20  4.435E-20  4.304E-20  4.172E-20  4.039E-20  3.905E-20  3.771E-20  3.636E-20  3.500E-20  3.364E-20  3.226E-20  3.088E-20  2.949E-20  2.809E-20  2.670E-20  2.530E-20  2.392E-20  2.257E-20  2.084E-20  1.920E-20  1.778E-20  1.655E-20  1.548E-20  1.378E-20  1.275E-20  1.126E-20  9.988E-21  8.894E-21  7.882E-21  6.822E-21
  285.5000  1.619E-18  1.592E-18  1.565E-18  1.539E-18  1.513E-18  1.486E-18  1.461E-18  1.435E-18  1.409E-18  1.384E-18  1.359E-18  1.334E-18  1.309E-18  1.284E-18  1.259E-18  1.235E-18  1.210E-18  1.186E-18  1.162E-18  1.137E-18  1.113E-18  1.089E-18  1.065E-18  1.041E-18  1.017E-18  9.928E-19  9.688E-19  9.447E-19  9.206E-19  8.964E-19  8.722E-19  8.480E-19  8.236E-19  7.991E-19  7.746E-19  7.499E-19  7.251E-19  7.002E-19  6.751E-19  6.499E-19  6.246E-19  5.991E-19  5.734E-19  5.478E-19  5.219E-19  4.960E-19  4.702E-19  4.447E-19  4.197E-19  3.877E-19  3.572E-19  3.310E-19  3.082E-19  2.883E-19  2.568E-19  2.376E-19  2.100E-19  1.864E-19  1.661E-19  1.472E-19  1.275E-19
  286.5000  6.940E-17  6.823E-17  6.706E-17  6.591E-17  6.477E-17  6.364E-17  6.252E-17  6.140E-17  6.030E-17  5.920E-17  5.811E-17  5.703E-17  5.595E-17  5.488E-17  5.381E-17  5.276E-17  5.170E-17  5.065E-17  4.960E-17  4.856E-17  4.752E-17  4.648E-17  4.545E-17  4.441E-17  4.338E-17  4.235E-17  4.132E-17  4.028E-17  3.925E-17  3.822E-17  3.718E-17  3.614E-17  3.510E-17  3.406E-17  3.301E-17  3.195E-17  3.089E-17  2.983E-17  2.877E-17  2.769E-17  2.661E-17  2.553E-17  2.443E-17  2.334E-17  2.224E-17  2.114E-17  2.005E-17  1.896E-17  1.790E-17  1.654E-17  1.524E-17  1.413E-17  1.316E-17  1.231E-17  1.097E-17  1.016E-17  8.980E-18  7.974E-18  7.108E-18  6.304E-18  5.461E-18
  287.5000  1.675E-15  1.646E-15  1.618E-15  1.589E-15  1.561E-15  1.534E-15  1.506E-15  1.479E-15  1.452E-15  1.425E-15  1.398E-15  1.372E-15  1.346E-15  1.319E-15  1.293E-15  1.268E-15  1.242E-15  1.217E-15  1.191E-15  1.166E-15  1.141E-15  1.115E-15  1.090E-15  1.065E-15  1.040E-15  1.015E-15  9.904E-16  9.655E-16  9.405E-16  9.156E-16  8.906E-16  8.656E-16  8.406E-16  8.154E-16  7.902E-16  7.649E-16  7.395E-16  7.141E-16  6.885E-16  6.628E-16  6.369E-16  6.110E-16  5.849E-16  5.588E-16  5.325E-16  5.063E-16  4.801E-16  4.542E-16  4.289E-16  3.963E-16  3.654E-16  3.388E-16  3.157E-16  2.956E-16  2.635E-16  2.441E-16  2.159E-16  1.918E-16  1.711E-16  1.518E-16  1.316E-16
  288.5000  4.052E-14  3.980E-14  3.909E-14  3.840E-14  3.770E-14  3.702E-14  3.634E-14  3.566E-14  3.500E-14  3.434E-14  3.368E-14  3.303E-14  3.239E-14  3.175E-14  3.111E-14  3.048E-14  2.985E-14  2.923E-14  2.861E-14  2.799E-14  2.738E-14  2.676E-14  2.615E-14  2.554E-14  2.494E-14  2.433E-14  2.373E-14  2.312E-14  2.252E-14  2.192E-14  2.131E-14  2.071E-14  2.011E-14  1.950E-14  1.890E-14  1.829E-14  1.768E-14  1.707E-14  1.645E-14  1.584E-14  1.522E-14  1.460E-14  1.398E-14  1.335E-14  1.273E-14  1.210E-14  1.148E-14  1.086E-14  1.026E-14  9.482E-15  8.746E-15  8.112E-15  7.563E-15  7.084E-15  6.320E-15  5.856E-15  5.184E-15  4.609E-15  4.113E-15  3.652E-15  3.168E-15
  289.5000  6.899E-13  6.775E-13  6.651E-13  6.530E-13  6.410E-13  6.291E-13  6.173E-13  6.056E-13  5.941E-13  5.827E-13  5.714E-13  5.602E-13  5.490E-13  5.380E-13  5.270E-13  5.162E-13  5.054E-13  4.947E-13  4.840E-13  4.734E-13  4.629E-13  4.524E-13  4.419E-13  4.315E-13  4.211E-13  4.108E-13  4.005E-13  3.902E-13  3.799E-13  3.696E-13  3.594E-13  3.491E-13  3.389E-13  3.286E-13  3.183E-13  3.080E-13  2.977E-13  2.874E-13  2.770E-13  2.666E-13  2.561E-13  2.457E-13  2.352E-13  2.247E-13  2.141E-13  2.036E-13  1.931E-13  1.828E-13  1.727E-13  1.596E-13  1.473E-13  1.366E-13  1.274E-13  1.194E-13  1.066E-13  9.880E-14  8.751E-14  7.784E-14  6.952E-14  6.175E-14  5.359E-14
  290.5000  7.188E-12  7.055E-12  6.924E-12  6.795E-12  6.667E-12  6.541E-12  6.416E-12  6.292E-12  6.170E-12  6.049E-12  5.930E-12  5.811E-12  5.694E-12  5.577E-12  5.462E-12  5.347E-12  5.234E-12  5.121E-12  5.009E-12  4.898E-12  4.787E-12  4.677E-12  4.568E-12  4.459E-12  4.350E-12  4.242E-12  4.134E-12  4.027E-12  3.920E-12  3.813E-12  3.706E-12  3.599E-12  3.493E-12  3.386E-12  3.279E-12  3.172E-12  3.065E-12  2.959E-12  2.851E-12  2.744E-12  2.636E-12  2.528E-12  2.420E-12  2.311E-12  2.203E-12  2.095E-12  1.987E-12  1.880E-12  1.776E-12  1.643E-12  1.516E-12  1.407E-12  1.312E-12  1.230E-12  1.098E-12  1.019E-12  9.026E-13  8.034E-13  7.179E-13  6.380E-13  5.540E-13
  291.5000  6.762E-11  6.633E-11  6.506E-11  6.381E-11  6.257E-11  6.135E-11  6.014E-11  5.895E-11  5.777E-11  5.661E-11  5.546E-11  5.433E-11  5.320E-11  5.208E-11  5.098E-11  4.989E-11  4.881E-11  4.773E-11  4.666E-11  4.560E-11  4.456E-11  4.351E-11  4.247E-11  4.144E-11  4.041E-11  3.939E-11  3.838E-11  3.737E-11  3.636E-11  3.535E-11  3.434E-11  3.335E-11  3.234E-11  3.134E-11  3.035E-11  2.935E-11  2.835E-11  2.735E-11  2.635E-11  2.535E-11  2.435E-11  2.335E-11  2.234E-11  2.134E-11  2.034E-11  1.934E-11  1.834E-11  1.736E-11  1.640E-11  1.517E-11  1.400E-11  1.300E-11  1.213E-11  1.137E-11  1.016E-11  9.425E-12  8.358E-12  7.444E-12  6.657E-12  5.920E-12  5.144E-12
  292.5000  4.001E-10  3.923E-10  3.845E-10  3.769E-10  3.693E-10  3.619E-10  3.546E-10  3.474E-10  3.402E-10  3.332E-10  3.263E-10  3.194E-10  3.126E-10  3.059E-10  2.993E-10  2.927E-10  2.862E-10  2.797E-10  2.734E-10  2.670E-10  2.608E-10  2.545E-10  2.483E-10  2.422E-10  2.361E-10  2.300E-10  2.240E-10  2.180E-10  2.120E-10  2.060E-10  2.001E-10  1.942E-10  1.883E-10  1.824E-10  1.765E-10  1.707E-10  1.648E-10  1.589E-10  1.531E-10  1.472E-10  1.414E-10  1.355E-10  1.296E-10  1.238E-10  1.180E-10  1.121E-10  1.064E-10  1.007E-10  9.510E-11  8.796E-11  8.119E-11  7.538E-11  7.036E-11  6.599E-11  5.897E-11  5.474E-11  4.856E-11  4.328E-11  3.871E-11  3.446E-11  2.996E-11
  293.5000  2.721E-09  2.666E-09  2.611E-09  2.558E-09  2.505E-09  2.453E-09  2.401E-09  2.351E-09  2.301E-09  2.252E-09  2.203E-09  2.156E-09  2.108E-09  2.062E-09  2.016E-09  1.970E-09  1.925E-09  1.881E-09  1.837E-09  1.793E-09  1.750E-09  1.707E-09  1.665E-09  1.623E-09  1.581E-09  1.539E-09  1.498E-09  1.457E-09  1.416E-09  1.376E-09  1.336E-09  1.296E-09  1.256E-09  1.216E-09  1.176E-09  1.136E-09  1.097E-09  1.057E-09  1.018E-09  9.786E-10  9.393E-10  9.000E-10  8.608E-10  8.218E-10  7.828E-10  7.440E-10  7.055E-10  6.676E-10  6.307E-10  5.833E-10  5.384E-10  4.999E-10  4.667E-10  4.378E-10  3.914E-10  3.634E-10  3.226E-10  2.876E-10  2.576E-10  2.293E-10  1.996E-10
  294.5000  1.023E-08  1.001E-08  9.800E-09  9.592E-09  9.387E-09  9.185E-09  8.987E-09  8.792E-09  8.600E-09  8.411E-09  8.225E-09  8.041E-09  7.860E-09  7.681E-09  7.505E-09  7.331E-09  7.160E-09  6.990E-09  6.822E-09  6.656E-09  6.492E-09  6.330E-09  6.169E-09  6.009E-09  5.851E-09  5.695E-09  5.539E-09  5.385E-09  5.232E-09  5.080E-09  4.928E-09  4.778E-09  4.628E-09  4.479E-09  4.331E-09  4.183E-09  4.035E-09  3.889E-09  3.742E-09  3.596E-09  3.450E-09  3.304E-09  3.159E-09  3.015E-09  2.871E-09  2.728E-09  2.586E-09  2.446E-09  2.311E-09  2.137E-09  1.972E-09  1.831E-09  1.710E-09  1.604E-09  1.434E-09  1.332E-09  1.183E-09  1.055E-09  9.453E-10  8.422E-10  7.333E-10
  295.5000  5.379E-08  5.261E-08  5.144E-08  5.030E-08  4.918E-08  4.808E-08  4.700E-08  4.594E-08  4.490E-08  4.387E-08  4.286E-08  4.187E-08  4.089E-08  3.993E-08  3.898E-08  3.804E-08  3.712E-08  3.621E-08  3.531E-08  3.442E-08  3.355E-08  3.269E-08  3.183E-08  3.098E-08  3.015E-08  2.932E-08  2.850E-08  2.768E-08  2.688E-08  2.608E-08  2.528E-08  2.449E-08  2.371E-08  2.293E-08  2.216E-08  2.138E-08  2.062E-08  1.986E-08  1.910E-08  1.834E-08  1.759E-08  1.683E-08  1.609E-08  1.534E-08  1.460E-08  1.387E-08  1.314E-08  1.243E-08  1.174E-08  1.085E-08  1.002E-08  9.298E-09  8.680E-09  8.144E-09  7.284E-09  6.766E-09  6.011E-09  5.365E-09  4.813E-09  4.286E-09  3.735E-09
  296.5000  1.764E-07  1.723E-07  1.684E-07  1.645E-07  1.607E-07  1.569E-07  1.532E-07  1.496E-07  1.461E-07  1.426E-07  1.392E-07  1.359E-07  1.326E-07  1.293E-07  1.261E-07  1.230E-07  1.199E-07  1.169E-07  1.139E-07  1.109E-07  1.080E-07  1.051E-07  1.023E-07  9.950E-08  9.674E-08  9.400E-08  9.130E-08  8.862E-08  8.597E-08  8.335E-08  8.074E-08  7.817E-08  7.562E-08  7.308E-08  7.056E-08  6.806E-08  6.557E-08  6.311E-08  6.065E-08  5.821E-08  5.578E-08  5.336E-08  5.096E-08  4.858E-08  4.621E-08  4.387E-08  4.155E-08  3.927E-08  3.707E-08  3.426E-08  3.161E-08  2.934E-08  2.739E-08  2.570E-08  2.298E-08  2.135E-08  1.897E-08  1.694E-08  1.519E-08  1.355E-08  1.181E-08
  297.5000  5.973E-07  5.829E-07  5.689E-07  5.551E-07  5.417E-07  5.285E-07  5.156E-07  5.029E-07  4.905E-07  4.784E-07  4.665E-07  4.548E-07  4.433E-07  4.320E-07  4.210E-07  4.101E-07  3.994E-07  3.889E-07  3.786E-07  3.684E-07  3.584E-07  3.485E-07  3.388E-07  3.292E-07  3.197E-07  3.104E-07  3.012E-07  2.921E-07  2.831E-07  2.743E-07  2.655E-07  2.568E-07  2.482E-07  2.397E-07  2.312E-07  2.228E-07  2.145E-07  2.063E-07  1.981E-07  1.900E-07  1.819E-07  1.739E-07  1.660E-07  1.581E-07  1.503E-07  1.426E-07  1.350E-07  1.275E-07  1.203E-07  1.112E-07  1.025E-07  9.513E-08  8.878E-08  8.326E-08  7.448E-08  6.919E-08  6.150E-08  5.493E-08  4.928E-08  4.396E-08  3.836E-08
  298.5000  1.172E-06  1.142E-06  1.113E-06  1.085E-06  1.058E-06  1.031E-06  1.004E-06  9.787E-07  9.536E-07  9.290E-07  9.049E-07  8.813E-07  8.581E-07  8.354E-07  8.132E-07  7.914E-07  7.700E-07  7.489E-07  7.283E-07  7.079E-07  6.880E-07  6.684E-07  6.491E-07  6.301E-07  6.114E-07  5.930E-07  5.749E-07  5.570E-07  5.393E-07  5.219E-07  5.047E-07  4.878E-07  4.710E-07  4.544E-07  4.380E-07  4.218E-07  4.057E-07  3.898E-07  3.741E-07  3.584E-07  3.430E-07  3.276E-07  3.124E-07  2.974E-07  2.825E-07  2.678E-07  2.533E-07  2.392E-07  2.255E-07  2.082E-07  1.920E-07  1.780E-07  1.661E-07  1.557E-07  1.393E-07  1.294E-07  1.150E-07  1.027E-07  9.220E-08  8.228E-08  7.183E-08
  299.5000  4.261E-06  4.147E-06  4.036E-06  3.929E-06  3.824E-06  3.721E-06  3.621E-06  3.524E-06  3.429E-06  3.336E-06  3.245E-06  3.157E-06  3.070E-06  2.985E-06  2.902E-06  2.821E-06  2.741E-06  2.663E-06  2.586E-06  2.511E-06  2.437E-06  2.365E-06  2.294E-06  2.224E-06  2.155E-06  2.088E-06  2.022E-06  1.957E-06  1.892E-06  1.829E-06  1.767E-06  1.706E-06  1.645E-06  1.586E-06  1.527E-06  1.469E-06  1.411E-06  1.355E-06  1.298E-06  1.243E-06  1.188E-06  1.134E-06  1.080E-06  1.027E-06  9.751E-07  9.236E-07  8.730E-07  8.236E-07  7.758E-07  7.160E-07  6.596E-07  6.114E-07  5.700E-07  5.343E-07  4.777E-07  4.436E-07  3.943E-07  3.523E-07  3.162E-07  2.823E-07  2.466E-07
  300.5000  5.937E-06  5.770E-06  5.607E-06  5.450E-06  5.296E-06  5.147E-06  5.002E-06  4.862E-06  4.724E-06  4.591E-06  4.460E-06  4.333E-06  4.209E-06  4.087E-06  3.969E-06  3.853E-06  3.740E-06  3.629E-06  3.520E-06  3.414E-06  3.310E-06  3.208E-06  3.108E-06  3.010E-06  2.914E-06  2.820E-06  2.727E-06  2.636E-06  2.547E-06  2.459E-06  2.373E-06  2.288E-06  2.205E-06  2.122E-06  2.041E-06  1.961E-06  1.883E-06  1.805E-06  1.729E-06  1.653E-06  1.579E-06  1.505E-06  1.433E-06  1.361E-06  1.291E-06  1.222E-06  1.154E-06  1.087E-06  1.024E-06  9.441E-07  8.692E-07  8.051E-07  7.501E-07  7.027E-07  6.281E-07  5.830E-07  5.182E-07  4.630E-07  4.156E-07  3.711E-07  3.242E-07
  301.5000  1.866E-05  1.808E-05  1.753E-05  1.700E-05  1.649E-05  1.599E-05  1.551E-05  1.504E-05  1.459E-05  1.415E-05  1.372E-05  1.331E-05  1.290E-05  1.251E-05  1.213E-05  1.175E-05  1.139E-05  1.103E-05  1.069E-05  1.035E-05  1.002E-05  9.694E-06  9.377E-06  9.067E-06  8.764E-06  8.467E-06  8.177E-06  7.892E-06  7.613E-06  7.339E-06  7.070E-06  6.808E-06  6.549E-06  6.295E-06  6.046E-06  5.801E-06  5.560E-06  5.323E-06  5.090E-06  4.861E-06  4.636E-06  4.414E-06  4.196E-06  3.982E-06  3.771E-06  3.564E-06  3.361E-06  3.166E-06  2.976E-06  2.742E-06  2.522E-06  2.334E-06  2.172E-06  2.033E-06  1.817E-06  1.685E-06  1.497E-06  1.338E-06  1.201E-06  1.071E-06  9.369E-07
  302.5000  3.215E-05  3.109E-05  3.008E-05  2.911E-05  2.817E-05  2.726E-05  2.639E-05  2.555E-05  2.474E-05  2.396E-05  2.320E-05  2.246E-05  2.175E-05  2.105E-05  2.038E-05  1.973E-05  1.909E-05  1.847E-05  1.787E-05  1.728E-05  1.671E-05  1.614E-05  1.560E-05  1.506E-05  1.454E-05  1.403E-05  1.353E-05  1.305E-05  1.257E-05  1.210E-05  1.165E-05  1.120E-05  1.076E-05  1.033E-05  9.908E-06  9.495E-06  9.089E-06  8.693E-06  8.302E-06  7.919E-06  7.543E-06  7.174E-06  6.811E-06  6.456E-06  6.108E-06  5.767E-06  5.431E-06  5.111E-06  4.803E-06  4.420E-06  4.061E-06  3.755E-06  3.493E-06  3.267E-06  2.917E-06  2.704E-06  2.402E-06  2.145E-06  1.926E-06  1.718E-06  1.502E-06
  303.5000  8.361E-05  8.056E-05  7.766E-05  7.489E-05  7.224E-05  6.970E-05  6.726E-05  6.493E-05  6.269E-05  6.053E-05  5.846E-05  5.646E-05  5.453E-05  5.267E-05  5.086E-05  4.913E-05  4.744E-05  4.580E-05  4.422E-05  4.267E-05  4.118E-05  3.972E-05  3.830E-05  3.693E-05  3.558E-05  3.427E-05  3.300E-05  3.175E-05  3.053E-05  2.935E-05  2.819E-05  2.706E-05  2.595E-05  2.487E-05  2.381E-05  2.277E-05  2.176E-05  2.077E-05  1.981E-05  1.886E-05  1.793E-05  1.702E-05  1.614E-05  1.527E-05  1.442E-05  1.359E-05  1.279E-05  1.201E-05  1.127E-05  1.036E-05  9.506E-06  8.778E-06  8.154E-06  7.618E-06  6.796E-06  6.294E-06  5.588E-06  4.988E-06  4.475E-06  3.990E-06  3.491E-06
  304.5000  1.193E-04  1.147E-04  1.103E-04  1.061E-04  1.021E-04  9.827E-05  9.462E-05  9.113E-05  8.779E-05  8.460E-05  8.154E-05  7.859E-05  7.576E-05  7.304E-05  7.042E-05  6.790E-05  6.546E-05  6.310E-05  6.082E-05  5.861E-05  5.648E-05  5.441E-05  5.239E-05  5.044E-05  4.854E-05  4.669E-05  4.490E-05  4.315E-05  4.144E-05  3.978E-05  3.816E-05  3.658E-05  3.504E-05  3.354E-05  3.207E-05  3.064E-05  2.924E-05  2.788E-05  2.655E-05  2.524E-05  2.397E-05  2.273E-05  2.152E-05  2.034E-05  1.919E-05  1.806E-05  1.697E-05  1.592E-05  1.494E-05  1.370E-05  1.257E-05  1.159E-05  1.076E-05  1.004E-05  8.952E-06  8.286E-06  7.351E-06  6.559E-06  5.883E-06  5.248E-06  4.588E-06
  305.5000  2.458E-04  2.353E-04  2.254E-04  2.159E-04  2.069E-04  1.983E-04  1.901E-04  1.823E-04  1.749E-04  1.679E-04  1.611E-04  1.547E-04  1.485E-04  1.427E-04  1.371E-04  1.317E-04  1.265E-04  1.216E-04  1.168E-04  1.122E-04  1.078E-04  1.035E-04  9.944E-05  9.547E-05  9.163E-05  8.792E-05  8.433E-05  8.084E-05  7.745E-05  7.417E-05  7.098E-05  6.788E-05  6.487E-05  6.194E-05  5.909E-05  5.632E-05  5.362E-05  5.100E-05  4.845E-05  4.596E-05  4.355E-05  4.119E-05  3.891E-05  3.669E-05  3.453E-05  3.244E-05  3.042E-05  2.848E-05  2.663E-05  2.441E-05  2.234E-05  2.057E-05  1.906E-05  1.777E-05  1.581E-05  1.462E-05  1.295E-05  1.155E-05  1.035E-05  9.225E-06  8.063E-06
  306.5000  3.160E-04  3.020E-04  2.886E-04  2.760E-04  2.639E-04  2.525E-04  2.416E-04  2.312E-04  2.214E-04  2.120E-04  2.031E-04  1.946E-04  1.865E-04  1.788E-04  1.714E-04  1.644E-04  1.576E-04  1.512E-04  1.450E-04  1.391E-04  1.334E-04  1.279E-04  1.227E-04  1.176E-04  1.127E-04  1.080E-04  1.035E-04  9.904E-05  9.478E-05  9.064E-05  8.664E-05  8.276E-05  7.900E-05  7.534E-05  7.179E-05  6.834E-05  6.499E-05  6.174E-05  5.858E-05  5.551E-05  5.253E-05  4.963E-05  4.682E-05  4.411E-05  4.146E-05  3.891E-05  3.644E-05  3.407E-05  3.183E-05  2.915E-05  2.665E-05  2.452E-05  2.270E-05  2.113E-05  1.880E-05  1.736E-05  1.538E-05  1.370E-05  1.227E-05  1.093E-05  9.556E-06
  307.5000  7.119E-04  6.786E-04  6.468E-04  6.166E-04  5.878E-04  5.603E-04  5.342E-04  5.093E-04  4.857E-04  4.632E-04  4.418E-04  4.215E-04  4.022E-04  3.838E-04  3.663E-04  3.497E-04  3.339E-04  3.188E-04  3.045E-04  2.908E-04  2.777E-04  2.652E-04  2.533E-04  2.419E-04  2.309E-04  2.205E-04  2.104E-04  2.008E-04  1.915E-04  1.825E-04  1.739E-04  1.656E-04  1.576E-04  1.498E-04  1.423E-04  1.351E-04  1.281E-04  1.213E-04  1.148E-04  1.085E-04  1.023E-04  9.641E-05  9.068E-05  8.517E-05  7.983E-05  7.470E-05  6.977E-05  6.506E-05  6.060E-05  5.537E-05  5.050E-05  4.634E-05  4.280E-05  3.976E-05  3.530E-05  3.254E-05  2.877E-05  2.560E-05  2.291E-05  2.038E-05  1.780E-05
  308.5000  9.576E-04  9.122E-04  8.689E-04  8.277E-04  7.882E-04  7.507E-04  7.148E-04  6.807E-04  6.483E-04  6.174E-04  5.880E-04  5.601E-04  5.335E-04  5.083E-04  4.842E-04  4.615E-04  4.398E-04  4.191E-04  3.995E-04  3.808E-04  3.631E-04  3.461E-04  3.299E-04  3.145E-04  2.997E-04  2.856E-04  2.722E-04  2.593E-04  2.469E-04  2.350E-04  2.235E-04  2.126E-04  2.020E-04  1.918E-04  1.820E-04  1.725E-04  1.633E-04  1.545E-04  1.460E-04  1.378E-04  1.298E-04  1.221E-04  1.147E-04  1.076E-04  1.008E-04  9.406E-05  8.782E-05  8.178E-05  7.609E-05  6.945E-05  6.326E-05  5.798E-05  5.348E-05  4.963E-05  4.402E-05  4.054E-05  3.582E-05  3.185E-05  2.848E-05  2.533E-05  2.211E-05
  309.5000  1.188E-03  1.132E-03  1.078E-03  1.026E-03  9.763E-04  9.288E-04  8.833E-04  8.399E-04  7.985E-04  7.591E-04  7.214E-04  6.855E-04  6.512E-04  6.187E-04  5.877E-04  5.584E-04  5.304E-04  5.038E-04  4.785E-04  4.544E-04  4.317E-04  4.100E-04  3.894E-04  3.697E-04  3.511E-04  3.333E-04  3.165E-04  3.004E-04  2.850E-04  2.703E-04  2.563E-04  2.429E-04  2.301E-04  2.178E-04  2.060E-04  1.947E-04  1.838E-04  1.734E-04  1.634E-04  1.537E-04  1.444E-04  1.355E-04  1.270E-04  1.188E-04  1.109E-04  1.033E-04  9.610E-05  8.925E-05  8.281E-05  7.537E-05  6.850E-05  6.263E-05  5.762E-05  5.335E-05  4.722E-05  4.340E-05  3.828E-05  3.398E-05  3.034E-05  2.694E-05  2.350E-05
  310.5000  2.100E-03  2.002E-03  1.907E-03  1.816E-03  1.729E-03  1.645E-03  1.564E-03  1.487E-03  1.413E-03  1.342E-03  1.275E-03  1.210E-03  1.148E-03  1.089E-03  1.033E-03  9.798E-04  9.289E-04  8.804E-04  8.343E-04  7.906E-04  7.491E-04  7.095E-04  6.720E-04  6.363E-04  6.025E-04  5.704E-04  5.399E-04  5.109E-04  4.833E-04  4.571E-04  4.321E-04  4.084E-04  3.857E-04  3.641E-04  3.434E-04  3.237E-04  3.048E-04  2.868E-04  2.696E-04  2.530E-04  2.372E-04  2.220E-04  2.075E-04  1.936E-04  1.803E-04  1.676E-04  1.556E-04  1.441E-04  1.334E-04  1.212E-04  1.099E-04  1.002E-04  9.200E-05  8.500E-05  7.509E-05  6.887E-05  6.064E-05  5.375E-05  4.793E-05  4.250E-05  3.704E-05
  311.5000  3.228E-03  3.079E-03  2.936E-03  2.798E-03  2.664E-03  2.536E-03  2.412E-03  2.294E-03  2.180E-03  2.071E-03  1.966E-03  1.866E-03  1.770E-03  1.678E-03  1.590E-03  1.507E-03  1.427E-03  1.351E-03  1.279E-03  1.210E-03  1.145E-03  1.083E-03  1.024E-03  9.675E-04  9.142E-04  8.637E-04  8.158E-04  7.703E-04  7.271E-04  6.861E-04  6.472E-04  6.103E-04  5.752E-04  5.417E-04  5.099E-04  4.796E-04  4.507E-04  4.233E-04  3.970E-04  3.719E-04  3.480E-04  3.251E-04  3.033E-04  2.825E-04  2.626E-04  2.437E-04  2.257E-04  2.088E-04  1.929E-04  1.750E-04  1.583E-04  1.441E-04  1.321E-04  1.218E-04  1.075E-04  9.842E-05  8.654E-05  7.661E-05  6.823E-05  6.044E-05  5.263E-05
  312.5000  4.408E-03  4.215E-03  4.028E-03  3.847E-03  3.671E-03  3.500E-03  3.336E-03  3.177E-03  3.023E-03  2.875E-03  2.733E-03  2.595E-03  2.463E-03  2.336E-03  2.214E-03  2.097E-03  1.985E-03  1.878E-03  1.776E-03  1.678E-03  1.585E-03  1.495E-03  1.411E-03  1.330E-03  1.253E-03  1.180E-03  1.111E-03  1.045E-03  9.827E-04  9.236E-04  8.675E-04  8.146E-04  7.643E-04  7.167E-04  6.716E-04  6.289E-04  5.883E-04  5.501E-04  5.136E-04  4.791E-04  4.464E-04  4.152E-04  3.857E-04  3.578E-04  3.313E-04  3.062E-04  2.825E-04  2.602E-04  2.394E-04  2.163E-04  1.950E-04  1.768E-04  1.614E-04  1.483E-04  1.303E-04  1.189E-04  1.042E-04  9.199E-05  8.170E-05  7.217E-05  6.268E-05
  313.5000  5.417E-03  5.183E-03  4.956E-03  4.736E-03  4.522E-03  4.314E-03  4.114E-03  3.920E-03  3.732E-03  3.551E-03  3.376E-03  3.208E-03  3.045E-03  2.889E-03  2.739E-03  2.595E-03  2.457E-03  2.324E-03  2.197E-03  2.076E-03  1.960E-03  1.850E-03  1.744E-03  1.643E-03  1.548E-03  1.457E-03  1.371E-03  1.289E-03  1.211E-03  1.137E-03  1.067E-03  1.001E-03  9.385E-04  8.791E-04  8.230E-04  7.698E-04  7.195E-04  6.720E-04  6.268E-04  5.841E-04  5.436E-04  5.052E-04  4.689E-04  4.345E-04  4.019E-04  3.711E-04  3.420E-04  3.147E-04  2.894E-04  2.611E-04  2.352E-04  2.131E-04  1.943E-04  1.784E-04  1.566E-04  1.428E-04  1.250E-04  1.102E-04  9.782E-05  8.635E-05  7.497E-05
  314.5000  7.339E-03  7.044E-03  6.756E-03  6.475E-03  6.201E-03  5.934E-03  5.674E-03  5.422E-03  5.176E-03  4.938E-03  4.706E-03  4.482E-03  4.264E-03  4.054E-03  3.851E-03  3.655E-03  3.465E-03  3.282E-03  3.106E-03  2.937E-03  2.775E-03  2.619E-03  2.469E-03  2.326E-03  2.189E-03  2.058E-03  1.933E-03  1.814E-03  1.701E-03  1.594E-03  1.492E-03  1.395E-03  1.303E-03  1.216E-03  1.134E-03  1.056E-03  9.828E-04  9.137E-04  8.483E-04  7.867E-04  7.286E-04  6.738E-04  6.223E-04  5.739E-04  5.283E-04  4.854E-04  4.452E-04  4.078E-04  3.731E-04  3.352E-04  3.005E-04  2.709E-04  2.459E-04  2.246E-04  1.964E-04  1.782E-04  1.554E-04  1.365E-04  1.207E-04  1.061E-04  9.193E-05
  315.5000  7.969E-03  7.652E-03  7.343E-03  7.042E-03  6.748E-03  6.461E-03  6.181E-03  5.909E-03  5.644E-03  5.387E-03  5.137E-03  4.894E-03  4.659E-03  4.431E-03  4.211E-03  3.998E-03  3.792E-03  3.593E-03  3.402E-03  3.217E-03  3.041E-03  2.870E-03  2.707E-03  2.550E-03  2.400E-03  2.257E-03  2.120E-03  1.990E-03  1.866E-03  1.747E-03  1.635E-03  1.529E-03  1.428E-03  1.332E-03  1.241E-03  1.156E-03  1.075E-03  9.990E-04  9.270E-04  8.592E-04  7.953E-04  7.352E-04  6.785E-04  6.254E-04  5.753E-04  5.283E-04  4.843E-04  4.432E-04  4.053E-04  3.639E-04  3.260E-04  2.938E-04  2.664E-04  2.433E-04  2.125E-04  1.927E-04  1.679E-04  1.474E-04  1.302E-04  1.144E-04  9.902E-05
  316.5000  1.014E-02  9.762E-03  9.396E-03  9.038E-03  8.687E-03  8.342E-03  8.006E-03  7.676E-03  7.354E-03  7.041E-03  6.734E-03  6.435E-03  6.144E-03  5.860E-03  5.584E-03  5.316E-03  5.056E-03  4.803E-03  4.558E-03  4.321E-03  4.092E-03  3.871E-03  3.657E-03  3.451E-03  3.252E-03  3.061E-03  2.879E-03  2.703E-03  2.535E-03  2.374E-03  2.221E-03  2.075E-03  1.936E-03  1.803E-03  1.678E-03  1.559E-03  1.446E-03  1.340E-03  1.239E-03  1.145E-03  1.056E-03  9.719E-04  8.933E-04  8.198E-04  7.508E-04  6.863E-04  6.263E-04  5.705E-04  5.193E-04  4.640E-04  4.138E-04  3.711E-04  3.350E-04  3.044E-04  2.646E-04  2.388E-04  2.071E-04  1.810E-04  1.592E-04  1.393E-04  1.199E-04
  317.5000  1.434E-02  1.381E-02  1.329E-02  1.279E-02  1.229E-02  1.180E-02  1.132E-02  1.086E-02  1.040E-02  9.959E-03  9.525E-03  9.102E-03  8.689E-03  8.287E-03  7.897E-03  7.518E-03  7.149E-03  6.792E-03  6.445E-03  6.109E-03  5.786E-03  5.472E-03  5.170E-03  4.878E-03  4.597E-03  4.328E-03  4.069E-03  3.821E-03  3.583E-03  3.356E-03  3.139E-03  2.933E-03  2.736E-03  2.549E-03  2.372E-03  2.203E-03  2.044E-03  1.894E-03  1.752E-03  1.619E-03  1.493E-03  1.375E-03  1.264E-03  1.160E-03  1.063E-03  9.715E-04  8.867E-04  8.080E-04  7.356E-04  6.574E-04  5.864E-04  5.260E-04  4.749E-04  4.316E-04  3.753E-04  3.387E-04  2.938E-04  2.568E-04  2.259E-04  1.977E-04  1.709E-04
  318.5000  1.419E-02  1.371E-02  1.324E-02  1.277E-02  1.232E-02  1.187E-02  1.142E-02  1.099E-02  1.057E-02  1.015E-02  9.740E-03  9.339E-03  8.947E-03  8.563E-03  8.187E-03  7.822E-03  7.464E-03  7.114E-03  6.774E-03  6.443E-03  6.121E-03  5.808E-03  5.504E-03  5.209E-03  4.923E-03  4.647E-03  4.380E-03  4.123E-03  3.874E-03  3.635E-03  3.406E-03  3.186E-03  2.975E-03  2.774E-03  2.581E-03  2.398E-03  2.223E-03  2.058E-03  1.902E-03  1.753E-03  1.614E-03  1.482E-03  1.358E-03  1.242E-03  1.134E-03  1.033E-03  9.383E-04  8.512E-04  7.713E-04  6.861E-04  6.088E-04  5.434E-04  4.880E-04  4.412E-04  3.816E-04  3.426E-04  2.956E-04  2.569E-04  2.249E-04  1.958E-04  1.679E-04
  319.5000  1.809E-02  1.749E-02  1.690E-02  1.631E-02  1.574E-02  1.517E-02  1.462E-02  1.407E-02  1.354E-02  1.301E-02  1.250E-02  1.199E-02  1.150E-02  1.101E-02  1.054E-02  1.007E-02  9.618E-03  9.175E-03  8.743E-03  8.321E-03  7.912E-03  7.512E-03  7.124E-03  6.747E-03  6.382E-03  6.028E-03  5.686E-03  5.355E-03  5.036E-03  4.728E-03  4.432E-03  4.149E-03  3.876E-03  3.615E-03  3.365E-03  3.127E-03  2.901E-03  2.686E-03  2.482E-03  2.288E-03  2.106E-03  1.934E-03  1.772E-03  1.621E-03  1.479E-03  1.346E-03  1.223E-03  1.108E-03  1.004E-03  8.923E-04  7.913E-04  7.057E-04  6.333E-04  5.722E-04  4.944E-04  4.436E-04  3.823E-04  3.320E-04  2.903E-04  2.525E-04  2.163E-04
  320.5000  2.322E-02  2.246E-02  2.172E-02  2.099E-02  2.027E-02  1.955E-02  1.885E-02  1.817E-02  1.749E-02  1.683E-02  1.617E-02  1.553E-02  1.490E-02  1.429E-02  1.368E-02  1.309E-02  1.251E-02  1.195E-02  1.139E-02  1.086E-02  1.033E-02  9.818E-03  9.319E-03  8.834E-03  8.363E-03  7.906E-03  7.464E-03  7.036E-03  6.621E-03  6.222E-03  5.836E-03  5.466E-03  5.110E-03  4.768E-03  4.441E-03  4.129E-03  3.831E-03  3.548E-03  3.278E-03  3.023E-03  2.781E-03  2.553E-03  2.339E-03  2.138E-03  1.949E-03  1.773E-03  1.609E-03  1.458E-03  1.319E-03  1.171E-03  1.037E-03  9.238E-04  8.280E-04  7.471E-04  6.446E-04  5.775E-04  4.969E-04  4.309E-04  3.763E-04  3.267E-04  2.795E-04
  321.5000  2.442E-02  2.371E-02  2.300E-02  2.230E-02  2.160E-02  2.092E-02  2.024E-02  1.958E-02  1.892E-02  1.827E-02  1.763E-02  1.700E-02  1.637E-02  1.576E-02  1.516E-02  1.457E-02  1.398E-02  1.341E-02  1.285E-02  1.229E-02  1.175E-02  1.122E-02  1.070E-02  1.019E-02  9.695E-03  9.209E-03  8.735E-03  8.273E-03  7.822E-03  7.384E-03  6.959E-03  6.547E-03  6.148E-03  5.761E-03  5.388E-03  5.028E-03  4.682E-03  4.350E-03  4.032E-03  3.727E-03  3.437E-03  3.161E-03  2.899E-03  2.652E-03  2.419E-03  2.199E-03  1.994E-03  1.804E-03  1.629E-03  1.442E-03  1.273E-03  1.130E-03  1.009E-03  9.070E-04  7.783E-04  6.940E-04  5.937E-04  5.117E-04  4.443E-04  3.833E-04  3.257E-04
  322.5000  2.085E-02  2.018E-02  1.953E-02  1.888E-02  1.824E-02  1.762E-02  1.700E-02  1.639E-02  1.579E-02  1.520E-02  1.462E-02  1.406E-02  1.350E-02  1.295E-02  1.241E-02  1.189E-02  1.137E-02  1.087E-02  1.037E-02  9.889E-03  9.419E-03  8.960E-03  8.512E-03  8.076E-03  7.651E-03  7.239E-03  6.840E-03  6.453E-03  6.077E-03  5.715E-03  5.365E-03  5.028E-03  4.704E-03  4.392E-03  4.093E-03  3.806E-03  3.533E-03  3.273E-03  3.025E-03  2.790E-03  2.567E-03  2.357E-03  2.159E-03  1.973E-03  1.798E-03  1.635E-03  1.483E-03  1.343E-03  1.214E-03  1.077E-03  9.531E-04  8.482E-04  7.596E-04  6.848E-04  5.901E-04  5.282E-04  4.539E-04  3.931E-04  3.429E-04  2.974E-04  2.541E-04
  323.5000  2.789E-02  2.711E-02  2.634E-02  2.558E-02  2.482E-02  2.407E-02  2.333E-02  2.260E-02  2.188E-02  2.117E-02  2.046E-02  1.977E-02  1.908E-02  1.840E-02  1.773E-02  1.708E-02  1.643E-02  1.579E-02  1.516E-02  1.454E-02  1.393E-02  1.333E-02  1.274E-02  1.217E-02  1.160E-02  1.105E-02  1.050E-02  9.974E-03  9.455E-03  8.949E-03  8.455E-03  7.976E-03  7.509E-03  7.055E-03  6.615E-03  6.189E-03  5.778E-03  5.382E-03  4.999E-03  4.632E-03  4.281E-03  3.945E-03  3.624E-03  3.321E-03  3.033E-03  2.761E-03  2.506E-03  2.268E-03  2.049E-03  1.813E-03  1.600E-03  1.419E-03  1.266E-03  1.137E-03  9.735E-04  8.667E-04  7.395E-04  6.358E-04  5.506E-04  4.736E-04  4.011E-04
  324.5000  3.242E-02  3.151E-02  3.060E-02  2.971E-02  2.883E-02  2.796E-02  2.709E-02  2.624E-02  2.539E-02  2.456E-02  2.374E-02  2.293E-02  2.212E-02  2.133E-02  2.055E-02  1.979E-02  1.903E-02  1.828E-02  1.755E-02  1.683E-02  1.612E-02  1.542E-02  1.474E-02  1.407E-02  1.341E-02  1.276E-02  1.213E-02  1.152E-02  1.092E-02  1.033E-02  9.756E-03  9.200E-03  8.658E-03  8.132E-03  7.623E-03  7.130E-03  6.653E-03  6.196E-03  5.754E-03  5.330E-03  4.924E-03  4.537E-03  4.168E-03  3.818E-03  3.486E-03  3.173E-03  2.880E-03  2.607E-03  2.355E-03  2.084E-03  1.839E-03  1.632E-03  1.456E-03  1.308E-03  1.121E-03  9.981E-04  8.520E-04  7.329E-04  6.351E-04  5.465E-04  4.631E-04
  325.5000  3.513E-02  3.413E-02  3.313E-02  3.215E-02  3.117E-02  3.021E-02  2.926E-02  2.831E-02  2.739E-02  2.647E-02  2.557E-02  2.467E-02  2.379E-02  2.292E-02  2.207E-02  2.123E-02  2.040E-02  1.958E-02  1.878E-02  1.799E-02  1.722E-02  1.646E-02  1.571E-02  1.498E-02  1.427E-02  1.357E-02  1.289E-02  1.222E-02  1.157E-02  1.093E-02  1.032E-02  9.716E-03  9.134E-03  8.569E-03  8.023E-03  7.496E-03  6.987E-03  6.499E-03  6.029E-03  5.579E-03  5.149E-03  4.738E-03  4.349E-03  3.980E-03  3.631E-03  3.303E-03  2.996E-03  2.710E-03  2.447E-03  2.165E-03  1.911E-03  1.695E-03  1.513E-03  1.359E-03  1.164E-03  1.037E-03  8.861E-04  7.627E-04  6.613E-04  5.696E-04  4.832E-04
  326.5000  5.079E-02  4.947E-02  4.817E-02  4.688E-02  4.560E-02  4.433E-02  4.308E-02  4.183E-02  4.060E-02  3.938E-02  3.817E-02  3.698E-02  3.579E-02  3.462E-02  3.346E-02  3.232E-02  3.119E-02  3.008E-02  2.897E-02  2.788E-02  2.681E-02  2.575E-02  2.471E-02  2.368E-02  2.267E-02  2.167E-02  2.070E-02  1.973E-02  1.879E-02  1.786E-02  1.695E-02  1.606E-02  1.519E-02  1.434E-02  1.351E-02  1.270E-02  1.192E-02  1.116E-02  1.041E-02  9.697E-03  9.005E-03  8.337E-03  7.696E-03  7.083E-03  6.496E-03  5.939E-03  5.411E-03  4.915E-03  4.454E-03  3.949E-03  3.489E-03  3.100E-03  2.771E-03  2.492E-03  2.132E-03  1.899E-03  1.617E-03  1.387E-03  1.199E-03  1.028E-03  8.675E-04
  327.5000  4.468E-02  4.348E-02  4.230E-02  4.113E-02  3.996E-02  3.881E-02  3.767E-02  3.654E-02  3.542E-02  3.432E-02  3.322E-02  3.214E-02  3.107E-02  3.002E-02  2.897E-02  2.795E-02  2.693E-02  2.593E-02  2.494E-02  2.396E-02  2.301E-02  2.206E-02  2.113E-02  2.022E-02  1.932E-02  1.843E-02  1.757E-02  1.672E-02  1.589E-02  1.507E-02  1.428E-02  1.350E-02  1.274E-02  1.200E-02  1.128E-02  1.058E-02  9.902E-03  9.247E-03  8.612E-03  8.000E-03  7.411E-03  6.845E-03  6.304E-03  5.789E-03  5.298E-03  4.832E-03  4.394E-03  3.984E-03  3.604E-03  3.192E-03  2.818E-03  2.501E-03  2.233E-03  2.006E-03  1.717E-03  1.529E-03  1.303E-03  1.118E-03  9.676E-04  8.307E-04  7.020E-04
  328.5000  4.136E-02  4.026E-02  3.916E-02  3.807E-02  3.700E-02  3.593E-02  3.487E-02  3.383E-02  3.279E-02  3.177E-02  3.076E-02  2.976E-02  2.877E-02  2.780E-02  2.683E-02  2.588E-02  2.494E-02  2.401E-02  2.310E-02  2.219E-02  2.131E-02  2.043E-02  1.957E-02  1.872E-02  1.789E-02  1.707E-02  1.627E-02  1.548E-02  1.471E-02  1.396E-02  1.322E-02  1.250E-02  1.180E-02  1.111E-02  1.044E-02  9.795E-03  9.166E-03  8.559E-03  7.971E-03  7.403E-03  6.857E-03  6.333E-03  5.831E-03  5.353E-03  4.898E-03  4.467E-03  4.061E-03  3.680E-03  3.328E-03  2.947E-03  2.600E-03  2.307E-03  2.059E-03  1.849E-03  1.582E-03  1.408E-03  1.199E-03  1.029E-03  8.900E-04  7.637E-04  6.451E-04
  329.5000  6.118E-02  5.967E-02  5.818E-02  5.670E-02  5.522E-02  5.376E-02  5.232E-02  5.088E-02  4.946E-02  4.805E-02  4.665E-02  4.526E-02  4.389E-02  4.253E-02  4.118E-02  3.985E-02  3.853E-02  3.723E-02  3.594E-02  3.466E-02  3.340E-02  3.215E-02  3.092E-02  2.970E-02  2.850E-02  2.732E-02  2.616E-02  2.501E-02  2.388E-02  2.276E-02  2.167E-02  2.060E-02  1.954E-02  1.851E-02  1.749E-02  1.650E-02  1.553E-02  1.459E-02  1.367E-02  1.278E-02  1.191E-02  1.106E-02  1.025E-02  9.471E-03  8.718E-03  7.999E-03  7.314E-03  6.667E-03  6.062E-03  5.388E-03  4.772E-03  4.251E-03  3.810E-03  3.436E-03  2.941E-03  2.625E-03  2.236E-03  1.918E-03  1.659E-03  1.421E-03  1.197E-03
  330.5000  5.270E-02  5.135E-02  5.002E-02  4.870E-02  4.738E-02  4.608E-02  4.479E-02  4.351E-02  4.225E-02  4.100E-02  3.976E-02  3.853E-02  3.731E-02  3.611E-02  3.492E-02  3.374E-02  3.258E-02  3.143E-02  3.029E-02  2.917E-02  2.807E-02  2.697E-02  2.589E-02  2.483E-02  2.378E-02  2.275E-02  2.174E-02  2.074E-02  1.976E-02  1.880E-02  1.786E-02  1.694E-02  1.603E-02  1.514E-02  1.428E-02  1.344E-02  1.261E-02  1.182E-02  1.104E-02  1.029E-02  9.562E-03  8.860E-03  8.185E-03  7.539E-03  6.920E-03  6.330E-03  5.772E-03  5.246E-03  4.757E-03  4.220E-03  3.730E-03  3.315E-03  2.964E-03  2.667E-03  2.281E-03  2.033E-03  1.731E-03  1.485E-03  1.283E-03  1.100E-03  9.271E-04
  331.5000  5.154E-02  5.021E-02  4.889E-02  4.759E-02  4.630E-02  4.502E-02  4.375E-02  4.249E-02  4.125E-02  4.002E-02  3.879E-02  3.759E-02  3.639E-02  3.521E-02  3.403E-02  3.288E-02  3.174E-02  3.061E-02  2.949E-02  2.839E-02  2.730E-02  2.623E-02  2.517E-02  2.413E-02  2.310E-02  2.209E-02  2.110E-02  2.013E-02  1.917E-02  1.822E-02  1.730E-02  1.640E-02  1.551E-02  1.465E-02  1.381E-02  1.298E-02  1.218E-02  1.140E-02  1.065E-02  9.917E-03  9.211E-03  8.529E-03  7.874E-03  7.248E-03  6.648E-03  6.078E-03  5.538E-03  5.030E-03  4.558E-03  4.041E-03  3.570E-03  3.171E-03  2.834E-03  2.548E-03  2.179E-03  1.941E-03  1.652E-03  1.416E-03  1.224E-03  1.049E-03  8.843E-04
  332.5000  5.584E-02  5.449E-02  5.315E-02  5.182E-02  5.050E-02  4.919E-02  4.790E-02  4.661E-02  4.533E-02  4.407E-02  4.281E-02  4.157E-02  4.033E-02  3.911E-02  3.790E-02  3.670E-02  3.551E-02  3.434E-02  3.317E-02  3.202E-02  3.089E-02  2.976E-02  2.864E-02  2.754E-02  2.646E-02  2.539E-02  2.433E-02  2.329E-02  2.226E-02  2.124E-02  2.025E-02  1.927E-02  1.830E-02  1.736E-02  1.643E-02  1.552E-02  1.463E-02  1.376E-02  1.291E-02  1.209E-02  1.128E-02  1.050E-02  9.746E-03  9.018E-03  8.315E-03  7.641E-03  6.998E-03  6.389E-03  5.820E-03  5.178E-03  4.591E-03  4.095E-03  3.675E-03  3.320E-03  2.843E-03  2.541E-03  2.164E-03  1.857E-03  1.607E-03  1.377E-03  1.159E-03
  333.5000  5.041E-02  4.916E-02  4.791E-02  4.668E-02  4.546E-02  4.425E-02  4.304E-02  4.185E-02  4.067E-02  3.950E-02  3.834E-02  3.719E-02  3.605E-02  3.492E-02  3.381E-02  3.271E-02  3.161E-02  3.053E-02  2.946E-02  2.840E-02  2.736E-02  2.633E-02  2.531E-02  2.431E-02  2.331E-02  2.233E-02  2.137E-02  2.042E-02  1.949E-02  1.857E-02  1.767E-02  1.678E-02  1.592E-02  1.506E-02  1.423E-02  1.341E-02  1.262E-02  1.184E-02  1.109E-02  1.035E-02  9.643E-03  8.954E-03  8.289E-03  7.651E-03  7.037E-03  6.450E-03  5.892E-03  5.366E-03  4.875E-03  4.329E-03  3.831E-03  3.410E-03  3.053E-03  2.751E-03  2.354E-03  2.100E-03  1.787E-03  1.533E-03  1.325E-03  1.135E-03  9.554E-04
  334.5000  5.756E-02  5.615E-02  5.475E-02  5.336E-02  5.198E-02  5.062E-02  4.926E-02  4.792E-02  4.658E-02  4.527E-02  4.396E-02  4.266E-02  4.137E-02  4.010E-02  3.884E-02  3.759E-02  3.635E-02  3.513E-02  3.392E-02  3.272E-02  3.154E-02  3.037E-02  2.922E-02  2.808E-02  2.695E-02  2.584E-02  2.474E-02  2.366E-02  2.260E-02  2.155E-02  2.052E-02  1.951E-02  1.852E-02  1.755E-02  1.659E-02  1.566E-02  1.474E-02  1.385E-02  1.298E-02  1.214E-02  1.131E-02  1.052E-02  9.748E-03  9.008E-03  8.295E-03  7.612E-03  6.962E-03  6.347E-03  5.772E-03  5.130E-03  4.543E-03  4.047E-03  3.627E-03  3.272E-03  2.799E-03  2.499E-03  2.127E-03  1.824E-03  1.577E-03  1.351E-03  1.137E-03
  335.5000  6.108E-02  5.963E-02  5.819E-02  5.677E-02  5.535E-02  5.394E-02  5.254E-02  5.116E-02  4.978E-02  4.842E-02  4.707E-02  4.573E-02  4.440E-02  4.308E-02  4.177E-02  4.048E-02  3.920E-02  3.793E-02  3.667E-02  3.542E-02  3.419E-02  3.297E-02  3.176E-02  3.057E-02  2.939E-02  2.823E-02  2.708E-02  2.594E-02  2.482E-02  2.372E-02  2.263E-02  2.156E-02  2.051E-02  1.947E-02  1.845E-02  1.745E-02  1.647E-02  1.552E-02  1.458E-02  1.367E-02  1.278E-02  1.191E-02  1.107E-02  1.026E-02  9.476E-03  8.722E-03  8.001E-03  7.316E-03  6.675E-03  5.946E-03  5.278E-03  4.714E-03  4.237E-03  3.833E-03  3.284E-03  2.939E-03  2.504E-03  2.150E-03  1.861E-03  1.595E-03  1.342E-03
  336.5000  4.716E-02  4.603E-02  4.491E-02  4.380E-02  4.269E-02  4.159E-02  4.051E-02  3.943E-02  3.836E-02  3.730E-02  3.624E-02  3.520E-02  3.416E-02  3.314E-02  3.212E-02  3.112E-02  3.012E-02  2.913E-02  2.815E-02  2.719E-02  2.623E-02  2.528E-02  2.435E-02  2.342E-02  2.251E-02  2.160E-02  2.072E-02  1.984E-02  1.897E-02  1.811E-02  1.727E-02  1.645E-02  1.563E-02  1.483E-02  1.405E-02  1.328E-02  1.252E-02  1.179E-02  1.107E-02  1.037E-02  9.681E-03  9.017E-03  8.374E-03  7.753E-03  7.153E-03  6.577E-03  6.028E-03  5.506E-03  5.018E-03  4.466E-03  3.961E-03  3.534E-03  3.174E-03  2.868E-03  2.456E-03  2.196E-03  1.870E-03  1.605E-03  1.388E-03  1.189E-03  1.001E-03
  337.5000  5.018E-02  4.895E-02  4.773E-02  4.652E-02  4.532E-02  4.413E-02  4.295E-02  4.178E-02  4.061E-02  3.946E-02  3.832E-02  3.719E-02  3.607E-02  3.496E-02  3.386E-02  3.277E-02  3.169E-02  3.063E-02  2.957E-02  2.853E-02  2.750E-02  2.648E-02  2.547E-02  2.448E-02  2.349E-02  2.252E-02  2.157E-02  2.063E-02  1.970E-02  1.879E-02  1.789E-02  1.701E-02  1.614E-02  1.529E-02  1.446E-02  1.364E-02  1.285E-02  1.207E-02  1.131E-02  1.057E-02  9.857E-03  9.162E-03  8.490E-03  7.844E-03  7.222E-03  6.627E-03  6.059E-03  5.523E-03  5.022E-03  4.462E-03  3.951E-03  3.518E-03  3.153E-03  2.843E-03  2.432E-03  2.170E-03  1.847E-03  1.583E-03  1.368E-03  1.172E-03  9.857E-04
  338.5000  5.559E-02  5.427E-02  5.296E-02  5.167E-02  5.038E-02  4.910E-02  4.783E-02  4.657E-02  4.532E-02  4.408E-02  4.285E-02  4.163E-02  4.043E-02  3.923E-02  3.804E-02  3.687E-02  3.570E-02  3.454E-02  3.340E-02  3.227E-02  3.115E-02  3.004E-02  2.894E-02  2.786E-02  2.679E-02  2.573E-02  2.468E-02  2.365E-02  2.263E-02  2.163E-02  2.063E-02  1.966E-02  1.870E-02  1.776E-02  1.683E-02  1.592E-02  1.503E-02  1.416E-02  1.331E-02  1.247E-02  1.166E-02  1.087E-02  1.011E-02  9.367E-03  8.652E-03  7.963E-03  7.305E-03  6.680E-03  6.094E-03  5.428E-03  4.817E-03  4.302E-03  3.866E-03  3.497E-03  2.996E-03  2.681E-03  2.283E-03  1.960E-03  1.696E-03  1.453E-03  1.222E-03
  339.5000  6.086E-02  5.942E-02  5.800E-02  5.658E-02  5.518E-02  5.378E-02  5.240E-02  5.103E-02  4.967E-02  4.832E-02  4.698E-02  4.565E-02  4.433E-02  4.302E-02  4.173E-02  4.045E-02  3.917E-02  3.791E-02  3.666E-02  3.543E-02  3.421E-02  3.300E-02  3.180E-02  3.061E-02  2.944E-02  2.828E-02  2.714E-02  2.601E-02  2.490E-02  2.380E-02  2.272E-02  2.165E-02  2.060E-02  1.957E-02  1.855E-02  1.756E-02  1.658E-02  1.563E-02  1.469E-02  1.378E-02  1.288E-02  1.202E-02  1.117E-02  1.036E-02  9.571E-03  8.814E-03  8.089E-03  7.400E-03  6.753E-03  6.017E-03  5.342E-03  4.772E-03  4.290E-03  3.882E-03  3.326E-03  2.977E-03  2.536E-03  2.177E-03  1.884E-03  1.614E-03  1.358E-03
  340.5000  6.399E-02  6.246E-02  6.094E-02  5.944E-02  5.794E-02  5.646E-02  5.499E-02  5.353E-02  5.208E-02  5.065E-02  4.922E-02  4.781E-02  4.641E-02  4.502E-02  4.365E-02  4.229E-02  4.094E-02  3.960E-02  3.828E-02  3.696E-02  3.567E-02  3.439E-02  3.312E-02  3.187E-02  3.063E-02  2.940E-02  2.820E-02  2.701E-02  2.583E-02  2.467E-02  2.353E-02  2.241E-02  2.130E-02  2.022E-02  1.915E-02  1.810E-02  1.708E-02  1.608E-02  1.510E-02  1.414E-02  1.321E-02  1.231E-02  1.143E-02  1.059E-02  9.769E-03  8.984E-03  8.234E-03  7.522E-03  6.855E-03  6.101E-03  5.411E-03  4.827E-03  4.334E-03  3.917E-03  3.352E-03  2.997E-03  2.551E-03  2.189E-03  1.893E-03  1.621E-03  1.363E-03
  341.5000  5.827E-02  5.690E-02  5.555E-02  5.420E-02  5.286E-02  5.153E-02  5.021E-02  4.890E-02  4.761E-02  4.632E-02  4.504E-02  4.378E-02  4.252E-02  4.127E-02  4.004E-02  3.882E-02  3.760E-02  3.640E-02  3.521E-02  3.403E-02  3.286E-02  3.171E-02  3.056E-02  2.943E-02  2.831E-02  2.721E-02  2.612E-02  2.504E-02  2.397E-02  2.292E-02  2.188E-02  2.087E-02  1.986E-02  1.887E-02  1.790E-02  1.694E-02  1.601E-02  1.509E-02  1.419E-02  1.332E-02  1.246E-02  1.163E-02  1.082E-02  1.003E-02  9.274E-03  8.543E-03  7.844E-03  7.179E-03  6.555E-03  5.842E-03  5.188E-03  4.636E-03  4.170E-03  3.775E-03  3.234E-03  2.897E-03  2.467E-03  2.118E-03  1.834E-03  1.571E-03  1.321E-03
  342.5000  6.489E-02  6.337E-02  6.186E-02  6.037E-02  5.888E-02  5.740E-02  5.594E-02  5.449E-02  5.304E-02  5.162E-02  5.020E-02  4.879E-02  4.740E-02  4.601E-02  4.464E-02  4.328E-02  4.194E-02  4.060E-02  3.928E-02  3.797E-02  3.667E-02  3.539E-02  3.412E-02  3.286E-02  3.161E-02  3.038E-02  2.917E-02  2.797E-02  2.679E-02  2.562E-02  2.446E-02  2.333E-02  2.221E-02  2.111E-02  2.003E-02  1.896E-02  1.792E-02  1.690E-02  1.590E-02  1.492E-02  1.396E-02  1.303E-02  1.213E-02  1.125E-02  1.040E-02  9.588E-03  8.806E-03  8.062E-03  7.363E-03  6.564E-03  5.830E-03  5.211E-03  4.688E-03  4.246E-03  3.638E-03  3.259E-03  2.776E-03  2.383E-03  2.063E-03  1.768E-03  1.486E-03
  343.5000  6.689E-02  6.531E-02  6.375E-02  6.220E-02  6.066E-02  5.913E-02  5.761E-02  5.610E-02  5.461E-02  5.313E-02  5.166E-02  5.020E-02  4.876E-02  4.732E-02  4.590E-02  4.450E-02  4.310E-02  4.172E-02  4.035E-02  3.899E-02  3.765E-02  3.632E-02  3.501E-02  3.371E-02  3.242E-02  3.115E-02  2.990E-02  2.866E-02  2.743E-02  2.623E-02  2.504E-02  2.387E-02  2.271E-02  2.158E-02  2.046E-02  1.936E-02  1.829E-02  1.724E-02  1.621E-02  1.520E-02  1.422E-02  1.326E-02  1.233E-02  1.144E-02  1.057E-02  9.732E-03  8.932E-03  8.171E-03  7.457E-03  6.644E-03  5.898E-03  5.267E-03  4.735E-03  4.285E-03  3.669E-03  3.284E-03  2.796E-03  2.400E-03  2.076E-03  1.778E-03  1.495E-03
  344.5000  4.649E-02  4.538E-02  4.429E-02  4.320E-02  4.213E-02  4.106E-02  3.999E-02  3.894E-02  3.790E-02  3.686E-02  3.583E-02  3.481E-02  3.380E-02  3.280E-02  3.181E-02  3.083E-02  2.985E-02  2.889E-02  2.793E-02  2.699E-02  2.605E-02  2.512E-02  2.421E-02  2.330E-02  2.240E-02  2.152E-02  2.064E-02  1.978E-02  1.893E-02  1.809E-02  1.726E-02  1.644E-02  1.564E-02  1.485E-02  1.408E-02  1.331E-02  1.257E-02  1.184E-02  1.113E-02  1.043E-02  9.748E-03  9.087E-03  8.445E-03  7.825E-03  7.225E-03  6.649E-03  6.097E-03  5.574E-03  5.082E-03  4.525E-03  4.014E-03  3.583E-03  3.218E-03  2.909E-03  2.490E-03  2.227E-03  1.895E-03  1.626E-03  1.406E-03  1.204E-03  1.012E-03
  345.5000  6.525E-02  6.373E-02  6.222E-02  6.072E-02  5.923E-02  5.775E-02  5.629E-02  5.483E-02  5.339E-02  5.196E-02  5.054E-02  4.913E-02  4.773E-02  4.635E-02  4.497E-02  4.361E-02  4.226E-02  4.092E-02  3.960E-02  3.828E-02  3.699E-02  3.570E-02  3.442E-02  3.316E-02  3.192E-02  3.068E-02  2.946E-02  2.826E-02  2.707E-02  2.590E-02  2.474E-02  2.360E-02  2.247E-02  2.137E-02  2.028E-02  1.921E-02  1.815E-02  1.713E-02  1.612E-02  1.513E-02  1.417E-02  1.323E-02  1.231E-02  1.143E-02  1.057E-02  9.748E-03  8.956E-03  8.202E-03  7.494E-03  6.683E-03  5.937E-03  5.308E-03  4.777E-03  4.327E-03  3.707E-03  3.322E-03  2.830E-03  2.429E-03  2.103E-03  1.802E-03  1.515E-03
  346.5000  6.022E-02  5.880E-02  5.739E-02  5.599E-02  5.460E-02  5.323E-02  5.186E-02  5.050E-02  4.916E-02  4.783E-02  4.650E-02  4.519E-02  4.389E-02  4.260E-02  4.132E-02  4.006E-02  3.880E-02  3.756E-02  3.632E-02  3.510E-02  3.390E-02  3.270E-02  3.152E-02  3.035E-02  2.919E-02  2.804E-02  2.692E-02  2.580E-02  2.470E-02  2.361E-02  2.254E-02  2.149E-02  2.045E-02  1.942E-02  1.842E-02  1.743E-02  1.646E-02  1.552E-02  1.459E-02  1.368E-02  1.280E-02  1.194E-02  1.110E-02  1.029E-02  9.509E-03  8.756E-03  8.035E-03  7.349E-03  6.706E-03  5.973E-03  5.301E-03  4.733E-03  4.254E-03  3.848E-03  3.294E-03  2.948E-03  2.509E-03  2.153E-03  1.862E-03  1.594E-03  1.339E-03
  347.5000  5.897E-02  5.759E-02  5.621E-02  5.484E-02  5.348E-02  5.214E-02  5.080E-02  4.947E-02  4.816E-02  4.685E-02  4.556E-02  4.428E-02  4.300E-02  4.174E-02  4.049E-02  3.925E-02  3.802E-02  3.680E-02  3.560E-02  3.440E-02  3.322E-02  3.205E-02  3.090E-02  2.975E-02  2.862E-02  2.750E-02  2.639E-02  2.530E-02  2.422E-02  2.316E-02  2.211E-02  2.108E-02  2.006E-02  1.906E-02  1.807E-02  1.711E-02  1.616E-02  1.523E-02  1.432E-02  1.343E-02  1.256E-02  1.172E-02  1.090E-02  1.011E-02  9.339E-03  8.600E-03  7.893E-03  7.220E-03  6.588E-03  5.869E-03  5.209E-03  4.651E-03  4.180E-03  3.782E-03  3.237E-03  2.897E-03  2.465E-03  2.115E-03  1.829E-03  1.566E-03  1.315E-03
  348.5000  6.519E-02  6.366E-02  6.214E-02  6.064E-02  5.914E-02  5.766E-02  5.619E-02  5.472E-02  5.327E-02  5.184E-02  5.041E-02  4.900E-02  4.760E-02  4.620E-02  4.483E-02  4.346E-02  4.211E-02  4.077E-02  3.944E-02  3.812E-02  3.682E-02  3.553E-02  3.425E-02  3.299E-02  3.174E-02  3.050E-02  2.928E-02  2.808E-02  2.689E-02  2.571E-02  2.455E-02  2.341E-02  2.229E-02  2.118E-02  2.009E-02  1.902E-02  1.797E-02  1.695E-02  1.594E-02  1.496E-02  1.400E-02  1.306E-02  1.215E-02  1.127E-02  1.042E-02  9.597E-03  8.811E-03  8.063E-03  7.360E-03  6.559E-03  5.823E-03  5.201E-03  4.676E-03  4.232E-03  3.622E-03  3.243E-03  2.760E-03  2.368E-03  2.048E-03  1.754E-03  1.473E-03
  349.5000  5.463E-02  5.335E-02  5.207E-02  5.081E-02  4.956E-02  4.831E-02  4.708E-02  4.585E-02  4.464E-02  4.343E-02  4.224E-02  4.105E-02  3.988E-02  3.871E-02  3.755E-02  3.641E-02  3.528E-02  3.415E-02  3.304E-02  3.193E-02  3.084E-02  2.976E-02  2.869E-02  2.763E-02  2.658E-02  2.555E-02  2.453E-02  2.352E-02  2.252E-02  2.153E-02  2.056E-02  1.961E-02  1.866E-02  1.774E-02  1.682E-02  1.593E-02  1.505E-02  1.419E-02  1.334E-02  1.252E-02  1.172E-02  1.093E-02  1.017E-02  9.432E-03  8.718E-03  8.030E-03  7.371E-03  6.745E-03  6.156E-03  5.485E-03  4.869E-03  4.348E-03  3.908E-03  3.537E-03  3.027E-03  2.709E-03  2.306E-03  1.978E-03  1.711E-03  1.464E-03  1.230E-03
  350.5000  7.663E-02  7.483E-02  7.304E-02  7.128E-02  6.952E-02  6.777E-02  6.604E-02  6.432E-02  6.262E-02  6.094E-02  5.926E-02  5.760E-02  5.595E-02  5.431E-02  5.269E-02  5.109E-02  4.950E-02  4.792E-02  4.636E-02  4.482E-02  4.329E-02  4.177E-02  4.027E-02  3.879E-02  3.732E-02  3.586E-02  3.443E-02  3.302E-02  3.162E-02  3.024E-02  2.887E-02  2.753E-02  2.621E-02  2.491E-02  2.363E-02  2.237E-02  2.114E-02  1.993E-02  1.875E-02  1.759E-02  1.646E-02  1.536E-02  1.429E-02  1.326E-02  1.225E-02  1.129E-02  1.036E-02  9.481E-03  8.654E-03  7.711E-03  6.844E-03  6.112E-03  5.494E-03  4.972E-03  4.255E-03  3.809E-03  3.241E-03  2.780E-03  2.404E-03  2.057E-03  1.728E-03
  351.5000  6.595E-02  6.440E-02  6.287E-02  6.134E-02  5.983E-02  5.832E-02  5.683E-02  5.535E-02  5.388E-02  5.243E-02  5.099E-02  4.955E-02  4.813E-02  4.672E-02  4.533E-02  4.395E-02  4.258E-02  4.122E-02  3.987E-02  3.854E-02  3.722E-02  3.592E-02  3.462E-02  3.335E-02  3.208E-02  3.083E-02  2.960E-02  2.838E-02  2.717E-02  2.598E-02  2.481E-02  2.366E-02  2.252E-02  2.140E-02  2.030E-02  1.921E-02  1.815E-02  1.711E-02  1.609E-02  1.510E-02  1.413E-02  1.318E-02  1.226E-02  1.137E-02  1.051E-02  9.677E-03  8.882E-03  8.125E-03  7.415E-03  6.605E-03  5.862E-03  5.233E-03  4.703E-03  4.255E-03  3.640E-03  3.257E-03  2.771E-03  2.376E-03  2.054E-03  1.758E-03  1.476E-03
  352.5000  5.962E-02  5.822E-02  5.683E-02  5.545E-02  5.408E-02  5.273E-02  5.138E-02  5.004E-02  4.872E-02  4.741E-02  4.610E-02  4.481E-02  4.353E-02  4.225E-02  4.099E-02  3.975E-02  3.851E-02  3.728E-02  3.607E-02  3.486E-02  3.368E-02  3.250E-02  3.133E-02  3.017E-02  2.903E-02  2.790E-02  2.679E-02  2.568E-02  2.459E-02  2.352E-02  2.246E-02  2.142E-02  2.039E-02  1.938E-02  1.838E-02  1.740E-02  1.644E-02  1.550E-02  1.458E-02  1.368E-02  1.280E-02  1.194E-02  1.111E-02  1.031E-02  9.526E-03  8.774E-03  8.054E-03  7.368E-03  6.725E-03  5.991E-03  5.317E-03  4.747E-03  4.266E-03  3.859E-03  3.302E-03  2.955E-03  2.514E-03  2.155E-03  1.863E-03  1.594E-03  1.338E-03
  353.5000  7.200E-02  7.031E-02  6.863E-02  6.698E-02  6.533E-02  6.369E-02  6.207E-02  6.045E-02  5.886E-02  5.727E-02  5.570E-02  5.414E-02  5.260E-02  5.106E-02  4.954E-02  4.804E-02  4.655E-02  4.507E-02  4.360E-02  4.215E-02  4.072E-02  3.930E-02  3.789E-02  3.649E-02  3.512E-02  3.375E-02  3.241E-02  3.108E-02  2.977E-02  2.847E-02  2.719E-02  2.593E-02  2.469E-02  2.347E-02  2.226E-02  2.108E-02  1.992E-02  1.879E-02  1.767E-02  1.658E-02  1.552E-02  1.448E-02  1.348E-02  1.250E-02  1.156E-02  1.065E-02  9.775E-03  8.945E-03  8.165E-03  7.275E-03  6.457E-03  5.766E-03  5.182E-03  4.689E-03  4.012E-03  3.591E-03  3.054E-03  2.619E-03  2.264E-03  1.937E-03  1.626E-03
  354.5000  7.814E-02  7.631E-02  7.449E-02  7.269E-02  7.091E-02  6.913E-02  6.737E-02  6.563E-02  6.389E-02  6.218E-02  6.048E-02  5.879E-02  5.711E-02  5.545E-02  5.380E-02  5.217E-02  5.056E-02  4.895E-02  4.737E-02  4.579E-02  4.424E-02  4.270E-02  4.117E-02  3.966E-02  3.816E-02  3.669E-02  3.523E-02  3.379E-02  3.236E-02  3.095E-02  2.957E-02  2.820E-02  2.685E-02  2.553E-02  2.422E-02  2.294E-02  2.168E-02  2.045E-02  1.924E-02  1.805E-02  1.690E-02  1.577E-02  1.468E-02  1.362E-02  1.259E-02  1.160E-02  1.065E-02  9.750E-03  8.901E-03  7.931E-03  7.040E-03  6.287E-03  5.652E-03  5.114E-03  4.376E-03  3.916E-03  3.332E-03  2.856E-03  2.470E-03  2.113E-03  1.773E-03
  355.5000  7.308E-02  7.137E-02  6.967E-02  6.799E-02  6.632E-02  6.466E-02  6.301E-02  6.138E-02  5.976E-02  5.816E-02  5.656E-02  5.498E-02  5.342E-02  5.186E-02  5.032E-02  4.880E-02  4.729E-02  4.579E-02  4.430E-02  4.283E-02  4.138E-02  3.994E-02  3.851E-02  3.710E-02  3.570E-02  3.432E-02  3.295E-02  3.161E-02  3.027E-02  2.896E-02  2.766E-02  2.638E-02  2.512E-02  2.388E-02  2.266E-02  2.146E-02  2.028E-02  1.913E-02  1.800E-02  1.689E-02  1.581E-02  1.476E-02  1.373E-02  1.274E-02  1.178E-02  1.085E-02  9.966E-03  9.121E-03  8.326E-03  7.419E-03  6.585E-03  5.880E-03  5.285E-03  4.782E-03  4.091E-03  3.661E-03  3.114E-03  2.670E-03  2.308E-03  1.974E-03  1.657E-03
  356.5000  6.785E-02  6.626E-02  6.468E-02  6.312E-02  6.157E-02  6.003E-02  5.850E-02  5.698E-02  5.548E-02  5.399E-02  5.251E-02  5.104E-02  4.959E-02  4.815E-02  4.672E-02  4.530E-02  4.390E-02  4.251E-02  4.113E-02  3.976E-02  3.841E-02  3.707E-02  3.575E-02  3.444E-02  3.314E-02  3.186E-02  3.059E-02  2.934E-02  2.810E-02  2.688E-02  2.568E-02  2.449E-02  2.332E-02  2.217E-02  2.103E-02  1.992E-02  1.883E-02  1.776E-02  1.671E-02  1.568E-02  1.467E-02  1.370E-02  1.275E-02  1.183E-02  1.093E-02  1.007E-02  9.247E-03  8.462E-03  7.725E-03  6.883E-03  6.108E-03  5.454E-03  4.901E-03  4.435E-03  3.793E-03  3.394E-03  2.887E-03  2.474E-03  2.139E-03  1.829E-03  1.535E-03
  357.5000  5.771E-02  5.635E-02  5.501E-02  5.368E-02  5.236E-02  5.105E-02  4.975E-02  4.846E-02  4.718E-02  4.591E-02  4.465E-02  4.340E-02  4.217E-02  4.094E-02  3.972E-02  3.852E-02  3.733E-02  3.614E-02  3.497E-02  3.381E-02  3.266E-02  3.152E-02  3.039E-02  2.928E-02  2.818E-02  2.708E-02  2.601E-02  2.494E-02  2.389E-02  2.285E-02  2.183E-02  2.082E-02  1.982E-02  1.884E-02  1.788E-02  1.693E-02  1.600E-02  1.509E-02  1.420E-02  1.332E-02  1.247E-02  1.164E-02  1.083E-02  1.005E-02  9.289E-03  8.557E-03  7.856E-03  7.188E-03  6.561E-03  5.845E-03  5.187E-03  4.630E-03  4.161E-03  3.764E-03  3.219E-03  2.880E-03  2.449E-03  2.099E-03  1.814E-03  1.551E-03  1.301E-03
  358.5000  4.460E-02  4.356E-02  4.252E-02  4.150E-02  4.047E-02  3.946E-02  3.846E-02  3.746E-02  3.647E-02  3.549E-02  3.452E-02  3.356E-02  3.260E-02  3.165E-02  3.071E-02  2.979E-02  2.886E-02  2.795E-02  2.704E-02  2.614E-02  2.526E-02  2.438E-02  2.351E-02  2.265E-02  2.179E-02  2.095E-02  2.012E-02  1.930E-02  1.848E-02  1.768E-02  1.689E-02  1.611E-02  1.534E-02  1.458E-02  1.384E-02  1.311E-02  1.239E-02  1.168E-02  1.099E-02  1.032E-02  9.656E-03  9.012E-03  8.387E-03  7.781E-03  7.193E-03  6.627E-03  6.085E-03  5.568E-03  5.082E-03  4.528E-03  4.018E-03  3.587E-03  3.223E-03  2.916E-03  2.493E-03  2.231E-03  1.897E-03  1.625E-03  1.405E-03  1.201E-03  1.008E-03
  359.5000  7.511E-02  7.335E-02  7.160E-02  6.988E-02  6.816E-02  6.645E-02  6.476E-02  6.308E-02  6.141E-02  5.977E-02  5.813E-02  5.651E-02  5.490E-02  5.330E-02  5.172E-02  5.015E-02  4.860E-02  4.706E-02  4.554E-02  4.402E-02  4.253E-02  4.105E-02  3.958E-02  3.813E-02  3.670E-02  3.528E-02  3.388E-02  3.249E-02  3.112E-02  2.977E-02  2.844E-02  2.713E-02  2.583E-02  2.456E-02  2.330E-02  2.207E-02  2.086E-02  1.967E-02  1.851E-02  1.737E-02  1.626E-02  1.518E-02  1.412E-02  1.310E-02  1.211E-02  1.116E-02  1.024E-02  9.373E-03  8.555E-03  7.621E-03  6.763E-03  6.037E-03  5.424E-03  4.906E-03  4.195E-03  3.753E-03  3.190E-03  2.733E-03  2.362E-03  2.019E-03  1.694E-03
  360.5000  6.967E-02  6.804E-02  6.642E-02  6.481E-02  6.322E-02  6.163E-02  6.006E-02  5.851E-02  5.696E-02  5.544E-02  5.392E-02  5.241E-02  5.092E-02  4.944E-02  4.797E-02  4.652E-02  4.508E-02  4.365E-02  4.224E-02  4.084E-02  3.945E-02  3.808E-02  3.672E-02  3.537E-02  3.404E-02  3.273E-02  3.143E-02  3.014E-02  2.887E-02  2.762E-02  2.638E-02  2.517E-02  2.396E-02  2.278E-02  2.162E-02  2.047E-02  1.935E-02  1.825E-02  1.717E-02  1.611E-02  1.508E-02  1.408E-02  1.310E-02  1.215E-02  1.124E-02  1.035E-02  9.502E-03  8.695E-03  7.935E-03  7.069E-03  6.272E-03  5.598E-03  5.029E-03  4.549E-03  3.889E-03  3.479E-03  2.957E-03  2.533E-03  2.189E-03  1.871E-03  1.568E-03
  361.5000  6.289E-02  6.142E-02  5.996E-02  5.851E-02  5.707E-02  5.564E-02  5.423E-02  5.282E-02  5.143E-02  5.005E-02  4.868E-02  4.732E-02  4.597E-02  4.464E-02  4.331E-02  4.200E-02  4.070E-02  3.942E-02  3.814E-02  3.688E-02  3.563E-02  3.439E-02  3.316E-02  3.195E-02  3.075E-02  2.956E-02  2.839E-02  2.723E-02  2.608E-02  2.495E-02  2.383E-02  2.274E-02  2.165E-02  2.058E-02  1.953E-02  1.850E-02  1.748E-02  1.649E-02  1.552E-02  1.456E-02  1.363E-02  1.272E-02  1.184E-02  1.099E-02  1.016E-02  9.357E-03  8.590E-03  7.860E-03  7.174E-03  6.390E-03  5.670E-03  5.061E-03  4.546E-03  4.112E-03  3.515E-03  3.144E-03  2.672E-03  2.289E-03  1.978E-03  1.690E-03  1.417E-03
  362.5000  7.393E-02  7.220E-02  7.048E-02  6.878E-02  6.708E-02  6.540E-02  6.374E-02  6.209E-02  6.045E-02  5.883E-02  5.722E-02  5.562E-02  5.404E-02  5.247E-02  5.092E-02  4.938E-02  4.785E-02  4.634E-02  4.484E-02  4.335E-02  4.188E-02  4.043E-02  3.899E-02  3.756E-02  3.615E-02  3.475E-02  3.338E-02  3.201E-02  3.067E-02  2.934E-02  2.803E-02  2.674E-02  2.546E-02  2.420E-02  2.297E-02  2.176E-02  2.056E-02  1.940E-02  1.825E-02  1.713E-02  1.603E-02  1.497E-02  1.393E-02  1.292E-02  1.194E-02  1.101E-02  1.010E-02  9.245E-03  8.438E-03  7.516E-03  6.669E-03  5.952E-03  5.346E-03  4.836E-03  4.133E-03  3.697E-03  3.141E-03  2.691E-03  2.324E-03  1.986E-03  1.665E-03
  363.5000  6.581E-02  6.427E-02  6.274E-02  6.122E-02  5.972E-02  5.822E-02  5.674E-02  5.527E-02  5.381E-02  5.237E-02  5.094E-02  4.951E-02  4.811E-02  4.671E-02  4.532E-02  4.396E-02  4.260E-02  4.125E-02  3.991E-02  3.859E-02  3.729E-02  3.599E-02  3.471E-02  3.344E-02  3.218E-02  3.094E-02  2.971E-02  2.850E-02  2.730E-02  2.612E-02  2.495E-02  2.380E-02  2.267E-02  2.155E-02  2.045E-02  1.937E-02  1.831E-02  1.727E-02  1.625E-02  1.525E-02  1.428E-02  1.333E-02  1.240E-02  1.151E-02  1.064E-02  9.799E-03  8.996E-03  8.231E-03  7.512E-03  6.691E-03  5.937E-03  5.298E-03  4.758E-03  4.303E-03  3.678E-03  3.289E-03  2.794E-03  2.393E-03  2.067E-03  1.766E-03  1.480E-03
  364.5000  7.182E-02  7.013E-02  6.846E-02  6.681E-02  6.516E-02  6.353E-02  6.191E-02  6.031E-02  5.872E-02  5.714E-02  5.558E-02  5.403E-02  5.249E-02  5.097E-02  4.945E-02  4.796E-02  4.648E-02  4.501E-02  4.355E-02  4.211E-02  4.068E-02  3.927E-02  3.787E-02  3.648E-02  3.511E-02  3.376E-02  3.242E-02  3.110E-02  2.979E-02  2.850E-02  2.722E-02  2.597E-02  2.473E-02  2.351E-02  2.231E-02  2.113E-02  1.997E-02  1.884E-02  1.773E-02  1.664E-02  1.557E-02  1.454E-02  1.353E-02  1.255E-02  1.160E-02  1.069E-02  9.811E-03  8.976E-03  8.191E-03  7.296E-03  6.473E-03  5.775E-03  5.187E-03  4.690E-03  4.008E-03  3.584E-03  3.044E-03  2.607E-03  2.251E-03  1.923E-03  1.611E-03
  365.5000  8.753E-02  8.547E-02  8.344E-02  8.142E-02  7.941E-02  7.743E-02  7.545E-02  7.350E-02  7.156E-02  6.964E-02  6.773E-02  6.584E-02  6.396E-02  6.210E-02  6.026E-02  5.844E-02  5.663E-02  5.484E-02  5.307E-02  5.131E-02  4.957E-02  4.785E-02  4.614E-02  4.445E-02  4.278E-02  4.113E-02  3.950E-02  3.789E-02  3.630E-02  3.472E-02  3.317E-02  3.164E-02  3.013E-02  2.865E-02  2.718E-02  2.575E-02  2.433E-02  2.295E-02  2.160E-02  2.027E-02  1.897E-02  1.771E-02  1.648E-02  1.528E-02  1.413E-02  1.301E-02  1.195E-02  1.093E-02  9.972E-03  8.882E-03  7.878E-03  7.029E-03  6.312E-03  5.706E-03  4.875E-03  4.359E-03  3.702E-03  3.170E-03  2.737E-03  2.338E-03  1.959E-03
  366.5000  9.272E-02  9.054E-02  8.839E-02  8.625E-02  8.413E-02  8.202E-02  7.993E-02  7.786E-02  7.580E-02  7.377E-02  7.175E-02  6.974E-02  6.776E-02  6.579E-02  6.384E-02  6.191E-02  6.000E-02  5.810E-02  5.622E-02  5.436E-02  5.252E-02  5.069E-02  4.889E-02  4.710E-02  4.533E-02  4.358E-02  4.186E-02  4.015E-02  3.846E-02  3.679E-02  3.515E-02  3.353E-02  3.193E-02  3.036E-02  2.881E-02  2.728E-02  2.579E-02  2.433E-02  2.289E-02  2.148E-02  2.011E-02  1.877E-02  1.746E-02  1.620E-02  1.498E-02  1.379E-02  1.266E-02  1.158E-02  1.057E-02  9.413E-03  8.350E-03  7.449E-03  6.689E-03  6.047E-03  5.165E-03  4.618E-03  3.922E-03  3.357E-03  2.899E-03  2.475E-03  2.073E-03
  367.5000  8.812E-02  8.605E-02  8.400E-02  8.197E-02  7.995E-02  7.795E-02  7.596E-02  7.399E-02  7.204E-02  7.011E-02  6.819E-02  6.628E-02  6.440E-02  6.253E-02  6.067E-02  5.884E-02  5.702E-02  5.522E-02  5.343E-02  5.166E-02  4.992E-02  4.818E-02  4.647E-02  4.477E-02  4.309E-02  4.143E-02  3.979E-02  3.816E-02  3.656E-02  3.498E-02  3.341E-02  3.188E-02  3.036E-02  2.886E-02  2.739E-02  2.594E-02  2.452E-02  2.313E-02  2.176E-02  2.043E-02  1.912E-02  1.785E-02  1.661E-02  1.541E-02  1.424E-02  1.312E-02  1.204E-02  1.102E-02  1.005E-02  8.952E-03  7.940E-03  7.083E-03  6.359E-03  5.749E-03  4.910E-03  4.389E-03  3.727E-03  3.190E-03  2.754E-03  2.352E-03  1.970E-03
  368.5000  7.745E-02  7.563E-02  7.383E-02  7.205E-02  7.027E-02  6.851E-02  6.676E-02  6.503E-02  6.331E-02  6.162E-02  5.993E-02  5.826E-02  5.660E-02  5.495E-02  5.333E-02  5.172E-02  5.012E-02  4.853E-02  4.696E-02  4.541E-02  4.387E-02  4.235E-02  4.084E-02  3.935E-02  3.787E-02  3.641E-02  3.497E-02  3.354E-02  3.213E-02  3.074E-02  2.937E-02  2.802E-02  2.668E-02  2.537E-02  2.407E-02  2.280E-02  2.155E-02  2.033E-02  1.913E-02  1.795E-02  1.680E-02  1.568E-02  1.459E-02  1.354E-02  1.252E-02  1.153E-02  1.058E-02  9.680E-03  8.831E-03  7.865E-03  6.976E-03  6.222E-03  5.586E-03  5.049E-03  4.312E-03  3.854E-03  3.272E-03  2.800E-03  2.417E-03  2.064E-03  1.729E-03
  369.5000  9.296E-02  9.078E-02  8.861E-02  8.647E-02  8.434E-02  8.222E-02  8.013E-02  7.805E-02  7.599E-02  7.395E-02  7.192E-02  6.992E-02  6.792E-02  6.595E-02  6.400E-02  6.206E-02  6.015E-02  5.824E-02  5.636E-02  5.449E-02  5.265E-02  5.082E-02  4.901E-02  4.722E-02  4.545E-02  4.370E-02  4.197E-02  4.026E-02  3.857E-02  3.690E-02  3.525E-02  3.363E-02  3.203E-02  3.045E-02  2.889E-02  2.737E-02  2.587E-02  2.440E-02  2.296E-02  2.155E-02  2.017E-02  1.882E-02  1.752E-02  1.625E-02  1.502E-02  1.384E-02  1.270E-02  1.162E-02  1.060E-02  9.437E-03  8.370E-03  7.465E-03  6.701E-03  6.056E-03  5.171E-03  4.622E-03  3.923E-03  3.357E-03  2.897E-03  2.473E-03  2.070E-03
  370.5000  8.439E-02  8.240E-02  8.044E-02  7.849E-02  7.655E-02  7.463E-02  7.273E-02  7.084E-02  6.897E-02  6.712E-02  6.528E-02  6.346E-02  6.165E-02  5.986E-02  5.809E-02  5.633E-02  5.459E-02  5.287E-02  5.116E-02  4.946E-02  4.779E-02  4.613E-02  4.449E-02  4.286E-02  4.126E-02  3.966E-02  3.810E-02  3.654E-02  3.501E-02  3.349E-02  3.200E-02  3.052E-02  2.907E-02  2.764E-02  2.623E-02  2.484E-02  2.348E-02  2.215E-02  2.084E-02  1.956E-02  1.831E-02  1.709E-02  1.590E-02  1.475E-02  1.363E-02  1.256E-02  1.152E-02  1.054E-02  9.617E-03  8.563E-03  7.594E-03  6.772E-03  6.079E-03  5.493E-03  4.690E-03  4.191E-03  3.557E-03  3.043E-03  2.626E-03  2.241E-03  1.876E-03
  371.5000  9.662E-02  9.435E-02  9.209E-02  8.986E-02  8.765E-02  8.545E-02  8.327E-02  8.111E-02  7.896E-02  7.685E-02  7.474E-02  7.265E-02  7.058E-02  6.853E-02  6.650E-02  6.449E-02  6.250E-02  6.052E-02  5.857E-02  5.663E-02  5.471E-02  5.282E-02  5.093E-02  4.907E-02  4.723E-02  4.541E-02  4.362E-02  4.184E-02  4.008E-02  3.835E-02  3.663E-02  3.495E-02  3.328E-02  3.164E-02  3.003E-02  2.844E-02  2.689E-02  2.536E-02  2.386E-02  2.240E-02  2.096E-02  1.956E-02  1.820E-02  1.689E-02  1.561E-02  1.438E-02  1.319E-02  1.207E-02  1.101E-02  9.803E-03  8.693E-03  7.752E-03  6.957E-03  6.286E-03  5.367E-03  4.795E-03  4.069E-03  3.481E-03  3.003E-03  2.563E-03  2.145E-03
  372.5000  7.141E-02  6.973E-02  6.807E-02  6.642E-02  6.478E-02  6.316E-02  6.154E-02  5.995E-02  5.836E-02  5.680E-02  5.524E-02  5.370E-02  5.217E-02  5.065E-02  4.915E-02  4.767E-02  4.619E-02  4.473E-02  4.329E-02  4.185E-02  4.044E-02  3.904E-02  3.765E-02  3.627E-02  3.491E-02  3.357E-02  3.224E-02  3.092E-02  2.963E-02  2.834E-02  2.708E-02  2.583E-02  2.460E-02  2.339E-02  2.220E-02  2.103E-02  1.987E-02  1.875E-02  1.764E-02  1.656E-02  1.550E-02  1.446E-02  1.346E-02  1.248E-02  1.154E-02  1.063E-02  9.753E-03  8.920E-03  8.137E-03  7.245E-03  6.424E-03  5.728E-03  5.140E-03  4.644E-03  3.964E-03  3.542E-03  3.005E-03  2.570E-03  2.217E-03  1.892E-03  1.583E-03
  373.5000  6.458E-02  6.306E-02  6.155E-02  6.006E-02  5.858E-02  5.711E-02  5.565E-02  5.420E-02  5.277E-02  5.135E-02  4.995E-02  4.855E-02  4.717E-02  4.580E-02  4.444E-02  4.310E-02  4.177E-02  4.045E-02  3.914E-02  3.784E-02  3.656E-02  3.529E-02  3.404E-02  3.279E-02  3.156E-02  3.035E-02  2.915E-02  2.796E-02  2.679E-02  2.563E-02  2.448E-02  2.336E-02  2.225E-02  2.115E-02  2.007E-02  1.901E-02  1.797E-02  1.695E-02  1.595E-02  1.497E-02  1.401E-02  1.307E-02  1.217E-02  1.129E-02  1.043E-02  9.606E-03  8.816E-03  8.062E-03  7.354E-03  6.548E-03  5.806E-03  5.176E-03  4.644E-03  4.195E-03  3.581E-03  3.199E-03  2.713E-03  2.321E-03  2.002E-03  1.707E-03  1.428E-03
  374.5000  7.091E-02  6.924E-02  6.759E-02  6.595E-02  6.432E-02  6.270E-02  6.110E-02  5.951E-02  5.794E-02  5.639E-02  5.484E-02  5.331E-02  5.179E-02  5.028E-02  4.879E-02  4.732E-02  4.586E-02  4.441E-02  4.297E-02  4.155E-02  4.014E-02  3.875E-02  3.737E-02  3.601E-02  3.466E-02  3.332E-02  3.200E-02  3.070E-02  2.941E-02  2.814E-02  2.688E-02  2.564E-02  2.442E-02  2.322E-02  2.204E-02  2.087E-02  1.973E-02  1.861E-02  1.751E-02  1.643E-02  1.538E-02  1.435E-02  1.336E-02  1.239E-02  1.145E-02  1.055E-02  9.677E-03  8.850E-03  8.072E-03  7.186E-03  6.371E-03  5.679E-03  5.096E-03  4.603E-03  3.928E-03  3.508E-03  2.976E-03  2.544E-03  2.194E-03  1.871E-03  1.565E-03
  375.5000  8.006E-02  7.817E-02  7.630E-02  7.445E-02  7.261E-02  7.079E-02  6.898E-02  6.719E-02  6.541E-02  6.366E-02  6.191E-02  6.018E-02  5.846E-02  5.677E-02  5.508E-02  5.342E-02  5.177E-02  5.013E-02  4.851E-02  4.690E-02  4.532E-02  4.375E-02  4.219E-02  4.065E-02  3.913E-02  3.762E-02  3.613E-02  3.466E-02  3.320E-02  3.177E-02  3.035E-02  2.895E-02  2.758E-02  2.622E-02  2.488E-02  2.357E-02  2.228E-02  2.101E-02  1.977E-02  1.855E-02  1.737E-02  1.621E-02  1.508E-02  1.399E-02  1.293E-02  1.191E-02  1.093E-02  9.991E-03  9.112E-03  8.113E-03  7.192E-03  6.411E-03  5.751E-03  5.194E-03  4.432E-03  3.958E-03  3.357E-03  2.870E-03  2.475E-03  2.110E-03  1.765E-03
  376.5000  8.000E-02  7.811E-02  7.624E-02  7.439E-02  7.256E-02  7.073E-02  6.892E-02  6.713E-02  6.536E-02  6.360E-02  6.186E-02  6.013E-02  5.841E-02  5.672E-02  5.503E-02  5.337E-02  5.172E-02  5.009E-02  4.847E-02  4.686E-02  4.528E-02  4.371E-02  4.215E-02  4.062E-02  3.909E-02  3.759E-02  3.610E-02  3.463E-02  3.318E-02  3.174E-02  3.033E-02  2.893E-02  2.756E-02  2.620E-02  2.486E-02  2.355E-02  2.226E-02  2.100E-02  1.976E-02  1.854E-02  1.735E-02  1.620E-02  1.507E-02  1.398E-02  1.292E-02  1.190E-02  1.092E-02  9.983E-03  9.104E-03  8.105E-03  7.185E-03  6.404E-03  5.744E-03  5.188E-03  4.426E-03  3.952E-03  3.351E-03  2.865E-03  2.470E-03  2.106E-03  1.761E-03
  377.5000  9.532E-02  9.307E-02  9.084E-02  8.864E-02  8.645E-02  8.427E-02  8.212E-02  7.999E-02  7.787E-02  7.578E-02  7.370E-02  7.164E-02  6.959E-02  6.757E-02  6.557E-02  6.359E-02  6.162E-02  5.967E-02  5.774E-02  5.583E-02  5.395E-02  5.208E-02  5.022E-02  4.839E-02  4.658E-02  4.478E-02  4.301E-02  4.126E-02  3.953E-02  3.782E-02  3.613E-02  3.447E-02  3.283E-02  3.122E-02  2.962E-02  2.806E-02  2.652E-02  2.502E-02  2.354E-02  2.209E-02  2.068E-02  1.930E-02  1.796E-02  1.666E-02  1.539E-02  1.417E-02  1.301E-02  1.189E-02  1.085E-02  9.655E-03  8.558E-03  7.628E-03  6.841E-03  6.177E-03  5.270E-03  4.705E-03  3.989E-03  3.409E-03  2.939E-03  2.506E-03  2.096E-03
  378.5000  1.039E-01  1.015E-01  9.906E-02  9.666E-02  9.427E-02  9.190E-02  8.955E-02  8.722E-02  8.491E-02  8.263E-02  8.036E-02  7.811E-02  7.589E-02  7.368E-02  7.149E-02  6.933E-02  6.719E-02  6.507E-02  6.296E-02  6.088E-02  5.882E-02  5.678E-02  5.476E-02  5.276E-02  5.078E-02  4.883E-02  4.690E-02  4.499E-02  4.310E-02  4.124E-02  3.940E-02  3.759E-02  3.580E-02  3.404E-02  3.230E-02  3.060E-02  2.892E-02  2.728E-02  2.567E-02  2.409E-02  2.255E-02  2.104E-02  1.958E-02  1.816E-02  1.678E-02  1.545E-02  1.418E-02  1.297E-02  1.182E-02  1.053E-02  9.329E-03  8.313E-03  7.455E-03  6.731E-03  5.742E-03  5.125E-03  4.345E-03  3.713E-03  3.200E-03  2.728E-03  2.281E-03
  379.5000  7.695E-02  7.513E-02  7.333E-02  7.155E-02  6.978E-02  6.802E-02  6.628E-02  6.456E-02  6.285E-02  6.116E-02  5.948E-02  5.781E-02  5.617E-02  5.453E-02  5.291E-02  5.132E-02  4.973E-02  4.816E-02  4.660E-02  4.506E-02  4.354E-02  4.202E-02  4.053E-02  3.905E-02  3.759E-02  3.614E-02  3.471E-02  3.330E-02  3.190E-02  3.052E-02  2.916E-02  2.782E-02  2.650E-02  2.519E-02  2.391E-02  2.265E-02  2.141E-02  2.019E-02  1.900E-02  1.783E-02  1.669E-02  1.557E-02  1.449E-02  1.344E-02  1.242E-02  1.144E-02  1.049E-02  9.594E-03  8.748E-03  7.787E-03  6.902E-03  6.150E-03  5.515E-03  4.978E-03  4.246E-03  3.790E-03  3.212E-03  2.744E-03  2.365E-03  2.016E-03  1.685E-03
  380.5000  9.259E-02  9.041E-02  8.824E-02  8.609E-02  8.396E-02  8.185E-02  7.975E-02  7.768E-02  7.562E-02  7.359E-02  7.157E-02  6.956E-02  6.758E-02  6.561E-02  6.367E-02  6.174E-02  5.983E-02  5.794E-02  5.607E-02  5.421E-02  5.238E-02  5.056E-02  4.877E-02  4.699E-02  4.523E-02  4.348E-02  4.177E-02  4.007E-02  3.839E-02  3.673E-02  3.509E-02  3.348E-02  3.188E-02  3.031E-02  2.877E-02  2.725E-02  2.576E-02  2.430E-02  2.286E-02  2.145E-02  2.008E-02  1.874E-02  1.744E-02  1.617E-02  1.495E-02  1.376E-02  1.263E-02  1.154E-02  1.053E-02  9.369E-03  8.303E-03  7.398E-03  6.633E-03  5.987E-03  5.105E-03  4.556E-03  3.861E-03  3.299E-03  2.842E-03  2.422E-03  2.024E-03
  381.5000  8.706E-02  8.500E-02  8.296E-02  8.095E-02  7.894E-02  7.695E-02  7.498E-02  7.303E-02  7.110E-02  6.918E-02  6.728E-02  6.540E-02  6.353E-02  6.169E-02  5.985E-02  5.805E-02  5.625E-02  5.447E-02  5.271E-02  5.097E-02  4.924E-02  4.754E-02  4.585E-02  4.417E-02  4.252E-02  4.088E-02  3.927E-02  3.767E-02  3.609E-02  3.453E-02  3.299E-02  3.147E-02  2.998E-02  2.850E-02  2.705E-02  2.562E-02  2.422E-02  2.284E-02  2.149E-02  2.017E-02  1.888E-02  1.762E-02  1.639E-02  1.520E-02  1.405E-02  1.294E-02  1.187E-02  1.085E-02  9.894E-03  8.806E-03  7.804E-03  6.953E-03  6.233E-03  5.626E-03  4.797E-03  4.280E-03  3.627E-03  3.098E-03  2.669E-03  2.274E-03  1.900E-03
  382.5000  5.805E-02  5.667E-02  5.531E-02  5.397E-02  5.263E-02  5.130E-02  4.999E-02  4.869E-02  4.740E-02  4.612E-02  4.485E-02  4.360E-02  4.235E-02  4.112E-02  3.990E-02  3.870E-02  3.750E-02  3.631E-02  3.514E-02  3.398E-02  3.283E-02  3.169E-02  3.056E-02  2.945E-02  2.834E-02  2.725E-02  2.618E-02  2.511E-02  2.406E-02  2.302E-02  2.199E-02  2.098E-02  1.998E-02  1.900E-02  1.803E-02  1.708E-02  1.615E-02  1.523E-02  1.433E-02  1.345E-02  1.259E-02  1.175E-02  1.093E-02  1.014E-02  9.368E-03  8.624E-03  7.912E-03  7.233E-03  6.595E-03  5.870E-03  5.201E-03  4.633E-03  4.153E-03  3.748E-03  3.196E-03  2.851E-03  2.415E-03  2.063E-03  1.777E-03  1.514E-03  1.265E-03
  383.5000  5.100E-02  4.979E-02  4.860E-02  4.741E-02  4.624E-02  4.507E-02  4.392E-02  4.277E-02  4.164E-02  4.052E-02  3.940E-02  3.830E-02  3.721E-02  3.612E-02  3.505E-02  3.399E-02  3.294E-02  3.190E-02  3.087E-02  2.985E-02  2.884E-02  2.784E-02  2.685E-02  2.587E-02  2.490E-02  2.394E-02  2.300E-02  2.206E-02  2.114E-02  2.022E-02  1.932E-02  1.843E-02  1.756E-02  1.669E-02  1.584E-02  1.501E-02  1.418E-02  1.338E-02  1.259E-02  1.181E-02  1.106E-02  1.032E-02  9.601E-03  8.905E-03  8.229E-03  7.576E-03  6.950E-03  6.354E-03  5.792E-03  5.155E-03  4.568E-03  4.069E-03  3.647E-03  3.291E-03  2.805E-03  2.502E-03  2.120E-03  1.810E-03  1.559E-03  1.328E-03  1.109E-03
  384.5000  7.658E-02  7.477E-02  7.297E-02  7.119E-02  6.943E-02  6.768E-02  6.594E-02  6.422E-02  6.252E-02  6.083E-02  5.916E-02  5.750E-02  5.586E-02  5.424E-02  5.263E-02  5.104E-02  4.946E-02  4.789E-02  4.634E-02  4.481E-02  4.330E-02  4.179E-02  4.031E-02  3.884E-02  3.738E-02  3.594E-02  3.453E-02  3.312E-02  3.173E-02  3.036E-02  2.901E-02  2.768E-02  2.636E-02  2.506E-02  2.379E-02  2.253E-02  2.130E-02  2.009E-02  1.890E-02  1.774E-02  1.660E-02  1.549E-02  1.442E-02  1.337E-02  1.236E-02  1.137E-02  1.043E-02  9.538E-03  8.695E-03  7.739E-03  6.857E-03  6.107E-03  5.473E-03  4.938E-03  4.209E-03  3.754E-03  3.179E-03  2.715E-03  2.338E-03  1.991E-03  1.663E-03
  385.5000  7.581E-02  7.402E-02  7.224E-02  7.048E-02  6.873E-02  6.699E-02  6.527E-02  6.357E-02  6.188E-02  6.022E-02  5.856E-02  5.692E-02  5.529E-02  5.368E-02  5.209E-02  5.052E-02  4.895E-02  4.740E-02  4.587E-02  4.435E-02  4.285E-02  4.137E-02  3.990E-02  3.844E-02  3.700E-02  3.558E-02  3.417E-02  3.278E-02  3.141E-02  3.005E-02  2.871E-02  2.740E-02  2.609E-02  2.481E-02  2.355E-02  2.230E-02  2.108E-02  1.989E-02  1.871E-02  1.756E-02  1.644E-02  1.534E-02  1.427E-02  1.323E-02  1.223E-02  1.126E-02  1.033E-02  9.441E-03  8.606E-03  7.659E-03  6.786E-03  6.043E-03  5.415E-03  4.886E-03  4.163E-03  3.713E-03  3.144E-03  2.684E-03  2.311E-03  1.968E-03  1.643E-03
  386.5000  7.732E-02  7.549E-02  7.367E-02  7.188E-02  7.009E-02  6.832E-02  6.657E-02  6.483E-02  6.311E-02  6.141E-02  5.972E-02  5.805E-02  5.639E-02  5.475E-02  5.312E-02  5.151E-02  4.992E-02  4.834E-02  4.678E-02  4.523E-02  4.370E-02  4.218E-02  4.068E-02  3.920E-02  3.773E-02  3.628E-02  3.485E-02  3.343E-02  3.203E-02  3.065E-02  2.928E-02  2.794E-02  2.661E-02  2.530E-02  2.401E-02  2.275E-02  2.150E-02  2.028E-02  1.908E-02  1.791E-02  1.676E-02  1.564E-02  1.455E-02  1.350E-02  1.247E-02  1.148E-02  1.053E-02  9.627E-03  8.775E-03  7.809E-03  6.918E-03  6.161E-03  5.520E-03  4.979E-03  4.243E-03  3.784E-03  3.203E-03  2.734E-03  2.354E-03  2.004E-03  1.673E-03
  387.5000  7.190E-02  7.019E-02  6.850E-02  6.683E-02  6.517E-02  6.353E-02  6.190E-02  6.028E-02  5.868E-02  5.710E-02  5.553E-02  5.397E-02  5.243E-02  5.090E-02  4.939E-02  4.789E-02  4.641E-02  4.494E-02  4.349E-02  4.205E-02  4.063E-02  3.922E-02  3.783E-02  3.645E-02  3.508E-02  3.373E-02  3.240E-02  3.108E-02  2.978E-02  2.849E-02  2.723E-02  2.598E-02  2.474E-02  2.352E-02  2.233E-02  2.115E-02  1.999E-02  1.886E-02  1.774E-02  1.665E-02  1.558E-02  1.454E-02  1.353E-02  1.255E-02  1.160E-02  1.067E-02  9.791E-03  8.950E-03  8.157E-03  7.259E-03  6.431E-03  5.726E-03  5.130E-03  4.627E-03  3.942E-03  3.515E-03  2.975E-03  2.539E-03  2.186E-03  1.860E-03  1.553E-03
  388.5000  7.211E-02  7.040E-02  6.870E-02  6.702E-02  6.536E-02  6.371E-02  6.207E-02  6.045E-02  5.884E-02  5.725E-02  5.568E-02  5.412E-02  5.257E-02  5.104E-02  4.952E-02  4.802E-02  4.654E-02  4.506E-02  4.361E-02  4.216E-02  4.074E-02  3.933E-02  3.793E-02  3.654E-02  3.518E-02  3.382E-02  3.249E-02  3.117E-02  2.986E-02  2.857E-02  2.730E-02  2.605E-02  2.481E-02  2.359E-02  2.239E-02  2.121E-02  2.005E-02  1.891E-02  1.779E-02  1.670E-02  1.563E-02  1.458E-02  1.357E-02  1.258E-02  1.163E-02  1.070E-02  9.817E-03  8.973E-03  8.178E-03  7.278E-03  6.447E-03  5.740E-03  5.142E-03  4.637E-03  3.950E-03  3.521E-03  2.981E-03  2.543E-03  2.189E-03  1.862E-03  1.554E-03
  389.5000  9.099E-02  8.883E-02  8.668E-02  8.457E-02  8.246E-02  8.038E-02  7.831E-02  7.627E-02  7.424E-02  7.224E-02  7.025E-02  6.827E-02  6.632E-02  6.439E-02  6.248E-02  6.058E-02  5.871E-02  5.685E-02  5.501E-02  5.319E-02  5.139E-02  4.961E-02  4.785E-02  4.610E-02  4.438E-02  4.267E-02  4.099E-02  3.932E-02  3.767E-02  3.605E-02  3.444E-02  3.286E-02  3.130E-02  2.976E-02  2.825E-02  2.676E-02  2.529E-02  2.386E-02  2.245E-02  2.107E-02  1.972E-02  1.840E-02  1.712E-02  1.587E-02  1.467E-02  1.350E-02  1.239E-02  1.132E-02  1.032E-02  9.180E-03  8.131E-03  7.239E-03  6.484E-03  5.847E-03  4.980E-03  4.439E-03  3.757E-03  3.205E-03  2.758E-03  2.346E-03  1.958E-03
  390.5000  8.942E-02  8.730E-02  8.519E-02  8.311E-02  8.104E-02  7.899E-02  7.696E-02  7.495E-02  7.296E-02  7.099E-02  6.903E-02  6.709E-02  6.517E-02  6.327E-02  6.139E-02  5.953E-02  5.769E-02  5.586E-02  5.406E-02  5.227E-02  5.050E-02  4.875E-02  4.702E-02  4.530E-02  4.361E-02  4.193E-02  4.028E-02  3.864E-02  3.702E-02  3.542E-02  3.385E-02  3.229E-02  3.076E-02  2.925E-02  2.776E-02  2.629E-02  2.485E-02  2.345E-02  2.206E-02  2.070E-02  1.938E-02  1.808E-02  1.682E-02  1.560E-02  1.442E-02  1.327E-02  1.217E-02  1.112E-02  1.014E-02  9.020E-03  7.989E-03  7.112E-03  6.370E-03  5.743E-03  4.891E-03  4.359E-03  3.688E-03  3.146E-03  2.707E-03  2.302E-03  1.921E-03
  391.5000  1.062E-01  1.036E-01  1.011E-01  9.866E-02  9.620E-02  9.377E-02  9.136E-02  8.897E-02  8.660E-02  8.426E-02  8.194E-02  7.964E-02  7.736E-02  7.510E-02  7.287E-02  7.066E-02  6.847E-02  6.631E-02  6.416E-02  6.204E-02  5.994E-02  5.786E-02  5.581E-02  5.377E-02  5.176E-02  4.977E-02  4.781E-02  4.586E-02  4.394E-02  4.205E-02  4.017E-02  3.833E-02  3.651E-02  3.472E-02  3.295E-02  3.121E-02  2.950E-02  2.783E-02  2.619E-02  2.458E-02  2.300E-02  2.146E-02  1.997E-02  1.852E-02  1.711E-02  1.575E-02  1.445E-02  1.320E-02  1.203E-02  1.070E-02  9.481E-03  8.439E-03  7.558E-03  6.813E-03  5.802E-03  5.170E-03  4.374E-03  3.730E-03  3.209E-03  2.729E-03  2.276E-03
  392.5000  7.966E-02  7.776E-02  7.589E-02  7.403E-02  7.218E-02  7.036E-02  6.855E-02  6.675E-02  6.497E-02  6.322E-02  6.148E-02  5.975E-02  5.804E-02  5.635E-02  5.467E-02  5.301E-02  5.137E-02  4.974E-02  4.813E-02  4.654E-02  4.497E-02  4.341E-02  4.187E-02  4.034E-02  3.883E-02  3.734E-02  3.587E-02  3.441E-02  3.297E-02  3.154E-02  3.014E-02  2.876E-02  2.739E-02  2.605E-02  2.472E-02  2.342E-02  2.214E-02  2.088E-02  1.965E-02  1.844E-02  1.726E-02  1.610E-02  1.498E-02  1.389E-02  1.284E-02  1.182E-02  1.084E-02  9.904E-03  9.025E-03  8.030E-03  7.112E-03  6.330E-03  5.668E-03  5.109E-03  4.350E-03  3.876E-03  3.279E-03  2.796E-03  2.405E-03  2.044E-03  1.705E-03
  393.5000  3.465E-02  3.383E-02  3.301E-02  3.220E-02  3.140E-02  3.060E-02  2.982E-02  2.904E-02  2.826E-02  2.750E-02  2.674E-02  2.599E-02  2.524E-02  2.451E-02  2.378E-02  2.306E-02  2.234E-02  2.164E-02  2.094E-02  2.024E-02  1.956E-02  1.888E-02  1.821E-02  1.754E-02  1.689E-02  1.624E-02  1.560E-02  1.496E-02  1.434E-02  1.372E-02  1.311E-02  1.251E-02  1.191E-02  1.133E-02  1.075E-02  1.019E-02  9.628E-03  9.082E-03  8.546E-03  8.020E-03  7.506E-03  7.005E-03  6.516E-03  6.043E-03  5.584E-03  5.139E-03  4.713E-03  4.307E-03  3.925E-03  3.492E-03  3.092E-03  2.752E-03  2.464E-03  2.221E-03  1.891E-03  1.684E-03  1.425E-03  1.215E-03  1.044E-03  8.879E-04  7.403E-04
  394.5000  8.160E-02  7.965E-02  7.773E-02  7.582E-02  7.393E-02  7.206E-02  7.020E-02  6.836E-02  6.654E-02  6.474E-02  6.295E-02  6.118E-02  5.943E-02  5.769E-02  5.598E-02  5.428E-02  5.260E-02  5.093E-02  4.928E-02  4.765E-02  4.604E-02  4.444E-02  4.286E-02  4.130E-02  3.976E-02  3.823E-02  3.672E-02  3.523E-02  3.375E-02  3.230E-02  3.086E-02  2.945E-02  2.805E-02  2.667E-02  2.531E-02  2.398E-02  2.267E-02  2.138E-02  2.012E-02  1.888E-02  1.767E-02  1.649E-02  1.534E-02  1.423E-02  1.314E-02  1.210E-02  1.110E-02  1.014E-02  9.238E-03  8.219E-03  7.278E-03  6.477E-03  5.799E-03  5.225E-03  4.448E-03  3.962E-03  3.351E-03  2.856E-03  2.456E-03  2.087E-03  1.740E-03
  395.5000  1.050E-01  1.025E-01  1.001E-01  9.761E-02  9.517E-02  9.276E-02  9.037E-02  8.800E-02  8.565E-02  8.333E-02  8.103E-02  7.875E-02  7.650E-02  7.426E-02  7.205E-02  6.987E-02  6.770E-02  6.556E-02  6.343E-02  6.133E-02  5.926E-02  5.720E-02  5.517E-02  5.316E-02  5.117E-02  4.920E-02  4.726E-02  4.534E-02  4.345E-02  4.157E-02  3.972E-02  3.790E-02  3.610E-02  3.433E-02  3.258E-02  3.086E-02  2.918E-02  2.752E-02  2.590E-02  2.430E-02  2.275E-02  2.123E-02  1.975E-02  1.831E-02  1.692E-02  1.557E-02  1.428E-02  1.305E-02  1.189E-02  1.058E-02  9.366E-03  8.335E-03  7.461E-03  6.723E-03  5.722E-03  5.096E-03  4.309E-03  3.672E-03  3.157E-03  2.683E-03  2.236E-03
  396.5000  6.172E-02  6.025E-02  5.879E-02  5.735E-02  5.592E-02  5.450E-02  5.309E-02  5.170E-02  5.032E-02  4.896E-02  4.760E-02  4.626E-02  4.494E-02  4.362E-02  4.233E-02  4.104E-02  3.977E-02  3.851E-02  3.726E-02  3.603E-02  3.481E-02  3.360E-02  3.241E-02  3.123E-02  3.006E-02  2.890E-02  2.776E-02  2.664E-02  2.552E-02  2.442E-02  2.333E-02  2.227E-02  2.121E-02  2.017E-02  1.914E-02  1.813E-02  1.714E-02  1.617E-02  1.521E-02  1.428E-02  1.336E-02  1.247E-02  1.160E-02  1.076E-02  9.940E-03  9.148E-03  8.389E-03  7.665E-03  6.984E-03  6.213E-03  5.502E-03  4.895E-03  4.382E-03  3.948E-03  3.360E-03  2.992E-03  2.529E-03  2.155E-03  1.852E-03  1.574E-03  1.311E-03
  397.5000  7.127E-02  6.956E-02  6.788E-02  6.621E-02  6.456E-02  6.292E-02  6.129E-02  5.969E-02  5.809E-02  5.652E-02  5.496E-02  5.341E-02  5.188E-02  5.036E-02  4.886E-02  4.738E-02  4.591E-02  4.446E-02  4.302E-02  4.159E-02  4.019E-02  3.879E-02  3.741E-02  3.605E-02  3.470E-02  3.337E-02  3.205E-02  3.075E-02  2.946E-02  2.819E-02  2.694E-02  2.571E-02  2.449E-02  2.328E-02  2.210E-02  2.093E-02  1.979E-02  1.867E-02  1.757E-02  1.649E-02  1.543E-02  1.440E-02  1.339E-02  1.242E-02  1.148E-02  1.056E-02  9.686E-03  8.850E-03  8.062E-03  7.173E-03  6.351E-03  5.650E-03  5.057E-03  4.556E-03  3.877E-03  3.452E-03  2.917E-03  2.486E-03  2.136E-03  1.815E-03  1.512E-03
  398.5000  1.225E-01  1.196E-01  1.167E-01  1.138E-01  1.110E-01  1.082E-01  1.054E-01  1.026E-01  9.987E-02  9.716E-02  9.448E-02  9.182E-02  8.918E-02  8.658E-02  8.399E-02  8.145E-02  7.892E-02  7.642E-02  7.394E-02  7.149E-02  6.908E-02  6.668E-02  6.431E-02  6.197E-02  5.965E-02  5.736E-02  5.510E-02  5.286E-02  5.065E-02  4.847E-02  4.631E-02  4.419E-02  4.209E-02  4.003E-02  3.799E-02  3.599E-02  3.402E-02  3.209E-02  3.020E-02  2.834E-02  2.653E-02  2.475E-02  2.303E-02  2.135E-02  1.973E-02  1.816E-02  1.665E-02  1.521E-02  1.386E-02  1.233E-02  1.092E-02  9.712E-03  8.691E-03  7.828E-03  6.661E-03  5.930E-03  5.011E-03  4.269E-03  3.668E-03  3.115E-03  2.595E-03
  399.5000  1.275E-01  1.245E-01  1.215E-01  1.185E-01  1.155E-01  1.126E-01  1.097E-01  1.068E-01  1.039E-01  1.011E-01  9.831E-02  9.554E-02  9.280E-02  9.009E-02  8.740E-02  8.475E-02  8.212E-02  7.951E-02  7.694E-02  7.439E-02  7.188E-02  6.938E-02  6.692E-02  6.448E-02  6.206E-02  5.968E-02  5.733E-02  5.500E-02  5.270E-02  5.043E-02  4.819E-02  4.598E-02  4.380E-02  4.165E-02  3.953E-02  3.745E-02  3.540E-02  3.340E-02  3.142E-02  2.949E-02  2.760E-02  2.576E-02  2.396E-02  2.222E-02  2.053E-02  1.889E-02  1.733E-02  1.583E-02  1.442E-02  1.283E-02  1.136E-02  1.010E-02  9.040E-03  8.142E-03  6.927E-03  6.166E-03  5.210E-03  4.437E-03  3.812E-03  3.237E-03  2.696E-03
------------------------------------------------------------
Dose rates,W m-2
   1 = UV index (WMO, 1994; Webb et al., 2011)           
   2 = Previtamin-D3 (CIE 2006)                          
values at z =      0.025 km
Columns: time,sza,weighting spectra
time,hrs.  sza,deg.          1          2
   18.0000     79.994  2.315E-01  4.479E-03
   18.0167     80.199  2.243E-01  4.290E-03
   18.0333     80.405  2.171E-01  4.107E-03
   18.0500     80.610  2.101E-01  3.930E-03
   18.0667     80.816  2.033E-01  3.760E-03
   18.0833     81.021  1.966E-01  3.595E-03
   18.1000     81.227  1.900E-01  3.436E-03
   18.1167     81.433  1.835E-01  3.283E-03
   18.1333     81.639  1.772E-01  3.136E-03
   18.1500     81.845  1.710E-01  2.994E-03
   18.1667     82.051  1.650E-01  2.857E-03
   18.1833     82.257  1.591E-01  2.726E-03
   18.2000     82.464  1.533E-01  2.599E-03
   18.2167     82.671  1.476E-01  2.477E-03
   18.2333     82.877  1.421E-01  2.360E-03
   18.2500     83.083  1.367E-01  2.248E-03
   18.2667     83.290  1.314E-01  2.140E-03
   18.2833     83.497  1.262E-01  2.036E-03
   18.3000     83.704  1.211E-01  1.936E-03
   18.3167     83.911  1.162E-01  1.841E-03
   18.3333     84.118  1.114E-01  1.749E-03
   18.3500     84.325  1.067E-01  1.662E-03
   18.3667     84.532  1.021E-01  1.577E-03
   18.3833     84.740  9.758E-02  1.497E-03
   18.4000     84.947  9.321E-02  1.419E-03
   18.4167     85.155  8.894E-02  1.345E-03
   18.4333     85.362  8.480E-02  1.275E-03
   18.4500     85.569  8.075E-02  1.207E-03
   18.4667     85.777  7.681E-02  1.142E-03
   18.4833     85.985  7.297E-02  1.080E-03
   18.5000     86.193  6.924E-02  1.020E-03
   18.5167     86.400  6.562E-02  9.634E-04
   18.5333     86.608  6.209E-02  9.090E-04
   18.5500     86.817  5.867E-02  8.569E-04
   18.5667     87.025  5.535E-02  8.071E-04
   18.5833     87.233  5.213E-02  7.594E-04
   18.6000     87.441  4.900E-02  7.139E-04
   18.6167     87.649  4.599E-02  6.704E-04
   18.6333     87.858  4.307E-02  6.288E-04
   18.6500     88.066  4.025E-02  5.890E-04
   18.6667     88.275  3.752E-02  5.509E-04
   18.6833     88.483  3.490E-02  5.146E-04
   18.7000     88.692  3.238E-02  4.799E-04
   18.7167     88.900  2.997E-02  4.469E-04
   18.7333     89.109  2.765E-02  4.153E-04
   18.7500     89.317  2.544E-02  3.853E-04
   18.7667     89.526  2.334E-02  3.568E-04
   18.7833     89.735  2.135E-02  3.300E-04
   18.8000     89.944  1.950E-02  3.048E-04
   18.8167     90.153  1.743E-02  2.763E-04
   18.8333     90.362  1.552E-02  2.500E-04
   18.8500     90.571  1.391E-02  2.276E-04
   18.8667     90.780  1.254E-02  2.085E-04
   18.8833     90.989  1.139E-02  1.922E-04
   18.9000     91.198  9.827E-03  1.694E-04
   18.9167     91.407  8.839E-03  1.551E-04
   18.9333     91.616  7.595E-03  1.362E-04
   18.9500     91.826  6.576E-03  1.205E-04
   18.9667     92.035  5.737E-03  1.072E-04
   18.9833     92.244  4.966E-03  9.489E-05
   19.0000     92.453  4.224E-03  8.251E-05
------------------------------------------------------------
