Spectral Irradiance,W m-2 nm-1
values at z =      0.025 km
Columns: wavelength (nm),times (hrs.) or sza (deg.)
    wc,nm     18.000     18.017     18.033     18.050     18.067     18.083     18.100     18.117     18.133     18.150     18.167     18.183     18.200     18.217     18.233     18.250     18.267     18.283     18.300     18.317     18.333     18.350     18.367     18.383     18.400     18.417     18.433     18.450     18.467     18.483     18.500     18.517     18.533     18.550     18.567     18.583     18.600     18.617     18.633     18.650     18.667     18.683     18.700     18.717     18.733     18.750     18.767     18.783     18.800     18.817     18.833     18.850     18.867     18.883     18.900     18.917     18.933     18.950     18.967     18.983     19.000
    sza =      80.138     80.343     80.548     80.753     80.958     81.164     81.369     81.575     81.781     81.986     82.192     82.398     82.604     82.811     83.017     83.223     83.430     83.636     83.843     84.050     84.256     84.463     84.670     84.878     85.085     85.292     85.499     85.707     85.914     86.122     86.330     86.537     86.745     86.953     87.161     87.369     87.577     87.784     87.993     88.201     88.409     88.618     88.826     89.034     89.243     89.452     89.660     89.869     90.077     90.286     90.495     90.704     90.913     91.122     91.331     91.540     91.749     91.958     92.167     92.377     92.586
  280.5000  4.626E-30  4.553E-30  4.481E-30  4.410E-30  4.338E-30  4.268E-30  4.197E-30  4.127E-30  4.056E-30  3.987E-30  3.917E-30  3.848E-30  3.779E-30  3.709E-30  3.641E-30  3.572E-30  3.503E-30  3.434E-30  3.365E-30  3.296E-30  3.228E-30  3.159E-30  3.089E-30  3.020E-30  2.951E-30  2.881E-30  2.811E-30  2.741E-30  2.671E-30  2.600E-30  2.528E-30  2.457E-30  2.385E-30  2.312E-30  2.239E-30  2.166E-30  2.092E-30  2.017E-30  1.942E-30  1.867E-30  1.790E-30  1.714E-30  1.637E-30  1.559E-30  1.482E-30  1.404E-30  1.327E-30  1.251E-30  1.165E-30  1.070E-30  9.872E-31  9.156E-31  8.534E-31  7.657E-31  7.026E-31  6.247E-31  5.712E-31  4.997E-31  4.356E-31  3.776E-31  3.250E-31
  281.5000  2.235E-27  2.200E-27  2.165E-27  2.130E-27  2.095E-27  2.061E-27  2.026E-27  1.992E-27  1.958E-27  1.924E-27  1.891E-27  1.857E-27  1.823E-27  1.790E-27  1.756E-27  1.723E-27  1.690E-27  1.656E-27  1.623E-27  1.590E-27  1.557E-27  1.523E-27  1.490E-27  1.456E-27  1.423E-27  1.389E-27  1.356E-27  1.322E-27  1.288E-27  1.254E-27  1.219E-27  1.185E-27  1.150E-27  1.115E-27  1.080E-27  1.045E-27  1.009E-27  9.735E-28  9.374E-28  9.010E-28  8.643E-28  8.274E-28  7.904E-28  7.532E-28  7.159E-28  6.786E-28  6.415E-28  6.050E-28  5.636E-28  5.175E-28  4.777E-28  4.432E-28  4.132E-28  3.709E-28  3.404E-28  3.027E-28  2.768E-28  2.422E-28  2.113E-28  1.832E-28  1.577E-28
  282.5000  3.097E-25  3.048E-25  2.999E-25  2.950E-25  2.902E-25  2.854E-25  2.806E-25  2.758E-25  2.711E-25  2.664E-25  2.617E-25  2.570E-25  2.523E-25  2.476E-25  2.430E-25  2.384E-25  2.337E-25  2.291E-25  2.245E-25  2.199E-25  2.153E-25  2.106E-25  2.060E-25  2.014E-25  1.967E-25  1.921E-25  1.874E-25  1.827E-25  1.780E-25  1.733E-25  1.686E-25  1.638E-25  1.590E-25  1.542E-25  1.494E-25  1.445E-25  1.396E-25  1.346E-25  1.296E-25  1.246E-25  1.196E-25  1.145E-25  1.094E-25  1.042E-25  9.910E-26  9.395E-26  8.884E-26  8.381E-26  7.809E-26  7.172E-26  6.623E-26  6.147E-26  5.732E-26  5.146E-26  4.724E-26  4.203E-26  3.844E-26  3.364E-26  2.935E-26  2.546E-26  2.192E-26
  283.5000  6.878E-24  6.767E-24  6.658E-24  6.549E-24  6.441E-24  6.334E-24  6.227E-24  6.120E-24  6.015E-24  5.910E-24  5.805E-24  5.700E-24  5.596E-24  5.492E-24  5.389E-24  5.286E-24  5.183E-24  5.080E-24  4.977E-24  4.874E-24  4.772E-24  4.669E-24  4.566E-24  4.463E-24  4.360E-24  4.257E-24  4.153E-24  4.050E-24  3.945E-24  3.841E-24  3.736E-24  3.630E-24  3.524E-24  3.417E-24  3.310E-24  3.202E-24  3.093E-24  2.984E-24  2.873E-24  2.762E-24  2.651E-24  2.538E-24  2.425E-24  2.312E-24  2.198E-24  2.084E-24  1.971E-24  1.859E-24  1.733E-24  1.592E-24  1.470E-24  1.365E-24  1.273E-24  1.143E-24  1.050E-24  9.340E-25  8.544E-25  7.479E-25  6.526E-25  5.662E-25  4.876E-25
  284.5000  1.203E-21  1.183E-21  1.164E-21  1.144E-21  1.125E-21  1.106E-21  1.087E-21  1.068E-21  1.050E-21  1.031E-21  1.013E-21  9.943E-22  9.760E-22  9.577E-22  9.395E-22  9.214E-22  9.033E-22  8.852E-22  8.672E-22  8.492E-22  8.312E-22  8.132E-22  7.952E-22  7.772E-22  7.592E-22  7.412E-22  7.231E-22  7.050E-22  6.868E-22  6.686E-22  6.503E-22  6.319E-22  6.135E-22  5.949E-22  5.762E-22  5.575E-22  5.386E-22  5.196E-22  5.004E-22  4.812E-22  4.618E-22  4.423E-22  4.227E-22  4.030E-22  3.832E-22  3.635E-22  3.439E-22  3.246E-22  3.026E-22  2.781E-22  2.570E-22  2.387E-22  2.228E-22  2.001E-22  1.838E-22  1.637E-22  1.498E-22  1.312E-22  1.145E-22  9.942E-23  8.566E-23
  285.5000  3.443E-20  3.386E-20  3.329E-20  3.274E-20  3.218E-20  3.163E-20  3.109E-20  3.054E-20  3.000E-20  2.947E-20  2.893E-20  2.840E-20  2.787E-20  2.735E-20  2.682E-20  2.630E-20  2.578E-20  2.526E-20  2.474E-20  2.422E-20  2.371E-20  2.319E-20  2.267E-20  2.216E-20  2.164E-20  2.113E-20  2.061E-20  2.009E-20  1.957E-20  1.905E-20  1.853E-20  1.800E-20  1.748E-20  1.695E-20  1.642E-20  1.588E-20  1.534E-20  1.480E-20  1.426E-20  1.371E-20  1.316E-20  1.260E-20  1.205E-20  1.149E-20  1.093E-20  1.037E-20  9.811E-21  9.263E-21  8.639E-21  7.942E-21  7.342E-21  6.822E-21  6.368E-21  5.723E-21  5.260E-21  4.685E-21  4.290E-21  3.759E-21  3.283E-21  2.851E-21  2.457E-21
  286.5000  2.048E-18  2.014E-18  1.980E-18  1.946E-18  1.913E-18  1.880E-18  1.847E-18  1.814E-18  1.782E-18  1.750E-18  1.718E-18  1.686E-18  1.654E-18  1.623E-18  1.591E-18  1.560E-18  1.529E-18  1.498E-18  1.467E-18  1.436E-18  1.405E-18  1.375E-18  1.344E-18  1.313E-18  1.282E-18  1.252E-18  1.221E-18  1.190E-18  1.159E-18  1.128E-18  1.097E-18  1.066E-18  1.035E-18  1.003E-18  9.719E-19  9.402E-19  9.083E-19  8.764E-19  8.442E-19  8.118E-19  7.792E-19  7.464E-19  7.135E-19  6.805E-19  6.474E-19  6.143E-19  5.814E-19  5.490E-19  5.121E-19  4.709E-19  4.355E-19  4.048E-19  3.780E-19  3.399E-19  3.125E-19  2.784E-19  2.550E-19  2.235E-19  1.953E-19  1.697E-19  1.463E-19
  287.5000  7.110E-17  6.989E-17  6.869E-17  6.751E-17  6.633E-17  6.517E-17  6.401E-17  6.287E-17  6.173E-17  6.060E-17  5.948E-17  5.836E-17  5.725E-17  5.614E-17  5.504E-17  5.395E-17  5.286E-17  5.178E-17  5.070E-17  4.962E-17  4.855E-17  4.747E-17  4.640E-17  4.533E-17  4.426E-17  4.320E-17  4.213E-17  4.106E-17  3.999E-17  3.892E-17  3.784E-17  3.677E-17  3.568E-17  3.460E-17  3.351E-17  3.242E-17  3.132E-17  3.022E-17  2.911E-17  2.799E-17  2.687E-17  2.574E-17  2.461E-17  2.347E-17  2.233E-17  2.120E-17  2.007E-17  1.895E-17  1.769E-17  1.627E-17  1.505E-17  1.399E-17  1.307E-17  1.176E-17  1.082E-17  9.644E-18  8.839E-18  7.751E-18  6.776E-18  5.889E-18  5.081E-18
  288.5000  2.551E-15  2.507E-15  2.463E-15  2.420E-15  2.377E-15  2.334E-15  2.292E-15  2.250E-15  2.209E-15  2.167E-15  2.126E-15  2.086E-15  2.045E-15  2.005E-15  1.965E-15  1.926E-15  1.886E-15  1.847E-15  1.808E-15  1.769E-15  1.730E-15  1.692E-15  1.653E-15  1.614E-15  1.576E-15  1.537E-15  1.499E-15  1.461E-15  1.422E-15  1.384E-15  1.345E-15  1.307E-15  1.268E-15  1.230E-15  1.191E-15  1.152E-15  1.113E-15  1.073E-15  1.034E-15  9.942E-16  9.544E-16  9.143E-16  8.742E-16  8.340E-16  7.936E-16  7.534E-16  7.134E-16  6.740E-16  6.292E-16  5.790E-16  5.358E-16  4.985E-16  4.660E-16  4.194E-16  3.860E-16  3.444E-16  3.158E-16  2.768E-16  2.424E-16  2.109E-16  1.820E-16
  289.5000  5.758E-14  5.656E-14  5.555E-14  5.455E-14  5.356E-14  5.259E-14  5.162E-14  5.066E-14  4.970E-14  4.876E-14  4.783E-14  4.690E-14  4.598E-14  4.506E-14  4.415E-14  4.325E-14  4.235E-14  4.146E-14  4.057E-14  3.968E-14  3.880E-14  3.793E-14  3.705E-14  3.618E-14  3.531E-14  3.444E-14  3.357E-14  3.270E-14  3.184E-14  3.097E-14  3.010E-14  2.924E-14  2.837E-14  2.749E-14  2.662E-14  2.575E-14  2.487E-14  2.399E-14  2.310E-14  2.222E-14  2.132E-14  2.043E-14  1.953E-14  1.863E-14  1.773E-14  1.684E-14  1.594E-14  1.507E-14  1.407E-14  1.295E-14  1.199E-14  1.116E-14  1.043E-14  9.394E-15  8.650E-15  7.721E-15  7.084E-15  6.220E-15  5.444E-15  4.738E-15  4.093E-15
  290.5000  7.599E-13  7.461E-13  7.326E-13  7.192E-13  7.059E-13  6.927E-13  6.797E-13  6.669E-13  6.541E-13  6.415E-13  6.290E-13  6.166E-13  6.043E-13  5.920E-13  5.799E-13  5.679E-13  5.559E-13  5.440E-13  5.322E-13  5.204E-13  5.088E-13  4.971E-13  4.855E-13  4.739E-13  4.624E-13  4.509E-13  4.394E-13  4.280E-13  4.165E-13  4.051E-13  3.937E-13  3.822E-13  3.708E-13  3.593E-13  3.479E-13  3.364E-13  3.248E-13  3.133E-13  3.017E-13  2.901E-13  2.784E-13  2.667E-13  2.550E-13  2.433E-13  2.315E-13  2.198E-13  2.082E-13  1.968E-13  1.838E-13  1.692E-13  1.567E-13  1.458E-13  1.364E-13  1.229E-13  1.132E-13  1.011E-13  9.281E-14  8.154E-14  7.140E-14  6.217E-14  5.374E-14
  291.5000  9.339E-12  9.165E-12  8.993E-12  8.824E-12  8.656E-12  8.491E-12  8.327E-12  8.165E-12  8.005E-12  7.847E-12  7.690E-12  7.535E-12  7.381E-12  7.228E-12  7.077E-12  6.928E-12  6.779E-12  6.631E-12  6.484E-12  6.338E-12  6.193E-12  6.049E-12  5.905E-12  5.762E-12  5.620E-12  5.478E-12  5.337E-12  5.196E-12  5.055E-12  4.914E-12  4.774E-12  4.634E-12  4.494E-12  4.354E-12  4.214E-12  4.073E-12  3.933E-12  3.792E-12  3.651E-12  3.510E-12  3.368E-12  3.226E-12  3.084E-12  2.942E-12  2.800E-12  2.659E-12  2.518E-12  2.381E-12  2.223E-12  2.047E-12  1.897E-12  1.766E-12  1.653E-12  1.490E-12  1.373E-12  1.227E-12  1.127E-12  9.907E-13  8.682E-13  7.565E-13  6.544E-13
  292.5000  6.873E-11  6.741E-11  6.611E-11  6.483E-11  6.357E-11  6.232E-11  6.109E-11  5.987E-11  5.867E-11  5.748E-11  5.630E-11  5.514E-11  5.399E-11  5.285E-11  5.172E-11  5.060E-11  4.949E-11  4.839E-11  4.729E-11  4.621E-11  4.513E-11  4.406E-11  4.300E-11  4.194E-11  4.089E-11  3.984E-11  3.880E-11  3.776E-11  3.672E-11  3.569E-11  3.466E-11  3.363E-11  3.260E-11  3.157E-11  3.055E-11  2.952E-11  2.849E-11  2.747E-11  2.644E-11  2.541E-11  2.438E-11  2.335E-11  2.232E-11  2.128E-11  2.026E-11  1.923E-11  1.822E-11  1.722E-11  1.608E-11  1.481E-11  1.372E-11  1.278E-11  1.197E-11  1.079E-11  9.948E-12  8.894E-12  8.174E-12  7.189E-12  6.306E-12  5.498E-12  4.759E-12
  293.5000  5.735E-10  5.621E-10  5.509E-10  5.399E-10  5.290E-10  5.183E-10  5.077E-10  4.973E-10  4.870E-10  4.769E-10  4.668E-10  4.569E-10  4.471E-10  4.374E-10  4.278E-10  4.183E-10  4.089E-10  3.996E-10  3.903E-10  3.812E-10  3.721E-10  3.631E-10  3.542E-10  3.453E-10  3.364E-10  3.277E-10  3.189E-10  3.102E-10  3.016E-10  2.930E-10  2.844E-10  2.758E-10  2.673E-10  2.587E-10  2.502E-10  2.417E-10  2.332E-10  2.247E-10  2.162E-10  2.077E-10  1.993E-10  1.908E-10  1.823E-10  1.739E-10  1.654E-10  1.570E-10  1.487E-10  1.406E-10  1.313E-10  1.209E-10  1.121E-10  1.044E-10  9.778E-11  8.819E-11  8.134E-11  7.277E-11  6.691E-11  5.889E-11  5.168E-11  4.510E-11  3.907E-11
  294.5000  2.528E-09  2.476E-09  2.425E-09  2.375E-09  2.326E-09  2.278E-09  2.230E-09  2.182E-09  2.136E-09  2.090E-09  2.045E-09  2.000E-09  1.956E-09  1.913E-09  1.870E-09  1.827E-09  1.785E-09  1.744E-09  1.702E-09  1.662E-09  1.621E-09  1.581E-09  1.541E-09  1.502E-09  1.463E-09  1.424E-09  1.385E-09  1.347E-09  1.309E-09  1.271E-09  1.233E-09  1.195E-09  1.158E-09  1.120E-09  1.083E-09  1.046E-09  1.008E-09  9.715E-10  9.344E-10  8.974E-10  8.604E-10  8.235E-10  7.867E-10  7.500E-10  7.135E-10  6.771E-10  6.412E-10  6.060E-10  5.661E-10  5.214E-10  4.831E-10  4.502E-10  4.216E-10  3.804E-10  3.509E-10  3.141E-10  2.889E-10  2.544E-10  2.234E-10  1.951E-10  1.691E-10
  295.5000  1.574E-08  1.540E-08  1.507E-08  1.475E-08  1.443E-08  1.412E-08  1.381E-08  1.350E-08  1.321E-08  1.291E-08  1.262E-08  1.234E-08  1.206E-08  1.178E-08  1.150E-08  1.124E-08  1.097E-08  1.070E-08  1.044E-08  1.019E-08  9.932E-09  9.680E-09  9.430E-09  9.182E-09  8.937E-09  8.693E-09  8.452E-09  8.213E-09  7.975E-09  7.738E-09  7.503E-09  7.270E-09  7.037E-09  6.805E-09  6.575E-09  6.345E-09  6.116E-09  5.888E-09  5.661E-09  5.434E-09  5.208E-09  4.982E-09  4.757E-09  4.533E-09  4.311E-09  4.090E-09  3.872E-09  3.659E-09  3.417E-09  3.147E-09  2.916E-09  2.717E-09  2.545E-09  2.297E-09  2.119E-09  1.898E-09  1.746E-09  1.539E-09  1.352E-09  1.182E-09  1.025E-09
  296.5000  5.930E-08  5.798E-08  5.668E-08  5.542E-08  5.417E-08  5.295E-08  5.175E-08  5.057E-08  4.941E-08  4.827E-08  4.715E-08  4.604E-08  4.496E-08  4.389E-08  4.283E-08  4.179E-08  4.077E-08  3.976E-08  3.876E-08  3.777E-08  3.680E-08  3.584E-08  3.489E-08  3.394E-08  3.301E-08  3.209E-08  3.118E-08  3.027E-08  2.938E-08  2.849E-08  2.760E-08  2.673E-08  2.585E-08  2.499E-08  2.412E-08  2.327E-08  2.241E-08  2.157E-08  2.072E-08  1.988E-08  1.904E-08  1.820E-08  1.737E-08  1.655E-08  1.573E-08  1.492E-08  1.412E-08  1.333E-08  1.245E-08  1.146E-08  1.062E-08  9.896E-09  9.268E-09  8.365E-09  7.721E-09  6.915E-09  6.366E-09  5.613E-09  4.935E-09  4.315E-09  3.746E-09
  297.5000  2.266E-07  2.213E-07  2.162E-07  2.111E-07  2.062E-07  2.013E-07  1.966E-07  1.919E-07  1.873E-07  1.828E-07  1.784E-07  1.741E-07  1.698E-07  1.656E-07  1.615E-07  1.574E-07  1.534E-07  1.495E-07  1.456E-07  1.418E-07  1.380E-07  1.343E-07  1.306E-07  1.270E-07  1.234E-07  1.198E-07  1.163E-07  1.129E-07  1.094E-07  1.060E-07  1.027E-07  9.933E-08  9.602E-08  9.273E-08  8.946E-08  8.622E-08  8.300E-08  7.981E-08  7.663E-08  7.346E-08  7.032E-08  6.719E-08  6.409E-08  6.101E-08  5.795E-08  5.493E-08  5.196E-08  4.906E-08  4.579E-08  4.215E-08  3.904E-08  3.637E-08  3.406E-08  3.074E-08  2.838E-08  2.542E-08  2.341E-08  2.065E-08  1.817E-08  1.589E-08  1.381E-08
  298.5000  4.915E-07  4.796E-07  4.679E-07  4.566E-07  4.454E-07  4.345E-07  4.238E-07  4.133E-07  4.030E-07  3.930E-07  3.831E-07  3.734E-07  3.639E-07  3.546E-07  3.454E-07  3.364E-07  3.275E-07  3.188E-07  3.102E-07  3.018E-07  2.935E-07  2.853E-07  2.772E-07  2.693E-07  2.614E-07  2.537E-07  2.461E-07  2.385E-07  2.311E-07  2.237E-07  2.164E-07  2.092E-07  2.021E-07  1.950E-07  1.880E-07  1.810E-07  1.741E-07  1.673E-07  1.605E-07  1.538E-07  1.471E-07  1.405E-07  1.339E-07  1.274E-07  1.209E-07  1.145E-07  1.083E-07  1.022E-07  9.532E-08  8.771E-08  8.121E-08  7.563E-08  7.081E-08  6.391E-08  5.899E-08  5.285E-08  4.867E-08  4.294E-08  3.781E-08  3.309E-08  2.877E-08
  299.5000  1.962E-06  1.912E-06  1.863E-06  1.816E-06  1.769E-06  1.724E-06  1.679E-06  1.636E-06  1.593E-06  1.552E-06  1.511E-06  1.471E-06  1.432E-06  1.393E-06  1.356E-06  1.319E-06  1.283E-06  1.247E-06  1.212E-06  1.178E-06  1.144E-06  1.111E-06  1.078E-06  1.046E-06  1.015E-06  9.836E-07  9.530E-07  9.228E-07  8.930E-07  8.636E-07  8.346E-07  8.061E-07  7.778E-07  7.498E-07  7.221E-07  6.948E-07  6.677E-07  6.409E-07  6.144E-07  5.881E-07  5.620E-07  5.362E-07  5.106E-07  4.854E-07  4.604E-07  4.358E-07  4.117E-07  3.883E-07  3.620E-07  3.329E-07  3.081E-07  2.868E-07  2.684E-07  2.422E-07  2.235E-07  2.003E-07  1.844E-07  1.628E-07  1.434E-07  1.256E-07  1.092E-07
  300.5000  2.932E-06  2.854E-06  2.777E-06  2.703E-06  2.630E-06  2.559E-06  2.490E-06  2.423E-06  2.357E-06  2.293E-06  2.230E-06  2.169E-06  2.109E-06  2.050E-06  1.992E-06  1.936E-06  1.881E-06  1.827E-06  1.774E-06  1.722E-06  1.671E-06  1.621E-06  1.571E-06  1.523E-06  1.475E-06  1.429E-06  1.383E-06  1.338E-06  1.293E-06  1.249E-06  1.206E-06  1.164E-06  1.122E-06  1.080E-06  1.039E-06  9.990E-07  9.591E-07  9.198E-07  8.809E-07  8.424E-07  8.044E-07  7.667E-07  7.296E-07  6.930E-07  6.568E-07  6.213E-07  5.864E-07  5.526E-07  5.149E-07  4.733E-07  4.377E-07  4.072E-07  3.810E-07  3.437E-07  3.171E-07  2.841E-07  2.616E-07  2.309E-07  2.034E-07  1.782E-07  1.551E-07
  301.5000  9.908E-06  9.623E-06  9.347E-06  9.079E-06  8.819E-06  8.567E-06  8.321E-06  8.082E-06  7.850E-06  7.624E-06  7.404E-06  7.189E-06  6.979E-06  6.774E-06  6.574E-06  6.379E-06  6.187E-06  6.000E-06  5.817E-06  5.638E-06  5.463E-06  5.292E-06  5.123E-06  4.958E-06  4.797E-06  4.638E-06  4.483E-06  4.330E-06  4.180E-06  4.032E-06  3.887E-06  3.745E-06  3.605E-06  3.467E-06  3.332E-06  3.198E-06  3.066E-06  2.937E-06  2.809E-06  2.683E-06  2.558E-06  2.433E-06  2.315E-06  2.196E-06  2.079E-06  1.965E-06  1.852E-06  1.744E-06  1.623E-06  1.491E-06  1.378E-06  1.281E-06  1.197E-06  1.079E-06  9.954E-07  8.916E-07  8.207E-07  7.246E-07  6.386E-07  5.597E-07  4.873E-07
  302.5000  1.787E-05  1.732E-05  1.679E-05  1.628E-05  1.579E-05  1.531E-05  1.485E-05  1.440E-05  1.397E-05  1.355E-05  1.314E-05  1.274E-05  1.235E-05  1.198E-05  1.161E-05  1.125E-05  1.090E-05  1.056E-05  1.022E-05  9.896E-06  9.578E-06  9.266E-06  8.961E-06  8.662E-06  8.370E-06  8.084E-06  7.804E-06  7.529E-06  7.260E-06  6.996E-06  6.736E-06  6.483E-06  6.233E-06  5.987E-06  5.746E-06  5.510E-06  5.277E-06  5.048E-06  4.823E-06  4.602E-06  4.384E-06  4.169E-06  3.959E-06  3.752E-06  3.548E-06  3.349E-06  3.154E-06  2.961E-06  2.760E-06  2.533E-06  2.339E-06  2.173E-06  2.030E-06  1.829E-06  1.686E-06  1.510E-06  1.389E-06  1.226E-06  1.081E-06  9.475E-07  8.253E-07
  303.5000  4.884E-05  4.719E-05  4.562E-05  4.411E-05  4.265E-05  4.126E-05  3.991E-05  3.861E-05  3.736E-05  3.615E-05  3.498E-05  3.385E-05  3.275E-05  3.168E-05  3.065E-05  2.965E-05  2.867E-05  2.772E-05  2.679E-05  2.589E-05  2.502E-05  2.416E-05  2.332E-05  2.251E-05  2.171E-05  2.093E-05  2.017E-05  1.943E-05  1.870E-05  1.799E-05  1.729E-05  1.661E-05  1.595E-05  1.529E-05  1.465E-05  1.403E-05  1.341E-05  1.281E-05  1.222E-05  1.164E-05  1.107E-05  1.051E-05  9.964E-06  9.429E-06  8.905E-06  8.393E-06  7.895E-06  7.416E-06  6.889E-06  6.315E-06  5.824E-06  5.404E-06  5.043E-06  4.541E-06  4.181E-06  3.742E-06  3.441E-06  3.037E-06  2.676E-06  2.347E-06  2.045E-06
  304.5000  7.164E-05  6.906E-05  6.660E-05  6.426E-05  6.201E-05  5.985E-05  5.778E-05  5.579E-05  5.388E-05  5.204E-05  5.027E-05  4.856E-05  4.691E-05  4.531E-05  4.377E-05  4.228E-05  4.083E-05  3.942E-05  3.806E-05  3.673E-05  3.544E-05  3.419E-05  3.296E-05  3.177E-05  3.061E-05  2.948E-05  2.837E-05  2.730E-05  2.624E-05  2.521E-05  2.421E-05  2.323E-05  2.227E-05  2.133E-05  2.041E-05  1.952E-05  1.864E-05  1.778E-05  1.694E-05  1.612E-05  1.531E-05  1.452E-05  1.375E-05  1.300E-05  1.226E-05  1.155E-05  1.085E-05  1.018E-05  9.450E-06  8.655E-06  7.975E-06  7.393E-06  6.894E-06  6.204E-06  5.709E-06  5.106E-06  4.694E-06  4.142E-06  3.649E-06  3.200E-06  2.788E-06
  305.5000  1.536E-04  1.475E-04  1.416E-04  1.360E-04  1.307E-04  1.256E-04  1.208E-04  1.162E-04  1.118E-04  1.076E-04  1.035E-04  9.965E-05  9.593E-05  9.237E-05  8.894E-05  8.565E-05  8.247E-05  7.940E-05  7.644E-05  7.358E-05  7.082E-05  6.814E-05  6.554E-05  6.302E-05  6.057E-05  5.820E-05  5.589E-05  5.364E-05  5.146E-05  4.933E-05  4.726E-05  4.525E-05  4.328E-05  4.136E-05  3.950E-05  3.768E-05  3.590E-05  3.417E-05  3.248E-05  3.084E-05  2.923E-05  2.767E-05  2.614E-05  2.466E-05  2.322E-05  2.182E-05  2.046E-05  1.916E-05  1.776E-05  1.623E-05  1.493E-05  1.382E-05  1.287E-05  1.157E-05  1.063E-05  9.498E-06  8.721E-06  7.691E-06  6.773E-06  5.939E-06  5.176E-06
  306.5000  2.010E-04  1.926E-04  1.845E-04  1.769E-04  1.696E-04  1.627E-04  1.561E-04  1.498E-04  1.439E-04  1.382E-04  1.327E-04  1.275E-04  1.225E-04  1.178E-04  1.132E-04  1.088E-04  1.046E-04  1.006E-04  9.667E-05  9.291E-05  8.930E-05  8.580E-05  8.242E-05  7.915E-05  7.598E-05  7.291E-05  6.994E-05  6.705E-05  6.425E-05  6.152E-05  5.887E-05  5.630E-05  5.380E-05  5.136E-05  4.898E-05  4.667E-05  4.442E-05  4.224E-05  4.011E-05  3.803E-05  3.601E-05  3.404E-05  3.213E-05  3.028E-05  2.847E-05  2.672E-05  2.504E-05  2.343E-05  2.168E-05  1.981E-05  1.821E-05  1.684E-05  1.566E-05  1.407E-05  1.292E-05  1.154E-05  1.059E-05  9.333E-06  8.217E-06  7.203E-06  6.278E-06
  307.5000  4.710E-04  4.495E-04  4.291E-04  4.097E-04  3.912E-04  3.736E-04  3.569E-04  3.410E-04  3.259E-04  3.116E-04  2.979E-04  2.849E-04  2.726E-04  2.608E-04  2.496E-04  2.389E-04  2.287E-04  2.189E-04  2.096E-04  2.006E-04  1.921E-04  1.839E-04  1.760E-04  1.684E-04  1.612E-04  1.541E-04  1.474E-04  1.409E-04  1.346E-04  1.285E-04  1.226E-04  1.169E-04  1.114E-04  1.060E-04  1.008E-04  9.582E-05  9.095E-05  8.623E-05  8.165E-05  7.721E-05  7.291E-05  6.873E-05  6.469E-05  6.079E-05  5.702E-05  5.342E-05  4.988E-05  4.655E-05  4.300E-05  3.919E-05  3.593E-05  3.316E-05  3.078E-05  2.760E-05  2.530E-05  2.256E-05  2.067E-05  1.820E-05  1.601E-05  1.403E-05  1.222E-05
  308.5000  6.447E-04  6.146E-04  5.860E-04  5.588E-04  5.328E-04  5.081E-04  4.846E-04  4.623E-04  4.410E-04  4.209E-04  4.017E-04  3.835E-04  3.661E-04  3.496E-04  3.339E-04  3.190E-04  3.048E-04  2.912E-04  2.783E-04  2.659E-04  2.542E-04  2.429E-04  2.321E-04  2.217E-04  2.118E-04  2.023E-04  1.931E-04  1.843E-04  1.758E-04  1.676E-04  1.597E-04  1.521E-04  1.448E-04  1.376E-04  1.308E-04  1.241E-04  1.176E-04  1.114E-04  1.053E-04  9.950E-05  9.383E-05  8.835E-05  8.306E-05  7.796E-05  7.302E-05  6.828E-05  6.373E-05  5.940E-05  5.479E-05  4.989E-05  4.570E-05  4.212E-05  3.907E-05  3.499E-05  3.205E-05  2.856E-05  2.615E-05  2.301E-05  2.023E-05  1.772E-05  1.543E-05
  309.5000  8.286E-04  7.890E-04  7.512E-04  7.151E-04  6.806E-04  6.477E-04  6.164E-04  5.865E-04  5.581E-04  5.310E-04  5.053E-04  4.808E-04  4.575E-04  4.353E-04  4.143E-04  3.944E-04  3.753E-04  3.573E-04  3.401E-04  3.238E-04  3.083E-04  2.935E-04  2.794E-04  2.659E-04  2.531E-04  2.409E-04  2.292E-04  2.180E-04  2.073E-04  1.970E-04  1.871E-04  1.777E-04  1.686E-04  1.598E-04  1.514E-04  1.433E-04  1.355E-04  1.279E-04  1.207E-04  1.137E-04  1.069E-04  1.004E-04  9.412E-05  8.810E-05  8.230E-05  7.675E-05  7.146E-05  6.644E-05  6.113E-05  5.553E-05  5.075E-05  4.667E-05  4.319E-05  3.861E-05  3.529E-05  3.140E-05  2.870E-05  2.522E-05  2.215E-05  1.945E-05  1.688E-05
  310.5000  1.508E-03  1.436E-03  1.367E-03  1.301E-03  1.238E-03  1.177E-03  1.119E-03  1.064E-03  1.011E-03  9.607E-04  9.125E-04  8.667E-04  8.231E-04  7.815E-04  7.421E-04  7.046E-04  6.689E-04  6.350E-04  6.028E-04  5.721E-04  5.431E-04  5.155E-04  4.893E-04  4.643E-04  4.406E-04  4.180E-04  3.966E-04  3.761E-04  3.565E-04  3.379E-04  3.201E-04  3.031E-04  2.868E-04  2.712E-04  2.563E-04  2.419E-04  2.282E-04  2.150E-04  2.023E-04  1.901E-04  1.784E-04  1.671E-04  1.563E-04  1.460E-04  1.361E-04  1.266E-04  1.176E-04  1.091E-04  1.002E-04  9.080E-05  8.280E-05  7.598E-05  7.017E-05  6.262E-05  5.713E-05  5.075E-05  4.631E-05  4.065E-05  3.566E-05  3.117E-05  2.712E-05
  311.5000  2.369E-03  2.257E-03  2.149E-03  2.045E-03  1.946E-03  1.851E-03  1.759E-03  1.671E-03  1.588E-03  1.508E-03  1.431E-03  1.358E-03  1.288E-03  1.222E-03  1.159E-03  1.099E-03  1.041E-03  9.869E-04  9.351E-04  8.859E-04  8.394E-04  7.950E-04  7.529E-04  7.129E-04  6.750E-04  6.389E-04  6.048E-04  5.722E-04  5.413E-04  5.119E-04  4.838E-04  4.572E-04  4.317E-04  4.074E-04  3.841E-04  3.619E-04  3.407E-04  3.204E-04  3.009E-04  2.823E-04  2.644E-04  2.473E-04  2.309E-04  2.153E-04  2.003E-04  1.860E-04  1.725E-04  1.597E-04  1.464E-04  1.325E-04  1.206E-04  1.105E-04  1.019E-04  9.077E-05  8.270E-05  7.337E-05  6.687E-05  5.863E-05  5.139E-05  4.492E-05  3.903E-05
  312.5000  3.379E-03  3.225E-03  3.076E-03  2.933E-03  2.794E-03  2.660E-03  2.531E-03  2.407E-03  2.288E-03  2.173E-03  2.063E-03  1.957E-03  1.856E-03  1.759E-03  1.666E-03  1.577E-03  1.492E-03  1.411E-03  1.334E-03  1.261E-03  1.191E-03  1.125E-03  1.061E-03  1.001E-03  9.445E-04  8.904E-04  8.393E-04  7.907E-04  7.446E-04  7.009E-04  6.595E-04  6.203E-04  5.830E-04  5.477E-04  5.141E-04  4.822E-04  4.519E-04  4.232E-04  3.958E-04  3.697E-04  3.448E-04  3.212E-04  2.987E-04  2.774E-04  2.570E-04  2.378E-04  2.196E-04  2.025E-04  1.849E-04  1.667E-04  1.512E-04  1.380E-04  1.267E-04  1.125E-04  1.022E-04  9.037E-05  8.211E-05  7.180E-05  6.279E-05  5.476E-05  4.751E-05
  313.5000  4.198E-03  4.009E-03  3.826E-03  3.650E-03  3.479E-03  3.314E-03  3.155E-03  3.001E-03  2.853E-03  2.711E-03  2.574E-03  2.442E-03  2.316E-03  2.195E-03  2.079E-03  1.968E-03  1.862E-03  1.761E-03  1.664E-03  1.572E-03  1.484E-03  1.401E-03  1.321E-03  1.246E-03  1.174E-03  1.106E-03  1.041E-03  9.802E-04  9.222E-04  8.672E-04  8.151E-04  7.659E-04  7.191E-04  6.748E-04  6.327E-04  5.929E-04  5.550E-04  5.192E-04  4.851E-04  4.526E-04  4.218E-04  3.925E-04  3.647E-04  3.383E-04  3.134E-04  2.895E-04  2.671E-04  2.461E-04  2.245E-04  2.022E-04  1.832E-04  1.670E-04  1.533E-04  1.360E-04  1.233E-04  1.090E-04  9.894E-05  8.645E-05  7.555E-05  6.584E-05  5.710E-05
  314.5000  5.938E-03  5.688E-03  5.445E-03  5.209E-03  4.978E-03  4.755E-03  4.538E-03  4.327E-03  4.123E-03  3.926E-03  3.735E-03  3.551E-03  3.372E-03  3.200E-03  3.035E-03  2.876E-03  2.722E-03  2.575E-03  2.434E-03  2.298E-03  2.169E-03  2.045E-03  1.926E-03  1.813E-03  1.705E-03  1.603E-03  1.505E-03  1.412E-03  1.324E-03  1.241E-03  1.162E-03  1.087E-03  1.016E-03  9.491E-04  8.857E-04  8.258E-04  7.693E-04  7.160E-04  6.656E-04  6.180E-04  5.730E-04  5.306E-04  4.905E-04  4.528E-04  4.172E-04  3.837E-04  3.524E-04  3.231E-04  2.934E-04  2.631E-04  2.372E-04  2.153E-04  1.966E-04  1.737E-04  1.568E-04  1.380E-04  1.248E-04  1.086E-04  9.461E-05  8.219E-05  7.111E-05
  315.5000  6.496E-03  6.225E-03  5.962E-03  5.707E-03  5.457E-03  5.215E-03  4.979E-03  4.751E-03  4.529E-03  4.315E-03  4.107E-03  3.905E-03  3.711E-03  3.523E-03  3.342E-03  3.168E-03  3.000E-03  2.838E-03  2.683E-03  2.534E-03  2.392E-03  2.255E-03  2.124E-03  2.000E-03  1.881E-03  1.767E-03  1.660E-03  1.557E-03  1.460E-03  1.367E-03  1.279E-03  1.197E-03  1.118E-03  1.044E-03  9.735E-04  9.072E-04  8.446E-04  7.856E-04  7.298E-04  6.772E-04  6.275E-04  5.807E-04  5.365E-04  4.950E-04  4.558E-04  4.189E-04  3.845E-04  3.523E-04  3.198E-04  2.865E-04  2.582E-04  2.341E-04  2.137E-04  1.886E-04  1.702E-04  1.497E-04  1.352E-04  1.176E-04  1.024E-04  8.889E-05  7.687E-05
  316.5000  8.570E-03  8.239E-03  7.916E-03  7.600E-03  7.291E-03  6.988E-03  6.693E-03  6.405E-03  6.125E-03  5.852E-03  5.586E-03  5.327E-03  5.076E-03  4.832E-03  4.595E-03  4.366E-03  4.144E-03  3.929E-03  3.721E-03  3.521E-03  3.328E-03  3.142E-03  2.963E-03  2.791E-03  2.627E-03  2.469E-03  2.318E-03  2.174E-03  2.036E-03  1.905E-03  1.780E-03  1.661E-03  1.549E-03  1.442E-03  1.341E-03  1.246E-03  1.155E-03  1.071E-03  9.904E-04  9.150E-04  8.441E-04  7.775E-04  7.150E-04  6.565E-04  6.016E-04  5.503E-04  5.025E-04  4.583E-04  4.139E-04  3.691E-04  3.310E-04  2.987E-04  2.713E-04  2.383E-04  2.140E-04  1.873E-04  1.685E-04  1.459E-04  1.265E-04  1.094E-04  9.430E-05
  317.5000  1.213E-02  1.166E-02  1.120E-02  1.075E-02  1.031E-02  9.887E-03  9.469E-03  9.061E-03  8.664E-03  8.278E-03  7.902E-03  7.535E-03  7.179E-03  6.834E-03  6.498E-03  6.174E-03  5.860E-03  5.556E-03  5.262E-03  4.978E-03  4.706E-03  4.443E-03  4.190E-03  3.947E-03  3.713E-03  3.490E-03  3.277E-03  3.073E-03  2.878E-03  2.693E-03  2.516E-03  2.349E-03  2.190E-03  2.039E-03  1.896E-03  1.762E-03  1.634E-03  1.514E-03  1.401E-03  1.295E-03  1.195E-03  1.101E-03  1.012E-03  9.296E-04  8.521E-04  7.796E-04  7.121E-04  6.496E-04  5.869E-04  5.234E-04  4.694E-04  4.237E-04  3.849E-04  3.382E-04  3.038E-04  2.659E-04  2.392E-04  2.072E-04  1.796E-04  1.554E-04  1.339E-04
  318.5000  1.243E-02  1.199E-02  1.156E-02  1.114E-02  1.072E-02  1.031E-02  9.912E-03  9.519E-03  9.134E-03  8.758E-03  8.390E-03  8.029E-03  7.677E-03  7.333E-03  6.998E-03  6.672E-03  6.353E-03  6.043E-03  5.742E-03  5.450E-03  5.167E-03  4.892E-03  4.626E-03  4.369E-03  4.121E-03  3.881E-03  3.651E-03  3.429E-03  3.216E-03  3.012E-03  2.816E-03  2.630E-03  2.451E-03  2.281E-03  2.120E-03  1.966E-03  1.821E-03  1.683E-03  1.554E-03  1.431E-03  1.316E-03  1.208E-03  1.106E-03  1.011E-03  9.226E-04  8.400E-04  7.634E-04  6.928E-04  6.226E-04  5.524E-04  4.928E-04  4.423E-04  3.996E-04  3.491E-04  3.118E-04  2.715E-04  2.428E-04  2.092E-04  1.805E-04  1.553E-04  1.333E-04
  319.5000  1.596E-02  1.541E-02  1.486E-02  1.433E-02  1.380E-02  1.328E-02  1.278E-02  1.228E-02  1.179E-02  1.131E-02  1.085E-02  1.039E-02  9.939E-03  9.501E-03  9.074E-03  8.657E-03  8.251E-03  7.854E-03  7.469E-03  7.094E-03  6.730E-03  6.377E-03  6.035E-03  5.703E-03  5.383E-03  5.073E-03  4.775E-03  4.488E-03  4.211E-03  3.946E-03  3.691E-03  3.448E-03  3.215E-03  2.993E-03  2.782E-03  2.581E-03  2.390E-03  2.210E-03  2.039E-03  1.878E-03  1.726E-03  1.584E-03  1.450E-03  1.325E-03  1.208E-03  1.100E-03  9.987E-04  9.057E-04  8.134E-04  7.211E-04  6.427E-04  5.763E-04  5.203E-04  4.541E-04  4.053E-04  3.525E-04  3.150E-04  2.711E-04  2.336E-04  2.008E-04  1.721E-04
  320.5000  2.066E-02  1.996E-02  1.927E-02  1.859E-02  1.793E-02  1.727E-02  1.662E-02  1.599E-02  1.537E-02  1.476E-02  1.416E-02  1.358E-02  1.300E-02  1.244E-02  1.189E-02  1.136E-02  1.084E-02  1.032E-02  9.827E-03  9.342E-03  8.872E-03  8.414E-03  7.969E-03  7.538E-03  7.121E-03  6.717E-03  6.327E-03  5.951E-03  5.588E-03  5.239E-03  4.904E-03  4.583E-03  4.276E-03  3.982E-03  3.701E-03  3.434E-03  3.180E-03  2.940E-03  2.713E-03  2.497E-03  2.295E-03  2.104E-03  1.925E-03  1.758E-03  1.601E-03  1.455E-03  1.320E-03  1.196E-03  1.073E-03  9.497E-04  8.452E-04  7.569E-04  6.823E-04  5.946E-04  5.298E-04  4.601E-04  4.105E-04  3.528E-04  3.034E-04  2.605E-04  2.230E-04
  321.5000  2.250E-02  2.181E-02  2.114E-02  2.047E-02  1.981E-02  1.916E-02  1.852E-02  1.788E-02  1.726E-02  1.665E-02  1.604E-02  1.544E-02  1.486E-02  1.428E-02  1.371E-02  1.316E-02  1.261E-02  1.207E-02  1.154E-02  1.103E-02  1.052E-02  1.003E-02  9.546E-03  9.074E-03  8.614E-03  8.165E-03  7.728E-03  7.303E-03  6.890E-03  6.489E-03  6.101E-03  5.727E-03  5.364E-03  5.014E-03  4.678E-03  4.354E-03  4.044E-03  3.748E-03  3.465E-03  3.195E-03  2.939E-03  2.696E-03  2.467E-03  2.251E-03  2.048E-03  1.859E-03  1.682E-03  1.520E-03  1.358E-03  1.197E-03  1.061E-03  9.457E-04  8.483E-04  7.351E-04  6.513E-04  5.620E-04  4.984E-04  4.254E-04  3.634E-04  3.099E-04  2.634E-04
  322.5000  1.869E-02  1.807E-02  1.746E-02  1.686E-02  1.627E-02  1.568E-02  1.511E-02  1.454E-02  1.399E-02  1.345E-02  1.291E-02  1.239E-02  1.188E-02  1.137E-02  1.088E-02  1.040E-02  9.932E-03  9.472E-03  9.024E-03  8.586E-03  8.161E-03  7.747E-03  7.344E-03  6.952E-03  6.573E-03  6.205E-03  5.850E-03  5.506E-03  5.174E-03  4.854E-03  4.546E-03  4.252E-03  3.968E-03  3.697E-03  3.438E-03  3.191E-03  2.956E-03  2.733E-03  2.521E-03  2.321E-03  2.132E-03  1.954E-03  1.787E-03  1.631E-03  1.485E-03  1.349E-03  1.223E-03  1.107E-03  9.920E-04  8.774E-04  7.801E-04  6.978E-04  6.284E-04  5.470E-04  4.869E-04  4.222E-04  3.763E-04  3.230E-04  2.774E-04  2.379E-04  2.033E-04
  323.5000  2.610E-02  2.535E-02  2.460E-02  2.387E-02  2.314E-02  2.242E-02  2.171E-02  2.101E-02  2.031E-02  1.963E-02  1.895E-02  1.829E-02  1.763E-02  1.698E-02  1.634E-02  1.572E-02  1.510E-02  1.449E-02  1.389E-02  1.330E-02  1.272E-02  1.216E-02  1.160E-02  1.106E-02  1.052E-02  1.000E-02  9.492E-03  8.994E-03  8.508E-03  8.036E-03  7.576E-03  7.130E-03  6.696E-03  6.277E-03  5.870E-03  5.479E-03  5.101E-03  4.739E-03  4.390E-03  4.057E-03  3.738E-03  3.435E-03  3.147E-03  2.876E-03  2.619E-03  2.378E-03  2.153E-03  1.945E-03  1.737E-03  1.530E-03  1.354E-03  1.205E-03  1.080E-03  9.335E-04  8.254E-04  7.102E-04  6.282E-04  5.344E-04  4.549E-04  3.865E-04  3.274E-04
  324.5000  3.028E-02  2.941E-02  2.854E-02  2.768E-02  2.683E-02  2.599E-02  2.516E-02  2.434E-02  2.353E-02  2.273E-02  2.195E-02  2.117E-02  2.040E-02  1.965E-02  1.890E-02  1.817E-02  1.745E-02  1.674E-02  1.605E-02  1.536E-02  1.469E-02  1.403E-02  1.339E-02  1.275E-02  1.213E-02  1.153E-02  1.094E-02  1.036E-02  9.800E-03  9.252E-03  8.720E-03  8.204E-03  7.703E-03  7.218E-03  6.748E-03  6.296E-03  5.860E-03  5.443E-03  5.041E-03  4.657E-03  4.291E-03  3.942E-03  3.611E-03  3.299E-03  3.004E-03  2.728E-03  2.470E-03  2.231E-03  1.994E-03  1.756E-03  1.555E-03  1.385E-03  1.241E-03  1.073E-03  9.494E-04  8.174E-04  7.235E-04  6.158E-04  5.245E-04  4.459E-04  3.780E-04
  325.5000  3.264E-02  3.167E-02  3.071E-02  2.977E-02  2.884E-02  2.791E-02  2.700E-02  2.610E-02  2.522E-02  2.434E-02  2.348E-02  2.263E-02  2.179E-02  2.097E-02  2.016E-02  1.936E-02  1.858E-02  1.781E-02  1.705E-02  1.631E-02  1.558E-02  1.486E-02  1.417E-02  1.348E-02  1.281E-02  1.216E-02  1.153E-02  1.090E-02  1.030E-02  9.714E-03  9.144E-03  8.593E-03  8.058E-03  7.542E-03  7.043E-03  6.563E-03  6.102E-03  5.661E-03  5.238E-03  4.833E-03  4.449E-03  4.083E-03  3.738E-03  3.412E-03  3.105E-03  2.818E-03  2.550E-03  2.303E-03  2.057E-03  1.813E-03  1.605E-03  1.429E-03  1.281E-03  1.109E-03  9.811E-04  8.452E-04  7.486E-04  6.378E-04  5.438E-04  4.629E-04  3.928E-04
  326.5000  4.859E-02  4.730E-02  4.603E-02  4.477E-02  4.352E-02  4.228E-02  4.105E-02  3.983E-02  3.863E-02  3.744E-02  3.626E-02  3.510E-02  3.395E-02  3.281E-02  3.168E-02  3.057E-02  2.947E-02  2.838E-02  2.731E-02  2.626E-02  2.522E-02  2.419E-02  2.318E-02  2.219E-02  2.121E-02  2.025E-02  1.930E-02  1.838E-02  1.747E-02  1.658E-02  1.571E-02  1.486E-02  1.402E-02  1.321E-02  1.242E-02  1.165E-02  1.091E-02  1.018E-02  9.483E-03  8.807E-03  8.156E-03  7.531E-03  6.932E-03  6.361E-03  5.817E-03  5.302E-03  4.817E-03  4.365E-03  3.908E-03  3.446E-03  3.053E-03  2.722E-03  2.441E-03  2.108E-03  1.863E-03  1.600E-03  1.413E-03  1.198E-03  1.016E-03  8.594E-04  7.245E-04
  327.5000  4.234E-02  4.118E-02  4.002E-02  3.888E-02  3.775E-02  3.663E-02  3.552E-02  3.443E-02  3.334E-02  3.227E-02  3.122E-02  3.017E-02  2.914E-02  2.811E-02  2.711E-02  2.612E-02  2.514E-02  2.417E-02  2.322E-02  2.228E-02  2.136E-02  2.045E-02  1.956E-02  1.869E-02  1.783E-02  1.698E-02  1.616E-02  1.535E-02  1.456E-02  1.378E-02  1.303E-02  1.230E-02  1.158E-02  1.088E-02  1.021E-02  9.549E-03  8.915E-03  8.304E-03  7.713E-03  7.145E-03  6.601E-03  6.080E-03  5.583E-03  5.112E-03  4.665E-03  4.243E-03  3.848E-03  3.480E-03  3.112E-03  2.741E-03  2.427E-03  2.162E-03  1.937E-03  1.674E-03  1.479E-03  1.271E-03  1.124E-03  9.538E-04  8.101E-04  6.867E-04  5.800E-04
  328.5000  3.921E-02  3.813E-02  3.706E-02  3.601E-02  3.496E-02  3.392E-02  3.290E-02  3.188E-02  3.088E-02  2.989E-02  2.891E-02  2.794E-02  2.699E-02  2.604E-02  2.511E-02  2.419E-02  2.328E-02  2.239E-02  2.151E-02  2.064E-02  1.979E-02  1.895E-02  1.812E-02  1.731E-02  1.651E-02  1.573E-02  1.497E-02  1.422E-02  1.349E-02  1.277E-02  1.207E-02  1.139E-02  1.072E-02  1.008E-02  9.450E-03  8.842E-03  8.254E-03  7.687E-03  7.140E-03  6.613E-03  6.108E-03  5.625E-03  5.164E-03  4.727E-03  4.312E-03  3.921E-03  3.555E-03  3.214E-03  2.873E-03  2.530E-03  2.239E-03  1.993E-03  1.786E-03  1.542E-03  1.362E-03  1.170E-03  1.034E-03  8.770E-04  7.446E-04  6.308E-04  5.327E-04
  329.5000  5.930E-02  5.781E-02  5.633E-02  5.488E-02  5.343E-02  5.199E-02  5.056E-02  4.915E-02  4.774E-02  4.636E-02  4.498E-02  4.362E-02  4.227E-02  4.093E-02  3.961E-02  3.830E-02  3.700E-02  3.572E-02  3.445E-02  3.320E-02  3.197E-02  3.074E-02  2.954E-02  2.835E-02  2.717E-02  2.601E-02  2.488E-02  2.375E-02  2.265E-02  2.156E-02  2.050E-02  1.945E-02  1.843E-02  1.742E-02  1.644E-02  1.548E-02  1.454E-02  1.363E-02  1.275E-02  1.189E-02  1.105E-02  1.025E-02  9.468E-03  8.724E-03  8.009E-03  7.328E-03  6.683E-03  6.078E-03  5.457E-03  4.822E-03  4.284E-03  3.830E-03  3.444E-03  2.977E-03  2.637E-03  2.264E-03  2.004E-03  1.697E-03  1.437E-03  1.214E-03  1.021E-03
  330.5000  5.060E-02  4.928E-02  4.797E-02  4.668E-02  4.539E-02  4.412E-02  4.285E-02  4.160E-02  4.036E-02  3.914E-02  3.793E-02  3.673E-02  3.554E-02  3.436E-02  3.320E-02  3.205E-02  3.092E-02  2.980E-02  2.869E-02  2.760E-02  2.652E-02  2.546E-02  2.441E-02  2.338E-02  2.236E-02  2.137E-02  2.039E-02  1.942E-02  1.848E-02  1.755E-02  1.664E-02  1.575E-02  1.488E-02  1.403E-02  1.320E-02  1.240E-02  1.161E-02  1.085E-02  1.012E-02  9.403E-03  8.716E-03  8.055E-03  7.420E-03  6.815E-03  6.237E-03  5.689E-03  5.173E-03  4.691E-03  4.201E-03  3.704E-03  3.285E-03  2.930E-03  2.629E-03  2.270E-03  2.007E-03  1.723E-03  1.523E-03  1.290E-03  1.093E-03  9.242E-04  7.784E-04
  331.5000  4.939E-02  4.809E-02  4.680E-02  4.553E-02  4.427E-02  4.301E-02  4.177E-02  4.054E-02  3.932E-02  3.812E-02  3.693E-02  3.575E-02  3.458E-02  3.342E-02  3.228E-02  3.116E-02  3.005E-02  2.895E-02  2.786E-02  2.679E-02  2.573E-02  2.469E-02  2.367E-02  2.266E-02  2.166E-02  2.069E-02  1.973E-02  1.879E-02  1.786E-02  1.696E-02  1.607E-02  1.520E-02  1.436E-02  1.353E-02  1.272E-02  1.194E-02  1.117E-02  1.044E-02  9.722E-03  9.031E-03  8.364E-03  7.724E-03  7.111E-03  6.527E-03  5.969E-03  5.441E-03  4.943E-03  4.479E-03  4.009E-03  3.534E-03  3.132E-03  2.791E-03  2.503E-03  2.161E-03  1.909E-03  1.639E-03  1.448E-03  1.226E-03  1.039E-03  8.786E-04  7.401E-04
  332.5000  5.439E-02  5.305E-02  5.173E-02  5.042E-02  4.912E-02  4.782E-02  4.654E-02  4.527E-02  4.401E-02  4.276E-02  4.152E-02  4.029E-02  3.907E-02  3.787E-02  3.667E-02  3.549E-02  3.432E-02  3.316E-02  3.202E-02  3.088E-02  2.976E-02  2.865E-02  2.756E-02  2.647E-02  2.541E-02  2.435E-02  2.332E-02  2.229E-02  2.128E-02  2.029E-02  1.931E-02  1.835E-02  1.741E-02  1.649E-02  1.558E-02  1.469E-02  1.383E-02  1.298E-02  1.216E-02  1.136E-02  1.058E-02  9.825E-03  9.096E-03  8.396E-03  7.722E-03  7.078E-03  6.466E-03  5.891E-03  5.297E-03  4.687E-03  4.169E-03  3.732E-03  3.362E-03  2.908E-03  2.579E-03  2.216E-03  1.962E-03  1.662E-03  1.407E-03  1.188E-03  9.987E-04
  333.5000  4.876E-02  4.753E-02  4.630E-02  4.509E-02  4.389E-02  4.269E-02  4.151E-02  4.034E-02  3.917E-02  3.803E-02  3.689E-02  3.576E-02  3.464E-02  3.353E-02  3.243E-02  3.135E-02  3.028E-02  2.922E-02  2.817E-02  2.713E-02  2.611E-02  2.510E-02  2.411E-02  2.313E-02  2.216E-02  2.120E-02  2.026E-02  1.934E-02  1.843E-02  1.754E-02  1.666E-02  1.580E-02  1.496E-02  1.413E-02  1.332E-02  1.254E-02  1.177E-02  1.102E-02  1.030E-02  9.594E-03  8.913E-03  8.255E-03  7.622E-03  7.016E-03  6.435E-03  5.882E-03  5.360E-03  4.869E-03  4.368E-03  3.857E-03  3.424E-03  3.058E-03  2.748E-03  2.374E-03  2.100E-03  1.803E-03  1.594E-03  1.350E-03  1.143E-03  9.651E-04  8.117E-04
  334.5000  5.587E-02  5.448E-02  5.310E-02  5.173E-02  5.038E-02  4.903E-02  4.769E-02  4.637E-02  4.505E-02  4.375E-02  4.246E-02  4.119E-02  3.992E-02  3.867E-02  3.742E-02  3.620E-02  3.498E-02  3.378E-02  3.259E-02  3.141E-02  3.025E-02  2.910E-02  2.797E-02  2.685E-02  2.575E-02  2.466E-02  2.359E-02  2.253E-02  2.149E-02  2.047E-02  1.946E-02  1.848E-02  1.751E-02  1.656E-02  1.564E-02  1.473E-02  1.384E-02  1.298E-02  1.214E-02  1.132E-02  1.053E-02  9.768E-03  9.031E-03  8.323E-03  7.644E-03  6.996E-03  6.382E-03  5.805E-03  5.213E-03  4.606E-03  4.092E-03  3.658E-03  3.290E-03  2.843E-03  2.518E-03  2.162E-03  1.913E-03  1.619E-03  1.370E-03  1.157E-03  9.721E-04
  335.5000  5.976E-02  5.833E-02  5.690E-02  5.549E-02  5.408E-02  5.269E-02  5.131E-02  4.993E-02  4.857E-02  4.722E-02  4.589E-02  4.456E-02  4.324E-02  4.194E-02  4.064E-02  3.937E-02  3.810E-02  3.684E-02  3.560E-02  3.436E-02  3.315E-02  3.194E-02  3.075E-02  2.957E-02  2.841E-02  2.726E-02  2.613E-02  2.501E-02  2.390E-02  2.282E-02  2.175E-02  2.069E-02  1.966E-02  1.864E-02  1.764E-02  1.666E-02  1.570E-02  1.477E-02  1.385E-02  1.296E-02  1.209E-02  1.125E-02  1.043E-02  9.647E-03  8.889E-03  8.162E-03  7.470E-03  6.818E-03  6.140E-03  5.439E-03  4.846E-03  4.345E-03  3.920E-03  3.394E-03  3.013E-03  2.591E-03  2.297E-03  1.946E-03  1.648E-03  1.391E-03  1.168E-03
  336.5000  4.603E-02  4.492E-02  4.381E-02  4.271E-02  4.161E-02  4.053E-02  3.945E-02  3.838E-02  3.733E-02  3.628E-02  3.524E-02  3.421E-02  3.318E-02  3.217E-02  3.117E-02  3.017E-02  2.919E-02  2.821E-02  2.725E-02  2.629E-02  2.535E-02  2.442E-02  2.349E-02  2.258E-02  2.168E-02  2.079E-02  1.992E-02  1.905E-02  1.820E-02  1.736E-02  1.653E-02  1.572E-02  1.493E-02  1.414E-02  1.337E-02  1.262E-02  1.188E-02  1.117E-02  1.046E-02  9.781E-03  9.117E-03  8.473E-03  7.850E-03  7.251E-03  6.674E-03  6.121E-03  5.596E-03  5.102E-03  4.590E-03  4.062E-03  3.615E-03  3.238E-03  2.919E-03  2.525E-03  2.239E-03  1.924E-03  1.705E-03  1.443E-03  1.222E-03  1.031E-03  8.660E-04
  337.5000  4.872E-02  4.751E-02  4.630E-02  4.511E-02  4.392E-02  4.275E-02  4.158E-02  4.043E-02  3.928E-02  3.815E-02  3.702E-02  3.591E-02  3.481E-02  3.371E-02  3.263E-02  3.156E-02  3.050E-02  2.945E-02  2.841E-02  2.739E-02  2.638E-02  2.538E-02  2.439E-02  2.341E-02  2.245E-02  2.150E-02  2.056E-02  1.964E-02  1.874E-02  1.784E-02  1.697E-02  1.611E-02  1.526E-02  1.444E-02  1.363E-02  1.284E-02  1.206E-02  1.131E-02  1.058E-02  9.866E-03  9.176E-03  8.509E-03  7.865E-03  7.248E-03  6.655E-03  6.090E-03  5.554E-03  5.051E-03  4.535E-03  4.006E-03  3.558E-03  3.180E-03  2.859E-03  2.470E-03  2.187E-03  1.877E-03  1.660E-03  1.405E-03  1.189E-03  1.003E-03  8.428E-04
  338.5000  5.441E-02  5.310E-02  5.181E-02  5.053E-02  4.925E-02  4.798E-02  4.672E-02  4.548E-02  4.424E-02  4.301E-02  4.180E-02  4.059E-02  3.939E-02  3.821E-02  3.703E-02  3.587E-02  3.472E-02  3.358E-02  3.244E-02  3.132E-02  3.022E-02  2.912E-02  2.804E-02  2.697E-02  2.591E-02  2.486E-02  2.383E-02  2.281E-02  2.181E-02  2.082E-02  1.985E-02  1.889E-02  1.794E-02  1.702E-02  1.611E-02  1.521E-02  1.434E-02  1.349E-02  1.265E-02  1.184E-02  1.105E-02  1.028E-02  9.533E-03  8.816E-03  8.123E-03  7.459E-03  6.827E-03  6.231E-03  5.611E-03  4.970E-03  4.427E-03  3.969E-03  3.581E-03  3.099E-03  2.751E-03  2.365E-03  2.097E-03  1.775E-03  1.503E-03  1.268E-03  1.065E-03
  339.5000  5.964E-02  5.821E-02  5.680E-02  5.540E-02  5.401E-02  5.262E-02  5.125E-02  4.989E-02  4.854E-02  4.721E-02  4.588E-02  4.456E-02  4.326E-02  4.196E-02  4.068E-02  3.941E-02  3.815E-02  3.690E-02  3.567E-02  3.444E-02  3.324E-02  3.204E-02  3.085E-02  2.968E-02  2.853E-02  2.738E-02  2.626E-02  2.514E-02  2.404E-02  2.296E-02  2.189E-02  2.084E-02  1.981E-02  1.879E-02  1.779E-02  1.681E-02  1.585E-02  1.492E-02  1.400E-02  1.310E-02  1.223E-02  1.139E-02  1.057E-02  9.775E-03  9.011E-03  8.278E-03  7.580E-03  6.921E-03  6.236E-03  5.525E-03  4.923E-03  4.415E-03  3.986E-03  3.450E-03  3.064E-03  2.634E-03  2.336E-03  1.978E-03  1.674E-03  1.412E-03  1.186E-03
  340.5000  6.252E-02  6.101E-02  5.950E-02  5.802E-02  5.653E-02  5.507E-02  5.361E-02  5.216E-02  5.073E-02  4.931E-02  4.791E-02  4.651E-02  4.512E-02  4.375E-02  4.239E-02  4.105E-02  3.971E-02  3.839E-02  3.709E-02  3.579E-02  3.452E-02  3.325E-02  3.200E-02  3.076E-02  2.954E-02  2.834E-02  2.715E-02  2.597E-02  2.482E-02  2.368E-02  2.256E-02  2.145E-02  2.037E-02  1.930E-02  1.826E-02  1.724E-02  1.623E-02  1.526E-02  1.430E-02  1.337E-02  1.247E-02  1.159E-02  1.074E-02  9.919E-03  9.131E-03  8.376E-03  7.659E-03  6.983E-03  6.282E-03  5.559E-03  4.947E-03  4.431E-03  3.993E-03  3.454E-03  3.063E-03  2.631E-03  2.331E-03  1.972E-03  1.669E-03  1.407E-03  1.181E-03
  341.5000  5.717E-02  5.582E-02  5.447E-02  5.313E-02  5.180E-02  5.049E-02  4.918E-02  4.788E-02  4.659E-02  4.532E-02  4.405E-02  4.280E-02  4.155E-02  4.032E-02  3.909E-02  3.788E-02  3.668E-02  3.549E-02  3.431E-02  3.314E-02  3.199E-02  3.084E-02  2.971E-02  2.859E-02  2.748E-02  2.639E-02  2.531E-02  2.424E-02  2.319E-02  2.215E-02  2.113E-02  2.013E-02  1.914E-02  1.816E-02  1.720E-02  1.626E-02  1.534E-02  1.444E-02  1.356E-02  1.270E-02  1.186E-02  1.105E-02  1.026E-02  9.493E-03  8.756E-03  8.048E-03  7.373E-03  6.736E-03  6.071E-03  5.381E-03  4.797E-03  4.304E-03  3.887E-03  3.366E-03  2.990E-03  2.571E-03  2.281E-03  1.931E-03  1.635E-03  1.379E-03  1.158E-03
  342.5000  6.371E-02  6.220E-02  6.071E-02  5.923E-02  5.775E-02  5.629E-02  5.483E-02  5.339E-02  5.196E-02  5.055E-02  4.914E-02  4.775E-02  4.636E-02  4.499E-02  4.363E-02  4.228E-02  4.095E-02  3.962E-02  3.831E-02  3.701E-02  3.573E-02  3.446E-02  3.320E-02  3.196E-02  3.072E-02  2.951E-02  2.831E-02  2.712E-02  2.595E-02  2.479E-02  2.365E-02  2.253E-02  2.143E-02  2.034E-02  1.928E-02  1.823E-02  1.720E-02  1.620E-02  1.521E-02  1.425E-02  1.332E-02  1.240E-02  1.152E-02  1.067E-02  9.842E-03  9.049E-03  8.294E-03  7.579E-03  6.834E-03  6.058E-03  5.402E-03  4.848E-03  4.380E-03  3.793E-03  3.370E-03  2.898E-03  2.572E-03  2.178E-03  1.843E-03  1.555E-03  1.305E-03
  343.5000  6.558E-02  6.402E-02  6.247E-02  6.093E-02  5.941E-02  5.789E-02  5.638E-02  5.489E-02  5.341E-02  5.195E-02  5.049E-02  4.904E-02  4.761E-02  4.619E-02  4.478E-02  4.339E-02  4.201E-02  4.064E-02  3.928E-02  3.794E-02  3.661E-02  3.530E-02  3.400E-02  3.271E-02  3.144E-02  3.018E-02  2.895E-02  2.772E-02  2.651E-02  2.532E-02  2.415E-02  2.299E-02  2.186E-02  2.074E-02  1.964E-02  1.856E-02  1.750E-02  1.647E-02  1.546E-02  1.448E-02  1.352E-02  1.258E-02  1.168E-02  1.080E-02  9.961E-03  9.152E-03  8.381E-03  7.653E-03  6.895E-03  6.107E-03  5.442E-03  4.880E-03  4.405E-03  3.812E-03  3.385E-03  2.909E-03  2.580E-03  2.183E-03  1.847E-03  1.557E-03  1.307E-03
  344.5000  4.551E-02  4.441E-02  4.333E-02  4.226E-02  4.119E-02  4.013E-02  3.907E-02  3.803E-02  3.700E-02  3.597E-02  3.496E-02  3.395E-02  3.295E-02  3.196E-02  3.097E-02  3.000E-02  2.904E-02  2.808E-02  2.714E-02  2.620E-02  2.528E-02  2.436E-02  2.345E-02  2.256E-02  2.167E-02  2.080E-02  1.994E-02  1.908E-02  1.824E-02  1.742E-02  1.660E-02  1.580E-02  1.501E-02  1.423E-02  1.347E-02  1.272E-02  1.199E-02  1.128E-02  1.058E-02  9.898E-03  9.234E-03  8.590E-03  7.966E-03  7.364E-03  6.784E-03  6.228E-03  5.698E-03  5.198E-03  4.680E-03  4.143E-03  3.688E-03  3.304E-03  2.980E-03  2.577E-03  2.287E-03  1.964E-03  1.740E-03  1.472E-03  1.245E-03  1.050E-03  8.805E-04
  345.5000  6.414E-02  6.262E-02  6.112E-02  5.964E-02  5.816E-02  5.670E-02  5.524E-02  5.380E-02  5.236E-02  5.095E-02  4.954E-02  4.814E-02  4.675E-02  4.538E-02  4.401E-02  4.266E-02  4.132E-02  4.000E-02  3.868E-02  3.738E-02  3.609E-02  3.482E-02  3.355E-02  3.230E-02  3.107E-02  2.985E-02  2.864E-02  2.745E-02  2.627E-02  2.511E-02  2.396E-02  2.284E-02  2.173E-02  2.063E-02  1.956E-02  1.850E-02  1.747E-02  1.645E-02  1.546E-02  1.449E-02  1.354E-02  1.262E-02  1.173E-02  1.086E-02  1.003E-02  9.225E-03  8.458E-03  7.733E-03  6.975E-03  6.185E-03  5.517E-03  4.953E-03  4.476E-03  3.877E-03  3.446E-03  2.963E-03  2.631E-03  2.227E-03  1.885E-03  1.589E-03  1.333E-03
  346.5000  5.904E-02  5.764E-02  5.624E-02  5.486E-02  5.348E-02  5.211E-02  5.076E-02  4.941E-02  4.808E-02  4.676E-02  4.545E-02  4.415E-02  4.286E-02  4.158E-02  4.032E-02  3.906E-02  3.782E-02  3.659E-02  3.537E-02  3.416E-02  3.296E-02  3.178E-02  3.061E-02  2.945E-02  2.831E-02  2.718E-02  2.606E-02  2.496E-02  2.387E-02  2.280E-02  2.174E-02  2.070E-02  1.968E-02  1.867E-02  1.768E-02  1.671E-02  1.576E-02  1.483E-02  1.392E-02  1.303E-02  1.217E-02  1.133E-02  1.051E-02  9.723E-03  8.963E-03  8.234E-03  7.539E-03  6.883E-03  6.200E-03  5.491E-03  4.892E-03  4.385E-03  3.957E-03  3.424E-03  3.039E-03  2.611E-03  2.315E-03  1.958E-03  1.656E-03  1.396E-03  1.171E-03
  347.5000  5.784E-02  5.647E-02  5.510E-02  5.375E-02  5.240E-02  5.106E-02  4.974E-02  4.842E-02  4.712E-02  4.583E-02  4.454E-02  4.327E-02  4.201E-02  4.076E-02  3.952E-02  3.829E-02  3.708E-02  3.587E-02  3.467E-02  3.349E-02  3.232E-02  3.117E-02  3.002E-02  2.889E-02  2.777E-02  2.666E-02  2.557E-02  2.449E-02  2.342E-02  2.237E-02  2.134E-02  2.032E-02  1.932E-02  1.833E-02  1.736E-02  1.641E-02  1.548E-02  1.456E-02  1.367E-02  1.280E-02  1.195E-02  1.113E-02  1.033E-02  9.555E-03  8.809E-03  8.093E-03  7.411E-03  6.767E-03  6.096E-03  5.399E-03  4.810E-03  4.312E-03  3.892E-03  3.367E-03  2.988E-03  2.567E-03  2.276E-03  1.926E-03  1.628E-03  1.372E-03  1.151E-03
  348.5000  6.400E-02  6.248E-02  6.097E-02  5.948E-02  5.800E-02  5.653E-02  5.507E-02  5.362E-02  5.218E-02  5.076E-02  4.934E-02  4.794E-02  4.655E-02  4.517E-02  4.380E-02  4.245E-02  4.111E-02  3.978E-02  3.846E-02  3.716E-02  3.587E-02  3.459E-02  3.332E-02  3.207E-02  3.084E-02  2.961E-02  2.841E-02  2.722E-02  2.604E-02  2.488E-02  2.373E-02  2.261E-02  2.150E-02  2.041E-02  1.933E-02  1.828E-02  1.725E-02  1.624E-02  1.525E-02  1.428E-02  1.334E-02  1.242E-02  1.154E-02  1.068E-02  9.849E-03  9.052E-03  8.293E-03  7.575E-03  6.826E-03  6.048E-03  5.390E-03  4.834E-03  4.364E-03  3.776E-03  3.353E-03  2.881E-03  2.556E-03  2.162E-03  1.828E-03  1.541E-03  1.292E-03
  349.5000  5.362E-02  5.235E-02  5.109E-02  4.984E-02  4.859E-02  4.736E-02  4.613E-02  4.492E-02  4.371E-02  4.252E-02  4.134E-02  4.016E-02  3.899E-02  3.784E-02  3.669E-02  3.556E-02  3.443E-02  3.332E-02  3.221E-02  3.112E-02  3.004E-02  2.897E-02  2.791E-02  2.686E-02  2.582E-02  2.480E-02  2.379E-02  2.279E-02  2.180E-02  2.083E-02  1.987E-02  1.893E-02  1.800E-02  1.708E-02  1.618E-02  1.530E-02  1.444E-02  1.359E-02  1.276E-02  1.195E-02  1.116E-02  1.040E-02  9.652E-03  8.933E-03  8.239E-03  7.572E-03  6.936E-03  6.334E-03  5.708E-03  5.056E-03  4.505E-03  4.040E-03  3.647E-03  3.155E-03  2.801E-03  2.406E-03  2.134E-03  1.805E-03  1.526E-03  1.286E-03  1.078E-03
  350.5000  7.523E-02  7.345E-02  7.168E-02  6.992E-02  6.818E-02  6.645E-02  6.473E-02  6.303E-02  6.134E-02  5.967E-02  5.801E-02  5.636E-02  5.472E-02  5.310E-02  5.150E-02  4.991E-02  4.833E-02  4.677E-02  4.522E-02  4.369E-02  4.218E-02  4.067E-02  3.919E-02  3.772E-02  3.626E-02  3.483E-02  3.341E-02  3.201E-02  3.062E-02  2.926E-02  2.791E-02  2.659E-02  2.529E-02  2.400E-02  2.274E-02  2.150E-02  2.029E-02  1.910E-02  1.794E-02  1.680E-02  1.569E-02  1.462E-02  1.357E-02  1.256E-02  1.159E-02  1.065E-02  9.754E-03  8.909E-03  8.028E-03  7.112E-03  6.337E-03  5.682E-03  5.130E-03  4.437E-03  3.940E-03  3.384E-03  3.001E-03  2.538E-03  2.146E-03  1.807E-03  1.515E-03
  351.5000  6.473E-02  6.320E-02  6.167E-02  6.016E-02  5.866E-02  5.716E-02  5.568E-02  5.422E-02  5.276E-02  5.132E-02  4.989E-02  4.847E-02  4.706E-02  4.566E-02  4.428E-02  4.291E-02  4.155E-02  4.021E-02  3.887E-02  3.755E-02  3.625E-02  3.496E-02  3.368E-02  3.241E-02  3.116E-02  2.992E-02  2.870E-02  2.750E-02  2.630E-02  2.513E-02  2.397E-02  2.283E-02  2.171E-02  2.060E-02  1.952E-02  1.845E-02  1.741E-02  1.639E-02  1.539E-02  1.441E-02  1.346E-02  1.253E-02  1.163E-02  1.076E-02  9.926E-03  9.121E-03  8.354E-03  7.628E-03  6.872E-03  6.086E-03  5.421E-03  4.860E-03  4.386E-03  3.793E-03  3.367E-03  2.891E-03  2.563E-03  2.167E-03  1.832E-03  1.543E-03  1.293E-03
  352.5000  5.853E-02  5.714E-02  5.576E-02  5.440E-02  5.304E-02  5.170E-02  5.036E-02  4.903E-02  4.772E-02  4.642E-02  4.513E-02  4.384E-02  4.257E-02  4.131E-02  4.006E-02  3.883E-02  3.760E-02  3.638E-02  3.518E-02  3.399E-02  3.281E-02  3.164E-02  3.048E-02  2.934E-02  2.821E-02  2.709E-02  2.599E-02  2.490E-02  2.382E-02  2.276E-02  2.171E-02  2.068E-02  1.967E-02  1.867E-02  1.769E-02  1.672E-02  1.578E-02  1.486E-02  1.395E-02  1.307E-02  1.220E-02  1.136E-02  1.055E-02  9.765E-03  9.006E-03  8.276E-03  7.580E-03  6.923E-03  6.237E-03  5.524E-03  4.921E-03  4.412E-03  3.982E-03  3.444E-03  3.056E-03  2.625E-03  2.327E-03  1.967E-03  1.663E-03  1.400E-03  1.173E-03
  353.5000  7.072E-02  6.904E-02  6.738E-02  6.574E-02  6.410E-02  6.247E-02  6.086E-02  5.927E-02  5.768E-02  5.611E-02  5.455E-02  5.301E-02  5.147E-02  4.995E-02  4.844E-02  4.696E-02  4.548E-02  4.401E-02  4.256E-02  4.112E-02  3.970E-02  3.829E-02  3.689E-02  3.551E-02  3.415E-02  3.280E-02  3.147E-02  3.015E-02  2.885E-02  2.757E-02  2.631E-02  2.506E-02  2.384E-02  2.263E-02  2.144E-02  2.028E-02  1.914E-02  1.802E-02  1.692E-02  1.585E-02  1.481E-02  1.380E-02  1.281E-02  1.186E-02  1.094E-02  1.006E-02  9.212E-03  8.414E-03  7.582E-03  6.717E-03  5.984E-03  5.366E-03  4.844E-03  4.189E-03  3.719E-03  3.193E-03  2.832E-03  2.394E-03  2.023E-03  1.703E-03  1.427E-03
  354.5000  7.678E-02  7.496E-02  7.316E-02  7.138E-02  6.960E-02  6.784E-02  6.610E-02  6.436E-02  6.264E-02  6.094E-02  5.925E-02  5.758E-02  5.592E-02  5.427E-02  5.263E-02  5.102E-02  4.942E-02  4.783E-02  4.625E-02  4.469E-02  4.315E-02  4.162E-02  4.011E-02  3.861E-02  3.713E-02  3.567E-02  3.423E-02  3.280E-02  3.139E-02  3.000E-02  2.863E-02  2.728E-02  2.594E-02  2.463E-02  2.335E-02  2.208E-02  2.084E-02  1.963E-02  1.844E-02  1.728E-02  1.614E-02  1.504E-02  1.397E-02  1.293E-02  1.193E-02  1.097E-02  1.005E-02  9.181E-03  8.274E-03  7.330E-03  6.532E-03  5.857E-03  5.288E-03  4.574E-03  4.060E-03  3.487E-03  3.092E-03  2.614E-03  2.209E-03  1.860E-03  1.558E-03
  355.5000  7.181E-02  7.011E-02  6.843E-02  6.676E-02  6.510E-02  6.345E-02  6.182E-02  6.020E-02  5.859E-02  5.700E-02  5.542E-02  5.386E-02  5.230E-02  5.076E-02  4.923E-02  4.772E-02  4.622E-02  4.474E-02  4.326E-02  4.181E-02  4.036E-02  3.894E-02  3.752E-02  3.612E-02  3.474E-02  3.337E-02  3.202E-02  3.068E-02  2.937E-02  2.806E-02  2.678E-02  2.552E-02  2.427E-02  2.305E-02  2.184E-02  2.066E-02  1.950E-02  1.836E-02  1.725E-02  1.616E-02  1.510E-02  1.407E-02  1.307E-02  1.210E-02  1.116E-02  1.026E-02  9.402E-03  8.589E-03  7.740E-03  6.857E-03  6.110E-03  5.478E-03  4.945E-03  4.277E-03  3.797E-03  3.260E-03  2.891E-03  2.443E-03  2.064E-03  1.738E-03  1.456E-03
  356.5000  6.667E-02  6.509E-02  6.353E-02  6.198E-02  6.044E-02  5.891E-02  5.739E-02  5.589E-02  5.440E-02  5.292E-02  5.145E-02  5.000E-02  4.855E-02  4.712E-02  4.570E-02  4.430E-02  4.291E-02  4.153E-02  4.016E-02  3.881E-02  3.747E-02  3.614E-02  3.483E-02  3.353E-02  3.225E-02  3.098E-02  2.972E-02  2.848E-02  2.726E-02  2.605E-02  2.486E-02  2.369E-02  2.253E-02  2.139E-02  2.028E-02  1.918E-02  1.810E-02  1.705E-02  1.601E-02  1.500E-02  1.402E-02  1.306E-02  1.213E-02  1.123E-02  1.036E-02  9.521E-03  8.723E-03  7.968E-03  7.181E-03  6.361E-03  5.667E-03  5.081E-03  4.586E-03  3.965E-03  3.520E-03  3.021E-03  2.679E-03  2.264E-03  1.912E-03  1.610E-03  1.348E-03
  357.5000  5.670E-02  5.535E-02  5.402E-02  5.270E-02  5.139E-02  5.009E-02  4.880E-02  4.752E-02  4.625E-02  4.500E-02  4.375E-02  4.251E-02  4.128E-02  4.007E-02  3.886E-02  3.767E-02  3.648E-02  3.531E-02  3.415E-02  3.299E-02  3.186E-02  3.073E-02  2.961E-02  2.851E-02  2.741E-02  2.633E-02  2.527E-02  2.421E-02  2.317E-02  2.214E-02  2.113E-02  2.013E-02  1.915E-02  1.818E-02  1.723E-02  1.630E-02  1.538E-02  1.449E-02  1.361E-02  1.275E-02  1.191E-02  1.109E-02  1.030E-02  9.538E-03  8.798E-03  8.087E-03  7.408E-03  6.767E-03  6.097E-03  5.400E-03  4.810E-03  4.312E-03  3.892E-03  3.365E-03  2.986E-03  2.563E-03  2.272E-03  1.920E-03  1.621E-03  1.365E-03  1.142E-03
  358.5000  4.383E-02  4.280E-02  4.177E-02  4.075E-02  3.974E-02  3.873E-02  3.773E-02  3.674E-02  3.576E-02  3.479E-02  3.383E-02  3.287E-02  3.192E-02  3.098E-02  3.005E-02  2.913E-02  2.822E-02  2.731E-02  2.641E-02  2.552E-02  2.464E-02  2.377E-02  2.291E-02  2.205E-02  2.121E-02  2.038E-02  1.955E-02  1.874E-02  1.793E-02  1.714E-02  1.636E-02  1.559E-02  1.483E-02  1.408E-02  1.334E-02  1.262E-02  1.191E-02  1.122E-02  1.054E-02  9.873E-03  9.225E-03  8.594E-03  7.981E-03  7.390E-03  6.817E-03  6.266E-03  5.741E-03  5.244E-03  4.725E-03  4.186E-03  3.728E-03  3.342E-03  3.016E-03  2.608E-03  2.314E-03  1.986E-03  1.761E-03  1.488E-03  1.256E-03  1.057E-03  8.849E-04
  359.5000  7.381E-02  7.207E-02  7.033E-02  6.862E-02  6.691E-02  6.522E-02  6.354E-02  6.187E-02  6.022E-02  5.859E-02  5.696E-02  5.535E-02  5.376E-02  5.217E-02  5.060E-02  4.905E-02  4.751E-02  4.599E-02  4.447E-02  4.298E-02  4.150E-02  4.003E-02  3.858E-02  3.714E-02  3.572E-02  3.431E-02  3.292E-02  3.155E-02  3.020E-02  2.886E-02  2.754E-02  2.625E-02  2.497E-02  2.371E-02  2.247E-02  2.125E-02  2.006E-02  1.889E-02  1.774E-02  1.663E-02  1.553E-02  1.447E-02  1.344E-02  1.244E-02  1.148E-02  1.055E-02  9.665E-03  8.828E-03  7.954E-03  7.045E-03  6.275E-03  5.625E-03  5.076E-03  4.387E-03  3.893E-03  3.341E-03  2.961E-03  2.501E-03  2.112E-03  1.777E-03  1.487E-03
  360.5000  6.847E-02  6.685E-02  6.524E-02  6.365E-02  6.206E-02  6.049E-02  5.894E-02  5.739E-02  5.586E-02  5.434E-02  5.284E-02  5.134E-02  4.986E-02  4.840E-02  4.694E-02  4.550E-02  4.407E-02  4.266E-02  4.125E-02  3.986E-02  3.849E-02  3.713E-02  3.578E-02  3.445E-02  3.313E-02  3.183E-02  3.054E-02  2.927E-02  2.801E-02  2.677E-02  2.555E-02  2.435E-02  2.316E-02  2.199E-02  2.084E-02  1.971E-02  1.861E-02  1.752E-02  1.646E-02  1.542E-02  1.441E-02  1.343E-02  1.247E-02  1.154E-02  1.065E-02  9.787E-03  8.966E-03  8.189E-03  7.378E-03  6.535E-03  5.820E-03  5.216E-03  4.707E-03  4.068E-03  3.609E-03  3.097E-03  2.745E-03  2.318E-03  1.957E-03  1.646E-03  1.378E-03
  361.5000  6.182E-02  6.035E-02  5.890E-02  5.747E-02  5.604E-02  5.462E-02  5.321E-02  5.182E-02  5.044E-02  4.907E-02  4.771E-02  4.636E-02  4.503E-02  4.370E-02  4.239E-02  4.109E-02  3.980E-02  3.852E-02  3.726E-02  3.601E-02  3.477E-02  3.354E-02  3.232E-02  3.112E-02  2.993E-02  2.875E-02  2.759E-02  2.645E-02  2.531E-02  2.419E-02  2.309E-02  2.200E-02  2.093E-02  1.988E-02  1.884E-02  1.782E-02  1.682E-02  1.584E-02  1.488E-02  1.394E-02  1.303E-02  1.214E-02  1.127E-02  1.044E-02  9.628E-03  8.850E-03  8.108E-03  7.405E-03  6.672E-03  5.910E-03  5.263E-03  4.717E-03  4.256E-03  3.678E-03  3.263E-03  2.800E-03  2.481E-03  2.096E-03  1.769E-03  1.488E-03  1.245E-03
  362.5000  7.267E-02  7.095E-02  6.924E-02  6.755E-02  6.587E-02  6.421E-02  6.256E-02  6.092E-02  5.929E-02  5.769E-02  5.609E-02  5.450E-02  5.293E-02  5.138E-02  4.983E-02  4.831E-02  4.679E-02  4.529E-02  4.381E-02  4.233E-02  4.088E-02  3.943E-02  3.801E-02  3.659E-02  3.519E-02  3.381E-02  3.245E-02  3.110E-02  2.977E-02  2.845E-02  2.715E-02  2.588E-02  2.462E-02  2.338E-02  2.216E-02  2.096E-02  1.978E-02  1.863E-02  1.751E-02  1.640E-02  1.533E-02  1.428E-02  1.326E-02  1.228E-02  1.133E-02  1.041E-02  9.539E-03  8.712E-03  7.850E-03  6.952E-03  6.191E-03  5.548E-03  5.006E-03  4.326E-03  3.838E-03  3.292E-03  2.917E-03  2.464E-03  2.079E-03  1.748E-03  1.463E-03
  363.5000  6.469E-02  6.316E-02  6.164E-02  6.014E-02  5.864E-02  5.716E-02  5.569E-02  5.423E-02  5.278E-02  5.135E-02  4.993E-02  4.852E-02  4.712E-02  4.574E-02  4.436E-02  4.301E-02  4.166E-02  4.032E-02  3.900E-02  3.769E-02  3.639E-02  3.511E-02  3.384E-02  3.258E-02  3.133E-02  3.010E-02  2.889E-02  2.769E-02  2.650E-02  2.533E-02  2.418E-02  2.304E-02  2.192E-02  2.081E-02  1.973E-02  1.866E-02  1.762E-02  1.659E-02  1.559E-02  1.461E-02  1.365E-02  1.272E-02  1.181E-02  1.093E-02  1.009E-02  9.271E-03  8.493E-03  7.757E-03  6.989E-03  6.188E-03  5.511E-03  4.939E-03  4.456E-03  3.850E-03  3.415E-03  2.929E-03  2.596E-03  2.191E-03  1.849E-03  1.555E-03  1.301E-03
  364.5000  7.059E-02  6.892E-02  6.726E-02  6.562E-02  6.399E-02  6.237E-02  6.077E-02  5.917E-02  5.759E-02  5.603E-02  5.448E-02  5.294E-02  5.142E-02  4.990E-02  4.840E-02  4.692E-02  4.545E-02  4.399E-02  4.255E-02  4.112E-02  3.971E-02  3.830E-02  3.692E-02  3.554E-02  3.419E-02  3.284E-02  3.152E-02  3.021E-02  2.891E-02  2.764E-02  2.638E-02  2.514E-02  2.391E-02  2.271E-02  2.152E-02  2.036E-02  1.922E-02  1.810E-02  1.700E-02  1.593E-02  1.489E-02  1.387E-02  1.288E-02  1.192E-02  1.100E-02  1.011E-02  9.262E-03  8.458E-03  7.620E-03  6.748E-03  6.008E-03  5.383E-03  4.856E-03  4.195E-03  3.721E-03  3.191E-03  2.827E-03  2.387E-03  2.014E-03  1.693E-03  1.416E-03
  365.5000  8.603E-02  8.399E-02  8.197E-02  7.997E-02  7.798E-02  7.600E-02  7.405E-02  7.211E-02  7.018E-02  6.828E-02  6.639E-02  6.451E-02  6.265E-02  6.081E-02  5.898E-02  5.717E-02  5.538E-02  5.360E-02  5.184E-02  5.010E-02  4.838E-02  4.667E-02  4.498E-02  4.331E-02  4.165E-02  4.001E-02  3.840E-02  3.680E-02  3.523E-02  3.367E-02  3.213E-02  3.062E-02  2.913E-02  2.766E-02  2.622E-02  2.480E-02  2.341E-02  2.205E-02  2.071E-02  1.941E-02  1.813E-02  1.689E-02  1.569E-02  1.452E-02  1.339E-02  1.231E-02  1.128E-02  1.030E-02  9.275E-03  8.213E-03  7.311E-03  6.550E-03  5.908E-03  5.103E-03  4.525E-03  3.880E-03  3.437E-03  2.901E-03  2.447E-03  2.057E-03  1.720E-03
  366.5000  9.114E-02  8.898E-02  8.684E-02  8.472E-02  8.261E-02  8.052E-02  7.844E-02  7.639E-02  7.435E-02  7.233E-02  7.033E-02  6.834E-02  6.637E-02  6.442E-02  6.249E-02  6.057E-02  5.867E-02  5.679E-02  5.493E-02  5.308E-02  5.126E-02  4.945E-02  4.766E-02  4.589E-02  4.413E-02  4.240E-02  4.069E-02  3.900E-02  3.733E-02  3.568E-02  3.405E-02  3.245E-02  3.087E-02  2.932E-02  2.779E-02  2.629E-02  2.481E-02  2.337E-02  2.195E-02  2.057E-02  1.922E-02  1.791E-02  1.663E-02  1.539E-02  1.420E-02  1.305E-02  1.195E-02  1.091E-02  9.832E-03  8.706E-03  7.750E-03  6.943E-03  6.261E-03  5.408E-03  4.795E-03  4.111E-03  3.642E-03  3.073E-03  2.592E-03  2.178E-03  1.821E-03
  367.5000  8.662E-02  8.457E-02  8.253E-02  8.052E-02  7.851E-02  7.653E-02  7.456E-02  7.260E-02  7.067E-02  6.875E-02  6.685E-02  6.496E-02  6.309E-02  6.123E-02  5.939E-02  5.758E-02  5.577E-02  5.398E-02  5.221E-02  5.046E-02  4.873E-02  4.701E-02  4.531E-02  4.362E-02  4.196E-02  4.031E-02  3.869E-02  3.708E-02  3.549E-02  3.392E-02  3.238E-02  3.086E-02  2.936E-02  2.788E-02  2.643E-02  2.500E-02  2.360E-02  2.222E-02  2.088E-02  1.956E-02  1.828E-02  1.703E-02  1.582E-02  1.464E-02  1.350E-02  1.241E-02  1.137E-02  1.038E-02  9.351E-03  8.279E-03  7.371E-03  6.602E-03  5.954E-03  5.142E-03  4.559E-03  3.908E-03  3.462E-03  2.921E-03  2.464E-03  2.070E-03  1.730E-03
  368.5000  7.613E-02  7.433E-02  7.254E-02  7.077E-02  6.901E-02  6.726E-02  6.553E-02  6.381E-02  6.211E-02  6.042E-02  5.875E-02  5.709E-02  5.544E-02  5.381E-02  5.220E-02  5.060E-02  4.902E-02  4.744E-02  4.589E-02  4.435E-02  4.282E-02  4.131E-02  3.982E-02  3.834E-02  3.688E-02  3.543E-02  3.400E-02  3.259E-02  3.119E-02  2.982E-02  2.846E-02  2.712E-02  2.580E-02  2.450E-02  2.323E-02  2.197E-02  2.074E-02  1.953E-02  1.835E-02  1.719E-02  1.607E-02  1.497E-02  1.390E-02  1.287E-02  1.187E-02  1.091E-02  9.990E-03  9.122E-03  8.217E-03  7.274E-03  6.475E-03  5.800E-03  5.229E-03  4.516E-03  4.003E-03  3.432E-03  3.039E-03  2.564E-03  2.162E-03  1.816E-03  1.517E-03
  369.5000  9.138E-02  8.921E-02  8.706E-02  8.494E-02  8.282E-02  8.073E-02  7.865E-02  7.658E-02  7.454E-02  7.252E-02  7.051E-02  6.852E-02  6.654E-02  6.458E-02  6.265E-02  6.073E-02  5.883E-02  5.694E-02  5.507E-02  5.322E-02  5.140E-02  4.958E-02  4.779E-02  4.601E-02  4.426E-02  4.252E-02  4.081E-02  3.911E-02  3.744E-02  3.579E-02  3.416E-02  3.255E-02  3.097E-02  2.941E-02  2.788E-02  2.637E-02  2.489E-02  2.345E-02  2.203E-02  2.064E-02  1.928E-02  1.796E-02  1.668E-02  1.544E-02  1.424E-02  1.309E-02  1.199E-02  1.095E-02  9.859E-03  8.727E-03  7.769E-03  6.957E-03  6.273E-03  5.416E-03  4.801E-03  4.115E-03  3.643E-03  3.073E-03  2.591E-03  2.177E-03  1.818E-03
  370.5000  8.295E-02  8.098E-02  7.903E-02  7.710E-02  7.518E-02  7.327E-02  7.139E-02  6.951E-02  6.766E-02  6.582E-02  6.400E-02  6.219E-02  6.040E-02  5.862E-02  5.686E-02  5.512E-02  5.339E-02  5.168E-02  4.999E-02  4.831E-02  4.665E-02  4.501E-02  4.338E-02  4.177E-02  4.017E-02  3.860E-02  3.704E-02  3.550E-02  3.398E-02  3.248E-02  3.100E-02  2.955E-02  2.811E-02  2.670E-02  2.530E-02  2.394E-02  2.259E-02  2.128E-02  1.999E-02  1.873E-02  1.750E-02  1.631E-02  1.514E-02  1.402E-02  1.293E-02  1.188E-02  1.088E-02  9.933E-03  8.947E-03  7.919E-03  7.048E-03  6.312E-03  5.690E-03  4.913E-03  4.354E-03  3.731E-03  3.303E-03  2.786E-03  2.348E-03  1.973E-03  1.647E-03
  371.5000  9.497E-02  9.272E-02  9.048E-02  8.827E-02  8.607E-02  8.389E-02  8.173E-02  7.959E-02  7.746E-02  7.536E-02  7.327E-02  7.120E-02  6.915E-02  6.711E-02  6.510E-02  6.311E-02  6.113E-02  5.917E-02  5.723E-02  5.531E-02  5.341E-02  5.153E-02  4.966E-02  4.782E-02  4.599E-02  4.419E-02  4.241E-02  4.065E-02  3.891E-02  3.719E-02  3.550E-02  3.383E-02  3.219E-02  3.057E-02  2.897E-02  2.741E-02  2.587E-02  2.437E-02  2.289E-02  2.145E-02  2.004E-02  1.867E-02  1.734E-02  1.605E-02  1.480E-02  1.360E-02  1.246E-02  1.137E-02  1.024E-02  9.065E-03  8.068E-03  7.224E-03  6.512E-03  5.621E-03  4.981E-03  4.268E-03  3.778E-03  3.186E-03  2.685E-03  2.254E-03  1.884E-03
  372.5000  7.020E-02  6.853E-02  6.688E-02  6.524E-02  6.362E-02  6.201E-02  6.041E-02  5.882E-02  5.725E-02  5.570E-02  5.415E-02  5.262E-02  5.111E-02  4.960E-02  4.812E-02  4.664E-02  4.518E-02  4.373E-02  4.230E-02  4.088E-02  3.948E-02  3.809E-02  3.671E-02  3.535E-02  3.400E-02  3.266E-02  3.135E-02  3.005E-02  2.876E-02  2.749E-02  2.624E-02  2.501E-02  2.379E-02  2.260E-02  2.142E-02  2.026E-02  1.913E-02  1.801E-02  1.692E-02  1.586E-02  1.482E-02  1.380E-02  1.282E-02  1.186E-02  1.094E-02  1.005E-02  9.208E-03  8.406E-03  7.570E-03  6.700E-03  5.963E-03  5.338E-03  4.812E-03  4.153E-03  3.680E-03  3.152E-03  2.790E-03  2.353E-03  1.983E-03  1.664E-03  1.390E-03
  373.5000  6.348E-02  6.197E-02  6.048E-02  5.900E-02  5.753E-02  5.607E-02  5.462E-02  5.319E-02  5.177E-02  5.036E-02  4.896E-02  4.758E-02  4.621E-02  4.485E-02  4.350E-02  4.217E-02  4.085E-02  3.954E-02  3.824E-02  3.696E-02  3.569E-02  3.443E-02  3.319E-02  3.196E-02  3.074E-02  2.953E-02  2.834E-02  2.717E-02  2.601E-02  2.486E-02  2.373E-02  2.261E-02  2.151E-02  2.043E-02  1.937E-02  1.832E-02  1.729E-02  1.629E-02  1.530E-02  1.434E-02  1.339E-02  1.248E-02  1.159E-02  1.072E-02  9.890E-03  9.089E-03  8.322E-03  7.597E-03  6.841E-03  6.055E-03  5.388E-03  4.823E-03  4.347E-03  3.751E-03  3.323E-03  2.847E-03  2.519E-03  2.124E-03  1.789E-03  1.502E-03  1.254E-03
  374.5000  6.970E-02  6.805E-02  6.640E-02  6.478E-02  6.316E-02  6.156E-02  5.997E-02  5.840E-02  5.684E-02  5.529E-02  5.376E-02  5.224E-02  5.073E-02  4.924E-02  4.776E-02  4.630E-02  4.485E-02  4.341E-02  4.199E-02  4.058E-02  3.919E-02  3.780E-02  3.644E-02  3.508E-02  3.375E-02  3.242E-02  3.112E-02  2.983E-02  2.855E-02  2.729E-02  2.605E-02  2.483E-02  2.362E-02  2.243E-02  2.126E-02  2.011E-02  1.898E-02  1.788E-02  1.680E-02  1.574E-02  1.471E-02  1.370E-02  1.272E-02  1.177E-02  1.086E-02  9.976E-03  9.135E-03  8.338E-03  7.508E-03  6.645E-03  5.912E-03  5.292E-03  4.768E-03  4.115E-03  3.645E-03  3.122E-03  2.762E-03  2.328E-03  1.961E-03  1.646E-03  1.375E-03
  375.5000  7.870E-02  7.682E-02  7.497E-02  7.313E-02  7.131E-02  6.950E-02  6.771E-02  6.593E-02  6.417E-02  6.242E-02  6.069E-02  5.898E-02  5.728E-02  5.559E-02  5.392E-02  5.227E-02  5.063E-02  4.901E-02  4.740E-02  4.581E-02  4.424E-02  4.268E-02  4.114E-02  3.961E-02  3.810E-02  3.661E-02  3.514E-02  3.368E-02  3.224E-02  3.081E-02  2.941E-02  2.803E-02  2.667E-02  2.533E-02  2.401E-02  2.271E-02  2.144E-02  2.019E-02  1.897E-02  1.777E-02  1.661E-02  1.547E-02  1.436E-02  1.329E-02  1.226E-02  1.126E-02  1.031E-02  9.414E-03  8.477E-03  7.501E-03  6.674E-03  5.973E-03  5.382E-03  4.644E-03  4.113E-03  3.522E-03  3.116E-03  2.626E-03  2.212E-03  1.856E-03  1.549E-03
  376.5000  7.863E-02  7.676E-02  7.491E-02  7.308E-02  7.125E-02  6.944E-02  6.765E-02  6.587E-02  6.411E-02  6.237E-02  6.064E-02  5.893E-02  5.723E-02  5.554E-02  5.387E-02  5.223E-02  5.059E-02  4.897E-02  4.736E-02  4.577E-02  4.420E-02  4.265E-02  4.110E-02  3.958E-02  3.807E-02  3.658E-02  3.511E-02  3.365E-02  3.221E-02  3.079E-02  2.939E-02  2.801E-02  2.665E-02  2.531E-02  2.399E-02  2.269E-02  2.142E-02  2.018E-02  1.895E-02  1.776E-02  1.659E-02  1.546E-02  1.435E-02  1.328E-02  1.225E-02  1.126E-02  1.031E-02  9.406E-03  8.470E-03  7.494E-03  6.667E-03  5.967E-03  5.375E-03  4.638E-03  4.107E-03  3.516E-03  3.111E-03  2.621E-03  2.207E-03  1.852E-03  1.545E-03
  377.5000  9.370E-02  9.147E-02  8.926E-02  8.707E-02  8.490E-02  8.274E-02  8.060E-02  7.849E-02  7.639E-02  7.431E-02  7.225E-02  7.021E-02  6.818E-02  6.617E-02  6.419E-02  6.222E-02  6.027E-02  5.834E-02  5.643E-02  5.453E-02  5.266E-02  5.081E-02  4.897E-02  4.716E-02  4.536E-02  4.358E-02  4.183E-02  4.009E-02  3.838E-02  3.669E-02  3.502E-02  3.338E-02  3.175E-02  3.016E-02  2.858E-02  2.704E-02  2.552E-02  2.404E-02  2.258E-02  2.116E-02  1.977E-02  1.842E-02  1.710E-02  1.583E-02  1.460E-02  1.341E-02  1.228E-02  1.121E-02  1.009E-02  8.928E-03  7.942E-03  7.107E-03  6.402E-03  5.522E-03  4.890E-03  4.186E-03  3.702E-03  3.119E-03  2.626E-03  2.203E-03  1.838E-03
  378.5000  1.022E-01  9.974E-02  9.733E-02  9.495E-02  9.257E-02  9.022E-02  8.789E-02  8.558E-02  8.329E-02  8.103E-02  7.878E-02  7.655E-02  7.434E-02  7.215E-02  6.999E-02  6.785E-02  6.572E-02  6.361E-02  6.153E-02  5.946E-02  5.742E-02  5.540E-02  5.340E-02  5.142E-02  4.946E-02  4.752E-02  4.561E-02  4.372E-02  4.185E-02  4.000E-02  3.818E-02  3.639E-02  3.462E-02  3.288E-02  3.117E-02  2.949E-02  2.783E-02  2.621E-02  2.463E-02  2.307E-02  2.156E-02  2.008E-02  1.865E-02  1.726E-02  1.591E-02  1.462E-02  1.339E-02  1.222E-02  1.100E-02  9.732E-03  8.656E-03  7.745E-03  6.976E-03  6.017E-03  5.327E-03  4.559E-03  4.032E-03  3.396E-03  2.859E-03  2.398E-03  2.000E-03
  379.5000  7.563E-02  7.383E-02  7.204E-02  7.028E-02  6.852E-02  6.678E-02  6.505E-02  6.334E-02  6.165E-02  5.997E-02  5.831E-02  5.666E-02  5.502E-02  5.340E-02  5.180E-02  5.021E-02  4.864E-02  4.708E-02  4.554E-02  4.401E-02  4.250E-02  4.100E-02  3.952E-02  3.805E-02  3.660E-02  3.517E-02  3.376E-02  3.236E-02  3.097E-02  2.961E-02  2.826E-02  2.694E-02  2.563E-02  2.434E-02  2.307E-02  2.182E-02  2.060E-02  1.940E-02  1.823E-02  1.708E-02  1.596E-02  1.486E-02  1.380E-02  1.277E-02  1.178E-02  1.082E-02  9.905E-03  9.039E-03  8.138E-03  7.200E-03  6.403E-03  5.729E-03  5.159E-03  4.450E-03  3.939E-03  3.371E-03  2.981E-03  2.510E-03  2.113E-03  1.772E-03  1.478E-03
  380.5000  9.101E-02  8.884E-02  8.669E-02  8.457E-02  8.245E-02  8.036E-02  7.828E-02  7.622E-02  7.418E-02  7.216E-02  7.016E-02  6.817E-02  6.620E-02  6.426E-02  6.232E-02  6.042E-02  5.852E-02  5.665E-02  5.479E-02  5.295E-02  5.114E-02  4.933E-02  4.755E-02  4.579E-02  4.404E-02  4.232E-02  4.062E-02  3.893E-02  3.727E-02  3.563E-02  3.401E-02  3.241E-02  3.084E-02  2.929E-02  2.776E-02  2.626E-02  2.479E-02  2.335E-02  2.193E-02  2.055E-02  1.920E-02  1.788E-02  1.660E-02  1.537E-02  1.417E-02  1.302E-02  1.192E-02  1.087E-02  9.790E-03  8.661E-03  7.703E-03  6.891E-03  6.205E-03  5.351E-03  4.736E-03  4.052E-03  3.583E-03  3.017E-03  2.539E-03  2.129E-03  1.775E-03
  381.5000  8.557E-02  8.353E-02  8.151E-02  7.951E-02  7.752E-02  7.555E-02  7.360E-02  7.166E-02  6.974E-02  6.784E-02  6.596E-02  6.409E-02  6.224E-02  6.041E-02  5.859E-02  5.680E-02  5.502E-02  5.326E-02  5.151E-02  4.978E-02  4.807E-02  4.638E-02  4.470E-02  4.305E-02  4.141E-02  3.979E-02  3.819E-02  3.660E-02  3.504E-02  3.349E-02  3.197E-02  3.047E-02  2.899E-02  2.753E-02  2.610E-02  2.469E-02  2.331E-02  2.195E-02  2.062E-02  1.932E-02  1.805E-02  1.681E-02  1.561E-02  1.445E-02  1.332E-02  1.224E-02  1.120E-02  1.022E-02  9.203E-03  8.141E-03  7.240E-03  6.476E-03  5.831E-03  5.027E-03  4.449E-03  3.807E-03  3.365E-03  2.833E-03  2.384E-03  1.998E-03  1.666E-03
  382.5000  5.705E-02  5.569E-02  5.434E-02  5.301E-02  5.168E-02  5.037E-02  4.906E-02  4.777E-02  4.649E-02  4.523E-02  4.397E-02  4.273E-02  4.149E-02  4.027E-02  3.906E-02  3.786E-02  3.668E-02  3.550E-02  3.434E-02  3.318E-02  3.205E-02  3.092E-02  2.980E-02  2.870E-02  2.760E-02  2.652E-02  2.546E-02  2.440E-02  2.336E-02  2.233E-02  2.131E-02  2.032E-02  1.933E-02  1.836E-02  1.740E-02  1.646E-02  1.554E-02  1.463E-02  1.375E-02  1.288E-02  1.203E-02  1.121E-02  1.041E-02  9.632E-03  8.881E-03  8.159E-03  7.468E-03  6.814E-03  6.134E-03  5.426E-03  4.825E-03  4.315E-03  3.885E-03  3.349E-03  2.964E-03  2.535E-03  2.241E-03  1.886E-03  1.587E-03  1.330E-03  1.108E-03
  383.5000  5.013E-02  4.893E-02  4.774E-02  4.657E-02  4.541E-02  4.425E-02  4.310E-02  4.197E-02  4.084E-02  3.973E-02  3.863E-02  3.753E-02  3.645E-02  3.538E-02  3.431E-02  3.326E-02  3.222E-02  3.119E-02  3.016E-02  2.915E-02  2.815E-02  2.716E-02  2.618E-02  2.521E-02  2.425E-02  2.330E-02  2.236E-02  2.144E-02  2.052E-02  1.962E-02  1.872E-02  1.785E-02  1.698E-02  1.613E-02  1.529E-02  1.446E-02  1.365E-02  1.286E-02  1.208E-02  1.132E-02  1.057E-02  9.847E-03  9.143E-03  8.462E-03  7.801E-03  7.167E-03  6.560E-03  5.985E-03  5.388E-03  4.766E-03  4.237E-03  3.789E-03  3.411E-03  2.940E-03  2.601E-03  2.225E-03  1.966E-03  1.655E-03  1.392E-03  1.167E-03  9.721E-04
  384.5000  7.527E-02  7.347E-02  7.169E-02  6.993E-02  6.818E-02  6.644E-02  6.472E-02  6.301E-02  6.133E-02  5.966E-02  5.800E-02  5.635E-02  5.473E-02  5.311E-02  5.152E-02  4.994E-02  4.837E-02  4.682E-02  4.529E-02  4.377E-02  4.227E-02  4.078E-02  3.931E-02  3.785E-02  3.641E-02  3.498E-02  3.358E-02  3.218E-02  3.081E-02  2.945E-02  2.811E-02  2.680E-02  2.550E-02  2.421E-02  2.295E-02  2.171E-02  2.050E-02  1.930E-02  1.813E-02  1.699E-02  1.587E-02  1.479E-02  1.373E-02  1.270E-02  1.171E-02  1.076E-02  9.848E-03  8.985E-03  8.088E-03  7.154E-03  6.360E-03  5.687E-03  5.119E-03  4.412E-03  3.903E-03  3.338E-03  2.949E-03  2.482E-03  2.087E-03  1.749E-03  1.457E-03
  385.5000  7.451E-02  7.273E-02  7.097E-02  6.922E-02  6.749E-02  6.577E-02  6.406E-02  6.238E-02  6.070E-02  5.905E-02  5.741E-02  5.578E-02  5.417E-02  5.257E-02  5.099E-02  4.943E-02  4.788E-02  4.634E-02  4.483E-02  4.332E-02  4.184E-02  4.036E-02  3.890E-02  3.746E-02  3.604E-02  3.463E-02  3.323E-02  3.186E-02  3.050E-02  2.915E-02  2.783E-02  2.652E-02  2.524E-02  2.397E-02  2.272E-02  2.149E-02  2.029E-02  1.911E-02  1.795E-02  1.682E-02  1.571E-02  1.464E-02  1.359E-02  1.258E-02  1.159E-02  1.065E-02  9.748E-03  8.893E-03  8.004E-03  7.080E-03  6.294E-03  5.627E-03  5.064E-03  4.365E-03  3.860E-03  3.301E-03  2.916E-03  2.454E-03  2.063E-03  1.728E-03  1.440E-03
  386.5000  7.600E-02  7.418E-02  7.238E-02  7.060E-02  6.883E-02  6.707E-02  6.533E-02  6.361E-02  6.190E-02  6.022E-02  5.854E-02  5.688E-02  5.524E-02  5.361E-02  5.200E-02  5.041E-02  4.883E-02  4.726E-02  4.571E-02  4.418E-02  4.266E-02  4.116E-02  3.967E-02  3.820E-02  3.675E-02  3.531E-02  3.389E-02  3.249E-02  3.110E-02  2.973E-02  2.838E-02  2.705E-02  2.574E-02  2.444E-02  2.317E-02  2.192E-02  2.069E-02  1.949E-02  1.831E-02  1.715E-02  1.603E-02  1.493E-02  1.386E-02  1.282E-02  1.182E-02  1.086E-02  9.940E-03  9.068E-03  8.161E-03  7.218E-03  6.416E-03  5.736E-03  5.162E-03  4.448E-03  3.934E-03  3.363E-03  2.971E-03  2.499E-03  2.101E-03  1.760E-03  1.466E-03
  387.5000  7.067E-02  6.898E-02  6.730E-02  6.564E-02  6.400E-02  6.236E-02  6.075E-02  5.915E-02  5.756E-02  5.599E-02  5.443E-02  5.289E-02  5.136E-02  4.984E-02  4.834E-02  4.686E-02  4.539E-02  4.394E-02  4.250E-02  4.107E-02  3.966E-02  3.827E-02  3.688E-02  3.552E-02  3.417E-02  3.283E-02  3.151E-02  3.020E-02  2.892E-02  2.764E-02  2.639E-02  2.515E-02  2.393E-02  2.273E-02  2.154E-02  2.038E-02  1.924E-02  1.812E-02  1.702E-02  1.595E-02  1.490E-02  1.388E-02  1.288E-02  1.192E-02  1.099E-02  1.010E-02  9.241E-03  8.430E-03  7.587E-03  6.710E-03  5.964E-03  5.331E-03  4.797E-03  4.133E-03  3.655E-03  3.124E-03  2.759E-03  2.321E-03  1.951E-03  1.634E-03  1.360E-03
  388.5000  7.087E-02  6.917E-02  6.749E-02  6.583E-02  6.418E-02  6.254E-02  6.092E-02  5.931E-02  5.772E-02  5.614E-02  5.458E-02  5.303E-02  5.150E-02  4.998E-02  4.848E-02  4.699E-02  4.552E-02  4.406E-02  4.261E-02  4.118E-02  3.977E-02  3.837E-02  3.698E-02  3.561E-02  3.426E-02  3.292E-02  3.160E-02  3.029E-02  2.899E-02  2.772E-02  2.646E-02  2.522E-02  2.399E-02  2.279E-02  2.160E-02  2.044E-02  1.929E-02  1.817E-02  1.707E-02  1.599E-02  1.494E-02  1.392E-02  1.292E-02  1.196E-02  1.102E-02  1.012E-02  9.265E-03  8.451E-03  7.606E-03  6.726E-03  5.978E-03  5.343E-03  4.807E-03  4.142E-03  3.662E-03  3.130E-03  2.764E-03  2.324E-03  1.953E-03  1.635E-03  1.362E-03
  389.5000  8.942E-02  8.728E-02  8.516E-02  8.306E-02  8.097E-02  7.891E-02  7.686E-02  7.483E-02  7.282E-02  7.083E-02  6.886E-02  6.690E-02  6.497E-02  6.305E-02  6.116E-02  5.928E-02  5.742E-02  5.558E-02  5.376E-02  5.195E-02  5.017E-02  4.840E-02  4.666E-02  4.493E-02  4.322E-02  4.153E-02  3.986E-02  3.821E-02  3.658E-02  3.497E-02  3.338E-02  3.182E-02  3.027E-02  2.875E-02  2.726E-02  2.578E-02  2.434E-02  2.292E-02  2.154E-02  2.018E-02  1.885E-02  1.756E-02  1.630E-02  1.508E-02  1.391E-02  1.277E-02  1.169E-02  1.066E-02  9.594E-03  8.484E-03  7.540E-03  6.739E-03  6.062E-03  5.222E-03  4.616E-03  3.945E-03  3.483E-03  2.928E-03  2.461E-03  2.060E-03  1.715E-03
  390.5000  8.789E-02  8.578E-02  8.369E-02  8.163E-02  7.958E-02  7.755E-02  7.553E-02  7.354E-02  7.156E-02  6.961E-02  6.767E-02  6.575E-02  6.384E-02  6.196E-02  6.010E-02  5.825E-02  5.643E-02  5.462E-02  5.282E-02  5.105E-02  4.930E-02  4.757E-02  4.585E-02  4.415E-02  4.247E-02  4.081E-02  3.917E-02  3.755E-02  3.595E-02  3.436E-02  3.280E-02  3.127E-02  2.975E-02  2.826E-02  2.678E-02  2.534E-02  2.392E-02  2.253E-02  2.116E-02  1.983E-02  1.853E-02  1.725E-02  1.602E-02  1.482E-02  1.366E-02  1.255E-02  1.149E-02  1.048E-02  9.427E-03  8.336E-03  7.408E-03  6.620E-03  5.954E-03  5.129E-03  4.533E-03  3.873E-03  3.419E-03  2.874E-03  2.415E-03  2.021E-03  1.682E-03
  391.5000  1.043E-01  1.018E-01  9.935E-02  9.690E-02  9.446E-02  9.205E-02  8.966E-02  8.729E-02  8.494E-02  8.262E-02  8.032E-02  7.804E-02  7.578E-02  7.354E-02  7.133E-02  6.914E-02  6.697E-02  6.482E-02  6.270E-02  6.059E-02  5.852E-02  5.646E-02  5.442E-02  5.240E-02  5.041E-02  4.844E-02  4.649E-02  4.457E-02  4.267E-02  4.079E-02  3.894E-02  3.711E-02  3.531E-02  3.354E-02  3.179E-02  3.008E-02  2.839E-02  2.674E-02  2.512E-02  2.354E-02  2.199E-02  2.048E-02  1.901E-02  1.760E-02  1.622E-02  1.490E-02  1.363E-02  1.243E-02  1.119E-02  9.893E-03  8.791E-03  7.855E-03  7.064E-03  6.084E-03  5.377E-03  4.594E-03  4.055E-03  3.408E-03  2.863E-03  2.395E-03  1.993E-03
  392.5000  7.829E-02  7.641E-02  7.455E-02  7.271E-02  7.088E-02  6.907E-02  6.727E-02  6.549E-02  6.373E-02  6.199E-02  6.026E-02  5.855E-02  5.685E-02  5.518E-02  5.351E-02  5.187E-02  5.024E-02  4.863E-02  4.704E-02  4.546E-02  4.390E-02  4.235E-02  4.082E-02  3.931E-02  3.782E-02  3.634E-02  3.488E-02  3.344E-02  3.201E-02  3.060E-02  2.921E-02  2.784E-02  2.649E-02  2.516E-02  2.385E-02  2.257E-02  2.130E-02  2.006E-02  1.885E-02  1.766E-02  1.650E-02  1.537E-02  1.427E-02  1.320E-02  1.217E-02  1.118E-02  1.023E-02  9.327E-03  8.392E-03  7.421E-03  6.593E-03  5.891E-03  5.298E-03  4.562E-03  4.031E-03  3.443E-03  3.039E-03  2.554E-03  2.145E-03  1.794E-03  1.493E-03
  393.5000  3.406E-02  3.324E-02  3.243E-02  3.163E-02  3.083E-02  3.004E-02  2.926E-02  2.849E-02  2.772E-02  2.696E-02  2.621E-02  2.547E-02  2.473E-02  2.400E-02  2.328E-02  2.256E-02  2.185E-02  2.115E-02  2.046E-02  1.977E-02  1.909E-02  1.842E-02  1.776E-02  1.710E-02  1.645E-02  1.580E-02  1.517E-02  1.454E-02  1.392E-02  1.331E-02  1.271E-02  1.211E-02  1.152E-02  1.094E-02  1.038E-02  9.815E-03  9.265E-03  8.727E-03  8.199E-03  7.681E-03  7.176E-03  6.684E-03  6.205E-03  5.742E-03  5.293E-03  4.861E-03  4.448E-03  4.056E-03  3.650E-03  3.227E-03  2.867E-03  2.561E-03  2.303E-03  1.983E-03  1.752E-03  1.496E-03  1.320E-03  1.109E-03  9.315E-04  7.792E-04  6.482E-04
  394.5000  8.019E-02  7.826E-02  7.635E-02  7.446E-02  7.259E-02  7.073E-02  6.889E-02  6.707E-02  6.526E-02  6.348E-02  6.170E-02  5.995E-02  5.821E-02  5.649E-02  5.479E-02  5.311E-02  5.144E-02  4.979E-02  4.816E-02  4.654E-02  4.494E-02  4.336E-02  4.180E-02  4.025E-02  3.872E-02  3.720E-02  3.571E-02  3.423E-02  3.277E-02  3.133E-02  2.991E-02  2.851E-02  2.713E-02  2.576E-02  2.442E-02  2.311E-02  2.181E-02  2.055E-02  1.930E-02  1.808E-02  1.689E-02  1.573E-02  1.461E-02  1.352E-02  1.246E-02  1.144E-02  1.047E-02  9.547E-03  8.590E-03  7.595E-03  6.747E-03  6.027E-03  5.419E-03  4.665E-03  4.121E-03  3.519E-03  3.105E-03  2.608E-03  2.190E-03  1.831E-03  1.523E-03
  395.5000  1.032E-01  1.008E-01  9.829E-02  9.586E-02  9.344E-02  9.105E-02  8.868E-02  8.633E-02  8.401E-02  8.171E-02  7.943E-02  7.717E-02  7.493E-02  7.272E-02  7.052E-02  6.836E-02  6.621E-02  6.409E-02  6.198E-02  5.990E-02  5.785E-02  5.581E-02  5.380E-02  5.180E-02  4.983E-02  4.788E-02  4.596E-02  4.406E-02  4.218E-02  4.033E-02  3.850E-02  3.670E-02  3.492E-02  3.316E-02  3.144E-02  2.974E-02  2.808E-02  2.645E-02  2.484E-02  2.328E-02  2.175E-02  2.025E-02  1.880E-02  1.740E-02  1.604E-02  1.473E-02  1.347E-02  1.229E-02  1.105E-02  9.774E-03  8.682E-03  7.755E-03  6.971E-03  6.001E-03  5.300E-03  4.526E-03  3.992E-03  3.353E-03  2.814E-03  2.353E-03  1.957E-03
  396.5000  6.066E-02  5.920E-02  5.775E-02  5.632E-02  5.490E-02  5.349E-02  5.210E-02  5.072E-02  4.935E-02  4.800E-02  4.666E-02  4.533E-02  4.402E-02  4.272E-02  4.143E-02  4.016E-02  3.890E-02  3.765E-02  3.641E-02  3.519E-02  3.398E-02  3.278E-02  3.160E-02  3.043E-02  2.927E-02  2.813E-02  2.700E-02  2.588E-02  2.478E-02  2.369E-02  2.262E-02  2.156E-02  2.051E-02  1.948E-02  1.847E-02  1.747E-02  1.649E-02  1.554E-02  1.460E-02  1.368E-02  1.278E-02  1.190E-02  1.105E-02  1.022E-02  9.421E-03  8.651E-03  7.915E-03  7.218E-03  6.494E-03  5.741E-03  5.099E-03  4.555E-03  4.094E-03  3.524E-03  3.112E-03  2.657E-03  2.343E-03  1.967E-03  1.651E-03  1.380E-03  1.148E-03
  397.5000  7.003E-02  6.835E-02  6.668E-02  6.503E-02  6.339E-02  6.176E-02  6.015E-02  5.855E-02  5.698E-02  5.542E-02  5.387E-02  5.233E-02  5.082E-02  4.931E-02  4.783E-02  4.636E-02  4.490E-02  4.346E-02  4.203E-02  4.062E-02  3.923E-02  3.785E-02  3.648E-02  3.513E-02  3.379E-02  3.247E-02  3.117E-02  2.988E-02  2.861E-02  2.735E-02  2.611E-02  2.489E-02  2.368E-02  2.249E-02  2.132E-02  2.017E-02  1.904E-02  1.794E-02  1.685E-02  1.579E-02  1.475E-02  1.374E-02  1.275E-02  1.180E-02  1.088E-02  9.988E-03  9.138E-03  8.333E-03  7.496E-03  6.628E-03  5.886E-03  5.257E-03  4.725E-03  4.066E-03  3.590E-03  3.065E-03  2.703E-03  2.269E-03  1.904E-03  1.591E-03  1.323E-03
  398.5000  1.204E-01  1.175E-01  1.146E-01  1.118E-01  1.090E-01  1.062E-01  1.034E-01  1.007E-01  9.795E-02  9.527E-02  9.260E-02  8.997E-02  8.736E-02  8.477E-02  8.222E-02  7.969E-02  7.719E-02  7.471E-02  7.225E-02  6.983E-02  6.743E-02  6.506E-02  6.271E-02  6.039E-02  5.809E-02  5.582E-02  5.358E-02  5.137E-02  4.918E-02  4.702E-02  4.488E-02  4.279E-02  4.071E-02  3.867E-02  3.666E-02  3.468E-02  3.274E-02  3.084E-02  2.897E-02  2.714E-02  2.536E-02  2.362E-02  2.193E-02  2.029E-02  1.870E-02  1.717E-02  1.571E-02  1.432E-02  1.289E-02  1.139E-02  1.012E-02  9.035E-03  8.119E-03  6.987E-03  6.169E-03  5.265E-03  4.642E-03  3.897E-03  3.269E-03  2.732E-03  2.271E-03
  399.5000  1.253E-01  1.223E-01  1.193E-01  1.163E-01  1.134E-01  1.105E-01  1.076E-01  1.048E-01  1.019E-01  9.913E-02  9.636E-02  9.362E-02  9.090E-02  8.821E-02  8.555E-02  8.292E-02  8.031E-02  7.773E-02  7.518E-02  7.265E-02  7.016E-02  6.769E-02  6.525E-02  6.283E-02  6.044E-02  5.808E-02  5.575E-02  5.345E-02  5.117E-02  4.892E-02  4.670E-02  4.452E-02  4.236E-02  4.024E-02  3.815E-02  3.609E-02  3.407E-02  3.209E-02  3.015E-02  2.825E-02  2.639E-02  2.458E-02  2.282E-02  2.111E-02  1.946E-02  1.787E-02  1.635E-02  1.490E-02  1.341E-02  1.185E-02  1.053E-02  9.398E-03  8.445E-03  7.267E-03  6.414E-03  5.474E-03  4.825E-03  4.050E-03  3.397E-03  2.838E-03  2.359E-03
------------------------------------------------------------
Dose rates,W m-2
   1 = UV index (WMO, 1994; Webb et al., 2011)           
   2 = Previtamin-D3 (CIE 2006)                          
values at z =      0.025 km
Columns: time,sza,weighting spectra
time,hrs.  sza,deg.          1          2
   18.0000     80.138  2.059E-01  3.354E-03
   18.0167     80.343  1.995E-01  3.212E-03
   18.0333     80.548  1.932E-01  3.074E-03
   18.0500     80.753  1.870E-01  2.941E-03
   18.0667     80.958  1.809E-01  2.812E-03
   18.0833     81.164  1.750E-01  2.688E-03
   18.1000     81.369  1.692E-01  2.569E-03
   18.1167     81.575  1.635E-01  2.454E-03
   18.1333     81.781  1.579E-01  2.343E-03
   18.1500     81.986  1.524E-01  2.237E-03
   18.1667     82.192  1.470E-01  2.134E-03
   18.1833     82.398  1.418E-01  2.036E-03
   18.2000     82.604  1.366E-01  1.941E-03
   18.2167     82.811  1.316E-01  1.850E-03
   18.2333     83.017  1.267E-01  1.762E-03
   18.2500     83.223  1.219E-01  1.679E-03
   18.2667     83.430  1.172E-01  1.598E-03
   18.2833     83.636  1.125E-01  1.520E-03
   18.3000     83.843  1.080E-01  1.446E-03
   18.3167     84.050  1.036E-01  1.375E-03
   18.3333     84.256  9.934E-02  1.307E-03
   18.3500     84.463  9.513E-02  1.241E-03
   18.3667     84.670  9.103E-02  1.178E-03
   18.3833     84.878  8.702E-02  1.118E-03
   18.4000     85.085  8.310E-02  1.061E-03
   18.4167     85.292  7.929E-02  1.006E-03
   18.4333     85.499  7.557E-02  9.529E-04
   18.4500     85.707  7.195E-02  9.023E-04
   18.4667     85.914  6.841E-02  8.538E-04
   18.4833     86.122  6.497E-02  8.075E-04
   18.5000     86.330  6.162E-02  7.631E-04
   18.5167     86.537  5.837E-02  7.207E-04
   18.5333     86.745  5.520E-02  6.800E-04
   18.5500     86.953  5.212E-02  6.411E-04
   18.5667     87.161  4.913E-02  6.039E-04
   18.5833     87.369  4.623E-02  5.682E-04
   18.6000     87.577  4.342E-02  5.341E-04
   18.6167     87.784  4.071E-02  5.016E-04
   18.6333     87.993  3.808E-02  4.704E-04
   18.6500     88.201  3.554E-02  4.405E-04
   18.6667     88.409  3.309E-02  4.120E-04
   18.6833     88.618  3.073E-02  3.847E-04
   18.7000     88.826  2.846E-02  3.586E-04
   18.7167     89.034  2.629E-02  3.338E-04
   18.7333     89.243  2.421E-02  3.101E-04
   18.7500     89.452  2.223E-02  2.876E-04
   18.7667     89.660  2.036E-02  2.663E-04
   18.7833     89.869  1.860E-02  2.462E-04
   18.8000     90.077  1.678E-02  2.253E-04
   18.8167     90.286  1.492E-02  2.036E-04
   18.8333     90.495  1.333E-02  1.851E-04
   18.8500     90.704  1.199E-02  1.693E-04
   18.8667     90.913  1.085E-02  1.559E-04
   18.8833     91.122  9.449E-03  1.386E-04
   18.9000     91.331  8.430E-03  1.261E-04
   18.9167     91.540  7.298E-03  1.117E-04
   18.9333     91.749  6.510E-03  1.016E-04
   18.9500     91.958  5.561E-03  8.894E-05
   18.9667     92.167  4.751E-03  7.781E-05
   18.9833     92.377  4.047E-03  6.787E-05
   19.0000     92.586  3.432E-03  5.887E-05
------------------------------------------------------------
