Spectral Irradiance,W m-2 nm-1
values at z =      0.025 km
Columns: wavelength (nm),times (hrs.) or sza (deg.)
    wc,nm     18.000     18.017     18.033     18.050     18.067     18.083     18.100     18.117     18.133     18.150     18.167     18.183     18.200     18.217     18.233     18.250     18.267     18.283     18.300     18.317     18.333     18.350     18.367     18.383     18.400     18.417     18.433     18.450     18.467     18.483     18.500     18.517     18.533     18.550     18.567     18.583     18.600     18.617     18.633     18.650     18.667     18.683     18.700     18.717     18.733     18.750     18.767     18.783     18.800     18.817     18.833     18.850     18.867     18.883     18.900     18.917     18.933     18.950     18.967     18.983     19.000
    sza =      78.564     78.771     78.979     79.187     79.395     79.603     79.811     80.019     80.227     80.435     80.643     80.852     81.060     81.269     81.477     81.685     81.894     82.103     82.311     82.520     82.729     82.938     83.147     83.356     83.565     83.774     83.982     84.192     84.401     84.610     84.820     85.028     85.238     85.447     85.657     85.866     86.076     86.285     86.494     86.704     86.913     87.123     87.333     87.542     87.752     87.961     88.171     88.381     88.590     88.800     89.010     89.219     89.429     89.639     89.848     90.058     90.268     90.478     90.688     90.898     91.107
  280.5000  1.731E-27  1.705E-27  1.679E-27  1.653E-27  1.627E-27  1.602E-27  1.577E-27  1.552E-27  1.527E-27  1.503E-27  1.478E-27  1.454E-27  1.430E-27  1.406E-27  1.382E-27  1.358E-27  1.334E-27  1.311E-27  1.287E-27  1.264E-27  1.240E-27  1.217E-27  1.194E-27  1.171E-27  1.147E-27  1.124E-27  1.101E-27  1.078E-27  1.055E-27  1.032E-27  1.008E-27  9.851E-28  9.618E-28  9.384E-28  9.149E-28  8.913E-28  8.676E-28  8.439E-28  8.200E-28  7.960E-28  7.718E-28  7.474E-28  7.229E-28  6.984E-28  6.735E-28  6.485E-28  6.233E-28  5.980E-28  5.725E-28  5.469E-28  5.211E-28  4.953E-28  4.695E-28  4.438E-28  4.186E-28  3.908E-28  3.585E-28  3.307E-28  3.066E-28  2.857E-28  2.570E-28
  281.5000  4.924E-25  4.848E-25  4.774E-25  4.700E-25  4.626E-25  4.553E-25  4.481E-25  4.410E-25  4.339E-25  4.268E-25  4.198E-25  4.129E-25  4.059E-25  3.991E-25  3.922E-25  3.854E-25  3.787E-25  3.719E-25  3.652E-25  3.585E-25  3.519E-25  3.452E-25  3.386E-25  3.320E-25  3.254E-25  3.188E-25  3.122E-25  3.056E-25  2.990E-25  2.924E-25  2.858E-25  2.792E-25  2.726E-25  2.659E-25  2.593E-25  2.526E-25  2.459E-25  2.392E-25  2.324E-25  2.256E-25  2.187E-25  2.119E-25  2.049E-25  1.980E-25  1.910E-25  1.839E-25  1.768E-25  1.696E-25  1.624E-25  1.552E-25  1.479E-25  1.406E-25  1.333E-25  1.260E-25  1.189E-25  1.111E-25  1.019E-25  9.403E-26  8.721E-26  8.128E-26  7.314E-26
  282.5000  4.331E-23  4.264E-23  4.197E-23  4.132E-23  4.066E-23  4.002E-23  3.938E-23  3.874E-23  3.811E-23  3.749E-23  3.686E-23  3.625E-23  3.563E-23  3.503E-23  3.442E-23  3.382E-23  3.322E-23  3.263E-23  3.203E-23  3.144E-23  3.085E-23  3.027E-23  2.968E-23  2.910E-23  2.852E-23  2.794E-23  2.736E-23  2.678E-23  2.620E-23  2.562E-23  2.504E-23  2.446E-23  2.388E-23  2.329E-23  2.271E-23  2.212E-23  2.154E-23  2.095E-23  2.035E-23  1.976E-23  1.916E-23  1.856E-23  1.795E-23  1.734E-23  1.673E-23  1.611E-23  1.549E-23  1.486E-23  1.423E-23  1.360E-23  1.296E-23  1.233E-23  1.169E-23  1.106E-23  1.043E-23  9.746E-24  8.946E-24  8.257E-24  7.661E-24  7.142E-24  6.429E-24
  283.5000  7.162E-22  7.050E-22  6.939E-22  6.830E-22  6.721E-22  6.613E-22  6.506E-22  6.400E-22  6.295E-22  6.192E-22  6.088E-22  5.986E-22  5.884E-22  5.782E-22  5.682E-22  5.582E-22  5.483E-22  5.384E-22  5.286E-22  5.187E-22  5.090E-22  4.993E-22  4.896E-22  4.799E-22  4.703E-22  4.607E-22  4.511E-22  4.415E-22  4.319E-22  4.223E-22  4.127E-22  4.032E-22  3.935E-22  3.839E-22  3.743E-22  3.646E-22  3.549E-22  3.452E-22  3.354E-22  3.256E-22  3.157E-22  3.058E-22  2.958E-22  2.858E-22  2.757E-22  2.655E-22  2.553E-22  2.450E-22  2.346E-22  2.242E-22  2.137E-22  2.033E-22  1.928E-22  1.824E-22  1.721E-22  1.608E-22  1.476E-22  1.363E-22  1.265E-22  1.179E-22  1.062E-22
  284.5000  7.319E-20  7.202E-20  7.086E-20  6.972E-20  6.859E-20  6.747E-20  6.637E-20  6.527E-20  6.418E-20  6.310E-20  6.204E-20  6.097E-20  5.992E-20  5.888E-20  5.784E-20  5.681E-20  5.579E-20  5.477E-20  5.375E-20  5.275E-20  5.175E-20  5.075E-20  4.975E-20  4.876E-20  4.777E-20  4.679E-20  4.581E-20  4.482E-20  4.384E-20  4.286E-20  4.189E-20  4.091E-20  3.993E-20  3.895E-20  3.797E-20  3.698E-20  3.600E-20  3.501E-20  3.402E-20  3.302E-20  3.202E-20  3.101E-20  3.000E-20  2.899E-20  2.796E-20  2.693E-20  2.590E-20  2.486E-20  2.381E-20  2.276E-20  2.170E-20  2.064E-20  1.958E-20  1.853E-20  1.750E-20  1.635E-20  1.502E-20  1.387E-20  1.288E-20  1.202E-20  1.083E-20
  285.5000  1.409E-18  1.387E-18  1.364E-18  1.342E-18  1.320E-18  1.298E-18  1.276E-18  1.255E-18  1.233E-18  1.212E-18  1.192E-18  1.171E-18  1.150E-18  1.130E-18  1.110E-18  1.090E-18  1.070E-18  1.050E-18  1.031E-18  1.011E-18  9.917E-19  9.724E-19  9.531E-19  9.339E-19  9.148E-19  8.958E-19  8.769E-19  8.579E-19  8.390E-19  8.201E-19  8.013E-19  7.825E-19  7.636E-19  7.448E-19  7.259E-19  7.070E-19  6.881E-19  6.692E-19  6.501E-19  6.310E-19  6.119E-19  5.926E-19  5.733E-19  5.539E-19  5.343E-19  5.147E-19  4.949E-19  4.751E-19  4.551E-19  4.351E-19  4.149E-19  3.947E-19  3.745E-19  3.545E-19  3.348E-19  3.130E-19  2.876E-19  2.657E-19  2.468E-19  2.304E-19  2.076E-19
  286.5000  6.187E-17  6.085E-17  5.984E-17  5.884E-17  5.786E-17  5.689E-17  5.592E-17  5.497E-17  5.403E-17  5.310E-17  5.217E-17  5.126E-17  5.035E-17  4.945E-17  4.855E-17  4.767E-17  4.679E-17  4.592E-17  4.505E-17  4.419E-17  4.333E-17  4.248E-17  4.163E-17  4.078E-17  3.994E-17  3.910E-17  3.827E-17  3.744E-17  3.661E-17  3.578E-17  3.495E-17  3.412E-17  3.330E-17  3.247E-17  3.165E-17  3.082E-17  2.999E-17  2.916E-17  2.833E-17  2.749E-17  2.666E-17  2.582E-17  2.497E-17  2.413E-17  2.328E-17  2.242E-17  2.156E-17  2.069E-17  1.983E-17  1.895E-17  1.808E-17  1.720E-17  1.632E-17  1.545E-17  1.460E-17  1.365E-17  1.254E-17  1.159E-17  1.077E-17  1.006E-17  9.069E-18
  287.5000  1.534E-15  1.508E-15  1.482E-15  1.457E-15  1.432E-15  1.408E-15  1.384E-15  1.360E-15  1.336E-15  1.312E-15  1.289E-15  1.266E-15  1.243E-15  1.221E-15  1.198E-15  1.176E-15  1.154E-15  1.132E-15  1.110E-15  1.089E-15  1.068E-15  1.046E-15  1.025E-15  1.004E-15  9.831E-16  9.622E-16  9.415E-16  9.208E-16  9.001E-16  8.795E-16  8.590E-16  8.386E-16  8.181E-16  7.976E-16  7.772E-16  7.567E-16  7.362E-16  7.158E-16  6.953E-16  6.747E-16  6.541E-16  6.334E-16  6.127E-16  5.919E-16  5.710E-16  5.499E-16  5.288E-16  5.076E-16  4.864E-16  4.650E-16  4.436E-16  4.221E-16  4.006E-16  3.793E-16  3.584E-16  3.352E-16  3.082E-16  2.850E-16  2.649E-16  2.474E-16  2.232E-16
  288.5000  3.823E-14  3.756E-14  3.691E-14  3.627E-14  3.563E-14  3.500E-14  3.438E-14  3.377E-14  3.316E-14  3.257E-14  3.198E-14  3.139E-14  3.081E-14  3.024E-14  2.967E-14  2.911E-14  2.856E-14  2.800E-14  2.746E-14  2.691E-14  2.638E-14  2.584E-14  2.531E-14  2.478E-14  2.425E-14  2.373E-14  2.321E-14  2.269E-14  2.218E-14  2.166E-14  2.115E-14  2.064E-14  2.013E-14  1.962E-14  1.911E-14  1.861E-14  1.810E-14  1.759E-14  1.708E-14  1.657E-14  1.606E-14  1.555E-14  1.504E-14  1.453E-14  1.401E-14  1.350E-14  1.298E-14  1.246E-14  1.194E-14  1.141E-14  1.089E-14  1.036E-14  9.835E-15  9.314E-15  8.802E-15  8.236E-15  7.574E-15  7.006E-15  6.514E-15  6.089E-15  5.495E-15
  289.5000  6.653E-13  6.535E-13  6.418E-13  6.303E-13  6.190E-13  6.079E-13  5.968E-13  5.860E-13  5.752E-13  5.647E-13  5.542E-13  5.439E-13  5.336E-13  5.235E-13  5.135E-13  5.036E-13  4.938E-13  4.841E-13  4.745E-13  4.649E-13  4.555E-13  4.461E-13  4.367E-13  4.275E-13  4.183E-13  4.091E-13  4.001E-13  3.910E-13  3.820E-13  3.730E-13  3.641E-13  3.552E-13  3.464E-13  3.375E-13  3.287E-13  3.199E-13  3.111E-13  3.023E-13  2.935E-13  2.847E-13  2.758E-13  2.670E-13  2.582E-13  2.493E-13  2.405E-13  2.316E-13  2.226E-13  2.137E-13  2.047E-13  1.957E-13  1.867E-13  1.777E-13  1.687E-13  1.598E-13  1.510E-13  1.413E-13  1.300E-13  1.203E-13  1.119E-13  1.046E-13  9.444E-14
  290.5000  7.065E-12  6.936E-12  6.809E-12  6.684E-12  6.561E-12  6.440E-12  6.321E-12  6.203E-12  6.087E-12  5.972E-12  5.859E-12  5.747E-12  5.637E-12  5.528E-12  5.420E-12  5.314E-12  5.209E-12  5.104E-12  5.001E-12  4.898E-12  4.797E-12  4.696E-12  4.597E-12  4.498E-12  4.399E-12  4.302E-12  4.205E-12  4.109E-12  4.013E-12  3.917E-12  3.822E-12  3.728E-12  3.634E-12  3.540E-12  3.446E-12  3.353E-12  3.260E-12  3.167E-12  3.074E-12  2.981E-12  2.888E-12  2.795E-12  2.702E-12  2.609E-12  2.515E-12  2.422E-12  2.328E-12  2.234E-12  2.140E-12  2.046E-12  1.952E-12  1.857E-12  1.763E-12  1.670E-12  1.579E-12  1.478E-12  1.359E-12  1.258E-12  1.170E-12  1.095E-12  9.888E-13
  291.5000  6.797E-11  6.668E-11  6.542E-11  6.418E-11  6.296E-11  6.176E-11  6.057E-11  5.941E-11  5.826E-11  5.713E-11  5.602E-11  5.492E-11  5.383E-11  5.276E-11  5.170E-11  5.066E-11  4.963E-11  4.860E-11  4.759E-11  4.660E-11  4.561E-11  4.463E-11  4.366E-11  4.270E-11  4.174E-11  4.080E-11  3.986E-11  3.893E-11  3.800E-11  3.708E-11  3.617E-11  3.526E-11  3.436E-11  3.345E-11  3.256E-11  3.166E-11  3.077E-11  2.988E-11  2.899E-11  2.810E-11  2.722E-11  2.633E-11  2.545E-11  2.456E-11  2.368E-11  2.279E-11  2.190E-11  2.102E-11  2.013E-11  1.924E-11  1.835E-11  1.746E-11  1.658E-11  1.570E-11  1.484E-11  1.389E-11  1.278E-11  1.183E-11  1.102E-11  1.030E-11  9.312E-12
  292.5000  4.100E-10  4.019E-10  3.941E-10  3.863E-10  3.787E-10  3.713E-10  3.639E-10  3.567E-10  3.496E-10  3.426E-10  3.357E-10  3.289E-10  3.222E-10  3.156E-10  3.091E-10  3.027E-10  2.964E-10  2.901E-10  2.839E-10  2.778E-10  2.718E-10  2.658E-10  2.599E-10  2.541E-10  2.483E-10  2.425E-10  2.368E-10  2.312E-10  2.256E-10  2.200E-10  2.145E-10  2.090E-10  2.036E-10  1.981E-10  1.927E-10  1.873E-10  1.820E-10  1.767E-10  1.713E-10  1.660E-10  1.607E-10  1.554E-10  1.502E-10  1.449E-10  1.396E-10  1.344E-10  1.291E-10  1.238E-10  1.186E-10  1.133E-10  1.080E-10  1.028E-10  9.757E-11  9.241E-11  8.735E-11  8.177E-11  7.525E-11  6.966E-11  6.486E-11  6.069E-11  5.486E-11
  293.5000  2.842E-09  2.784E-09  2.728E-09  2.672E-09  2.617E-09  2.564E-09  2.511E-09  2.459E-09  2.409E-09  2.359E-09  2.310E-09  2.261E-09  2.214E-09  2.167E-09  2.121E-09  2.075E-09  2.030E-09  1.986E-09  1.943E-09  1.899E-09  1.857E-09  1.815E-09  1.774E-09  1.733E-09  1.692E-09  1.652E-09  1.612E-09  1.573E-09  1.534E-09  1.495E-09  1.457E-09  1.419E-09  1.381E-09  1.343E-09  1.306E-09  1.269E-09  1.232E-09  1.195E-09  1.159E-09  1.122E-09  1.086E-09  1.050E-09  1.014E-09  9.777E-10  9.417E-10  9.057E-10  8.699E-10  8.341E-10  7.984E-10  7.627E-10  7.271E-10  6.916E-10  6.564E-10  6.215E-10  5.875E-10  5.499E-10  5.060E-10  4.685E-10  4.362E-10  4.083E-10  3.692E-10
  294.5000  1.085E-08  1.062E-08  1.040E-08  1.018E-08  9.965E-09  9.753E-09  9.546E-09  9.342E-09  9.143E-09  8.947E-09  8.755E-09  8.565E-09  8.379E-09  8.196E-09  8.016E-09  7.839E-09  7.665E-09  7.493E-09  7.324E-09  7.157E-09  6.993E-09  6.830E-09  6.670E-09  6.512E-09  6.355E-09  6.201E-09  6.048E-09  5.897E-09  5.748E-09  5.599E-09  5.453E-09  5.308E-09  5.163E-09  5.020E-09  4.878E-09  4.737E-09  4.597E-09  4.458E-09  4.319E-09  4.181E-09  4.044E-09  3.907E-09  3.771E-09  3.636E-09  3.500E-09  3.365E-09  3.231E-09  3.096E-09  2.963E-09  2.829E-09  2.696E-09  2.564E-09  2.433E-09  2.303E-09  2.176E-09  2.037E-09  1.874E-09  1.735E-09  1.616E-09  1.512E-09  1.368E-09
  295.5000  5.812E-08  5.684E-08  5.558E-08  5.436E-08  5.315E-08  5.197E-08  5.082E-08  4.969E-08  4.858E-08  4.750E-08  4.643E-08  4.538E-08  4.436E-08  4.335E-08  4.236E-08  4.139E-08  4.043E-08  3.949E-08  3.856E-08  3.765E-08  3.676E-08  3.587E-08  3.500E-08  3.414E-08  3.329E-08  3.246E-08  3.163E-08  3.082E-08  3.001E-08  2.922E-08  2.843E-08  2.765E-08  2.688E-08  2.612E-08  2.536E-08  2.461E-08  2.386E-08  2.313E-08  2.239E-08  2.166E-08  2.094E-08  2.022E-08  1.950E-08  1.879E-08  1.808E-08  1.737E-08  1.666E-08  1.596E-08  1.527E-08  1.457E-08  1.388E-08  1.319E-08  1.251E-08  1.184E-08  1.118E-08  1.047E-08  9.628E-09  8.913E-09  8.299E-09  7.768E-09  7.027E-09
  296.5000  1.938E-07  1.893E-07  1.849E-07  1.806E-07  1.765E-07  1.724E-07  1.684E-07  1.645E-07  1.606E-07  1.569E-07  1.532E-07  1.496E-07  1.461E-07  1.426E-07  1.392E-07  1.359E-07  1.327E-07  1.294E-07  1.263E-07  1.232E-07  1.202E-07  1.172E-07  1.142E-07  1.113E-07  1.085E-07  1.056E-07  1.029E-07  1.001E-07  9.744E-08  9.477E-08  9.214E-08  8.955E-08  8.698E-08  8.444E-08  8.193E-08  7.944E-08  7.698E-08  7.454E-08  7.212E-08  6.972E-08  6.734E-08  6.498E-08  6.263E-08  6.030E-08  5.798E-08  5.567E-08  5.338E-08  5.110E-08  4.884E-08  4.659E-08  4.435E-08  4.213E-08  3.994E-08  3.778E-08  3.567E-08  3.337E-08  3.069E-08  2.840E-08  2.644E-08  2.475E-08  2.239E-08
  297.5000  6.669E-07  6.506E-07  6.348E-07  6.194E-07  6.044E-07  5.897E-07  5.753E-07  5.614E-07  5.477E-07  5.344E-07  5.213E-07  5.085E-07  4.960E-07  4.837E-07  4.717E-07  4.600E-07  4.485E-07  4.372E-07  4.261E-07  4.152E-07  4.046E-07  3.941E-07  3.838E-07  3.737E-07  3.637E-07  3.540E-07  3.444E-07  3.349E-07  3.255E-07  3.163E-07  3.073E-07  2.984E-07  2.895E-07  2.808E-07  2.722E-07  2.637E-07  2.553E-07  2.470E-07  2.388E-07  2.307E-07  2.226E-07  2.146E-07  2.067E-07  1.989E-07  1.911E-07  1.833E-07  1.757E-07  1.680E-07  1.605E-07  1.530E-07  1.455E-07  1.382E-07  1.309E-07  1.237E-07  1.168E-07  1.092E-07  1.004E-07  9.287E-08  8.643E-08  8.087E-08  7.316E-08
  298.5000  1.329E-06  1.295E-06  1.261E-06  1.229E-06  1.198E-06  1.167E-06  1.137E-06  1.108E-06  1.080E-06  1.053E-06  1.026E-06  9.995E-07  9.738E-07  9.487E-07  9.241E-07  9.002E-07  8.767E-07  8.537E-07  8.312E-07  8.091E-07  7.875E-07  7.663E-07  7.455E-07  7.251E-07  7.051E-07  6.854E-07  6.661E-07  6.471E-07  6.285E-07  6.101E-07  5.920E-07  5.743E-07  5.567E-07  5.395E-07  5.224E-07  5.057E-07  4.891E-07  4.728E-07  4.566E-07  4.407E-07  4.249E-07  4.093E-07  3.938E-07  3.786E-07  3.634E-07  3.484E-07  3.336E-07  3.188E-07  3.043E-07  2.898E-07  2.755E-07  2.614E-07  2.474E-07  2.338E-07  2.205E-07  2.060E-07  1.893E-07  1.751E-07  1.629E-07  1.524E-07  1.378E-07
  299.5000  4.922E-06  4.786E-06  4.654E-06  4.527E-06  4.404E-06  4.284E-06  4.168E-06  4.056E-06  3.946E-06  3.840E-06  3.736E-06  3.636E-06  3.537E-06  3.441E-06  3.348E-06  3.257E-06  3.168E-06  3.081E-06  2.995E-06  2.912E-06  2.831E-06  2.751E-06  2.673E-06  2.597E-06  2.522E-06  2.449E-06  2.377E-06  2.306E-06  2.237E-06  2.169E-06  2.102E-06  2.037E-06  1.972E-06  1.909E-06  1.846E-06  1.785E-06  1.725E-06  1.665E-06  1.607E-06  1.549E-06  1.492E-06  1.435E-06  1.380E-06  1.325E-06  1.270E-06  1.217E-06  1.164E-06  1.111E-06  1.060E-06  1.008E-06  9.577E-07  9.078E-07  8.587E-07  8.106E-07  7.639E-07  7.134E-07  6.552E-07  6.055E-07  5.629E-07  5.263E-07  4.759E-07
  300.5000  6.981E-06  6.774E-06  6.574E-06  6.382E-06  6.197E-06  6.018E-06  5.845E-06  5.677E-06  5.515E-06  5.359E-06  5.206E-06  5.059E-06  4.915E-06  4.775E-06  4.639E-06  4.507E-06  4.378E-06  4.253E-06  4.130E-06  4.011E-06  3.894E-06  3.780E-06  3.668E-06  3.559E-06  3.453E-06  3.348E-06  3.247E-06  3.146E-06  3.048E-06  2.952E-06  2.858E-06  2.766E-06  2.675E-06  2.586E-06  2.499E-06  2.413E-06  2.329E-06  2.246E-06  2.165E-06  2.084E-06  2.005E-06  1.927E-06  1.851E-06  1.775E-06  1.701E-06  1.627E-06  1.555E-06  1.483E-06  1.413E-06  1.343E-06  1.275E-06  1.207E-06  1.141E-06  1.076E-06  1.013E-06  9.457E-07  8.679E-07  8.016E-07  7.447E-07  6.959E-07  6.290E-07
  301.5000  2.250E-05  2.176E-05  2.105E-05  2.037E-05  1.972E-05  1.910E-05  1.850E-05  1.792E-05  1.737E-05  1.683E-05  1.632E-05  1.582E-05  1.534E-05  1.487E-05  1.442E-05  1.398E-05  1.356E-05  1.314E-05  1.274E-05  1.235E-05  1.197E-05  1.160E-05  1.124E-05  1.089E-05  1.055E-05  1.021E-05  9.887E-06  9.567E-06  9.254E-06  8.949E-06  8.650E-06  8.358E-06  8.071E-06  7.791E-06  7.516E-06  7.247E-06  6.983E-06  6.724E-06  6.470E-06  6.221E-06  5.976E-06  5.736E-06  5.499E-06  5.268E-06  5.039E-06  4.815E-06  4.594E-06  4.377E-06  4.163E-06  3.953E-06  3.746E-06  3.543E-06  3.345E-06  3.121E-06  2.964E-06  2.763E-06  2.533E-06  2.337E-06  2.170E-06  2.026E-06  1.830E-06
  302.5000  3.960E-05  3.819E-05  3.684E-05  3.556E-05  3.433E-05  3.316E-05  3.204E-05  3.097E-05  2.994E-05  2.896E-05  2.802E-05  2.711E-05  2.623E-05  2.538E-05  2.457E-05  2.379E-05  2.302E-05  2.229E-05  2.157E-05  2.088E-05  2.021E-05  1.956E-05  1.893E-05  1.831E-05  1.771E-05  1.712E-05  1.656E-05  1.600E-05  1.546E-05  1.493E-05  1.441E-05  1.391E-05  1.342E-05  1.293E-05  1.246E-05  1.200E-05  1.155E-05  1.111E-05  1.067E-05  1.025E-05  9.835E-06  9.427E-06  9.028E-06  8.637E-06  8.253E-06  7.875E-06  7.505E-06  7.142E-06  6.785E-06  6.436E-06  6.093E-06  5.757E-06  5.428E-06  5.108E-06  4.801E-06  4.471E-06  4.096E-06  3.776E-06  3.502E-06  3.267E-06  2.949E-06
  303.5000  1.061E-04  1.019E-04  9.796E-05  9.418E-05  9.057E-05  8.715E-05  8.389E-05  8.078E-05  7.782E-05  7.500E-05  7.230E-05  6.972E-05  6.725E-05  6.489E-05  6.262E-05  6.045E-05  5.836E-05  5.634E-05  5.440E-05  5.253E-05  5.072E-05  4.897E-05  4.728E-05  4.564E-05  4.406E-05  4.252E-05  4.102E-05  3.957E-05  3.816E-05  3.678E-05  3.544E-05  3.414E-05  3.287E-05  3.163E-05  3.042E-05  2.924E-05  2.809E-05  2.697E-05  2.587E-05  2.480E-05  2.375E-05  2.272E-05  2.172E-05  2.074E-05  1.979E-05  1.885E-05  1.793E-05  1.703E-05  1.616E-05  1.530E-05  1.446E-05  1.364E-05  1.284E-05  1.207E-05  1.132E-05  1.053E-05  9.633E-06  8.868E-06  8.215E-06  7.655E-06  6.904E-06
  304.5000  1.544E-04  1.480E-04  1.418E-04  1.360E-04  1.305E-04  1.252E-04  1.202E-04  1.155E-04  1.110E-04  1.067E-04  1.026E-04  9.869E-05  9.497E-05  9.142E-05  8.803E-05  8.479E-05  8.168E-05  7.870E-05  7.584E-05  7.309E-05  7.046E-05  6.791E-05  6.546E-05  6.309E-05  6.080E-05  5.858E-05  5.644E-05  5.437E-05  5.235E-05  5.040E-05  4.850E-05  4.666E-05  4.486E-05  4.312E-05  4.142E-05  3.976E-05  3.815E-05  3.658E-05  3.504E-05  3.355E-05  3.209E-05  3.066E-05  2.927E-05  2.792E-05  2.660E-05  2.530E-05  2.404E-05  2.281E-05  2.161E-05  2.043E-05  1.929E-05  1.817E-05  1.709E-05  1.604E-05  1.504E-05  1.397E-05  1.277E-05  1.174E-05  1.087E-05  1.012E-05  9.120E-06
  305.5000  3.274E-04  3.126E-04  2.987E-04  2.854E-04  2.727E-04  2.607E-04  2.493E-04  2.385E-04  2.282E-04  2.185E-04  2.092E-04  2.004E-04  1.920E-04  1.840E-04  1.764E-04  1.692E-04  1.624E-04  1.558E-04  1.496E-04  1.436E-04  1.379E-04  1.324E-04  1.272E-04  1.222E-04  1.174E-04  1.127E-04  1.083E-04  1.040E-04  9.986E-05  9.586E-05  9.200E-05  8.828E-05  8.467E-05  8.117E-05  7.777E-05  7.448E-05  7.128E-05  6.819E-05  6.518E-05  6.224E-05  5.940E-05  5.663E-05  5.393E-05  5.132E-05  4.877E-05  4.629E-05  4.387E-05  4.153E-05  3.925E-05  3.703E-05  3.488E-05  3.279E-05  3.076E-05  2.881E-05  2.695E-05  2.500E-05  2.280E-05  2.094E-05  1.934E-05  1.798E-05  1.618E-05
  306.5000  4.253E-04  4.057E-04  3.871E-04  3.695E-04  3.526E-04  3.366E-04  3.214E-04  3.069E-04  2.931E-04  2.801E-04  2.677E-04  2.559E-04  2.447E-04  2.341E-04  2.240E-04  2.144E-04  2.053E-04  1.966E-04  1.883E-04  1.804E-04  1.729E-04  1.657E-04  1.589E-04  1.523E-04  1.461E-04  1.401E-04  1.343E-04  1.288E-04  1.235E-04  1.184E-04  1.134E-04  1.087E-04  1.041E-04  9.966E-05  9.537E-05  9.122E-05  8.720E-05  8.331E-05  7.953E-05  7.586E-05  7.231E-05  6.885E-05  6.550E-05  6.225E-05  5.909E-05  5.602E-05  5.303E-05  5.014E-05  4.728E-05  4.461E-05  4.196E-05  3.940E-05  3.693E-05  3.455E-05  3.228E-05  2.990E-05  2.726E-05  2.500E-05  2.307E-05  2.142E-05  1.927E-05
  307.5000  9.720E-04  9.265E-04  8.830E-04  8.416E-04  8.019E-04  7.639E-04  7.278E-04  6.933E-04  6.604E-04  6.292E-04  5.994E-04  5.711E-04  5.441E-04  5.185E-04  4.941E-04  4.710E-04  4.491E-04  4.282E-04  4.083E-04  3.895E-04  3.716E-04  3.545E-04  3.384E-04  3.229E-04  3.083E-04  2.943E-04  2.810E-04  2.683E-04  2.562E-04  2.446E-04  2.335E-04  2.229E-04  2.127E-04  2.029E-04  1.935E-04  1.845E-04  1.758E-04  1.674E-04  1.593E-04  1.515E-04  1.440E-04  1.367E-04  1.296E-04  1.228E-04  1.163E-04  1.099E-04  1.037E-04  9.779E-05  9.205E-05  8.649E-05  8.112E-05  7.596E-05  7.099E-05  6.622E-05  6.171E-05  5.701E-05  5.185E-05  4.744E-05  4.367E-05  4.046E-05  3.631E-05
  308.5000  1.310E-03  1.249E-03  1.191E-03  1.135E-03  1.081E-03  1.030E-03  9.806E-04  9.337E-04  8.888E-04  8.462E-04  8.055E-04  7.666E-04  7.296E-04  6.944E-04  6.610E-04  6.292E-04  5.989E-04  5.702E-04  5.429E-04  5.169E-04  4.923E-04  4.689E-04  4.466E-04  4.255E-04  4.054E-04  3.863E-04  3.682E-04  3.508E-04  3.344E-04  3.186E-04  3.036E-04  2.894E-04  2.757E-04  2.625E-04  2.500E-04  2.379E-04  2.264E-04  2.153E-04  2.046E-04  1.943E-04  1.844E-04  1.748E-04  1.656E-04  1.567E-04  1.481E-04  1.398E-04  1.318E-04  1.241E-04  1.167E-04  1.095E-04  1.025E-04  9.589E-05  8.950E-05  8.339E-05  7.760E-05  7.161E-05  6.505E-05  5.944E-05  5.466E-05  5.059E-05  4.536E-05
  309.5000  1.624E-03  1.550E-03  1.479E-03  1.410E-03  1.344E-03  1.281E-03  1.220E-03  1.161E-03  1.105E-03  1.052E-03  1.001E-03  9.515E-04  9.046E-04  8.598E-04  8.170E-04  7.763E-04  7.374E-04  7.004E-04  6.652E-04  6.316E-04  5.998E-04  5.695E-04  5.408E-04  5.134E-04  4.875E-04  4.628E-04  4.395E-04  4.172E-04  3.961E-04  3.761E-04  3.570E-04  3.389E-04  3.217E-04  3.053E-04  2.896E-04  2.747E-04  2.604E-04  2.468E-04  2.338E-04  2.213E-04  2.094E-04  1.979E-04  1.869E-04  1.764E-04  1.662E-04  1.565E-04  1.471E-04  1.381E-04  1.295E-04  1.212E-04  1.132E-04  1.055E-04  9.823E-05  9.127E-05  8.471E-05  7.797E-05  7.064E-05  6.439E-05  5.907E-05  5.453E-05  4.879E-05
  310.5000  2.854E-03  2.727E-03  2.605E-03  2.488E-03  2.374E-03  2.265E-03  2.159E-03  2.057E-03  1.959E-03  1.865E-03  1.775E-03  1.688E-03  1.605E-03  1.525E-03  1.449E-03  1.376E-03  1.306E-03  1.239E-03  1.176E-03  1.115E-03  1.057E-03  1.002E-03  9.497E-04  8.998E-04  8.524E-04  8.074E-04  7.648E-04  7.242E-04  6.857E-04  6.491E-04  6.145E-04  5.816E-04  5.504E-04  5.207E-04  4.925E-04  4.657E-04  4.403E-04  4.161E-04  3.930E-04  3.710E-04  3.500E-04  3.299E-04  3.108E-04  2.925E-04  2.750E-04  2.582E-04  2.422E-04  2.268E-04  2.121E-04  1.980E-04  1.845E-04  1.716E-04  1.594E-04  1.477E-04  1.368E-04  1.256E-04  1.136E-04  1.033E-04  9.452E-05  8.706E-05  7.775E-05
  311.5000  4.362E-03  4.174E-03  3.992E-03  3.816E-03  3.645E-03  3.480E-03  3.321E-03  3.167E-03  3.019E-03  2.876E-03  2.738E-03  2.606E-03  2.478E-03  2.355E-03  2.238E-03  2.125E-03  2.017E-03  1.914E-03  1.815E-03  1.720E-03  1.630E-03  1.544E-03  1.462E-03  1.384E-03  1.309E-03  1.238E-03  1.171E-03  1.107E-03  1.047E-03  9.889E-04  9.342E-04  8.825E-04  8.334E-04  7.867E-04  7.425E-04  7.006E-04  6.608E-04  6.231E-04  5.872E-04  5.531E-04  5.206E-04  4.898E-04  4.604E-04  4.324E-04  4.057E-04  3.802E-04  3.559E-04  3.327E-04  3.105E-04  2.894E-04  2.692E-04  2.499E-04  2.316E-04  2.143E-04  1.981E-04  1.816E-04  1.639E-04  1.488E-04  1.359E-04  1.250E-04  1.115E-04
  312.5000  5.863E-03  5.627E-03  5.397E-03  5.174E-03  4.956E-03  4.744E-03  4.539E-03  4.339E-03  4.146E-03  3.959E-03  3.777E-03  3.601E-03  3.431E-03  3.267E-03  3.109E-03  2.956E-03  2.809E-03  2.667E-03  2.531E-03  2.400E-03  2.275E-03  2.154E-03  2.039E-03  1.928E-03  1.823E-03  1.722E-03  1.626E-03  1.534E-03  1.447E-03  1.364E-03  1.285E-03  1.210E-03  1.139E-03  1.071E-03  1.007E-03  9.465E-04  8.890E-04  8.347E-04  7.832E-04  7.344E-04  6.882E-04  6.445E-04  6.031E-04  5.639E-04  5.268E-04  4.915E-04  4.580E-04  4.263E-04  3.963E-04  3.677E-04  3.407E-04  3.151E-04  2.908E-04  2.680E-04  2.467E-04  2.252E-04  2.025E-04  1.831E-04  1.666E-04  1.526E-04  1.356E-04
  313.5000  7.175E-03  6.891E-03  6.614E-03  6.345E-03  6.082E-03  5.826E-03  5.578E-03  5.336E-03  5.101E-03  4.874E-03  4.654E-03  4.440E-03  4.233E-03  4.032E-03  3.839E-03  3.652E-03  3.472E-03  3.298E-03  3.131E-03  2.970E-03  2.815E-03  2.667E-03  2.524E-03  2.388E-03  2.257E-03  2.132E-03  2.013E-03  1.899E-03  1.790E-03  1.687E-03  1.589E-03  1.495E-03  1.406E-03  1.322E-03  1.242E-03  1.166E-03  1.095E-03  1.027E-03  9.625E-04  9.017E-04  8.441E-04  7.897E-04  7.382E-04  6.895E-04  6.434E-04  5.997E-04  5.583E-04  5.191E-04  4.821E-04  4.469E-04  4.136E-04  3.819E-04  3.524E-04  3.244E-04  2.983E-04  2.721E-04  2.444E-04  2.208E-04  2.007E-04  1.837E-04  1.630E-04
  314.5000  9.537E-03  9.189E-03  8.848E-03  8.515E-03  8.189E-03  7.869E-03  7.557E-03  7.253E-03  6.956E-03  6.667E-03  6.384E-03  6.109E-03  5.841E-03  5.581E-03  5.327E-03  5.082E-03  4.844E-03  4.613E-03  4.389E-03  4.172E-03  3.963E-03  3.761E-03  3.566E-03  3.377E-03  3.196E-03  3.022E-03  2.855E-03  2.694E-03  2.540E-03  2.393E-03  2.252E-03  2.118E-03  1.989E-03  1.867E-03  1.751E-03  1.640E-03  1.535E-03  1.435E-03  1.341E-03  1.252E-03  1.167E-03  1.087E-03  1.012E-03  9.409E-04  8.739E-04  8.106E-04  7.510E-04  6.949E-04  6.421E-04  5.924E-04  5.455E-04  5.016E-04  4.603E-04  4.217E-04  3.860E-04  3.504E-04  3.133E-04  2.816E-04  2.548E-04  2.321E-04  2.050E-04
  315.5000  1.032E-02  9.950E-03  9.586E-03  9.231E-03  8.881E-03  8.540E-03  8.206E-03  7.879E-03  7.561E-03  7.250E-03  6.947E-03  6.651E-03  6.363E-03  6.082E-03  5.810E-03  5.545E-03  5.288E-03  5.038E-03  4.796E-03  4.561E-03  4.334E-03  4.115E-03  3.903E-03  3.698E-03  3.501E-03  3.312E-03  3.130E-03  2.954E-03  2.786E-03  2.625E-03  2.471E-03  2.324E-03  2.183E-03  2.048E-03  1.921E-03  1.799E-03  1.683E-03  1.574E-03  1.470E-03  1.372E-03  1.279E-03  1.191E-03  1.108E-03  1.029E-03  9.555E-04  8.858E-04  8.202E-04  7.584E-04  7.005E-04  6.458E-04  5.944E-04  5.461E-04  5.009E-04  4.587E-04  4.195E-04  3.806E-04  3.401E-04  3.055E-04  2.763E-04  2.515E-04  2.220E-04
  316.5000  1.289E-02  1.247E-02  1.204E-02  1.163E-02  1.122E-02  1.083E-02  1.043E-02  1.005E-02  9.672E-03  9.303E-03  8.941E-03  8.587E-03  8.241E-03  7.902E-03  7.571E-03  7.248E-03  6.933E-03  6.625E-03  6.325E-03  6.033E-03  5.750E-03  5.474E-03  5.207E-03  4.947E-03  4.695E-03  4.451E-03  4.216E-03  3.988E-03  3.768E-03  3.556E-03  3.352E-03  3.156E-03  2.968E-03  2.787E-03  2.614E-03  2.449E-03  2.291E-03  2.141E-03  1.998E-03  1.861E-03  1.732E-03  1.610E-03  1.494E-03  1.384E-03  1.281E-03  1.184E-03  1.092E-03  1.006E-03  9.251E-04  8.492E-04  7.782E-04  7.118E-04  6.498E-04  5.922E-04  5.391E-04  4.868E-04  4.330E-04  3.871E-04  3.483E-04  3.155E-04  2.773E-04
  317.5000  1.825E-02  1.764E-02  1.704E-02  1.646E-02  1.588E-02  1.532E-02  1.476E-02  1.422E-02  1.368E-02  1.316E-02  1.265E-02  1.215E-02  1.166E-02  1.118E-02  1.071E-02  1.025E-02  9.806E-03  9.370E-03  8.946E-03  8.533E-03  8.132E-03  7.742E-03  7.363E-03  6.995E-03  6.638E-03  6.293E-03  5.960E-03  5.638E-03  5.327E-03  5.027E-03  4.739E-03  4.462E-03  4.195E-03  3.940E-03  3.696E-03  3.462E-03  3.239E-03  3.026E-03  2.824E-03  2.631E-03  2.449E-03  2.276E-03  2.112E-03  1.958E-03  1.812E-03  1.674E-03  1.544E-03  1.423E-03  1.309E-03  1.202E-03  1.101E-03  1.008E-03  9.200E-04  8.386E-04  7.636E-04  6.897E-04  6.135E-04  5.487E-04  4.938E-04  4.474E-04  3.932E-04
  318.5000  1.773E-02  1.719E-02  1.665E-02  1.613E-02  1.561E-02  1.510E-02  1.460E-02  1.411E-02  1.362E-02  1.314E-02  1.267E-02  1.221E-02  1.176E-02  1.131E-02  1.087E-02  1.045E-02  1.003E-02  9.613E-03  9.210E-03  8.816E-03  8.431E-03  8.054E-03  7.687E-03  7.328E-03  6.979E-03  6.638E-03  6.308E-03  5.986E-03  5.674E-03  5.371E-03  5.077E-03  4.794E-03  4.520E-03  4.255E-03  4.000E-03  3.754E-03  3.518E-03  3.293E-03  3.076E-03  2.868E-03  2.670E-03  2.481E-03  2.302E-03  2.132E-03  1.971E-03  1.818E-03  1.674E-03  1.538E-03  1.411E-03  1.291E-03  1.179E-03  1.074E-03  9.767E-04  8.863E-04  8.033E-04  7.221E-04  6.392E-04  5.687E-04  5.091E-04  4.589E-04  4.011E-04
  319.5000  2.252E-02  2.185E-02  2.118E-02  2.053E-02  1.988E-02  1.924E-02  1.861E-02  1.799E-02  1.738E-02  1.678E-02  1.619E-02  1.561E-02  1.504E-02  1.448E-02  1.393E-02  1.339E-02  1.286E-02  1.234E-02  1.183E-02  1.134E-02  1.085E-02  1.037E-02  9.906E-03  9.451E-03  9.007E-03  8.574E-03  8.153E-03  7.743E-03  7.345E-03  6.958E-03  6.582E-03  6.220E-03  5.868E-03  5.528E-03  5.200E-03  4.884E-03  4.579E-03  4.288E-03  4.007E-03  3.739E-03  3.482E-03  3.237E-03  3.004E-03  2.783E-03  2.573E-03  2.373E-03  2.185E-03  2.008E-03  1.841E-03  1.685E-03  1.538E-03  1.401E-03  1.273E-03  1.155E-03  1.046E-03  9.397E-04  8.300E-04  7.390E-04  6.612E-04  5.954E-04  5.200E-04
  320.5000  2.878E-02  2.794E-02  2.710E-02  2.628E-02  2.547E-02  2.467E-02  2.389E-02  2.311E-02  2.234E-02  2.159E-02  2.085E-02  2.012E-02  1.940E-02  1.869E-02  1.799E-02  1.731E-02  1.664E-02  1.598E-02  1.534E-02  1.471E-02  1.409E-02  1.348E-02  1.289E-02  1.231E-02  1.174E-02  1.118E-02  1.065E-02  1.012E-02  9.608E-03  9.110E-03  8.627E-03  8.159E-03  7.704E-03  7.264E-03  6.838E-03  6.427E-03  6.031E-03  5.651E-03  5.285E-03  4.934E-03  4.597E-03  4.276E-03  3.969E-03  3.678E-03  3.400E-03  3.137E-03  2.888E-03  2.653E-03  2.432E-03  2.224E-03  2.029E-03  1.847E-03  1.677E-03  1.520E-03  1.375E-03  1.234E-03  1.091E-03  9.683E-04  8.652E-04  7.781E-04  6.786E-04
  321.5000  2.971E-02  2.892E-02  2.814E-02  2.737E-02  2.661E-02  2.585E-02  2.511E-02  2.437E-02  2.364E-02  2.292E-02  2.221E-02  2.151E-02  2.081E-02  2.013E-02  1.945E-02  1.879E-02  1.813E-02  1.748E-02  1.684E-02  1.622E-02  1.560E-02  1.499E-02  1.439E-02  1.381E-02  1.323E-02  1.266E-02  1.211E-02  1.156E-02  1.103E-02  1.051E-02  9.998E-03  9.501E-03  9.014E-03  8.540E-03  8.078E-03  7.629E-03  7.193E-03  6.770E-03  6.360E-03  5.963E-03  5.580E-03  5.210E-03  4.854E-03  4.514E-03  4.186E-03  3.873E-03  3.574E-03  3.289E-03  3.020E-03  2.764E-03  2.523E-03  2.296E-03  2.084E-03  1.886E-03  1.704E-03  1.525E-03  1.343E-03  1.189E-03  1.058E-03  9.478E-04  8.225E-04
  322.5000  2.574E-02  2.500E-02  2.427E-02  2.355E-02  2.284E-02  2.213E-02  2.144E-02  2.076E-02  2.008E-02  1.942E-02  1.877E-02  1.812E-02  1.749E-02  1.686E-02  1.625E-02  1.564E-02  1.505E-02  1.446E-02  1.389E-02  1.333E-02  1.278E-02  1.224E-02  1.171E-02  1.119E-02  1.068E-02  1.019E-02  9.707E-03  9.235E-03  8.776E-03  8.328E-03  7.893E-03  7.471E-03  7.060E-03  6.662E-03  6.277E-03  5.905E-03  5.545E-03  5.199E-03  4.866E-03  4.545E-03  4.237E-03  3.943E-03  3.662E-03  3.394E-03  3.139E-03  2.897E-03  2.667E-03  2.450E-03  2.246E-03  2.053E-03  1.873E-03  1.704E-03  1.547E-03  1.401E-03  1.267E-03  1.136E-03  1.003E-03  8.897E-04  7.942E-04  7.137E-04  6.217E-04
  323.5000  3.363E-02  3.278E-02  3.194E-02  3.111E-02  3.029E-02  2.947E-02  2.866E-02  2.786E-02  2.707E-02  2.629E-02  2.551E-02  2.474E-02  2.398E-02  2.323E-02  2.249E-02  2.176E-02  2.104E-02  2.033E-02  1.962E-02  1.893E-02  1.824E-02  1.757E-02  1.690E-02  1.625E-02  1.560E-02  1.497E-02  1.435E-02  1.373E-02  1.313E-02  1.254E-02  1.196E-02  1.139E-02  1.084E-02  1.029E-02  9.763E-03  9.244E-03  8.738E-03  8.247E-03  7.768E-03  7.302E-03  6.851E-03  6.414E-03  5.991E-03  5.585E-03  5.192E-03  4.815E-03  4.453E-03  4.107E-03  3.778E-03  3.464E-03  3.166E-03  2.885E-03  2.621E-03  2.374E-03  2.145E-03  1.920E-03  1.690E-03  1.494E-03  1.329E-03  1.190E-03  1.031E-03
  324.5000  3.914E-02  3.814E-02  3.716E-02  3.618E-02  3.522E-02  3.426E-02  3.332E-02  3.238E-02  3.145E-02  3.054E-02  2.963E-02  2.873E-02  2.785E-02  2.697E-02  2.611E-02  2.525E-02  2.441E-02  2.358E-02  2.275E-02  2.194E-02  2.115E-02  2.036E-02  1.958E-02  1.882E-02  1.807E-02  1.733E-02  1.660E-02  1.589E-02  1.519E-02  1.450E-02  1.383E-02  1.317E-02  1.252E-02  1.189E-02  1.127E-02  1.067E-02  1.008E-02  9.512E-03  8.957E-03  8.418E-03  7.895E-03  7.389E-03  6.900E-03  6.429E-03  5.976E-03  5.540E-03  5.122E-03  4.723E-03  4.343E-03  3.982E-03  3.639E-03  3.316E-03  3.012E-03  2.728E-03  2.466E-03  2.207E-03  1.943E-03  1.718E-03  1.529E-03  1.369E-03  1.186E-03
  325.5000  4.255E-02  4.145E-02  4.036E-02  3.928E-02  3.822E-02  3.716E-02  3.611E-02  3.508E-02  3.405E-02  3.304E-02  3.204E-02  3.105E-02  3.008E-02  2.911E-02  2.816E-02  2.722E-02  2.629E-02  2.538E-02  2.447E-02  2.358E-02  2.271E-02  2.184E-02  2.099E-02  2.016E-02  1.934E-02  1.853E-02  1.774E-02  1.696E-02  1.619E-02  1.545E-02  1.471E-02  1.400E-02  1.330E-02  1.261E-02  1.195E-02  1.129E-02  1.066E-02  1.005E-02  9.450E-03  8.871E-03  8.310E-03  7.769E-03  7.246E-03  6.744E-03  6.261E-03  5.798E-03  5.355E-03  4.933E-03  4.532E-03  4.151E-03  3.790E-03  3.451E-03  3.132E-03  2.835E-03  2.561E-03  2.292E-03  2.017E-03  1.784E-03  1.587E-03  1.421E-03  1.232E-03
  326.5000  6.049E-02  5.908E-02  5.767E-02  5.628E-02  5.489E-02  5.352E-02  5.216E-02  5.081E-02  4.948E-02  4.816E-02  4.684E-02  4.554E-02  4.425E-02  4.298E-02  4.171E-02  4.047E-02  3.923E-02  3.800E-02  3.679E-02  3.559E-02  3.441E-02  3.324E-02  3.208E-02  3.094E-02  2.981E-02  2.870E-02  2.760E-02  2.652E-02  2.545E-02  2.440E-02  2.336E-02  2.234E-02  2.134E-02  2.036E-02  1.939E-02  1.844E-02  1.751E-02  1.660E-02  1.571E-02  1.484E-02  1.399E-02  1.316E-02  1.235E-02  1.157E-02  1.081E-02  1.008E-02  9.365E-03  8.679E-03  8.021E-03  7.389E-03  6.784E-03  6.208E-03  5.662E-03  5.148E-03  4.668E-03  4.189E-03  3.692E-03  3.270E-03  2.914E-03  2.612E-03  2.262E-03
  327.5000  5.352E-02  5.222E-02  5.094E-02  4.966E-02  4.840E-02  4.715E-02  4.591E-02  4.468E-02  4.346E-02  4.225E-02  4.106E-02  3.988E-02  3.871E-02  3.755E-02  3.640E-02  3.527E-02  3.415E-02  3.304E-02  3.195E-02  3.087E-02  2.980E-02  2.875E-02  2.771E-02  2.668E-02  2.567E-02  2.467E-02  2.369E-02  2.272E-02  2.177E-02  2.083E-02  1.991E-02  1.901E-02  1.812E-02  1.725E-02  1.640E-02  1.557E-02  1.475E-02  1.395E-02  1.318E-02  1.242E-02  1.168E-02  1.096E-02  1.027E-02  9.595E-03  8.943E-03  8.314E-03  7.708E-03  7.127E-03  6.571E-03  6.039E-03  5.532E-03  5.051E-03  4.598E-03  4.172E-03  3.776E-03  3.384E-03  2.979E-03  2.636E-03  2.346E-03  2.102E-03  1.820E-03
  328.5000  4.954E-02  4.834E-02  4.715E-02  4.597E-02  4.480E-02  4.365E-02  4.250E-02  4.136E-02  4.023E-02  3.912E-02  3.801E-02  3.692E-02  3.584E-02  3.476E-02  3.370E-02  3.266E-02  3.162E-02  3.060E-02  2.958E-02  2.858E-02  2.760E-02  2.662E-02  2.566E-02  2.471E-02  2.377E-02  2.285E-02  2.194E-02  2.104E-02  2.016E-02  1.929E-02  1.844E-02  1.761E-02  1.678E-02  1.598E-02  1.519E-02  1.441E-02  1.366E-02  1.292E-02  1.220E-02  1.150E-02  1.081E-02  1.015E-02  9.505E-03  8.882E-03  8.278E-03  7.695E-03  7.133E-03  6.594E-03  6.079E-03  5.585E-03  5.115E-03  4.670E-03  4.249E-03  3.854E-03  3.488E-03  3.125E-03  2.750E-03  2.432E-03  2.164E-03  1.938E-03  1.677E-03
  329.5000  7.235E-02  7.073E-02  6.913E-02  6.753E-02  6.595E-02  6.438E-02  6.282E-02  6.127E-02  5.974E-02  5.822E-02  5.671E-02  5.521E-02  5.373E-02  5.226E-02  5.080E-02  4.936E-02  4.792E-02  4.650E-02  4.510E-02  4.371E-02  4.233E-02  4.097E-02  3.962E-02  3.828E-02  3.696E-02  3.565E-02  3.437E-02  3.309E-02  3.183E-02  3.059E-02  2.936E-02  2.815E-02  2.696E-02  2.579E-02  2.463E-02  2.349E-02  2.237E-02  2.128E-02  2.020E-02  1.914E-02  1.810E-02  1.709E-02  1.610E-02  1.513E-02  1.419E-02  1.327E-02  1.238E-02  1.152E-02  1.068E-02  9.877E-03  9.102E-03  8.361E-03  7.653E-03  6.983E-03  6.354E-03  5.720E-03  5.051E-03  4.485E-03  4.007E-03  3.603E-03  3.123E-03
  330.5000  6.266E-02  6.121E-02  5.977E-02  5.834E-02  5.693E-02  5.552E-02  5.412E-02  5.274E-02  5.137E-02  5.002E-02  4.867E-02  4.734E-02  4.601E-02  4.470E-02  4.341E-02  4.213E-02  4.085E-02  3.960E-02  3.835E-02  3.712E-02  3.590E-02  3.470E-02  3.351E-02  3.233E-02  3.116E-02  3.002E-02  2.889E-02  2.777E-02  2.666E-02  2.558E-02  2.451E-02  2.345E-02  2.242E-02  2.140E-02  2.039E-02  1.941E-02  1.844E-02  1.750E-02  1.657E-02  1.567E-02  1.478E-02  1.392E-02  1.308E-02  1.226E-02  1.146E-02  1.069E-02  9.944E-03  9.224E-03  8.531E-03  7.865E-03  7.227E-03  6.618E-03  6.041E-03  5.495E-03  4.987E-03  4.478E-03  3.947E-03  3.497E-03  3.118E-03  2.796E-03  2.421E-03
  331.5000  6.135E-02  5.992E-02  5.850E-02  5.709E-02  5.569E-02  5.431E-02  5.293E-02  5.157E-02  5.022E-02  4.889E-02  4.756E-02  4.625E-02  4.494E-02  4.366E-02  4.238E-02  4.112E-02  3.987E-02  3.863E-02  3.740E-02  3.619E-02  3.500E-02  3.381E-02  3.264E-02  3.148E-02  3.034E-02  2.921E-02  2.810E-02  2.701E-02  2.592E-02  2.486E-02  2.381E-02  2.278E-02  2.176E-02  2.076E-02  1.978E-02  1.882E-02  1.787E-02  1.695E-02  1.604E-02  1.516E-02  1.429E-02  1.345E-02  1.263E-02  1.183E-02  1.106E-02  1.031E-02  9.580E-03  8.880E-03  8.208E-03  7.562E-03  6.944E-03  6.355E-03  5.796E-03  5.269E-03  4.778E-03  4.288E-03  3.778E-03  3.345E-03  2.980E-03  2.672E-03  2.312E-03
  332.5000  6.585E-02  6.441E-02  6.297E-02  6.154E-02  6.013E-02  5.872E-02  5.733E-02  5.594E-02  5.457E-02  5.321E-02  5.186E-02  5.051E-02  4.918E-02  4.786E-02  4.655E-02  4.526E-02  4.398E-02  4.270E-02  4.144E-02  4.019E-02  3.895E-02  3.772E-02  3.651E-02  3.530E-02  3.411E-02  3.294E-02  3.177E-02  3.062E-02  2.948E-02  2.836E-02  2.725E-02  2.615E-02  2.507E-02  2.401E-02  2.295E-02  2.192E-02  2.090E-02  1.990E-02  1.891E-02  1.795E-02  1.700E-02  1.607E-02  1.516E-02  1.427E-02  1.340E-02  1.255E-02  1.173E-02  1.093E-02  1.015E-02  9.403E-03  8.681E-03  7.986E-03  7.323E-03  6.692E-03  6.099E-03  5.498E-03  4.861E-03  4.322E-03  3.866E-03  3.481E-03  3.020E-03
  333.5000  5.969E-02  5.835E-02  5.701E-02  5.568E-02  5.437E-02  5.306E-02  5.176E-02  5.048E-02  4.920E-02  4.794E-02  4.669E-02  4.544E-02  4.421E-02  4.299E-02  4.178E-02  4.058E-02  3.939E-02  3.821E-02  3.705E-02  3.589E-02  3.475E-02  3.362E-02  3.250E-02  3.140E-02  3.030E-02  2.922E-02  2.816E-02  2.710E-02  2.606E-02  2.503E-02  2.402E-02  2.302E-02  2.203E-02  2.106E-02  2.011E-02  1.917E-02  1.824E-02  1.734E-02  1.645E-02  1.558E-02  1.473E-02  1.389E-02  1.308E-02  1.228E-02  1.151E-02  1.076E-02  1.003E-02  9.320E-03  8.638E-03  7.980E-03  7.348E-03  6.743E-03  6.167E-03  5.621E-03  5.110E-03  4.596E-03  4.056E-03  3.598E-03  3.212E-03  2.885E-03  2.500E-03
  334.5000  6.802E-02  6.650E-02  6.500E-02  6.351E-02  6.203E-02  6.056E-02  5.910E-02  5.765E-02  5.621E-02  5.479E-02  5.338E-02  5.198E-02  5.059E-02  4.921E-02  4.785E-02  4.650E-02  4.516E-02  4.383E-02  4.251E-02  4.121E-02  3.992E-02  3.864E-02  3.738E-02  3.612E-02  3.489E-02  3.366E-02  3.245E-02  3.126E-02  3.008E-02  2.891E-02  2.776E-02  2.662E-02  2.550E-02  2.440E-02  2.331E-02  2.224E-02  2.119E-02  2.016E-02  1.914E-02  1.814E-02  1.717E-02  1.621E-02  1.527E-02  1.436E-02  1.347E-02  1.261E-02  1.176E-02  1.095E-02  1.016E-02  9.395E-03  8.661E-03  7.957E-03  7.285E-03  6.648E-03  6.051E-03  5.448E-03  4.810E-03  4.271E-03  3.816E-03  3.431E-03  2.974E-03
  335.5000  7.187E-02  7.031E-02  6.877E-02  6.724E-02  6.572E-02  6.421E-02  6.271E-02  6.122E-02  5.974E-02  5.828E-02  5.683E-02  5.538E-02  5.395E-02  5.253E-02  5.112E-02  4.973E-02  4.834E-02  4.697E-02  4.561E-02  4.426E-02  4.292E-02  4.160E-02  4.029E-02  3.899E-02  3.770E-02  3.643E-02  3.517E-02  3.392E-02  3.269E-02  3.147E-02  3.026E-02  2.908E-02  2.790E-02  2.674E-02  2.560E-02  2.447E-02  2.335E-02  2.226E-02  2.119E-02  2.013E-02  1.909E-02  1.806E-02  1.706E-02  1.609E-02  1.513E-02  1.419E-02  1.328E-02  1.239E-02  1.153E-02  1.070E-02  9.891E-03  9.115E-03  8.371E-03  7.662E-03  6.995E-03  6.315E-03  5.588E-03  4.975E-03  4.457E-03  4.019E-03  3.489E-03
  336.5000  5.556E-02  5.435E-02  5.314E-02  5.195E-02  5.076E-02  4.959E-02  4.842E-02  4.726E-02  4.610E-02  4.496E-02  4.383E-02  4.271E-02  4.159E-02  4.049E-02  3.939E-02  3.830E-02  3.723E-02  3.616E-02  3.510E-02  3.405E-02  3.301E-02  3.198E-02  3.096E-02  2.995E-02  2.895E-02  2.796E-02  2.698E-02  2.602E-02  2.506E-02  2.411E-02  2.318E-02  2.226E-02  2.135E-02  2.045E-02  1.956E-02  1.869E-02  1.783E-02  1.698E-02  1.615E-02  1.533E-02  1.453E-02  1.374E-02  1.297E-02  1.222E-02  1.148E-02  1.076E-02  1.006E-02  9.382E-03  8.723E-03  8.084E-03  7.467E-03  6.874E-03  6.307E-03  5.767E-03  5.259E-03  4.744E-03  4.195E-03  3.731E-03  3.339E-03  3.008E-03  2.609E-03
  337.5000  5.931E-02  5.799E-02  5.668E-02  5.538E-02  5.408E-02  5.280E-02  5.153E-02  5.027E-02  4.901E-02  4.777E-02  4.654E-02  4.532E-02  4.411E-02  4.291E-02  4.171E-02  4.054E-02  3.937E-02  3.821E-02  3.706E-02  3.592E-02  3.480E-02  3.369E-02  3.258E-02  3.149E-02  3.041E-02  2.935E-02  2.829E-02  2.725E-02  2.622E-02  2.520E-02  2.420E-02  2.321E-02  2.223E-02  2.127E-02  2.032E-02  1.939E-02  1.847E-02  1.757E-02  1.668E-02  1.581E-02  1.496E-02  1.413E-02  1.331E-02  1.252E-02  1.174E-02  1.098E-02  1.025E-02  9.536E-03  8.848E-03  8.182E-03  7.542E-03  6.928E-03  6.342E-03  5.786E-03  5.265E-03  4.739E-03  4.184E-03  3.714E-03  3.317E-03  2.982E-03  2.583E-03
  338.5000  6.539E-02  6.398E-02  6.257E-02  6.118E-02  5.980E-02  5.843E-02  5.706E-02  5.571E-02  5.437E-02  5.304E-02  5.172E-02  5.041E-02  4.911E-02  4.782E-02  4.654E-02  4.527E-02  4.401E-02  4.276E-02  4.153E-02  4.030E-02  3.909E-02  3.788E-02  3.669E-02  3.551E-02  3.434E-02  3.318E-02  3.204E-02  3.091E-02  2.979E-02  2.868E-02  2.758E-02  2.650E-02  2.543E-02  2.438E-02  2.334E-02  2.231E-02  2.130E-02  2.030E-02  1.932E-02  1.836E-02  1.741E-02  1.648E-02  1.557E-02  1.468E-02  1.381E-02  1.295E-02  1.212E-02  1.131E-02  1.053E-02  9.766E-03  9.030E-03  8.322E-03  7.643E-03  6.996E-03  6.386E-03  5.765E-03  5.102E-03  4.541E-03  4.068E-03  3.668E-03  3.183E-03
  339.5000  7.155E-02  7.001E-02  6.848E-02  6.696E-02  6.546E-02  6.396E-02  6.247E-02  6.100E-02  5.954E-02  5.809E-02  5.665E-02  5.522E-02  5.380E-02  5.239E-02  5.100E-02  4.962E-02  4.825E-02  4.688E-02  4.554E-02  4.420E-02  4.288E-02  4.156E-02  4.026E-02  3.897E-02  3.770E-02  3.643E-02  3.518E-02  3.395E-02  3.272E-02  3.151E-02  3.031E-02  2.913E-02  2.797E-02  2.681E-02  2.567E-02  2.455E-02  2.344E-02  2.236E-02  2.128E-02  2.023E-02  1.919E-02  1.817E-02  1.717E-02  1.620E-02  1.524E-02  1.430E-02  1.339E-02  1.250E-02  1.164E-02  1.080E-02  9.991E-03  9.211E-03  8.463E-03  7.750E-03  7.078E-03  6.392E-03  5.658E-03  5.037E-03  4.514E-03  4.072E-03  3.535E-03
  340.5000  7.536E-02  7.372E-02  7.209E-02  7.048E-02  6.887E-02  6.728E-02  6.570E-02  6.413E-02  6.257E-02  6.103E-02  5.949E-02  5.797E-02  5.646E-02  5.497E-02  5.348E-02  5.201E-02  5.056E-02  4.911E-02  4.768E-02  4.626E-02  4.485E-02  4.346E-02  4.208E-02  4.071E-02  3.936E-02  3.802E-02  3.669E-02  3.538E-02  3.409E-02  3.281E-02  3.154E-02  3.029E-02  2.906E-02  2.784E-02  2.664E-02  2.545E-02  2.429E-02  2.314E-02  2.201E-02  2.090E-02  1.981E-02  1.874E-02  1.769E-02  1.667E-02  1.567E-02  1.469E-02  1.374E-02  1.281E-02  1.191E-02  1.104E-02  1.020E-02  9.390E-03  8.616E-03  7.879E-03  7.186E-03  6.481E-03  5.731E-03  5.096E-03  4.561E-03  4.108E-03  3.563E-03
  341.5000  6.846E-02  6.700E-02  6.554E-02  6.410E-02  6.266E-02  6.123E-02  5.982E-02  5.841E-02  5.702E-02  5.564E-02  5.427E-02  5.290E-02  5.155E-02  5.021E-02  4.888E-02  4.757E-02  4.626E-02  4.496E-02  4.367E-02  4.240E-02  4.114E-02  3.989E-02  3.864E-02  3.741E-02  3.620E-02  3.499E-02  3.380E-02  3.262E-02  3.145E-02  3.029E-02  2.915E-02  2.802E-02  2.691E-02  2.580E-02  2.472E-02  2.364E-02  2.258E-02  2.154E-02  2.052E-02  1.951E-02  1.851E-02  1.754E-02  1.658E-02  1.564E-02  1.472E-02  1.382E-02  1.295E-02  1.209E-02  1.126E-02  1.046E-02  9.679E-03  8.928E-03  8.207E-03  7.518E-03  6.870E-03  6.206E-03  5.495E-03  4.894E-03  4.388E-03  3.960E-03  3.438E-03
  342.5000  7.620E-02  7.457E-02  7.296E-02  7.136E-02  6.976E-02  6.818E-02  6.661E-02  6.505E-02  6.350E-02  6.197E-02  6.044E-02  5.893E-02  5.743E-02  5.594E-02  5.447E-02  5.300E-02  5.155E-02  5.011E-02  4.868E-02  4.727E-02  4.587E-02  4.448E-02  4.310E-02  4.173E-02  4.038E-02  3.904E-02  3.772E-02  3.640E-02  3.510E-02  3.382E-02  3.255E-02  3.130E-02  3.005E-02  2.883E-02  2.762E-02  2.642E-02  2.525E-02  2.409E-02  2.294E-02  2.182E-02  2.071E-02  1.962E-02  1.856E-02  1.751E-02  1.649E-02  1.549E-02  1.451E-02  1.356E-02  1.263E-02  1.173E-02  1.086E-02  1.002E-02  9.213E-03  8.443E-03  7.716E-03  6.973E-03  6.176E-03  5.501E-03  4.933E-03  4.453E-03  3.867E-03
  343.5000  7.863E-02  7.693E-02  7.526E-02  7.359E-02  7.194E-02  7.030E-02  6.867E-02  6.705E-02  6.544E-02  6.385E-02  6.227E-02  6.071E-02  5.915E-02  5.761E-02  5.608E-02  5.456E-02  5.306E-02  5.156E-02  5.008E-02  4.862E-02  4.717E-02  4.572E-02  4.430E-02  4.288E-02  4.148E-02  4.010E-02  3.873E-02  3.737E-02  3.603E-02  3.470E-02  3.338E-02  3.209E-02  3.080E-02  2.954E-02  2.829E-02  2.705E-02  2.584E-02  2.464E-02  2.346E-02  2.230E-02  2.116E-02  2.004E-02  1.894E-02  1.787E-02  1.681E-02  1.578E-02  1.478E-02  1.380E-02  1.285E-02  1.192E-02  1.103E-02  1.017E-02  9.345E-03  8.558E-03  7.816E-03  7.058E-03  6.247E-03  5.561E-03  4.983E-03  4.494E-03  3.900E-03
  344.5000  5.469E-02  5.351E-02  5.234E-02  5.117E-02  5.001E-02  4.886E-02  4.772E-02  4.659E-02  4.547E-02  4.436E-02  4.325E-02  4.215E-02  4.106E-02  3.998E-02  3.891E-02  3.786E-02  3.680E-02  3.576E-02  3.473E-02  3.370E-02  3.269E-02  3.168E-02  3.068E-02  2.970E-02  2.872E-02  2.775E-02  2.680E-02  2.585E-02  2.491E-02  2.398E-02  2.307E-02  2.216E-02  2.127E-02  2.039E-02  1.952E-02  1.866E-02  1.781E-02  1.698E-02  1.616E-02  1.535E-02  1.456E-02  1.378E-02  1.302E-02  1.227E-02  1.154E-02  1.083E-02  1.013E-02  9.454E-03  8.797E-03  8.159E-03  7.543E-03  6.949E-03  6.380E-03  5.838E-03  5.328E-03  4.808E-03  4.252E-03  3.783E-03  3.387E-03  3.052E-03  2.647E-03
  345.5000  7.659E-02  7.496E-02  7.334E-02  7.173E-02  7.014E-02  6.855E-02  6.698E-02  6.542E-02  6.387E-02  6.233E-02  6.081E-02  5.929E-02  5.779E-02  5.630E-02  5.482E-02  5.335E-02  5.190E-02  5.046E-02  4.903E-02  4.761E-02  4.621E-02  4.481E-02  4.343E-02  4.206E-02  4.071E-02  3.936E-02  3.804E-02  3.672E-02  3.542E-02  3.413E-02  3.286E-02  3.160E-02  3.035E-02  2.912E-02  2.791E-02  2.671E-02  2.553E-02  2.436E-02  2.321E-02  2.208E-02  2.097E-02  1.987E-02  1.880E-02  1.775E-02  1.672E-02  1.571E-02  1.472E-02  1.376E-02  1.283E-02  1.192E-02  1.104E-02  1.019E-02  9.370E-03  8.590E-03  7.854E-03  7.100E-03  6.289E-03  5.604E-03  5.026E-03  4.539E-03  3.941E-03
  346.5000  7.079E-02  6.927E-02  6.775E-02  6.626E-02  6.476E-02  6.328E-02  6.182E-02  6.036E-02  5.891E-02  5.748E-02  5.606E-02  5.465E-02  5.325E-02  5.186E-02  5.048E-02  4.911E-02  4.776E-02  4.642E-02  4.508E-02  4.376E-02  4.246E-02  4.116E-02  3.988E-02  3.860E-02  3.734E-02  3.610E-02  3.486E-02  3.364E-02  3.243E-02  3.124E-02  3.005E-02  2.889E-02  2.773E-02  2.659E-02  2.547E-02  2.436E-02  2.326E-02  2.219E-02  2.112E-02  2.008E-02  1.905E-02  1.804E-02  1.705E-02  1.608E-02  1.513E-02  1.421E-02  1.330E-02  1.242E-02  1.156E-02  1.073E-02  9.927E-03  9.151E-03  8.407E-03  7.698E-03  7.029E-03  6.347E-03  5.616E-03  4.998E-03  4.477E-03  4.037E-03  3.502E-03
  347.5000  6.932E-02  6.783E-02  6.635E-02  6.488E-02  6.342E-02  6.198E-02  6.054E-02  5.912E-02  5.770E-02  5.630E-02  5.491E-02  5.353E-02  5.216E-02  5.080E-02  4.945E-02  4.811E-02  4.679E-02  4.547E-02  4.417E-02  4.288E-02  4.160E-02  4.033E-02  3.908E-02  3.783E-02  3.660E-02  3.538E-02  3.417E-02  3.298E-02  3.179E-02  3.062E-02  2.946E-02  2.832E-02  2.719E-02  2.608E-02  2.497E-02  2.389E-02  2.282E-02  2.176E-02  2.072E-02  1.970E-02  1.869E-02  1.770E-02  1.673E-02  1.579E-02  1.486E-02  1.395E-02  1.306E-02  1.219E-02  1.135E-02  1.054E-02  9.749E-03  8.989E-03  8.259E-03  7.563E-03  6.906E-03  6.236E-03  5.518E-03  4.911E-03  4.399E-03  3.967E-03  3.441E-03
  348.5000  7.659E-02  7.495E-02  7.332E-02  7.170E-02  7.010E-02  6.850E-02  6.692E-02  6.535E-02  6.379E-02  6.225E-02  6.072E-02  5.919E-02  5.768E-02  5.619E-02  5.470E-02  5.323E-02  5.177E-02  5.032E-02  4.889E-02  4.746E-02  4.606E-02  4.466E-02  4.327E-02  4.190E-02  4.054E-02  3.920E-02  3.787E-02  3.655E-02  3.524E-02  3.395E-02  3.268E-02  3.142E-02  3.017E-02  2.894E-02  2.772E-02  2.652E-02  2.534E-02  2.417E-02  2.302E-02  2.189E-02  2.078E-02  1.969E-02  1.861E-02  1.757E-02  1.654E-02  1.553E-02  1.454E-02  1.359E-02  1.266E-02  1.175E-02  1.087E-02  1.003E-02  9.219E-03  8.445E-03  7.715E-03  6.969E-03  6.169E-03  5.492E-03  4.921E-03  4.439E-03  3.852E-03
  349.5000  6.419E-02  6.281E-02  6.144E-02  6.009E-02  5.874E-02  5.741E-02  5.608E-02  5.476E-02  5.346E-02  5.216E-02  5.088E-02  4.960E-02  4.833E-02  4.708E-02  4.583E-02  4.460E-02  4.338E-02  4.216E-02  4.096E-02  3.977E-02  3.859E-02  3.742E-02  3.625E-02  3.510E-02  3.396E-02  3.284E-02  3.172E-02  3.062E-02  2.952E-02  2.844E-02  2.737E-02  2.631E-02  2.527E-02  2.424E-02  2.322E-02  2.221E-02  2.122E-02  2.024E-02  1.928E-02  1.833E-02  1.740E-02  1.648E-02  1.559E-02  1.471E-02  1.384E-02  1.300E-02  1.217E-02  1.137E-02  1.059E-02  9.834E-03  9.100E-03  8.393E-03  7.713E-03  7.065E-03  6.453E-03  5.829E-03  5.158E-03  4.592E-03  4.114E-03  3.710E-03  3.219E-03
  350.5000  9.003E-02  8.810E-02  8.618E-02  8.428E-02  8.239E-02  8.052E-02  7.866E-02  7.681E-02  7.498E-02  7.317E-02  7.137E-02  6.958E-02  6.780E-02  6.604E-02  6.430E-02  6.257E-02  6.086E-02  5.915E-02  5.747E-02  5.580E-02  5.414E-02  5.250E-02  5.087E-02  4.926E-02  4.766E-02  4.608E-02  4.452E-02  4.297E-02  4.144E-02  3.992E-02  3.842E-02  3.694E-02  3.547E-02  3.403E-02  3.260E-02  3.119E-02  2.980E-02  2.843E-02  2.708E-02  2.575E-02  2.444E-02  2.315E-02  2.189E-02  2.066E-02  1.945E-02  1.826E-02  1.711E-02  1.598E-02  1.489E-02  1.382E-02  1.279E-02  1.180E-02  1.084E-02  9.931E-03  9.072E-03  8.194E-03  7.252E-03  6.455E-03  5.783E-03  5.216E-03  4.525E-03
  351.5000  7.751E-02  7.584E-02  7.419E-02  7.256E-02  7.093E-02  6.931E-02  6.771E-02  6.612E-02  6.454E-02  6.297E-02  6.142E-02  5.988E-02  5.835E-02  5.683E-02  5.533E-02  5.384E-02  5.236E-02  5.089E-02  4.944E-02  4.800E-02  4.657E-02  4.516E-02  4.376E-02  4.237E-02  4.099E-02  3.963E-02  3.828E-02  3.695E-02  3.563E-02  3.432E-02  3.303E-02  3.175E-02  3.049E-02  2.925E-02  2.801E-02  2.680E-02  2.560E-02  2.442E-02  2.326E-02  2.212E-02  2.099E-02  1.988E-02  1.880E-02  1.774E-02  1.670E-02  1.568E-02  1.468E-02  1.371E-02  1.277E-02  1.185E-02  1.097E-02  1.011E-02  9.294E-03  8.512E-03  7.773E-03  7.019E-03  6.211E-03  5.527E-03  4.950E-03  4.464E-03  3.871E-03
  352.5000  7.005E-02  6.855E-02  6.706E-02  6.558E-02  6.411E-02  6.265E-02  6.120E-02  5.977E-02  5.834E-02  5.693E-02  5.552E-02  5.413E-02  5.275E-02  5.138E-02  5.002E-02  4.868E-02  4.734E-02  4.602E-02  4.471E-02  4.341E-02  4.212E-02  4.084E-02  3.958E-02  3.832E-02  3.708E-02  3.585E-02  3.463E-02  3.343E-02  3.223E-02  3.105E-02  2.989E-02  2.874E-02  2.760E-02  2.647E-02  2.536E-02  2.426E-02  2.318E-02  2.211E-02  2.106E-02  2.003E-02  1.901E-02  1.801E-02  1.703E-02  1.607E-02  1.513E-02  1.420E-02  1.330E-02  1.243E-02  1.157E-02  1.075E-02  9.944E-03  9.171E-03  8.428E-03  7.719E-03  7.050E-03  6.366E-03  5.634E-03  5.014E-03  4.491E-03  4.049E-03  3.512E-03
  353.5000  8.458E-02  8.277E-02  8.097E-02  7.919E-02  7.741E-02  7.566E-02  7.391E-02  7.218E-02  7.046E-02  6.876E-02  6.706E-02  6.539E-02  6.372E-02  6.207E-02  6.043E-02  5.881E-02  5.720E-02  5.561E-02  5.402E-02  5.245E-02  5.090E-02  4.936E-02  4.784E-02  4.632E-02  4.483E-02  4.334E-02  4.188E-02  4.042E-02  3.898E-02  3.756E-02  3.615E-02  3.476E-02  3.339E-02  3.203E-02  3.069E-02  2.936E-02  2.806E-02  2.677E-02  2.550E-02  2.425E-02  2.302E-02  2.182E-02  2.063E-02  1.947E-02  1.833E-02  1.722E-02  1.613E-02  1.507E-02  1.404E-02  1.304E-02  1.206E-02  1.113E-02  1.023E-02  9.370E-03  8.560E-03  7.731E-03  6.842E-03  6.090E-03  5.455E-03  4.920E-03  4.267E-03
  354.5000  9.178E-02  8.981E-02  8.786E-02  8.593E-02  8.401E-02  8.210E-02  8.021E-02  7.833E-02  7.647E-02  7.463E-02  7.279E-02  7.097E-02  6.917E-02  6.738E-02  6.561E-02  6.385E-02  6.211E-02  6.038E-02  5.866E-02  5.696E-02  5.528E-02  5.361E-02  5.195E-02  5.032E-02  4.869E-02  4.708E-02  4.550E-02  4.392E-02  4.236E-02  4.082E-02  3.929E-02  3.778E-02  3.629E-02  3.482E-02  3.336E-02  3.193E-02  3.051E-02  2.912E-02  2.774E-02  2.638E-02  2.505E-02  2.374E-02  2.245E-02  2.119E-02  1.995E-02  1.874E-02  1.756E-02  1.641E-02  1.529E-02  1.420E-02  1.314E-02  1.213E-02  1.115E-02  1.021E-02  9.331E-03  8.429E-03  7.460E-03  6.641E-03  5.949E-03  5.366E-03  4.654E-03
  355.5000  8.584E-02  8.400E-02  8.218E-02  8.037E-02  7.858E-02  7.679E-02  7.502E-02  7.326E-02  7.152E-02  6.980E-02  6.808E-02  6.638E-02  6.469E-02  6.302E-02  6.136E-02  5.972E-02  5.809E-02  5.647E-02  5.487E-02  5.328E-02  5.170E-02  5.014E-02  4.859E-02  4.706E-02  4.554E-02  4.404E-02  4.256E-02  4.108E-02  3.962E-02  3.818E-02  3.675E-02  3.534E-02  3.395E-02  3.257E-02  3.121E-02  2.987E-02  2.854E-02  2.724E-02  2.595E-02  2.468E-02  2.343E-02  2.221E-02  2.100E-02  1.983E-02  1.867E-02  1.754E-02  1.643E-02  1.535E-02  1.430E-02  1.328E-02  1.230E-02  1.134E-02  1.043E-02  9.554E-03  8.729E-03  7.885E-03  6.978E-03  6.211E-03  5.564E-03  5.018E-03  4.352E-03
  356.5000  7.970E-02  7.800E-02  7.630E-02  7.462E-02  7.295E-02  7.130E-02  6.965E-02  6.802E-02  6.640E-02  6.480E-02  6.321E-02  6.163E-02  6.006E-02  5.851E-02  5.696E-02  5.544E-02  5.393E-02  5.242E-02  5.093E-02  4.946E-02  4.800E-02  4.655E-02  4.511E-02  4.369E-02  4.228E-02  4.088E-02  3.950E-02  3.814E-02  3.678E-02  3.544E-02  3.412E-02  3.281E-02  3.152E-02  3.024E-02  2.897E-02  2.772E-02  2.649E-02  2.528E-02  2.409E-02  2.291E-02  2.175E-02  2.061E-02  1.950E-02  1.840E-02  1.733E-02  1.628E-02  1.525E-02  1.425E-02  1.328E-02  1.233E-02  1.141E-02  1.053E-02  9.677E-03  8.865E-03  8.099E-03  7.315E-03  6.473E-03  5.761E-03  5.160E-03  4.654E-03  4.035E-03
  357.5000  6.779E-02  6.634E-02  6.490E-02  6.347E-02  6.205E-02  6.064E-02  5.924E-02  5.785E-02  5.647E-02  5.511E-02  5.375E-02  5.241E-02  5.108E-02  4.975E-02  4.844E-02  4.715E-02  4.586E-02  4.458E-02  4.331E-02  4.206E-02  4.081E-02  3.958E-02  3.836E-02  3.715E-02  3.595E-02  3.476E-02  3.359E-02  3.243E-02  3.127E-02  3.013E-02  2.901E-02  2.790E-02  2.679E-02  2.571E-02  2.463E-02  2.357E-02  2.252E-02  2.149E-02  2.048E-02  1.948E-02  1.849E-02  1.752E-02  1.657E-02  1.564E-02  1.473E-02  1.383E-02  1.296E-02  1.211E-02  1.128E-02  1.048E-02  9.696E-03  8.944E-03  8.221E-03  7.530E-03  6.879E-03  6.212E-03  5.497E-03  4.892E-03  4.381E-03  3.950E-03  3.424E-03
  358.5000  5.240E-02  5.128E-02  5.016E-02  4.906E-02  4.796E-02  4.687E-02  4.579E-02  4.472E-02  4.365E-02  4.260E-02  4.155E-02  4.051E-02  3.948E-02  3.846E-02  3.745E-02  3.645E-02  3.545E-02  3.446E-02  3.349E-02  3.252E-02  3.156E-02  3.060E-02  2.966E-02  2.873E-02  2.780E-02  2.688E-02  2.598E-02  2.508E-02  2.419E-02  2.331E-02  2.244E-02  2.158E-02  2.073E-02  1.989E-02  1.906E-02  1.824E-02  1.743E-02  1.663E-02  1.585E-02  1.507E-02  1.431E-02  1.356E-02  1.283E-02  1.211E-02  1.140E-02  1.071E-02  1.003E-02  9.375E-03  8.736E-03  8.113E-03  7.509E-03  6.927E-03  6.367E-03  5.833E-03  5.328E-03  4.812E-03  4.258E-03  3.789E-03  3.394E-03  3.060E-03  2.653E-03
  359.5000  8.824E-02  8.635E-02  8.447E-02  8.261E-02  8.076E-02  7.893E-02  7.711E-02  7.530E-02  7.351E-02  7.173E-02  6.997E-02  6.822E-02  6.649E-02  6.477E-02  6.306E-02  6.137E-02  5.970E-02  5.803E-02  5.638E-02  5.475E-02  5.314E-02  5.153E-02  4.994E-02  4.837E-02  4.681E-02  4.527E-02  4.374E-02  4.223E-02  4.073E-02  3.925E-02  3.778E-02  3.634E-02  3.490E-02  3.349E-02  3.209E-02  3.071E-02  2.935E-02  2.801E-02  2.668E-02  2.538E-02  2.410E-02  2.284E-02  2.160E-02  2.039E-02  1.920E-02  1.803E-02  1.690E-02  1.579E-02  1.471E-02  1.366E-02  1.264E-02  1.166E-02  1.072E-02  9.820E-03  8.970E-03  8.101E-03  7.168E-03  6.378E-03  5.711E-03  5.149E-03  4.463E-03
  360.5000  8.186E-02  8.010E-02  7.836E-02  7.663E-02  7.492E-02  7.321E-02  7.152E-02  6.985E-02  6.818E-02  6.654E-02  6.490E-02  6.328E-02  6.167E-02  6.007E-02  5.849E-02  5.693E-02  5.537E-02  5.383E-02  5.230E-02  5.078E-02  4.929E-02  4.780E-02  4.633E-02  4.487E-02  4.342E-02  4.199E-02  4.057E-02  3.917E-02  3.778E-02  3.641E-02  3.505E-02  3.371E-02  3.238E-02  3.106E-02  2.977E-02  2.849E-02  2.722E-02  2.598E-02  2.475E-02  2.355E-02  2.236E-02  2.119E-02  2.004E-02  1.892E-02  1.781E-02  1.673E-02  1.568E-02  1.465E-02  1.365E-02  1.267E-02  1.173E-02  1.082E-02  9.945E-03  9.109E-03  8.320E-03  7.514E-03  6.648E-03  5.915E-03  5.296E-03  4.774E-03  4.138E-03
  361.5000  7.389E-02  7.231E-02  7.073E-02  6.918E-02  6.763E-02  6.609E-02  6.457E-02  6.305E-02  6.155E-02  6.007E-02  5.859E-02  5.713E-02  5.567E-02  5.423E-02  5.280E-02  5.139E-02  4.999E-02  4.860E-02  4.722E-02  4.585E-02  4.450E-02  4.316E-02  4.183E-02  4.051E-02  3.921E-02  3.791E-02  3.664E-02  3.537E-02  3.412E-02  3.288E-02  3.165E-02  3.044E-02  2.924E-02  2.806E-02  2.689E-02  2.573E-02  2.459E-02  2.347E-02  2.236E-02  2.127E-02  2.020E-02  1.914E-02  1.811E-02  1.709E-02  1.610E-02  1.512E-02  1.417E-02  1.324E-02  1.233E-02  1.145E-02  1.060E-02  9.780E-03  8.990E-03  8.235E-03  7.522E-03  6.793E-03  6.010E-03  5.347E-03  4.787E-03  4.316E-03  3.740E-03
  362.5000  8.686E-02  8.500E-02  8.315E-02  8.132E-02  7.949E-02  7.769E-02  7.589E-02  7.412E-02  7.235E-02  7.061E-02  6.887E-02  6.715E-02  6.544E-02  6.375E-02  6.207E-02  6.041E-02  5.876E-02  5.713E-02  5.551E-02  5.390E-02  5.231E-02  5.073E-02  4.917E-02  4.762E-02  4.609E-02  4.457E-02  4.307E-02  4.159E-02  4.011E-02  3.866E-02  3.721E-02  3.579E-02  3.438E-02  3.299E-02  3.162E-02  3.026E-02  2.892E-02  2.760E-02  2.630E-02  2.502E-02  2.375E-02  2.251E-02  2.130E-02  2.010E-02  1.893E-02  1.778E-02  1.666E-02  1.557E-02  1.451E-02  1.347E-02  1.247E-02  1.150E-02  1.057E-02  9.686E-03  8.847E-03  7.990E-03  7.069E-03  6.289E-03  5.630E-03  5.075E-03  4.398E-03
  363.5000  7.733E-02  7.567E-02  7.402E-02  7.239E-02  7.077E-02  6.916E-02  6.756E-02  6.598E-02  6.441E-02  6.285E-02  6.131E-02  5.977E-02  5.825E-02  5.675E-02  5.525E-02  5.378E-02  5.231E-02  5.085E-02  4.941E-02  4.798E-02  4.657E-02  4.516E-02  4.377E-02  4.240E-02  4.103E-02  3.968E-02  3.835E-02  3.702E-02  3.571E-02  3.441E-02  3.313E-02  3.186E-02  3.061E-02  2.937E-02  2.815E-02  2.694E-02  2.575E-02  2.457E-02  2.341E-02  2.227E-02  2.115E-02  2.005E-02  1.896E-02  1.790E-02  1.686E-02  1.583E-02  1.484E-02  1.386E-02  1.292E-02  1.200E-02  1.110E-02  1.024E-02  9.415E-03  8.624E-03  7.876E-03  7.113E-03  6.292E-03  5.598E-03  5.011E-03  4.517E-03  3.914E-03
  364.5000  8.439E-02  8.258E-02  8.078E-02  7.900E-02  7.723E-02  7.547E-02  7.373E-02  7.200E-02  7.028E-02  6.859E-02  6.690E-02  6.523E-02  6.357E-02  6.192E-02  6.029E-02  5.868E-02  5.708E-02  5.549E-02  5.391E-02  5.235E-02  5.081E-02  4.928E-02  4.776E-02  4.626E-02  4.477E-02  4.329E-02  4.184E-02  4.039E-02  3.896E-02  3.755E-02  3.615E-02  3.477E-02  3.340E-02  3.205E-02  3.071E-02  2.939E-02  2.809E-02  2.681E-02  2.555E-02  2.430E-02  2.308E-02  2.187E-02  2.069E-02  1.953E-02  1.839E-02  1.727E-02  1.619E-02  1.512E-02  1.409E-02  1.309E-02  1.211E-02  1.117E-02  1.027E-02  9.405E-03  8.589E-03  7.756E-03  6.861E-03  6.103E-03  5.463E-03  4.923E-03  4.265E-03
  365.5000  1.029E-01  1.007E-01  9.846E-02  9.629E-02  9.413E-02  9.199E-02  8.986E-02  8.775E-02  8.566E-02  8.359E-02  8.153E-02  7.949E-02  7.747E-02  7.546E-02  7.347E-02  7.151E-02  6.955E-02  6.762E-02  6.570E-02  6.380E-02  6.192E-02  6.005E-02  5.820E-02  5.637E-02  5.455E-02  5.275E-02  5.098E-02  4.922E-02  4.747E-02  4.575E-02  4.404E-02  4.236E-02  4.069E-02  3.905E-02  3.742E-02  3.581E-02  3.423E-02  3.267E-02  3.112E-02  2.961E-02  2.811E-02  2.664E-02  2.520E-02  2.379E-02  2.240E-02  2.104E-02  1.972E-02  1.842E-02  1.716E-02  1.594E-02  1.475E-02  1.360E-02  1.250E-02  1.145E-02  1.046E-02  9.442E-03  8.352E-03  7.428E-03  6.648E-03  5.990E-03  5.189E-03
  366.5000  1.090E-01  1.066E-01  1.043E-01  1.020E-01  9.971E-02  9.744E-02  9.519E-02  9.296E-02  9.074E-02  8.855E-02  8.637E-02  8.421E-02  8.206E-02  7.994E-02  7.783E-02  7.575E-02  7.368E-02  7.163E-02  6.960E-02  6.758E-02  6.559E-02  6.361E-02  6.165E-02  5.971E-02  5.779E-02  5.589E-02  5.401E-02  5.214E-02  5.030E-02  4.847E-02  4.667E-02  4.488E-02  4.312E-02  4.137E-02  3.965E-02  3.795E-02  3.627E-02  3.462E-02  3.298E-02  3.137E-02  2.979E-02  2.824E-02  2.671E-02  2.521E-02  2.374E-02  2.230E-02  2.090E-02  1.952E-02  1.819E-02  1.689E-02  1.564E-02  1.442E-02  1.325E-02  1.214E-02  1.108E-02  1.001E-02  8.851E-03  7.872E-03  7.045E-03  6.348E-03  5.498E-03
  367.5000  1.036E-01  1.013E-01  9.913E-02  9.694E-02  9.477E-02  9.261E-02  9.047E-02  8.834E-02  8.624E-02  8.415E-02  8.208E-02  8.003E-02  7.799E-02  7.597E-02  7.397E-02  7.199E-02  7.002E-02  6.808E-02  6.614E-02  6.423E-02  6.234E-02  6.046E-02  5.860E-02  5.675E-02  5.493E-02  5.312E-02  5.134E-02  4.956E-02  4.781E-02  4.607E-02  4.436E-02  4.266E-02  4.099E-02  3.933E-02  3.769E-02  3.607E-02  3.448E-02  3.291E-02  3.136E-02  2.983E-02  2.833E-02  2.685E-02  2.539E-02  2.397E-02  2.258E-02  2.121E-02  1.987E-02  1.857E-02  1.730E-02  1.606E-02  1.487E-02  1.371E-02  1.260E-02  1.154E-02  1.054E-02  9.516E-03  8.417E-03  7.485E-03  6.699E-03  6.035E-03  5.227E-03
  368.5000  9.104E-02  8.908E-02  8.714E-02  8.521E-02  8.330E-02  8.140E-02  7.952E-02  7.765E-02  7.580E-02  7.397E-02  7.214E-02  7.034E-02  6.855E-02  6.677E-02  6.501E-02  6.327E-02  6.154E-02  5.983E-02  5.813E-02  5.645E-02  5.479E-02  5.314E-02  5.150E-02  4.988E-02  4.828E-02  4.669E-02  4.512E-02  4.356E-02  4.202E-02  4.049E-02  3.899E-02  3.750E-02  3.602E-02  3.457E-02  3.313E-02  3.171E-02  3.030E-02  2.892E-02  2.756E-02  2.622E-02  2.490E-02  2.360E-02  2.232E-02  2.107E-02  1.984E-02  1.864E-02  1.746E-02  1.632E-02  1.520E-02  1.412E-02  1.307E-02  1.205E-02  1.108E-02  1.014E-02  9.262E-03  8.362E-03  7.395E-03  6.576E-03  5.884E-03  5.301E-03  4.590E-03
  369.5000  1.093E-01  1.069E-01  1.046E-01  1.023E-01  9.998E-02  9.770E-02  9.544E-02  9.320E-02  9.097E-02  8.877E-02  8.659E-02  8.442E-02  8.227E-02  8.014E-02  7.803E-02  7.594E-02  7.386E-02  7.181E-02  6.977E-02  6.775E-02  6.575E-02  6.377E-02  6.181E-02  5.986E-02  5.794E-02  5.603E-02  5.415E-02  5.228E-02  5.043E-02  4.860E-02  4.679E-02  4.500E-02  4.323E-02  4.149E-02  3.976E-02  3.805E-02  3.637E-02  3.472E-02  3.308E-02  3.147E-02  2.988E-02  2.832E-02  2.679E-02  2.529E-02  2.382E-02  2.237E-02  2.096E-02  1.959E-02  1.825E-02  1.694E-02  1.568E-02  1.446E-02  1.329E-02  1.217E-02  1.111E-02  1.003E-02  8.873E-03  7.890E-03  7.059E-03  6.358E-03  5.505E-03
  370.5000  9.921E-02  9.707E-02  9.495E-02  9.285E-02  9.076E-02  8.869E-02  8.664E-02  8.460E-02  8.258E-02  8.058E-02  7.860E-02  7.663E-02  7.468E-02  7.274E-02  7.082E-02  6.893E-02  6.704E-02  6.518E-02  6.333E-02  6.149E-02  5.968E-02  5.788E-02  5.610E-02  5.434E-02  5.259E-02  5.086E-02  4.915E-02  4.745E-02  4.577E-02  4.411E-02  4.247E-02  4.085E-02  3.924E-02  3.766E-02  3.609E-02  3.454E-02  3.301E-02  3.151E-02  3.003E-02  2.856E-02  2.712E-02  2.571E-02  2.432E-02  2.296E-02  2.162E-02  2.031E-02  1.903E-02  1.778E-02  1.656E-02  1.538E-02  1.423E-02  1.313E-02  1.206E-02  1.105E-02  1.009E-02  9.104E-03  8.051E-03  7.158E-03  6.404E-03  5.767E-03  4.993E-03
  371.5000  1.136E-01  1.111E-01  1.087E-01  1.063E-01  1.039E-01  1.015E-01  9.919E-02  9.686E-02  9.455E-02  9.226E-02  8.999E-02  8.773E-02  8.550E-02  8.328E-02  8.108E-02  7.891E-02  7.676E-02  7.462E-02  7.250E-02  7.040E-02  6.833E-02  6.627E-02  6.423E-02  6.221E-02  6.020E-02  5.822E-02  5.627E-02  5.433E-02  5.240E-02  5.050E-02  4.862E-02  4.677E-02  4.493E-02  4.311E-02  4.132E-02  3.955E-02  3.780E-02  3.608E-02  3.438E-02  3.271E-02  3.106E-02  2.944E-02  2.784E-02  2.628E-02  2.475E-02  2.325E-02  2.179E-02  2.036E-02  1.896E-02  1.761E-02  1.630E-02  1.503E-02  1.381E-02  1.265E-02  1.155E-02  1.042E-02  9.216E-03  8.194E-03  7.329E-03  6.600E-03  5.714E-03
  372.5000  8.397E-02  8.216E-02  8.036E-02  7.858E-02  7.681E-02  7.506E-02  7.332E-02  7.159E-02  6.988E-02  6.819E-02  6.651E-02  6.484E-02  6.319E-02  6.155E-02  5.993E-02  5.832E-02  5.673E-02  5.515E-02  5.358E-02  5.203E-02  5.050E-02  4.898E-02  4.747E-02  4.598E-02  4.450E-02  4.303E-02  4.159E-02  4.015E-02  3.873E-02  3.733E-02  3.594E-02  3.457E-02  3.321E-02  3.187E-02  3.054E-02  2.923E-02  2.794E-02  2.667E-02  2.541E-02  2.418E-02  2.296E-02  2.176E-02  2.058E-02  1.943E-02  1.830E-02  1.719E-02  1.610E-02  1.505E-02  1.402E-02  1.302E-02  1.205E-02  1.111E-02  1.021E-02  9.348E-03  8.534E-03  7.703E-03  6.811E-03  6.055E-03  5.416E-03  4.877E-03  4.221E-03
  373.5000  7.594E-02  7.430E-02  7.267E-02  7.106E-02  6.946E-02  6.788E-02  6.630E-02  6.474E-02  6.319E-02  6.166E-02  6.014E-02  5.863E-02  5.714E-02  5.566E-02  5.419E-02  5.274E-02  5.129E-02  4.987E-02  4.845E-02  4.705E-02  4.566E-02  4.428E-02  4.292E-02  4.157E-02  4.023E-02  3.891E-02  3.760E-02  3.630E-02  3.502E-02  3.375E-02  3.249E-02  3.125E-02  3.003E-02  2.881E-02  2.761E-02  2.643E-02  2.526E-02  2.411E-02  2.298E-02  2.186E-02  2.076E-02  1.967E-02  1.861E-02  1.757E-02  1.654E-02  1.554E-02  1.456E-02  1.360E-02  1.267E-02  1.177E-02  1.089E-02  1.004E-02  9.228E-03  8.449E-03  7.713E-03  6.962E-03  6.155E-03  5.472E-03  4.893E-03  4.406E-03  3.813E-03
  374.5000  8.339E-02  8.159E-02  7.980E-02  7.804E-02  7.628E-02  7.454E-02  7.281E-02  7.109E-02  6.939E-02  6.771E-02  6.604E-02  6.438E-02  6.274E-02  6.111E-02  5.950E-02  5.790E-02  5.632E-02  5.475E-02  5.319E-02  5.165E-02  5.013E-02  4.862E-02  4.712E-02  4.564E-02  4.417E-02  4.272E-02  4.128E-02  3.986E-02  3.845E-02  3.705E-02  3.568E-02  3.432E-02  3.297E-02  3.163E-02  3.032E-02  2.902E-02  2.774E-02  2.647E-02  2.523E-02  2.400E-02  2.279E-02  2.160E-02  2.043E-02  1.929E-02  1.816E-02  1.706E-02  1.599E-02  1.494E-02  1.391E-02  1.292E-02  1.196E-02  1.102E-02  1.013E-02  9.274E-03  8.466E-03  7.641E-03  6.755E-03  6.004E-03  5.369E-03  4.834E-03  4.183E-03
  375.5000  9.416E-02  9.212E-02  9.010E-02  8.811E-02  8.612E-02  8.415E-02  8.220E-02  8.026E-02  7.834E-02  7.644E-02  7.456E-02  7.268E-02  7.083E-02  6.899E-02  6.717E-02  6.537E-02  6.358E-02  6.181E-02  6.005E-02  5.831E-02  5.659E-02  5.489E-02  5.320E-02  5.152E-02  4.987E-02  4.823E-02  4.661E-02  4.500E-02  4.341E-02  4.183E-02  4.028E-02  3.874E-02  3.722E-02  3.572E-02  3.423E-02  3.276E-02  3.132E-02  2.989E-02  2.848E-02  2.710E-02  2.573E-02  2.439E-02  2.307E-02  2.178E-02  2.051E-02  1.926E-02  1.805E-02  1.686E-02  1.571E-02  1.459E-02  1.350E-02  1.245E-02  1.144E-02  1.047E-02  9.558E-03  8.626E-03  7.626E-03  6.778E-03  6.060E-03  5.455E-03  4.720E-03
  376.5000  9.409E-02  9.206E-02  9.004E-02  8.804E-02  8.606E-02  8.409E-02  8.214E-02  8.020E-02  7.828E-02  7.638E-02  7.450E-02  7.263E-02  7.077E-02  6.893E-02  6.711E-02  6.531E-02  6.353E-02  6.176E-02  6.000E-02  5.826E-02  5.655E-02  5.484E-02  5.315E-02  5.148E-02  4.982E-02  4.818E-02  4.657E-02  4.496E-02  4.337E-02  4.180E-02  4.024E-02  3.871E-02  3.719E-02  3.569E-02  3.420E-02  3.274E-02  3.129E-02  2.987E-02  2.846E-02  2.708E-02  2.571E-02  2.437E-02  2.305E-02  2.176E-02  2.049E-02  1.925E-02  1.804E-02  1.685E-02  1.570E-02  1.458E-02  1.349E-02  1.244E-02  1.143E-02  1.046E-02  9.550E-03  8.618E-03  7.619E-03  6.771E-03  6.053E-03  5.448E-03  4.714E-03
  377.5000  1.121E-01  1.097E-01  1.073E-01  1.049E-01  1.025E-01  1.002E-01  9.787E-02  9.556E-02  9.327E-02  9.101E-02  8.876E-02  8.653E-02  8.432E-02  8.213E-02  7.996E-02  7.782E-02  7.569E-02  7.358E-02  7.149E-02  6.941E-02  6.737E-02  6.534E-02  6.332E-02  6.133E-02  5.936E-02  5.741E-02  5.548E-02  5.356E-02  5.167E-02  4.980E-02  4.795E-02  4.612E-02  4.431E-02  4.252E-02  4.075E-02  3.901E-02  3.728E-02  3.559E-02  3.391E-02  3.226E-02  3.064E-02  2.904E-02  2.747E-02  2.593E-02  2.442E-02  2.294E-02  2.149E-02  2.008E-02  1.871E-02  1.737E-02  1.607E-02  1.482E-02  1.362E-02  1.246E-02  1.138E-02  1.027E-02  9.076E-03  8.065E-03  7.210E-03  6.488E-03  5.613E-03
  378.5000  1.223E-01  1.196E-01  1.170E-01  1.144E-01  1.118E-01  1.093E-01  1.067E-01  1.042E-01  1.017E-01  9.924E-02  9.679E-02  9.436E-02  9.195E-02  8.956E-02  8.719E-02  8.485E-02  8.253E-02  8.023E-02  7.795E-02  7.569E-02  7.346E-02  7.124E-02  6.905E-02  6.687E-02  6.472E-02  6.259E-02  6.049E-02  5.840E-02  5.634E-02  5.430E-02  5.228E-02  5.029E-02  4.831E-02  4.636E-02  4.443E-02  4.253E-02  4.065E-02  3.880E-02  3.698E-02  3.518E-02  3.341E-02  3.166E-02  2.995E-02  2.827E-02  2.663E-02  2.501E-02  2.343E-02  2.189E-02  2.040E-02  1.894E-02  1.752E-02  1.616E-02  1.484E-02  1.359E-02  1.240E-02  1.119E-02  9.893E-03  8.790E-03  7.857E-03  7.070E-03  6.116E-03
  379.5000  9.053E-02  8.857E-02  8.662E-02  8.470E-02  8.279E-02  8.089E-02  7.901E-02  7.714E-02  7.529E-02  7.346E-02  7.164E-02  6.984E-02  6.806E-02  6.629E-02  6.454E-02  6.280E-02  6.108E-02  5.938E-02  5.769E-02  5.602E-02  5.437E-02  5.273E-02  5.110E-02  4.949E-02  4.790E-02  4.633E-02  4.477E-02  4.323E-02  4.170E-02  4.019E-02  3.869E-02  3.722E-02  3.576E-02  3.431E-02  3.289E-02  3.148E-02  3.009E-02  2.872E-02  2.737E-02  2.604E-02  2.473E-02  2.344E-02  2.217E-02  2.093E-02  1.971E-02  1.851E-02  1.734E-02  1.620E-02  1.510E-02  1.402E-02  1.297E-02  1.196E-02  1.099E-02  1.006E-02  9.177E-03  8.281E-03  7.319E-03  6.503E-03  5.812E-03  5.229E-03  4.523E-03
  380.5000  1.089E-01  1.066E-01  1.042E-01  1.019E-01  9.962E-02  9.734E-02  9.507E-02  9.283E-02  9.060E-02  8.840E-02  8.621E-02  8.404E-02  8.189E-02  7.976E-02  7.765E-02  7.557E-02  7.350E-02  7.145E-02  6.942E-02  6.740E-02  6.542E-02  6.344E-02  6.149E-02  5.955E-02  5.764E-02  5.574E-02  5.387E-02  5.201E-02  5.017E-02  4.835E-02  4.656E-02  4.478E-02  4.302E-02  4.129E-02  3.957E-02  3.788E-02  3.620E-02  3.456E-02  3.293E-02  3.133E-02  2.975E-02  2.820E-02  2.668E-02  2.518E-02  2.371E-02  2.228E-02  2.087E-02  1.950E-02  1.816E-02  1.687E-02  1.561E-02  1.439E-02  1.322E-02  1.210E-02  1.104E-02  9.962E-03  8.805E-03  7.823E-03  6.991E-03  6.289E-03  5.439E-03
  381.5000  1.024E-01  1.002E-01  9.802E-02  9.584E-02  9.367E-02  9.153E-02  8.939E-02  8.728E-02  8.519E-02  8.311E-02  8.106E-02  7.902E-02  7.700E-02  7.499E-02  7.301E-02  7.105E-02  6.910E-02  6.717E-02  6.526E-02  6.337E-02  6.150E-02  5.964E-02  5.780E-02  5.599E-02  5.418E-02  5.240E-02  5.064E-02  4.890E-02  4.717E-02  4.546E-02  4.377E-02  4.210E-02  4.045E-02  3.882E-02  3.720E-02  3.561E-02  3.404E-02  3.249E-02  3.096E-02  2.946E-02  2.797E-02  2.651E-02  2.508E-02  2.368E-02  2.230E-02  2.094E-02  1.962E-02  1.833E-02  1.708E-02  1.586E-02  1.467E-02  1.353E-02  1.243E-02  1.137E-02  1.038E-02  9.365E-03  8.277E-03  7.352E-03  6.570E-03  5.910E-03  5.110E-03
  382.5000  6.831E-02  6.683E-02  6.536E-02  6.390E-02  6.246E-02  6.102E-02  5.960E-02  5.819E-02  5.679E-02  5.541E-02  5.404E-02  5.268E-02  5.133E-02  5.000E-02  4.867E-02  4.736E-02  4.607E-02  4.478E-02  4.351E-02  4.224E-02  4.100E-02  3.976E-02  3.853E-02  3.732E-02  3.612E-02  3.493E-02  3.376E-02  3.259E-02  3.144E-02  3.030E-02  2.918E-02  2.807E-02  2.696E-02  2.588E-02  2.480E-02  2.374E-02  2.269E-02  2.166E-02  2.064E-02  1.964E-02  1.865E-02  1.768E-02  1.672E-02  1.578E-02  1.486E-02  1.396E-02  1.308E-02  1.222E-02  1.139E-02  1.057E-02  9.781E-03  9.018E-03  8.284E-03  7.582E-03  6.918E-03  6.242E-03  5.516E-03  4.900E-03  4.378E-03  3.938E-03  3.404E-03
  383.5000  6.003E-02  5.872E-02  5.743E-02  5.615E-02  5.488E-02  5.362E-02  5.237E-02  5.113E-02  4.990E-02  4.869E-02  4.748E-02  4.628E-02  4.510E-02  4.392E-02  4.276E-02  4.161E-02  4.047E-02  3.934E-02  3.822E-02  3.711E-02  3.602E-02  3.493E-02  3.385E-02  3.279E-02  3.173E-02  3.069E-02  2.966E-02  2.863E-02  2.762E-02  2.662E-02  2.563E-02  2.466E-02  2.369E-02  2.273E-02  2.179E-02  2.086E-02  1.993E-02  1.903E-02  1.813E-02  1.725E-02  1.638E-02  1.553E-02  1.469E-02  1.387E-02  1.306E-02  1.227E-02  1.149E-02  1.074E-02  1.000E-02  9.286E-03  8.593E-03  7.922E-03  7.277E-03  6.660E-03  6.077E-03  5.482E-03  4.845E-03  4.303E-03  3.845E-03  3.457E-03  2.989E-03
  384.5000  9.014E-02  8.818E-02  8.624E-02  8.432E-02  8.241E-02  8.051E-02  7.864E-02  7.677E-02  7.493E-02  7.310E-02  7.129E-02  6.949E-02  6.771E-02  6.595E-02  6.420E-02  6.248E-02  6.076E-02  5.906E-02  5.738E-02  5.572E-02  5.407E-02  5.244E-02  5.082E-02  4.922E-02  4.764E-02  4.607E-02  4.452E-02  4.299E-02  4.147E-02  3.997E-02  3.848E-02  3.702E-02  3.556E-02  3.413E-02  3.271E-02  3.131E-02  2.993E-02  2.857E-02  2.723E-02  2.590E-02  2.460E-02  2.332E-02  2.206E-02  2.082E-02  1.961E-02  1.842E-02  1.726E-02  1.612E-02  1.502E-02  1.394E-02  1.290E-02  1.189E-02  1.092E-02  9.999E-03  9.123E-03  8.230E-03  7.273E-03  6.459E-03  5.770E-03  5.189E-03  4.485E-03
  385.5000  8.925E-02  8.731E-02  8.538E-02  8.348E-02  8.158E-02  7.971E-02  7.785E-02  7.600E-02  7.417E-02  7.237E-02  7.057E-02  6.879E-02  6.703E-02  6.528E-02  6.355E-02  6.184E-02  6.014E-02  5.846E-02  5.680E-02  5.515E-02  5.352E-02  5.191E-02  5.030E-02  4.872E-02  4.715E-02  4.560E-02  4.407E-02  4.255E-02  4.105E-02  3.956E-02  3.809E-02  3.664E-02  3.520E-02  3.378E-02  3.238E-02  3.099E-02  2.963E-02  2.828E-02  2.695E-02  2.564E-02  2.435E-02  2.308E-02  2.183E-02  2.061E-02  1.941E-02  1.823E-02  1.708E-02  1.596E-02  1.487E-02  1.380E-02  1.277E-02  1.177E-02  1.081E-02  9.896E-03  9.029E-03  8.145E-03  7.197E-03  6.392E-03  5.709E-03  5.133E-03  4.437E-03
  386.5000  9.103E-02  8.905E-02  8.709E-02  8.515E-02  8.321E-02  8.130E-02  7.940E-02  7.752E-02  7.565E-02  7.381E-02  7.197E-02  7.016E-02  6.836E-02  6.658E-02  6.481E-02  6.307E-02  6.134E-02  5.962E-02  5.792E-02  5.624E-02  5.458E-02  5.293E-02  5.130E-02  4.968E-02  4.808E-02  4.650E-02  4.494E-02  4.339E-02  4.186E-02  4.034E-02  3.884E-02  3.736E-02  3.590E-02  3.445E-02  3.302E-02  3.161E-02  3.021E-02  2.884E-02  2.748E-02  2.615E-02  2.483E-02  2.354E-02  2.227E-02  2.102E-02  1.979E-02  1.859E-02  1.742E-02  1.628E-02  1.516E-02  1.408E-02  1.302E-02  1.201E-02  1.103E-02  1.009E-02  9.207E-03  8.305E-03  7.338E-03  6.516E-03  5.820E-03  5.232E-03  4.522E-03
  387.5000  8.466E-02  8.282E-02  8.099E-02  7.918E-02  7.738E-02  7.560E-02  7.383E-02  7.208E-02  7.034E-02  6.863E-02  6.692E-02  6.523E-02  6.356E-02  6.190E-02  6.026E-02  5.864E-02  5.703E-02  5.543E-02  5.385E-02  5.229E-02  5.074E-02  4.921E-02  4.769E-02  4.619E-02  4.470E-02  4.323E-02  4.178E-02  4.034E-02  3.892E-02  3.751E-02  3.611E-02  3.474E-02  3.338E-02  3.203E-02  3.070E-02  2.939E-02  2.809E-02  2.681E-02  2.555E-02  2.431E-02  2.309E-02  2.189E-02  2.070E-02  1.954E-02  1.840E-02  1.729E-02  1.620E-02  1.513E-02  1.410E-02  1.309E-02  1.211E-02  1.116E-02  1.025E-02  9.382E-03  8.559E-03  7.720E-03  6.821E-03  6.057E-03  5.409E-03  4.862E-03  4.201E-03
  388.5000  8.491E-02  8.306E-02  8.123E-02  7.941E-02  7.761E-02  7.582E-02  7.405E-02  7.229E-02  7.055E-02  6.882E-02  6.711E-02  6.542E-02  6.374E-02  6.208E-02  6.043E-02  5.880E-02  5.719E-02  5.559E-02  5.400E-02  5.243E-02  5.088E-02  4.935E-02  4.782E-02  4.632E-02  4.483E-02  4.335E-02  4.189E-02  4.045E-02  3.902E-02  3.761E-02  3.621E-02  3.483E-02  3.347E-02  3.212E-02  3.078E-02  2.947E-02  2.817E-02  2.689E-02  2.562E-02  2.438E-02  2.315E-02  2.195E-02  2.076E-02  1.960E-02  1.846E-02  1.734E-02  1.624E-02  1.517E-02  1.414E-02  1.312E-02  1.214E-02  1.119E-02  1.028E-02  9.406E-03  8.581E-03  7.740E-03  6.838E-03  6.072E-03  5.422E-03  4.873E-03  4.210E-03
  389.5000  1.072E-01  1.048E-01  1.025E-01  1.002E-01  9.793E-02  9.567E-02  9.343E-02  9.121E-02  8.901E-02  8.684E-02  8.468E-02  8.254E-02  8.042E-02  7.832E-02  7.624E-02  7.419E-02  7.215E-02  7.013E-02  6.813E-02  6.615E-02  6.419E-02  6.225E-02  6.033E-02  5.843E-02  5.655E-02  5.469E-02  5.285E-02  5.103E-02  4.923E-02  4.744E-02  4.568E-02  4.394E-02  4.222E-02  4.052E-02  3.884E-02  3.717E-02  3.554E-02  3.392E-02  3.233E-02  3.076E-02  2.921E-02  2.769E-02  2.619E-02  2.473E-02  2.329E-02  2.187E-02  2.049E-02  1.914E-02  1.783E-02  1.656E-02  1.532E-02  1.412E-02  1.297E-02  1.187E-02  1.082E-02  9.763E-03  8.626E-03  7.658E-03  6.838E-03  6.145E-03  5.308E-03
  390.5000  1.053E-01  1.030E-01  1.007E-01  9.850E-02  9.625E-02  9.403E-02  9.183E-02  8.965E-02  8.749E-02  8.535E-02  8.322E-02  8.112E-02  7.903E-02  7.697E-02  7.493E-02  7.291E-02  7.090E-02  6.892E-02  6.695E-02  6.500E-02  6.308E-02  6.117E-02  5.929E-02  5.742E-02  5.557E-02  5.374E-02  5.194E-02  5.014E-02  4.837E-02  4.662E-02  4.489E-02  4.318E-02  4.149E-02  3.982E-02  3.816E-02  3.653E-02  3.492E-02  3.334E-02  3.177E-02  3.023E-02  2.871E-02  2.721E-02  2.574E-02  2.430E-02  2.288E-02  2.150E-02  2.014E-02  1.881E-02  1.753E-02  1.627E-02  1.505E-02  1.388E-02  1.274E-02  1.166E-02  1.064E-02  9.593E-03  8.475E-03  7.524E-03  6.717E-03  6.036E-03  5.214E-03
  391.5000  1.251E-01  1.223E-01  1.196E-01  1.169E-01  1.143E-01  1.116E-01  1.090E-01  1.064E-01  1.039E-01  1.013E-01  9.879E-02  9.629E-02  9.382E-02  9.137E-02  8.894E-02  8.654E-02  8.416E-02  8.180E-02  7.947E-02  7.716E-02  7.487E-02  7.261E-02  7.037E-02  6.815E-02  6.596E-02  6.379E-02  6.164E-02  5.952E-02  5.741E-02  5.534E-02  5.328E-02  5.125E-02  4.924E-02  4.726E-02  4.530E-02  4.336E-02  4.145E-02  3.957E-02  3.771E-02  3.588E-02  3.407E-02  3.230E-02  3.055E-02  2.884E-02  2.716E-02  2.552E-02  2.391E-02  2.233E-02  2.080E-02  1.931E-02  1.787E-02  1.647E-02  1.513E-02  1.384E-02  1.262E-02  1.138E-02  1.006E-02  8.928E-03  7.970E-03  7.161E-03  6.185E-03
  392.5000  9.385E-02  9.179E-02  8.976E-02  8.775E-02  8.575E-02  8.377E-02  8.181E-02  7.986E-02  7.793E-02  7.602E-02  7.413E-02  7.225E-02  7.039E-02  6.855E-02  6.673E-02  6.493E-02  6.314E-02  6.137E-02  5.962E-02  5.789E-02  5.617E-02  5.447E-02  5.279E-02  5.113E-02  4.948E-02  4.785E-02  4.624E-02  4.465E-02  4.307E-02  4.151E-02  3.997E-02  3.845E-02  3.694E-02  3.545E-02  3.398E-02  3.253E-02  3.110E-02  2.969E-02  2.829E-02  2.692E-02  2.556E-02  2.423E-02  2.292E-02  2.164E-02  2.038E-02  1.914E-02  1.794E-02  1.676E-02  1.561E-02  1.449E-02  1.341E-02  1.236E-02  1.135E-02  1.038E-02  9.470E-03  8.540E-03  7.545E-03  6.697E-03  5.978E-03  5.370E-03  4.638E-03
  393.5000  4.083E-02  3.994E-02  3.905E-02  3.818E-02  3.731E-02  3.644E-02  3.559E-02  3.474E-02  3.390E-02  3.307E-02  3.225E-02  3.143E-02  3.062E-02  2.982E-02  2.903E-02  2.824E-02  2.746E-02  2.669E-02  2.593E-02  2.518E-02  2.443E-02  2.369E-02  2.296E-02  2.224E-02  2.152E-02  2.081E-02  2.011E-02  1.942E-02  1.873E-02  1.806E-02  1.738E-02  1.672E-02  1.607E-02  1.542E-02  1.478E-02  1.415E-02  1.353E-02  1.291E-02  1.231E-02  1.171E-02  1.112E-02  1.054E-02  9.971E-03  9.413E-03  8.865E-03  8.327E-03  7.802E-03  7.288E-03  6.789E-03  6.303E-03  5.831E-03  5.374E-03  4.936E-03  4.516E-03  4.118E-03  3.714E-03  3.281E-03  2.912E-03  2.599E-03  2.335E-03  2.016E-03
  394.5000  9.615E-02  9.404E-02  9.196E-02  8.990E-02  8.784E-02  8.581E-02  8.380E-02  8.180E-02  7.982E-02  7.786E-02  7.592E-02  7.400E-02  7.209E-02  7.020E-02  6.834E-02  6.649E-02  6.466E-02  6.284E-02  6.105E-02  5.927E-02  5.752E-02  5.578E-02  5.405E-02  5.235E-02  5.066E-02  4.899E-02  4.735E-02  4.571E-02  4.410E-02  4.250E-02  4.092E-02  3.937E-02  3.782E-02  3.630E-02  3.479E-02  3.331E-02  3.184E-02  3.040E-02  2.897E-02  2.756E-02  2.618E-02  2.481E-02  2.347E-02  2.216E-02  2.087E-02  1.960E-02  1.837E-02  1.716E-02  1.598E-02  1.484E-02  1.373E-02  1.265E-02  1.162E-02  1.063E-02  9.694E-03  8.741E-03  7.722E-03  6.853E-03  6.116E-03  5.493E-03  4.743E-03
  395.5000  1.238E-01  1.211E-01  1.184E-01  1.157E-01  1.131E-01  1.105E-01  1.079E-01  1.053E-01  1.028E-01  1.002E-01  9.774E-02  9.526E-02  9.281E-02  9.037E-02  8.797E-02  8.559E-02  8.323E-02  8.089E-02  7.858E-02  7.629E-02  7.403E-02  7.179E-02  6.957E-02  6.738E-02  6.521E-02  6.306E-02  6.094E-02  5.884E-02  5.676E-02  5.471E-02  5.267E-02  5.067E-02  4.868E-02  4.672E-02  4.478E-02  4.287E-02  4.098E-02  3.912E-02  3.729E-02  3.548E-02  3.369E-02  3.194E-02  3.021E-02  2.852E-02  2.686E-02  2.523E-02  2.364E-02  2.209E-02  2.057E-02  1.910E-02  1.767E-02  1.628E-02  1.495E-02  1.368E-02  1.248E-02  1.125E-02  9.938E-03  8.819E-03  7.870E-03  7.068E-03  6.101E-03
  396.5000  7.274E-02  7.115E-02  6.957E-02  6.801E-02  6.645E-02  6.491E-02  6.339E-02  6.187E-02  6.038E-02  5.889E-02  5.742E-02  5.597E-02  5.452E-02  5.309E-02  5.168E-02  5.028E-02  4.890E-02  4.752E-02  4.616E-02  4.482E-02  4.349E-02  4.217E-02  4.087E-02  3.958E-02  3.831E-02  3.704E-02  3.580E-02  3.456E-02  3.334E-02  3.214E-02  3.094E-02  2.976E-02  2.860E-02  2.745E-02  2.631E-02  2.518E-02  2.408E-02  2.298E-02  2.190E-02  2.084E-02  1.979E-02  1.876E-02  1.775E-02  1.676E-02  1.578E-02  1.483E-02  1.389E-02  1.298E-02  1.209E-02  1.122E-02  1.038E-02  9.567E-03  8.785E-03  8.037E-03  7.329E-03  6.608E-03  5.837E-03  5.180E-03  4.622E-03  4.150E-03  3.582E-03
  397.5000  8.400E-02  8.216E-02  8.034E-02  7.853E-02  7.673E-02  7.495E-02  7.319E-02  7.144E-02  6.971E-02  6.800E-02  6.630E-02  6.462E-02  6.295E-02  6.130E-02  5.966E-02  5.805E-02  5.645E-02  5.486E-02  5.329E-02  5.174E-02  5.021E-02  4.869E-02  4.718E-02  4.569E-02  4.422E-02  4.276E-02  4.133E-02  3.990E-02  3.849E-02  3.710E-02  3.572E-02  3.436E-02  3.301E-02  3.168E-02  3.037E-02  2.907E-02  2.779E-02  2.653E-02  2.529E-02  2.406E-02  2.285E-02  2.166E-02  2.049E-02  1.935E-02  1.822E-02  1.712E-02  1.604E-02  1.498E-02  1.396E-02  1.295E-02  1.198E-02  1.105E-02  1.014E-02  9.279E-03  8.461E-03  7.629E-03  6.739E-03  5.979E-03  5.335E-03  4.790E-03  4.134E-03
  398.5000  1.444E-01  1.413E-01  1.381E-01  1.350E-01  1.319E-01  1.289E-01  1.258E-01  1.228E-01  1.199E-01  1.169E-01  1.140E-01  1.111E-01  1.082E-01  1.054E-01  1.026E-01  9.980E-02  9.704E-02  9.432E-02  9.162E-02  8.895E-02  8.631E-02  8.369E-02  8.111E-02  7.855E-02  7.601E-02  7.351E-02  7.104E-02  6.859E-02  6.616E-02  6.377E-02  6.140E-02  5.907E-02  5.675E-02  5.447E-02  5.221E-02  4.998E-02  4.778E-02  4.561E-02  4.347E-02  4.136E-02  3.929E-02  3.724E-02  3.523E-02  3.326E-02  3.132E-02  2.943E-02  2.757E-02  2.576E-02  2.399E-02  2.227E-02  2.060E-02  1.899E-02  1.744E-02  1.595E-02  1.455E-02  1.311E-02  1.158E-02  1.028E-02  9.168E-03  8.231E-03  7.104E-03
  399.5000  1.504E-01  1.470E-01  1.438E-01  1.405E-01  1.373E-01  1.341E-01  1.310E-01  1.278E-01  1.247E-01  1.217E-01  1.186E-01  1.156E-01  1.126E-01  1.097E-01  1.067E-01  1.039E-01  1.010E-01  9.814E-02  9.533E-02  9.255E-02  8.981E-02  8.709E-02  8.439E-02  8.173E-02  7.909E-02  7.649E-02  7.392E-02  7.137E-02  6.884E-02  6.635E-02  6.389E-02  6.146E-02  5.905E-02  5.667E-02  5.432E-02  5.200E-02  4.971E-02  4.746E-02  4.524E-02  4.304E-02  4.088E-02  3.875E-02  3.666E-02  3.461E-02  3.260E-02  3.062E-02  2.869E-02  2.680E-02  2.497E-02  2.318E-02  2.144E-02  1.976E-02  1.814E-02  1.660E-02  1.513E-02  1.364E-02  1.205E-02  1.069E-02  9.537E-03  8.562E-03  7.388E-03
------------------------------------------------------------
Dose rates,W m-2
   1 = UV index (WMO, 1994; Webb et al., 2011)           
   2 = Previtamin-D3 (CIE 2006)                          
values at z =      0.025 km
Columns: time,sza,weighting spectra
time,hrs.  sza,deg.          1          2
   18.0000     78.564  2.860E-01  5.915E-03
   18.0167     78.771  2.775E-01  5.677E-03
   18.0333     78.979  2.693E-01  5.446E-03
   18.0500     79.187  2.612E-01  5.223E-03
   18.0667     79.395  2.532E-01  5.007E-03
   18.0833     79.603  2.454E-01  4.797E-03
   18.1000     79.811  2.378E-01  4.595E-03
   18.1167     80.019  2.303E-01  4.400E-03
   18.1333     80.227  2.229E-01  4.211E-03
   18.1500     80.435  2.158E-01  4.029E-03
   18.1667     80.643  2.087E-01  3.853E-03
   18.1833     80.852  2.018E-01  3.683E-03
   18.2000     81.060  1.950E-01  3.520E-03
   18.2167     81.269  1.884E-01  3.362E-03
   18.2333     81.477  1.819E-01  3.210E-03
   18.2500     81.685  1.756E-01  3.064E-03
   18.2667     81.894  1.694E-01  2.924E-03
   18.2833     82.103  1.633E-01  2.788E-03
   18.3000     82.311  1.574E-01  2.658E-03
   18.3167     82.520  1.515E-01  2.533E-03
   18.3333     82.729  1.459E-01  2.413E-03
   18.3500     82.938  1.403E-01  2.297E-03
   18.3667     83.147  1.349E-01  2.186E-03
   18.3833     83.356  1.296E-01  2.080E-03
   18.4000     83.565  1.244E-01  1.978E-03
   18.4167     83.774  1.193E-01  1.880E-03
   18.4333     83.982  1.144E-01  1.786E-03
   18.4500     84.192  1.096E-01  1.696E-03
   18.4667     84.401  1.049E-01  1.610E-03
   18.4833     84.610  1.003E-01  1.527E-03
   18.5000     84.820  9.581E-02  1.448E-03
   18.5167     85.028  9.146E-02  1.373E-03
   18.5333     85.238  8.721E-02  1.300E-03
   18.5500     85.447  8.306E-02  1.231E-03
   18.5667     85.657  7.903E-02  1.165E-03
   18.5833     85.866  7.511E-02  1.101E-03
   18.6000     86.076  7.129E-02  1.040E-03
   18.6167     86.285  6.759E-02  9.826E-04
   18.6333     86.494  6.398E-02  9.271E-04
   18.6500     86.704  6.048E-02  8.741E-04
   18.6667     86.913  5.708E-02  8.234E-04
   18.6833     87.123  5.379E-02  7.749E-04
   18.7000     87.333  5.059E-02  7.285E-04
   18.7167     87.542  4.751E-02  6.843E-04
   18.7333     87.752  4.452E-02  6.420E-04
   18.7500     87.961  4.163E-02  6.015E-04
   18.7667     88.171  3.885E-02  5.629E-04
   18.7833     88.381  3.616E-02  5.259E-04
   18.8000     88.590  3.358E-02  4.908E-04
   18.8167     88.800  3.110E-02  4.572E-04
   18.8333     89.010  2.872E-02  4.251E-04
   18.8500     89.219  2.645E-02  3.946E-04
   18.8667     89.429  2.429E-02  3.656E-04
   18.8833     89.639  2.224E-02  3.382E-04
   18.9000     89.848  2.032E-02  3.125E-04
   18.9167     90.058  1.838E-02  2.863E-04
   18.9333     90.268  1.633E-02  2.583E-04
   18.9500     90.478  1.458E-02  2.344E-04
   18.9667     90.688  1.311E-02  2.141E-04
   18.9833     90.898  1.186E-02  1.968E-04
   19.0000     91.107  1.036E-02  1.753E-04
------------------------------------------------------------
