Spectral Irradiance,W m-2 nm-1
values at z =      0.025 km
Columns: wavelength (nm),times (hrs.) or sza (deg.)
    wc,nm     18.000     18.017     18.033     18.050     18.067     18.083     18.100     18.117     18.133     18.150     18.167     18.183     18.200     18.217     18.233     18.250     18.267     18.283     18.300     18.317     18.333     18.350     18.367     18.383     18.400     18.417     18.433     18.450     18.467     18.483     18.500     18.517     18.533     18.550     18.567     18.583     18.600     18.617     18.633     18.650     18.667     18.683     18.700     18.717     18.733     18.750     18.767     18.783     18.800     18.817     18.833     18.850     18.867     18.883     18.900     18.917     18.933     18.950     18.967     18.983     19.000
    sza =      77.992     78.201     78.409     78.617     78.826     79.035     79.243     79.452     79.661     79.869     80.078     80.287     80.496     80.705     80.914     81.123     81.332     81.541     81.751     81.960     82.169     82.378     82.588     82.797     83.007     83.216     83.425     83.635     83.844     84.054     84.264     84.473     84.682     84.892     85.102     85.311     85.521     85.730     85.940     86.150     86.360     86.570     86.780     86.989     87.199     87.408     87.618     87.828     88.038     88.247     88.457     88.667     88.877     89.087     89.296     89.506     89.716     89.926     90.135     90.345     90.554
  280.5000  2.900E-28  2.857E-28  2.814E-28  2.771E-28  2.729E-28  2.688E-28  2.646E-28  2.605E-28  2.565E-28  2.524E-28  2.484E-28  2.444E-28  2.405E-28  2.366E-28  2.327E-28  2.288E-28  2.249E-28  2.211E-28  2.173E-28  2.135E-28  2.097E-28  2.059E-28  2.021E-28  1.984E-28  1.946E-28  1.909E-28  1.871E-28  1.834E-28  1.797E-28  1.759E-28  1.722E-28  1.685E-28  1.647E-28  1.610E-28  1.572E-28  1.535E-28  1.497E-28  1.459E-28  1.421E-28  1.383E-28  1.344E-28  1.306E-28  1.267E-28  1.228E-28  1.189E-28  1.149E-28  1.109E-28  1.069E-28  1.029E-28  9.881E-29  9.471E-29  9.059E-29  8.645E-29  8.230E-29  7.815E-29  7.399E-29  6.988E-29  6.584E-29  6.084E-29  5.592E-29  5.168E-29
  281.5000  9.757E-26  9.610E-26  9.464E-26  9.320E-26  9.177E-26  9.035E-26  8.894E-26  8.755E-26  8.617E-26  8.480E-26  8.345E-26  8.210E-26  8.076E-26  7.943E-26  7.811E-26  7.680E-26  7.549E-26  7.419E-26  7.290E-26  7.161E-26  7.033E-26  6.906E-26  6.779E-26  6.652E-26  6.526E-26  6.399E-26  6.274E-26  6.148E-26  6.022E-26  5.897E-26  5.771E-26  5.646E-26  5.521E-26  5.395E-26  5.269E-26  5.142E-26  5.016E-26  4.889E-26  4.762E-26  4.634E-26  4.505E-26  4.376E-26  4.246E-26  4.116E-26  3.984E-26  3.852E-26  3.719E-26  3.584E-26  3.450E-26  3.314E-26  3.177E-26  3.039E-26  2.901E-26  2.762E-26  2.623E-26  2.485E-26  2.347E-26  2.212E-26  2.044E-26  1.880E-26  1.738E-26
  282.5000  9.914E-24  9.762E-24  9.612E-24  9.464E-24  9.317E-24  9.171E-24  9.027E-24  8.884E-24  8.743E-24  8.603E-24  8.464E-24  8.326E-24  8.189E-24  8.052E-24  7.917E-24  7.783E-24  7.650E-24  7.517E-24  7.385E-24  7.254E-24  7.124E-24  6.994E-24  6.864E-24  6.735E-24  6.606E-24  6.478E-24  6.350E-24  6.222E-24  6.094E-24  5.967E-24  5.839E-24  5.712E-24  5.585E-24  5.457E-24  5.329E-24  5.201E-24  5.073E-24  4.945E-24  4.816E-24  4.686E-24  4.556E-24  4.426E-24  4.294E-24  4.163E-24  4.030E-24  3.896E-24  3.762E-24  3.626E-24  3.490E-24  3.353E-24  3.215E-24  3.076E-24  2.937E-24  2.796E-24  2.656E-24  2.516E-24  2.378E-24  2.241E-24  2.072E-24  1.906E-24  1.763E-24
  283.5000  1.800E-22  1.772E-22  1.745E-22  1.718E-22  1.691E-22  1.664E-22  1.638E-22  1.612E-22  1.586E-22  1.560E-22  1.535E-22  1.510E-22  1.485E-22  1.460E-22  1.435E-22  1.411E-22  1.386E-22  1.362E-22  1.338E-22  1.314E-22  1.290E-22  1.267E-22  1.243E-22  1.220E-22  1.196E-22  1.173E-22  1.150E-22  1.126E-22  1.103E-22  1.080E-22  1.057E-22  1.034E-22  1.011E-22  9.876E-23  9.644E-23  9.412E-23  9.180E-23  8.947E-23  8.713E-23  8.479E-23  8.243E-23  8.007E-23  7.769E-23  7.531E-23  7.291E-23  7.049E-23  6.806E-23  6.561E-23  6.316E-23  6.068E-23  5.818E-23  5.567E-23  5.315E-23  5.062E-23  4.810E-23  4.557E-23  4.306E-23  4.060E-23  3.754E-23  3.454E-23  3.195E-23
  284.5000  2.182E-20  2.148E-20  2.114E-20  2.080E-20  2.047E-20  2.014E-20  1.982E-20  1.950E-20  1.918E-20  1.886E-20  1.855E-20  1.824E-20  1.793E-20  1.763E-20  1.733E-20  1.703E-20  1.673E-20  1.644E-20  1.614E-20  1.585E-20  1.556E-20  1.527E-20  1.498E-20  1.470E-20  1.441E-20  1.413E-20  1.385E-20  1.356E-20  1.328E-20  1.300E-20  1.272E-20  1.244E-20  1.216E-20  1.188E-20  1.160E-20  1.132E-20  1.104E-20  1.076E-20  1.048E-20  1.020E-20  9.913E-21  9.628E-21  9.342E-21  9.056E-21  8.767E-21  8.477E-21  8.185E-21  7.892E-21  7.597E-21  7.300E-21  7.001E-21  6.701E-21  6.398E-21  6.095E-21  5.793E-21  5.490E-21  5.190E-21  4.895E-21  4.528E-21  4.168E-21  3.857E-21
  285.5000  4.768E-19  4.692E-19  4.616E-19  4.542E-19  4.468E-19  4.395E-19  4.323E-19  4.252E-19  4.182E-19  4.112E-19  4.043E-19  3.974E-19  3.907E-19  3.839E-19  3.773E-19  3.707E-19  3.641E-19  3.576E-19  3.511E-19  3.447E-19  3.383E-19  3.320E-19  3.257E-19  3.194E-19  3.131E-19  3.069E-19  3.007E-19  2.945E-19  2.884E-19  2.822E-19  2.761E-19  2.700E-19  2.639E-19  2.578E-19  2.517E-19  2.455E-19  2.394E-19  2.333E-19  2.272E-19  2.210E-19  2.149E-19  2.087E-19  2.025E-19  1.963E-19  1.900E-19  1.837E-19  1.774E-19  1.710E-19  1.647E-19  1.582E-19  1.518E-19  1.453E-19  1.388E-19  1.322E-19  1.256E-19  1.191E-19  1.126E-19  1.063E-19  9.832E-20  9.052E-20  8.382E-20
  286.5000  2.307E-17  2.269E-17  2.232E-17  2.195E-17  2.159E-17  2.123E-17  2.088E-17  2.053E-17  2.019E-17  1.985E-17  1.951E-17  1.917E-17  1.884E-17  1.851E-17  1.819E-17  1.787E-17  1.755E-17  1.723E-17  1.691E-17  1.660E-17  1.629E-17  1.598E-17  1.567E-17  1.537E-17  1.507E-17  1.476E-17  1.446E-17  1.416E-17  1.386E-17  1.357E-17  1.327E-17  1.297E-17  1.268E-17  1.238E-17  1.209E-17  1.179E-17  1.150E-17  1.120E-17  1.091E-17  1.061E-17  1.031E-17  1.002E-17  9.718E-18  9.419E-18  9.118E-18  8.816E-18  8.513E-18  8.208E-18  7.902E-18  7.593E-18  7.283E-18  6.972E-18  6.659E-18  6.345E-18  6.032E-18  5.719E-18  5.409E-18  5.104E-18  4.724E-18  4.351E-18  4.030E-18
  287.5000  6.369E-16  6.263E-16  6.159E-16  6.056E-16  5.954E-16  5.853E-16  5.754E-16  5.656E-16  5.559E-16  5.463E-16  5.368E-16  5.275E-16  5.182E-16  5.090E-16  4.999E-16  4.909E-16  4.820E-16  4.731E-16  4.643E-16  4.556E-16  4.470E-16  4.384E-16  4.299E-16  4.214E-16  4.130E-16  4.046E-16  3.963E-16  3.880E-16  3.797E-16  3.714E-16  3.632E-16  3.551E-16  3.469E-16  3.388E-16  3.306E-16  3.225E-16  3.144E-16  3.062E-16  2.981E-16  2.900E-16  2.818E-16  2.737E-16  2.655E-16  2.573E-16  2.490E-16  2.408E-16  2.325E-16  2.241E-16  2.158E-16  2.074E-16  1.989E-16  1.904E-16  1.819E-16  1.733E-16  1.648E-16  1.563E-16  1.478E-16  1.396E-16  1.292E-16  1.190E-16  1.103E-16
  288.5000  1.785E-14  1.754E-14  1.724E-14  1.695E-14  1.665E-14  1.636E-14  1.608E-14  1.580E-14  1.552E-14  1.524E-14  1.497E-14  1.471E-14  1.444E-14  1.418E-14  1.392E-14  1.366E-14  1.341E-14  1.316E-14  1.291E-14  1.266E-14  1.242E-14  1.217E-14  1.193E-14  1.169E-14  1.146E-14  1.122E-14  1.098E-14  1.075E-14  1.052E-14  1.029E-14  1.006E-14  9.827E-15  9.598E-15  9.370E-15  9.142E-15  8.914E-15  8.687E-15  8.461E-15  8.235E-15  8.008E-15  7.781E-15  7.554E-15  7.326E-15  7.099E-15  6.871E-15  6.642E-15  6.412E-15  6.182E-15  5.951E-15  5.718E-15  5.485E-15  5.251E-15  5.016E-15  4.781E-15  4.546E-15  4.312E-15  4.080E-15  3.852E-15  3.567E-15  3.288E-15  3.048E-15
  289.5000  3.379E-13  3.320E-13  3.261E-13  3.204E-13  3.147E-13  3.091E-13  3.036E-13  2.981E-13  2.928E-13  2.875E-13  2.823E-13  2.771E-13  2.720E-13  2.670E-13  2.620E-13  2.571E-13  2.522E-13  2.474E-13  2.426E-13  2.379E-13  2.332E-13  2.286E-13  2.240E-13  2.194E-13  2.149E-13  2.104E-13  2.059E-13  2.014E-13  1.970E-13  1.926E-13  1.883E-13  1.839E-13  1.796E-13  1.753E-13  1.710E-13  1.667E-13  1.624E-13  1.581E-13  1.538E-13  1.496E-13  1.453E-13  1.410E-13  1.367E-13  1.325E-13  1.282E-13  1.239E-13  1.196E-13  1.153E-13  1.110E-13  1.066E-13  1.023E-13  9.789E-14  9.351E-14  8.913E-14  8.476E-14  8.040E-14  7.608E-14  7.184E-14  6.655E-14  6.134E-14  5.688E-14
  290.5000  3.851E-12  3.782E-12  3.713E-12  3.646E-12  3.580E-12  3.515E-12  3.450E-12  3.387E-12  3.325E-12  3.263E-12  3.203E-12  3.143E-12  3.084E-12  3.025E-12  2.968E-12  2.911E-12  2.855E-12  2.799E-12  2.744E-12  2.690E-12  2.636E-12  2.583E-12  2.530E-12  2.477E-12  2.425E-12  2.374E-12  2.322E-12  2.272E-12  2.221E-12  2.171E-12  2.121E-12  2.071E-12  2.022E-12  1.973E-12  1.924E-12  1.875E-12  1.826E-12  1.778E-12  1.729E-12  1.681E-12  1.632E-12  1.584E-12  1.536E-12  1.487E-12  1.439E-12  1.390E-12  1.342E-12  1.293E-12  1.245E-12  1.196E-12  1.147E-12  1.098E-12  1.049E-12  9.994E-13  9.504E-13  9.015E-13  8.531E-13  8.057E-13  7.465E-13  6.882E-13  6.383E-13
  291.5000  4.016E-11  3.940E-11  3.866E-11  3.794E-11  3.723E-11  3.652E-11  3.583E-11  3.515E-11  3.448E-11  3.383E-11  3.318E-11  3.254E-11  3.191E-11  3.129E-11  3.067E-11  3.007E-11  2.947E-11  2.888E-11  2.830E-11  2.772E-11  2.716E-11  2.659E-11  2.603E-11  2.548E-11  2.493E-11  2.439E-11  2.386E-11  2.332E-11  2.279E-11  2.227E-11  2.175E-11  2.123E-11  2.071E-11  2.020E-11  1.969E-11  1.918E-11  1.867E-11  1.817E-11  1.767E-11  1.717E-11  1.667E-11  1.617E-11  1.567E-11  1.517E-11  1.467E-11  1.417E-11  1.368E-11  1.318E-11  1.268E-11  1.218E-11  1.168E-11  1.118E-11  1.067E-11  1.017E-11  9.673E-12  9.176E-12  8.684E-12  8.202E-12  7.600E-12  7.009E-12  6.503E-12
  292.5000  2.587E-10  2.537E-10  2.488E-10  2.440E-10  2.392E-10  2.345E-10  2.300E-10  2.254E-10  2.210E-10  2.167E-10  2.124E-10  2.082E-10  2.040E-10  1.999E-10  1.959E-10  1.919E-10  1.880E-10  1.841E-10  1.803E-10  1.766E-10  1.729E-10  1.692E-10  1.655E-10  1.619E-10  1.584E-10  1.549E-10  1.514E-10  1.479E-10  1.445E-10  1.411E-10  1.377E-10  1.344E-10  1.311E-10  1.278E-10  1.245E-10  1.212E-10  1.180E-10  1.147E-10  1.115E-10  1.083E-10  1.051E-10  1.019E-10  9.874E-11  9.557E-11  9.240E-11  8.923E-11  8.606E-11  8.289E-11  7.973E-11  7.657E-11  7.340E-11  7.023E-11  6.707E-11  6.390E-11  6.076E-11  5.763E-11  5.454E-11  5.151E-11  4.774E-11  4.403E-11  4.085E-11
  293.5000  1.909E-09  1.870E-09  1.833E-09  1.796E-09  1.759E-09  1.724E-09  1.689E-09  1.654E-09  1.621E-09  1.588E-09  1.555E-09  1.523E-09  1.492E-09  1.461E-09  1.430E-09  1.400E-09  1.371E-09  1.342E-09  1.313E-09  1.285E-09  1.257E-09  1.229E-09  1.202E-09  1.175E-09  1.149E-09  1.122E-09  1.097E-09  1.071E-09  1.045E-09  1.020E-09  9.954E-10  9.707E-10  9.462E-10  9.218E-10  8.977E-10  8.736E-10  8.498E-10  8.261E-10  8.026E-10  7.791E-10  7.557E-10  7.324E-10  7.092E-10  6.861E-10  6.631E-10  6.400E-10  6.170E-10  5.941E-10  5.712E-10  5.483E-10  5.255E-10  5.026E-10  4.798E-10  4.571E-10  4.345E-10  4.121E-10  3.899E-10  3.683E-10  3.413E-10  3.148E-10  2.921E-10
  294.5000  7.656E-09  7.495E-09  7.338E-09  7.185E-09  7.034E-09  6.886E-09  6.741E-09  6.599E-09  6.460E-09  6.324E-09  6.190E-09  6.058E-09  5.929E-09  5.802E-09  5.677E-09  5.555E-09  5.434E-09  5.315E-09  5.198E-09  5.083E-09  4.969E-09  4.858E-09  4.747E-09  4.638E-09  4.531E-09  4.425E-09  4.320E-09  4.216E-09  4.114E-09  4.013E-09  3.912E-09  3.813E-09  3.715E-09  3.617E-09  3.521E-09  3.425E-09  3.329E-09  3.235E-09  3.141E-09  3.048E-09  2.955E-09  2.862E-09  2.770E-09  2.679E-09  2.588E-09  2.497E-09  2.406E-09  2.316E-09  2.226E-09  2.135E-09  2.046E-09  1.956E-09  1.867E-09  1.778E-09  1.689E-09  1.602E-09  1.515E-09  1.431E-09  1.326E-09  1.223E-09  1.135E-09
  295.5000  4.321E-08  4.225E-08  4.133E-08  4.042E-08  3.953E-08  3.867E-08  3.782E-08  3.698E-08  3.617E-08  3.537E-08  3.459E-08  3.382E-08  3.307E-08  3.233E-08  3.161E-08  3.090E-08  3.020E-08  2.951E-08  2.884E-08  2.817E-08  2.752E-08  2.688E-08  2.625E-08  2.562E-08  2.501E-08  2.440E-08  2.381E-08  2.322E-08  2.263E-08  2.206E-08  2.149E-08  2.093E-08  2.038E-08  1.983E-08  1.928E-08  1.874E-08  1.821E-08  1.768E-08  1.716E-08  1.663E-08  1.612E-08  1.560E-08  1.509E-08  1.458E-08  1.408E-08  1.358E-08  1.307E-08  1.258E-08  1.208E-08  1.158E-08  1.109E-08  1.060E-08  1.011E-08  9.624E-09  9.143E-09  8.665E-09  8.195E-09  7.737E-09  7.168E-09  6.610E-09  6.134E-09
  296.5000  1.505E-07  1.470E-07  1.436E-07  1.403E-07  1.371E-07  1.340E-07  1.309E-07  1.279E-07  1.249E-07  1.221E-07  1.192E-07  1.165E-07  1.138E-07  1.111E-07  1.085E-07  1.060E-07  1.035E-07  1.011E-07  9.866E-08  9.630E-08  9.399E-08  9.171E-08  8.947E-08  8.727E-08  8.510E-08  8.297E-08  8.087E-08  7.880E-08  7.676E-08  7.475E-08  7.276E-08  7.081E-08  6.888E-08  6.697E-08  6.508E-08  6.321E-08  6.136E-08  5.954E-08  5.772E-08  5.593E-08  5.415E-08  5.238E-08  5.063E-08  4.890E-08  4.717E-08  4.545E-08  4.375E-08  4.205E-08  4.037E-08  3.869E-08  3.702E-08  3.536E-08  3.371E-08  3.207E-08  3.045E-08  2.884E-08  2.727E-08  2.573E-08  2.383E-08  2.197E-08  2.039E-08
  297.5000  5.384E-07  5.253E-07  5.126E-07  5.002E-07  4.882E-07  4.764E-07  4.649E-07  4.537E-07  4.428E-07  4.321E-07  4.217E-07  4.115E-07  4.015E-07  3.918E-07  3.822E-07  3.729E-07  3.638E-07  3.548E-07  3.460E-07  3.374E-07  3.290E-07  3.207E-07  3.125E-07  3.045E-07  2.967E-07  2.889E-07  2.814E-07  2.739E-07  2.666E-07  2.593E-07  2.522E-07  2.452E-07  2.383E-07  2.315E-07  2.248E-07  2.181E-07  2.115E-07  2.051E-07  1.987E-07  1.923E-07  1.861E-07  1.798E-07  1.737E-07  1.676E-07  1.616E-07  1.556E-07  1.496E-07  1.437E-07  1.378E-07  1.320E-07  1.262E-07  1.205E-07  1.148E-07  1.091E-07  1.036E-07  9.805E-08  9.264E-08  8.738E-08  8.090E-08  7.457E-08  6.916E-08
  298.5000  1.109E-06  1.081E-06  1.053E-06  1.026E-06  1.000E-06  9.747E-07  9.500E-07  9.259E-07  9.025E-07  8.798E-07  8.575E-07  8.359E-07  8.147E-07  7.940E-07  7.738E-07  7.541E-07  7.348E-07  7.159E-07  6.975E-07  6.794E-07  6.617E-07  6.443E-07  6.273E-07  6.107E-07  5.943E-07  5.782E-07  5.625E-07  5.470E-07  5.318E-07  5.169E-07  5.022E-07  4.878E-07  4.736E-07  4.596E-07  4.458E-07  4.322E-07  4.188E-07  4.056E-07  3.926E-07  3.797E-07  3.670E-07  3.544E-07  3.420E-07  3.297E-07  3.175E-07  3.055E-07  2.936E-07  2.817E-07  2.701E-07  2.584E-07  2.469E-07  2.355E-07  2.242E-07  2.130E-07  2.020E-07  1.911E-07  1.805E-07  1.701E-07  1.574E-07  1.450E-07  1.345E-07
  299.5000  4.245E-06  4.127E-06  4.013E-06  3.903E-06  3.797E-06  3.694E-06  3.594E-06  3.497E-06  3.404E-06  3.313E-06  3.224E-06  3.138E-06  3.054E-06  2.973E-06  2.893E-06  2.816E-06  2.740E-06  2.666E-06  2.594E-06  2.523E-06  2.455E-06  2.387E-06  2.321E-06  2.257E-06  2.194E-06  2.132E-06  2.071E-06  2.012E-06  1.954E-06  1.897E-06  1.840E-06  1.786E-06  1.731E-06  1.678E-06  1.626E-06  1.575E-06  1.524E-06  1.474E-06  1.425E-06  1.377E-06  1.330E-06  1.283E-06  1.236E-06  1.191E-06  1.146E-06  1.101E-06  1.057E-06  1.013E-06  9.705E-07  9.278E-07  8.857E-07  8.440E-07  8.028E-07  7.621E-07  7.221E-07  6.826E-07  6.441E-07  6.067E-07  5.611E-07  5.166E-07  4.787E-07
  300.5000  6.179E-06  5.994E-06  5.816E-06  5.645E-06  5.480E-06  5.321E-06  5.168E-06  5.020E-06  4.877E-06  4.740E-06  4.606E-06  4.476E-06  4.350E-06  4.228E-06  4.109E-06  3.994E-06  3.882E-06  3.772E-06  3.665E-06  3.561E-06  3.460E-06  3.361E-06  3.265E-06  3.170E-06  3.078E-06  2.988E-06  2.900E-06  2.813E-06  2.729E-06  2.646E-06  2.564E-06  2.485E-06  2.407E-06  2.331E-06  2.255E-06  2.182E-06  2.109E-06  2.038E-06  1.968E-06  1.900E-06  1.832E-06  1.766E-06  1.700E-06  1.636E-06  1.572E-06  1.509E-06  1.447E-06  1.386E-06  1.326E-06  1.267E-06  1.208E-06  1.150E-06  1.093E-06  1.037E-06  9.815E-07  9.271E-07  8.740E-07  8.228E-07  7.604E-07  6.996E-07  6.479E-07
  301.5000  2.052E-05  1.984E-05  1.918E-05  1.856E-05  1.796E-05  1.738E-05  1.684E-05  1.631E-05  1.580E-05  1.532E-05  1.485E-05  1.440E-05  1.396E-05  1.354E-05  1.313E-05  1.274E-05  1.235E-05  1.198E-05  1.162E-05  1.127E-05  1.093E-05  1.060E-05  1.028E-05  9.967E-06  9.661E-06  9.363E-06  9.073E-06  8.789E-06  8.511E-06  8.240E-06  7.975E-06  7.716E-06  7.462E-06  7.214E-06  6.971E-06  6.733E-06  6.499E-06  6.271E-06  6.047E-06  5.827E-06  5.611E-06  5.399E-06  5.191E-06  4.987E-06  4.786E-06  4.589E-06  4.394E-06  4.203E-06  4.016E-06  3.830E-06  3.648E-06  3.472E-06  3.292E-06  3.119E-06  2.949E-06  2.782E-06  2.621E-06  2.464E-06  2.275E-06  2.091E-06  1.935E-06
  302.5000  3.688E-05  3.554E-05  3.427E-05  3.306E-05  3.191E-05  3.080E-05  2.975E-05  2.875E-05  2.779E-05  2.687E-05  2.599E-05  2.515E-05  2.433E-05  2.355E-05  2.280E-05  2.208E-05  2.138E-05  2.070E-05  2.005E-05  1.941E-05  1.880E-05  1.821E-05  1.763E-05  1.707E-05  1.652E-05  1.599E-05  1.547E-05  1.497E-05  1.448E-05  1.400E-05  1.353E-05  1.308E-05  1.263E-05  1.220E-05  1.177E-05  1.136E-05  1.095E-05  1.055E-05  1.016E-05  9.780E-06  9.406E-06  9.040E-06  8.681E-06  8.330E-06  7.984E-06  7.646E-06  7.313E-06  6.987E-06  6.667E-06  6.352E-06  6.043E-06  5.739E-06  5.442E-06  5.149E-06  4.864E-06  4.584E-06  4.313E-06  4.055E-06  3.738E-06  3.433E-06  3.174E-06
  303.5000  1.015E-04  9.739E-05  9.352E-05  8.985E-05  8.637E-05  8.305E-05  7.990E-05  7.691E-05  7.406E-05  7.135E-05  6.876E-05  6.629E-05  6.393E-05  6.168E-05  5.952E-05  5.746E-05  5.547E-05  5.357E-05  5.174E-05  4.997E-05  4.827E-05  4.663E-05  4.505E-05  4.352E-05  4.204E-05  4.060E-05  3.921E-05  3.786E-05  3.655E-05  3.527E-05  3.403E-05  3.282E-05  3.165E-05  3.050E-05  2.939E-05  2.830E-05  2.723E-05  2.620E-05  2.519E-05  2.420E-05  2.323E-05  2.229E-05  2.136E-05  2.046E-05  1.958E-05  1.872E-05  1.787E-05  1.704E-05  1.623E-05  1.544E-05  1.467E-05  1.391E-05  1.316E-05  1.243E-05  1.173E-05  1.104E-05  1.036E-05  9.725E-06  8.961E-06  8.220E-06  7.589E-06
  304.5000  1.499E-04  1.436E-04  1.375E-04  1.318E-04  1.264E-04  1.212E-04  1.163E-04  1.117E-04  1.072E-04  1.031E-04  9.907E-05  9.527E-05  9.166E-05  8.821E-05  8.492E-05  8.179E-05  7.879E-05  7.592E-05  7.317E-05  7.054E-05  6.801E-05  6.558E-05  6.324E-05  6.098E-05  5.881E-05  5.671E-05  5.468E-05  5.272E-05  5.082E-05  4.898E-05  4.719E-05  4.546E-05  4.377E-05  4.213E-05  4.054E-05  3.899E-05  3.748E-05  3.601E-05  3.457E-05  3.317E-05  3.181E-05  3.048E-05  2.918E-05  2.791E-05  2.668E-05  2.547E-05  2.429E-05  2.313E-05  2.201E-05  2.091E-05  1.983E-05  1.878E-05  1.776E-05  1.676E-05  1.579E-05  1.484E-05  1.392E-05  1.305E-05  1.201E-05  1.101E-05  1.015E-05
  305.5000  3.252E-04  3.104E-04  2.964E-04  2.831E-04  2.705E-04  2.585E-04  2.471E-04  2.363E-04  2.260E-04  2.162E-04  2.070E-04  1.982E-04  1.898E-04  1.819E-04  1.744E-04  1.672E-04  1.604E-04  1.539E-04  1.477E-04  1.418E-04  1.362E-04  1.308E-04  1.257E-04  1.208E-04  1.161E-04  1.116E-04  1.072E-04  1.031E-04  9.904E-05  9.517E-05  9.144E-05  8.784E-05  8.436E-05  8.100E-05  7.773E-05  7.457E-05  7.151E-05  6.854E-05  6.565E-05  6.285E-05  6.012E-05  5.747E-05  5.489E-05  5.239E-05  4.995E-05  4.758E-05  4.526E-05  4.301E-05  4.083E-05  3.870E-05  3.662E-05  3.461E-05  3.264E-05  3.074E-05  2.889E-05  2.710E-05  2.538E-05  2.374E-05  2.181E-05  1.995E-05  1.837E-05
  306.5000  4.264E-04  4.068E-04  3.880E-04  3.702E-04  3.533E-04  3.371E-04  3.218E-04  3.072E-04  2.934E-04  2.802E-04  2.677E-04  2.559E-04  2.446E-04  2.339E-04  2.238E-04  2.142E-04  2.050E-04  1.963E-04  1.880E-04  1.801E-04  1.726E-04  1.655E-04  1.587E-04  1.522E-04  1.460E-04  1.400E-04  1.344E-04  1.289E-04  1.237E-04  1.187E-04  1.138E-04  1.092E-04  1.047E-04  1.004E-04  9.623E-05  9.219E-05  8.829E-05  8.453E-05  8.087E-05  7.732E-05  7.388E-05  7.054E-05  6.729E-05  6.415E-05  6.109E-05  5.812E-05  5.523E-05  5.243E-05  4.971E-05  4.705E-05  4.448E-05  4.198E-05  3.955E-05  3.720E-05  3.493E-05  3.273E-05  3.062E-05  2.860E-05  2.625E-05  2.400E-05  2.207E-05
  307.5000  9.910E-04  9.449E-04  9.007E-04  8.586E-04  8.182E-04  7.796E-04  7.428E-04  7.077E-04  6.742E-04  6.424E-04  6.120E-04  5.831E-04  5.555E-04  5.294E-04  5.045E-04  4.809E-04  4.584E-04  4.371E-04  4.168E-04  3.976E-04  3.794E-04  3.620E-04  3.455E-04  3.298E-04  3.149E-04  3.007E-04  2.873E-04  2.744E-04  2.622E-04  2.505E-04  2.393E-04  2.286E-04  2.184E-04  2.086E-04  1.992E-04  1.902E-04  1.815E-04  1.732E-04  1.652E-04  1.574E-04  1.500E-04  1.428E-04  1.358E-04  1.291E-04  1.226E-04  1.163E-04  1.102E-04  1.043E-04  9.857E-05  9.304E-05  8.770E-05  8.253E-05  7.753E-05  7.271E-05  6.808E-05  6.361E-05  5.935E-05  5.529E-05  5.063E-05  4.617E-05  4.237E-05
  308.5000  1.344E-03  1.282E-03  1.222E-03  1.165E-03  1.110E-03  1.058E-03  1.008E-03  9.598E-04  9.139E-04  8.703E-04  8.286E-04  7.888E-04  7.508E-04  7.147E-04  6.803E-04  6.477E-04  6.166E-04  5.871E-04  5.590E-04  5.323E-04  5.071E-04  4.830E-04  4.602E-04  4.385E-04  4.179E-04  3.983E-04  3.797E-04  3.620E-04  3.452E-04  3.292E-04  3.139E-04  2.994E-04  2.855E-04  2.722E-04  2.595E-04  2.474E-04  2.357E-04  2.246E-04  2.138E-04  2.035E-04  1.936E-04  1.840E-04  1.748E-04  1.659E-04  1.574E-04  1.491E-04  1.411E-04  1.333E-04  1.259E-04  1.187E-04  1.117E-04  1.050E-04  9.853E-05  9.229E-05  8.629E-05  8.053E-05  7.504E-05  6.983E-05  6.390E-05  5.817E-05  5.332E-05
  309.5000  1.680E-03  1.605E-03  1.532E-03  1.462E-03  1.395E-03  1.330E-03  1.267E-03  1.207E-03  1.150E-03  1.095E-03  1.042E-03  9.912E-04  9.428E-04  8.966E-04  8.524E-04  8.103E-04  7.701E-04  7.317E-04  6.952E-04  6.605E-04  6.275E-04  5.960E-04  5.661E-04  5.377E-04  5.107E-04  4.851E-04  4.609E-04  4.378E-04  4.159E-04  3.951E-04  3.753E-04  3.566E-04  3.387E-04  3.218E-04  3.056E-04  2.902E-04  2.755E-04  2.616E-04  2.482E-04  2.355E-04  2.232E-04  2.115E-04  2.003E-04  1.896E-04  1.793E-04  1.693E-04  1.598E-04  1.506E-04  1.418E-04  1.333E-04  1.252E-04  1.173E-04  1.098E-04  1.025E-04  9.558E-05  8.898E-05  8.268E-05  7.673E-05  7.002E-05  6.361E-05  5.816E-05
  310.5000  2.970E-03  2.840E-03  2.716E-03  2.595E-03  2.479E-03  2.366E-03  2.258E-03  2.153E-03  2.052E-03  1.955E-03  1.862E-03  1.772E-03  1.686E-03  1.604E-03  1.525E-03  1.449E-03  1.377E-03  1.307E-03  1.241E-03  1.178E-03  1.118E-03  1.060E-03  1.005E-03  9.532E-04  9.036E-04  8.565E-04  8.118E-04  7.692E-04  7.289E-04  6.905E-04  6.542E-04  6.197E-04  5.870E-04  5.559E-04  5.264E-04  4.984E-04  4.718E-04  4.465E-04  4.224E-04  3.995E-04  3.777E-04  3.569E-04  3.371E-04  3.181E-04  3.000E-04  2.827E-04  2.661E-04  2.502E-04  2.350E-04  2.204E-04  2.064E-04  1.930E-04  1.802E-04  1.679E-04  1.562E-04  1.450E-04  1.344E-04  1.245E-04  1.132E-04  1.027E-04  9.371E-05
  311.5000  4.554E-03  4.362E-03  4.175E-03  3.995E-03  3.820E-03  3.650E-03  3.486E-03  3.328E-03  3.175E-03  3.028E-03  2.886E-03  2.748E-03  2.616E-03  2.490E-03  2.368E-03  2.251E-03  2.138E-03  2.031E-03  1.927E-03  1.829E-03  1.735E-03  1.644E-03  1.558E-03  1.476E-03  1.398E-03  1.324E-03  1.253E-03  1.186E-03  1.122E-03  1.061E-03  1.003E-03  9.486E-04  8.967E-04  8.474E-04  8.007E-04  7.565E-04  7.145E-04  6.747E-04  6.369E-04  6.010E-04  5.669E-04  5.345E-04  5.037E-04  4.744E-04  4.464E-04  4.198E-04  3.943E-04  3.700E-04  3.469E-04  3.247E-04  3.035E-04  2.833E-04  2.640E-04  2.456E-04  2.280E-04  2.113E-04  1.956E-04  1.807E-04  1.643E-04  1.487E-04  1.354E-04
  312.5000  6.152E-03  5.910E-03  5.674E-03  5.445E-03  5.221E-03  5.003E-03  4.792E-03  4.586E-03  4.387E-03  4.194E-03  4.006E-03  3.824E-03  3.648E-03  3.478E-03  3.314E-03  3.156E-03  3.002E-03  2.855E-03  2.713E-03  2.576E-03  2.445E-03  2.318E-03  2.197E-03  2.081E-03  1.970E-03  1.864E-03  1.762E-03  1.665E-03  1.573E-03  1.484E-03  1.400E-03  1.321E-03  1.245E-03  1.173E-03  1.104E-03  1.039E-03  9.779E-04  9.198E-04  8.646E-04  8.123E-04  7.628E-04  7.159E-04  6.716E-04  6.296E-04  5.898E-04  5.521E-04  5.163E-04  4.824E-04  4.502E-04  4.197E-04  3.907E-04  3.631E-04  3.369E-04  3.121E-04  2.892E-04  2.665E-04  2.456E-04  2.260E-04  2.047E-04  1.845E-04  1.674E-04
  313.5000  7.537E-03  7.245E-03  6.961E-03  6.685E-03  6.415E-03  6.152E-03  5.896E-03  5.647E-03  5.405E-03  5.171E-03  4.943E-03  4.722E-03  4.507E-03  4.300E-03  4.099E-03  3.905E-03  3.717E-03  3.536E-03  3.362E-03  3.193E-03  3.032E-03  2.876E-03  2.726E-03  2.583E-03  2.445E-03  2.313E-03  2.187E-03  2.067E-03  1.952E-03  1.842E-03  1.737E-03  1.638E-03  1.543E-03  1.453E-03  1.367E-03  1.286E-03  1.209E-03  1.136E-03  1.067E-03  1.001E-03  9.395E-04  8.809E-04  8.255E-04  7.731E-04  7.235E-04  6.765E-04  6.320E-04  5.898E-04  5.500E-04  5.121E-04  4.762E-04  4.422E-04  4.099E-04  3.794E-04  3.506E-04  3.233E-04  2.976E-04  2.737E-04  2.476E-04  2.230E-04  2.021E-04
  314.5000  1.005E-02  9.693E-03  9.343E-03  9.001E-03  8.666E-03  8.338E-03  8.017E-03  7.703E-03  7.397E-03  7.099E-03  6.807E-03  6.523E-03  6.246E-03  5.976E-03  5.714E-03  5.459E-03  5.211E-03  4.971E-03  4.737E-03  4.511E-03  4.293E-03  4.081E-03  3.876E-03  3.679E-03  3.488E-03  3.305E-03  3.128E-03  2.958E-03  2.795E-03  2.638E-03  2.488E-03  2.345E-03  2.208E-03  2.077E-03  1.952E-03  1.833E-03  1.719E-03  1.612E-03  1.509E-03  1.412E-03  1.320E-03  1.233E-03  1.151E-03  1.074E-03  1.000E-03  9.309E-04  8.655E-04  8.039E-04  7.459E-04  6.911E-04  6.395E-04  5.908E-04  5.450E-04  5.019E-04  4.615E-04  4.236E-04  3.881E-04  3.552E-04  3.198E-04  2.867E-04  2.586E-04
  315.5000  1.088E-02  1.050E-02  1.013E-02  9.763E-03  9.405E-03  9.053E-03  8.710E-03  8.374E-03  8.045E-03  7.725E-03  7.412E-03  7.106E-03  6.808E-03  6.518E-03  6.235E-03  5.960E-03  5.693E-03  5.433E-03  5.180E-03  4.936E-03  4.699E-03  4.469E-03  4.247E-03  4.032E-03  3.825E-03  3.625E-03  3.433E-03  3.247E-03  3.069E-03  2.898E-03  2.734E-03  2.577E-03  2.426E-03  2.282E-03  2.145E-03  2.014E-03  1.889E-03  1.771E-03  1.658E-03  1.551E-03  1.450E-03  1.354E-03  1.263E-03  1.178E-03  1.096E-03  1.020E-03  9.478E-04  8.798E-04  8.158E-04  7.554E-04  6.986E-04  6.450E-04  5.947E-04  5.473E-04  5.030E-04  4.613E-04  4.224E-04  3.864E-04  3.477E-04  3.114E-04  2.807E-04
  316.5000  1.362E-02  1.318E-02  1.275E-02  1.233E-02  1.191E-02  1.150E-02  1.109E-02  1.070E-02  1.031E-02  9.931E-03  9.558E-03  9.192E-03  8.834E-03  8.484E-03  8.141E-03  7.807E-03  7.480E-03  7.161E-03  6.849E-03  6.545E-03  6.250E-03  5.962E-03  5.682E-03  5.410E-03  5.146E-03  4.890E-03  4.642E-03  4.402E-03  4.170E-03  3.945E-03  3.729E-03  3.520E-03  3.320E-03  3.126E-03  2.941E-03  2.763E-03  2.593E-03  2.431E-03  2.275E-03  2.127E-03  1.986E-03  1.852E-03  1.725E-03  1.605E-03  1.490E-03  1.383E-03  1.281E-03  1.185E-03  1.094E-03  1.009E-03  9.298E-04  8.545E-04  7.843E-04  7.185E-04  6.572E-04  5.999E-04  5.467E-04  4.977E-04  4.457E-04  3.974E-04  3.564E-04
  317.5000  1.928E-02  1.866E-02  1.804E-02  1.744E-02  1.685E-02  1.627E-02  1.570E-02  1.514E-02  1.459E-02  1.405E-02  1.352E-02  1.301E-02  1.250E-02  1.200E-02  1.152E-02  1.104E-02  1.058E-02  1.013E-02  9.688E-03  9.258E-03  8.840E-03  8.433E-03  8.036E-03  7.651E-03  7.277E-03  6.915E-03  6.564E-03  6.224E-03  5.896E-03  5.578E-03  5.272E-03  4.977E-03  4.693E-03  4.420E-03  4.158E-03  3.906E-03  3.666E-03  3.436E-03  3.217E-03  3.007E-03  2.808E-03  2.618E-03  2.439E-03  2.269E-03  2.107E-03  1.955E-03  1.811E-03  1.675E-03  1.548E-03  1.428E-03  1.316E-03  1.209E-03  1.110E-03  1.017E-03  9.305E-04  8.496E-04  7.745E-04  7.051E-04  6.316E-04  5.632E-04  5.053E-04
  318.5000  1.876E-02  1.820E-02  1.766E-02  1.712E-02  1.659E-02  1.606E-02  1.555E-02  1.504E-02  1.454E-02  1.405E-02  1.356E-02  1.309E-02  1.262E-02  1.216E-02  1.171E-02  1.126E-02  1.083E-02  1.040E-02  9.984E-03  9.575E-03  9.175E-03  8.783E-03  8.400E-03  8.026E-03  7.661E-03  7.304E-03  6.958E-03  6.620E-03  6.292E-03  5.972E-03  5.662E-03  5.362E-03  5.071E-03  4.790E-03  4.517E-03  4.255E-03  4.001E-03  3.758E-03  3.524E-03  3.299E-03  3.084E-03  2.878E-03  2.682E-03  2.495E-03  2.316E-03  2.147E-03  1.987E-03  1.835E-03  1.692E-03  1.556E-03  1.429E-03  1.310E-03  1.198E-03  1.093E-03  9.957E-04  9.050E-04  8.210E-04  7.439E-04  6.631E-04  5.883E-04  5.250E-04
  319.5000  2.383E-02  2.314E-02  2.246E-02  2.179E-02  2.112E-02  2.047E-02  1.982E-02  1.919E-02  1.856E-02  1.794E-02  1.734E-02  1.674E-02  1.615E-02  1.557E-02  1.500E-02  1.444E-02  1.390E-02  1.336E-02  1.283E-02  1.231E-02  1.181E-02  1.131E-02  1.083E-02  1.035E-02  9.888E-03  9.435E-03  8.995E-03  8.565E-03  8.146E-03  7.738E-03  7.342E-03  6.958E-03  6.585E-03  6.224E-03  5.874E-03  5.537E-03  5.211E-03  4.897E-03  4.595E-03  4.304E-03  4.026E-03  3.759E-03  3.503E-03  3.260E-03  3.028E-03  2.807E-03  2.598E-03  2.399E-03  2.212E-03  2.035E-03  1.868E-03  1.712E-03  1.565E-03  1.428E-03  1.300E-03  1.181E-03  1.071E-03  9.698E-04  8.638E-04  7.657E-04  6.829E-04
  320.5000  3.047E-02  2.961E-02  2.875E-02  2.791E-02  2.708E-02  2.626E-02  2.545E-02  2.465E-02  2.386E-02  2.309E-02  2.232E-02  2.157E-02  2.083E-02  2.010E-02  1.938E-02  1.868E-02  1.798E-02  1.730E-02  1.663E-02  1.598E-02  1.533E-02  1.470E-02  1.409E-02  1.348E-02  1.289E-02  1.231E-02  1.175E-02  1.120E-02  1.066E-02  1.013E-02  9.624E-03  9.130E-03  8.648E-03  8.181E-03  7.728E-03  7.290E-03  6.867E-03  6.459E-03  6.064E-03  5.685E-03  5.320E-03  4.970E-03  4.635E-03  4.315E-03  4.009E-03  3.718E-03  3.441E-03  3.178E-03  2.930E-03  2.695E-03  2.473E-03  2.265E-03  2.070E-03  1.887E-03  1.717E-03  1.558E-03  1.411E-03  1.276E-03  1.136E-03  1.005E-03  8.954E-04
  321.5000  3.148E-02  3.068E-02  2.988E-02  2.909E-02  2.830E-02  2.753E-02  2.676E-02  2.601E-02  2.526E-02  2.452E-02  2.379E-02  2.306E-02  2.235E-02  2.164E-02  2.095E-02  2.026E-02  1.959E-02  1.892E-02  1.826E-02  1.761E-02  1.697E-02  1.634E-02  1.572E-02  1.511E-02  1.451E-02  1.392E-02  1.335E-02  1.278E-02  1.222E-02  1.168E-02  1.114E-02  1.062E-02  1.011E-02  9.609E-03  9.121E-03  8.646E-03  8.183E-03  7.734E-03  7.296E-03  6.871E-03  6.460E-03  6.061E-03  5.677E-03  5.306E-03  4.949E-03  4.605E-03  4.276E-03  3.961E-03  3.660E-03  3.373E-03  3.101E-03  2.843E-03  2.599E-03  2.369E-03  2.154E-03  1.952E-03  1.765E-03  1.593E-03  1.413E-03  1.246E-03  1.106E-03
  322.5000  2.726E-02  2.650E-02  2.575E-02  2.501E-02  2.428E-02  2.356E-02  2.285E-02  2.215E-02  2.145E-02  2.077E-02  2.010E-02  1.943E-02  1.878E-02  1.813E-02  1.750E-02  1.688E-02  1.626E-02  1.566E-02  1.507E-02  1.448E-02  1.391E-02  1.335E-02  1.280E-02  1.226E-02  1.173E-02  1.122E-02  1.071E-02  1.022E-02  9.736E-03  9.265E-03  8.807E-03  8.362E-03  7.928E-03  7.506E-03  7.097E-03  6.700E-03  6.316E-03  5.945E-03  5.586E-03  5.241E-03  4.908E-03  4.588E-03  4.281E-03  3.988E-03  3.707E-03  3.438E-03  3.183E-03  2.941E-03  2.711E-03  2.494E-03  2.289E-03  2.096E-03  1.914E-03  1.744E-03  1.586E-03  1.439E-03  1.303E-03  1.177E-03  1.047E-03  9.257E-04  8.237E-04
  323.5000  3.566E-02  3.479E-02  3.393E-02  3.307E-02  3.223E-02  3.139E-02  3.056E-02  2.974E-02  2.892E-02  2.812E-02  2.732E-02  2.653E-02  2.575E-02  2.498E-02  2.422E-02  2.347E-02  2.272E-02  2.199E-02  2.126E-02  2.054E-02  1.984E-02  1.914E-02  1.845E-02  1.777E-02  1.710E-02  1.645E-02  1.580E-02  1.516E-02  1.454E-02  1.392E-02  1.331E-02  1.272E-02  1.214E-02  1.157E-02  1.101E-02  1.046E-02  9.930E-03  9.409E-03  8.901E-03  8.405E-03  7.923E-03  7.455E-03  7.000E-03  6.561E-03  6.135E-03  5.724E-03  5.327E-03  4.946E-03  4.581E-03  4.231E-03  3.897E-03  3.579E-03  3.277E-03  2.991E-03  2.722E-03  2.470E-03  2.234E-03  2.017E-03  1.788E-03  1.576E-03  1.397E-03
  324.5000  4.149E-02  4.047E-02  3.947E-02  3.847E-02  3.748E-02  3.650E-02  3.552E-02  3.456E-02  3.361E-02  3.267E-02  3.174E-02  3.082E-02  2.991E-02  2.900E-02  2.811E-02  2.723E-02  2.637E-02  2.551E-02  2.466E-02  2.382E-02  2.300E-02  2.218E-02  2.138E-02  2.059E-02  1.981E-02  1.904E-02  1.829E-02  1.754E-02  1.681E-02  1.610E-02  1.539E-02  1.470E-02  1.403E-02  1.336E-02  1.271E-02  1.208E-02  1.146E-02  1.086E-02  1.027E-02  9.691E-03  9.132E-03  8.589E-03  8.063E-03  7.554E-03  7.062E-03  6.586E-03  6.128E-03  5.688E-03  5.268E-03  4.864E-03  4.478E-03  4.112E-03  3.764E-03  3.436E-03  3.127E-03  2.837E-03  2.566E-03  2.317E-03  2.054E-03  1.811E-03  1.605E-03
  325.5000  4.511E-02  4.399E-02  4.287E-02  4.176E-02  4.067E-02  3.958E-02  3.851E-02  3.744E-02  3.639E-02  3.535E-02  3.432E-02  3.331E-02  3.230E-02  3.131E-02  3.033E-02  2.936E-02  2.840E-02  2.746E-02  2.653E-02  2.561E-02  2.470E-02  2.381E-02  2.293E-02  2.206E-02  2.121E-02  2.037E-02  1.955E-02  1.874E-02  1.794E-02  1.716E-02  1.639E-02  1.564E-02  1.491E-02  1.419E-02  1.348E-02  1.280E-02  1.213E-02  1.148E-02  1.084E-02  1.022E-02  9.620E-03  9.038E-03  8.474E-03  7.931E-03  7.405E-03  6.898E-03  6.411E-03  5.944E-03  5.498E-03  5.072E-03  4.665E-03  4.279E-03  3.914E-03  3.569E-03  3.246E-03  2.943E-03  2.661E-03  2.401E-03  2.128E-03  1.876E-03  1.663E-03
  326.5000  6.417E-02  6.272E-02  6.128E-02  5.985E-02  5.843E-02  5.703E-02  5.563E-02  5.425E-02  5.287E-02  5.152E-02  5.017E-02  4.883E-02  4.751E-02  4.620E-02  4.490E-02  4.362E-02  4.234E-02  4.108E-02  3.983E-02  3.860E-02  3.738E-02  3.617E-02  3.498E-02  3.380E-02  3.263E-02  3.148E-02  3.034E-02  2.922E-02  2.811E-02  2.702E-02  2.594E-02  2.489E-02  2.384E-02  2.281E-02  2.180E-02  2.081E-02  1.983E-02  1.888E-02  1.794E-02  1.702E-02  1.612E-02  1.524E-02  1.438E-02  1.355E-02  1.273E-02  1.194E-02  1.117E-02  1.042E-02  9.701E-03  9.004E-03  8.333E-03  7.689E-03  7.072E-03  6.484E-03  5.926E-03  5.397E-03  4.899E-03  4.437E-03  3.940E-03  3.478E-03  3.088E-03
  327.5000  5.677E-02  5.544E-02  5.412E-02  5.281E-02  5.152E-02  5.023E-02  4.896E-02  4.770E-02  4.644E-02  4.521E-02  4.398E-02  4.277E-02  4.156E-02  4.037E-02  3.919E-02  3.803E-02  3.688E-02  3.573E-02  3.461E-02  3.349E-02  3.239E-02  3.130E-02  3.023E-02  2.917E-02  2.812E-02  2.708E-02  2.607E-02  2.506E-02  2.407E-02  2.310E-02  2.214E-02  2.120E-02  2.027E-02  1.936E-02  1.847E-02  1.759E-02  1.674E-02  1.590E-02  1.507E-02  1.427E-02  1.349E-02  1.272E-02  1.198E-02  1.125E-02  1.055E-02  9.869E-03  9.210E-03  8.573E-03  7.961E-03  7.372E-03  6.809E-03  6.265E-03  5.749E-03  5.259E-03  4.796E-03  4.359E-03  3.950E-03  3.570E-03  3.167E-03  2.793E-03  2.477E-03
  328.5000  5.255E-02  5.132E-02  5.010E-02  4.889E-02  4.769E-02  4.650E-02  4.532E-02  4.416E-02  4.300E-02  4.186E-02  4.072E-02  3.960E-02  3.848E-02  3.738E-02  3.629E-02  3.521E-02  3.414E-02  3.309E-02  3.204E-02  3.101E-02  3.000E-02  2.899E-02  2.799E-02  2.701E-02  2.604E-02  2.508E-02  2.414E-02  2.321E-02  2.230E-02  2.140E-02  2.051E-02  1.964E-02  1.878E-02  1.794E-02  1.711E-02  1.630E-02  1.550E-02  1.472E-02  1.396E-02  1.322E-02  1.249E-02  1.178E-02  1.109E-02  1.042E-02  9.769E-03  9.137E-03  8.526E-03  7.936E-03  7.368E-03  6.821E-03  6.300E-03  5.795E-03  5.317E-03  4.862E-03  4.433E-03  4.028E-03  3.649E-03  3.297E-03  2.924E-03  2.578E-03  2.285E-03
  329.5000  7.678E-02  7.512E-02  7.347E-02  7.184E-02  7.021E-02  6.860E-02  6.700E-02  6.541E-02  6.384E-02  6.228E-02  6.073E-02  5.920E-02  5.767E-02  5.616E-02  5.466E-02  5.318E-02  5.171E-02  5.025E-02  4.880E-02  4.737E-02  4.595E-02  4.455E-02  4.316E-02  4.178E-02  4.042E-02  3.907E-02  3.774E-02  3.642E-02  3.512E-02  3.383E-02  3.256E-02  3.130E-02  3.007E-02  2.884E-02  2.764E-02  2.645E-02  2.528E-02  2.413E-02  2.300E-02  2.189E-02  2.080E-02  1.973E-02  1.868E-02  1.765E-02  1.665E-02  1.567E-02  1.471E-02  1.378E-02  1.287E-02  1.199E-02  1.114E-02  1.032E-02  9.530E-03  8.771E-03  8.046E-03  7.355E-03  6.702E-03  6.090E-03  5.422E-03  4.797E-03  4.270E-03
  330.5000  6.649E-02  6.500E-02  6.352E-02  6.206E-02  6.060E-02  5.916E-02  5.773E-02  5.631E-02  5.490E-02  5.351E-02  5.213E-02  5.076E-02  4.940E-02  4.806E-02  4.672E-02  4.541E-02  4.410E-02  4.280E-02  4.152E-02  4.025E-02  3.900E-02  3.775E-02  3.653E-02  3.531E-02  3.411E-02  3.292E-02  3.175E-02  3.059E-02  2.945E-02  2.832E-02  2.721E-02  2.612E-02  2.504E-02  2.397E-02  2.293E-02  2.190E-02  2.088E-02  1.989E-02  1.892E-02  1.796E-02  1.702E-02  1.611E-02  1.521E-02  1.434E-02  1.349E-02  1.266E-02  1.185E-02  1.107E-02  1.031E-02  9.580E-03  8.874E-03  8.195E-03  7.543E-03  6.921E-03  6.330E-03  5.769E-03  5.242E-03  4.750E-03  4.220E-03  3.726E-03  3.309E-03
  331.5000  6.509E-02  6.362E-02  6.217E-02  6.073E-02  5.929E-02  5.787E-02  5.646E-02  5.506E-02  5.368E-02  5.231E-02  5.094E-02  4.959E-02  4.826E-02  4.693E-02  4.562E-02  4.432E-02  4.304E-02  4.176E-02  4.050E-02  3.925E-02  3.802E-02  3.680E-02  3.559E-02  3.439E-02  3.321E-02  3.205E-02  3.090E-02  2.976E-02  2.864E-02  2.753E-02  2.644E-02  2.537E-02  2.431E-02  2.327E-02  2.224E-02  2.123E-02  2.024E-02  1.927E-02  1.832E-02  1.739E-02  1.647E-02  1.558E-02  1.470E-02  1.385E-02  1.302E-02  1.221E-02  1.143E-02  1.066E-02  9.930E-03  9.218E-03  8.532E-03  7.874E-03  7.243E-03  6.641E-03  6.070E-03  5.528E-03  5.019E-03  4.545E-03  4.036E-03  3.561E-03  3.161E-03
  332.5000  6.989E-02  6.841E-02  6.693E-02  6.547E-02  6.402E-02  6.258E-02  6.115E-02  5.973E-02  5.832E-02  5.692E-02  5.553E-02  5.415E-02  5.279E-02  5.143E-02  5.009E-02  4.876E-02  4.744E-02  4.613E-02  4.483E-02  4.354E-02  4.227E-02  4.101E-02  3.975E-02  3.851E-02  3.729E-02  3.607E-02  3.487E-02  3.368E-02  3.251E-02  3.134E-02  3.019E-02  2.906E-02  2.794E-02  2.683E-02  2.574E-02  2.466E-02  2.359E-02  2.255E-02  2.152E-02  2.050E-02  1.951E-02  1.853E-02  1.756E-02  1.662E-02  1.570E-02  1.480E-02  1.391E-02  1.305E-02  1.222E-02  1.140E-02  1.061E-02  9.844E-03  9.104E-03  8.393E-03  7.713E-03  7.062E-03  6.446E-03  5.867E-03  5.230E-03  4.633E-03  4.129E-03
  333.5000  6.335E-02  6.197E-02  6.060E-02  5.924E-02  5.789E-02  5.655E-02  5.521E-02  5.389E-02  5.259E-02  5.129E-02  5.000E-02  4.873E-02  4.746E-02  4.620E-02  4.496E-02  4.373E-02  4.251E-02  4.130E-02  4.010E-02  3.891E-02  3.773E-02  3.657E-02  3.542E-02  3.427E-02  3.314E-02  3.203E-02  3.093E-02  2.984E-02  2.876E-02  2.769E-02  2.664E-02  2.560E-02  2.458E-02  2.357E-02  2.257E-02  2.159E-02  2.063E-02  1.968E-02  1.875E-02  1.783E-02  1.693E-02  1.605E-02  1.519E-02  1.434E-02  1.352E-02  1.271E-02  1.193E-02  1.116E-02  1.042E-02  9.702E-03  9.007E-03  8.335E-03  7.689E-03  7.070E-03  6.480E-03  5.918E-03  5.387E-03  4.891E-03  4.351E-03  3.846E-03  3.420E-03
  334.5000  7.219E-02  7.064E-02  6.909E-02  6.756E-02  6.604E-02  6.454E-02  6.304E-02  6.155E-02  6.008E-02  5.862E-02  5.717E-02  5.573E-02  5.430E-02  5.289E-02  5.149E-02  5.010E-02  4.872E-02  4.735E-02  4.600E-02  4.466E-02  4.333E-02  4.202E-02  4.071E-02  3.942E-02  3.814E-02  3.688E-02  3.563E-02  3.440E-02  3.318E-02  3.197E-02  3.077E-02  2.960E-02  2.843E-02  2.729E-02  2.615E-02  2.504E-02  2.394E-02  2.286E-02  2.180E-02  2.075E-02  1.972E-02  1.871E-02  1.772E-02  1.676E-02  1.581E-02  1.488E-02  1.398E-02  1.310E-02  1.224E-02  1.141E-02  1.060E-02  9.825E-03  9.074E-03  8.353E-03  7.665E-03  7.008E-03  6.387E-03  5.805E-03  5.169E-03  4.573E-03  4.070E-03
  335.5000  7.628E-02  7.469E-02  7.310E-02  7.154E-02  6.998E-02  6.843E-02  6.689E-02  6.536E-02  6.384E-02  6.234E-02  6.085E-02  5.937E-02  5.790E-02  5.644E-02  5.499E-02  5.356E-02  5.214E-02  5.073E-02  4.933E-02  4.794E-02  4.657E-02  4.520E-02  4.385E-02  4.252E-02  4.119E-02  3.988E-02  3.858E-02  3.729E-02  3.602E-02  3.476E-02  3.351E-02  3.228E-02  3.106E-02  2.986E-02  2.867E-02  2.750E-02  2.634E-02  2.520E-02  2.407E-02  2.296E-02  2.187E-02  2.080E-02  1.975E-02  1.871E-02  1.770E-02  1.670E-02  1.573E-02  1.478E-02  1.385E-02  1.295E-02  1.207E-02  1.122E-02  1.039E-02  9.594E-03  8.831E-03  8.100E-03  7.405E-03  6.752E-03  6.026E-03  5.344E-03  4.770E-03
  336.5000  5.897E-02  5.773E-02  5.649E-02  5.527E-02  5.405E-02  5.284E-02  5.165E-02  5.045E-02  4.927E-02  4.810E-02  4.694E-02  4.579E-02  4.464E-02  4.350E-02  4.238E-02  4.126E-02  4.015E-02  3.906E-02  3.797E-02  3.689E-02  3.582E-02  3.476E-02  3.371E-02  3.267E-02  3.164E-02  3.062E-02  2.961E-02  2.861E-02  2.762E-02  2.664E-02  2.568E-02  2.472E-02  2.378E-02  2.284E-02  2.192E-02  2.101E-02  2.012E-02  1.924E-02  1.837E-02  1.751E-02  1.667E-02  1.584E-02  1.502E-02  1.423E-02  1.345E-02  1.268E-02  1.193E-02  1.120E-02  1.049E-02  9.796E-03  9.122E-03  8.469E-03  7.838E-03  7.231E-03  6.649E-03  6.092E-03  5.564E-03  5.067E-03  4.519E-03  4.004E-03  3.570E-03
  337.5000  6.295E-02  6.160E-02  6.025E-02  5.892E-02  5.759E-02  5.627E-02  5.497E-02  5.367E-02  5.239E-02  5.111E-02  4.985E-02  4.859E-02  4.735E-02  4.611E-02  4.489E-02  4.368E-02  4.248E-02  4.129E-02  4.010E-02  3.893E-02  3.778E-02  3.663E-02  3.549E-02  3.437E-02  3.326E-02  3.215E-02  3.107E-02  2.999E-02  2.892E-02  2.787E-02  2.683E-02  2.580E-02  2.479E-02  2.379E-02  2.280E-02  2.183E-02  2.087E-02  1.993E-02  1.900E-02  1.809E-02  1.719E-02  1.631E-02  1.545E-02  1.460E-02  1.378E-02  1.297E-02  1.218E-02  1.141E-02  1.066E-02  9.939E-03  9.236E-03  8.557E-03  7.902E-03  7.274E-03  6.673E-03  6.100E-03  5.558E-03  5.051E-03  4.496E-03  3.977E-03  3.539E-03
  338.5000  6.941E-02  6.796E-02  6.652E-02  6.510E-02  6.368E-02  6.227E-02  6.087E-02  5.948E-02  5.811E-02  5.674E-02  5.539E-02  5.404E-02  5.270E-02  5.138E-02  5.006E-02  4.876E-02  4.747E-02  4.619E-02  4.491E-02  4.365E-02  4.241E-02  4.117E-02  3.994E-02  3.872E-02  3.752E-02  3.632E-02  3.515E-02  3.398E-02  3.282E-02  3.167E-02  3.054E-02  2.942E-02  2.831E-02  2.722E-02  2.614E-02  2.507E-02  2.402E-02  2.298E-02  2.196E-02  2.095E-02  1.995E-02  1.898E-02  1.802E-02  1.708E-02  1.615E-02  1.524E-02  1.436E-02  1.349E-02  1.265E-02  1.182E-02  1.102E-02  1.024E-02  9.488E-03  8.762E-03  8.066E-03  7.398E-03  6.763E-03  6.167E-03  5.504E-03  4.880E-03  4.355E-03
  339.5000  7.595E-02  7.437E-02  7.280E-02  7.125E-02  6.970E-02  6.817E-02  6.664E-02  6.513E-02  6.363E-02  6.214E-02  6.066E-02  5.920E-02  5.774E-02  5.629E-02  5.486E-02  5.344E-02  5.203E-02  5.063E-02  4.925E-02  4.787E-02  4.651E-02  4.516E-02  4.382E-02  4.249E-02  4.118E-02  3.988E-02  3.859E-02  3.731E-02  3.605E-02  3.480E-02  3.356E-02  3.234E-02  3.113E-02  2.993E-02  2.875E-02  2.758E-02  2.643E-02  2.530E-02  2.418E-02  2.307E-02  2.198E-02  2.092E-02  1.986E-02  1.883E-02  1.782E-02  1.683E-02  1.585E-02  1.490E-02  1.397E-02  1.307E-02  1.219E-02  1.133E-02  1.050E-02  9.702E-03  8.935E-03  8.199E-03  7.499E-03  6.840E-03  6.107E-03  5.416E-03  4.835E-03
  340.5000  8.000E-02  7.832E-02  7.665E-02  7.499E-02  7.334E-02  7.171E-02  7.008E-02  6.847E-02  6.687E-02  6.529E-02  6.371E-02  6.215E-02  6.060E-02  5.906E-02  5.754E-02  5.603E-02  5.453E-02  5.305E-02  5.157E-02  5.011E-02  4.867E-02  4.723E-02  4.581E-02  4.440E-02  4.301E-02  4.162E-02  4.026E-02  3.891E-02  3.757E-02  3.624E-02  3.493E-02  3.364E-02  3.236E-02  3.110E-02  2.985E-02  2.862E-02  2.740E-02  2.621E-02  2.502E-02  2.386E-02  2.272E-02  2.159E-02  2.049E-02  1.941E-02  1.834E-02  1.730E-02  1.628E-02  1.529E-02  1.432E-02  1.338E-02  1.246E-02  1.157E-02  1.071E-02  9.881E-03  9.087E-03  8.327E-03  7.605E-03  6.927E-03  6.177E-03  5.473E-03  4.879E-03
  341.5000  7.268E-02  7.118E-02  6.968E-02  6.820E-02  6.673E-02  6.526E-02  6.381E-02  6.237E-02  6.094E-02  5.952E-02  5.811E-02  5.671E-02  5.533E-02  5.395E-02  5.258E-02  5.123E-02  4.989E-02  4.855E-02  4.723E-02  4.592E-02  4.462E-02  4.333E-02  4.205E-02  4.079E-02  3.953E-02  3.829E-02  3.706E-02  3.585E-02  3.464E-02  3.344E-02  3.226E-02  3.110E-02  2.994E-02  2.880E-02  2.767E-02  2.655E-02  2.545E-02  2.437E-02  2.330E-02  2.224E-02  2.120E-02  2.018E-02  1.917E-02  1.818E-02  1.721E-02  1.626E-02  1.532E-02  1.441E-02  1.352E-02  1.265E-02  1.180E-02  1.098E-02  1.018E-02  9.408E-03  8.668E-03  7.958E-03  7.282E-03  6.646E-03  5.935E-03  5.266E-03  4.703E-03
  342.5000  8.090E-02  7.923E-02  7.757E-02  7.593E-02  7.429E-02  7.267E-02  7.105E-02  6.945E-02  6.786E-02  6.629E-02  6.473E-02  6.317E-02  6.163E-02  6.010E-02  5.859E-02  5.709E-02  5.559E-02  5.411E-02  5.264E-02  5.119E-02  4.975E-02  4.832E-02  4.690E-02  4.549E-02  4.410E-02  4.272E-02  4.135E-02  4.000E-02  3.866E-02  3.733E-02  3.602E-02  3.472E-02  3.344E-02  3.217E-02  3.091E-02  2.967E-02  2.845E-02  2.724E-02  2.605E-02  2.487E-02  2.371E-02  2.257E-02  2.145E-02  2.035E-02  1.927E-02  1.821E-02  1.716E-02  1.614E-02  1.515E-02  1.418E-02  1.323E-02  1.231E-02  1.142E-02  1.056E-02  9.734E-03  8.939E-03  8.182E-03  7.470E-03  6.673E-03  5.922E-03  5.290E-03
  343.5000  8.347E-02  8.174E-02  8.002E-02  7.831E-02  7.661E-02  7.493E-02  7.325E-02  7.159E-02  6.994E-02  6.831E-02  6.669E-02  6.508E-02  6.348E-02  6.190E-02  6.032E-02  5.877E-02  5.722E-02  5.568E-02  5.416E-02  5.265E-02  5.116E-02  4.968E-02  4.821E-02  4.675E-02  4.531E-02  4.388E-02  4.247E-02  4.107E-02  3.968E-02  3.831E-02  3.695E-02  3.561E-02  3.428E-02  3.297E-02  3.167E-02  3.039E-02  2.912E-02  2.788E-02  2.665E-02  2.543E-02  2.424E-02  2.306E-02  2.191E-02  2.077E-02  1.966E-02  1.856E-02  1.749E-02  1.645E-02  1.542E-02  1.443E-02  1.346E-02  1.251E-02  1.160E-02  1.072E-02  9.870E-03  9.057E-03  8.284E-03  7.556E-03  6.746E-03  5.983E-03  5.340E-03
  344.5000  5.807E-02  5.685E-02  5.565E-02  5.445E-02  5.326E-02  5.208E-02  5.091E-02  4.975E-02  4.860E-02  4.745E-02  4.632E-02  4.519E-02  4.407E-02  4.296E-02  4.186E-02  4.078E-02  3.969E-02  3.862E-02  3.756E-02  3.650E-02  3.546E-02  3.443E-02  3.340E-02  3.238E-02  3.138E-02  3.038E-02  2.939E-02  2.841E-02  2.745E-02  2.649E-02  2.554E-02  2.461E-02  2.368E-02  2.276E-02  2.186E-02  2.097E-02  2.009E-02  1.922E-02  1.836E-02  1.752E-02  1.669E-02  1.587E-02  1.507E-02  1.428E-02  1.351E-02  1.275E-02  1.200E-02  1.128E-02  1.057E-02  9.881E-03  9.209E-03  8.558E-03  7.927E-03  7.318E-03  6.735E-03  6.175E-03  5.644E-03  5.144E-03  4.589E-03  4.067E-03  3.627E-03
  345.5000  8.132E-02  7.964E-02  7.798E-02  7.633E-02  7.469E-02  7.307E-02  7.145E-02  6.985E-02  6.826E-02  6.668E-02  6.511E-02  6.356E-02  6.201E-02  6.048E-02  5.896E-02  5.746E-02  5.597E-02  5.448E-02  5.301E-02  5.155E-02  5.011E-02  4.868E-02  4.726E-02  4.585E-02  4.445E-02  4.307E-02  4.170E-02  4.034E-02  3.900E-02  3.767E-02  3.635E-02  3.505E-02  3.376E-02  3.249E-02  3.123E-02  2.998E-02  2.875E-02  2.754E-02  2.634E-02  2.516E-02  2.400E-02  2.285E-02  2.172E-02  2.062E-02  1.953E-02  1.846E-02  1.741E-02  1.638E-02  1.538E-02  1.440E-02  1.344E-02  1.251E-02  1.161E-02  1.074E-02  9.904E-03  9.099E-03  8.332E-03  7.610E-03  6.800E-03  6.036E-03  5.393E-03
  346.5000  7.516E-02  7.360E-02  7.204E-02  7.051E-02  6.898E-02  6.746E-02  6.595E-02  6.445E-02  6.297E-02  6.150E-02  6.004E-02  5.859E-02  5.715E-02  5.572E-02  5.430E-02  5.290E-02  5.151E-02  5.013E-02  4.876E-02  4.740E-02  4.606E-02  4.472E-02  4.340E-02  4.209E-02  4.079E-02  3.950E-02  3.823E-02  3.697E-02  3.572E-02  3.449E-02  3.327E-02  3.206E-02  3.086E-02  2.968E-02  2.851E-02  2.736E-02  2.622E-02  2.510E-02  2.399E-02  2.290E-02  2.182E-02  2.076E-02  1.972E-02  1.870E-02  1.770E-02  1.671E-02  1.575E-02  1.480E-02  1.388E-02  1.299E-02  1.211E-02  1.126E-02  1.044E-02  9.643E-03  8.880E-03  8.148E-03  7.451E-03  6.796E-03  6.066E-03  5.378E-03  4.799E-03
  347.5000  7.360E-02  7.207E-02  7.055E-02  6.905E-02  6.755E-02  6.606E-02  6.459E-02  6.313E-02  6.167E-02  6.023E-02  5.880E-02  5.738E-02  5.598E-02  5.458E-02  5.319E-02  5.182E-02  5.046E-02  4.911E-02  4.777E-02  4.644E-02  4.513E-02  4.382E-02  4.253E-02  4.124E-02  3.997E-02  3.872E-02  3.747E-02  3.624E-02  3.502E-02  3.381E-02  3.261E-02  3.143E-02  3.026E-02  2.910E-02  2.796E-02  2.683E-02  2.572E-02  2.462E-02  2.353E-02  2.246E-02  2.141E-02  2.037E-02  1.935E-02  1.835E-02  1.737E-02  1.640E-02  1.546E-02  1.453E-02  1.363E-02  1.275E-02  1.189E-02  1.106E-02  1.025E-02  9.473E-03  8.724E-03  8.005E-03  7.322E-03  6.678E-03  5.961E-03  5.286E-03  4.717E-03
  348.5000  8.132E-02  7.964E-02  7.796E-02  7.631E-02  7.466E-02  7.302E-02  7.140E-02  6.978E-02  6.818E-02  6.660E-02  6.502E-02  6.346E-02  6.191E-02  6.037E-02  5.884E-02  5.733E-02  5.583E-02  5.434E-02  5.287E-02  5.140E-02  4.996E-02  4.852E-02  4.709E-02  4.568E-02  4.428E-02  4.289E-02  4.152E-02  4.016E-02  3.881E-02  3.748E-02  3.616E-02  3.486E-02  3.357E-02  3.229E-02  3.103E-02  2.978E-02  2.855E-02  2.734E-02  2.614E-02  2.496E-02  2.379E-02  2.265E-02  2.152E-02  2.042E-02  1.933E-02  1.826E-02  1.721E-02  1.619E-02  1.519E-02  1.421E-02  1.326E-02  1.234E-02  1.144E-02  1.057E-02  9.742E-03  8.943E-03  8.183E-03  7.466E-03  6.667E-03  5.913E-03  5.278E-03
  349.5000  6.816E-02  6.674E-02  6.534E-02  6.395E-02  6.257E-02  6.119E-02  5.983E-02  5.848E-02  5.714E-02  5.581E-02  5.449E-02  5.318E-02  5.188E-02  5.059E-02  4.931E-02  4.804E-02  4.678E-02  4.553E-02  4.429E-02  4.307E-02  4.185E-02  4.065E-02  3.945E-02  3.827E-02  3.709E-02  3.593E-02  3.478E-02  3.364E-02  3.251E-02  3.139E-02  3.029E-02  2.920E-02  2.812E-02  2.705E-02  2.599E-02  2.494E-02  2.391E-02  2.290E-02  2.189E-02  2.090E-02  1.993E-02  1.897E-02  1.802E-02  1.709E-02  1.618E-02  1.529E-02  1.441E-02  1.355E-02  1.271E-02  1.190E-02  1.110E-02  1.032E-02  9.573E-03  8.847E-03  8.151E-03  7.481E-03  6.844E-03  6.244E-03  5.575E-03  4.944E-03  4.413E-03
  350.5000  9.560E-02  9.361E-02  9.165E-02  8.970E-02  8.776E-02  8.583E-02  8.392E-02  8.203E-02  8.015E-02  7.829E-02  7.643E-02  7.460E-02  7.277E-02  7.096E-02  6.917E-02  6.739E-02  6.563E-02  6.388E-02  6.215E-02  6.043E-02  5.872E-02  5.703E-02  5.536E-02  5.370E-02  5.205E-02  5.042E-02  4.881E-02  4.721E-02  4.563E-02  4.407E-02  4.251E-02  4.099E-02  3.947E-02  3.797E-02  3.649E-02  3.502E-02  3.357E-02  3.215E-02  3.074E-02  2.935E-02  2.798E-02  2.664E-02  2.531E-02  2.401E-02  2.273E-02  2.148E-02  2.024E-02  1.904E-02  1.787E-02  1.672E-02  1.560E-02  1.451E-02  1.346E-02  1.244E-02  1.146E-02  1.052E-02  9.623E-03  8.780E-03  7.839E-03  6.952E-03  6.204E-03
  351.5000  8.231E-02  8.060E-02  7.890E-02  7.722E-02  7.555E-02  7.389E-02  7.224E-02  7.061E-02  6.898E-02  6.738E-02  6.578E-02  6.420E-02  6.262E-02  6.107E-02  5.952E-02  5.799E-02  5.647E-02  5.496E-02  5.347E-02  5.198E-02  5.052E-02  4.906E-02  4.762E-02  4.619E-02  4.477E-02  4.336E-02  4.198E-02  4.060E-02  3.924E-02  3.789E-02  3.655E-02  3.523E-02  3.393E-02  3.264E-02  3.136E-02  3.010E-02  2.885E-02  2.763E-02  2.641E-02  2.522E-02  2.404E-02  2.288E-02  2.174E-02  2.062E-02  1.952E-02  1.844E-02  1.738E-02  1.634E-02  1.533E-02  1.434E-02  1.338E-02  1.245E-02  1.154E-02  1.066E-02  9.822E-03  9.013E-03  8.245E-03  7.520E-03  6.713E-03  5.952E-03  5.310E-03
  352.5000  7.439E-02  7.285E-02  7.132E-02  6.980E-02  6.829E-02  6.679E-02  6.530E-02  6.382E-02  6.236E-02  6.091E-02  5.947E-02  5.804E-02  5.662E-02  5.521E-02  5.381E-02  5.243E-02  5.106E-02  4.970E-02  4.835E-02  4.701E-02  4.568E-02  4.437E-02  4.307E-02  4.177E-02  4.049E-02  3.923E-02  3.797E-02  3.673E-02  3.550E-02  3.428E-02  3.307E-02  3.188E-02  3.070E-02  2.954E-02  2.838E-02  2.724E-02  2.612E-02  2.501E-02  2.391E-02  2.283E-02  2.177E-02  2.072E-02  1.969E-02  1.868E-02  1.768E-02  1.670E-02  1.575E-02  1.481E-02  1.389E-02  1.300E-02  1.213E-02  1.128E-02  1.046E-02  9.669E-03  8.907E-03  8.175E-03  7.478E-03  6.822E-03  6.090E-03  5.400E-03  4.818E-03
  353.5000  8.982E-02  8.796E-02  8.611E-02  8.428E-02  8.246E-02  8.065E-02  7.886E-02  7.708E-02  7.531E-02  7.357E-02  7.183E-02  7.010E-02  6.839E-02  6.669E-02  6.501E-02  6.335E-02  6.169E-02  6.005E-02  5.842E-02  5.681E-02  5.521E-02  5.362E-02  5.205E-02  5.050E-02  4.895E-02  4.742E-02  4.591E-02  4.441E-02  4.293E-02  4.146E-02  4.000E-02  3.857E-02  3.714E-02  3.574E-02  3.434E-02  3.297E-02  3.161E-02  3.027E-02  2.895E-02  2.765E-02  2.636E-02  2.510E-02  2.385E-02  2.263E-02  2.142E-02  2.024E-02  1.909E-02  1.795E-02  1.685E-02  1.577E-02  1.471E-02  1.369E-02  1.270E-02  1.174E-02  1.081E-02  9.926E-03  9.082E-03  8.286E-03  7.398E-03  6.561E-03  5.855E-03
  354.5000  9.747E-02  9.545E-02  9.345E-02  9.146E-02  8.949E-02  8.753E-02  8.559E-02  8.366E-02  8.174E-02  7.985E-02  7.796E-02  7.609E-02  7.424E-02  7.240E-02  7.058E-02  6.877E-02  6.698E-02  6.520E-02  6.343E-02  6.168E-02  5.995E-02  5.823E-02  5.653E-02  5.484E-02  5.317E-02  5.151E-02  4.988E-02  4.825E-02  4.664E-02  4.505E-02  4.347E-02  4.191E-02  4.037E-02  3.884E-02  3.733E-02  3.584E-02  3.437E-02  3.292E-02  3.149E-02  3.007E-02  2.868E-02  2.730E-02  2.595E-02  2.462E-02  2.332E-02  2.203E-02  2.078E-02  1.955E-02  1.835E-02  1.717E-02  1.603E-02  1.491E-02  1.383E-02  1.279E-02  1.179E-02  1.082E-02  9.902E-03  9.036E-03  8.069E-03  7.156E-03  6.387E-03
  355.5000  9.117E-02  8.928E-02  8.740E-02  8.555E-02  8.370E-02  8.187E-02  8.005E-02  7.825E-02  7.645E-02  7.468E-02  7.292E-02  7.117E-02  6.944E-02  6.772E-02  6.601E-02  6.432E-02  6.264E-02  6.098E-02  5.933E-02  5.769E-02  5.608E-02  5.447E-02  5.288E-02  5.130E-02  4.973E-02  4.818E-02  4.665E-02  4.513E-02  4.363E-02  4.214E-02  4.066E-02  3.921E-02  3.776E-02  3.634E-02  3.492E-02  3.353E-02  3.215E-02  3.080E-02  2.945E-02  2.813E-02  2.683E-02  2.554E-02  2.428E-02  2.304E-02  2.181E-02  2.062E-02  1.944E-02  1.829E-02  1.716E-02  1.607E-02  1.499E-02  1.395E-02  1.294E-02  1.197E-02  1.103E-02  1.012E-02  9.263E-03  8.453E-03  7.548E-03  6.693E-03  5.973E-03
  356.5000  8.465E-02  8.290E-02  8.115E-02  7.943E-02  7.772E-02  7.601E-02  7.432E-02  7.265E-02  7.098E-02  6.934E-02  6.770E-02  6.608E-02  6.446E-02  6.287E-02  6.128E-02  5.971E-02  5.816E-02  5.661E-02  5.508E-02  5.356E-02  5.206E-02  5.056E-02  4.909E-02  4.762E-02  4.617E-02  4.473E-02  4.331E-02  4.190E-02  4.050E-02  3.912E-02  3.775E-02  3.640E-02  3.506E-02  3.373E-02  3.242E-02  3.113E-02  2.985E-02  2.859E-02  2.734E-02  2.611E-02  2.490E-02  2.371E-02  2.254E-02  2.138E-02  2.025E-02  1.914E-02  1.804E-02  1.697E-02  1.593E-02  1.491E-02  1.392E-02  1.295E-02  1.201E-02  1.110E-02  1.023E-02  9.393E-03  8.595E-03  7.842E-03  7.002E-03  6.209E-03  5.540E-03
  357.5000  7.200E-02  7.051E-02  6.903E-02  6.756E-02  6.610E-02  6.465E-02  6.321E-02  6.179E-02  6.037E-02  5.897E-02  5.758E-02  5.619E-02  5.482E-02  5.346E-02  5.211E-02  5.078E-02  4.945E-02  4.814E-02  4.684E-02  4.554E-02  4.427E-02  4.300E-02  4.174E-02  4.049E-02  3.926E-02  3.803E-02  3.682E-02  3.562E-02  3.443E-02  3.326E-02  3.209E-02  3.094E-02  2.980E-02  2.868E-02  2.756E-02  2.646E-02  2.537E-02  2.430E-02  2.324E-02  2.220E-02  2.117E-02  2.015E-02  1.916E-02  1.818E-02  1.721E-02  1.626E-02  1.534E-02  1.443E-02  1.354E-02  1.267E-02  1.183E-02  1.100E-02  1.021E-02  9.434E-03  8.692E-03  7.979E-03  7.300E-03  6.660E-03  5.946E-03  5.272E-03  4.704E-03
  358.5000  5.565E-02  5.450E-02  5.336E-02  5.222E-02  5.109E-02  4.997E-02  4.886E-02  4.776E-02  4.667E-02  4.558E-02  4.451E-02  4.344E-02  4.238E-02  4.133E-02  4.029E-02  3.926E-02  3.823E-02  3.722E-02  3.621E-02  3.521E-02  3.423E-02  3.324E-02  3.227E-02  3.131E-02  3.036E-02  2.941E-02  2.848E-02  2.755E-02  2.663E-02  2.572E-02  2.482E-02  2.393E-02  2.305E-02  2.218E-02  2.132E-02  2.047E-02  1.963E-02  1.880E-02  1.799E-02  1.718E-02  1.638E-02  1.560E-02  1.483E-02  1.407E-02  1.332E-02  1.259E-02  1.187E-02  1.117E-02  1.048E-02  9.812E-03  9.158E-03  8.522E-03  7.904E-03  7.307E-03  6.733E-03  6.181E-03  5.656E-03  5.160E-03  4.607E-03  4.085E-03  3.644E-03
  359.5000  9.373E-02  9.178E-02  8.985E-02  8.794E-02  8.604E-02  8.416E-02  8.228E-02  8.043E-02  7.858E-02  7.676E-02  7.495E-02  7.315E-02  7.136E-02  6.959E-02  6.784E-02  6.610E-02  6.438E-02  6.267E-02  6.097E-02  5.929E-02  5.763E-02  5.598E-02  5.434E-02  5.272E-02  5.111E-02  4.952E-02  4.795E-02  4.639E-02  4.484E-02  4.331E-02  4.180E-02  4.030E-02  3.882E-02  3.735E-02  3.591E-02  3.447E-02  3.306E-02  3.166E-02  3.029E-02  2.893E-02  2.759E-02  2.627E-02  2.497E-02  2.369E-02  2.243E-02  2.120E-02  1.999E-02  1.881E-02  1.765E-02  1.652E-02  1.542E-02  1.435E-02  1.331E-02  1.230E-02  1.134E-02  1.041E-02  9.521E-03  8.686E-03  7.755E-03  6.875E-03  6.133E-03
  360.5000  8.694E-02  8.514E-02  8.335E-02  8.158E-02  7.981E-02  7.806E-02  7.633E-02  7.460E-02  7.289E-02  7.120E-02  6.952E-02  6.785E-02  6.619E-02  6.455E-02  6.293E-02  6.132E-02  5.972E-02  5.813E-02  5.656E-02  5.500E-02  5.345E-02  5.192E-02  5.041E-02  4.890E-02  4.741E-02  4.594E-02  4.448E-02  4.303E-02  4.160E-02  4.018E-02  3.877E-02  3.739E-02  3.601E-02  3.465E-02  3.331E-02  3.198E-02  3.067E-02  2.937E-02  2.810E-02  2.683E-02  2.559E-02  2.437E-02  2.316E-02  2.198E-02  2.081E-02  1.967E-02  1.855E-02  1.745E-02  1.638E-02  1.533E-02  1.431E-02  1.331E-02  1.235E-02  1.141E-02  1.052E-02  9.654E-03  8.832E-03  8.057E-03  7.193E-03  6.376E-03  5.688E-03
  361.5000  7.849E-02  7.686E-02  7.524E-02  7.364E-02  7.205E-02  7.047E-02  6.890E-02  6.735E-02  6.581E-02  6.428E-02  6.276E-02  6.125E-02  5.976E-02  5.828E-02  5.681E-02  5.536E-02  5.391E-02  5.248E-02  5.106E-02  4.965E-02  4.826E-02  4.688E-02  4.551E-02  4.415E-02  4.281E-02  4.148E-02  4.016E-02  3.886E-02  3.756E-02  3.628E-02  3.502E-02  3.376E-02  3.252E-02  3.130E-02  3.008E-02  2.889E-02  2.770E-02  2.654E-02  2.538E-02  2.424E-02  2.312E-02  2.202E-02  2.093E-02  1.986E-02  1.881E-02  1.777E-02  1.676E-02  1.577E-02  1.480E-02  1.385E-02  1.293E-02  1.203E-02  1.116E-02  1.032E-02  9.507E-03  8.728E-03  7.985E-03  7.285E-03  6.503E-03  5.765E-03  5.142E-03
  362.5000  9.227E-02  9.035E-02  8.845E-02  8.657E-02  8.470E-02  8.284E-02  8.100E-02  7.917E-02  7.735E-02  7.556E-02  7.377E-02  7.200E-02  7.025E-02  6.851E-02  6.678E-02  6.507E-02  6.337E-02  6.169E-02  6.002E-02  5.837E-02  5.673E-02  5.511E-02  5.350E-02  5.191E-02  5.033E-02  4.876E-02  4.722E-02  4.568E-02  4.416E-02  4.266E-02  4.117E-02  3.970E-02  3.824E-02  3.680E-02  3.537E-02  3.396E-02  3.257E-02  3.120E-02  2.985E-02  2.851E-02  2.719E-02  2.589E-02  2.461E-02  2.336E-02  2.212E-02  2.091E-02  1.971E-02  1.855E-02  1.741E-02  1.630E-02  1.521E-02  1.415E-02  1.313E-02  1.214E-02  1.118E-02  1.027E-02  9.393E-03  8.569E-03  7.650E-03  6.781E-03  6.048E-03
  363.5000  8.214E-02  8.044E-02  7.874E-02  7.707E-02  7.540E-02  7.375E-02  7.210E-02  7.048E-02  6.886E-02  6.726E-02  6.567E-02  6.410E-02  6.253E-02  6.098E-02  5.945E-02  5.793E-02  5.641E-02  5.492E-02  5.343E-02  5.196E-02  5.050E-02  4.906E-02  4.763E-02  4.621E-02  4.480E-02  4.341E-02  4.203E-02  4.067E-02  3.931E-02  3.797E-02  3.665E-02  3.534E-02  3.404E-02  3.276E-02  3.149E-02  3.024E-02  2.900E-02  2.778E-02  2.657E-02  2.538E-02  2.421E-02  2.305E-02  2.191E-02  2.080E-02  1.970E-02  1.861E-02  1.755E-02  1.652E-02  1.550E-02  1.451E-02  1.354E-02  1.260E-02  1.169E-02  1.081E-02  9.957E-03  9.141E-03  8.363E-03  7.629E-03  6.810E-03  6.037E-03  5.384E-03
  364.5000  8.965E-02  8.779E-02  8.594E-02  8.411E-02  8.229E-02  8.048E-02  7.869E-02  7.691E-02  7.515E-02  7.340E-02  7.167E-02  6.995E-02  6.824E-02  6.655E-02  6.487E-02  6.321E-02  6.156E-02  5.992E-02  5.830E-02  5.670E-02  5.511E-02  5.353E-02  5.197E-02  5.042E-02  4.888E-02  4.736E-02  4.586E-02  4.437E-02  4.289E-02  4.143E-02  3.999E-02  3.856E-02  3.714E-02  3.574E-02  3.436E-02  3.299E-02  3.164E-02  3.031E-02  2.899E-02  2.769E-02  2.641E-02  2.515E-02  2.391E-02  2.269E-02  2.149E-02  2.031E-02  1.915E-02  1.802E-02  1.691E-02  1.583E-02  1.477E-02  1.375E-02  1.275E-02  1.179E-02  1.086E-02  9.969E-03  9.120E-03  8.319E-03  7.426E-03  6.581E-03  5.869E-03
  365.5000  1.093E-01  1.070E-01  1.048E-01  1.025E-01  1.003E-01  9.809E-02  9.591E-02  9.374E-02  9.159E-02  8.946E-02  8.734E-02  8.524E-02  8.316E-02  8.110E-02  7.905E-02  7.703E-02  7.502E-02  7.302E-02  7.105E-02  6.909E-02  6.715E-02  6.523E-02  6.332E-02  6.144E-02  5.956E-02  5.771E-02  5.588E-02  5.406E-02  5.227E-02  5.048E-02  4.872E-02  4.698E-02  4.526E-02  4.355E-02  4.186E-02  4.020E-02  3.855E-02  3.693E-02  3.532E-02  3.374E-02  3.218E-02  3.064E-02  2.913E-02  2.764E-02  2.618E-02  2.474E-02  2.333E-02  2.195E-02  2.060E-02  1.928E-02  1.799E-02  1.674E-02  1.553E-02  1.435E-02  1.322E-02  1.214E-02  1.110E-02  1.013E-02  9.039E-03  8.010E-03  7.143E-03
  366.5000  1.158E-01  1.134E-01  1.110E-01  1.086E-01  1.063E-01  1.039E-01  1.016E-01  9.930E-02  9.702E-02  9.477E-02  9.253E-02  9.030E-02  8.810E-02  8.591E-02  8.374E-02  8.160E-02  7.947E-02  7.736E-02  7.526E-02  7.319E-02  7.114E-02  6.910E-02  6.708E-02  6.508E-02  6.310E-02  6.114E-02  5.920E-02  5.728E-02  5.537E-02  5.349E-02  5.162E-02  4.978E-02  4.795E-02  4.614E-02  4.436E-02  4.259E-02  4.085E-02  3.913E-02  3.743E-02  3.575E-02  3.410E-02  3.247E-02  3.087E-02  2.929E-02  2.774E-02  2.622E-02  2.473E-02  2.326E-02  2.183E-02  2.044E-02  1.907E-02  1.775E-02  1.646E-02  1.522E-02  1.402E-02  1.287E-02  1.177E-02  1.073E-02  9.581E-03  8.491E-03  7.570E-03
  367.5000  1.100E-01  1.077E-01  1.055E-01  1.032E-01  1.010E-01  9.876E-02  9.656E-02  9.438E-02  9.221E-02  9.007E-02  8.794E-02  8.582E-02  8.373E-02  8.165E-02  7.959E-02  7.755E-02  7.553E-02  7.352E-02  7.153E-02  6.956E-02  6.761E-02  6.568E-02  6.376E-02  6.186E-02  5.998E-02  5.811E-02  5.627E-02  5.444E-02  5.263E-02  5.084E-02  4.907E-02  4.732E-02  4.558E-02  4.386E-02  4.217E-02  4.049E-02  3.883E-02  3.720E-02  3.559E-02  3.399E-02  3.242E-02  3.087E-02  2.935E-02  2.785E-02  2.638E-02  2.493E-02  2.351E-02  2.212E-02  2.076E-02  1.943E-02  1.814E-02  1.688E-02  1.565E-02  1.447E-02  1.333E-02  1.224E-02  1.119E-02  1.021E-02  9.111E-03  8.074E-03  7.199E-03
  368.5000  9.672E-02  9.471E-02  9.271E-02  9.074E-02  8.877E-02  8.681E-02  8.488E-02  8.296E-02  8.105E-02  7.917E-02  7.729E-02  7.543E-02  7.359E-02  7.176E-02  6.995E-02  6.816E-02  6.638E-02  6.462E-02  6.287E-02  6.114E-02  5.942E-02  5.772E-02  5.604E-02  5.437E-02  5.271E-02  5.107E-02  4.945E-02  4.785E-02  4.626E-02  4.468E-02  4.312E-02  4.159E-02  4.006E-02  3.855E-02  3.706E-02  3.559E-02  3.413E-02  3.270E-02  3.128E-02  2.988E-02  2.850E-02  2.713E-02  2.579E-02  2.448E-02  2.318E-02  2.191E-02  2.066E-02  1.944E-02  1.825E-02  1.708E-02  1.594E-02  1.483E-02  1.376E-02  1.272E-02  1.172E-02  1.075E-02  9.835E-03  8.970E-03  8.005E-03  7.094E-03  6.324E-03
  369.5000  1.161E-01  1.137E-01  1.113E-01  1.089E-01  1.065E-01  1.042E-01  1.019E-01  9.957E-02  9.728E-02  9.502E-02  9.277E-02  9.054E-02  8.832E-02  8.613E-02  8.395E-02  8.180E-02  7.967E-02  7.755E-02  7.545E-02  7.337E-02  7.132E-02  6.927E-02  6.725E-02  6.525E-02  6.326E-02  6.129E-02  5.935E-02  5.742E-02  5.552E-02  5.363E-02  5.176E-02  4.991E-02  4.808E-02  4.627E-02  4.448E-02  4.271E-02  4.096E-02  3.924E-02  3.754E-02  3.586E-02  3.420E-02  3.257E-02  3.096E-02  2.938E-02  2.783E-02  2.630E-02  2.480E-02  2.334E-02  2.190E-02  2.050E-02  1.913E-02  1.780E-02  1.651E-02  1.526E-02  1.406E-02  1.290E-02  1.180E-02  1.076E-02  9.606E-03  8.512E-03  7.587E-03
  370.5000  1.054E-01  1.032E-01  1.010E-01  9.887E-02  9.673E-02  9.460E-02  9.248E-02  9.039E-02  8.831E-02  8.625E-02  8.421E-02  8.218E-02  8.017E-02  7.818E-02  7.621E-02  7.426E-02  7.231E-02  7.039E-02  6.849E-02  6.660E-02  6.473E-02  6.288E-02  6.104E-02  5.922E-02  5.742E-02  5.564E-02  5.387E-02  5.212E-02  5.039E-02  4.867E-02  4.698E-02  4.530E-02  4.364E-02  4.200E-02  4.037E-02  3.877E-02  3.718E-02  3.562E-02  3.407E-02  3.255E-02  3.104E-02  2.956E-02  2.810E-02  2.667E-02  2.526E-02  2.387E-02  2.251E-02  2.118E-02  1.988E-02  1.861E-02  1.737E-02  1.616E-02  1.499E-02  1.385E-02  1.276E-02  1.171E-02  1.071E-02  9.768E-03  8.716E-03  7.723E-03  6.883E-03
  371.5000  1.207E-01  1.182E-01  1.157E-01  1.132E-01  1.108E-01  1.083E-01  1.059E-01  1.035E-01  1.011E-01  9.876E-02  9.641E-02  9.409E-02  9.179E-02  8.951E-02  8.725E-02  8.501E-02  8.279E-02  8.059E-02  7.841E-02  7.625E-02  7.411E-02  7.199E-02  6.988E-02  6.780E-02  6.574E-02  6.369E-02  6.168E-02  5.967E-02  5.769E-02  5.573E-02  5.378E-02  5.187E-02  4.996E-02  4.808E-02  4.622E-02  4.439E-02  4.257E-02  4.078E-02  3.901E-02  3.727E-02  3.555E-02  3.385E-02  3.218E-02  3.054E-02  2.892E-02  2.734E-02  2.578E-02  2.425E-02  2.277E-02  2.131E-02  1.989E-02  1.850E-02  1.716E-02  1.586E-02  1.461E-02  1.341E-02  1.226E-02  1.118E-02  9.978E-03  8.841E-03  7.879E-03
  372.5000  8.922E-02  8.736E-02  8.551E-02  8.368E-02  8.187E-02  8.006E-02  7.827E-02  7.650E-02  7.474E-02  7.300E-02  7.126E-02  6.955E-02  6.785E-02  6.616E-02  6.449E-02  6.283E-02  6.119E-02  5.956E-02  5.795E-02  5.635E-02  5.477E-02  5.320E-02  5.165E-02  5.011E-02  4.859E-02  4.708E-02  4.558E-02  4.410E-02  4.264E-02  4.119E-02  3.975E-02  3.834E-02  3.693E-02  3.554E-02  3.417E-02  3.281E-02  3.147E-02  3.015E-02  2.884E-02  2.755E-02  2.627E-02  2.502E-02  2.379E-02  2.257E-02  2.138E-02  2.021E-02  1.906E-02  1.793E-02  1.683E-02  1.575E-02  1.470E-02  1.368E-02  1.269E-02  1.173E-02  1.080E-02  9.911E-03  9.064E-03  8.265E-03  7.375E-03  6.534E-03  5.822E-03
  373.5000  8.069E-02  7.901E-02  7.734E-02  7.568E-02  7.404E-02  7.240E-02  7.078E-02  6.918E-02  6.758E-02  6.601E-02  6.444E-02  6.289E-02  6.135E-02  5.982E-02  5.831E-02  5.682E-02  5.533E-02  5.386E-02  5.240E-02  5.095E-02  4.952E-02  4.811E-02  4.670E-02  4.531E-02  4.393E-02  4.256E-02  4.122E-02  3.988E-02  3.855E-02  3.724E-02  3.594E-02  3.466E-02  3.339E-02  3.213E-02  3.089E-02  2.966E-02  2.845E-02  2.726E-02  2.607E-02  2.491E-02  2.376E-02  2.262E-02  2.151E-02  2.041E-02  1.933E-02  1.827E-02  1.723E-02  1.621E-02  1.522E-02  1.424E-02  1.329E-02  1.237E-02  1.147E-02  1.060E-02  9.763E-03  8.959E-03  8.193E-03  7.470E-03  6.665E-03  5.904E-03  5.261E-03
  374.5000  8.862E-02  8.677E-02  8.493E-02  8.311E-02  8.130E-02  7.951E-02  7.773E-02  7.596E-02  7.421E-02  7.248E-02  7.076E-02  6.906E-02  6.736E-02  6.569E-02  6.403E-02  6.238E-02  6.075E-02  5.913E-02  5.753E-02  5.594E-02  5.438E-02  5.282E-02  5.127E-02  4.974E-02  4.823E-02  4.673E-02  4.525E-02  4.378E-02  4.233E-02  4.089E-02  3.946E-02  3.805E-02  3.666E-02  3.528E-02  3.392E-02  3.257E-02  3.124E-02  2.992E-02  2.863E-02  2.735E-02  2.608E-02  2.484E-02  2.361E-02  2.241E-02  2.122E-02  2.006E-02  1.892E-02  1.780E-02  1.670E-02  1.563E-02  1.459E-02  1.358E-02  1.259E-02  1.164E-02  1.072E-02  9.834E-03  8.992E-03  8.199E-03  7.315E-03  6.480E-03  5.773E-03
  375.5000  1.001E-01  9.797E-02  9.590E-02  9.384E-02  9.180E-02  8.977E-02  8.776E-02  8.577E-02  8.379E-02  8.184E-02  7.989E-02  7.796E-02  7.605E-02  7.416E-02  7.228E-02  7.043E-02  6.859E-02  6.676E-02  6.495E-02  6.316E-02  6.139E-02  5.963E-02  5.788E-02  5.616E-02  5.445E-02  5.276E-02  5.109E-02  4.943E-02  4.778E-02  4.616E-02  4.455E-02  4.296E-02  4.139E-02  3.983E-02  3.829E-02  3.677E-02  3.527E-02  3.379E-02  3.232E-02  3.087E-02  2.945E-02  2.804E-02  2.666E-02  2.530E-02  2.396E-02  2.265E-02  2.136E-02  2.010E-02  1.886E-02  1.765E-02  1.647E-02  1.533E-02  1.422E-02  1.314E-02  1.210E-02  1.110E-02  1.015E-02  9.256E-03  8.258E-03  7.315E-03  6.516E-03
  376.5000  1.000E-01  9.791E-02  9.583E-02  9.378E-02  9.173E-02  8.971E-02  8.770E-02  8.570E-02  8.373E-02  8.177E-02  7.983E-02  7.790E-02  7.599E-02  7.410E-02  7.223E-02  7.037E-02  6.853E-02  6.670E-02  6.490E-02  6.310E-02  6.133E-02  5.958E-02  5.783E-02  5.611E-02  5.440E-02  5.271E-02  5.104E-02  4.938E-02  4.774E-02  4.612E-02  4.451E-02  4.293E-02  4.135E-02  3.980E-02  3.826E-02  3.674E-02  3.524E-02  3.376E-02  3.230E-02  3.085E-02  2.943E-02  2.802E-02  2.664E-02  2.528E-02  2.395E-02  2.263E-02  2.134E-02  2.008E-02  1.885E-02  1.764E-02  1.646E-02  1.532E-02  1.420E-02  1.313E-02  1.209E-02  1.109E-02  1.014E-02  9.248E-03  8.250E-03  7.308E-03  6.510E-03
  377.5000  1.192E-01  1.167E-01  1.142E-01  1.117E-01  1.093E-01  1.069E-01  1.045E-01  1.021E-01  9.977E-02  9.744E-02  9.512E-02  9.282E-02  9.055E-02  8.829E-02  8.605E-02  8.384E-02  8.165E-02  7.947E-02  7.732E-02  7.518E-02  7.307E-02  7.098E-02  6.890E-02  6.685E-02  6.481E-02  6.280E-02  6.081E-02  5.883E-02  5.688E-02  5.495E-02  5.303E-02  5.114E-02  4.927E-02  4.742E-02  4.558E-02  4.377E-02  4.198E-02  4.022E-02  3.848E-02  3.676E-02  3.506E-02  3.339E-02  3.174E-02  3.013E-02  2.853E-02  2.697E-02  2.543E-02  2.393E-02  2.246E-02  2.102E-02  1.962E-02  1.825E-02  1.693E-02  1.564E-02  1.441E-02  1.322E-02  1.209E-02  1.102E-02  9.828E-03  8.705E-03  7.753E-03
  378.5000  1.300E-01  1.272E-01  1.245E-01  1.219E-01  1.192E-01  1.166E-01  1.140E-01  1.114E-01  1.088E-01  1.063E-01  1.037E-01  1.012E-01  9.874E-02  9.628E-02  9.384E-02  9.143E-02  8.903E-02  8.666E-02  8.431E-02  8.198E-02  7.968E-02  7.739E-02  7.513E-02  7.289E-02  7.067E-02  6.847E-02  6.630E-02  6.415E-02  6.202E-02  5.991E-02  5.782E-02  5.576E-02  5.372E-02  5.170E-02  4.970E-02  4.773E-02  4.578E-02  4.386E-02  4.196E-02  4.008E-02  3.823E-02  3.641E-02  3.461E-02  3.285E-02  3.111E-02  2.941E-02  2.773E-02  2.609E-02  2.449E-02  2.292E-02  2.139E-02  1.990E-02  1.845E-02  1.706E-02  1.571E-02  1.441E-02  1.318E-02  1.201E-02  1.071E-02  9.488E-03  8.451E-03
  379.5000  9.622E-02  9.420E-02  9.220E-02  9.022E-02  8.825E-02  8.630E-02  8.436E-02  8.244E-02  8.054E-02  7.865E-02  7.678E-02  7.493E-02  7.309E-02  7.126E-02  6.946E-02  6.767E-02  6.590E-02  6.414E-02  6.240E-02  6.068E-02  5.897E-02  5.728E-02  5.561E-02  5.395E-02  5.231E-02  5.068E-02  4.907E-02  4.748E-02  4.590E-02  4.434E-02  4.279E-02  4.127E-02  3.976E-02  3.826E-02  3.679E-02  3.532E-02  3.388E-02  3.246E-02  3.105E-02  2.966E-02  2.830E-02  2.695E-02  2.562E-02  2.431E-02  2.303E-02  2.176E-02  2.052E-02  1.931E-02  1.812E-02  1.696E-02  1.583E-02  1.473E-02  1.366E-02  1.262E-02  1.162E-02  1.066E-02  9.750E-03  8.887E-03  7.927E-03  7.020E-03  6.251E-03
  380.5000  1.158E-01  1.134E-01  1.110E-01  1.086E-01  1.062E-01  1.039E-01  1.015E-01  9.921E-02  9.692E-02  9.465E-02  9.240E-02  9.016E-02  8.795E-02  8.575E-02  8.358E-02  8.143E-02  7.930E-02  7.718E-02  7.509E-02  7.301E-02  7.096E-02  6.892E-02  6.691E-02  6.491E-02  6.293E-02  6.098E-02  5.904E-02  5.713E-02  5.523E-02  5.335E-02  5.149E-02  4.966E-02  4.784E-02  4.604E-02  4.426E-02  4.250E-02  4.077E-02  3.906E-02  3.737E-02  3.570E-02  3.405E-02  3.242E-02  3.083E-02  2.926E-02  2.771E-02  2.619E-02  2.470E-02  2.324E-02  2.181E-02  2.041E-02  1.905E-02  1.772E-02  1.643E-02  1.519E-02  1.399E-02  1.283E-02  1.173E-02  1.069E-02  9.537E-03  8.445E-03  7.520E-03
  381.5000  1.089E-01  1.066E-01  1.043E-01  1.021E-01  9.987E-02  9.766E-02  9.546E-02  9.329E-02  9.113E-02  8.900E-02  8.688E-02  8.477E-02  8.269E-02  8.063E-02  7.858E-02  7.656E-02  7.455E-02  7.256E-02  7.059E-02  6.864E-02  6.671E-02  6.480E-02  6.290E-02  6.102E-02  5.917E-02  5.733E-02  5.551E-02  5.371E-02  5.192E-02  5.016E-02  4.841E-02  4.668E-02  4.497E-02  4.328E-02  4.161E-02  3.996E-02  3.833E-02  3.672E-02  3.513E-02  3.356E-02  3.201E-02  3.049E-02  2.898E-02  2.751E-02  2.605E-02  2.462E-02  2.322E-02  2.185E-02  2.051E-02  1.919E-02  1.791E-02  1.666E-02  1.545E-02  1.428E-02  1.315E-02  1.206E-02  1.103E-02  1.005E-02  8.964E-03  7.938E-03  7.068E-03
  382.5000  7.262E-02  7.109E-02  6.958E-02  6.808E-02  6.659E-02  6.512E-02  6.365E-02  6.220E-02  6.076E-02  5.934E-02  5.792E-02  5.652E-02  5.513E-02  5.375E-02  5.239E-02  5.104E-02  4.970E-02  4.837E-02  4.706E-02  4.576E-02  4.447E-02  4.320E-02  4.193E-02  4.068E-02  3.944E-02  3.821E-02  3.700E-02  3.580E-02  3.461E-02  3.343E-02  3.227E-02  3.112E-02  2.998E-02  2.885E-02  2.774E-02  2.664E-02  2.555E-02  2.448E-02  2.342E-02  2.237E-02  2.134E-02  2.032E-02  1.932E-02  1.834E-02  1.737E-02  1.642E-02  1.548E-02  1.457E-02  1.367E-02  1.279E-02  1.194E-02  1.111E-02  1.030E-02  9.519E-03  8.766E-03  8.041E-03  7.351E-03  6.699E-03  5.975E-03  5.290E-03  4.710E-03
  383.5000  6.381E-02  6.247E-02  6.114E-02  5.982E-02  5.851E-02  5.721E-02  5.593E-02  5.465E-02  5.339E-02  5.213E-02  5.089E-02  4.966E-02  4.844E-02  4.723E-02  4.603E-02  4.484E-02  4.366E-02  4.250E-02  4.134E-02  4.020E-02  3.907E-02  3.795E-02  3.684E-02  3.574E-02  3.465E-02  3.357E-02  3.251E-02  3.145E-02  3.041E-02  2.937E-02  2.835E-02  2.734E-02  2.634E-02  2.535E-02  2.437E-02  2.340E-02  2.245E-02  2.151E-02  2.057E-02  1.965E-02  1.875E-02  1.785E-02  1.697E-02  1.611E-02  1.526E-02  1.442E-02  1.360E-02  1.280E-02  1.201E-02  1.124E-02  1.049E-02  9.759E-03  9.049E-03  8.362E-03  7.700E-03  7.063E-03  6.457E-03  5.884E-03  5.248E-03  4.646E-03  4.136E-03
  384.5000  9.583E-02  9.381E-02  9.182E-02  8.984E-02  8.787E-02  8.592E-02  8.399E-02  8.207E-02  8.017E-02  7.829E-02  7.642E-02  7.456E-02  7.273E-02  7.091E-02  6.911E-02  6.733E-02  6.556E-02  6.381E-02  6.208E-02  6.036E-02  5.866E-02  5.698E-02  5.531E-02  5.366E-02  5.202E-02  5.040E-02  4.880E-02  4.722E-02  4.565E-02  4.410E-02  4.256E-02  4.105E-02  3.954E-02  3.806E-02  3.659E-02  3.514E-02  3.370E-02  3.229E-02  3.089E-02  2.951E-02  2.815E-02  2.681E-02  2.549E-02  2.419E-02  2.291E-02  2.165E-02  2.042E-02  1.921E-02  1.803E-02  1.688E-02  1.575E-02  1.465E-02  1.359E-02  1.255E-02  1.156E-02  1.060E-02  9.693E-03  8.833E-03  7.878E-03  6.974E-03  6.208E-03
  385.5000  9.488E-02  9.288E-02  9.090E-02  8.894E-02  8.699E-02  8.506E-02  8.315E-02  8.125E-02  7.936E-02  7.750E-02  7.565E-02  7.381E-02  7.200E-02  7.020E-02  6.841E-02  6.665E-02  6.490E-02  6.316E-02  6.144E-02  5.974E-02  5.806E-02  5.640E-02  5.474E-02  5.311E-02  5.149E-02  4.989E-02  4.831E-02  4.674E-02  4.518E-02  4.365E-02  4.213E-02  4.063E-02  3.914E-02  3.767E-02  3.621E-02  3.478E-02  3.336E-02  3.196E-02  3.058E-02  2.921E-02  2.786E-02  2.654E-02  2.523E-02  2.394E-02  2.268E-02  2.144E-02  2.022E-02  1.902E-02  1.785E-02  1.671E-02  1.559E-02  1.450E-02  1.345E-02  1.243E-02  1.144E-02  1.050E-02  9.594E-03  8.742E-03  7.797E-03  6.902E-03  6.143E-03
  386.5000  9.678E-02  9.475E-02  9.272E-02  9.072E-02  8.874E-02  8.676E-02  8.481E-02  8.287E-02  8.094E-02  7.904E-02  7.715E-02  7.528E-02  7.343E-02  7.159E-02  6.977E-02  6.797E-02  6.618E-02  6.441E-02  6.266E-02  6.093E-02  5.921E-02  5.751E-02  5.583E-02  5.416E-02  5.251E-02  5.087E-02  4.926E-02  4.766E-02  4.608E-02  4.451E-02  4.296E-02  4.143E-02  3.991E-02  3.841E-02  3.693E-02  3.547E-02  3.402E-02  3.259E-02  3.118E-02  2.979E-02  2.842E-02  2.706E-02  2.573E-02  2.442E-02  2.313E-02  2.186E-02  2.062E-02  1.940E-02  1.821E-02  1.704E-02  1.590E-02  1.479E-02  1.372E-02  1.267E-02  1.167E-02  1.070E-02  9.783E-03  8.914E-03  7.949E-03  7.037E-03  6.263E-03
  387.5000  9.001E-02  8.811E-02  8.623E-02  8.437E-02  8.252E-02  8.068E-02  7.886E-02  7.706E-02  7.527E-02  7.350E-02  7.174E-02  7.000E-02  6.828E-02  6.657E-02  6.487E-02  6.320E-02  6.154E-02  5.989E-02  5.826E-02  5.665E-02  5.505E-02  5.347E-02  5.190E-02  5.035E-02  4.882E-02  4.730E-02  4.580E-02  4.431E-02  4.284E-02  4.138E-02  3.994E-02  3.852E-02  3.711E-02  3.571E-02  3.433E-02  3.297E-02  3.163E-02  3.030E-02  2.899E-02  2.770E-02  2.642E-02  2.516E-02  2.392E-02  2.270E-02  2.150E-02  2.033E-02  1.917E-02  1.803E-02  1.693E-02  1.584E-02  1.478E-02  1.375E-02  1.275E-02  1.178E-02  1.085E-02  9.951E-03  9.095E-03  8.286E-03  7.390E-03  6.541E-03  5.821E-03
  388.5000  9.028E-02  8.838E-02  8.649E-02  8.462E-02  8.277E-02  8.092E-02  7.910E-02  7.729E-02  7.549E-02  7.372E-02  7.195E-02  7.020E-02  6.847E-02  6.676E-02  6.506E-02  6.338E-02  6.171E-02  6.006E-02  5.842E-02  5.680E-02  5.520E-02  5.362E-02  5.205E-02  5.049E-02  4.895E-02  4.743E-02  4.592E-02  4.443E-02  4.295E-02  4.149E-02  4.005E-02  3.862E-02  3.721E-02  3.581E-02  3.443E-02  3.306E-02  3.171E-02  3.038E-02  2.907E-02  2.777E-02  2.649E-02  2.523E-02  2.399E-02  2.277E-02  2.156E-02  2.038E-02  1.922E-02  1.808E-02  1.697E-02  1.589E-02  1.482E-02  1.379E-02  1.279E-02  1.182E-02  1.088E-02  9.978E-03  9.119E-03  8.308E-03  7.408E-03  6.557E-03  5.835E-03
  389.5000  1.139E-01  1.115E-01  1.091E-01  1.068E-01  1.044E-01  1.021E-01  9.981E-02  9.752E-02  9.525E-02  9.301E-02  9.079E-02  8.858E-02  8.639E-02  8.423E-02  8.208E-02  7.996E-02  7.786E-02  7.577E-02  7.371E-02  7.166E-02  6.965E-02  6.764E-02  6.566E-02  6.370E-02  6.175E-02  5.983E-02  5.793E-02  5.605E-02  5.419E-02  5.234E-02  5.052E-02  4.872E-02  4.694E-02  4.518E-02  4.343E-02  4.171E-02  4.001E-02  3.833E-02  3.667E-02  3.504E-02  3.342E-02  3.183E-02  3.026E-02  2.872E-02  2.721E-02  2.571E-02  2.425E-02  2.282E-02  2.142E-02  2.004E-02  1.870E-02  1.740E-02  1.613E-02  1.491E-02  1.372E-02  1.259E-02  1.150E-02  1.048E-02  9.345E-03  8.271E-03  7.359E-03
  390.5000  1.120E-01  1.096E-01  1.073E-01  1.050E-01  1.027E-01  1.004E-01  9.810E-02  9.585E-02  9.362E-02  9.142E-02  8.923E-02  8.706E-02  8.491E-02  8.278E-02  8.067E-02  7.858E-02  7.651E-02  7.447E-02  7.244E-02  7.043E-02  6.844E-02  6.647E-02  6.452E-02  6.259E-02  6.068E-02  5.879E-02  5.693E-02  5.508E-02  5.325E-02  5.144E-02  4.964E-02  4.788E-02  4.613E-02  4.439E-02  4.268E-02  4.099E-02  3.932E-02  3.767E-02  3.604E-02  3.443E-02  3.284E-02  3.128E-02  2.974E-02  2.823E-02  2.674E-02  2.527E-02  2.383E-02  2.242E-02  2.105E-02  1.970E-02  1.838E-02  1.710E-02  1.585E-02  1.465E-02  1.349E-02  1.237E-02  1.130E-02  1.030E-02  9.182E-03  8.126E-03  7.230E-03
  391.5000  1.330E-01  1.302E-01  1.274E-01  1.246E-01  1.219E-01  1.192E-01  1.165E-01  1.138E-01  1.111E-01  1.085E-01  1.059E-01  1.033E-01  1.008E-01  9.826E-02  9.576E-02  9.328E-02  9.083E-02  8.839E-02  8.598E-02  8.359E-02  8.124E-02  7.890E-02  7.659E-02  7.429E-02  7.203E-02  6.978E-02  6.757E-02  6.537E-02  6.320E-02  6.105E-02  5.892E-02  5.683E-02  5.475E-02  5.269E-02  5.066E-02  4.865E-02  4.667E-02  4.471E-02  4.278E-02  4.087E-02  3.899E-02  3.713E-02  3.530E-02  3.351E-02  3.174E-02  3.000E-02  2.829E-02  2.662E-02  2.498E-02  2.338E-02  2.182E-02  2.030E-02  1.882E-02  1.739E-02  1.601E-02  1.468E-02  1.342E-02  1.222E-02  1.090E-02  9.644E-03  8.579E-03
  392.5000  9.980E-02  9.769E-02  9.559E-02  9.352E-02  9.146E-02  8.942E-02  8.740E-02  8.539E-02  8.340E-02  8.144E-02  7.948E-02  7.755E-02  7.563E-02  7.373E-02  7.185E-02  6.999E-02  6.815E-02  6.632E-02  6.451E-02  6.272E-02  6.095E-02  5.919E-02  5.746E-02  5.574E-02  5.404E-02  5.235E-02  5.069E-02  4.904E-02  4.741E-02  4.580E-02  4.421E-02  4.263E-02  4.107E-02  3.953E-02  3.800E-02  3.650E-02  3.501E-02  3.354E-02  3.209E-02  3.066E-02  2.925E-02  2.786E-02  2.648E-02  2.514E-02  2.381E-02  2.251E-02  2.123E-02  1.997E-02  1.874E-02  1.754E-02  1.637E-02  1.523E-02  1.412E-02  1.305E-02  1.201E-02  1.101E-02  1.006E-02  9.168E-03  8.174E-03  7.234E-03  6.435E-03
  393.5000  4.342E-02  4.250E-02  4.159E-02  4.069E-02  3.979E-02  3.890E-02  3.802E-02  3.715E-02  3.628E-02  3.543E-02  3.458E-02  3.373E-02  3.290E-02  3.207E-02  3.125E-02  3.045E-02  2.964E-02  2.885E-02  2.806E-02  2.728E-02  2.651E-02  2.575E-02  2.499E-02  2.424E-02  2.350E-02  2.277E-02  2.205E-02  2.133E-02  2.062E-02  1.992E-02  1.923E-02  1.854E-02  1.786E-02  1.719E-02  1.653E-02  1.587E-02  1.523E-02  1.459E-02  1.396E-02  1.334E-02  1.272E-02  1.212E-02  1.152E-02  1.093E-02  1.036E-02  9.789E-03  9.232E-03  8.686E-03  8.153E-03  7.630E-03  7.120E-03  6.624E-03  6.141E-03  5.674E-03  5.224E-03  4.790E-03  4.377E-03  3.987E-03  3.555E-03  3.146E-03  2.798E-03
  394.5000  1.023E-01  1.001E-01  9.794E-02  9.582E-02  9.371E-02  9.161E-02  8.953E-02  8.748E-02  8.544E-02  8.342E-02  8.141E-02  7.943E-02  7.746E-02  7.551E-02  7.359E-02  7.168E-02  6.979E-02  6.791E-02  6.606E-02  6.422E-02  6.241E-02  6.061E-02  5.883E-02  5.707E-02  5.533E-02  5.360E-02  5.190E-02  5.021E-02  4.854E-02  4.689E-02  4.526E-02  4.365E-02  4.205E-02  4.047E-02  3.891E-02  3.737E-02  3.584E-02  3.434E-02  3.286E-02  3.139E-02  2.995E-02  2.852E-02  2.712E-02  2.574E-02  2.438E-02  2.305E-02  2.173E-02  2.045E-02  1.919E-02  1.796E-02  1.676E-02  1.559E-02  1.446E-02  1.336E-02  1.230E-02  1.128E-02  1.030E-02  9.384E-03  8.367E-03  7.403E-03  6.584E-03
  395.5000  1.317E-01  1.289E-01  1.261E-01  1.234E-01  1.206E-01  1.180E-01  1.153E-01  1.126E-01  1.100E-01  1.074E-01  1.048E-01  1.023E-01  9.972E-02  9.721E-02  9.473E-02  9.227E-02  8.984E-02  8.742E-02  8.504E-02  8.267E-02  8.034E-02  7.802E-02  7.573E-02  7.346E-02  7.122E-02  6.900E-02  6.680E-02  6.463E-02  6.248E-02  6.036E-02  5.825E-02  5.618E-02  5.412E-02  5.209E-02  5.008E-02  4.810E-02  4.614E-02  4.421E-02  4.229E-02  4.041E-02  3.855E-02  3.671E-02  3.491E-02  3.313E-02  3.138E-02  2.966E-02  2.798E-02  2.632E-02  2.471E-02  2.312E-02  2.158E-02  2.007E-02  1.861E-02  1.719E-02  1.583E-02  1.451E-02  1.326E-02  1.208E-02  1.077E-02  9.527E-03  8.473E-03
  396.5000  7.737E-02  7.573E-02  7.410E-02  7.249E-02  7.089E-02  6.931E-02  6.773E-02  6.617E-02  6.463E-02  6.310E-02  6.158E-02  6.008E-02  5.859E-02  5.711E-02  5.565E-02  5.421E-02  5.278E-02  5.136E-02  4.996E-02  4.857E-02  4.719E-02  4.583E-02  4.449E-02  4.315E-02  4.184E-02  4.053E-02  3.924E-02  3.797E-02  3.670E-02  3.545E-02  3.422E-02  3.300E-02  3.179E-02  3.060E-02  2.942E-02  2.825E-02  2.710E-02  2.597E-02  2.485E-02  2.374E-02  2.264E-02  2.157E-02  2.051E-02  1.946E-02  1.844E-02  1.743E-02  1.644E-02  1.546E-02  1.451E-02  1.358E-02  1.268E-02  1.179E-02  1.093E-02  1.010E-02  9.298E-03  8.526E-03  7.790E-03  7.095E-03  6.325E-03  5.596E-03  4.976E-03
  397.5000  8.935E-02  8.745E-02  8.557E-02  8.371E-02  8.186E-02  8.003E-02  7.821E-02  7.641E-02  7.462E-02  7.286E-02  7.111E-02  6.937E-02  6.765E-02  6.594E-02  6.426E-02  6.259E-02  6.093E-02  5.930E-02  5.767E-02  5.607E-02  5.449E-02  5.291E-02  5.136E-02  4.982E-02  4.830E-02  4.679E-02  4.530E-02  4.383E-02  4.237E-02  4.093E-02  3.950E-02  3.810E-02  3.670E-02  3.532E-02  3.396E-02  3.262E-02  3.129E-02  2.998E-02  2.868E-02  2.740E-02  2.614E-02  2.490E-02  2.367E-02  2.247E-02  2.129E-02  2.012E-02  1.898E-02  1.785E-02  1.676E-02  1.568E-02  1.463E-02  1.361E-02  1.262E-02  1.166E-02  1.074E-02  9.844E-03  8.993E-03  8.190E-03  7.302E-03  6.460E-03  5.744E-03
  398.5000  1.536E-01  1.504E-01  1.472E-01  1.440E-01  1.408E-01  1.376E-01  1.345E-01  1.314E-01  1.283E-01  1.253E-01  1.223E-01  1.193E-01  1.163E-01  1.134E-01  1.105E-01  1.076E-01  1.048E-01  1.019E-01  9.915E-02  9.639E-02  9.367E-02  9.096E-02  8.829E-02  8.564E-02  8.302E-02  8.043E-02  7.788E-02  7.534E-02  7.283E-02  7.036E-02  6.790E-02  6.549E-02  6.309E-02  6.072E-02  5.838E-02  5.607E-02  5.378E-02  5.153E-02  4.931E-02  4.711E-02  4.494E-02  4.280E-02  4.070E-02  3.863E-02  3.659E-02  3.459E-02  3.262E-02  3.069E-02  2.881E-02  2.696E-02  2.516E-02  2.341E-02  2.170E-02  2.005E-02  1.846E-02  1.692E-02  1.546E-02  1.408E-02  1.255E-02  1.110E-02  9.873E-03
  399.5000  1.599E-01  1.565E-01  1.532E-01  1.498E-01  1.465E-01  1.432E-01  1.400E-01  1.367E-01  1.335E-01  1.304E-01  1.272E-01  1.241E-01  1.210E-01  1.180E-01  1.150E-01  1.120E-01  1.090E-01  1.061E-01  1.032E-01  1.003E-01  9.747E-02  9.465E-02  9.187E-02  8.911E-02  8.639E-02  8.369E-02  8.103E-02  7.839E-02  7.578E-02  7.320E-02  7.065E-02  6.814E-02  6.564E-02  6.318E-02  6.074E-02  5.834E-02  5.596E-02  5.362E-02  5.130E-02  4.902E-02  4.676E-02  4.454E-02  4.235E-02  4.020E-02  3.808E-02  3.599E-02  3.395E-02  3.194E-02  2.998E-02  2.806E-02  2.618E-02  2.436E-02  2.258E-02  2.086E-02  1.920E-02  1.761E-02  1.609E-02  1.465E-02  1.306E-02  1.155E-02  1.027E-02
------------------------------------------------------------
Dose rates,W m-2
   1 = UV index (WMO, 1994; Webb et al., 2011)           
   2 = Previtamin-D3 (CIE 2006)                          
values at z =      0.025 km
Columns: time,sza,weighting spectra
time,hrs.  sza,deg.          1          2
   18.0000     77.992  3.013E-01  6.136E-03
   18.0167     78.201  2.927E-01  5.893E-03
   18.0333     78.409  2.842E-01  5.658E-03
   18.0500     78.617  2.759E-01  5.430E-03
   18.0667     78.826  2.678E-01  5.209E-03
   18.0833     79.035  2.598E-01  4.996E-03
   18.1000     79.243  2.520E-01  4.789E-03
   18.1167     79.452  2.443E-01  4.589E-03
   18.1333     79.661  2.367E-01  4.396E-03
   18.1500     79.869  2.293E-01  4.209E-03
   18.1667     80.078  2.221E-01  4.029E-03
   18.1833     80.287  2.150E-01  3.855E-03
   18.2000     80.496  2.080E-01  3.687E-03
   18.2167     80.705  2.012E-01  3.525E-03
   18.2333     80.914  1.945E-01  3.368E-03
   18.2500     81.123  1.880E-01  3.218E-03
   18.2667     81.332  1.816E-01  3.073E-03
   18.2833     81.541  1.753E-01  2.934E-03
   18.3000     81.751  1.692E-01  2.799E-03
   18.3167     81.960  1.632E-01  2.670E-03
   18.3333     82.169  1.573E-01  2.546E-03
   18.3500     82.378  1.516E-01  2.426E-03
   18.3667     82.588  1.460E-01  2.312E-03
   18.3833     82.797  1.405E-01  2.201E-03
   18.4000     83.007  1.351E-01  2.095E-03
   18.4167     83.216  1.298E-01  1.994E-03
   18.4333     83.425  1.247E-01  1.897E-03
   18.4500     83.635  1.197E-01  1.803E-03
   18.4667     83.844  1.148E-01  1.714E-03
   18.4833     84.054  1.100E-01  1.628E-03
   18.5000     84.264  1.054E-01  1.545E-03
   18.5167     84.473  1.008E-01  1.467E-03
   18.5333     84.682  9.641E-02  1.391E-03
   18.5500     84.892  9.208E-02  1.319E-03
   18.5667     85.102  8.786E-02  1.250E-03
   18.5833     85.311  8.375E-02  1.184E-03
   18.6000     85.521  7.975E-02  1.121E-03
   18.6167     85.730  7.586E-02  1.060E-03
   18.6333     85.940  7.206E-02  1.002E-03
   18.6500     86.150  6.837E-02  9.469E-04
   18.6667     86.360  6.479E-02  8.940E-04
   18.6833     86.570  6.130E-02  8.433E-04
   18.7000     86.780  5.792E-02  7.949E-04
   18.7167     86.989  5.464E-02  7.488E-04
   18.7333     87.199  5.146E-02  7.045E-04
   18.7500     87.408  4.837E-02  6.622E-04
   18.7667     87.618  4.538E-02  6.218E-04
   18.7833     87.828  4.250E-02  5.831E-04
   18.8000     88.038  3.972E-02  5.463E-04
   18.8167     88.247  3.703E-02  5.110E-04
   18.8333     88.457  3.443E-02  4.773E-04
   18.8500     88.667  3.194E-02  4.452E-04
   18.8667     88.877  2.955E-02  4.145E-04
   18.8833     89.087  2.726E-02  3.853E-04
   18.9000     89.296  2.509E-02  3.576E-04
   18.9167     89.506  2.301E-02  3.311E-04
   18.9333     89.716  2.105E-02  3.062E-04
   18.9500     89.926  1.921E-02  2.828E-04
   18.9667     90.135  1.720E-02  2.568E-04
   18.9833     90.345  1.530E-02  2.322E-04
   19.0000     90.554  1.370E-02  2.113E-04
------------------------------------------------------------
