Spectral Irradiance,W m-2 nm-1
values at z =      0.025 km
Columns: wavelength (nm),times (hrs.) or sza (deg.)
    wc,nm     18.000     18.017     18.033     18.050     18.067     18.083     18.100     18.117     18.133     18.150     18.167     18.183     18.200     18.217     18.233     18.250     18.267     18.283     18.300     18.317     18.333     18.350     18.367     18.383     18.400     18.417     18.433     18.450     18.467     18.483     18.500     18.517     18.533     18.550     18.567     18.583     18.600     18.617     18.633     18.650     18.667     18.683     18.700     18.717     18.733     18.750     18.767     18.783     18.800     18.817     18.833     18.850     18.867     18.883     18.900     18.917     18.933     18.950     18.967     18.983     19.000
    sza =      81.147     81.350     81.553     81.756     81.959     82.162     82.366     82.570     82.773     82.977     83.181     83.385     83.589     83.794     83.998     84.202     84.407     84.612     84.817     85.022     85.227     85.432     85.638     85.843     86.049     86.254     86.460     86.666     86.872     87.078     87.284     87.490     87.696     87.903     88.109     88.316     88.523     88.729     88.936     89.143     89.350     89.557     89.764     89.971     90.179     90.386     90.594     90.801     91.008     91.216     91.424     91.632     91.840     92.048     92.255     92.464     92.672     92.880     93.089     93.297     93.505
  280.5000  8.714E-30  8.572E-30  8.430E-30  8.289E-30  8.149E-30  8.008E-30  7.868E-30  7.729E-30  7.589E-30  7.451E-30  7.312E-30  7.173E-30  7.034E-30  6.895E-30  6.756E-30  6.618E-30  6.478E-30  6.339E-30  6.199E-30  6.059E-30  5.919E-30  5.778E-30  5.637E-30  5.494E-30  5.352E-30  5.208E-30  5.064E-30  4.919E-30  4.773E-30  4.625E-30  4.477E-30  4.329E-30  4.178E-30  4.027E-30  3.874E-30  3.721E-30  3.566E-30  3.411E-30  3.255E-30  3.098E-30  2.941E-30  2.784E-30  2.629E-30  2.478E-30  2.279E-30  2.098E-30  1.942E-30  1.807E-30  1.689E-30  1.499E-30  1.387E-30  1.222E-30  1.080E-30  9.569E-31  8.528E-31  7.367E-31  6.311E-31  5.247E-31  4.371E-31  3.627E-31  2.933E-31
  281.5000  3.941E-27  3.876E-27  3.811E-27  3.747E-27  3.683E-27  3.620E-27  3.556E-27  3.493E-27  3.429E-27  3.366E-27  3.303E-27  3.240E-27  3.177E-27  3.114E-27  3.052E-27  2.989E-27  2.926E-27  2.863E-27  2.800E-27  2.736E-27  2.673E-27  2.609E-27  2.545E-27  2.481E-27  2.417E-27  2.352E-27  2.287E-27  2.222E-27  2.156E-27  2.089E-27  2.023E-27  1.956E-27  1.888E-27  1.820E-27  1.751E-27  1.682E-27  1.612E-27  1.542E-27  1.472E-27  1.401E-27  1.331E-27  1.260E-27  1.190E-27  1.122E-27  1.032E-27  9.508E-28  8.803E-28  8.191E-28  7.657E-28  6.798E-28  6.291E-28  5.544E-28  4.904E-28  4.345E-28  3.873E-28  3.347E-28  2.869E-28  2.386E-28  1.989E-28  1.652E-28  1.339E-28
  282.5000  5.158E-25  5.073E-25  4.988E-25  4.904E-25  4.819E-25  4.735E-25  4.652E-25  4.568E-25  4.485E-25  4.402E-25  4.319E-25  4.237E-25  4.154E-25  4.071E-25  3.989E-25  3.907E-25  3.824E-25  3.741E-25  3.659E-25  3.576E-25  3.493E-25  3.409E-25  3.326E-25  3.242E-25  3.158E-25  3.073E-25  2.988E-25  2.903E-25  2.817E-25  2.730E-25  2.643E-25  2.556E-25  2.468E-25  2.379E-25  2.289E-25  2.199E-25  2.108E-25  2.017E-25  1.925E-25  1.833E-25  1.741E-25  1.649E-25  1.558E-25  1.469E-25  1.352E-25  1.246E-25  1.154E-25  1.074E-25  1.004E-25  8.916E-26  8.253E-26  7.275E-26  6.437E-26  5.705E-26  5.086E-26  4.396E-26  3.770E-26  3.137E-26  2.618E-26  2.176E-26  1.767E-26
  283.5000  1.104E-23  1.085E-23  1.067E-23  1.049E-23  1.031E-23  1.013E-23  9.948E-24  9.768E-24  9.590E-24  9.412E-24  9.234E-24  9.056E-24  8.879E-24  8.702E-24  8.525E-24  8.349E-24  8.172E-24  7.995E-24  7.818E-24  7.640E-24  7.463E-24  7.285E-24  7.106E-24  6.926E-24  6.746E-24  6.566E-24  6.384E-24  6.202E-24  6.018E-24  5.833E-24  5.647E-24  5.461E-24  5.272E-24  5.083E-24  4.892E-24  4.699E-24  4.506E-24  4.311E-24  4.116E-24  3.919E-24  3.723E-24  3.526E-24  3.332E-24  3.143E-24  2.892E-24  2.665E-24  2.469E-24  2.299E-24  2.150E-24  1.910E-24  1.768E-24  1.559E-24  1.380E-24  1.223E-24  1.090E-24  9.428E-25  8.088E-25  6.731E-25  5.619E-25  4.675E-25  3.800E-25
  284.5000  1.803E-21  1.773E-21  1.743E-21  1.713E-21  1.683E-21  1.653E-21  1.623E-21  1.594E-21  1.564E-21  1.535E-21  1.506E-21  1.477E-21  1.448E-21  1.419E-21  1.389E-21  1.361E-21  1.332E-21  1.303E-21  1.274E-21  1.245E-21  1.216E-21  1.186E-21  1.157E-21  1.128E-21  1.099E-21  1.069E-21  1.040E-21  1.010E-21  9.800E-22  9.499E-22  9.197E-22  8.894E-22  8.588E-22  8.280E-22  7.970E-22  7.657E-22  7.343E-22  7.028E-22  6.711E-22  6.392E-22  6.073E-22  5.755E-22  5.441E-22  5.133E-22  4.726E-22  4.357E-22  4.039E-22  3.761E-22  3.520E-22  3.128E-22  2.897E-22  2.556E-22  2.262E-22  2.007E-22  1.790E-22  1.549E-22  1.330E-22  1.107E-22  9.252E-23  7.706E-23  6.277E-23
  285.5000  4.909E-20  4.826E-20  4.742E-20  4.660E-20  4.577E-20  4.496E-20  4.414E-20  4.333E-20  4.252E-20  4.172E-20  4.092E-20  4.012E-20  3.932E-20  3.852E-20  3.773E-20  3.694E-20  3.615E-20  3.536E-20  3.456E-20  3.377E-20  3.298E-20  3.219E-20  3.139E-20  3.060E-20  2.980E-20  2.900E-20  2.819E-20  2.739E-20  2.657E-20  2.576E-20  2.494E-20  2.412E-20  2.329E-20  2.245E-20  2.162E-20  2.077E-20  1.992E-20  1.907E-20  1.821E-20  1.735E-20  1.649E-20  1.563E-20  1.478E-20  1.394E-20  1.284E-20  1.184E-20  1.098E-20  1.023E-20  9.579E-21  8.516E-21  7.891E-21  6.964E-21  6.169E-21  5.474E-21  4.885E-21  4.228E-21  3.632E-21  3.025E-21  2.530E-21  2.109E-21  1.721E-21
  286.5000  2.809E-18  2.761E-18  2.713E-18  2.665E-18  2.618E-18  2.570E-18  2.523E-18  2.476E-18  2.430E-18  2.384E-18  2.337E-18  2.291E-18  2.245E-18  2.200E-18  2.154E-18  2.108E-18  2.063E-18  2.018E-18  1.972E-18  1.927E-18  1.881E-18  1.836E-18  1.790E-18  1.745E-18  1.699E-18  1.653E-18  1.607E-18  1.561E-18  1.515E-18  1.468E-18  1.422E-18  1.375E-18  1.327E-18  1.280E-18  1.232E-18  1.184E-18  1.136E-18  1.087E-18  1.038E-18  9.893E-19  9.403E-19  8.914E-19  8.430E-19  7.958E-19  7.331E-19  6.763E-19  6.273E-19  5.847E-19  5.475E-19  4.870E-19  4.514E-19  3.985E-19  3.532E-19  3.135E-19  2.799E-19  2.423E-19  2.083E-19  1.735E-19  1.452E-19  1.211E-19  9.896E-20
  287.5000  9.340E-17  9.176E-17  9.013E-17  8.853E-17  8.692E-17  8.533E-17  8.375E-17  8.218E-17  8.061E-17  7.906E-17  7.751E-17  7.597E-17  7.443E-17  7.289E-17  7.137E-17  6.985E-17  6.833E-17  6.681E-17  6.529E-17  6.378E-17  6.227E-17  6.075E-17  5.923E-17  5.772E-17  5.620E-17  5.468E-17  5.315E-17  5.162E-17  5.009E-17  4.855E-17  4.700E-17  4.545E-17  4.388E-17  4.231E-17  4.073E-17  3.914E-17  3.755E-17  3.595E-17  3.434E-17  3.272E-17  3.110E-17  2.949E-17  2.790E-17  2.634E-17  2.427E-17  2.241E-17  2.079E-17  1.939E-17  1.816E-17  1.616E-17  1.499E-17  1.324E-17  1.174E-17  1.042E-17  9.311E-18  8.065E-18  6.938E-18  5.784E-18  4.843E-18  4.043E-18  3.308E-18
  288.5000  3.196E-15  3.139E-15  3.083E-15  3.027E-15  2.971E-15  2.915E-15  2.860E-15  2.806E-15  2.751E-15  2.697E-15  2.644E-15  2.590E-15  2.537E-15  2.484E-15  2.431E-15  2.379E-15  2.326E-15  2.274E-15  2.222E-15  2.170E-15  2.118E-15  2.066E-15  2.014E-15  1.962E-15  1.910E-15  1.857E-15  1.805E-15  1.753E-15  1.701E-15  1.648E-15  1.595E-15  1.542E-15  1.489E-15  1.436E-15  1.382E-15  1.328E-15  1.274E-15  1.220E-15  1.165E-15  1.111E-15  1.056E-15  1.002E-15  9.477E-16  8.951E-16  8.251E-16  7.619E-16  7.073E-16  6.598E-16  6.185E-16  5.507E-16  5.109E-16  4.517E-16  4.008E-16  3.562E-16  3.183E-16  2.759E-16  2.375E-16  1.982E-16  1.661E-16  1.388E-16  1.137E-16
  289.5000  6.971E-14  6.844E-14  6.718E-14  6.594E-14  6.470E-14  6.347E-14  6.225E-14  6.105E-14  5.985E-14  5.866E-14  5.747E-14  5.629E-14  5.512E-14  5.395E-14  5.279E-14  5.164E-14  5.049E-14  4.934E-14  4.819E-14  4.705E-14  4.591E-14  4.477E-14  4.364E-14  4.250E-14  4.136E-14  4.022E-14  3.909E-14  3.795E-14  3.681E-14  3.566E-14  3.452E-14  3.337E-14  3.222E-14  3.106E-14  2.989E-14  2.873E-14  2.755E-14  2.638E-14  2.520E-14  2.402E-14  2.284E-14  2.167E-14  2.050E-14  1.937E-14  1.786E-14  1.649E-14  1.532E-14  1.429E-14  1.340E-14  1.194E-14  1.108E-14  9.803E-15  8.703E-15  7.739E-15  6.920E-15  6.002E-15  5.170E-15  4.315E-15  3.619E-15  3.027E-15  2.483E-15
  290.5000  8.936E-13  8.770E-13  8.606E-13  8.443E-13  8.282E-13  8.123E-13  7.964E-13  7.807E-13  7.651E-13  7.497E-13  7.343E-13  7.190E-13  7.038E-13  6.887E-13  6.737E-13  6.588E-13  6.439E-13  6.291E-13  6.143E-13  5.996E-13  5.850E-13  5.703E-13  5.557E-13  5.411E-13  5.265E-13  5.119E-13  4.973E-13  4.827E-13  4.681E-13  4.535E-13  4.388E-13  4.241E-13  4.094E-13  3.946E-13  3.798E-13  3.649E-13  3.500E-13  3.351E-13  3.201E-13  3.051E-13  2.901E-13  2.752E-13  2.605E-13  2.461E-13  2.270E-13  2.097E-13  1.948E-13  1.818E-13  1.705E-13  1.520E-13  1.411E-13  1.249E-13  1.110E-13  9.872E-14  8.831E-14  7.664E-14  6.607E-14  5.517E-14  4.629E-14  3.874E-14  3.181E-14
  291.5000  1.062E-11  1.042E-11  1.022E-11  1.002E-11  9.823E-12  9.629E-12  9.437E-12  9.247E-12  9.058E-12  8.871E-12  8.685E-12  8.501E-12  8.318E-12  8.136E-12  7.955E-12  7.776E-12  7.597E-12  7.419E-12  7.242E-12  7.066E-12  6.891E-12  6.715E-12  6.541E-12  6.366E-12  6.193E-12  6.019E-12  5.846E-12  5.672E-12  5.499E-12  5.325E-12  5.152E-12  4.978E-12  4.804E-12  4.630E-12  4.455E-12  4.280E-12  4.104E-12  3.929E-12  3.753E-12  3.577E-12  3.402E-12  3.227E-12  3.054E-12  2.886E-12  2.662E-12  2.460E-12  2.286E-12  2.135E-12  2.003E-12  1.786E-12  1.660E-12  1.470E-12  1.306E-12  1.163E-12  1.041E-12  9.042E-13  7.801E-13  6.519E-13  5.475E-13  4.586E-13  3.770E-13
  292.5000  7.601E-11  7.452E-11  7.305E-11  7.160E-11  7.017E-11  6.874E-11  6.734E-11  6.595E-11  6.457E-11  6.321E-11  6.186E-11  6.052E-11  5.919E-11  5.787E-11  5.655E-11  5.526E-11  5.396E-11  5.268E-11  5.140E-11  5.013E-11  4.887E-11  4.760E-11  4.635E-11  4.510E-11  4.385E-11  4.260E-11  4.136E-11  4.012E-11  3.888E-11  3.764E-11  3.640E-11  3.517E-11  3.393E-11  3.269E-11  3.144E-11  3.020E-11  2.896E-11  2.772E-11  2.647E-11  2.523E-11  2.398E-11  2.275E-11  2.154E-11  2.035E-11  1.877E-11  1.735E-11  1.613E-11  1.506E-11  1.414E-11  1.261E-11  1.172E-11  1.039E-11  9.240E-12  8.230E-12  7.373E-12  6.407E-12  5.532E-12  4.627E-12  3.888E-12  3.259E-12  2.682E-12
  293.5000  6.174E-10  6.049E-10  5.926E-10  5.805E-10  5.685E-10  5.567E-10  5.450E-10  5.334E-10  5.220E-10  5.107E-10  4.995E-10  4.884E-10  4.774E-10  4.665E-10  4.556E-10  4.450E-10  4.343E-10  4.238E-10  4.133E-10  4.028E-10  3.925E-10  3.822E-10  3.719E-10  3.617E-10  3.515E-10  3.414E-10  3.313E-10  3.212E-10  3.112E-10  3.011E-10  2.911E-10  2.811E-10  2.711E-10  2.611E-10  2.511E-10  2.411E-10  2.311E-10  2.211E-10  2.111E-10  2.011E-10  1.912E-10  1.814E-10  1.717E-10  1.622E-10  1.497E-10  1.383E-10  1.286E-10  1.201E-10  1.128E-10  1.007E-10  9.361E-11  8.299E-11  7.386E-11  6.584E-11  5.901E-11  5.132E-11  4.435E-11  3.712E-11  3.122E-11  2.619E-11  2.158E-11
  294.5000  2.663E-09  2.608E-09  2.553E-09  2.500E-09  2.447E-09  2.394E-09  2.342E-09  2.291E-09  2.241E-09  2.191E-09  2.142E-09  2.093E-09  2.045E-09  1.997E-09  1.950E-09  1.903E-09  1.857E-09  1.811E-09  1.765E-09  1.719E-09  1.674E-09  1.630E-09  1.585E-09  1.541E-09  1.497E-09  1.453E-09  1.409E-09  1.366E-09  1.323E-09  1.279E-09  1.236E-09  1.193E-09  1.150E-09  1.107E-09  1.065E-09  1.022E-09  9.791E-10  9.366E-10  8.940E-10  8.516E-10  8.094E-10  7.676E-10  7.264E-10  6.864E-10  6.331E-10  5.852E-10  5.440E-10  5.084E-10  4.774E-10  4.262E-10  3.964E-10  3.516E-10  3.131E-10  2.798E-10  2.504E-10  2.179E-10  1.884E-10  1.578E-10  1.328E-10  1.115E-10  9.198E-11
  295.5000  1.619E-08  1.584E-08  1.549E-08  1.516E-08  1.482E-08  1.449E-08  1.417E-08  1.385E-08  1.353E-08  1.322E-08  1.292E-08  1.261E-08  1.231E-08  1.202E-08  1.172E-08  1.143E-08  1.115E-08  1.086E-08  1.058E-08  1.030E-08  1.003E-08  9.751E-09  9.479E-09  9.208E-09  8.939E-09  8.672E-09  8.407E-09  8.142E-09  7.879E-09  7.617E-09  7.356E-09  7.097E-09  6.838E-09  6.579E-09  6.321E-09  6.064E-09  5.808E-09  5.552E-09  5.298E-09  5.045E-09  4.793E-09  4.544E-09  4.299E-09  4.062E-09  3.746E-09  3.462E-09  3.219E-09  3.008E-09  2.825E-09  2.523E-09  2.347E-09  2.083E-09  1.856E-09  1.657E-09  1.486E-09  1.294E-09  1.120E-09  9.389E-10  7.909E-10  6.645E-10  5.487E-10
  296.5000  5.976E-08  5.841E-08  5.710E-08  5.580E-08  5.453E-08  5.327E-08  5.204E-08  5.082E-08  4.962E-08  4.844E-08  4.728E-08  4.613E-08  4.500E-08  4.388E-08  4.278E-08  4.169E-08  4.061E-08  3.955E-08  3.849E-08  3.745E-08  3.642E-08  3.540E-08  3.438E-08  3.338E-08  3.238E-08  3.139E-08  3.041E-08  2.944E-08  2.847E-08  2.750E-08  2.654E-08  2.559E-08  2.464E-08  2.370E-08  2.275E-08  2.182E-08  2.088E-08  1.996E-08  1.903E-08  1.811E-08  1.720E-08  1.630E-08  1.542E-08  1.456E-08  1.342E-08  1.241E-08  1.153E-08  1.077E-08  1.012E-08  9.038E-09  8.410E-09  7.466E-09  6.655E-09  5.943E-09  5.335E-09  4.650E-09  4.027E-09  3.379E-09  2.849E-09  2.395E-09  1.980E-09
  297.5000  2.240E-07  2.188E-07  2.137E-07  2.086E-07  2.037E-07  1.988E-07  1.940E-07  1.893E-07  1.846E-07  1.801E-07  1.756E-07  1.712E-07  1.668E-07  1.625E-07  1.583E-07  1.542E-07  1.500E-07  1.460E-07  1.420E-07  1.380E-07  1.341E-07  1.302E-07  1.264E-07  1.226E-07  1.189E-07  1.151E-07  1.115E-07  1.078E-07  1.042E-07  1.006E-07  9.699E-08  9.345E-08  8.992E-08  8.641E-08  8.292E-08  7.945E-08  7.600E-08  7.258E-08  6.918E-08  6.580E-08  6.245E-08  5.915E-08  5.592E-08  5.278E-08  4.866E-08  4.495E-08  4.177E-08  3.903E-08  3.665E-08  3.274E-08  3.046E-08  2.705E-08  2.412E-08  2.155E-08  1.936E-08  1.688E-08  1.463E-08  1.229E-08  1.037E-08  8.725E-09  7.220E-09
  298.5000  4.779E-07  4.662E-07  4.548E-07  4.436E-07  4.327E-07  4.219E-07  4.113E-07  4.009E-07  3.907E-07  3.807E-07  3.709E-07  3.612E-07  3.517E-07  3.423E-07  3.331E-07  3.241E-07  3.151E-07  3.063E-07  2.976E-07  2.891E-07  2.806E-07  2.723E-07  2.641E-07  2.559E-07  2.479E-07  2.399E-07  2.320E-07  2.242E-07  2.165E-07  2.089E-07  2.013E-07  1.938E-07  1.863E-07  1.789E-07  1.716E-07  1.643E-07  1.570E-07  1.498E-07  1.427E-07  1.357E-07  1.287E-07  1.218E-07  1.151E-07  1.086E-07  1.001E-07  9.240E-08  8.582E-08  8.016E-08  7.527E-08  6.723E-08  6.256E-08  5.556E-08  4.956E-08  4.429E-08  3.980E-08  3.473E-08  3.012E-08  2.532E-08  2.138E-08  1.801E-08  1.492E-08
  299.5000  1.875E-06  1.827E-06  1.780E-06  1.735E-06  1.690E-06  1.646E-06  1.602E-06  1.560E-06  1.519E-06  1.478E-06  1.438E-06  1.399E-06  1.361E-06  1.323E-06  1.286E-06  1.250E-06  1.214E-06  1.179E-06  1.144E-06  1.110E-06  1.076E-06  1.043E-06  1.010E-06  9.783E-07  9.465E-07  9.152E-07  8.843E-07  8.537E-07  8.235E-07  7.936E-07  7.641E-07  7.349E-07  7.059E-07  6.772E-07  6.488E-07  6.207E-07  5.928E-07  5.653E-07  5.380E-07  5.109E-07  4.843E-07  4.581E-07  4.325E-07  4.078E-07  3.756E-07  3.466E-07  3.218E-07  3.006E-07  2.820E-07  2.519E-07  2.343E-07  2.081E-07  1.857E-07  1.660E-07  1.492E-07  1.303E-07  1.131E-07  9.513E-08  8.039E-08  6.776E-08  5.620E-08
  300.5000  2.762E-06  2.688E-06  2.616E-06  2.546E-06  2.477E-06  2.410E-06  2.344E-06  2.279E-06  2.216E-06  2.155E-06  2.095E-06  2.035E-06  1.977E-06  1.920E-06  1.865E-06  1.810E-06  1.756E-06  1.703E-06  1.651E-06  1.600E-06  1.551E-06  1.501E-06  1.453E-06  1.405E-06  1.358E-06  1.312E-06  1.266E-06  1.221E-06  1.177E-06  1.133E-06  1.090E-06  1.047E-06  1.005E-06  9.631E-07  9.219E-07  8.811E-07  8.408E-07  8.010E-07  7.617E-07  7.229E-07  6.846E-07  6.471E-07  6.105E-07  5.752E-07  5.294E-07  4.883E-07  4.531E-07  4.229E-07  3.967E-07  3.542E-07  3.295E-07  2.926E-07  2.611E-07  2.335E-07  2.098E-07  1.833E-07  1.592E-07  1.341E-07  1.134E-07  9.562E-08  7.939E-08
  301.5000  9.164E-06  8.903E-06  8.650E-06  8.404E-06  8.163E-06  7.929E-06  7.701E-06  7.478E-06  7.260E-06  7.048E-06  6.840E-06  6.637E-06  6.438E-06  6.244E-06  6.053E-06  5.868E-06  5.685E-06  5.506E-06  5.331E-06  5.159E-06  4.990E-06  4.825E-06  4.662E-06  4.502E-06  4.345E-06  4.191E-06  4.040E-06  3.891E-06  3.744E-06  3.600E-06  3.458E-06  3.318E-06  3.180E-06  3.044E-06  2.910E-06  2.778E-06  2.648E-06  2.519E-06  2.393E-06  2.268E-06  2.146E-06  2.026E-06  1.909E-06  1.797E-06  1.653E-06  1.523E-06  1.412E-06  1.317E-06  1.235E-06  1.102E-06  1.024E-06  9.096E-07  8.116E-07  7.257E-07  6.526E-07  5.701E-07  4.954E-07  4.176E-07  3.534E-07  2.984E-07  2.480E-07
  302.5000  1.629E-05  1.580E-05  1.533E-05  1.487E-05  1.443E-05  1.399E-05  1.357E-05  1.316E-05  1.276E-05  1.238E-05  1.200E-05  1.163E-05  1.126E-05  1.091E-05  1.057E-05  1.023E-05  9.899E-06  9.577E-06  9.261E-06  8.952E-06  8.649E-06  8.353E-06  8.062E-06  7.777E-06  7.497E-06  7.223E-06  6.954E-06  6.690E-06  6.430E-06  6.175E-06  5.925E-06  5.679E-06  5.437E-06  5.198E-06  4.964E-06  4.733E-06  4.507E-06  4.284E-06  4.065E-06  3.849E-06  3.638E-06  3.431E-06  3.231E-06  3.038E-06  2.792E-06  2.571E-06  2.382E-06  2.219E-06  2.080E-06  1.855E-06  1.724E-06  1.530E-06  1.365E-06  1.221E-06  1.097E-06  9.591E-07  8.338E-07  7.034E-07  5.957E-07  5.032E-07  4.187E-07
  303.5000  4.362E-05  4.220E-05  4.084E-05  3.952E-05  3.825E-05  3.702E-05  3.583E-05  3.467E-05  3.355E-05  3.247E-05  3.141E-05  3.039E-05  2.939E-05  2.841E-05  2.747E-05  2.655E-05  2.565E-05  2.477E-05  2.391E-05  2.307E-05  2.225E-05  2.145E-05  2.067E-05  1.991E-05  1.916E-05  1.843E-05  1.771E-05  1.701E-05  1.632E-05  1.565E-05  1.499E-05  1.434E-05  1.371E-05  1.308E-05  1.247E-05  1.188E-05  1.129E-05  1.071E-05  1.015E-05  9.597E-06  9.057E-06  8.530E-06  8.020E-06  7.531E-06  6.915E-06  6.360E-06  5.885E-06  5.477E-06  5.127E-06  4.570E-06  4.243E-06  3.765E-06  3.358E-06  3.002E-06  2.697E-06  2.358E-06  2.051E-06  1.732E-06  1.468E-06  1.241E-06  1.034E-06
  304.5000  6.306E-05  6.089E-05  5.881E-05  5.681E-05  5.488E-05  5.302E-05  5.123E-05  4.950E-05  4.783E-05  4.621E-05  4.464E-05  4.312E-05  4.165E-05  4.022E-05  3.883E-05  3.748E-05  3.616E-05  3.488E-05  3.363E-05  3.241E-05  3.123E-05  3.007E-05  2.894E-05  2.783E-05  2.676E-05  2.570E-05  2.468E-05  2.367E-05  2.269E-05  2.172E-05  2.078E-05  1.986E-05  1.896E-05  1.808E-05  1.722E-05  1.637E-05  1.554E-05  1.474E-05  1.394E-05  1.317E-05  1.242E-05  1.168E-05  1.097E-05  1.030E-05  9.442E-06  8.677E-06  8.022E-06  7.460E-06  6.978E-06  6.215E-06  5.767E-06  5.115E-06  4.560E-06  4.076E-06  3.662E-06  3.201E-06  2.785E-06  2.352E-06  1.995E-06  1.687E-06  1.407E-06
  305.5000  1.318E-04  1.267E-04  1.219E-04  1.173E-04  1.129E-04  1.087E-04  1.046E-04  1.008E-04  9.703E-05  9.346E-05  9.001E-05  8.669E-05  8.349E-05  8.039E-05  7.740E-05  7.452E-05  7.172E-05  6.901E-05  6.638E-05  6.382E-05  6.135E-05  5.894E-05  5.659E-05  5.431E-05  5.209E-05  4.993E-05  4.782E-05  4.577E-05  4.377E-05  4.182E-05  3.992E-05  3.807E-05  3.626E-05  3.450E-05  3.278E-05  3.110E-05  2.946E-05  2.787E-05  2.632E-05  2.481E-05  2.334E-05  2.201E-05  2.055E-05  1.925E-05  1.762E-05  1.616E-05  1.492E-05  1.385E-05  1.294E-05  1.151E-05  1.066E-05  9.451E-06  8.419E-06  7.521E-06  6.755E-06  5.903E-06  5.135E-06  4.342E-06  3.684E-06  3.119E-06  2.604E-06
  306.5000  1.703E-04  1.635E-04  1.569E-04  1.507E-04  1.448E-04  1.391E-04  1.336E-04  1.285E-04  1.235E-04  1.187E-04  1.142E-04  1.098E-04  1.055E-04  1.015E-04  9.755E-05  9.378E-05  9.014E-05  8.661E-05  8.320E-05  7.990E-05  7.671E-05  7.360E-05  7.059E-05  6.767E-05  6.483E-05  6.207E-05  5.939E-05  5.678E-05  5.423E-05  5.176E-05  4.935E-05  4.701E-05  4.473E-05  4.250E-05  4.034E-05  3.823E-05  3.618E-05  3.419E-05  3.225E-05  3.036E-05  2.854E-05  2.677E-05  2.507E-05  2.346E-05  2.146E-05  1.967E-05  1.813E-05  1.682E-05  1.570E-05  1.396E-05  1.292E-05  1.145E-05  1.019E-05  9.102E-06  8.167E-06  7.140E-06  6.212E-06  5.254E-06  4.459E-06  3.777E-06  3.155E-06
  307.5000  3.896E-04  3.723E-04  3.559E-04  3.403E-04  3.254E-04  3.112E-04  2.977E-04  2.848E-04  2.726E-04  2.609E-04  2.498E-04  2.392E-04  2.290E-04  2.193E-04  2.100E-04  2.011E-04  1.926E-04  1.844E-04  1.765E-04  1.689E-04  1.616E-04  1.546E-04  1.478E-04  1.412E-04  1.349E-04  1.288E-04  1.229E-04  1.171E-04  1.116E-04  1.062E-04  1.010E-04  9.591E-05  9.100E-05  8.624E-05  8.162E-05  7.714E-05  7.280E-05  6.860E-05  6.453E-05  6.059E-05  5.673E-05  5.314E-05  4.964E-05  4.632E-05  4.228E-05  3.867E-05  3.558E-05  3.293E-05  3.067E-05  2.722E-05  2.516E-05  2.225E-05  1.979E-05  1.766E-05  1.583E-05  1.383E-05  1.203E-05  1.018E-05  8.643E-06  7.324E-06  6.126E-06
  308.5000  5.290E-04  5.048E-04  4.817E-04  4.598E-04  4.389E-04  4.190E-04  4.001E-04  3.821E-04  3.650E-04  3.488E-04  3.332E-04  3.184E-04  3.043E-04  2.909E-04  2.780E-04  2.658E-04  2.541E-04  2.428E-04  2.321E-04  2.217E-04  2.119E-04  2.023E-04  1.932E-04  1.843E-04  1.758E-04  1.676E-04  1.597E-04  1.521E-04  1.447E-04  1.375E-04  1.306E-04  1.239E-04  1.174E-04  1.111E-04  1.050E-04  9.916E-05  9.347E-05  8.797E-05  8.264E-05  7.751E-05  7.257E-05  6.780E-05  6.326E-05  5.897E-05  5.376E-05  4.911E-05  4.514E-05  4.174E-05  3.884E-05  3.444E-05  3.181E-05  2.811E-05  2.498E-05  2.227E-05  1.996E-05  1.743E-05  1.516E-05  1.283E-05  1.090E-05  9.236E-06  7.730E-06
  309.5000  6.723E-04  6.401E-04  6.094E-04  5.802E-04  5.523E-04  5.258E-04  5.005E-04  4.764E-04  4.535E-04  4.318E-04  4.111E-04  3.914E-04  3.727E-04  3.549E-04  3.379E-04  3.219E-04  3.065E-04  2.918E-04  2.779E-04  2.646E-04  2.519E-04  2.397E-04  2.281E-04  2.170E-04  2.063E-04  1.960E-04  1.862E-04  1.768E-04  1.677E-04  1.590E-04  1.505E-04  1.424E-04  1.346E-04  1.271E-04  1.198E-04  1.128E-04  1.060E-04  9.951E-05  9.324E-05  8.721E-05  8.143E-05  7.589E-05  7.062E-05  6.566E-05  5.973E-05  5.444E-05  4.992E-05  4.605E-05  4.276E-05  3.784E-05  3.488E-05  3.078E-05  2.732E-05  2.433E-05  2.177E-05  1.900E-05  1.651E-05  1.398E-05  1.187E-05  1.007E-05  8.432E-06
  310.5000  1.218E-03  1.159E-03  1.103E-03  1.049E-03  9.968E-04  9.474E-04  9.004E-04  8.555E-04  8.127E-04  7.721E-04  7.334E-04  6.965E-04  6.615E-04  6.282E-04  5.965E-04  5.665E-04  5.378E-04  5.106E-04  4.847E-04  4.601E-04  4.367E-04  4.144E-04  3.931E-04  3.729E-04  3.535E-04  3.350E-04  3.174E-04  3.005E-04  2.843E-04  2.688E-04  2.539E-04  2.397E-04  2.260E-04  2.128E-04  2.002E-04  1.880E-04  1.763E-04  1.651E-04  1.544E-04  1.441E-04  1.342E-04  1.248E-04  1.159E-04  1.075E-04  9.759E-05  8.873E-05  8.118E-05  7.474E-05  6.926E-05  6.118E-05  5.630E-05  4.960E-05  4.396E-05  3.910E-05  3.495E-05  3.048E-05  2.647E-05  2.240E-05  1.903E-05  1.614E-05  1.353E-05
  311.5000  1.911E-03  1.818E-03  1.729E-03  1.644E-03  1.562E-03  1.483E-03  1.409E-03  1.337E-03  1.269E-03  1.204E-03  1.142E-03  1.083E-03  1.027E-03  9.736E-04  9.228E-04  8.747E-04  8.288E-04  7.852E-04  7.438E-04  7.045E-04  6.672E-04  6.317E-04  5.980E-04  5.658E-04  5.353E-04  5.062E-04  4.785E-04  4.521E-04  4.268E-04  4.027E-04  3.797E-04  3.577E-04  3.366E-04  3.164E-04  2.970E-04  2.785E-04  2.607E-04  2.438E-04  2.275E-04  2.119E-04  1.971E-04  1.829E-04  1.695E-04  1.570E-04  1.441E-04  1.292E-04  1.180E-04  1.084E-04  1.003E-04  8.851E-05  8.133E-05  7.157E-05  6.336E-05  5.629E-05  5.027E-05  4.381E-05  3.802E-05  3.217E-05  2.732E-05  2.317E-05  1.943E-05
  312.5000  2.736E-03  2.605E-03  2.479E-03  2.358E-03  2.242E-03  2.130E-03  2.022E-03  1.919E-03  1.820E-03  1.725E-03  1.635E-03  1.548E-03  1.465E-03  1.386E-03  1.310E-03  1.239E-03  1.170E-03  1.105E-03  1.043E-03  9.845E-04  9.288E-04  8.758E-04  8.255E-04  7.778E-04  7.325E-04  6.896E-04  6.490E-04  6.103E-04  5.736E-04  5.388E-04  5.057E-04  4.743E-04  4.444E-04  4.159E-04  3.889E-04  3.631E-04  3.384E-04  3.152E-04  2.930E-04  2.719E-04  2.518E-04  2.328E-04  2.149E-04  1.982E-04  1.790E-04  1.619E-04  1.473E-04  1.349E-04  1.243E-04  1.093E-04  1.001E-04  8.781E-05  7.753E-05  6.871E-05  6.120E-05  5.322E-05  4.613E-05  3.900E-05  3.310E-05  2.806E-05  2.355E-05
  313.5000  3.403E-03  3.243E-03  3.087E-03  2.938E-03  2.793E-03  2.654E-03  2.521E-03  2.392E-03  2.269E-03  2.151E-03  2.038E-03  1.930E-03  1.826E-03  1.727E-03  1.632E-03  1.542E-03  1.457E-03  1.375E-03  1.297E-03  1.223E-03  1.153E-03  1.086E-03  1.023E-03  9.630E-04  9.061E-04  8.522E-04  8.011E-04  7.526E-04  7.066E-04  6.630E-04  6.216E-04  5.825E-04  5.452E-04  5.097E-04  4.761E-04  4.441E-04  4.187E-04  3.848E-04  3.573E-04  3.312E-04  3.065E-04  2.831E-04  2.611E-04  2.406E-04  2.170E-04  1.961E-04  1.783E-04  1.631E-04  1.502E-04  1.319E-04  1.207E-04  1.058E-04  9.333E-05  8.265E-05  7.357E-05  6.394E-05  5.539E-05  4.681E-05  3.972E-05  3.367E-05  2.826E-05
  314.5000  4.860E-03  4.642E-03  4.431E-03  4.226E-03  4.027E-03  3.834E-03  3.648E-03  3.468E-03  3.294E-03  3.127E-03  2.965E-03  2.810E-03  2.660E-03  2.516E-03  2.378E-03  2.246E-03  2.120E-03  1.999E-03  1.883E-03  1.772E-03  1.667E-03  1.567E-03  1.472E-03  1.381E-03  1.295E-03  1.213E-03  1.136E-03  1.063E-03  9.936E-04  9.279E-04  8.659E-04  8.074E-04  7.520E-04  6.997E-04  6.502E-04  6.035E-04  5.594E-04  5.178E-04  4.785E-04  4.414E-04  4.065E-04  3.737E-04  3.430E-04  3.146E-04  2.825E-04  2.541E-04  2.299E-04  2.093E-04  1.919E-04  1.678E-04  1.529E-04  1.335E-04  1.173E-04  1.035E-04  9.180E-05  7.963E-05  6.875E-05  5.802E-05  4.916E-05  4.163E-05  3.494E-05
  315.5000  5.326E-03  5.090E-03  4.860E-03  4.638E-03  4.422E-03  4.212E-03  4.009E-03  3.813E-03  3.623E-03  3.440E-03  3.264E-03  3.093E-03  2.929E-03  2.772E-03  2.620E-03  2.475E-03  2.336E-03  2.203E-03  2.075E-03  1.954E-03  1.838E-03  1.727E-03  1.622E-03  1.521E-03  1.426E-03  1.336E-03  1.250E-03  1.169E-03  1.092E-03  1.020E-03  9.510E-04  8.863E-04  8.250E-04  7.671E-04  7.124E-04  6.608E-04  6.121E-04  5.663E-04  5.230E-04  4.821E-04  4.437E-04  4.077E-04  3.740E-04  3.428E-04  3.076E-04  2.765E-04  2.500E-04  2.275E-04  2.084E-04  1.821E-04  1.658E-04  1.446E-04  1.270E-04  1.120E-04  9.928E-05  8.599E-05  7.427E-05  6.265E-05  5.307E-05  4.493E-05  3.772E-05
  316.5000  7.108E-03  6.813E-03  6.525E-03  6.245E-03  5.971E-03  5.705E-03  5.445E-03  5.193E-03  4.948E-03  4.710E-03  4.479E-03  4.255E-03  4.038E-03  3.829E-03  3.626E-03  3.431E-03  3.243E-03  3.061E-03  2.887E-03  2.719E-03  2.559E-03  2.405E-03  2.257E-03  2.117E-03  1.982E-03  1.854E-03  1.733E-03  1.617E-03  1.507E-03  1.403E-03  1.305E-03  1.212E-03  1.124E-03  1.041E-03  9.627E-04  8.891E-04  8.199E-04  7.551E-04  6.941E-04  6.369E-04  5.833E-04  5.333E-04  4.869E-04  4.442E-04  3.968E-04  3.549E-04  3.193E-04  2.892E-04  2.636E-04  2.293E-04  2.077E-04  1.804E-04  1.577E-04  1.385E-04  1.223E-04  1.053E-04  9.084E-05  7.645E-05  6.461E-05  5.460E-05  4.582E-05
  317.5000  1.006E-02  9.638E-03  9.231E-03  8.834E-03  8.447E-03  8.069E-03  7.702E-03  7.345E-03  6.997E-03  6.661E-03  6.334E-03  6.017E-03  5.711E-03  5.414E-03  5.127E-03  4.852E-03  4.585E-03  4.328E-03  4.081E-03  3.844E-03  3.618E-03  3.400E-03  3.191E-03  2.992E-03  2.803E-03  2.622E-03  2.450E-03  2.286E-03  2.131E-03  1.984E-03  1.845E-03  1.714E-03  1.590E-03  1.472E-03  1.362E-03  1.258E-03  1.160E-03  1.069E-03  9.827E-04  9.019E-04  8.263E-04  7.556E-04  6.900E-04  6.296E-04  5.625E-04  5.033E-04  4.529E-04  4.102E-04  3.741E-04  3.254E-04  2.949E-04  2.561E-04  2.239E-04  1.967E-04  1.736E-04  1.497E-04  1.290E-04  1.086E-04  9.174E-05  7.754E-05  6.507E-05
  318.5000  1.045E-02  1.005E-02  9.655E-03  9.273E-03  8.897E-03  8.529E-03  8.169E-03  7.818E-03  7.474E-03  7.139E-03  6.812E-03  6.493E-03  6.183E-03  5.880E-03  5.587E-03  5.302E-03  5.025E-03  4.757E-03  4.498E-03  4.247E-03  4.005E-03  3.772E-03  3.547E-03  3.330E-03  3.123E-03  2.924E-03  2.734E-03  2.552E-03  2.378E-03  2.212E-03  2.055E-03  1.906E-03  1.764E-03  1.630E-03  1.504E-03  1.385E-03  1.273E-03  1.168E-03  1.069E-03  9.769E-04  8.908E-04  8.107E-04  7.366E-04  6.687E-04  5.944E-04  5.290E-04  4.735E-04  4.264E-04  3.867E-04  3.346E-04  3.015E-04  2.604E-04  2.265E-04  1.979E-04  1.738E-04  1.507E-04  1.279E-04  1.073E-04  9.036E-05  7.616E-05  6.383E-05
  319.5000  1.344E-02  1.294E-02  1.244E-02  1.196E-02  1.148E-02  1.102E-02  1.056E-02  1.011E-02  9.675E-03  9.249E-03  8.831E-03  8.424E-03  8.027E-03  7.640E-03  7.264E-03  6.899E-03  6.544E-03  6.199E-03  5.865E-03  5.542E-03  5.230E-03  4.928E-03  4.637E-03  4.357E-03  4.087E-03  3.829E-03  3.581E-03  3.344E-03  3.117E-03  2.901E-03  2.695E-03  2.500E-03  2.315E-03  2.139E-03  1.973E-03  1.816E-03  1.669E-03  1.531E-03  1.401E-03  1.279E-03  1.166E-03  1.060E-03  9.629E-04  8.735E-04  7.758E-04  6.899E-04  6.170E-04  5.553E-04  5.032E-04  4.349E-04  3.916E-04  3.378E-04  2.935E-04  2.562E-04  2.248E-04  1.927E-04  1.651E-04  1.384E-04  1.164E-04  9.806E-05  8.216E-05
  320.5000  1.746E-02  1.682E-02  1.619E-02  1.557E-02  1.496E-02  1.437E-02  1.379E-02  1.321E-02  1.265E-02  1.211E-02  1.157E-02  1.105E-02  1.054E-02  1.004E-02  9.555E-03  9.084E-03  8.624E-03  8.177E-03  7.743E-03  7.322E-03  6.916E-03  6.522E-03  6.141E-03  5.774E-03  5.421E-03  5.081E-03  4.755E-03  4.442E-03  4.142E-03  3.856E-03  3.583E-03  3.324E-03  3.077E-03  2.843E-03  2.622E-03  2.413E-03  2.216E-03  2.031E-03  1.857E-03  1.695E-03  1.543E-03  1.402E-03  1.272E-03  1.152E-03  1.022E-03  9.076E-04  8.106E-04  7.285E-04  6.592E-04  5.688E-04  5.114E-04  4.405E-04  3.821E-04  3.330E-04  2.917E-04  2.499E-04  2.137E-04  1.788E-04  1.503E-04  1.265E-04  1.059E-04
  321.5000  1.929E-02  1.865E-02  1.803E-02  1.741E-02  1.680E-02  1.620E-02  1.561E-02  1.503E-02  1.445E-02  1.389E-02  1.334E-02  1.279E-02  1.226E-02  1.173E-02  1.122E-02  1.071E-02  1.022E-02  9.738E-03  9.266E-03  8.805E-03  8.356E-03  7.918E-03  7.492E-03  7.077E-03  6.674E-03  6.283E-03  5.906E-03  5.540E-03  5.186E-03  4.846E-03  4.518E-03  4.204E-03  3.903E-03  3.614E-03  3.339E-03  3.077E-03  2.828E-03  2.593E-03  2.371E-03  2.161E-03  1.966E-03  1.783E-03  1.613E-03  1.457E-03  1.288E-03  1.139E-03  1.013E-03  9.059E-04  8.158E-04  6.997E-04  6.256E-04  5.354E-04  4.615E-04  3.996E-04  3.477E-04  2.959E-04  2.513E-04  2.090E-04  1.746E-04  1.462E-04  1.220E-04
  322.5000  1.584E-02  1.527E-02  1.471E-02  1.416E-02  1.362E-02  1.309E-02  1.257E-02  1.206E-02  1.156E-02  1.107E-02  1.059E-02  1.012E-02  9.658E-03  9.209E-03  8.772E-03  8.346E-03  7.930E-03  7.526E-03  7.133E-03  6.751E-03  6.381E-03  6.023E-03  5.675E-03  5.340E-03  5.017E-03  4.705E-03  4.406E-03  4.118E-03  3.842E-03  3.578E-03  3.326E-03  3.086E-03  2.858E-03  2.641E-03  2.435E-03  2.241E-03  2.057E-03  1.885E-03  1.723E-03  1.571E-03  1.430E-03  1.298E-03  1.177E-03  1.065E-03  9.442E-04  8.376E-04  7.473E-04  6.710E-04  6.066E-04  5.227E-04  4.695E-04  4.039E-04  3.499E-04  3.046E-04  2.665E-04  2.279E-04  1.947E-04  1.627E-04  1.366E-04  1.149E-04  9.614E-05
  323.5000  2.253E-02  2.182E-02  2.113E-02  2.045E-02  1.977E-02  1.910E-02  1.844E-02  1.779E-02  1.715E-02  1.651E-02  1.589E-02  1.528E-02  1.467E-02  1.408E-02  1.349E-02  1.292E-02  1.235E-02  1.180E-02  1.126E-02  1.072E-02  1.020E-02  9.695E-03  9.197E-03  8.711E-03  8.237E-03  7.776E-03  7.329E-03  6.893E-03  6.471E-03  6.061E-03  5.666E-03  5.285E-03  4.918E-03  4.565E-03  4.226E-03  3.902E-03  3.593E-03  3.300E-03  3.021E-03  2.758E-03  2.509E-03  2.277E-03  2.060E-03  1.861E-03  1.643E-03  1.452E-03  1.289E-03  1.152E-03  1.036E-03  8.863E-04  7.909E-04  6.749E-04  5.799E-04  5.006E-04  4.342E-04  3.681E-04  3.115E-04  2.581E-04  2.148E-04  1.792E-04  1.492E-04
  324.5000  2.612E-02  2.530E-02  2.449E-02  2.369E-02  2.290E-02  2.212E-02  2.135E-02  2.059E-02  1.984E-02  1.911E-02  1.838E-02  1.766E-02  1.696E-02  1.627E-02  1.559E-02  1.492E-02  1.426E-02  1.362E-02  1.299E-02  1.237E-02  1.177E-02  1.118E-02  1.060E-02  1.004E-02  9.488E-03  8.954E-03  8.436E-03  7.932E-03  7.443E-03  6.971E-03  6.514E-03  6.074E-03  5.650E-03  5.243E-03  4.853E-03  4.480E-03  4.125E-03  3.787E-03  3.467E-03  3.161E-03  2.879E-03  2.613E-03  2.364E-03  2.136E-03  1.886E-03  1.667E-03  1.481E-03  1.324E-03  1.191E-03  1.019E-03  9.101E-04  7.770E-04  6.680E-04  5.771E-04  5.009E-04  4.249E-04  3.598E-04  2.982E-04  2.484E-04  2.073E-04  1.727E-04
  325.5000  2.807E-02  2.717E-02  2.628E-02  2.541E-02  2.454E-02  2.369E-02  2.284E-02  2.201E-02  2.120E-02  2.039E-02  1.960E-02  1.882E-02  1.805E-02  1.730E-02  1.656E-02  1.584E-02  1.513E-02  1.443E-02  1.375E-02  1.308E-02  1.243E-02  1.179E-02  1.117E-02  1.056E-02  9.974E-03  9.402E-03  8.848E-03  8.309E-03  7.788E-03  7.285E-03  6.799E-03  6.334E-03  5.885E-03  5.455E-03  5.044E-03  4.651E-03  4.278E-03  3.925E-03  3.590E-03  3.274E-03  2.977E-03  2.700E-03  2.442E-03  2.206E-03  1.948E-03  1.722E-03  1.530E-03  1.367E-03  1.230E-03  1.054E-03  9.412E-04  8.042E-04  6.920E-04  5.983E-04  5.198E-04  4.414E-04  3.742E-04  3.105E-04  2.590E-04  2.163E-04  1.804E-04
  326.5000  4.236E-02  4.115E-02  3.995E-02  3.877E-02  3.759E-02  3.643E-02  3.528E-02  3.414E-02  3.301E-02  3.190E-02  3.080E-02  2.971E-02  2.864E-02  2.757E-02  2.653E-02  2.550E-02  2.448E-02  2.348E-02  2.249E-02  2.152E-02  2.056E-02  1.962E-02  1.870E-02  1.779E-02  1.691E-02  1.604E-02  1.519E-02  1.436E-02  1.354E-02  1.275E-02  1.198E-02  1.123E-02  1.051E-02  9.801E-03  9.120E-03  8.462E-03  7.830E-03  7.224E-03  6.644E-03  6.089E-03  5.564E-03  5.067E-03  4.600E-03  4.168E-03  3.685E-03  3.259E-03  2.899E-03  2.593E-03  2.335E-03  1.994E-03  1.779E-03  1.514E-03  1.298E-03  1.117E-03  9.658E-04  8.152E-04  6.865E-04  5.654E-04  4.679E-04  3.882E-04  3.221E-04
  327.5000  3.675E-02  3.565E-02  3.457E-02  3.350E-02  3.245E-02  3.140E-02  3.036E-02  2.934E-02  2.833E-02  2.734E-02  2.635E-02  2.538E-02  2.443E-02  2.348E-02  2.255E-02  2.164E-02  2.074E-02  1.985E-02  1.898E-02  1.812E-02  1.729E-02  1.646E-02  1.565E-02  1.486E-02  1.409E-02  1.334E-02  1.260E-02  1.188E-02  1.118E-02  1.050E-02  9.845E-03  9.208E-03  8.590E-03  7.994E-03  7.420E-03  6.868E-03  6.340E-03  5.835E-03  5.354E-03  4.896E-03  4.464E-03  4.057E-03  3.677E-03  3.326E-03  2.938E-03  2.597E-03  2.308E-03  2.063E-03  1.856E-03  1.586E-03  1.415E-03  1.205E-03  1.034E-03  8.912E-04  7.716E-04  6.526E-04  5.507E-04  4.548E-04  3.774E-04  3.139E-04  2.609E-04
  328.5000  3.403E-02  3.302E-02  3.202E-02  3.103E-02  3.005E-02  2.908E-02  2.812E-02  2.718E-02  2.624E-02  2.532E-02  2.441E-02  2.351E-02  2.263E-02  2.175E-02  2.089E-02  2.004E-02  1.921E-02  1.839E-02  1.758E-02  1.679E-02  1.601E-02  1.525E-02  1.450E-02  1.377E-02  1.305E-02  1.235E-02  1.167E-02  1.101E-02  1.036E-02  9.728E-03  9.116E-03  8.526E-03  7.953E-03  7.400E-03  6.867E-03  6.356E-03  5.865E-03  5.398E-03  4.951E-03  4.527E-03  4.126E-03  3.749E-03  3.397E-03  3.072E-03  2.712E-03  2.396E-03  2.128E-03  1.902E-03  1.710E-03  1.461E-03  1.303E-03  1.109E-03  9.511E-04  8.194E-04  7.091E-04  5.994E-04  5.057E-04  4.174E-04  3.463E-04  2.879E-04  2.392E-04
  329.5000  5.200E-02  5.060E-02  4.921E-02  4.783E-02  4.646E-02  4.510E-02  4.375E-02  4.242E-02  4.110E-02  3.980E-02  3.850E-02  3.722E-02  3.596E-02  3.470E-02  3.346E-02  3.224E-02  3.103E-02  2.983E-02  2.865E-02  2.749E-02  2.634E-02  2.521E-02  2.410E-02  2.300E-02  2.192E-02  2.086E-02  1.982E-02  1.880E-02  1.780E-02  1.682E-02  1.586E-02  1.492E-02  1.401E-02  1.312E-02  1.226E-02  1.142E-02  1.061E-02  9.824E-03  9.070E-03  8.313E-03  7.655E-03  6.997E-03  6.376E-03  5.798E-03  5.137E-03  4.555E-03  4.062E-03  3.644E-03  3.290E-03  2.811E-03  2.514E-03  2.139E-03  1.832E-03  1.577E-03  1.363E-03  1.148E-03  9.647E-04  7.918E-04  6.530E-04  5.400E-04  4.470E-04
  330.5000  4.418E-02  4.294E-02  4.171E-02  4.049E-02  3.928E-02  3.808E-02  3.689E-02  3.572E-02  3.456E-02  3.341E-02  3.227E-02  3.115E-02  3.004E-02  2.895E-02  2.786E-02  2.680E-02  2.574E-02  2.471E-02  2.368E-02  2.267E-02  2.168E-02  2.071E-02  1.975E-02  1.881E-02  1.788E-02  1.697E-02  1.609E-02  1.522E-02  1.437E-02  1.354E-02  1.273E-02  1.195E-02  1.119E-02  1.044E-02  9.727E-03  9.034E-03  8.366E-03  7.725E-03  7.110E-03  6.523E-03  5.964E-03  5.435E-03  4.938E-03  4.477E-03  3.959E-03  3.504E-03  3.117E-03  2.790E-03  2.513E-03  2.146E-03  1.916E-03  1.630E-03  1.396E-03  1.202E-03  1.039E-03  8.760E-04  7.371E-04  6.064E-04  5.012E-04  4.154E-04  3.444E-04
  331.5000  4.309E-02  4.186E-02  4.065E-02  3.945E-02  3.826E-02  3.708E-02  3.592E-02  3.477E-02  3.362E-02  3.250E-02  3.138E-02  3.028E-02  2.919E-02  2.812E-02  2.706E-02  2.601E-02  2.498E-02  2.396E-02  2.296E-02  2.197E-02  2.100E-02  2.005E-02  1.911E-02  1.819E-02  1.729E-02  1.640E-02  1.554E-02  1.469E-02  1.386E-02  1.306E-02  1.227E-02  1.151E-02  1.076E-02  1.004E-02  9.348E-03  8.676E-03  8.029E-03  7.409E-03  6.814E-03  6.247E-03  5.707E-03  5.197E-03  4.719E-03  4.276E-03  3.779E-03  3.342E-03  2.972E-03  2.658E-03  2.393E-03  2.043E-03  1.823E-03  1.551E-03  1.328E-03  1.143E-03  9.876E-04  8.330E-04  7.010E-04  5.768E-04  4.769E-04  3.953E-04  3.278E-04
  332.5000  4.781E-02  4.655E-02  4.530E-02  4.406E-02  4.282E-02  4.160E-02  4.039E-02  3.919E-02  3.800E-02  3.682E-02  3.565E-02  3.450E-02  3.335E-02  3.222E-02  3.109E-02  2.999E-02  2.889E-02  2.781E-02  2.673E-02  2.568E-02  2.463E-02  2.360E-02  2.259E-02  2.158E-02  2.060E-02  1.963E-02  1.867E-02  1.774E-02  1.682E-02  1.591E-02  1.503E-02  1.416E-02  1.332E-02  1.249E-02  1.169E-02  1.091E-02  1.015E-02  9.420E-03  8.712E-03  8.029E-03  7.378E-03  6.756E-03  6.168E-03  5.618E-03  4.983E-03  4.424E-03  3.951E-03  3.550E-03  3.210E-03  2.744E-03  2.457E-03  2.091E-03  1.792E-03  1.543E-03  1.333E-03  1.123E-03  9.426E-04  7.726E-04  6.362E-04  5.253E-04  4.345E-04
  333.5000  4.272E-02  4.155E-02  4.040E-02  3.925E-02  3.812E-02  3.699E-02  3.588E-02  3.477E-02  3.368E-02  3.260E-02  3.153E-02  3.047E-02  2.942E-02  2.838E-02  2.736E-02  2.635E-02  2.535E-02  2.436E-02  2.339E-02  2.243E-02  2.148E-02  2.055E-02  1.963E-02  1.872E-02  1.784E-02  1.696E-02  1.611E-02  1.527E-02  1.444E-02  1.364E-02  1.285E-02  1.208E-02  1.134E-02  1.061E-02  9.901E-03  9.216E-03  8.553E-03  7.916E-03  7.301E-03  6.714E-03  6.150E-03  5.617E-03  5.114E-03  4.645E-03  4.113E-03  3.644E-03  3.246E-03  2.910E-03  2.625E-03  2.241E-03  2.003E-03  1.703E-03  1.459E-03  1.255E-03  1.084E-03  9.132E-04  7.673E-04  6.298E-04  5.194E-04  4.295E-04  3.555E-04
  334.5000  4.904E-02  4.772E-02  4.641E-02  4.512E-02  4.384E-02  4.257E-02  4.131E-02  4.006E-02  3.882E-02  3.760E-02  3.638E-02  3.518E-02  3.399E-02  3.281E-02  3.165E-02  3.050E-02  2.937E-02  2.824E-02  2.713E-02  2.604E-02  2.496E-02  2.390E-02  2.285E-02  2.182E-02  2.080E-02  1.980E-02  1.882E-02  1.786E-02  1.691E-02  1.598E-02  1.508E-02  1.420E-02  1.333E-02  1.249E-02  1.167E-02  1.088E-02  1.011E-02  9.366E-03  8.650E-03  7.977E-03  7.304E-03  6.678E-03  6.087E-03  5.536E-03  4.905E-03  4.349E-03  3.878E-03  3.479E-03  3.142E-03  2.683E-03  2.400E-03  2.041E-03  1.748E-03  1.504E-03  1.299E-03  1.093E-03  9.181E-04  7.527E-04  6.201E-04  5.122E-04  4.237E-04
  335.5000  5.265E-02  5.128E-02  4.993E-02  4.859E-02  4.726E-02  4.594E-02  4.464E-02  4.334E-02  4.205E-02  4.078E-02  3.951E-02  3.826E-02  3.702E-02  3.579E-02  3.457E-02  3.337E-02  3.218E-02  3.100E-02  2.983E-02  2.868E-02  2.755E-02  2.642E-02  2.531E-02  2.422E-02  2.314E-02  2.207E-02  2.103E-02  2.000E-02  1.899E-02  1.799E-02  1.702E-02  1.606E-02  1.513E-02  1.421E-02  1.332E-02  1.245E-02  1.160E-02  1.079E-02  9.993E-03  9.228E-03  8.493E-03  7.790E-03  7.124E-03  6.500E-03  5.773E-03  5.132E-03  4.589E-03  4.130E-03  3.741E-03  3.200E-03  2.870E-03  2.443E-03  2.094E-03  1.804E-03  1.560E-03  1.313E-03  1.102E-03  9.017E-04  7.415E-04  6.115E-04  5.053E-04
  336.5000  4.051E-02  3.945E-02  3.840E-02  3.736E-02  3.632E-02  3.529E-02  3.428E-02  3.327E-02  3.227E-02  3.128E-02  3.030E-02  2.933E-02  2.836E-02  2.741E-02  2.647E-02  2.553E-02  2.461E-02  2.370E-02  2.279E-02  2.190E-02  2.102E-02  2.015E-02  1.929E-02  1.845E-02  1.761E-02  1.679E-02  1.599E-02  1.519E-02  1.441E-02  1.365E-02  1.290E-02  1.216E-02  1.145E-02  1.074E-02  1.006E-02  9.395E-03  8.748E-03  8.124E-03  7.518E-03  6.935E-03  6.376E-03  5.843E-03  5.337E-03  4.864E-03  4.317E-03  3.834E-03  3.425E-03  3.079E-03  2.786E-03  2.381E-03  2.133E-03  1.815E-03  1.555E-03  1.339E-03  1.157E-03  9.735E-04  8.169E-04  6.688E-04  5.501E-04  4.538E-04  3.750E-04
  337.5000  4.275E-02  4.161E-02  4.047E-02  3.934E-02  3.822E-02  3.711E-02  3.601E-02  3.492E-02  3.385E-02  3.278E-02  3.172E-02  3.067E-02  2.964E-02  2.861E-02  2.760E-02  2.660E-02  2.560E-02  2.462E-02  2.366E-02  2.270E-02  2.176E-02  2.083E-02  1.992E-02  1.902E-02  1.813E-02  1.726E-02  1.641E-02  1.556E-02  1.474E-02  1.393E-02  1.314E-02  1.237E-02  1.162E-02  1.088E-02  1.017E-02  9.476E-03  8.804E-03  8.157E-03  7.532E-03  6.979E-03  6.359E-03  5.813E-03  5.297E-03  4.817E-03  4.267E-03  3.782E-03  3.372E-03  3.024E-03  2.730E-03  2.331E-03  2.084E-03  1.772E-03  1.517E-03  1.305E-03  1.127E-03  9.482E-04  7.959E-04  6.523E-04  5.371E-04  4.434E-04  3.667E-04
  338.5000  4.794E-02  4.670E-02  4.547E-02  4.426E-02  4.305E-02  4.185E-02  4.066E-02  3.948E-02  3.831E-02  3.715E-02  3.600E-02  3.487E-02  3.374E-02  3.262E-02  3.151E-02  3.042E-02  2.934E-02  2.826E-02  2.720E-02  2.615E-02  2.512E-02  2.410E-02  2.309E-02  2.209E-02  2.111E-02  2.014E-02  1.919E-02  1.825E-02  1.733E-02  1.642E-02  1.553E-02  1.467E-02  1.381E-02  1.298E-02  1.216E-02  1.137E-02  1.060E-02  9.854E-03  9.130E-03  8.431E-03  7.760E-03  7.118E-03  6.510E-03  5.940E-03  5.275E-03  4.688E-03  4.192E-03  3.772E-03  3.417E-03  2.922E-03  2.620E-03  2.230E-03  1.911E-03  1.645E-03  1.422E-03  1.197E-03  1.004E-03  8.210E-04  6.747E-04  5.560E-04  4.592E-04
  339.5000  5.257E-02  5.122E-02  4.988E-02  4.856E-02  4.724E-02  4.593E-02  4.463E-02  4.334E-02  4.207E-02  4.080E-02  3.955E-02  3.831E-02  3.707E-02  3.585E-02  3.464E-02  3.345E-02  3.227E-02  3.109E-02  2.993E-02  2.879E-02  2.766E-02  2.654E-02  2.543E-02  2.434E-02  2.327E-02  2.221E-02  2.117E-02  2.014E-02  1.913E-02  1.813E-02  1.716E-02  1.621E-02  1.527E-02  1.435E-02  1.346E-02  1.259E-02  1.174E-02  1.092E-02  1.012E-02  9.349E-03  8.608E-03  7.900E-03  7.228E-03  6.598E-03  5.861E-03  5.211E-03  4.661E-03  4.196E-03  3.803E-03  3.251E-03  2.917E-03  2.483E-03  2.128E-03  1.832E-03  1.584E-03  1.332E-03  1.117E-03  9.135E-04  7.504E-04  6.182E-04  5.103E-04
  340.5000  5.503E-02  5.360E-02  5.217E-02  5.077E-02  4.937E-02  4.798E-02  4.660E-02  4.523E-02  4.388E-02  4.254E-02  4.121E-02  3.990E-02  3.859E-02  3.730E-02  3.602E-02  3.476E-02  3.351E-02  3.227E-02  3.104E-02  2.983E-02  2.864E-02  2.746E-02  2.630E-02  2.515E-02  2.402E-02  2.290E-02  2.181E-02  2.073E-02  1.967E-02  1.863E-02  1.761E-02  1.661E-02  1.563E-02  1.468E-02  1.375E-02  1.284E-02  1.196E-02  1.111E-02  1.028E-02  9.486E-03  8.723E-03  7.994E-03  7.303E-03  6.656E-03  5.906E-03  5.245E-03  4.685E-03  4.211E-03  3.811E-03  3.256E-03  2.917E-03  2.481E-03  2.125E-03  1.828E-03  1.580E-03  1.328E-03  1.114E-03  9.111E-04  7.487E-04  6.171E-04  5.095E-04
  341.5000  5.043E-02  4.914E-02  4.786E-02  4.660E-02  4.534E-02  4.409E-02  4.285E-02  4.163E-02  4.041E-02  3.920E-02  3.801E-02  3.682E-02  3.564E-02  3.448E-02  3.332E-02  3.218E-02  3.105E-02  2.993E-02  2.882E-02  2.773E-02  2.665E-02  2.558E-02  2.452E-02  2.348E-02  2.245E-02  2.143E-02  2.043E-02  1.945E-02  1.848E-02  1.753E-02  1.659E-02  1.568E-02  1.478E-02  1.390E-02  1.304E-02  1.220E-02  1.138E-02  1.059E-02  9.821E-03  9.079E-03  8.364E-03  7.680E-03  7.030E-03  6.421E-03  5.706E-03  5.075E-03  4.541E-03  4.090E-03  3.708E-03  3.171E-03  2.846E-03  2.423E-03  2.077E-03  1.788E-03  1.546E-03  1.300E-03  1.090E-03  8.911E-04  7.316E-04  6.024E-04  4.971E-04
  342.5000  5.622E-02  5.479E-02  5.337E-02  5.196E-02  5.057E-02  4.918E-02  4.780E-02  4.644E-02  4.509E-02  4.375E-02  4.242E-02  4.110E-02  3.979E-02  3.850E-02  3.721E-02  3.595E-02  3.469E-02  3.344E-02  3.221E-02  3.099E-02  2.979E-02  2.860E-02  2.742E-02  2.626E-02  2.512E-02  2.399E-02  2.287E-02  2.178E-02  2.070E-02  1.964E-02  1.859E-02  1.757E-02  1.657E-02  1.559E-02  1.463E-02  1.369E-02  1.278E-02  1.189E-02  1.103E-02  1.020E-02  9.401E-03  8.635E-03  7.907E-03  7.224E-03  6.421E-03  5.713E-03  5.113E-03  4.607E-03  4.178E-03  3.573E-03  3.208E-03  2.731E-03  2.341E-03  2.016E-03  1.743E-03  1.466E-03  1.229E-03  1.004E-03  8.239E-04  6.782E-04  5.595E-04
  343.5000  5.783E-02  5.635E-02  5.488E-02  5.342E-02  5.197E-02  5.054E-02  4.911E-02  4.770E-02  4.630E-02  4.491E-02  4.354E-02  4.217E-02  4.082E-02  3.948E-02  3.816E-02  3.685E-02  3.554E-02  3.426E-02  3.299E-02  3.173E-02  3.049E-02  2.926E-02  2.804E-02  2.684E-02  2.566E-02  2.450E-02  2.335E-02  2.222E-02  2.111E-02  2.001E-02  1.894E-02  1.789E-02  1.686E-02  1.585E-02  1.487E-02  1.390E-02  1.297E-02  1.206E-02  1.118E-02  1.033E-02  9.515E-03  8.733E-03  7.990E-03  7.294E-03  6.479E-03  5.760E-03  5.152E-03  4.637E-03  4.202E-03  3.592E-03  3.222E-03  2.741E-03  2.349E-03  2.022E-03  1.747E-03  1.469E-03  1.231E-03  1.006E-03  8.255E-04  6.795E-04  5.606E-04
  344.5000  4.009E-02  3.906E-02  3.803E-02  3.701E-02  3.600E-02  3.500E-02  3.400E-02  3.302E-02  3.204E-02  3.107E-02  3.011E-02  2.916E-02  2.822E-02  2.728E-02  2.636E-02  2.544E-02  2.454E-02  2.364E-02  2.275E-02  2.188E-02  2.101E-02  2.016E-02  1.931E-02  1.848E-02  1.766E-02  1.685E-02  1.605E-02  1.527E-02  1.449E-02  1.374E-02  1.299E-02  1.226E-02  1.155E-02  1.085E-02  1.017E-02  9.505E-03  8.859E-03  8.234E-03  7.627E-03  7.043E-03  6.480E-03  5.942E-03  5.432E-03  4.955E-03  4.398E-03  3.907E-03  3.492E-03  3.140E-03  2.843E-03  2.429E-03  2.177E-03  1.851E-03  1.585E-03  1.364E-03  1.178E-03  9.904E-04  8.297E-04  6.780E-04  5.565E-04  4.582E-04  3.780E-04
  345.5000  5.662E-02  5.518E-02  5.376E-02  5.236E-02  5.096E-02  4.957E-02  4.819E-02  4.682E-02  4.547E-02  4.412E-02  4.279E-02  4.147E-02  4.016E-02  3.886E-02  3.757E-02  3.630E-02  3.504E-02  3.379E-02  3.255E-02  3.133E-02  3.012E-02  2.893E-02  2.775E-02  2.658E-02  2.543E-02  2.429E-02  2.317E-02  2.207E-02  2.098E-02  1.991E-02  1.886E-02  1.783E-02  1.682E-02  1.583E-02  1.486E-02  1.392E-02  1.300E-02  1.210E-02  1.123E-02  1.039E-02  9.579E-03  8.802E-03  8.064E-03  7.370E-03  6.553E-03  5.831E-03  5.221E-03  4.705E-03  4.269E-03  3.651E-03  3.279E-03  2.791E-03  2.393E-03  2.061E-03  1.782E-03  1.498E-03  1.255E-03  1.025E-03  8.404E-04  6.913E-04  5.700E-04
  346.5000  5.206E-02  5.072E-02  4.940E-02  4.809E-02  4.679E-02  4.549E-02  4.421E-02  4.294E-02  4.168E-02  4.043E-02  3.920E-02  3.797E-02  3.675E-02  3.554E-02  3.435E-02  3.317E-02  3.200E-02  3.084E-02  2.970E-02  2.856E-02  2.745E-02  2.634E-02  2.525E-02  2.417E-02  2.310E-02  2.205E-02  2.102E-02  2.001E-02  1.900E-02  1.802E-02  1.705E-02  1.611E-02  1.518E-02  1.427E-02  1.338E-02  1.252E-02  1.167E-02  1.086E-02  1.006E-02  9.297E-03  8.561E-03  7.856E-03  7.187E-03  6.560E-03  5.826E-03  5.178E-03  4.630E-03  4.166E-03  3.775E-03  3.225E-03  2.892E-03  2.460E-03  2.107E-03  1.813E-03  1.566E-03  1.316E-03  1.103E-03  9.005E-04  7.387E-04  6.078E-04  5.011E-04
  347.5000  5.100E-02  4.970E-02  4.841E-02  4.712E-02  4.585E-02  4.458E-02  4.333E-02  4.209E-02  4.085E-02  3.963E-02  3.842E-02  3.722E-02  3.603E-02  3.485E-02  3.368E-02  3.253E-02  3.138E-02  3.025E-02  2.913E-02  2.802E-02  2.692E-02  2.584E-02  2.477E-02  2.371E-02  2.267E-02  2.164E-02  2.063E-02  1.963E-02  1.865E-02  1.769E-02  1.674E-02  1.581E-02  1.490E-02  1.401E-02  1.314E-02  1.229E-02  1.147E-02  1.067E-02  9.888E-03  9.137E-03  8.414E-03  7.722E-03  7.065E-03  6.449E-03  5.728E-03  5.091E-03  4.552E-03  4.097E-03  3.712E-03  3.171E-03  2.844E-03  2.419E-03  2.071E-03  1.783E-03  1.540E-03  1.294E-03  1.084E-03  8.848E-04  7.256E-04  5.968E-04  4.920E-04
  348.5000  5.646E-02  5.502E-02  5.359E-02  5.218E-02  5.077E-02  4.938E-02  4.800E-02  4.663E-02  4.527E-02  4.392E-02  4.259E-02  4.126E-02  3.995E-02  3.865E-02  3.736E-02  3.608E-02  3.482E-02  3.357E-02  3.233E-02  3.111E-02  2.990E-02  2.870E-02  2.752E-02  2.635E-02  2.520E-02  2.407E-02  2.295E-02  2.185E-02  2.076E-02  1.969E-02  1.865E-02  1.762E-02  1.661E-02  1.562E-02  1.466E-02  1.372E-02  1.280E-02  1.191E-02  1.105E-02  1.021E-02  9.407E-03  8.637E-03  7.905E-03  7.219E-03  6.413E-03  5.702E-03  5.101E-03  4.592E-03  4.162E-03  3.557E-03  3.191E-03  2.714E-03  2.325E-03  2.001E-03  1.729E-03  1.453E-03  1.216E-03  9.926E-04  8.137E-04  6.691E-04  5.515E-04
  349.5000  4.730E-02  4.610E-02  4.490E-02  4.372E-02  4.254E-02  4.137E-02  4.021E-02  3.906E-02  3.792E-02  3.679E-02  3.567E-02  3.456E-02  3.346E-02  3.237E-02  3.129E-02  3.022E-02  2.916E-02  2.812E-02  2.708E-02  2.605E-02  2.504E-02  2.404E-02  2.305E-02  2.207E-02  2.110E-02  2.015E-02  1.922E-02  1.829E-02  1.738E-02  1.649E-02  1.561E-02  1.475E-02  1.390E-02  1.308E-02  1.227E-02  1.148E-02  1.071E-02  9.966E-03  9.242E-03  8.542E-03  7.869E-03  7.224E-03  6.611E-03  6.036E-03  5.362E-03  4.767E-03  4.263E-03  3.838E-03  3.478E-03  2.971E-03  2.665E-03  2.266E-03  1.941E-03  1.670E-03  1.443E-03  1.212E-03  1.015E-03  8.280E-04  6.787E-04  5.579E-04  4.598E-04
  350.5000  6.637E-02  6.468E-02  6.300E-02  6.134E-02  5.969E-02  5.805E-02  5.643E-02  5.482E-02  5.322E-02  5.164E-02  5.007E-02  4.851E-02  4.697E-02  4.544E-02  4.392E-02  4.243E-02  4.094E-02  3.947E-02  3.802E-02  3.658E-02  3.516E-02  3.376E-02  3.237E-02  3.099E-02  2.964E-02  2.831E-02  2.699E-02  2.570E-02  2.442E-02  2.317E-02  2.193E-02  2.073E-02  1.954E-02  1.838E-02  1.724E-02  1.614E-02  1.506E-02  1.401E-02  1.299E-02  1.201E-02  1.106E-02  1.016E-02  9.297E-03  8.489E-03  7.542E-03  6.704E-03  5.996E-03  5.397E-03  4.892E-03  4.179E-03  3.749E-03  3.187E-03  2.729E-03  2.348E-03  2.029E-03  1.704E-03  1.426E-03  1.164E-03  9.534E-04  7.836E-04  6.456E-04
  351.5000  5.709E-02  5.564E-02  5.419E-02  5.276E-02  5.134E-02  4.993E-02  4.853E-02  4.714E-02  4.576E-02  4.440E-02  4.305E-02  4.171E-02  4.038E-02  3.906E-02  3.776E-02  3.647E-02  3.519E-02  3.393E-02  3.267E-02  3.143E-02  3.021E-02  2.900E-02  2.781E-02  2.662E-02  2.546E-02  2.431E-02  2.318E-02  2.206E-02  2.097E-02  1.989E-02  1.883E-02  1.779E-02  1.677E-02  1.577E-02  1.479E-02  1.384E-02  1.291E-02  1.201E-02  1.114E-02  1.029E-02  9.480E-03  8.702E-03  7.962E-03  7.268E-03  6.456E-03  5.737E-03  5.130E-03  4.616E-03  4.182E-03  3.572E-03  3.203E-03  2.723E-03  2.331E-03  2.005E-03  1.732E-03  1.454E-03  1.217E-03  9.928E-04  8.133E-04  6.683E-04  5.505E-04
  352.5000  5.163E-02  5.032E-02  4.901E-02  4.772E-02  4.643E-02  4.516E-02  4.390E-02  4.264E-02  4.140E-02  4.017E-02  3.895E-02  3.774E-02  3.654E-02  3.535E-02  3.417E-02  3.301E-02  3.185E-02  3.071E-02  2.958E-02  2.846E-02  2.735E-02  2.626E-02  2.518E-02  2.411E-02  2.306E-02  2.202E-02  2.100E-02  1.999E-02  1.899E-02  1.802E-02  1.706E-02  1.612E-02  1.520E-02  1.429E-02  1.341E-02  1.255E-02  1.171E-02  1.089E-02  1.010E-02  9.337E-03  8.601E-03  7.895E-03  7.225E-03  6.596E-03  5.859E-03  5.207E-03  4.656E-03  4.190E-03  3.797E-03  3.242E-03  2.908E-03  2.472E-03  2.116E-03  1.820E-03  1.572E-03  1.320E-03  1.104E-03  9.006E-04  7.376E-04  6.060E-04  4.990E-04
  353.5000  6.239E-02  6.081E-02  5.923E-02  5.768E-02  5.613E-02  5.459E-02  5.307E-02  5.156E-02  5.006E-02  4.857E-02  4.710E-02  4.564E-02  4.419E-02  4.276E-02  4.134E-02  3.993E-02  3.854E-02  3.716E-02  3.579E-02  3.444E-02  3.311E-02  3.179E-02  3.049E-02  2.920E-02  2.793E-02  2.667E-02  2.544E-02  2.422E-02  2.302E-02  2.184E-02  2.068E-02  1.955E-02  1.843E-02  1.734E-02  1.627E-02  1.523E-02  1.421E-02  1.322E-02  1.227E-02  1.134E-02  1.045E-02  9.592E-03  8.779E-03  8.017E-03  7.122E-03  6.331E-03  5.662E-03  5.096E-03  4.618E-03  3.944E-03  3.538E-03  3.007E-03  2.574E-03  2.214E-03  1.912E-03  1.605E-03  1.343E-03  1.095E-03  8.966E-04  7.364E-04  6.063E-04
  354.5000  6.775E-02  6.603E-02  6.433E-02  6.264E-02  6.096E-02  5.929E-02  5.764E-02  5.600E-02  5.438E-02  5.277E-02  5.117E-02  4.959E-02  4.802E-02  4.647E-02  4.492E-02  4.340E-02  4.189E-02  4.040E-02  3.892E-02  3.745E-02  3.601E-02  3.457E-02  3.316E-02  3.176E-02  3.038E-02  2.902E-02  2.768E-02  2.636E-02  2.506E-02  2.378E-02  2.252E-02  2.128E-02  2.007E-02  1.888E-02  1.772E-02  1.659E-02  1.549E-02  1.441E-02  1.337E-02  1.236E-02  1.139E-02  1.046E-02  9.577E-03  8.747E-03  7.771E-03  6.909E-03  6.179E-03  5.562E-03  5.042E-03  4.306E-03  3.863E-03  3.283E-03  2.811E-03  2.418E-03  2.088E-03  1.753E-03  1.466E-03  1.195E-03  9.782E-04  8.032E-04  6.611E-04
  355.5000  6.337E-02  6.176E-02  6.017E-02  5.859E-02  5.702E-02  5.546E-02  5.391E-02  5.238E-02  5.086E-02  4.936E-02  4.787E-02  4.639E-02  4.492E-02  4.346E-02  4.202E-02  4.060E-02  3.919E-02  3.779E-02  3.640E-02  3.503E-02  3.368E-02  3.234E-02  3.102E-02  2.971E-02  2.842E-02  2.715E-02  2.590E-02  2.466E-02  2.344E-02  2.224E-02  2.107E-02  1.991E-02  1.878E-02  1.767E-02  1.658E-02  1.552E-02  1.449E-02  1.349E-02  1.251E-02  1.157E-02  1.066E-02  9.788E-03  8.960E-03  8.183E-03  7.270E-03  6.463E-03  5.779E-03  5.202E-03  4.715E-03  4.026E-03  3.612E-03  3.069E-03  2.627E-03  2.260E-03  1.951E-03  1.637E-03  1.370E-03  1.116E-03  9.134E-04  7.498E-04  6.171E-04
  356.5000  5.883E-02  5.734E-02  5.585E-02  5.439E-02  5.293E-02  5.148E-02  5.005E-02  4.863E-02  4.722E-02  4.582E-02  4.444E-02  4.306E-02  4.170E-02  4.035E-02  3.901E-02  3.769E-02  3.638E-02  3.508E-02  3.379E-02  3.252E-02  3.127E-02  3.002E-02  2.880E-02  2.758E-02  2.638E-02  2.520E-02  2.404E-02  2.289E-02  2.176E-02  2.065E-02  1.955E-02  1.848E-02  1.743E-02  1.640E-02  1.539E-02  1.441E-02  1.345E-02  1.252E-02  1.161E-02  1.073E-02  9.891E-03  9.082E-03  8.313E-03  7.591E-03  6.744E-03  5.995E-03  5.360E-03  4.824E-03  4.372E-03  3.733E-03  3.348E-03  2.845E-03  2.435E-03  2.094E-03  1.807E-03  1.517E-03  1.269E-03  1.033E-03  8.456E-04  6.940E-04  5.710E-04
  357.5000  5.003E-02  4.875E-02  4.749E-02  4.625E-02  4.501E-02  4.378E-02  4.256E-02  4.135E-02  4.015E-02  3.896E-02  3.778E-02  3.661E-02  3.545E-02  3.430E-02  3.317E-02  3.204E-02  3.093E-02  2.982E-02  2.873E-02  2.765E-02  2.658E-02  2.552E-02  2.448E-02  2.345E-02  2.243E-02  2.142E-02  2.043E-02  1.946E-02  1.850E-02  1.755E-02  1.662E-02  1.571E-02  1.481E-02  1.394E-02  1.308E-02  1.224E-02  1.143E-02  1.063E-02  9.864E-03  9.119E-03  8.401E-03  7.714E-03  7.060E-03  6.446E-03  5.726E-03  5.089E-03  4.550E-03  4.095E-03  3.710E-03  3.167E-03  2.840E-03  2.413E-03  2.065E-03  1.775E-03  1.532E-03  1.286E-03  1.075E-03  8.755E-04  7.162E-04  5.877E-04  4.835E-04
  358.5000  3.868E-02  3.770E-02  3.672E-02  3.576E-02  3.480E-02  3.385E-02  3.291E-02  3.197E-02  3.105E-02  3.013E-02  2.922E-02  2.832E-02  2.742E-02  2.653E-02  2.565E-02  2.479E-02  2.392E-02  2.307E-02  2.223E-02  2.139E-02  2.057E-02  1.975E-02  1.894E-02  1.814E-02  1.736E-02  1.658E-02  1.582E-02  1.506E-02  1.432E-02  1.359E-02  1.287E-02  1.216E-02  1.147E-02  1.079E-02  1.013E-02  9.481E-03  8.850E-03  8.237E-03  7.641E-03  7.065E-03  6.509E-03  5.977E-03  5.471E-03  4.996E-03  4.438E-03  3.944E-03  3.526E-03  3.173E-03  2.875E-03  2.454E-03  2.201E-03  1.870E-03  1.600E-03  1.375E-03  1.187E-03  9.959E-04  8.325E-04  6.780E-04  5.545E-04  4.549E-04  3.741E-04
  359.5000  6.513E-02  6.348E-02  6.184E-02  6.021E-02  5.860E-02  5.700E-02  5.541E-02  5.384E-02  5.228E-02  5.073E-02  4.920E-02  4.768E-02  4.617E-02  4.468E-02  4.320E-02  4.174E-02  4.029E-02  3.885E-02  3.743E-02  3.602E-02  3.463E-02  3.326E-02  3.190E-02  3.055E-02  2.923E-02  2.792E-02  2.663E-02  2.536E-02  2.411E-02  2.288E-02  2.167E-02  2.048E-02  1.932E-02  1.817E-02  1.706E-02  1.597E-02  1.490E-02  1.387E-02  1.287E-02  1.190E-02  1.096E-02  1.006E-02  9.210E-03  8.409E-03  7.470E-03  6.638E-03  5.935E-03  5.340E-03  4.838E-03  4.129E-03  3.703E-03  3.145E-03  2.690E-03  2.313E-03  1.996E-03  1.674E-03  1.399E-03  1.139E-03  9.315E-04  7.640E-04  6.283E-04
  360.5000  6.041E-02  5.888E-02  5.736E-02  5.585E-02  5.436E-02  5.287E-02  5.140E-02  4.994E-02  4.849E-02  4.706E-02  4.564E-02  4.423E-02  4.283E-02  4.144E-02  4.007E-02  3.872E-02  3.737E-02  3.604E-02  3.472E-02  3.341E-02  3.213E-02  3.085E-02  2.959E-02  2.835E-02  2.712E-02  2.590E-02  2.471E-02  2.353E-02  2.237E-02  2.123E-02  2.010E-02  1.900E-02  1.792E-02  1.686E-02  1.582E-02  1.481E-02  1.383E-02  1.287E-02  1.194E-02  1.104E-02  1.017E-02  9.335E-03  8.544E-03  7.801E-03  6.929E-03  6.157E-03  5.504E-03  4.952E-03  4.486E-03  3.828E-03  3.432E-03  2.915E-03  2.493E-03  2.143E-03  1.849E-03  1.551E-03  1.296E-03  1.055E-03  8.624E-04  7.072E-04  5.814E-04
  361.5000  5.454E-02  5.316E-02  5.179E-02  5.043E-02  4.908E-02  4.774E-02  4.641E-02  4.509E-02  4.379E-02  4.250E-02  4.121E-02  3.994E-02  3.868E-02  3.743E-02  3.619E-02  3.497E-02  3.375E-02  3.255E-02  3.136E-02  3.018E-02  2.902E-02  2.787E-02  2.673E-02  2.561E-02  2.450E-02  2.340E-02  2.233E-02  2.126E-02  2.021E-02  1.918E-02  1.817E-02  1.717E-02  1.620E-02  1.524E-02  1.430E-02  1.339E-02  1.250E-02  1.163E-02  1.079E-02  9.980E-03  9.193E-03  8.441E-03  7.726E-03  7.054E-03  6.266E-03  5.568E-03  4.977E-03  4.478E-03  4.056E-03  3.461E-03  3.103E-03  2.635E-03  2.254E-03  1.937E-03  1.671E-03  1.401E-03  1.171E-03  9.529E-04  7.788E-04  6.385E-04  5.249E-04
  362.5000  6.412E-02  6.249E-02  6.088E-02  5.928E-02  5.770E-02  5.612E-02  5.456E-02  5.301E-02  5.148E-02  4.996E-02  4.845E-02  4.696E-02  4.547E-02  4.401E-02  4.255E-02  4.111E-02  3.969E-02  3.827E-02  3.688E-02  3.549E-02  3.413E-02  3.277E-02  3.144E-02  3.012E-02  2.881E-02  2.752E-02  2.626E-02  2.501E-02  2.377E-02  2.256E-02  2.137E-02  2.020E-02  1.905E-02  1.793E-02  1.683E-02  1.575E-02  1.470E-02  1.369E-02  1.270E-02  1.174E-02  1.082E-02  9.931E-03  9.089E-03  8.298E-03  7.371E-03  6.550E-03  5.854E-03  5.267E-03  4.771E-03  4.071E-03  3.649E-03  3.098E-03  2.650E-03  2.277E-03  1.964E-03  1.647E-03  1.376E-03  1.120E-03  9.148E-04  7.498E-04  6.162E-04
  363.5000  5.708E-02  5.563E-02  5.420E-02  5.278E-02  5.136E-02  4.996E-02  4.857E-02  4.719E-02  4.583E-02  4.448E-02  4.313E-02  4.180E-02  4.048E-02  3.918E-02  3.788E-02  3.660E-02  3.533E-02  3.407E-02  3.283E-02  3.160E-02  3.038E-02  2.918E-02  2.799E-02  2.681E-02  2.565E-02  2.451E-02  2.338E-02  2.227E-02  2.117E-02  2.009E-02  1.903E-02  1.799E-02  1.697E-02  1.596E-02  1.498E-02  1.403E-02  1.309E-02  1.219E-02  1.131E-02  1.045E-02  9.630E-03  8.842E-03  8.092E-03  7.388E-03  6.562E-03  5.831E-03  5.211E-03  4.688E-03  4.246E-03  3.622E-03  3.247E-03  2.757E-03  2.357E-03  2.025E-03  1.747E-03  1.464E-03  1.223E-03  9.951E-04  8.129E-04  6.662E-04  5.474E-04
  364.5000  6.228E-02  6.070E-02  5.914E-02  5.759E-02  5.604E-02  5.451E-02  5.300E-02  5.149E-02  5.000E-02  4.853E-02  4.706E-02  4.561E-02  4.417E-02  4.274E-02  4.133E-02  3.994E-02  3.855E-02  3.718E-02  3.582E-02  3.448E-02  3.315E-02  3.184E-02  3.054E-02  2.925E-02  2.799E-02  2.674E-02  2.551E-02  2.429E-02  2.309E-02  2.192E-02  2.076E-02  1.962E-02  1.851E-02  1.741E-02  1.635E-02  1.530E-02  1.428E-02  1.329E-02  1.233E-02  1.140E-02  1.050E-02  9.643E-03  8.824E-03  8.056E-03  7.155E-03  6.357E-03  5.681E-03  5.110E-03  4.628E-03  3.947E-03  3.538E-03  3.003E-03  2.567E-03  2.206E-03  1.902E-03  1.594E-03  1.332E-03  1.083E-03  8.844E-04  7.246E-04  5.953E-04
  365.5000  7.590E-02  7.397E-02  7.206E-02  7.017E-02  6.829E-02  6.643E-02  6.458E-02  6.274E-02  6.093E-02  5.913E-02  5.734E-02  5.557E-02  5.382E-02  5.208E-02  5.036E-02  4.866E-02  4.697E-02  4.530E-02  4.364E-02  4.200E-02  4.039E-02  3.879E-02  3.720E-02  3.564E-02  3.410E-02  3.257E-02  3.107E-02  2.959E-02  2.813E-02  2.670E-02  2.529E-02  2.390E-02  2.254E-02  2.121E-02  1.991E-02  1.863E-02  1.739E-02  1.619E-02  1.502E-02  1.388E-02  1.279E-02  1.174E-02  1.074E-02  9.806E-03  8.709E-03  7.736E-03  6.913E-03  6.217E-03  5.629E-03  4.801E-03  4.302E-03  3.651E-03  3.121E-03  2.681E-03  2.312E-03  1.937E-03  1.617E-03  1.315E-03  1.074E-03  8.797E-04  7.225E-04
  366.5000  8.041E-02  7.836E-02  7.634E-02  7.434E-02  7.235E-02  7.037E-02  6.841E-02  6.647E-02  6.455E-02  6.264E-02  6.075E-02  5.888E-02  5.702E-02  5.518E-02  5.335E-02  5.155E-02  4.976E-02  4.799E-02  4.624E-02  4.451E-02  4.280E-02  4.110E-02  3.942E-02  3.777E-02  3.613E-02  3.452E-02  3.293E-02  3.136E-02  2.982E-02  2.830E-02  2.680E-02  2.534E-02  2.390E-02  2.248E-02  2.110E-02  1.975E-02  1.844E-02  1.716E-02  1.592E-02  1.471E-02  1.356E-02  1.244E-02  1.139E-02  1.039E-02  9.231E-03  8.201E-03  7.327E-03  6.589E-03  5.966E-03  5.087E-03  4.559E-03  3.868E-03  3.306E-03  2.840E-03  2.448E-03  2.051E-03  1.713E-03  1.392E-03  1.137E-03  9.308E-04  7.643E-04
  367.5000  7.642E-02  7.448E-02  7.256E-02  7.065E-02  6.876E-02  6.688E-02  6.502E-02  6.318E-02  6.135E-02  5.954E-02  5.774E-02  5.596E-02  5.420E-02  5.245E-02  5.072E-02  4.901E-02  4.731E-02  4.562E-02  4.396E-02  4.231E-02  4.069E-02  3.907E-02  3.748E-02  3.591E-02  3.435E-02  3.282E-02  3.131E-02  2.982E-02  2.835E-02  2.691E-02  2.549E-02  2.409E-02  2.272E-02  2.138E-02  2.007E-02  1.879E-02  1.753E-02  1.632E-02  1.514E-02  1.399E-02  1.289E-02  1.184E-02  1.083E-02  9.887E-03  8.780E-03  7.799E-03  6.968E-03  6.266E-03  5.673E-03  4.837E-03  4.334E-03  3.677E-03  3.143E-03  2.699E-03  2.327E-03  1.950E-03  1.626E-03  1.322E-03  1.079E-03  8.836E-04  7.254E-04
  368.5000  6.717E-02  6.546E-02  6.377E-02  6.210E-02  6.043E-02  5.878E-02  5.715E-02  5.553E-02  5.392E-02  5.233E-02  5.075E-02  4.919E-02  4.763E-02  4.610E-02  4.457E-02  4.307E-02  4.158E-02  4.010E-02  3.864E-02  3.719E-02  3.576E-02  3.434E-02  3.294E-02  3.156E-02  3.019E-02  2.885E-02  2.752E-02  2.621E-02  2.492E-02  2.365E-02  2.240E-02  2.118E-02  1.997E-02  1.879E-02  1.764E-02  1.651E-02  1.541E-02  1.434E-02  1.331E-02  1.230E-02  1.133E-02  1.040E-02  9.517E-03  8.687E-03  7.714E-03  6.852E-03  6.121E-03  5.504E-03  4.982E-03  4.248E-03  3.806E-03  3.228E-03  2.759E-03  2.369E-03  2.042E-03  1.711E-03  1.427E-03  1.160E-03  9.462E-04  7.746E-04  6.358E-04
  369.5000  8.061E-02  7.856E-02  7.653E-02  7.453E-02  7.253E-02  7.055E-02  6.859E-02  6.664E-02  6.471E-02  6.280E-02  6.091E-02  5.903E-02  5.717E-02  5.532E-02  5.350E-02  5.169E-02  4.990E-02  4.812E-02  4.637E-02  4.463E-02  4.292E-02  4.122E-02  3.954E-02  3.788E-02  3.624E-02  3.462E-02  3.303E-02  3.146E-02  2.991E-02  2.839E-02  2.689E-02  2.542E-02  2.397E-02  2.256E-02  2.117E-02  1.982E-02  1.850E-02  1.722E-02  1.597E-02  1.476E-02  1.360E-02  1.248E-02  1.142E-02  1.042E-02  9.256E-03  8.221E-03  7.344E-03  6.602E-03  5.976E-03  5.094E-03  4.564E-03  3.871E-03  3.307E-03  2.839E-03  2.447E-03  2.050E-03  1.709E-03  1.389E-03  1.133E-03  9.274E-04  7.610E-04
  370.5000  7.317E-02  7.131E-02  6.947E-02  6.765E-02  6.583E-02  6.404E-02  6.225E-02  6.049E-02  5.874E-02  5.700E-02  5.528E-02  5.358E-02  5.189E-02  5.021E-02  4.856E-02  4.692E-02  4.529E-02  4.368E-02  4.209E-02  4.051E-02  3.896E-02  3.741E-02  3.589E-02  3.438E-02  3.290E-02  3.143E-02  2.998E-02  2.856E-02  2.715E-02  2.577E-02  2.441E-02  2.307E-02  2.176E-02  2.047E-02  1.922E-02  1.799E-02  1.679E-02  1.563E-02  1.449E-02  1.340E-02  1.234E-02  1.133E-02  1.036E-02  9.459E-03  8.399E-03  7.459E-03  6.663E-03  5.989E-03  5.421E-03  4.620E-03  4.138E-03  3.510E-03  2.998E-03  2.574E-03  2.218E-03  1.857E-03  1.548E-03  1.258E-03  1.026E-03  8.396E-04  6.889E-04
  371.5000  8.377E-02  8.165E-02  7.953E-02  7.745E-02  7.537E-02  7.331E-02  7.127E-02  6.925E-02  6.724E-02  6.526E-02  6.329E-02  6.134E-02  5.941E-02  5.749E-02  5.559E-02  5.372E-02  5.185E-02  5.001E-02  4.819E-02  4.638E-02  4.460E-02  4.284E-02  4.109E-02  3.937E-02  3.766E-02  3.598E-02  3.433E-02  3.270E-02  3.109E-02  2.950E-02  2.794E-02  2.642E-02  2.492E-02  2.344E-02  2.200E-02  2.060E-02  1.922E-02  1.789E-02  1.660E-02  1.534E-02  1.413E-02  1.297E-02  1.187E-02  1.083E-02  9.615E-03  8.539E-03  7.626E-03  6.854E-03  6.203E-03  5.287E-03  4.735E-03  4.015E-03  3.429E-03  2.943E-03  2.535E-03  2.122E-03  1.771E-03  1.438E-03  1.173E-03  9.592E-04  7.868E-04
  372.5000  6.192E-02  6.035E-02  5.879E-02  5.724E-02  5.571E-02  5.419E-02  5.268E-02  5.118E-02  4.970E-02  4.824E-02  4.678E-02  4.534E-02  4.391E-02  4.249E-02  4.109E-02  3.970E-02  3.833E-02  3.697E-02  3.562E-02  3.428E-02  3.297E-02  3.166E-02  3.037E-02  2.910E-02  2.784E-02  2.660E-02  2.538E-02  2.417E-02  2.298E-02  2.181E-02  2.066E-02  1.953E-02  1.842E-02  1.733E-02  1.627E-02  1.523E-02  1.421E-02  1.323E-02  1.227E-02  1.134E-02  1.045E-02  9.588E-03  8.771E-03  8.004E-03  7.107E-03  6.311E-03  5.636E-03  5.065E-03  4.583E-03  3.906E-03  3.497E-03  2.965E-03  2.532E-03  2.173E-03  1.872E-03  1.567E-03  1.307E-03  1.061E-03  8.650E-04  7.074E-04  5.802E-04
  373.5000  5.599E-02  5.456E-02  5.315E-02  5.176E-02  5.037E-02  4.899E-02  4.763E-02  4.628E-02  4.494E-02  4.361E-02  4.230E-02  4.099E-02  3.970E-02  3.842E-02  3.715E-02  3.590E-02  3.465E-02  3.342E-02  3.220E-02  3.100E-02  2.981E-02  2.863E-02  2.746E-02  2.631E-02  2.517E-02  2.405E-02  2.294E-02  2.185E-02  2.078E-02  1.972E-02  1.868E-02  1.766E-02  1.665E-02  1.567E-02  1.471E-02  1.377E-02  1.285E-02  1.196E-02  1.109E-02  1.025E-02  9.442E-03  8.666E-03  7.928E-03  7.234E-03  6.422E-03  5.703E-03  5.092E-03  4.576E-03  4.140E-03  3.527E-03  3.158E-03  2.677E-03  2.286E-03  1.961E-03  1.689E-03  1.413E-03  1.179E-03  9.570E-04  7.800E-04  6.378E-04  5.230E-04
  374.5000  6.147E-02  5.991E-02  5.836E-02  5.683E-02  5.530E-02  5.379E-02  5.229E-02  5.081E-02  4.934E-02  4.788E-02  4.644E-02  4.500E-02  4.358E-02  4.218E-02  4.079E-02  3.941E-02  3.804E-02  3.669E-02  3.536E-02  3.403E-02  3.273E-02  3.143E-02  3.015E-02  2.889E-02  2.764E-02  2.640E-02  2.519E-02  2.399E-02  2.281E-02  2.165E-02  2.051E-02  1.939E-02  1.828E-02  1.720E-02  1.615E-02  1.511E-02  1.410E-02  1.313E-02  1.217E-02  1.125E-02  1.036E-02  9.512E-03  8.701E-03  7.939E-03  7.048E-03  6.258E-03  5.587E-03  5.020E-03  4.542E-03  3.869E-03  3.464E-03  2.936E-03  2.506E-03  2.150E-03  1.851E-03  1.549E-03  1.292E-03  1.048E-03  8.543E-04  6.983E-04  5.725E-04
  375.5000  6.940E-02  6.764E-02  6.589E-02  6.416E-02  6.243E-02  6.073E-02  5.904E-02  5.736E-02  5.570E-02  5.406E-02  5.242E-02  5.081E-02  4.921E-02  4.762E-02  4.605E-02  4.449E-02  4.295E-02  4.143E-02  3.992E-02  3.842E-02  3.695E-02  3.549E-02  3.404E-02  3.261E-02  3.120E-02  2.981E-02  2.844E-02  2.709E-02  2.576E-02  2.444E-02  2.315E-02  2.189E-02  2.064E-02  1.943E-02  1.823E-02  1.706E-02  1.593E-02  1.482E-02  1.375E-02  1.270E-02  1.170E-02  1.074E-02  9.824E-03  8.964E-03  7.957E-03  7.065E-03  6.307E-03  5.666E-03  5.126E-03  4.366E-03  3.908E-03  3.312E-03  2.827E-03  2.425E-03  2.088E-03  1.746E-03  1.456E-03  1.181E-03  9.626E-04  7.867E-04  6.448E-04
  376.5000  6.935E-02  6.758E-02  6.583E-02  6.410E-02  6.238E-02  6.068E-02  5.899E-02  5.731E-02  5.565E-02  5.401E-02  5.238E-02  5.076E-02  4.916E-02  4.758E-02  4.601E-02  4.446E-02  4.292E-02  4.139E-02  3.988E-02  3.839E-02  3.692E-02  3.546E-02  3.401E-02  3.259E-02  3.118E-02  2.979E-02  2.842E-02  2.707E-02  2.574E-02  2.443E-02  2.314E-02  2.187E-02  2.063E-02  1.941E-02  1.822E-02  1.705E-02  1.592E-02  1.481E-02  1.374E-02  1.270E-02  1.169E-02  1.073E-02  9.816E-03  8.956E-03  7.950E-03  7.058E-03  6.300E-03  5.660E-03  5.119E-03  4.360E-03  3.902E-03  3.306E-03  2.822E-03  2.420E-03  2.084E-03  1.743E-03  1.452E-03  1.178E-03  9.597E-04  7.842E-04  6.426E-04
  377.5000  8.262E-02  8.052E-02  7.843E-02  7.637E-02  7.432E-02  7.229E-02  7.028E-02  6.828E-02  6.630E-02  6.435E-02  6.241E-02  6.048E-02  5.857E-02  5.668E-02  5.481E-02  5.297E-02  5.113E-02  4.932E-02  4.752E-02  4.574E-02  4.399E-02  4.225E-02  4.053E-02  3.883E-02  3.715E-02  3.549E-02  3.386E-02  3.225E-02  3.067E-02  2.911E-02  2.757E-02  2.606E-02  2.458E-02  2.313E-02  2.171E-02  2.032E-02  1.896E-02  1.765E-02  1.637E-02  1.513E-02  1.393E-02  1.279E-02  1.169E-02  1.067E-02  9.471E-03  8.407E-03  7.504E-03  6.741E-03  6.096E-03  5.191E-03  4.646E-03  3.936E-03  3.359E-03  2.880E-03  2.479E-03  2.074E-03  1.727E-03  1.401E-03  1.141E-03  9.321E-04  7.637E-04
  378.5000  9.010E-02  8.780E-02  8.553E-02  8.328E-02  8.104E-02  7.883E-02  7.663E-02  7.445E-02  7.229E-02  7.016E-02  6.804E-02  6.595E-02  6.387E-02  6.181E-02  5.977E-02  5.775E-02  5.575E-02  5.377E-02  5.181E-02  4.987E-02  4.796E-02  4.606E-02  4.419E-02  4.234E-02  4.051E-02  3.870E-02  3.693E-02  3.517E-02  3.344E-02  3.174E-02  3.006E-02  2.842E-02  2.680E-02  2.522E-02  2.367E-02  2.216E-02  2.068E-02  1.924E-02  1.785E-02  1.649E-02  1.519E-02  1.394E-02  1.275E-02  1.163E-02  1.032E-02  9.164E-03  8.179E-03  7.346E-03  6.643E-03  5.656E-03  5.061E-03  4.287E-03  3.657E-03  3.136E-03  2.699E-03  2.257E-03  1.880E-03  1.524E-03  1.241E-03  1.014E-03  8.304E-04
  379.5000  6.669E-02  6.499E-02  6.330E-02  6.164E-02  5.998E-02  5.834E-02  5.672E-02  5.510E-02  5.351E-02  5.193E-02  5.036E-02  4.881E-02  4.727E-02  4.574E-02  4.423E-02  4.274E-02  4.126E-02  3.980E-02  3.835E-02  3.691E-02  3.550E-02  3.409E-02  3.271E-02  3.133E-02  2.998E-02  2.864E-02  2.733E-02  2.603E-02  2.475E-02  2.349E-02  2.225E-02  2.103E-02  1.984E-02  1.867E-02  1.752E-02  1.640E-02  1.530E-02  1.424E-02  1.321E-02  1.221E-02  1.124E-02  1.032E-02  9.434E-03  8.605E-03  7.638E-03  6.780E-03  6.050E-03  5.433E-03  4.913E-03  4.182E-03  3.742E-03  3.169E-03  2.703E-03  2.318E-03  1.994E-03  1.667E-03  1.388E-03  1.126E-03  9.164E-04  7.483E-04  6.128E-04
  380.5000  8.024E-02  7.820E-02  7.617E-02  7.417E-02  7.217E-02  7.020E-02  6.824E-02  6.630E-02  6.438E-02  6.248E-02  6.059E-02  5.872E-02  5.687E-02  5.504E-02  5.322E-02  5.143E-02  4.965E-02  4.788E-02  4.614E-02  4.441E-02  4.271E-02  4.102E-02  3.935E-02  3.770E-02  3.608E-02  3.447E-02  3.289E-02  3.132E-02  2.978E-02  2.826E-02  2.677E-02  2.531E-02  2.387E-02  2.246E-02  2.108E-02  1.973E-02  1.841E-02  1.714E-02  1.589E-02  1.469E-02  1.353E-02  1.241E-02  1.135E-02  1.035E-02  9.189E-03  8.156E-03  7.278E-03  6.535E-03  5.908E-03  5.029E-03  4.499E-03  3.809E-03  3.249E-03  2.785E-03  2.396E-03  2.003E-03  1.668E-03  1.352E-03  1.100E-03  8.982E-04  7.354E-04
  381.5000  7.544E-02  7.352E-02  7.161E-02  6.973E-02  6.785E-02  6.600E-02  6.416E-02  6.233E-02  6.053E-02  5.874E-02  5.697E-02  5.521E-02  5.347E-02  5.174E-02  5.003E-02  4.835E-02  4.667E-02  4.502E-02  4.338E-02  4.175E-02  4.015E-02  3.857E-02  3.700E-02  3.545E-02  3.392E-02  3.241E-02  3.092E-02  2.945E-02  2.800E-02  2.658E-02  2.517E-02  2.380E-02  2.245E-02  2.112E-02  1.982E-02  1.855E-02  1.731E-02  1.611E-02  1.494E-02  1.381E-02  1.272E-02  1.167E-02  1.067E-02  9.732E-03  8.638E-03  7.666E-03  6.840E-03  6.141E-03  5.552E-03  4.725E-03  4.226E-03  3.578E-03  3.051E-03  2.615E-03  2.250E-03  1.880E-03  1.565E-03  1.268E-03  1.032E-03  8.424E-04  6.896E-04
  382.5000  5.030E-02  4.901E-02  4.774E-02  4.649E-02  4.524E-02  4.400E-02  4.277E-02  4.155E-02  4.035E-02  3.916E-02  3.798E-02  3.680E-02  3.564E-02  3.449E-02  3.335E-02  3.223E-02  3.111E-02  3.001E-02  2.892E-02  2.784E-02  2.677E-02  2.571E-02  2.466E-02  2.363E-02  2.261E-02  2.160E-02  2.061E-02  1.963E-02  1.867E-02  1.772E-02  1.678E-02  1.587E-02  1.496E-02  1.408E-02  1.321E-02  1.237E-02  1.154E-02  1.074E-02  9.961E-03  9.204E-03  8.477E-03  7.778E-03  7.112E-03  6.487E-03  5.757E-03  5.109E-03  4.558E-03  4.092E-03  3.699E-03  3.148E-03  2.815E-03  2.383E-03  2.032E-03  1.741E-03  1.498E-03  1.251E-03  1.041E-03  8.439E-04  6.865E-04  5.602E-04  4.585E-04
  383.5000  4.419E-02  4.306E-02  4.194E-02  4.084E-02  3.974E-02  3.865E-02  3.757E-02  3.650E-02  3.545E-02  3.440E-02  3.336E-02  3.233E-02  3.131E-02  3.030E-02  2.930E-02  2.831E-02  2.733E-02  2.636E-02  2.540E-02  2.445E-02  2.352E-02  2.259E-02  2.167E-02  2.076E-02  1.986E-02  1.898E-02  1.811E-02  1.725E-02  1.640E-02  1.556E-02  1.474E-02  1.394E-02  1.315E-02  1.237E-02  1.161E-02  1.087E-02  1.014E-02  9.436E-03  8.751E-03  8.086E-03  7.446E-03  6.832E-03  6.247E-03  5.697E-03  5.056E-03  4.487E-03  4.003E-03  3.593E-03  3.247E-03  2.763E-03  2.471E-03  2.091E-03  1.783E-03  1.527E-03  1.314E-03  1.097E-03  9.131E-04  7.398E-04  6.017E-04  4.909E-04  4.017E-04
  384.5000  6.635E-02  6.465E-02  6.297E-02  6.132E-02  5.967E-02  5.803E-02  5.641E-02  5.481E-02  5.322E-02  5.165E-02  5.009E-02  4.854E-02  4.701E-02  4.549E-02  4.399E-02  4.251E-02  4.104E-02  3.958E-02  3.814E-02  3.671E-02  3.531E-02  3.391E-02  3.253E-02  3.117E-02  2.982E-02  2.850E-02  2.719E-02  2.590E-02  2.462E-02  2.337E-02  2.214E-02  2.093E-02  1.974E-02  1.857E-02  1.743E-02  1.631E-02  1.523E-02  1.417E-02  1.314E-02  1.214E-02  1.118E-02  1.026E-02  9.379E-03  8.553E-03  7.590E-03  6.735E-03  6.008E-03  5.392E-03  4.873E-03  4.146E-03  3.707E-03  3.137E-03  2.674E-03  2.290E-03  1.969E-03  1.645E-03  1.368E-03  1.109E-03  9.014E-04  7.352E-04  6.015E-04
  385.5000  6.568E-02  6.400E-02  6.234E-02  6.069E-02  5.906E-02  5.744E-02  5.584E-02  5.425E-02  5.267E-02  5.112E-02  4.957E-02  4.804E-02  4.653E-02  4.503E-02  4.354E-02  4.207E-02  4.062E-02  3.918E-02  3.775E-02  3.634E-02  3.495E-02  3.357E-02  3.220E-02  3.085E-02  2.952E-02  2.821E-02  2.691E-02  2.563E-02  2.437E-02  2.313E-02  2.191E-02  2.072E-02  1.954E-02  1.838E-02  1.725E-02  1.615E-02  1.507E-02  1.402E-02  1.301E-02  1.202E-02  1.107E-02  1.015E-02  9.283E-03  8.465E-03  7.512E-03  6.665E-03  5.945E-03  5.335E-03  4.821E-03  4.101E-03  3.666E-03  3.102E-03  2.644E-03  2.264E-03  1.947E-03  1.626E-03  1.352E-03  1.095E-03  8.902E-04  7.260E-04  5.938E-04
  386.5000  6.698E-02  6.527E-02  6.357E-02  6.190E-02  6.023E-02  5.858E-02  5.694E-02  5.532E-02  5.372E-02  5.213E-02  5.055E-02  4.899E-02  4.745E-02  4.592E-02  4.440E-02  4.291E-02  4.142E-02  3.995E-02  3.850E-02  3.706E-02  3.564E-02  3.423E-02  3.284E-02  3.146E-02  3.011E-02  2.877E-02  2.745E-02  2.614E-02  2.486E-02  2.359E-02  2.235E-02  2.113E-02  1.993E-02  1.875E-02  1.760E-02  1.647E-02  1.537E-02  1.430E-02  1.326E-02  1.225E-02  1.128E-02  1.035E-02  9.466E-03  8.631E-03  7.659E-03  6.795E-03  6.061E-03  5.438E-03  4.914E-03  4.179E-03  3.736E-03  3.160E-03  2.693E-03  2.306E-03  1.982E-03  1.655E-03  1.376E-03  1.114E-03  9.058E-04  7.385E-04  6.039E-04
  387.5000  6.228E-02  6.069E-02  5.911E-02  5.755E-02  5.600E-02  5.446E-02  5.294E-02  5.143E-02  4.994E-02  4.847E-02  4.700E-02  4.555E-02  4.411E-02  4.269E-02  4.128E-02  3.989E-02  3.851E-02  3.714E-02  3.579E-02  3.445E-02  3.313E-02  3.182E-02  3.053E-02  2.925E-02  2.799E-02  2.674E-02  2.552E-02  2.431E-02  2.311E-02  2.194E-02  2.078E-02  1.964E-02  1.853E-02  1.743E-02  1.636E-02  1.531E-02  1.429E-02  1.330E-02  1.233E-02  1.139E-02  1.049E-02  9.625E-03  8.799E-03  8.023E-03  7.120E-03  6.316E-03  5.633E-03  5.054E-03  4.566E-03  3.883E-03  3.470E-03  2.935E-03  2.501E-03  2.141E-03  1.840E-03  1.536E-03  1.277E-03  1.034E-03  8.403E-04  6.849E-04  5.599E-04
  388.5000  6.245E-02  6.086E-02  5.927E-02  5.771E-02  5.615E-02  5.461E-02  5.309E-02  5.157E-02  5.008E-02  4.860E-02  4.713E-02  4.567E-02  4.423E-02  4.280E-02  4.139E-02  4.000E-02  3.861E-02  3.724E-02  3.589E-02  3.454E-02  3.322E-02  3.191E-02  3.061E-02  2.933E-02  2.807E-02  2.682E-02  2.559E-02  2.437E-02  2.317E-02  2.200E-02  2.084E-02  1.970E-02  1.858E-02  1.748E-02  1.641E-02  1.536E-02  1.433E-02  1.333E-02  1.236E-02  1.142E-02  1.052E-02  9.650E-03  8.822E-03  8.044E-03  7.138E-03  6.332E-03  5.646E-03  5.065E-03  4.575E-03  3.891E-03  3.477E-03  2.940E-03  2.505E-03  2.144E-03  1.842E-03  1.538E-03  1.278E-03  1.035E-03  8.406E-04  6.851E-04  5.599E-04
  389.5000  7.880E-02  7.678E-02  7.478E-02  7.281E-02  7.084E-02  6.890E-02  6.697E-02  6.507E-02  6.318E-02  6.131E-02  5.946E-02  5.762E-02  5.580E-02  5.400E-02  5.222E-02  5.046E-02  4.871E-02  4.698E-02  4.527E-02  4.358E-02  4.191E-02  4.026E-02  3.862E-02  3.701E-02  3.541E-02  3.383E-02  3.228E-02  3.075E-02  2.924E-02  2.775E-02  2.629E-02  2.485E-02  2.344E-02  2.206E-02  2.070E-02  1.937E-02  1.808E-02  1.682E-02  1.560E-02  1.441E-02  1.327E-02  1.217E-02  1.113E-02  1.015E-02  9.003E-03  7.986E-03  7.121E-03  6.388E-03  5.769E-03  4.905E-03  4.383E-03  3.706E-03  3.157E-03  2.702E-03  2.321E-03  1.937E-03  1.610E-03  1.303E-03  1.058E-03  8.621E-04  7.045E-04
  390.5000  7.744E-02  7.546E-02  7.349E-02  7.155E-02  6.962E-02  6.771E-02  6.582E-02  6.394E-02  6.208E-02  6.025E-02  5.843E-02  5.662E-02  5.483E-02  5.306E-02  5.131E-02  4.958E-02  4.787E-02  4.617E-02  4.449E-02  4.282E-02  4.119E-02  3.956E-02  3.795E-02  3.636E-02  3.480E-02  3.325E-02  3.172E-02  3.022E-02  2.873E-02  2.727E-02  2.583E-02  2.442E-02  2.304E-02  2.168E-02  2.034E-02  1.904E-02  1.777E-02  1.653E-02  1.533E-02  1.416E-02  1.304E-02  1.196E-02  1.094E-02  9.970E-03  8.846E-03  7.847E-03  6.996E-03  6.275E-03  5.667E-03  4.818E-03  4.304E-03  3.639E-03  3.099E-03  2.652E-03  2.278E-03  1.900E-03  1.579E-03  1.278E-03  1.038E-03  8.452E-04  6.905E-04
  391.5000  9.192E-02  8.957E-02  8.723E-02  8.493E-02  8.264E-02  8.037E-02  7.812E-02  7.589E-02  7.369E-02  7.151E-02  6.935E-02  6.720E-02  6.508E-02  6.298E-02  6.090E-02  5.885E-02  5.681E-02  5.480E-02  5.280E-02  5.083E-02  4.888E-02  4.695E-02  4.505E-02  4.316E-02  4.130E-02  3.946E-02  3.766E-02  3.587E-02  3.411E-02  3.237E-02  3.066E-02  2.899E-02  2.734E-02  2.573E-02  2.415E-02  2.260E-02  2.109E-02  1.963E-02  1.820E-02  1.681E-02  1.548E-02  1.420E-02  1.298E-02  1.183E-02  1.050E-02  9.312E-03  8.301E-03  7.445E-03  6.723E-03  5.715E-03  5.105E-03  4.315E-03  3.674E-03  3.144E-03  2.700E-03  2.252E-03  1.871E-03  1.514E-03  1.229E-03  1.001E-03  8.174E-04
  392.5000  6.897E-02  6.720E-02  6.545E-02  6.372E-02  6.200E-02  6.030E-02  5.861E-02  5.694E-02  5.528E-02  5.365E-02  5.203E-02  5.042E-02  4.883E-02  4.725E-02  4.569E-02  4.415E-02  4.262E-02  4.111E-02  3.961E-02  3.813E-02  3.667E-02  3.523E-02  3.380E-02  3.238E-02  3.099E-02  2.961E-02  2.825E-02  2.691E-02  2.559E-02  2.429E-02  2.301E-02  2.175E-02  2.052E-02  1.930E-02  1.812E-02  1.696E-02  1.582E-02  1.472E-02  1.365E-02  1.261E-02  1.161E-02  1.065E-02  9.737E-03  8.876E-03  7.876E-03  6.985E-03  6.226E-03  5.583E-03  5.041E-03  4.285E-03  3.827E-03  3.234E-03  2.753E-03  2.356E-03  2.023E-03  1.687E-03  1.401E-03  1.133E-03  9.199E-04  7.490E-04  6.116E-04
  393.5000  3.000E-02  2.923E-02  2.847E-02  2.772E-02  2.697E-02  2.623E-02  2.549E-02  2.477E-02  2.405E-02  2.333E-02  2.263E-02  2.193E-02  2.124E-02  2.055E-02  1.987E-02  1.920E-02  1.854E-02  1.788E-02  1.723E-02  1.659E-02  1.595E-02  1.532E-02  1.470E-02  1.408E-02  1.348E-02  1.288E-02  1.229E-02  1.170E-02  1.113E-02  1.056E-02  1.001E-02  9.461E-03  8.924E-03  8.396E-03  7.880E-03  7.376E-03  6.883E-03  6.404E-03  5.938E-03  5.486E-03  5.051E-03  4.633E-03  4.235E-03  3.860E-03  3.425E-03  3.037E-03  2.707E-03  2.427E-03  2.191E-03  1.862E-03  1.663E-03  1.405E-03  1.196E-03  1.023E-03  8.784E-04  7.324E-04  6.084E-04  4.919E-04  3.992E-04  3.249E-04  2.653E-04
  394.5000  7.063E-02  6.882E-02  6.702E-02  6.525E-02  6.349E-02  6.174E-02  6.001E-02  5.830E-02  5.660E-02  5.493E-02  5.327E-02  5.162E-02  4.999E-02  4.838E-02  4.678E-02  4.520E-02  4.364E-02  4.209E-02  4.056E-02  3.904E-02  3.755E-02  3.607E-02  3.460E-02  3.315E-02  3.173E-02  3.031E-02  2.893E-02  2.755E-02  2.620E-02  2.487E-02  2.356E-02  2.227E-02  2.101E-02  1.977E-02  1.855E-02  1.736E-02  1.620E-02  1.508E-02  1.398E-02  1.291E-02  1.189E-02  1.091E-02  9.968E-03  9.085E-03  8.060E-03  7.148E-03  6.371E-03  5.712E-03  5.156E-03  4.381E-03  3.911E-03  3.305E-03  2.813E-03  2.405E-03  2.065E-03  1.721E-03  1.430E-03  1.156E-03  9.375E-04  7.630E-04  6.228E-04
  395.5000  9.092E-02  8.859E-02  8.628E-02  8.399E-02  8.172E-02  7.948E-02  7.725E-02  7.504E-02  7.286E-02  7.070E-02  6.856E-02  6.644E-02  6.434E-02  6.227E-02  6.021E-02  5.818E-02  5.617E-02  5.417E-02  5.220E-02  5.025E-02  4.833E-02  4.642E-02  4.454E-02  4.267E-02  4.084E-02  3.902E-02  3.723E-02  3.547E-02  3.373E-02  3.201E-02  3.032E-02  2.867E-02  2.704E-02  2.544E-02  2.388E-02  2.235E-02  2.086E-02  1.941E-02  1.799E-02  1.662E-02  1.530E-02  1.404E-02  1.283E-02  1.169E-02  1.037E-02  9.199E-03  8.198E-03  7.349E-03  6.633E-03  5.635E-03  5.031E-03  4.250E-03  3.616E-03  3.092E-03  2.654E-03  2.212E-03  1.837E-03  1.484E-03  1.204E-03  9.797E-04  7.995E-04
  396.5000  5.342E-02  5.205E-02  5.069E-02  4.934E-02  4.801E-02  4.669E-02  4.538E-02  4.408E-02  4.280E-02  4.153E-02  4.028E-02  3.903E-02  3.780E-02  3.658E-02  3.537E-02  3.418E-02  3.299E-02  3.182E-02  3.066E-02  2.952E-02  2.839E-02  2.727E-02  2.616E-02  2.507E-02  2.399E-02  2.292E-02  2.187E-02  2.084E-02  1.981E-02  1.881E-02  1.781E-02  1.684E-02  1.589E-02  1.495E-02  1.403E-02  1.313E-02  1.225E-02  1.140E-02  1.057E-02  9.765E-03  8.991E-03  8.246E-03  7.536E-03  6.868E-03  6.093E-03  5.403E-03  4.815E-03  4.316E-03  3.895E-03  3.309E-03  2.953E-03  2.495E-03  2.122E-03  1.814E-03  1.557E-03  1.297E-03  1.077E-03  8.704E-04  7.058E-04  5.741E-04  4.684E-04
  397.5000  6.167E-02  6.009E-02  5.852E-02  5.697E-02  5.543E-02  5.390E-02  5.239E-02  5.089E-02  4.941E-02  4.795E-02  4.650E-02  4.506E-02  4.363E-02  4.222E-02  4.083E-02  3.945E-02  3.809E-02  3.674E-02  3.540E-02  3.408E-02  3.277E-02  3.148E-02  3.020E-02  2.894E-02  2.769E-02  2.646E-02  2.525E-02  2.405E-02  2.287E-02  2.171E-02  2.057E-02  1.945E-02  1.834E-02  1.726E-02  1.620E-02  1.516E-02  1.415E-02  1.316E-02  1.221E-02  1.128E-02  1.038E-02  9.520E-03  8.700E-03  7.929E-03  7.034E-03  6.237E-03  5.557E-03  4.981E-03  4.494E-03  3.818E-03  3.407E-03  2.878E-03  2.448E-03  2.092E-03  1.795E-03  1.495E-03  1.241E-03  1.003E-03  8.131E-04  6.613E-04  5.394E-04
  398.5000  1.060E-01  1.033E-01  1.006E-01  9.794E-02  9.529E-02  9.266E-02  9.006E-02  8.749E-02  8.494E-02  8.242E-02  7.993E-02  7.745E-02  7.501E-02  7.258E-02  7.019E-02  6.782E-02  6.547E-02  6.315E-02  6.085E-02  5.858E-02  5.634E-02  5.412E-02  5.192E-02  4.975E-02  4.761E-02  4.549E-02  4.341E-02  4.135E-02  3.932E-02  3.732E-02  3.536E-02  3.343E-02  3.153E-02  2.967E-02  2.785E-02  2.606E-02  2.432E-02  2.263E-02  2.098E-02  1.938E-02  1.785E-02  1.637E-02  1.496E-02  1.363E-02  1.209E-02  1.072E-02  9.552E-03  8.560E-03  7.723E-03  6.560E-03  5.854E-03  4.943E-03  4.204E-03  3.593E-03  3.082E-03  2.567E-03  2.131E-03  1.721E-03  1.395E-03  1.134E-03  9.249E-04
  399.5000  1.103E-01  1.075E-01  1.047E-01  1.019E-01  9.915E-02  9.642E-02  9.372E-02  9.104E-02  8.838E-02  8.576E-02  8.316E-02  8.059E-02  7.804E-02  7.552E-02  7.303E-02  7.056E-02  6.812E-02  6.570E-02  6.331E-02  6.095E-02  5.862E-02  5.631E-02  5.402E-02  5.177E-02  4.954E-02  4.734E-02  4.517E-02  4.303E-02  4.092E-02  3.884E-02  3.679E-02  3.479E-02  3.281E-02  3.088E-02  2.898E-02  2.712E-02  2.531E-02  2.355E-02  2.183E-02  2.017E-02  1.857E-02  1.703E-02  1.556E-02  1.418E-02  1.258E-02  1.115E-02  9.937E-03  8.904E-03  8.033E-03  6.822E-03  6.087E-03  5.139E-03  4.370E-03  3.734E-03  3.202E-03  2.667E-03  2.213E-03  1.787E-03  1.448E-03  1.177E-03  9.599E-04
------------------------------------------------------------
Dose rates,W m-2
   1 = UV index (WMO, 1994; Webb et al., 2011)           
   2 = Previtamin-D3 (CIE 2006)                          
values at z =      0.025 km
Columns: time,sza,weighting spectra
time,hrs.  sza,deg.          1          2
   18.0000     81.147  1.766E-01  2.767E-03
   18.0167     81.350  1.708E-01  2.646E-03
   18.0333     81.553  1.651E-01  2.529E-03
   18.0500     81.756  1.595E-01  2.417E-03
   18.0667     81.959  1.541E-01  2.308E-03
   18.0833     82.162  1.487E-01  2.204E-03
   18.1000     82.366  1.435E-01  2.103E-03
   18.1167     82.570  1.383E-01  2.007E-03
   18.1333     82.773  1.333E-01  1.914E-03
   18.1500     82.977  1.284E-01  1.825E-03
   18.1667     83.181  1.236E-01  1.739E-03
   18.1833     83.385  1.188E-01  1.656E-03
   18.2000     83.589  1.142E-01  1.577E-03
   18.2167     83.794  1.097E-01  1.501E-03
   18.2333     83.998  1.053E-01  1.428E-03
   18.2500     84.202  1.010E-01  1.358E-03
   18.2667     84.407  9.679E-02  1.291E-03
   18.2833     84.612  9.268E-02  1.226E-03
   18.3000     84.817  8.865E-02  1.164E-03
   18.3167     85.022  8.473E-02  1.105E-03
   18.3333     85.227  8.091E-02  1.048E-03
   18.3500     85.432  7.717E-02  9.939E-04
   18.3667     85.638  7.352E-02  9.418E-04
   18.3833     85.843  6.997E-02  8.918E-04
   18.4000     86.049  6.651E-02  8.440E-04
   18.4167     86.254  6.314E-02  7.982E-04
   18.4333     86.460  5.987E-02  7.544E-04
   18.4500     86.666  5.667E-02  7.124E-04
   18.4667     86.872  5.357E-02  6.722E-04
   18.4833     87.078  5.056E-02  6.337E-04
   18.5000     87.284  4.763E-02  5.968E-04
   18.5167     87.490  4.480E-02  5.616E-04
   18.5333     87.696  4.205E-02  5.278E-04
   18.5500     87.903  3.939E-02  4.954E-04
   18.5667     88.109  3.682E-02  4.645E-04
   18.5833     88.316  3.434E-02  4.349E-04
   18.6000     88.523  3.195E-02  4.069E-04
   18.6167     88.729  2.965E-02  3.795E-04
   18.6333     88.936  2.744E-02  3.537E-04
   18.6500     89.143  2.532E-02  3.290E-04
   18.6667     89.350  2.330E-02  3.055E-04
   18.6833     89.557  2.138E-02  2.833E-04
   18.7000     89.764  1.956E-02  2.622E-04
   18.7167     89.971  1.787E-02  2.425E-04
   18.7333     90.179  1.592E-02  2.197E-04
   18.7500     90.386  1.420E-02  1.989E-04
   18.7667     90.594  1.274E-02  1.815E-04
   18.7833     90.801  1.150E-02  1.666E-04
   18.8000     91.008  1.045E-02  1.539E-04
   18.8167     91.216  8.994E-03  1.355E-04
   18.8333     91.424  8.104E-03  1.244E-04
   18.8500     91.632  6.952E-03  1.092E-04
   18.8667     91.840  6.006E-03  9.655E-05
   18.8833     92.048  5.213E-03  8.564E-05
   18.9000     92.255  4.546E-03  7.635E-05
   18.9167     92.464  3.863E-03  6.641E-05
   18.9333     92.672  3.272E-03  5.754E-05
   18.9500     92.880  2.705E-03  4.858E-05
   18.9667     93.089  2.246E-03  4.118E-05
   18.9833     93.297  1.868E-03  3.486E-05
   19.0000     93.505  1.550E-03  2.918E-05
------------------------------------------------------------
