Spectral Irradiance,W m-2 nm-1
values at z =      0.025 km
Columns: wavelength (nm),times (hrs.) or sza (deg.)
    wc,nm     18.000     18.017     18.033     18.050     18.067     18.083     18.100     18.117     18.133     18.150     18.167     18.183     18.200     18.217     18.233     18.250     18.267     18.283     18.300     18.317     18.333     18.350     18.367     18.383     18.400     18.417     18.433     18.450     18.467     18.483     18.500     18.517     18.533     18.550     18.567     18.583     18.600     18.617     18.633     18.650     18.667     18.683     18.700     18.717     18.733     18.750     18.767     18.783     18.800     18.817     18.833     18.850     18.867     18.883     18.900     18.917     18.933     18.950     18.967     18.983     19.000
    sza =      80.713     80.917     81.121     81.325     81.529     81.733     81.938     82.143     82.347     82.552     82.756     82.962     83.167     83.372     83.577     83.782     83.988     84.194     84.399     84.605     84.811     85.017     85.223     85.429     85.636     85.842     86.048     86.255     86.461     86.668     86.875     87.082     87.289     87.496     87.703     87.910     88.118     88.325     88.532     88.740     88.947     89.155     89.363     89.570     89.778     89.986     90.194     90.403     90.610     90.819     91.027     91.235     91.444     91.652     91.860     92.069     92.278     92.486     92.695     92.904     93.112
  280.5000  2.952E-27  2.904E-27  2.856E-27  2.809E-27  2.762E-27  2.716E-27  2.669E-27  2.623E-27  2.576E-27  2.530E-27  2.484E-27  2.438E-27  2.392E-27  2.347E-27  2.301E-27  2.255E-27  2.209E-27  2.164E-27  2.118E-27  2.072E-27  2.026E-27  1.980E-27  1.934E-27  1.888E-27  1.841E-27  1.795E-27  1.748E-27  1.701E-27  1.654E-27  1.606E-27  1.558E-27  1.510E-27  1.462E-27  1.413E-27  1.364E-27  1.314E-27  1.264E-27  1.214E-27  1.164E-27  1.113E-27  1.062E-27  1.010E-27  9.590E-28  9.080E-28  8.574E-28  8.079E-28  7.416E-28  6.832E-28  6.329E-28  5.889E-28  5.412E-28  4.878E-28  4.439E-28  3.975E-28  3.507E-28  3.092E-28  2.713E-28  2.350E-28  2.002E-28  1.688E-28  1.412E-28
  281.5000  7.859E-25  7.731E-25  7.603E-25  7.477E-25  7.351E-25  7.226E-25  7.101E-25  6.976E-25  6.852E-25  6.729E-25  6.606E-25  6.483E-25  6.361E-25  6.238E-25  6.116E-25  5.994E-25  5.872E-25  5.750E-25  5.628E-25  5.506E-25  5.384E-25  5.261E-25  5.139E-25  5.016E-25  4.892E-25  4.768E-25  4.644E-25  4.519E-25  4.393E-25  4.267E-25  4.140E-25  4.013E-25  3.884E-25  3.755E-25  3.624E-25  3.493E-25  3.361E-25  3.228E-25  3.094E-25  2.960E-25  2.824E-25  2.688E-25  2.552E-25  2.417E-25  2.283E-25  2.152E-25  1.976E-25  1.821E-25  1.687E-25  1.571E-25  1.444E-25  1.302E-25  1.185E-25  1.061E-25  9.369E-26  8.262E-26  7.250E-26  6.284E-26  5.356E-26  4.516E-26  3.782E-26
  282.5000  6.529E-23  6.421E-23  6.315E-23  6.209E-23  6.103E-23  5.998E-23  5.894E-23  5.790E-23  5.686E-23  5.583E-23  5.480E-23  5.378E-23  5.276E-23  5.174E-23  5.072E-23  4.970E-23  4.869E-23  4.767E-23  4.665E-23  4.564E-23  4.462E-23  4.360E-23  4.258E-23  4.156E-23  4.054E-23  3.951E-23  3.848E-23  3.744E-23  3.640E-23  3.536E-23  3.431E-23  3.325E-23  3.219E-23  3.111E-23  3.004E-23  2.895E-23  2.786E-23  2.676E-23  2.565E-23  2.454E-23  2.342E-23  2.230E-23  2.117E-23  2.006E-23  1.895E-23  1.786E-23  1.641E-23  1.512E-23  1.402E-23  1.305E-23  1.200E-23  1.083E-23  9.859E-24  8.833E-24  7.800E-24  6.880E-24  6.039E-24  5.236E-24  4.464E-24  3.766E-24  3.156E-24
  283.5000  1.040E-21  1.023E-21  1.006E-21  9.889E-22  9.720E-22  9.551E-22  9.384E-22  9.217E-22  9.052E-22  8.887E-22  8.722E-22  8.558E-22  8.395E-22  8.232E-22  8.069E-22  7.907E-22  7.744E-22  7.582E-22  7.420E-22  7.258E-22  7.096E-22  6.934E-22  6.771E-22  6.608E-22  6.445E-22  6.281E-22  6.117E-22  5.953E-22  5.787E-22  5.621E-22  5.453E-22  5.286E-22  5.117E-22  4.946E-22  4.775E-22  4.603E-22  4.429E-22  4.255E-22  4.079E-22  3.902E-22  3.725E-22  3.547E-22  3.368E-22  3.191E-22  3.015E-22  2.843E-22  2.612E-22  2.408E-22  2.233E-22  2.079E-22  1.913E-22  1.725E-22  1.571E-22  1.408E-22  1.244E-22  1.097E-22  9.635E-23  8.356E-23  7.126E-23  6.014E-23  5.042E-23
  284.5000  9.926E-20  9.759E-20  9.593E-20  9.429E-20  9.266E-20  9.103E-20  8.942E-20  8.781E-20  8.621E-20  8.463E-20  8.304E-20  8.146E-20  7.989E-20  7.832E-20  7.676E-20  7.521E-20  7.365E-20  7.209E-20  7.054E-20  6.899E-20  6.744E-20  6.589E-20  6.434E-20  6.278E-20  6.123E-20  5.967E-20  5.811E-20  5.654E-20  5.496E-20  5.338E-20  5.179E-20  5.020E-20  4.859E-20  4.698E-20  4.536E-20  4.372E-20  4.208E-20  4.043E-20  3.877E-20  3.709E-20  3.541E-20  3.373E-20  3.204E-20  3.036E-20  2.870E-20  2.707E-20  2.488E-20  2.295E-20  2.129E-20  1.984E-20  1.826E-20  1.648E-20  1.502E-20  1.346E-20  1.190E-20  1.050E-20  9.227E-21  8.006E-21  6.832E-21  5.769E-21  4.842E-21
  285.5000  1.816E-18  1.785E-18  1.755E-18  1.724E-18  1.694E-18  1.664E-18  1.634E-18  1.604E-18  1.575E-18  1.545E-18  1.516E-18  1.487E-18  1.458E-18  1.429E-18  1.400E-18  1.372E-18  1.343E-18  1.315E-18  1.286E-18  1.258E-18  1.229E-18  1.201E-18  1.172E-18  1.144E-18  1.115E-18  1.087E-18  1.058E-18  1.030E-18  1.001E-18  9.719E-19  9.429E-19  9.139E-19  8.846E-19  8.552E-19  8.257E-19  7.960E-19  7.661E-19  7.361E-19  7.058E-19  6.755E-19  6.449E-19  6.143E-19  5.837E-19  5.532E-19  5.231E-19  4.936E-19  4.537E-19  4.187E-19  3.885E-19  3.622E-19  3.334E-19  3.011E-19  2.745E-19  2.463E-19  2.177E-19  1.923E-19  1.690E-19  1.467E-19  1.253E-19  1.058E-19  8.888E-20
  286.5000  7.662E-17  7.530E-17  7.399E-17  7.269E-17  7.140E-17  7.011E-17  6.884E-17  6.758E-17  6.632E-17  6.507E-17  6.383E-17  6.259E-17  6.136E-17  6.013E-17  5.891E-17  5.770E-17  5.648E-17  5.527E-17  5.406E-17  5.286E-17  5.166E-17  5.045E-17  4.925E-17  4.805E-17  4.684E-17  4.564E-17  4.444E-17  4.323E-17  4.201E-17  4.080E-17  3.958E-17  3.836E-17  3.713E-17  3.589E-17  3.465E-17  3.340E-17  3.215E-17  3.089E-17  2.962E-17  2.835E-17  2.707E-17  2.579E-17  2.451E-17  2.323E-17  2.197E-17  2.073E-17  1.906E-17  1.760E-17  1.633E-17  1.523E-17  1.403E-17  1.267E-17  1.156E-17  1.037E-17  9.174E-18  8.106E-18  7.128E-18  6.191E-18  5.287E-18  4.469E-18  3.756E-18
  287.5000  1.817E-15  1.785E-15  1.753E-15  1.722E-15  1.691E-15  1.660E-15  1.629E-15  1.599E-15  1.569E-15  1.539E-15  1.509E-15  1.479E-15  1.450E-15  1.420E-15  1.391E-15  1.362E-15  1.333E-15  1.304E-15  1.276E-15  1.247E-15  1.218E-15  1.190E-15  1.161E-15  1.132E-15  1.104E-15  1.075E-15  1.047E-15  1.018E-15  9.895E-16  9.607E-16  9.319E-16  9.030E-16  8.740E-16  8.449E-16  8.156E-16  7.862E-16  7.567E-16  7.271E-16  6.973E-16  6.673E-16  6.372E-16  6.071E-16  5.770E-16  5.471E-16  5.175E-16  4.885E-16  4.493E-16  4.149E-16  3.853E-16  3.594E-16  3.312E-16  2.993E-16  2.732E-16  2.452E-16  2.170E-16  1.919E-16  1.688E-16  1.467E-16  1.254E-16  1.060E-16  8.916E-17
  288.5000  4.309E-14  4.231E-14  4.154E-14  4.079E-14  4.003E-14  3.929E-14  3.855E-14  3.781E-14  3.709E-14  3.637E-14  3.565E-14  3.493E-14  3.423E-14  3.352E-14  3.282E-14  3.213E-14  3.143E-14  3.074E-14  3.005E-14  2.937E-14  2.868E-14  2.800E-14  2.732E-14  2.664E-14  2.596E-14  2.528E-14  2.460E-14  2.393E-14  2.325E-14  2.257E-14  2.188E-14  2.120E-14  2.052E-14  1.983E-14  1.914E-14  1.845E-14  1.775E-14  1.706E-14  1.636E-14  1.566E-14  1.495E-14  1.425E-14  1.354E-14  1.284E-14  1.215E-14  1.147E-14  1.056E-14  9.751E-15  9.058E-15  8.455E-15  7.795E-15  7.049E-15  6.436E-15  5.782E-15  5.121E-15  4.530E-15  3.989E-15  3.469E-15  2.966E-15  2.511E-15  2.113E-15
  289.5000  7.232E-13  7.099E-13  6.968E-13  6.838E-13  6.709E-13  6.582E-13  6.456E-13  6.331E-13  6.207E-13  6.084E-13  5.962E-13  5.841E-13  5.720E-13  5.601E-13  5.482E-13  5.364E-13  5.247E-13  5.130E-13  5.013E-13  4.897E-13  4.782E-13  4.667E-13  4.552E-13  4.438E-13  4.323E-13  4.209E-13  4.095E-13  3.981E-13  3.867E-13  3.753E-13  3.639E-13  3.525E-13  3.411E-13  3.296E-13  3.181E-13  3.065E-13  2.949E-13  2.834E-13  2.717E-13  2.600E-13  2.483E-13  2.366E-13  2.249E-13  2.133E-13  2.018E-13  1.906E-13  1.754E-13  1.621E-13  1.506E-13  1.406E-13  1.297E-13  1.173E-13  1.072E-13  9.635E-14  8.537E-14  7.557E-14  6.658E-14  5.793E-14  4.957E-14  4.198E-14  3.536E-14
  290.5000  7.442E-12  7.303E-12  7.165E-12  7.029E-12  6.894E-12  6.760E-12  6.628E-12  6.497E-12  6.368E-12  6.240E-12  6.112E-12  5.986E-12  5.861E-12  5.736E-12  5.613E-12  5.490E-12  5.368E-12  5.247E-12  5.126E-12  5.006E-12  4.887E-12  4.768E-12  4.649E-12  4.531E-12  4.413E-12  4.295E-12  4.178E-12  4.061E-12  3.943E-12  3.826E-12  3.709E-12  3.592E-12  3.474E-12  3.357E-12  3.239E-12  3.121E-12  3.002E-12  2.884E-12  2.765E-12  2.646E-12  2.527E-12  2.408E-12  2.289E-12  2.171E-12  2.054E-12  1.940E-12  1.785E-12  1.650E-12  1.534E-12  1.432E-12  1.321E-12  1.196E-12  1.093E-12  9.830E-13  8.714E-13  7.718E-13  6.804E-13  5.924E-13  5.071E-13  4.298E-13  3.622E-13
  291.5000  6.901E-11  6.768E-11  6.636E-11  6.506E-11  6.378E-11  6.251E-11  6.126E-11  6.002E-11  5.879E-11  5.758E-11  5.637E-11  5.518E-11  5.400E-11  5.282E-11  5.166E-11  5.051E-11  4.937E-11  4.823E-11  4.710E-11  4.597E-11  4.486E-11  4.375E-11  4.264E-11  4.154E-11  4.044E-11  3.934E-11  3.826E-11  3.717E-11  3.608E-11  3.499E-11  3.391E-11  3.283E-11  3.174E-11  3.066E-11  2.957E-11  2.849E-11  2.740E-11  2.631E-11  2.522E-11  2.413E-11  2.304E-11  2.195E-11  2.087E-11  1.979E-11  1.873E-11  1.769E-11  1.628E-11  1.505E-11  1.399E-11  1.307E-11  1.207E-11  1.093E-11  9.992E-12  8.991E-12  7.976E-12  7.069E-12  6.236E-12  5.434E-12  4.655E-12  3.948E-12  3.330E-12
  292.5000  4.034E-10  3.954E-10  3.874E-10  3.797E-10  3.720E-10  3.644E-10  3.568E-10  3.494E-10  3.421E-10  3.349E-10  3.277E-10  3.206E-10  3.135E-10  3.066E-10  2.997E-10  2.929E-10  2.861E-10  2.794E-10  2.727E-10  2.661E-10  2.595E-10  2.529E-10  2.464E-10  2.400E-10  2.335E-10  2.271E-10  2.207E-10  2.143E-10  2.080E-10  2.016E-10  1.953E-10  1.890E-10  1.827E-10  1.764E-10  1.701E-10  1.638E-10  1.575E-10  1.512E-10  1.449E-10  1.386E-10  1.323E-10  1.260E-10  1.198E-10  1.136E-10  1.075E-10  1.015E-10  9.347E-11  8.641E-11  8.035E-11  7.508E-11  6.932E-11  6.279E-11  5.745E-11  5.171E-11  4.590E-11  4.070E-11  3.593E-11  3.133E-11  2.686E-11  2.280E-11  1.924E-11
  293.5000  2.711E-09  2.655E-09  2.600E-09  2.546E-09  2.493E-09  2.440E-09  2.388E-09  2.337E-09  2.286E-09  2.236E-09  2.187E-09  2.138E-09  2.090E-09  2.042E-09  1.995E-09  1.949E-09  1.903E-09  1.857E-09  1.811E-09  1.766E-09  1.722E-09  1.677E-09  1.633E-09  1.589E-09  1.546E-09  1.503E-09  1.460E-09  1.417E-09  1.374E-09  1.332E-09  1.289E-09  1.247E-09  1.205E-09  1.163E-09  1.121E-09  1.079E-09  1.037E-09  9.951E-10  9.533E-10  9.115E-10  8.699E-10  8.284E-10  7.871E-10  7.463E-10  7.061E-10  6.669E-10  6.139E-10  5.675E-10  5.278E-10  4.933E-10  4.556E-10  4.128E-10  3.778E-10  3.403E-10  3.022E-10  2.682E-10  2.369E-10  2.067E-10  1.774E-10  1.506E-10  1.272E-10
  294.5000  1.009E-08  9.874E-09  9.663E-09  9.456E-09  9.251E-09  9.050E-09  8.852E-09  8.656E-09  8.463E-09  8.274E-09  8.086E-09  7.901E-09  7.718E-09  7.538E-09  7.359E-09  7.183E-09  7.009E-09  6.836E-09  6.665E-09  6.495E-09  6.328E-09  6.161E-09  5.996E-09  5.832E-09  5.670E-09  5.508E-09  5.348E-09  5.188E-09  5.029E-09  4.871E-09  4.714E-09  4.558E-09  4.401E-09  4.246E-09  4.090E-09  3.935E-09  3.781E-09  3.627E-09  3.473E-09  3.320E-09  3.167E-09  3.015E-09  2.864E-09  2.715E-09  2.568E-09  2.425E-09  2.232E-09  2.064E-09  1.919E-09  1.794E-09  1.657E-09  1.502E-09  1.375E-09  1.239E-09  1.101E-09  9.773E-10  8.638E-10  7.542E-10  6.475E-10  5.503E-10  4.652E-10
  295.5000  5.247E-08  5.131E-08  5.017E-08  4.905E-08  4.794E-08  4.686E-08  4.579E-08  4.474E-08  4.371E-08  4.269E-08  4.169E-08  4.070E-08  3.972E-08  3.876E-08  3.781E-08  3.688E-08  3.596E-08  3.504E-08  3.414E-08  3.324E-08  3.236E-08  3.149E-08  3.062E-08  2.976E-08  2.891E-08  2.807E-08  2.723E-08  2.640E-08  2.557E-08  2.475E-08  2.394E-08  2.313E-08  2.232E-08  2.152E-08  2.072E-08  1.992E-08  1.913E-08  1.834E-08  1.755E-08  1.677E-08  1.599E-08  1.522E-08  1.445E-08  1.369E-08  1.294E-08  1.222E-08  1.125E-08  1.040E-08  9.666E-09  9.035E-09  8.346E-09  7.565E-09  6.928E-09  6.244E-09  5.551E-09  4.933E-09  4.362E-09  3.812E-09  3.275E-09  2.786E-09  2.357E-09
  296.5000  1.704E-07  1.665E-07  1.626E-07  1.588E-07  1.551E-07  1.514E-07  1.479E-07  1.443E-07  1.409E-07  1.375E-07  1.341E-07  1.308E-07  1.276E-07  1.244E-07  1.212E-07  1.181E-07  1.151E-07  1.121E-07  1.091E-07  1.061E-07  1.032E-07  1.004E-07  9.752E-08  9.471E-08  9.193E-08  8.918E-08  8.646E-08  8.375E-08  8.107E-08  7.841E-08  7.578E-08  7.316E-08  7.056E-08  6.798E-08  6.541E-08  6.285E-08  6.031E-08  5.779E-08  5.527E-08  5.277E-08  5.029E-08  4.783E-08  4.539E-08  4.298E-08  4.063E-08  3.834E-08  3.527E-08  3.260E-08  3.030E-08  2.832E-08  2.616E-08  2.371E-08  2.172E-08  1.958E-08  1.741E-08  1.548E-08  1.370E-08  1.198E-08  1.030E-08  8.768E-09  7.424E-09
  297.5000  5.716E-07  5.578E-07  5.443E-07  5.311E-07  5.181E-07  5.054E-07  4.929E-07  4.807E-07  4.687E-07  4.569E-07  4.453E-07  4.340E-07  4.228E-07  4.118E-07  4.010E-07  3.903E-07  3.799E-07  3.695E-07  3.594E-07  3.494E-07  3.395E-07  3.297E-07  3.201E-07  3.106E-07  3.012E-07  2.920E-07  2.828E-07  2.737E-07  2.648E-07  2.559E-07  2.470E-07  2.383E-07  2.297E-07  2.211E-07  2.126E-07  2.041E-07  1.957E-07  1.874E-07  1.791E-07  1.709E-07  1.627E-07  1.547E-07  1.467E-07  1.388E-07  1.312E-07  1.237E-07  1.138E-07  1.051E-07  9.766E-08  9.125E-08  8.428E-08  7.639E-08  6.998E-08  6.309E-08  5.614E-08  4.992E-08  4.421E-08  3.868E-08  3.328E-08  2.835E-08  2.402E-08
  298.5000  1.111E-06  1.083E-06  1.056E-06  1.029E-06  1.003E-06  9.774E-07  9.523E-07  9.277E-07  9.035E-07  8.799E-07  8.568E-07  8.340E-07  8.117E-07  7.897E-07  7.682E-07  7.471E-07  7.263E-07  7.058E-07  6.857E-07  6.659E-07  6.465E-07  6.273E-07  6.084E-07  5.898E-07  5.714E-07  5.533E-07  5.355E-07  5.178E-07  5.004E-07  4.831E-07  4.661E-07  4.492E-07  4.325E-07  4.160E-07  3.996E-07  3.834E-07  3.673E-07  3.514E-07  3.357E-07  3.200E-07  3.045E-07  2.892E-07  2.741E-07  2.593E-07  2.447E-07  2.307E-07  2.121E-07  1.958E-07  1.819E-07  1.699E-07  1.569E-07  1.422E-07  1.302E-07  1.174E-07  1.045E-07  9.295E-08  8.235E-08  7.209E-08  6.207E-08  5.292E-08  4.488E-08
  299.5000  4.004E-06  3.897E-06  3.793E-06  3.693E-06  3.594E-06  3.497E-06  3.403E-06  3.311E-06  3.220E-06  3.133E-06  3.046E-06  2.961E-06  2.879E-06  2.797E-06  2.718E-06  2.640E-06  2.563E-06  2.488E-06  2.414E-06  2.342E-06  2.271E-06  2.201E-06  2.132E-06  2.064E-06  1.998E-06  1.932E-06  1.868E-06  1.804E-06  1.741E-06  1.680E-06  1.618E-06  1.558E-06  1.499E-06  1.440E-06  1.382E-06  1.325E-06  1.268E-06  1.212E-06  1.156E-06  1.101E-06  1.047E-06  9.935E-07  9.408E-07  8.892E-07  8.387E-07  7.900E-07  7.258E-07  6.696E-07  6.217E-07  5.803E-07  5.357E-07  4.853E-07  4.445E-07  4.007E-07  3.567E-07  3.174E-07  2.813E-07  2.464E-07  2.123E-07  1.811E-07  1.537E-07
  300.5000  5.531E-06  5.377E-06  5.227E-06  5.081E-06  4.938E-06  4.800E-06  4.664E-06  4.532E-06  4.404E-06  4.278E-06  4.155E-06  4.035E-06  3.918E-06  3.803E-06  3.690E-06  3.580E-06  3.472E-06  3.367E-06  3.263E-06  3.162E-06  3.062E-06  2.964E-06  2.869E-06  2.774E-06  2.682E-06  2.591E-06  2.502E-06  2.414E-06  2.327E-06  2.242E-06  2.158E-06  2.076E-06  1.994E-06  1.914E-06  1.835E-06  1.757E-06  1.680E-06  1.604E-06  1.529E-06  1.455E-06  1.382E-06  1.310E-06  1.240E-06  1.171E-06  1.103E-06  1.039E-06  9.535E-07  8.792E-07  8.157E-07  7.612E-07  7.021E-07  6.358E-07  5.822E-07  5.248E-07  4.671E-07  4.157E-07  3.685E-07  3.229E-07  2.784E-07  2.376E-07  2.018E-07
  301.5000  1.718E-05  1.666E-05  1.616E-05  1.568E-05  1.521E-05  1.475E-05  1.431E-05  1.388E-05  1.346E-05  1.306E-05  1.266E-05  1.228E-05  1.190E-05  1.153E-05  1.117E-05  1.082E-05  1.048E-05  1.015E-05  9.818E-06  9.498E-06  9.186E-06  8.879E-06  8.578E-06  8.283E-06  7.995E-06  7.712E-06  7.435E-06  7.163E-06  6.896E-06  6.633E-06  6.376E-06  6.123E-06  5.874E-06  5.630E-06  5.389E-06  5.153E-06  4.920E-06  4.692E-06  4.466E-06  4.245E-06  4.027E-06  3.812E-06  3.603E-06  3.398E-06  3.199E-06  3.007E-06  2.758E-06  2.541E-06  2.355E-06  2.195E-06  2.024E-06  1.832E-06  1.677E-06  1.510E-06  1.344E-06  1.196E-06  1.061E-06  9.299E-07  8.020E-07  6.852E-07  5.824E-07
  302.5000  2.932E-05  2.838E-05  2.747E-05  2.661E-05  2.576E-05  2.495E-05  2.416E-05  2.340E-05  2.266E-05  2.195E-05  2.125E-05  2.057E-05  1.992E-05  1.927E-05  1.865E-05  1.804E-05  1.745E-05  1.687E-05  1.631E-05  1.576E-05  1.522E-05  1.469E-05  1.418E-05  1.367E-05  1.318E-05  1.270E-05  1.223E-05  1.177E-05  1.131E-05  1.087E-05  1.043E-05  1.001E-05  9.590E-06  9.179E-06  8.777E-06  8.381E-06  7.993E-06  7.613E-06  7.239E-06  6.872E-06  6.512E-06  6.159E-06  5.814E-06  5.478E-06  5.152E-06  4.839E-06  4.434E-06  4.081E-06  3.780E-06  3.520E-06  3.244E-06  2.934E-06  2.684E-06  2.417E-06  2.150E-06  1.914E-06  1.697E-06  1.488E-06  1.284E-06  1.097E-06  9.332E-07
  303.5000  7.512E-05  7.249E-05  6.996E-05  6.754E-05  6.522E-05  6.298E-05  6.083E-05  5.876E-05  5.676E-05  5.483E-05  5.297E-05  5.117E-05  4.942E-05  4.773E-05  4.609E-05  4.450E-05  4.295E-05  4.145E-05  3.999E-05  3.856E-05  3.718E-05  3.583E-05  3.451E-05  3.322E-05  3.197E-05  3.074E-05  2.955E-05  2.838E-05  2.724E-05  2.612E-05  2.503E-05  2.397E-05  2.293E-05  2.191E-05  2.091E-05  1.993E-05  1.897E-05  1.804E-05  1.712E-05  1.623E-05  1.535E-05  1.450E-05  1.366E-05  1.285E-05  1.207E-05  1.132E-05  1.036E-05  9.515E-06  8.808E-06  8.193E-06  7.542E-06  6.814E-06  6.228E-06  5.605E-06  4.985E-06  4.435E-06  3.922E-06  3.447E-06  2.976E-06  2.545E-06  2.166E-06
  304.5000  1.062E-04  1.022E-04  9.840E-05  9.478E-05  9.132E-05  8.800E-05  8.482E-05  8.176E-05  7.883E-05  7.602E-05  7.330E-05  7.068E-05  6.816E-05  6.572E-05  6.336E-05  6.109E-05  5.888E-05  5.674E-05  5.466E-05  5.264E-05  5.068E-05  4.878E-05  4.692E-05  4.512E-05  4.336E-05  4.164E-05  3.998E-05  3.835E-05  3.676E-05  3.521E-05  3.370E-05  3.223E-05  3.078E-05  2.938E-05  2.800E-05  2.666E-05  2.535E-05  2.407E-05  2.282E-05  2.160E-05  2.041E-05  1.925E-05  1.812E-05  1.703E-05  1.597E-05  1.496E-05  1.368E-05  1.261E-05  1.161E-05  1.079E-05  9.924E-06  8.960E-06  8.185E-06  7.360E-06  6.544E-06  5.820E-06  5.160E-06  4.523E-06  3.905E-06  3.341E-06  2.845E-06
  305.5000  2.151E-04  2.062E-04  1.977E-04  1.897E-04  1.820E-04  1.746E-04  1.676E-04  1.610E-04  1.546E-04  1.485E-04  1.427E-04  1.371E-04  1.317E-04  1.266E-04  1.217E-04  1.169E-04  1.124E-04  1.079E-04  1.037E-04  9.959E-05  9.564E-05  9.180E-05  8.808E-05  8.448E-05  8.099E-05  7.760E-05  7.432E-05  7.112E-05  6.801E-05  6.499E-05  6.205E-05  5.920E-05  5.642E-05  5.371E-05  5.108E-05  4.852E-05  4.602E-05  4.360E-05  4.124E-05  3.895E-05  3.671E-05  3.455E-05  3.245E-05  3.043E-05  2.848E-05  2.663E-05  2.431E-05  2.227E-05  2.055E-05  1.907E-05  1.751E-05  1.578E-05  1.440E-05  1.294E-05  1.149E-05  1.021E-05  9.180E-06  7.932E-06  6.848E-06  5.861E-06  4.993E-06
  306.5000  2.745E-04  2.626E-04  2.513E-04  2.406E-04  2.304E-04  2.207E-04  2.114E-04  2.026E-04  1.942E-04  1.862E-04  1.785E-04  1.712E-04  1.642E-04  1.575E-04  1.511E-04  1.450E-04  1.391E-04  1.334E-04  1.279E-04  1.227E-04  1.176E-04  1.128E-04  1.081E-04  1.035E-04  9.909E-05  9.483E-05  9.071E-05  8.670E-05  8.281E-05  7.904E-05  7.538E-05  7.183E-05  6.838E-05  6.502E-05  6.176E-05  5.859E-05  5.551E-05  5.253E-05  4.964E-05  4.681E-05  4.408E-05  4.143E-05  3.888E-05  3.640E-05  3.404E-05  3.179E-05  2.899E-05  2.654E-05  2.446E-05  2.267E-05  2.080E-05  1.874E-05  1.709E-05  1.534E-05  1.362E-05  1.210E-05  1.072E-05  9.391E-06  8.108E-06  6.940E-06  5.914E-06
  307.5000  6.112E-04  5.828E-04  5.558E-04  5.301E-04  5.056E-04  4.823E-04  4.602E-04  4.391E-04  4.190E-04  4.000E-04  3.819E-04  3.646E-04  3.481E-04  3.325E-04  3.175E-04  3.033E-04  2.898E-04  2.768E-04  2.644E-04  2.526E-04  2.412E-04  2.304E-04  2.199E-04  2.099E-04  2.003E-04  1.910E-04  1.821E-04  1.735E-04  1.652E-04  1.572E-04  1.495E-04  1.420E-04  1.348E-04  1.278E-04  1.211E-04  1.145E-04  1.082E-04  1.021E-04  9.615E-05  9.043E-05  8.490E-05  7.957E-05  7.444E-05  6.952E-05  6.482E-05  6.038E-05  5.493E-05  5.017E-05  4.612E-05  4.265E-05  3.906E-05  3.511E-05  3.195E-05  2.863E-05  2.539E-05  2.253E-05  1.993E-05  1.746E-05  1.507E-05  1.290E-05  1.100E-05
  308.5000  8.193E-04  7.806E-04  7.436E-04  7.085E-04  6.749E-04  6.430E-04  6.125E-04  5.836E-04  5.560E-04  5.299E-04  5.050E-04  4.813E-04  4.587E-04  4.373E-04  4.169E-04  3.975E-04  3.790E-04  3.614E-04  3.446E-04  3.285E-04  3.133E-04  2.986E-04  2.846E-04  2.712E-04  2.584E-04  2.460E-04  2.342E-04  2.228E-04  2.119E-04  2.013E-04  1.912E-04  1.814E-04  1.719E-04  1.628E-04  1.540E-04  1.455E-04  1.373E-04  1.293E-04  1.217E-04  1.143E-04  1.072E-04  1.003E-04  9.372E-05  8.742E-05  8.141E-05  7.574E-05  6.882E-05  6.280E-05  5.765E-05  5.325E-05  4.871E-05  4.375E-05  3.978E-05  3.561E-05  3.155E-05  2.798E-05  2.475E-05  2.167E-05  1.870E-05  1.601E-05  1.365E-05
  309.5000  1.014E-03  9.648E-04  9.181E-04  8.736E-04  8.309E-04  7.902E-04  7.513E-04  7.142E-04  6.789E-04  6.453E-04  6.132E-04  5.827E-04  5.537E-04  5.261E-04  4.998E-04  4.749E-04  4.512E-04  4.287E-04  4.072E-04  3.868E-04  3.675E-04  3.490E-04  3.314E-04  3.147E-04  2.987E-04  2.834E-04  2.689E-04  2.550E-04  2.417E-04  2.289E-04  2.167E-04  2.050E-04  1.937E-04  1.829E-04  1.725E-04  1.625E-04  1.529E-04  1.437E-04  1.348E-04  1.262E-04  1.180E-04  1.102E-04  1.024E-04  9.550E-05  8.869E-05  8.228E-05  7.459E-05  6.788E-05  6.216E-05  5.728E-05  5.228E-05  4.685E-05  4.252E-05  3.800E-05  3.361E-05  2.977E-05  2.630E-05  2.301E-05  1.984E-05  1.698E-05  1.447E-05
  310.5000  1.792E-03  1.706E-03  1.624E-03  1.545E-03  1.469E-03  1.396E-03  1.327E-03  1.260E-03  1.196E-03  1.136E-03  1.078E-03  1.023E-03  9.699E-04  9.198E-04  8.720E-04  8.267E-04  7.836E-04  7.425E-04  7.035E-04  6.664E-04  6.313E-04  5.979E-04  5.661E-04  5.359E-04  5.072E-04  4.799E-04  4.539E-04  4.292E-04  4.056E-04  3.831E-04  3.616E-04  3.412E-04  3.216E-04  3.028E-04  2.849E-04  2.677E-04  2.513E-04  2.356E-04  2.205E-04  2.060E-04  1.922E-04  1.790E-04  1.663E-04  1.544E-04  1.430E-04  1.324E-04  1.197E-04  1.087E-04  9.934E-05  9.133E-05  8.320E-05  7.441E-05  6.740E-05  6.013E-05  5.311E-05  4.697E-05  4.144E-05  3.622E-05  3.122E-05  2.670E-05  2.276E-05
  311.5000  2.759E-03  2.628E-03  2.502E-03  2.381E-03  2.264E-03  2.152E-03  2.045E-03  1.942E-03  1.843E-03  1.749E-03  1.659E-03  1.573E-03  1.490E-03  1.412E-03  1.337E-03  1.266E-03  1.198E-03  1.134E-03  1.072E-03  1.014E-03  9.587E-04  9.061E-04  8.562E-04  8.088E-04  7.638E-04  7.211E-04  6.807E-04  6.421E-04  6.055E-04  5.707E-04  5.375E-04  5.061E-04  4.760E-04  4.474E-04  4.200E-04  3.939E-04  3.690E-04  3.453E-04  3.174E-04  3.009E-04  2.802E-04  2.604E-04  2.416E-04  2.238E-04  2.070E-04  1.912E-04  1.727E-04  1.565E-04  1.428E-04  1.310E-04  1.192E-04  1.064E-04  9.625E-05  8.574E-05  7.564E-05  6.682E-05  5.890E-05  5.143E-05  4.430E-05  3.788E-05  3.228E-05
  312.5000  3.790E-03  3.617E-03  3.449E-03  3.288E-03  3.132E-03  2.981E-03  2.835E-03  2.695E-03  2.560E-03  2.430E-03  2.305E-03  2.185E-03  2.070E-03  1.960E-03  1.855E-03  1.754E-03  1.658E-03  1.566E-03  1.478E-03  1.394E-03  1.315E-03  1.239E-03  1.167E-03  1.099E-03  1.034E-03  9.724E-04  9.142E-04  8.588E-04  8.064E-04  7.567E-04  7.096E-04  6.651E-04  6.228E-04  5.827E-04  5.447E-04  5.087E-04  4.745E-04  4.421E-04  4.112E-04  3.820E-04  3.542E-04  3.279E-04  3.030E-04  2.796E-04  2.575E-04  2.369E-04  2.131E-04  1.925E-04  1.748E-04  1.598E-04  1.448E-04  1.288E-04  1.161E-04  1.031E-04  9.068E-05  7.990E-05  7.025E-05  6.122E-05  5.264E-05  4.495E-05  3.827E-05
  313.5000  4.665E-03  4.454E-03  4.251E-03  4.054E-03  3.863E-03  3.679E-03  3.501E-03  3.329E-03  3.163E-03  3.004E-03  2.850E-03  2.703E-03  2.561E-03  2.425E-03  2.294E-03  2.170E-03  2.050E-03  1.936E-03  1.827E-03  1.723E-03  1.624E-03  1.530E-03  1.440E-03  1.355E-03  1.274E-03  1.197E-03  1.125E-03  1.056E-03  9.905E-04  9.286E-04  8.700E-04  8.146E-04  7.621E-04  7.123E-04  6.651E-04  6.205E-04  5.781E-04  5.381E-04  5.001E-04  4.641E-04  4.300E-04  3.976E-04  3.671E-04  3.384E-04  3.114E-04  2.863E-04  2.574E-04  2.324E-04  2.106E-04  1.923E-04  1.741E-04  1.547E-04  1.394E-04  1.236E-04  1.086E-04  9.563E-05  8.403E-05  7.318E-05  6.289E-05  5.368E-05  4.569E-05
  314.5000  6.375E-03  6.106E-03  5.844E-03  5.589E-03  5.341E-03  5.099E-03  4.864E-03  4.637E-03  4.416E-03  4.203E-03  3.996E-03  3.796E-03  3.602E-03  3.416E-03  3.236E-03  3.063E-03  2.896E-03  2.736E-03  2.583E-03  2.435E-03  2.295E-03  2.160E-03  2.031E-03  1.908E-03  1.791E-03  1.679E-03  1.574E-03  1.473E-03  1.377E-03  1.287E-03  1.201E-03  1.120E-03  1.043E-03  9.709E-04  9.025E-04  8.380E-04  7.771E-04  7.198E-04  6.657E-04  6.148E-04  5.668E-04  5.217E-04  4.793E-04  4.397E-04  4.027E-04  3.685E-04  3.296E-04  2.960E-04  2.673E-04  2.430E-04  2.190E-04  1.937E-04  1.737E-04  1.534E-04  1.343E-04  1.178E-04  1.031E-04  8.956E-05  7.676E-05  6.538E-05  5.555E-05
  315.5000  6.933E-03  6.644E-03  6.362E-03  6.088E-03  5.820E-03  5.559E-03  5.306E-03  5.060E-03  4.822E-03  4.591E-03  4.367E-03  4.150E-03  3.940E-03  3.738E-03  3.542E-03  3.354E-03  3.173E-03  2.998E-03  2.830E-03  2.669E-03  2.516E-03  2.368E-03  2.227E-03  2.092E-03  1.964E-03  1.841E-03  1.725E-03  1.614E-03  1.509E-03  1.409E-03  1.315E-03  1.226E-03  1.142E-03  1.062E-03  9.865E-04  9.154E-04  8.485E-04  7.855E-04  7.260E-04  6.701E-04  6.174E-04  5.679E-04  5.215E-04  4.781E-04  4.376E-04  4.002E-04  3.578E-04  3.210E-04  2.898E-04  2.632E-04  2.370E-04  2.096E-04  1.878E-04  1.657E-04  1.450E-04  1.271E-04  1.112E-04  9.649E-05  8.265E-05  7.037E-05  5.977E-05
  316.5000  8.897E-03  8.552E-03  8.213E-03  7.883E-03  7.559E-03  7.243E-03  6.933E-03  6.632E-03  6.337E-03  6.051E-03  5.772E-03  5.501E-03  5.237E-03  4.980E-03  4.731E-03  4.491E-03  4.257E-03  4.032E-03  3.813E-03  3.603E-03  3.400E-03  3.205E-03  3.017E-03  2.837E-03  2.664E-03  2.498E-03  2.340E-03  2.189E-03  2.045E-03  1.908E-03  1.777E-03  1.654E-03  1.537E-03  1.426E-03  1.321E-03  1.222E-03  1.128E-03  1.041E-03  9.582E-04  8.807E-04  8.080E-04  7.400E-04  6.764E-04  6.173E-04  5.624E-04  5.118E-04  4.555E-04  4.068E-04  3.655E-04  3.304E-04  2.962E-04  2.606E-04  2.324E-04  2.041E-04  1.778E-04  1.552E-04  1.353E-04  1.169E-04  9.983E-05  8.474E-05  7.180E-05
  317.5000  1.259E-02  1.210E-02  1.162E-02  1.115E-02  1.069E-02  1.024E-02  9.807E-03  9.380E-03  8.963E-03  8.558E-03  8.163E-03  7.779E-03  7.405E-03  7.042E-03  6.690E-03  6.350E-03  6.019E-03  5.700E-03  5.391E-03  5.093E-03  4.807E-03  4.531E-03  4.265E-03  4.010E-03  3.766E-03  3.531E-03  3.308E-03  3.094E-03  2.891E-03  2.697E-03  2.513E-03  2.338E-03  2.172E-03  2.016E-03  1.867E-03  1.728E-03  1.596E-03  1.472E-03  1.355E-03  1.246E-03  1.143E-03  1.047E-03  9.575E-04  8.740E-04  7.965E-04  7.251E-04  6.454E-04  5.764E-04  5.180E-04  4.684E-04  4.200E-04  3.695E-04  3.297E-04  2.896E-04  2.522E-04  2.202E-04  1.919E-04  1.659E-04  1.417E-04  1.203E-04  1.019E-04
  318.5000  1.257E-02  1.212E-02  1.168E-02  1.125E-02  1.082E-02  1.040E-02  9.993E-03  9.590E-03  9.196E-03  8.810E-03  8.432E-03  8.063E-03  7.702E-03  7.349E-03  7.005E-03  6.671E-03  6.345E-03  6.027E-03  5.719E-03  5.419E-03  5.130E-03  4.848E-03  4.576E-03  4.313E-03  4.059E-03  3.815E-03  3.580E-03  3.354E-03  3.137E-03  2.929E-03  2.730E-03  2.541E-03  2.361E-03  2.189E-03  2.026E-03  1.872E-03  1.726E-03  1.588E-03  1.459E-03  1.337E-03  1.222E-03  1.115E-03  1.016E-03  9.233E-04  8.376E-04  7.589E-04  6.724E-04  5.975E-04  5.343E-04  4.806E-04  4.287E-04  3.751E-04  3.330E-04  2.909E-04  2.520E-04  2.188E-04  1.898E-04  1.637E-04  1.388E-04  1.174E-04  9.909E-05
  319.5000  1.606E-02  1.550E-02  1.494E-02  1.439E-02  1.386E-02  1.333E-02  1.281E-02  1.231E-02  1.181E-02  1.132E-02  1.084E-02  1.038E-02  9.918E-03  9.471E-03  9.034E-03  8.610E-03  8.194E-03  7.790E-03  7.397E-03  7.014E-03  6.644E-03  6.284E-03  5.935E-03  5.598E-03  5.272E-03  4.958E-03  4.655E-03  4.364E-03  4.084E-03  3.815E-03  3.558E-03  3.313E-03  3.078E-03  2.855E-03  2.643E-03  2.442E-03  2.252E-03  2.072E-03  1.903E-03  1.744E-03  1.594E-03  1.454E-03  1.324E-03  1.203E-03  1.090E-03  9.874E-04  8.742E-04  7.763E-04  6.937E-04  6.235E-04  5.557E-04  4.859E-04  4.309E-04  3.761E-04  3.255E-04  2.824E-04  2.447E-04  2.098E-04  1.786E-04  1.509E-04  1.273E-04
  320.5000  2.066E-02  1.995E-02  1.925E-02  1.856E-02  1.789E-02  1.722E-02  1.657E-02  1.592E-02  1.529E-02  1.467E-02  1.407E-02  1.347E-02  1.289E-02  1.232E-02  1.176E-02  1.122E-02  1.069E-02  1.017E-02  9.666E-03  9.175E-03  8.698E-03  8.234E-03  7.784E-03  7.348E-03  6.926E-03  6.517E-03  6.125E-03  5.745E-03  5.380E-03  5.029E-03  4.692E-03  4.371E-03  4.063E-03  3.770E-03  3.490E-03  3.225E-03  2.973E-03  2.736E-03  2.512E-03  2.300E-03  2.102E-03  1.916E-03  1.743E-03  1.582E-03  1.433E-03  1.297E-03  1.147E-03  1.017E-03  9.077E-04  8.149E-04  7.253E-04  6.332E-04  5.608E-04  4.887E-04  4.223E-04  3.658E-04  3.165E-04  2.727E-04  2.304E-04  1.944E-04  1.638E-04
  321.5000  2.195E-02  2.127E-02  2.060E-02  1.993E-02  1.928E-02  1.863E-02  1.799E-02  1.736E-02  1.674E-02  1.612E-02  1.552E-02  1.493E-02  1.434E-02  1.377E-02  1.320E-02  1.265E-02  1.210E-02  1.157E-02  1.105E-02  1.053E-02  1.003E-02  9.543E-03  9.064E-03  8.596E-03  8.140E-03  7.696E-03  7.266E-03  6.846E-03  6.440E-03  6.046E-03  5.665E-03  5.298E-03  4.944E-03  4.603E-03  4.275E-03  3.962E-03  3.662E-03  3.377E-03  3.105E-03  2.847E-03  2.604E-03  2.374E-03  2.159E-03  1.958E-03  1.771E-03  1.599E-03  1.410E-03  1.246E-03  1.108E-03  9.913E-04  8.786E-04  7.632E-04  6.726E-04  5.827E-04  5.006E-04  4.310E-04  3.707E-04  3.159E-04  2.664E-04  2.233E-04  1.871E-04
  322.5000  1.859E-02  1.796E-02  1.734E-02  1.674E-02  1.614E-02  1.555E-02  1.497E-02  1.440E-02  1.384E-02  1.329E-02  1.275E-02  1.222E-02  1.170E-02  1.119E-02  1.070E-02  1.021E-02  9.737E-03  9.273E-03  8.820E-03  8.379E-03  7.951E-03  7.533E-03  7.127E-03  6.733E-03  6.351E-03  5.981E-03  5.625E-03  5.280E-03  4.947E-03  4.628E-03  4.321E-03  4.027E-03  3.745E-03  3.476E-03  3.219E-03  2.975E-03  2.743E-03  2.525E-03  2.318E-03  2.122E-03  1.939E-03  1.767E-03  1.607E-03  1.458E-03  1.320E-03  1.193E-03  1.054E-03  9.343E-04  8.330E-04  7.472E-04  6.644E-04  5.794E-04  5.127E-04  4.462E-04  3.851E-04  3.332E-04  2.880E-04  2.466E-04  2.091E-04  1.762E-04  1.483E-04
  323.5000  2.519E-02  2.444E-02  2.371E-02  2.298E-02  2.226E-02  2.155E-02  2.085E-02  2.015E-02  1.947E-02  1.879E-02  1.812E-02  1.746E-02  1.681E-02  1.617E-02  1.554E-02  1.492E-02  1.431E-02  1.371E-02  1.312E-02  1.254E-02  1.198E-02  1.142E-02  1.087E-02  1.034E-02  9.813E-03  9.302E-03  8.804E-03  8.318E-03  7.844E-03  7.383E-03  6.936E-03  6.504E-03  6.084E-03  5.678E-03  5.287E-03  4.911E-03  4.549E-03  4.204E-03  3.873E-03  3.558E-03  3.258E-03  2.975E-03  2.708E-03  2.458E-03  2.225E-03  2.009E-03  1.770E-03  1.564E-03  1.390E-03  1.242E-03  1.100E-03  9.536E-04  8.390E-04  7.251E-04  6.212E-04  5.334E-04  4.574E-04  3.888E-04  3.265E-04  2.727E-04  2.277E-04
  324.5000  2.926E-02  2.839E-02  2.753E-02  2.668E-02  2.584E-02  2.501E-02  2.419E-02  2.338E-02  2.258E-02  2.179E-02  2.101E-02  2.024E-02  1.948E-02  1.874E-02  1.800E-02  1.728E-02  1.657E-02  1.587E-02  1.518E-02  1.451E-02  1.385E-02  1.320E-02  1.256E-02  1.194E-02  1.133E-02  1.074E-02  1.016E-02  9.597E-03  9.047E-03  8.513E-03  7.995E-03  7.494E-03  7.008E-03  6.539E-03  6.087E-03  5.652E-03  5.235E-03  4.836E-03  4.455E-03  4.091E-03  3.746E-03  3.420E-03  3.113E-03  2.825E-03  2.557E-03  2.310E-03  2.036E-03  1.799E-03  1.599E-03  1.429E-03  1.266E-03  1.098E-03  9.663E-04  8.355E-04  7.162E-04  6.153E-04  5.279E-04  4.494E-04  3.773E-04  3.153E-04  2.634E-04
  325.5000  3.165E-02  3.069E-02  2.974E-02  2.881E-02  2.788E-02  2.697E-02  2.607E-02  2.517E-02  2.429E-02  2.343E-02  2.257E-02  2.173E-02  2.090E-02  2.008E-02  1.928E-02  1.849E-02  1.771E-02  1.695E-02  1.620E-02  1.547E-02  1.475E-02  1.404E-02  1.335E-02  1.268E-02  1.202E-02  1.138E-02  1.076E-02  1.015E-02  9.556E-03  8.981E-03  8.425E-03  7.888E-03  7.369E-03  6.868E-03  6.385E-03  5.923E-03  5.479E-03  5.057E-03  4.653E-03  4.270E-03  3.906E-03  3.563E-03  3.240E-03  2.939E-03  2.659E-03  2.400E-03  2.115E-03  1.869E-03  1.661E-03  1.485E-03  1.315E-03  1.141E-03  1.005E-03  8.693E-04  7.456E-04  6.410E-04  5.505E-04  4.681E-04  3.941E-04  3.297E-04  2.757E-04
  326.5000  4.617E-02  4.491E-02  4.366E-02  4.243E-02  4.120E-02  3.999E-02  3.879E-02  3.760E-02  3.642E-02  3.525E-02  3.410E-02  3.296E-02  3.183E-02  3.072E-02  2.962E-02  2.853E-02  2.746E-02  2.640E-02  2.535E-02  2.432E-02  2.331E-02  2.231E-02  2.133E-02  2.036E-02  1.941E-02  1.848E-02  1.757E-02  1.667E-02  1.580E-02  1.494E-02  1.410E-02  1.328E-02  1.249E-02  1.171E-02  1.096E-02  1.023E-02  9.520E-03  8.839E-03  8.182E-03  7.551E-03  6.946E-03  6.368E-03  5.820E-03  5.303E-03  4.816E-03  4.364E-03  3.851E-03  3.408E-03  3.034E-03  2.716E-03  2.407E-03  2.085E-03  1.835E-03  1.583E-03  1.353E-03  1.159E-03  9.911E-04  8.399E-04  7.015E-04  5.829E-04  4.842E-04
  327.5000  4.050E-02  3.935E-02  3.822E-02  3.710E-02  3.599E-02  3.488E-02  3.380E-02  3.272E-02  3.165E-02  3.060E-02  2.956E-02  2.853E-02  2.752E-02  2.652E-02  2.553E-02  2.456E-02  2.360E-02  2.265E-02  2.172E-02  2.080E-02  1.990E-02  1.901E-02  1.814E-02  1.729E-02  1.645E-02  1.563E-02  1.483E-02  1.404E-02  1.327E-02  1.253E-02  1.180E-02  1.109E-02  1.040E-02  9.730E-03  9.083E-03  8.457E-03  7.854E-03  7.275E-03  6.719E-03  6.186E-03  5.678E-03  5.195E-03  4.737E-03  4.308E-03  3.905E-03  3.532E-03  3.114E-03  2.753E-03  2.449E-03  2.190E-03  1.939E-03  1.680E-03  1.478E-03  1.276E-03  1.092E-03  9.360E-04  8.014E-04  6.803E-04  5.693E-04  4.742E-04  3.948E-04
  328.5000  3.750E-02  3.643E-02  3.538E-02  3.435E-02  3.332E-02  3.230E-02  3.129E-02  3.029E-02  2.931E-02  2.834E-02  2.737E-02  2.642E-02  2.548E-02  2.456E-02  2.364E-02  2.274E-02  2.185E-02  2.098E-02  2.011E-02  1.926E-02  1.843E-02  1.761E-02  1.680E-02  1.601E-02  1.523E-02  1.447E-02  1.373E-02  1.300E-02  1.229E-02  1.160E-02  1.092E-02  1.027E-02  9.627E-03  9.007E-03  8.407E-03  7.827E-03  7.268E-03  6.732E-03  6.216E-03  5.722E-03  5.251E-03  4.804E-03  4.379E-03  3.981E-03  3.608E-03  3.262E-03  2.875E-03  2.541E-03  2.259E-03  2.019E-03  1.787E-03  1.548E-03  1.361E-03  1.175E-03  1.005E-03  8.609E-04  7.368E-04  6.254E-04  5.230E-04  4.354E-04  3.624E-04
  329.5000  5.585E-02  5.440E-02  5.296E-02  5.154E-02  5.012E-02  4.872E-02  4.733E-02  4.595E-02  4.458E-02  4.323E-02  4.189E-02  4.056E-02  3.925E-02  3.795E-02  3.666E-02  3.539E-02  3.413E-02  3.289E-02  3.165E-02  3.044E-02  2.924E-02  2.806E-02  2.689E-02  2.574E-02  2.461E-02  2.349E-02  2.239E-02  2.131E-02  2.025E-02  1.921E-02  1.819E-02  1.720E-02  1.622E-02  1.526E-02  1.433E-02  1.342E-02  1.254E-02  1.169E-02  1.086E-02  1.006E-02  9.285E-03  8.545E-03  7.837E-03  7.166E-03  6.531E-03  5.937E-03  5.250E-03  4.658E-03  4.157E-03  3.732E-03  3.314E-03  2.875E-03  2.533E-03  2.187E-03  1.869E-03  1.600E-03  1.367E-03  1.157E-03  9.643E-04  7.991E-04  6.619E-04
  330.5000  4.796E-02  4.667E-02  4.539E-02  4.412E-02  4.286E-02  4.162E-02  4.038E-02  3.916E-02  3.795E-02  3.675E-02  3.556E-02  3.439E-02  3.323E-02  3.208E-02  3.095E-02  2.983E-02  2.872E-02  2.763E-02  2.655E-02  2.549E-02  2.444E-02  2.341E-02  2.239E-02  2.139E-02  2.041E-02  1.944E-02  1.850E-02  1.757E-02  1.665E-02  1.576E-02  1.489E-02  1.404E-02  1.320E-02  1.239E-02  1.161E-02  1.084E-02  1.010E-02  9.385E-03  8.694E-03  8.030E-03  7.392E-03  6.784E-03  6.203E-03  5.656E-03  5.140E-03  4.661E-03  4.114E-03  3.642E-03  3.244E-03  2.905E-03  2.575E-03  2.231E-03  1.963E-03  1.694E-03  1.448E-03  1.239E-03  1.059E-03  8.974E-04  7.487E-04  6.215E-04  5.158E-04
  331.5000  4.687E-02  4.560E-02  4.434E-02  4.309E-02  4.185E-02  4.063E-02  3.941E-02  3.821E-02  3.702E-02  3.584E-02  3.467E-02  3.352E-02  3.238E-02  3.125E-02  3.014E-02  2.904E-02  2.795E-02  2.688E-02  2.582E-02  2.478E-02  2.375E-02  2.274E-02  2.174E-02  2.076E-02  1.980E-02  1.885E-02  1.793E-02  1.702E-02  1.613E-02  1.525E-02  1.440E-02  1.357E-02  1.276E-02  1.197E-02  1.120E-02  1.046E-02  9.735E-03  9.041E-03  8.370E-03  7.725E-03  7.107E-03  6.517E-03  5.956E-03  5.427E-03  4.928E-03  4.465E-03  3.940E-03  3.486E-03  3.103E-03  2.777E-03  2.460E-03  2.131E-03  1.875E-03  1.617E-03  1.381E-03  1.182E-03  1.011E-03  8.562E-04  7.143E-04  5.930E-04  4.922E-04
  332.5000  5.105E-02  4.975E-02  4.846E-02  4.718E-02  4.592E-02  4.466E-02  4.341E-02  4.217E-02  4.094E-02  3.973E-02  3.853E-02  3.733E-02  3.615E-02  3.498E-02  3.382E-02  3.267E-02  3.153E-02  3.041E-02  2.930E-02  2.820E-02  2.712E-02  2.605E-02  2.499E-02  2.394E-02  2.291E-02  2.190E-02  2.090E-02  1.992E-02  1.895E-02  1.800E-02  1.706E-02  1.615E-02  1.525E-02  1.438E-02  1.352E-02  1.268E-02  1.186E-02  1.107E-02  1.030E-02  9.560E-03  8.841E-03  8.148E-03  7.486E-03  6.856E-03  6.258E-03  5.699E-03  5.044E-03  4.480E-03  4.004E-03  3.599E-03  3.200E-03  2.778E-03  2.450E-03  2.116E-03  1.809E-03  1.549E-03  1.324E-03  1.120E-03  9.322E-04  7.716E-04  6.383E-04
  333.5000  4.598E-02  4.478E-02  4.358E-02  4.240E-02  4.123E-02  4.006E-02  3.891E-02  3.776E-02  3.663E-02  3.551E-02  3.440E-02  3.330E-02  3.221E-02  3.113E-02  3.006E-02  2.901E-02  2.797E-02  2.694E-02  2.592E-02  2.492E-02  2.393E-02  2.295E-02  2.198E-02  2.103E-02  2.010E-02  1.917E-02  1.827E-02  1.738E-02  1.651E-02  1.565E-02  1.481E-02  1.399E-02  1.318E-02  1.240E-02  1.163E-02  1.089E-02  1.016E-02  9.464E-03  8.786E-03  8.131E-03  7.501E-03  6.897E-03  6.319E-03  5.773E-03  5.256E-03  4.775E-03  4.219E-03  3.740E-03  3.335E-03  2.991E-03  2.654E-03  2.301E-03  2.026E-03  1.748E-03  1.493E-03  1.278E-03  1.092E-03  9.241E-04  7.696E-04  6.377E-04  5.281E-04
  334.5000  5.256E-02  5.120E-02  4.986E-02  4.853E-02  4.720E-02  4.589E-02  4.459E-02  4.330E-02  4.202E-02  4.075E-02  3.950E-02  3.825E-02  3.702E-02  3.580E-02  3.460E-02  3.341E-02  3.222E-02  3.106E-02  2.990E-02  2.876E-02  2.764E-02  2.653E-02  2.543E-02  2.435E-02  2.328E-02  2.223E-02  2.120E-02  2.019E-02  1.919E-02  1.821E-02  1.725E-02  1.631E-02  1.538E-02  1.448E-02  1.360E-02  1.275E-02  1.191E-02  1.110E-02  1.032E-02  9.562E-03  8.831E-03  8.128E-03  7.457E-03  6.820E-03  6.217E-03  5.653E-03  4.998E-03  4.434E-03  3.957E-03  3.553E-03  3.155E-03  2.736E-03  2.410E-03  2.080E-03  1.777E-03  1.521E-03  1.299E-03  1.099E-03  9.146E-04  7.571E-04  6.265E-04
  335.5000  5.592E-02  5.452E-02  5.314E-02  5.177E-02  5.040E-02  4.904E-02  4.770E-02  4.637E-02  4.504E-02  4.374E-02  4.244E-02  4.115E-02  3.987E-02  3.860E-02  3.735E-02  3.611E-02  3.488E-02  3.367E-02  3.246E-02  3.127E-02  3.010E-02  2.893E-02  2.778E-02  2.665E-02  2.553E-02  2.442E-02  2.333E-02  2.226E-02  2.120E-02  2.016E-02  1.914E-02  1.814E-02  1.715E-02  1.619E-02  1.524E-02  1.432E-02  1.342E-02  1.254E-02  1.169E-02  1.086E-02  1.006E-02  9.286E-03  8.544E-03  7.837E-03  7.165E-03  6.535E-03  5.791E-03  5.149E-03  4.608E-03  4.149E-03  3.693E-03  3.208E-03  2.833E-03  2.448E-03  2.093E-03  1.793E-03  1.532E-03  1.296E-03  1.078E-03  8.913E-04  7.366E-04
  336.5000  4.314E-02  4.205E-02  4.097E-02  3.990E-02  3.884E-02  3.779E-02  3.674E-02  3.570E-02  3.467E-02  3.365E-02  3.264E-02  3.164E-02  3.065E-02  2.966E-02  2.869E-02  2.773E-02  2.677E-02  2.583E-02  2.489E-02  2.397E-02  2.306E-02  2.216E-02  2.127E-02  2.039E-02  1.952E-02  1.866E-02  1.782E-02  1.699E-02  1.617E-02  1.537E-02  1.458E-02  1.381E-02  1.305E-02  1.230E-02  1.158E-02  1.087E-02  1.017E-02  9.502E-03  8.847E-03  8.213E-03  7.600E-03  7.010E-03  6.443E-03  5.904E-03  5.393E-03  4.913E-03  4.351E-03  3.865E-03  3.455E-03  3.108E-03  2.764E-03  2.399E-03  2.117E-03  1.828E-03  1.562E-03  1.338E-03  1.143E-03  9.665E-04  8.038E-04  6.647E-04  5.493E-04
  337.5000  4.583E-02  4.464E-02  4.347E-02  4.231E-02  4.115E-02  4.001E-02  3.887E-02  3.775E-02  3.663E-02  3.553E-02  3.443E-02  3.335E-02  3.228E-02  3.121E-02  3.016E-02  2.912E-02  2.809E-02  2.708E-02  2.607E-02  2.507E-02  2.410E-02  2.313E-02  2.217E-02  2.123E-02  2.030E-02  1.938E-02  1.848E-02  1.760E-02  1.673E-02  1.587E-02  1.503E-02  1.421E-02  1.341E-02  1.262E-02  1.185E-02  1.111E-02  1.038E-02  9.674E-03  8.989E-03  8.328E-03  7.690E-03  7.077E-03  6.492E-03  5.936E-03  5.410E-03  4.918E-03  4.348E-03  3.856E-03  3.440E-03  3.088E-03  2.741E-03  2.376E-03  2.093E-03  1.806E-03  1.542E-03  1.319E-03  1.127E-03  9.528E-04  7.926E-04  6.559E-04  5.425E-04
  338.5000  5.090E-02  4.963E-02  4.837E-02  4.712E-02  4.588E-02  4.465E-02  4.343E-02  4.221E-02  4.101E-02  3.982E-02  3.864E-02  3.747E-02  3.631E-02  3.516E-02  3.402E-02  3.290E-02  3.178E-02  3.067E-02  2.958E-02  2.850E-02  2.743E-02  2.637E-02  2.532E-02  2.429E-02  2.327E-02  2.227E-02  2.128E-02  2.030E-02  1.934E-02  1.839E-02  1.746E-02  1.655E-02  1.565E-02  1.477E-02  1.391E-02  1.307E-02  1.225E-02  1.145E-02  1.067E-02  9.913E-03  9.182E-03  8.477E-03  7.800E-03  7.155E-03  6.542E-03  5.966E-03  5.286E-03  4.700E-03  4.205E-03  3.785E-03  3.369E-03  2.926E-03  2.583E-03  2.232E-03  1.908E-03  1.633E-03  1.396E-03  1.180E-03  9.810E-04  8.106E-04  6.694E-04
  339.5000  5.574E-02  5.436E-02  5.298E-02  5.162E-02  5.027E-02  4.893E-02  4.760E-02  4.628E-02  4.497E-02  4.367E-02  4.238E-02  4.110E-02  3.984E-02  3.858E-02  3.734E-02  3.611E-02  3.489E-02  3.368E-02  3.249E-02  3.131E-02  3.014E-02  2.898E-02  2.784E-02  2.671E-02  2.560E-02  2.450E-02  2.342E-02  2.235E-02  2.129E-02  2.026E-02  1.924E-02  1.824E-02  1.725E-02  1.629E-02  1.535E-02  1.442E-02  1.352E-02  1.264E-02  1.179E-02  1.096E-02  1.016E-02  9.380E-03  8.634E-03  7.923E-03  7.247E-03  6.612E-03  5.860E-03  5.211E-03  4.664E-03  4.200E-03  3.739E-03  3.248E-03  2.868E-03  2.479E-03  2.119E-03  1.814E-03  1.550E-03  1.310E-03  1.089E-03  8.995E-04  7.426E-04
  340.5000  5.855E-02  5.708E-02  5.562E-02  5.417E-02  5.273E-02  5.131E-02  4.989E-02  4.849E-02  4.709E-02  4.572E-02  4.435E-02  4.299E-02  4.165E-02  4.032E-02  3.900E-02  3.770E-02  3.640E-02  3.512E-02  3.386E-02  3.261E-02  3.137E-02  3.015E-02  2.894E-02  2.775E-02  2.657E-02  2.541E-02  2.427E-02  2.314E-02  2.204E-02  2.095E-02  1.987E-02  1.882E-02  1.779E-02  1.678E-02  1.579E-02  1.483E-02  1.388E-02  1.297E-02  1.208E-02  1.121E-02  1.038E-02  9.573E-03  8.800E-03  8.065E-03  7.366E-03  6.712E-03  5.943E-03  5.279E-03  4.719E-03  4.244E-03  3.773E-03  3.275E-03  2.889E-03  2.494E-03  2.131E-03  1.823E-03  1.557E-03  1.316E-03  1.094E-03  9.036E-04  7.462E-04
  341.5000  5.339E-02  5.207E-02  5.077E-02  4.947E-02  4.818E-02  4.690E-02  4.563E-02  4.437E-02  4.312E-02  4.189E-02  4.066E-02  3.944E-02  3.823E-02  3.703E-02  3.585E-02  3.468E-02  3.351E-02  3.236E-02  3.122E-02  3.009E-02  2.898E-02  2.787E-02  2.678E-02  2.570E-02  2.464E-02  2.359E-02  2.255E-02  2.153E-02  2.052E-02  1.953E-02  1.855E-02  1.759E-02  1.665E-02  1.573E-02  1.482E-02  1.394E-02  1.307E-02  1.223E-02  1.141E-02  1.061E-02  9.834E-03  9.087E-03  8.369E-03  7.683E-03  7.030E-03  6.417E-03  5.689E-03  5.061E-03  4.531E-03  4.082E-03  3.636E-03  3.159E-03  2.790E-03  2.412E-03  2.061E-03  1.765E-03  1.508E-03  1.275E-03  1.059E-03  8.745E-04  7.216E-04
  342.5000  5.947E-02  5.800E-02  5.655E-02  5.511E-02  5.368E-02  5.226E-02  5.085E-02  4.945E-02  4.806E-02  4.669E-02  4.533E-02  4.397E-02  4.263E-02  4.130E-02  3.999E-02  3.868E-02  3.739E-02  3.611E-02  3.484E-02  3.359E-02  3.235E-02  3.112E-02  2.991E-02  2.871E-02  2.753E-02  2.636E-02  2.520E-02  2.407E-02  2.294E-02  2.184E-02  2.075E-02  1.969E-02  1.864E-02  1.761E-02  1.660E-02  1.561E-02  1.464E-02  1.370E-02  1.279E-02  1.189E-02  1.103E-02  1.020E-02  9.392E-03  8.625E-03  7.894E-03  7.208E-03  6.392E-03  5.687E-03  5.093E-03  4.590E-03  4.088E-03  3.552E-03  3.139E-03  2.713E-03  2.319E-03  1.986E-03  1.697E-03  1.435E-03  1.191E-03  9.832E-04  8.111E-04
  343.5000  6.127E-02  5.976E-02  5.825E-02  5.676E-02  5.527E-02  5.380E-02  5.234E-02  5.089E-02  4.945E-02  4.803E-02  4.662E-02  4.522E-02  4.383E-02  4.245E-02  4.109E-02  3.974E-02  3.840E-02  3.708E-02  3.577E-02  3.447E-02  3.319E-02  3.192E-02  3.066E-02  2.942E-02  2.820E-02  2.699E-02  2.580E-02  2.463E-02  2.347E-02  2.233E-02  2.121E-02  2.011E-02  1.903E-02  1.797E-02  1.693E-02  1.591E-02  1.492E-02  1.395E-02  1.301E-02  1.210E-02  1.121E-02  1.036E-02  9.533E-03  8.748E-03  8.001E-03  7.300E-03  6.470E-03  5.753E-03  5.148E-03  4.636E-03  4.126E-03  3.583E-03  3.164E-03  2.733E-03  2.335E-03  1.999E-03  1.707E-03  1.443E-03  1.198E-03  9.888E-04  8.156E-04
  344.5000  4.256E-02  4.150E-02  4.044E-02  3.940E-02  3.836E-02  3.733E-02  3.631E-02  3.530E-02  3.429E-02  3.330E-02  3.231E-02  3.133E-02  3.036E-02  2.940E-02  2.845E-02  2.751E-02  2.658E-02  2.565E-02  2.474E-02  2.383E-02  2.294E-02  2.205E-02  2.118E-02  2.032E-02  1.946E-02  1.862E-02  1.779E-02  1.698E-02  1.617E-02  1.538E-02  1.460E-02  1.384E-02  1.309E-02  1.235E-02  1.163E-02  1.092E-02  1.024E-02  9.567E-03  8.915E-03  8.282E-03  7.670E-03  7.080E-03  6.512E-03  5.972E-03  5.458E-03  4.976E-03  4.407E-03  3.916E-03  3.501E-03  3.150E-03  2.802E-03  2.432E-03  2.146E-03  1.853E-03  1.582E-03  1.354E-03  1.156E-03  9.766E-04  8.108E-04  6.692E-04  5.520E-04
  345.5000  5.982E-02  5.835E-02  5.690E-02  5.546E-02  5.402E-02  5.260E-02  5.119E-02  4.979E-02  4.840E-02  4.702E-02  4.566E-02  4.430E-02  4.296E-02  4.163E-02  4.031E-02  3.900E-02  3.771E-02  3.642E-02  3.515E-02  3.389E-02  3.265E-02  3.142E-02  3.020E-02  2.900E-02  2.781E-02  2.663E-02  2.548E-02  2.433E-02  2.321E-02  2.210E-02  2.100E-02  1.993E-02  1.888E-02  1.784E-02  1.682E-02  1.583E-02  1.485E-02  1.390E-02  1.298E-02  1.208E-02  1.120E-02  1.036E-02  9.548E-03  8.771E-03  8.032E-03  7.336E-03  6.507E-03  5.791E-03  5.187E-03  4.676E-03  4.166E-03  3.620E-03  3.199E-03  2.765E-03  2.364E-03  2.024E-03  1.729E-03  1.462E-03  1.213E-03  1.000E-03  8.248E-04
  346.5000  5.516E-02  5.379E-02  5.243E-02  5.109E-02  4.976E-02  4.843E-02  4.711E-02  4.581E-02  4.452E-02  4.324E-02  4.196E-02  4.070E-02  3.945E-02  3.821E-02  3.699E-02  3.577E-02  3.457E-02  3.338E-02  3.220E-02  3.103E-02  2.988E-02  2.873E-02  2.761E-02  2.649E-02  2.539E-02  2.430E-02  2.323E-02  2.217E-02  2.113E-02  2.010E-02  1.909E-02  1.811E-02  1.713E-02  1.618E-02  1.524E-02  1.432E-02  1.343E-02  1.256E-02  1.171E-02  1.089E-02  1.009E-02  9.317E-03  8.576E-03  7.869E-03  7.196E-03  6.565E-03  5.817E-03  5.171E-03  4.626E-03  4.164E-03  3.706E-03  3.217E-03  2.840E-03  2.452E-03  2.095E-03  1.792E-03  1.530E-03  1.292E-03  1.073E-03  8.850E-04  7.297E-04
  347.5000  5.402E-02  5.269E-02  5.136E-02  5.005E-02  4.874E-02  4.744E-02  4.616E-02  4.488E-02  4.361E-02  4.236E-02  4.112E-02  3.988E-02  3.866E-02  3.745E-02  3.625E-02  3.506E-02  3.388E-02  3.272E-02  3.156E-02  3.042E-02  2.929E-02  2.817E-02  2.707E-02  2.597E-02  2.490E-02  2.383E-02  2.278E-02  2.175E-02  2.073E-02  1.972E-02  1.873E-02  1.776E-02  1.681E-02  1.587E-02  1.496E-02  1.406E-02  1.318E-02  1.233E-02  1.150E-02  1.069E-02  9.907E-03  9.151E-03  8.424E-03  7.730E-03  7.069E-03  6.449E-03  5.715E-03  5.080E-03  4.545E-03  4.092E-03  3.641E-03  3.161E-03  2.790E-03  2.409E-03  2.058E-03  1.760E-03  1.503E-03  1.269E-03  1.053E-03  8.688E-04  7.161E-04
  348.5000  5.974E-02  5.826E-02  5.680E-02  5.535E-02  5.391E-02  5.249E-02  5.107E-02  4.966E-02  4.827E-02  4.689E-02  4.552E-02  4.416E-02  4.281E-02  4.147E-02  4.015E-02  3.884E-02  3.754E-02  3.626E-02  3.498E-02  3.372E-02  3.248E-02  3.124E-02  3.002E-02  2.882E-02  2.763E-02  2.645E-02  2.530E-02  2.415E-02  2.302E-02  2.191E-02  2.082E-02  1.975E-02  1.869E-02  1.766E-02  1.664E-02  1.565E-02  1.468E-02  1.374E-02  1.281E-02  1.192E-02  1.105E-02  1.021E-02  9.400E-03  8.629E-03  7.895E-03  7.205E-03  6.386E-03  5.679E-03  5.082E-03  4.577E-03  4.074E-03  3.537E-03  3.123E-03  2.697E-03  2.304E-03  1.971E-03  1.683E-03  1.422E-03  1.179E-03  9.724E-04  8.012E-04
  349.5000  5.006E-02  4.882E-02  4.759E-02  4.638E-02  4.517E-02  4.398E-02  4.279E-02  4.161E-02  4.044E-02  3.928E-02  3.813E-02  3.699E-02  3.586E-02  3.475E-02  3.364E-02  3.254E-02  3.145E-02  3.037E-02  2.930E-02  2.825E-02  2.721E-02  2.617E-02  2.515E-02  2.414E-02  2.314E-02  2.216E-02  2.119E-02  2.023E-02  1.928E-02  1.835E-02  1.744E-02  1.654E-02  1.565E-02  1.479E-02  1.393E-02  1.310E-02  1.229E-02  1.150E-02  1.072E-02  9.973E-03  9.245E-03  8.542E-03  7.865E-03  7.219E-03  6.604E-03  6.026E-03  5.341E-03  4.749E-03  4.249E-03  3.826E-03  3.405E-03  2.956E-03  2.609E-03  2.253E-03  1.924E-03  1.646E-03  1.405E-03  1.187E-03  9.842E-04  8.113E-04  6.684E-04
  350.5000  7.021E-02  6.848E-02  6.676E-02  6.506E-02  6.337E-02  6.169E-02  6.003E-02  5.838E-02  5.674E-02  5.512E-02  5.351E-02  5.191E-02  5.033E-02  4.876E-02  4.720E-02  4.566E-02  4.414E-02  4.263E-02  4.113E-02  3.965E-02  3.819E-02  3.674E-02  3.530E-02  3.389E-02  3.249E-02  3.111E-02  2.975E-02  2.840E-02  2.708E-02  2.577E-02  2.449E-02  2.323E-02  2.199E-02  2.077E-02  1.958E-02  1.841E-02  1.727E-02  1.615E-02  1.507E-02  1.401E-02  1.299E-02  1.201E-02  1.105E-02  1.015E-02  9.283E-03  8.471E-03  7.508E-03  6.675E-03  5.973E-03  5.378E-03  4.787E-03  4.155E-03  3.668E-03  3.167E-03  2.704E-03  2.313E-03  1.974E-03  1.667E-03  1.383E-03  1.139E-03  9.385E-04
  351.5000  6.043E-02  5.894E-02  5.745E-02  5.599E-02  5.453E-02  5.308E-02  5.165E-02  5.023E-02  4.881E-02  4.742E-02  4.603E-02  4.465E-02  4.329E-02  4.194E-02  4.060E-02  3.927E-02  3.796E-02  3.665E-02  3.537E-02  3.409E-02  3.283E-02  3.158E-02  3.035E-02  2.913E-02  2.792E-02  2.673E-02  2.556E-02  2.440E-02  2.326E-02  2.214E-02  2.103E-02  1.995E-02  1.888E-02  1.783E-02  1.681E-02  1.580E-02  1.482E-02  1.386E-02  1.293E-02  1.202E-02  1.114E-02  1.030E-02  9.478E-03  8.698E-03  7.956E-03  7.258E-03  6.431E-03  5.717E-03  5.114E-03  4.603E-03  4.096E-03  3.554E-03  3.137E-03  2.708E-03  2.312E-03  1.977E-03  1.687E-03  1.425E-03  1.181E-03  9.730E-04  8.013E-04
  352.5000  5.463E-02  5.328E-02  5.194E-02  5.062E-02  4.930E-02  4.800E-02  4.670E-02  4.541E-02  4.414E-02  4.288E-02  4.163E-02  4.038E-02  3.915E-02  3.793E-02  3.672E-02  3.552E-02  3.434E-02  3.316E-02  3.200E-02  3.084E-02  2.971E-02  2.858E-02  2.746E-02  2.636E-02  2.527E-02  2.420E-02  2.314E-02  2.209E-02  2.106E-02  2.005E-02  1.905E-02  1.807E-02  1.710E-02  1.615E-02  1.523E-02  1.432E-02  1.343E-02  1.256E-02  1.172E-02  1.090E-02  1.010E-02  9.334E-03  8.593E-03  7.887E-03  7.214E-03  6.582E-03  5.833E-03  5.185E-03  4.638E-03  4.175E-03  3.715E-03  3.224E-03  2.845E-03  2.456E-03  2.097E-03  1.793E-03  1.530E-03  1.291E-03  1.070E-03  8.819E-04  7.261E-04
  353.5000  6.598E-02  6.435E-02  6.274E-02  6.115E-02  5.956E-02  5.798E-02  5.642E-02  5.487E-02  5.334E-02  5.182E-02  5.030E-02  4.881E-02  4.732E-02  4.585E-02  4.439E-02  4.295E-02  4.152E-02  4.010E-02  3.869E-02  3.730E-02  3.593E-02  3.457E-02  3.323E-02  3.190E-02  3.058E-02  2.929E-02  2.801E-02  2.675E-02  2.550E-02  2.428E-02  2.307E-02  2.188E-02  2.072E-02  1.957E-02  1.845E-02  1.735E-02  1.628E-02  1.523E-02  1.421E-02  1.322E-02  1.225E-02  1.132E-02  1.043E-02  9.573E-03  8.758E-03  7.992E-03  7.083E-03  6.297E-03  5.634E-03  5.072E-03  4.514E-03  3.917E-03  3.457E-03  2.984E-03  2.548E-03  2.179E-03  1.859E-03  1.569E-03  1.300E-03  1.071E-03  8.815E-04
  354.5000  7.161E-02  6.985E-02  6.810E-02  6.638E-02  6.465E-02  6.295E-02  6.126E-02  5.958E-02  5.791E-02  5.626E-02  5.463E-02  5.300E-02  5.139E-02  4.980E-02  4.821E-02  4.665E-02  4.510E-02  4.356E-02  4.204E-02  4.053E-02  3.905E-02  3.757E-02  3.611E-02  3.467E-02  3.325E-02  3.184E-02  3.046E-02  2.909E-02  2.773E-02  2.640E-02  2.509E-02  2.381E-02  2.254E-02  2.130E-02  2.008E-02  1.889E-02  1.772E-02  1.658E-02  1.547E-02  1.440E-02  1.335E-02  1.234E-02  1.136E-02  1.043E-02  9.546E-03  8.712E-03  7.722E-03  6.865E-03  6.143E-03  5.531E-03  4.923E-03  4.272E-03  3.771E-03  3.255E-03  2.779E-03  2.376E-03  2.027E-03  1.711E-03  1.418E-03  1.167E-03  9.606E-04
  355.5000  6.698E-02  6.533E-02  6.370E-02  6.208E-02  6.047E-02  5.888E-02  5.729E-02  5.572E-02  5.416E-02  5.262E-02  5.109E-02  4.957E-02  4.807E-02  4.658E-02  4.510E-02  4.364E-02  4.218E-02  4.075E-02  3.932E-02  3.791E-02  3.652E-02  3.515E-02  3.378E-02  3.243E-02  3.110E-02  2.979E-02  2.849E-02  2.721E-02  2.595E-02  2.470E-02  2.348E-02  2.227E-02  2.109E-02  1.993E-02  1.879E-02  1.767E-02  1.658E-02  1.552E-02  1.448E-02  1.347E-02  1.249E-02  1.154E-02  1.063E-02  9.759E-03  8.929E-03  8.149E-03  7.223E-03  6.421E-03  5.745E-03  5.173E-03  4.603E-03  3.994E-03  3.525E-03  3.043E-03  2.597E-03  2.220E-03  1.894E-03  1.598E-03  1.324E-03  1.090E-03  8.969E-04
  356.5000  6.218E-02  6.065E-02  5.914E-02  5.763E-02  5.614E-02  5.466E-02  5.319E-02  5.173E-02  5.028E-02  4.885E-02  4.743E-02  4.602E-02  4.462E-02  4.324E-02  4.186E-02  4.051E-02  3.916E-02  3.783E-02  3.651E-02  3.520E-02  3.391E-02  3.263E-02  3.136E-02  3.011E-02  2.887E-02  2.765E-02  2.645E-02  2.526E-02  2.408E-02  2.293E-02  2.179E-02  2.068E-02  1.958E-02  1.850E-02  1.744E-02  1.640E-02  1.539E-02  1.440E-02  1.344E-02  1.250E-02  1.159E-02  1.071E-02  9.864E-03  9.056E-03  8.285E-03  7.561E-03  6.700E-03  5.956E-03  5.329E-03  4.797E-03  4.268E-03  3.703E-03  3.268E-03  2.820E-03  2.407E-03  2.057E-03  1.755E-03  1.480E-03  1.226E-03  1.009E-03  8.303E-04
  357.5000  5.288E-02  5.158E-02  5.029E-02  4.901E-02  4.774E-02  4.648E-02  4.523E-02  4.399E-02  4.276E-02  4.154E-02  4.033E-02  3.913E-02  3.794E-02  3.676E-02  3.560E-02  3.444E-02  3.330E-02  3.216E-02  3.104E-02  2.993E-02  2.883E-02  2.774E-02  2.666E-02  2.560E-02  2.455E-02  2.351E-02  2.248E-02  2.147E-02  2.047E-02  1.949E-02  1.852E-02  1.758E-02  1.664E-02  1.572E-02  1.482E-02  1.394E-02  1.308E-02  1.224E-02  1.142E-02  1.062E-02  9.848E-03  9.100E-03  8.380E-03  7.693E-03  7.037E-03  6.421E-03  5.690E-03  5.057E-03  4.524E-03  4.072E-03  3.623E-03  3.142E-03  2.773E-03  2.392E-03  2.041E-03  1.745E-03  1.488E-03  1.255E-03  1.039E-03  8.554E-04  7.035E-04
  358.5000  4.088E-02  3.987E-02  3.887E-02  3.789E-02  3.691E-02  3.593E-02  3.497E-02  3.401E-02  3.306E-02  3.212E-02  3.118E-02  3.026E-02  2.934E-02  2.843E-02  2.753E-02  2.663E-02  2.575E-02  2.487E-02  2.400E-02  2.315E-02  2.230E-02  2.146E-02  2.062E-02  1.980E-02  1.899E-02  1.819E-02  1.740E-02  1.661E-02  1.584E-02  1.508E-02  1.434E-02  1.360E-02  1.288E-02  1.217E-02  1.147E-02  1.079E-02  1.012E-02  9.476E-03  8.841E-03  8.225E-03  7.626E-03  7.048E-03  6.490E-03  5.958E-03  5.451E-03  4.974E-03  4.408E-03  3.918E-03  3.504E-03  3.154E-03  2.806E-03  2.434E-03  2.148E-03  1.853E-03  1.581E-03  1.351E-03  1.152E-03  9.721E-04  8.045E-04  6.619E-04  5.442E-04
  359.5000  6.883E-02  6.714E-02  6.546E-02  6.380E-02  6.214E-02  6.050E-02  5.888E-02  5.726E-02  5.566E-02  5.408E-02  5.251E-02  5.095E-02  4.940E-02  4.787E-02  4.635E-02  4.485E-02  4.336E-02  4.188E-02  4.042E-02  3.897E-02  3.755E-02  3.613E-02  3.473E-02  3.334E-02  3.198E-02  3.062E-02  2.929E-02  2.798E-02  2.668E-02  2.540E-02  2.414E-02  2.291E-02  2.169E-02  2.049E-02  1.932E-02  1.817E-02  1.705E-02  1.596E-02  1.489E-02  1.385E-02  1.284E-02  1.187E-02  1.093E-02  1.003E-02  9.176E-03  8.373E-03  7.419E-03  6.595E-03  5.898E-03  5.308E-03  4.722E-03  4.095E-03  3.613E-03  3.117E-03  2.658E-03  2.272E-03  1.937E-03  1.634E-03  1.352E-03  1.112E-03  9.143E-04
  360.5000  6.385E-02  6.228E-02  6.072E-02  5.918E-02  5.764E-02  5.612E-02  5.461E-02  5.311E-02  5.163E-02  5.016E-02  4.870E-02  4.726E-02  4.582E-02  4.440E-02  4.299E-02  4.160E-02  4.022E-02  3.885E-02  3.749E-02  3.615E-02  3.483E-02  3.351E-02  3.222E-02  3.093E-02  2.966E-02  2.841E-02  2.717E-02  2.595E-02  2.475E-02  2.356E-02  2.240E-02  2.125E-02  2.012E-02  1.901E-02  1.792E-02  1.686E-02  1.582E-02  1.480E-02  1.381E-02  1.285E-02  1.191E-02  1.101E-02  1.014E-02  9.305E-03  8.512E-03  7.766E-03  6.882E-03  6.115E-03  5.469E-03  4.922E-03  4.378E-03  3.796E-03  3.349E-03  2.888E-03  2.464E-03  2.105E-03  1.794E-03  1.512E-03  1.252E-03  1.030E-03  8.464E-04
  361.5000  5.764E-02  5.622E-02  5.481E-02  5.342E-02  5.204E-02  5.066E-02  4.930E-02  4.795E-02  4.661E-02  4.529E-02  4.397E-02  4.267E-02  4.137E-02  4.009E-02  3.882E-02  3.757E-02  3.632E-02  3.508E-02  3.386E-02  3.265E-02  3.145E-02  3.027E-02  2.910E-02  2.794E-02  2.679E-02  2.566E-02  2.455E-02  2.345E-02  2.236E-02  2.129E-02  2.023E-02  1.920E-02  1.818E-02  1.718E-02  1.620E-02  1.523E-02  1.429E-02  1.338E-02  1.248E-02  1.161E-02  1.077E-02  9.951E-03  9.163E-03  8.411E-03  7.695E-03  7.021E-03  6.221E-03  5.529E-03  4.944E-03  4.449E-03  3.957E-03  3.431E-03  3.027E-03  2.610E-03  2.226E-03  1.902E-03  1.621E-03  1.367E-03  1.131E-03  9.299E-04  7.640E-04
  362.5000  6.775E-02  6.608E-02  6.443E-02  6.280E-02  6.117E-02  5.955E-02  5.795E-02  5.637E-02  5.479E-02  5.324E-02  5.169E-02  5.016E-02  4.864E-02  4.713E-02  4.564E-02  4.416E-02  4.270E-02  4.124E-02  3.981E-02  3.839E-02  3.698E-02  3.559E-02  3.421E-02  3.285E-02  3.150E-02  3.017E-02  2.886E-02  2.757E-02  2.629E-02  2.503E-02  2.379E-02  2.258E-02  2.138E-02  2.020E-02  1.905E-02  1.792E-02  1.681E-02  1.574E-02  1.468E-02  1.366E-02  1.266E-02  1.170E-02  1.078E-02  9.894E-03  9.050E-03  8.258E-03  7.317E-03  6.502E-03  5.814E-03  5.232E-03  4.653E-03  4.034E-03  3.558E-03  3.068E-03  2.617E-03  2.235E-03  1.905E-03  1.605E-03  1.329E-03  1.092E-03  8.972E-04
  363.5000  6.031E-02  5.883E-02  5.735E-02  5.590E-02  5.445E-02  5.301E-02  5.159E-02  5.018E-02  4.878E-02  4.739E-02  4.601E-02  4.465E-02  4.330E-02  4.195E-02  4.063E-02  3.931E-02  3.801E-02  3.672E-02  3.544E-02  3.417E-02  3.292E-02  3.168E-02  3.046E-02  2.924E-02  2.805E-02  2.686E-02  2.570E-02  2.455E-02  2.341E-02  2.229E-02  2.119E-02  2.010E-02  1.904E-02  1.799E-02  1.696E-02  1.595E-02  1.497E-02  1.401E-02  1.307E-02  1.216E-02  1.128E-02  1.042E-02  9.596E-03  8.808E-03  8.057E-03  7.351E-03  6.513E-03  5.788E-03  5.175E-03  4.656E-03  4.141E-03  3.590E-03  3.166E-03  2.730E-03  2.327E-03  1.988E-03  1.694E-03  1.428E-03  1.181E-03  9.706E-04  7.972E-04
  364.5000  6.581E-02  6.419E-02  6.259E-02  6.100E-02  5.942E-02  5.785E-02  5.629E-02  5.475E-02  5.322E-02  5.171E-02  5.021E-02  4.872E-02  4.724E-02  4.578E-02  4.433E-02  4.289E-02  4.147E-02  4.006E-02  3.867E-02  3.729E-02  3.592E-02  3.457E-02  3.323E-02  3.191E-02  3.060E-02  2.931E-02  2.804E-02  2.678E-02  2.554E-02  2.432E-02  2.311E-02  2.193E-02  2.077E-02  1.963E-02  1.850E-02  1.741E-02  1.633E-02  1.528E-02  1.426E-02  1.327E-02  1.230E-02  1.136E-02  1.047E-02  9.607E-03  8.787E-03  8.016E-03  7.102E-03  6.310E-03  5.642E-03  5.075E-03  4.513E-03  3.912E-03  3.450E-03  2.974E-03  2.535E-03  2.165E-03  1.844E-03  1.554E-03  1.286E-03  1.056E-03  8.674E-04
  365.5000  8.020E-02  7.823E-02  7.627E-02  7.433E-02  7.241E-02  7.049E-02  6.860E-02  6.672E-02  6.486E-02  6.301E-02  6.118E-02  5.936E-02  5.756E-02  5.578E-02  5.401E-02  5.227E-02  5.053E-02  4.881E-02  4.711E-02  4.543E-02  4.377E-02  4.212E-02  4.049E-02  3.888E-02  3.729E-02  3.571E-02  3.416E-02  3.263E-02  3.112E-02  2.963E-02  2.816E-02  2.672E-02  2.530E-02  2.391E-02  2.254E-02  2.120E-02  1.989E-02  1.862E-02  1.737E-02  1.616E-02  1.498E-02  1.384E-02  1.275E-02  1.170E-02  1.070E-02  9.759E-03  8.646E-03  7.682E-03  6.866E-03  6.176E-03  5.491E-03  4.759E-03  4.196E-03  3.616E-03  3.082E-03  2.632E-03  2.242E-03  1.890E-03  1.562E-03  1.283E-03  1.053E-03
  366.5000  8.496E-02  8.287E-02  8.079E-02  7.874E-02  7.670E-02  7.468E-02  7.267E-02  7.068E-02  6.870E-02  6.675E-02  6.481E-02  6.289E-02  6.098E-02  5.909E-02  5.722E-02  5.537E-02  5.354E-02  5.172E-02  4.992E-02  4.813E-02  4.637E-02  4.463E-02  4.290E-02  4.119E-02  3.951E-02  3.784E-02  3.620E-02  3.458E-02  3.297E-02  3.140E-02  2.984E-02  2.832E-02  2.681E-02  2.534E-02  2.389E-02  2.247E-02  2.108E-02  1.973E-02  1.841E-02  1.712E-02  1.588E-02  1.467E-02  1.351E-02  1.240E-02  1.134E-02  1.034E-02  9.163E-03  8.140E-03  7.276E-03  6.545E-03  5.818E-03  5.042E-03  4.445E-03  3.831E-03  3.264E-03  2.787E-03  2.374E-03  2.000E-03  1.653E-03  1.358E-03  1.115E-03
  367.5000  8.074E-02  7.876E-02  7.678E-02  7.483E-02  7.289E-02  7.097E-02  6.906E-02  6.717E-02  6.530E-02  6.344E-02  6.160E-02  5.977E-02  5.796E-02  5.616E-02  5.439E-02  5.263E-02  5.088E-02  4.916E-02  4.745E-02  4.575E-02  4.408E-02  4.242E-02  4.078E-02  3.916E-02  3.756E-02  3.597E-02  3.441E-02  3.287E-02  3.135E-02  2.985E-02  2.837E-02  2.692E-02  2.550E-02  2.409E-02  2.272E-02  2.137E-02  2.005E-02  1.876E-02  1.751E-02  1.628E-02  1.510E-02  1.395E-02  1.285E-02  1.179E-02  1.078E-02  9.836E-03  8.713E-03  7.742E-03  6.919E-03  6.222E-03  5.531E-03  4.793E-03  4.225E-03  3.641E-03  3.102E-03  2.648E-03  2.255E-03  1.901E-03  1.570E-03  1.289E-03  1.058E-03
  368.5000  7.097E-02  6.922E-02  6.749E-02  6.577E-02  6.407E-02  6.238E-02  6.070E-02  5.904E-02  5.739E-02  5.576E-02  5.414E-02  5.253E-02  5.094E-02  4.936E-02  4.780E-02  4.626E-02  4.472E-02  4.320E-02  4.170E-02  4.021E-02  3.874E-02  3.728E-02  3.584E-02  3.442E-02  3.301E-02  3.162E-02  3.025E-02  2.889E-02  2.755E-02  2.624E-02  2.494E-02  2.366E-02  2.241E-02  2.118E-02  1.997E-02  1.878E-02  1.762E-02  1.649E-02  1.539E-02  1.431E-02  1.327E-02  1.226E-02  1.129E-02  1.036E-02  9.475E-03  8.643E-03  7.656E-03  6.802E-03  6.078E-03  5.466E-03  4.858E-03  4.209E-03  3.710E-03  3.196E-03  2.723E-03  2.324E-03  1.979E-03  1.668E-03  1.377E-03  1.131E-03  9.277E-04
  369.5000  8.518E-02  8.308E-02  8.100E-02  7.894E-02  7.689E-02  7.486E-02  7.285E-02  7.085E-02  6.887E-02  6.692E-02  6.497E-02  6.304E-02  6.113E-02  5.924E-02  5.737E-02  5.551E-02  5.367E-02  5.185E-02  5.005E-02  4.826E-02  4.650E-02  4.475E-02  4.302E-02  4.131E-02  3.962E-02  3.795E-02  3.630E-02  3.468E-02  3.307E-02  3.149E-02  2.993E-02  2.840E-02  2.690E-02  2.542E-02  2.396E-02  2.254E-02  2.115E-02  1.979E-02  1.847E-02  1.718E-02  1.593E-02  1.471E-02  1.355E-02  1.243E-02  1.137E-02  1.037E-02  9.186E-03  8.158E-03  7.291E-03  6.556E-03  5.827E-03  5.047E-03  4.448E-03  3.832E-03  3.264E-03  2.785E-03  2.371E-03  1.995E-03  1.650E-03  1.354E-03  1.111E-03
  370.5000  7.732E-02  7.541E-02  7.352E-02  7.165E-02  6.979E-02  6.795E-02  6.612E-02  6.431E-02  6.251E-02  6.074E-02  5.897E-02  5.722E-02  5.549E-02  5.377E-02  5.207E-02  5.039E-02  4.872E-02  4.706E-02  4.542E-02  4.380E-02  4.220E-02  4.062E-02  3.905E-02  3.749E-02  3.596E-02  3.444E-02  3.295E-02  3.148E-02  3.002E-02  2.858E-02  2.717E-02  2.578E-02  2.441E-02  2.307E-02  2.175E-02  2.046E-02  1.920E-02  1.797E-02  1.676E-02  1.559E-02  1.446E-02  1.335E-02  1.230E-02  1.128E-02  1.032E-02  9.411E-03  8.335E-03  7.402E-03  6.615E-03  5.947E-03  5.285E-03  4.577E-03  4.034E-03  3.474E-03  2.959E-03  2.525E-03  2.149E-03  1.808E-03  1.495E-03  1.227E-03  1.006E-03
  371.5000  8.852E-02  8.634E-02  8.417E-02  8.203E-02  7.990E-02  7.779E-02  7.570E-02  7.363E-02  7.157E-02  6.954E-02  6.751E-02  6.551E-02  6.353E-02  6.156E-02  5.961E-02  5.769E-02  5.577E-02  5.388E-02  5.201E-02  5.015E-02  4.832E-02  4.650E-02  4.470E-02  4.293E-02  4.117E-02  3.944E-02  3.773E-02  3.604E-02  3.437E-02  3.273E-02  3.111E-02  2.952E-02  2.795E-02  2.642E-02  2.491E-02  2.343E-02  2.198E-02  2.057E-02  1.919E-02  1.785E-02  1.655E-02  1.529E-02  1.408E-02  1.292E-02  1.181E-02  1.077E-02  9.542E-03  8.473E-03  7.571E-03  6.806E-03  6.048E-03  5.237E-03  4.615E-03  3.974E-03  3.384E-03  2.887E-03  2.457E-03  2.067E-03  1.709E-03  1.402E-03  1.149E-03
  372.5000  6.543E-02  6.381E-02  6.221E-02  6.063E-02  5.906E-02  5.750E-02  5.595E-02  5.442E-02  5.290E-02  5.139E-02  4.990E-02  4.842E-02  4.695E-02  4.550E-02  4.406E-02  4.264E-02  4.122E-02  3.982E-02  3.844E-02  3.707E-02  3.571E-02  3.437E-02  3.304E-02  3.173E-02  3.043E-02  2.915E-02  2.789E-02  2.664E-02  2.541E-02  2.419E-02  2.300E-02  2.182E-02  2.066E-02  1.953E-02  1.841E-02  1.732E-02  1.625E-02  1.521E-02  1.419E-02  1.320E-02  1.223E-02  1.130E-02  1.041E-02  9.549E-03  8.731E-03  7.962E-03  7.052E-03  6.262E-03  5.595E-03  5.029E-03  4.468E-03  3.869E-03  3.409E-03  2.935E-03  2.499E-03  2.132E-03  1.814E-03  1.527E-03  1.261E-03  1.034E-03  8.478E-04
  373.5000  5.916E-02  5.770E-02  5.625E-02  5.482E-02  5.340E-02  5.199E-02  5.059E-02  4.920E-02  4.783E-02  4.647E-02  4.512E-02  4.378E-02  4.245E-02  4.114E-02  3.983E-02  3.855E-02  3.727E-02  3.601E-02  3.475E-02  3.351E-02  3.229E-02  3.108E-02  2.988E-02  2.869E-02  2.752E-02  2.636E-02  2.521E-02  2.409E-02  2.297E-02  2.187E-02  2.079E-02  1.973E-02  1.868E-02  1.765E-02  1.665E-02  1.566E-02  1.469E-02  1.375E-02  1.283E-02  1.193E-02  1.106E-02  1.022E-02  9.407E-03  8.631E-03  7.892E-03  7.196E-03  6.373E-03  5.659E-03  5.055E-03  4.544E-03  4.036E-03  3.494E-03  3.078E-03  2.650E-03  2.256E-03  1.924E-03  1.637E-03  1.377E-03  1.137E-03  9.329E-04  7.645E-04
  374.5000  6.496E-02  6.336E-02  6.177E-02  6.019E-02  5.863E-02  5.708E-02  5.554E-02  5.402E-02  5.251E-02  5.102E-02  4.953E-02  4.806E-02  4.661E-02  4.516E-02  4.374E-02  4.232E-02  4.092E-02  3.953E-02  3.816E-02  3.679E-02  3.545E-02  3.412E-02  3.280E-02  3.150E-02  3.021E-02  2.894E-02  2.768E-02  2.644E-02  2.522E-02  2.401E-02  2.283E-02  2.166E-02  2.051E-02  1.938E-02  1.828E-02  1.719E-02  1.613E-02  1.509E-02  1.408E-02  1.310E-02  1.214E-02  1.122E-02  1.033E-02  9.474E-03  8.662E-03  7.898E-03  6.994E-03  6.210E-03  5.547E-03  4.985E-03  4.428E-03  3.833E-03  3.376E-03  2.906E-03  2.474E-03  2.109E-03  1.794E-03  1.509E-03  1.246E-03  1.022E-03  8.373E-04
  375.5000  7.334E-02  7.153E-02  6.973E-02  6.796E-02  6.619E-02  6.444E-02  6.271E-02  6.099E-02  5.928E-02  5.760E-02  5.592E-02  5.426E-02  5.262E-02  5.099E-02  4.937E-02  4.778E-02  4.620E-02  4.463E-02  4.308E-02  4.154E-02  4.002E-02  3.852E-02  3.703E-02  3.556E-02  3.411E-02  3.267E-02  3.126E-02  2.986E-02  2.848E-02  2.711E-02  2.577E-02  2.446E-02  2.316E-02  2.189E-02  2.064E-02  1.941E-02  1.821E-02  1.704E-02  1.590E-02  1.479E-02  1.371E-02  1.266E-02  1.166E-02  1.070E-02  9.780E-03  8.917E-03  7.896E-03  7.010E-03  6.261E-03  5.626E-03  4.997E-03  4.325E-03  3.809E-03  3.278E-03  2.790E-03  2.379E-03  2.023E-03  1.702E-03  1.405E-03  1.152E-03  9.434E-04
  376.5000  7.328E-02  7.147E-02  6.967E-02  6.790E-02  6.614E-02  6.439E-02  6.265E-02  6.093E-02  5.923E-02  5.755E-02  5.587E-02  5.421E-02  5.257E-02  5.094E-02  4.933E-02  4.774E-02  4.616E-02  4.459E-02  4.304E-02  4.151E-02  3.999E-02  3.849E-02  3.700E-02  3.553E-02  3.408E-02  3.265E-02  3.123E-02  2.983E-02  2.845E-02  2.709E-02  2.575E-02  2.444E-02  2.314E-02  2.187E-02  2.062E-02  1.940E-02  1.820E-02  1.703E-02  1.589E-02  1.478E-02  1.370E-02  1.265E-02  1.165E-02  1.069E-02  9.771E-03  8.909E-03  7.889E-03  7.004E-03  6.254E-03  5.620E-03  4.991E-03  4.319E-03  3.803E-03  3.273E-03  2.785E-03  2.374E-03  2.019E-03  1.699E-03  1.401E-03  1.148E-03  9.406E-04
  377.5000  8.731E-02  8.515E-02  8.301E-02  8.090E-02  7.880E-02  7.671E-02  7.465E-02  7.260E-02  7.057E-02  6.856E-02  6.657E-02  6.459E-02  6.263E-02  6.069E-02  5.877E-02  5.688E-02  5.499E-02  5.313E-02  5.128E-02  4.945E-02  4.765E-02  4.586E-02  4.408E-02  4.233E-02  4.060E-02  3.890E-02  3.721E-02  3.555E-02  3.390E-02  3.228E-02  3.069E-02  2.912E-02  2.758E-02  2.606E-02  2.457E-02  2.311E-02  2.168E-02  2.029E-02  1.893E-02  1.761E-02  1.632E-02  1.508E-02  1.388E-02  1.273E-02  1.164E-02  1.061E-02  9.397E-03  8.343E-03  7.449E-03  6.692E-03  5.943E-03  5.142E-03  4.527E-03  3.895E-03  3.314E-03  2.825E-03  2.402E-03  2.021E-03  1.666E-03  1.365E-03  1.118E-03
  378.5000  9.521E-02  9.286E-02  9.052E-02  8.822E-02  8.592E-02  8.365E-02  8.139E-02  7.916E-02  7.694E-02  7.476E-02  7.258E-02  7.043E-02  6.829E-02  6.618E-02  6.408E-02  6.201E-02  5.996E-02  5.793E-02  5.591E-02  5.392E-02  5.195E-02  5.000E-02  4.807E-02  4.616E-02  4.427E-02  4.241E-02  4.058E-02  3.876E-02  3.697E-02  3.520E-02  3.346E-02  3.175E-02  3.007E-02  2.842E-02  2.679E-02  2.520E-02  2.364E-02  2.213E-02  2.064E-02  1.920E-02  1.780E-02  1.644E-02  1.513E-02  1.388E-02  1.269E-02  1.157E-02  1.024E-02  9.094E-03  8.119E-03  7.293E-03  6.475E-03  5.602E-03  4.932E-03  4.243E-03  3.609E-03  3.076E-03  2.615E-03  2.200E-03  1.813E-03  1.486E-03  1.216E-03
  379.5000  7.047E-02  6.873E-02  6.700E-02  6.529E-02  6.360E-02  6.191E-02  6.024E-02  5.859E-02  5.695E-02  5.533E-02  5.372E-02  5.213E-02  5.054E-02  4.898E-02  4.743E-02  4.590E-02  4.438E-02  4.287E-02  4.138E-02  3.991E-02  3.845E-02  3.701E-02  3.558E-02  3.416E-02  3.277E-02  3.139E-02  3.003E-02  2.869E-02  2.736E-02  2.605E-02  2.477E-02  2.350E-02  2.226E-02  2.103E-02  1.983E-02  1.865E-02  1.750E-02  1.638E-02  1.528E-02  1.421E-02  1.317E-02  1.217E-02  1.120E-02  1.027E-02  9.391E-03  8.560E-03  7.579E-03  6.727E-03  6.006E-03  5.394E-03  4.789E-03  4.143E-03  3.647E-03  3.136E-03  2.668E-03  2.273E-03  1.932E-03  1.625E-03  1.339E-03  1.097E-03  8.980E-04
  380.5000  8.480E-02  8.270E-02  8.062E-02  7.857E-02  7.652E-02  7.450E-02  7.249E-02  7.050E-02  6.852E-02  6.657E-02  6.464E-02  6.272E-02  6.082E-02  5.893E-02  5.707E-02  5.522E-02  5.339E-02  5.158E-02  4.979E-02  4.801E-02  4.626E-02  4.453E-02  4.281E-02  4.111E-02  3.943E-02  3.777E-02  3.614E-02  3.452E-02  3.292E-02  3.135E-02  2.980E-02  2.828E-02  2.678E-02  2.531E-02  2.386E-02  2.244E-02  2.106E-02  1.971E-02  1.838E-02  1.710E-02  1.585E-02  1.464E-02  1.347E-02  1.236E-02  1.130E-02  1.030E-02  9.118E-03  8.093E-03  7.224E-03  6.488E-03  5.759E-03  4.981E-03  4.384E-03  3.770E-03  3.206E-03  2.731E-03  2.322E-03  1.952E-03  1.609E-03  1.318E-03  1.078E-03
  381.5000  7.973E-02  7.776E-02  7.580E-02  7.387E-02  7.194E-02  7.004E-02  6.815E-02  6.628E-02  6.442E-02  6.259E-02  6.077E-02  5.896E-02  5.717E-02  5.540E-02  5.365E-02  5.192E-02  5.020E-02  4.849E-02  4.681E-02  4.514E-02  4.349E-02  4.186E-02  4.024E-02  3.865E-02  3.707E-02  3.551E-02  3.397E-02  3.245E-02  3.095E-02  2.948E-02  2.802E-02  2.659E-02  2.518E-02  2.379E-02  2.243E-02  2.110E-02  1.980E-02  1.853E-02  1.728E-02  1.607E-02  1.490E-02  1.376E-02  1.267E-02  1.162E-02  1.062E-02  9.681E-03  8.571E-03  7.607E-03  6.790E-03  6.097E-03  5.412E-03  4.680E-03  4.118E-03  3.541E-03  3.011E-03  2.565E-03  2.180E-03  1.833E-03  1.510E-03  1.236E-03  1.011E-03
  382.5000  5.316E-02  5.184E-02  5.054E-02  4.925E-02  4.796E-02  4.669E-02  4.543E-02  4.418E-02  4.295E-02  4.172E-02  4.051E-02  3.931E-02  3.811E-02  3.693E-02  3.576E-02  3.461E-02  3.346E-02  3.233E-02  3.120E-02  3.009E-02  2.899E-02  2.791E-02  2.683E-02  2.576E-02  2.471E-02  2.367E-02  2.265E-02  2.164E-02  2.064E-02  1.965E-02  1.868E-02  1.773E-02  1.679E-02  1.586E-02  1.496E-02  1.407E-02  1.320E-02  1.235E-02  1.152E-02  1.072E-02  9.933E-03  9.175E-03  8.445E-03  7.746E-03  7.080E-03  6.452E-03  5.712E-03  5.070E-03  4.525E-03  4.063E-03  3.606E-03  3.118E-03  2.743E-03  2.358E-03  2.005E-03  1.708E-03  1.451E-03  1.220E-03  1.005E-03  8.224E-04  6.727E-04
  383.5000  4.670E-02  4.554E-02  4.440E-02  4.326E-02  4.214E-02  4.102E-02  3.991E-02  3.881E-02  3.773E-02  3.665E-02  3.559E-02  3.453E-02  3.348E-02  3.244E-02  3.142E-02  3.040E-02  2.940E-02  2.840E-02  2.741E-02  2.643E-02  2.547E-02  2.451E-02  2.357E-02  2.263E-02  2.171E-02  2.080E-02  1.990E-02  1.901E-02  1.813E-02  1.726E-02  1.641E-02  1.557E-02  1.475E-02  1.394E-02  1.314E-02  1.236E-02  1.160E-02  1.085E-02  1.012E-02  9.414E-03  8.726E-03  8.060E-03  7.418E-03  6.804E-03  6.219E-03  5.667E-03  5.017E-03  4.452E-03  3.973E-03  3.567E-03  3.165E-03  2.737E-03  2.408E-03  2.070E-03  1.759E-03  1.498E-03  1.273E-03  1.070E-03  8.808E-04  7.209E-04  5.896E-04
  384.5000  7.012E-02  6.839E-02  6.666E-02  6.496E-02  6.327E-02  6.159E-02  5.993E-02  5.828E-02  5.664E-02  5.503E-02  5.343E-02  5.184E-02  5.027E-02  4.871E-02  4.717E-02  4.565E-02  4.413E-02  4.264E-02  4.115E-02  3.969E-02  3.824E-02  3.681E-02  3.539E-02  3.398E-02  3.259E-02  3.122E-02  2.987E-02  2.854E-02  2.722E-02  2.592E-02  2.464E-02  2.338E-02  2.214E-02  2.092E-02  1.973E-02  1.856E-02  1.741E-02  1.629E-02  1.520E-02  1.414E-02  1.310E-02  1.210E-02  1.114E-02  1.022E-02  9.336E-03  8.508E-03  7.531E-03  6.683E-03  5.963E-03  5.353E-03  4.750E-03  4.106E-03  3.612E-03  3.104E-03  2.638E-03  2.246E-03  1.908E-03  1.603E-03  1.320E-03  1.080E-03  8.832E-04
  385.5000  6.942E-02  6.769E-02  6.599E-02  6.430E-02  6.262E-02  6.096E-02  5.932E-02  5.768E-02  5.607E-02  5.447E-02  5.288E-02  5.131E-02  4.976E-02  4.821E-02  4.669E-02  4.518E-02  4.368E-02  4.220E-02  4.073E-02  3.928E-02  3.785E-02  3.643E-02  3.502E-02  3.364E-02  3.226E-02  3.091E-02  2.957E-02  2.825E-02  2.694E-02  2.566E-02  2.439E-02  2.315E-02  2.192E-02  2.071E-02  1.953E-02  1.837E-02  1.724E-02  1.613E-02  1.505E-02  1.399E-02  1.297E-02  1.198E-02  1.102E-02  1.011E-02  9.240E-03  8.420E-03  7.454E-03  6.614E-03  5.901E-03  5.297E-03  4.699E-03  4.062E-03  3.572E-03  3.070E-03  2.609E-03  2.220E-03  1.886E-03  1.585E-03  1.304E-03  1.067E-03  8.722E-04
  386.5000  7.080E-02  6.904E-02  6.730E-02  6.558E-02  6.387E-02  6.217E-02  6.049E-02  5.883E-02  5.718E-02  5.555E-02  5.393E-02  5.233E-02  5.074E-02  4.917E-02  4.761E-02  4.607E-02  4.455E-02  4.303E-02  4.154E-02  4.006E-02  3.860E-02  3.715E-02  3.572E-02  3.430E-02  3.290E-02  3.152E-02  3.016E-02  2.881E-02  2.748E-02  2.617E-02  2.487E-02  2.360E-02  2.235E-02  2.112E-02  1.992E-02  1.873E-02  1.758E-02  1.645E-02  1.534E-02  1.427E-02  1.323E-02  1.222E-02  1.124E-02  1.031E-02  9.422E-03  8.585E-03  7.600E-03  6.743E-03  6.016E-03  5.399E-03  4.790E-03  4.139E-03  3.640E-03  3.128E-03  2.657E-03  2.261E-03  1.920E-03  1.613E-03  1.328E-03  1.086E-03  8.875E-04
  387.5000  6.583E-02  6.419E-02  6.257E-02  6.097E-02  5.938E-02  5.780E-02  5.624E-02  5.469E-02  5.316E-02  5.165E-02  5.014E-02  4.865E-02  4.717E-02  4.571E-02  4.426E-02  4.283E-02  4.141E-02  4.001E-02  3.862E-02  3.724E-02  3.589E-02  3.454E-02  3.321E-02  3.189E-02  3.059E-02  2.930E-02  2.804E-02  2.678E-02  2.555E-02  2.433E-02  2.313E-02  2.195E-02  2.078E-02  1.964E-02  1.852E-02  1.742E-02  1.634E-02  1.529E-02  1.427E-02  1.327E-02  1.230E-02  1.136E-02  1.045E-02  9.586E-03  8.759E-03  7.981E-03  7.064E-03  6.268E-03  5.591E-03  5.017E-03  4.451E-03  3.846E-03  3.382E-03  2.905E-03  2.468E-03  2.100E-03  1.783E-03  1.497E-03  1.232E-03  1.008E-03  8.232E-04
  388.5000  6.601E-02  6.438E-02  6.275E-02  6.114E-02  5.955E-02  5.796E-02  5.640E-02  5.484E-02  5.331E-02  5.179E-02  5.028E-02  4.878E-02  4.730E-02  4.583E-02  4.438E-02  4.295E-02  4.153E-02  4.012E-02  3.872E-02  3.734E-02  3.598E-02  3.463E-02  3.330E-02  3.198E-02  3.067E-02  2.938E-02  2.811E-02  2.686E-02  2.562E-02  2.439E-02  2.319E-02  2.201E-02  2.084E-02  1.970E-02  1.857E-02  1.747E-02  1.639E-02  1.534E-02  1.431E-02  1.330E-02  1.233E-02  1.139E-02  1.048E-02  9.611E-03  8.782E-03  8.001E-03  7.082E-03  6.283E-03  5.604E-03  5.029E-03  4.460E-03  3.853E-03  3.388E-03  2.910E-03  2.471E-03  2.103E-03  1.785E-03  1.499E-03  1.233E-03  1.008E-03  8.236E-04
  389.5000  8.329E-02  8.122E-02  7.917E-02  7.714E-02  7.513E-02  7.313E-02  7.115E-02  6.919E-02  6.725E-02  6.533E-02  6.343E-02  6.154E-02  5.967E-02  5.782E-02  5.599E-02  5.418E-02  5.239E-02  5.061E-02  4.885E-02  4.711E-02  4.539E-02  4.369E-02  4.201E-02  4.034E-02  3.870E-02  3.707E-02  3.547E-02  3.388E-02  3.232E-02  3.078E-02  2.926E-02  2.777E-02  2.630E-02  2.485E-02  2.343E-02  2.204E-02  2.068E-02  1.935E-02  1.805E-02  1.678E-02  1.556E-02  1.437E-02  1.322E-02  1.212E-02  1.108E-02  1.009E-02  8.934E-03  7.925E-03  7.068E-03  6.342E-03  5.624E-03  4.858E-03  4.271E-03  3.668E-03  3.114E-03  2.649E-03  2.249E-03  1.888E-03  1.553E-03  1.269E-03  1.037E-03
  390.5000  8.186E-02  7.982E-02  7.781E-02  7.581E-02  7.383E-02  7.187E-02  6.992E-02  6.800E-02  6.609E-02  6.420E-02  6.233E-02  6.048E-02  5.864E-02  5.682E-02  5.502E-02  5.324E-02  5.148E-02  4.973E-02  4.800E-02  4.629E-02  4.461E-02  4.293E-02  4.128E-02  3.964E-02  3.803E-02  3.643E-02  3.485E-02  3.330E-02  3.176E-02  3.025E-02  2.875E-02  2.729E-02  2.584E-02  2.442E-02  2.303E-02  2.166E-02  2.032E-02  1.901E-02  1.774E-02  1.650E-02  1.529E-02  1.412E-02  1.299E-02  1.191E-02  1.089E-02  9.917E-03  8.778E-03  7.786E-03  6.944E-03  6.229E-03  5.524E-03  4.771E-03  4.194E-03  3.601E-03  3.057E-03  2.600E-03  2.207E-03  1.852E-03  1.523E-03  1.245E-03  1.016E-03
  391.5000  9.717E-02  9.476E-02  9.236E-02  8.999E-02  8.764E-02  8.531E-02  8.300E-02  8.071E-02  7.844E-02  7.621E-02  7.398E-02  7.178E-02  6.960E-02  6.744E-02  6.531E-02  6.320E-02  6.110E-02  5.903E-02  5.698E-02  5.495E-02  5.294E-02  5.096E-02  4.899E-02  4.705E-02  4.513E-02  4.324E-02  4.137E-02  3.952E-02  3.770E-02  3.590E-02  3.413E-02  3.239E-02  3.067E-02  2.899E-02  2.733E-02  2.571E-02  2.412E-02  2.257E-02  2.106E-02  1.958E-02  1.815E-02  1.676E-02  1.542E-02  1.414E-02  1.292E-02  1.177E-02  1.042E-02  9.240E-03  8.240E-03  7.391E-03  6.553E-03  5.660E-03  4.974E-03  4.270E-03  3.625E-03  3.082E-03  2.615E-03  2.195E-03  1.805E-03  1.475E-03  1.204E-03
  392.5000  7.291E-02  7.110E-02  6.930E-02  6.752E-02  6.575E-02  6.400E-02  6.227E-02  6.055E-02  5.885E-02  5.717E-02  5.550E-02  5.385E-02  5.222E-02  5.060E-02  4.899E-02  4.741E-02  4.584E-02  4.428E-02  4.274E-02  4.122E-02  3.972E-02  3.823E-02  3.676E-02  3.530E-02  3.386E-02  3.244E-02  3.104E-02  2.965E-02  2.828E-02  2.693E-02  2.561E-02  2.430E-02  2.301E-02  2.175E-02  2.051E-02  1.929E-02  1.810E-02  1.693E-02  1.580E-02  1.469E-02  1.362E-02  1.257E-02  1.157E-02  1.061E-02  9.692E-03  8.829E-03  7.814E-03  6.931E-03  6.180E-03  5.543E-03  4.914E-03  4.243E-03  3.729E-03  3.200E-03  2.717E-03  2.310E-03  1.959E-03  1.644E-03  1.352E-03  1.104E-03  9.011E-04
  393.5000  3.172E-02  3.093E-02  3.014E-02  2.937E-02  2.860E-02  2.784E-02  2.709E-02  2.634E-02  2.560E-02  2.487E-02  2.414E-02  2.342E-02  2.271E-02  2.201E-02  2.131E-02  2.062E-02  1.994E-02  1.926E-02  1.859E-02  1.793E-02  1.728E-02  1.663E-02  1.599E-02  1.535E-02  1.473E-02  1.411E-02  1.350E-02  1.290E-02  1.230E-02  1.172E-02  1.114E-02  1.057E-02  1.001E-02  9.460E-03  8.920E-03  8.390E-03  7.872E-03  7.366E-03  6.871E-03  6.390E-03  5.922E-03  5.469E-03  5.032E-03  4.614E-03  4.215E-03  3.840E-03  3.398E-03  3.014E-03  2.687E-03  2.410E-03  2.136E-03  1.844E-03  1.620E-03  1.391E-03  1.180E-03  1.003E-03  8.509E-04  7.136E-04  5.868E-04  4.792E-04  3.911E-04
  394.5000  7.468E-02  7.282E-02  7.097E-02  6.915E-02  6.734E-02  6.554E-02  6.377E-02  6.201E-02  6.026E-02  5.854E-02  5.683E-02  5.514E-02  5.346E-02  5.180E-02  5.016E-02  4.854E-02  4.693E-02  4.534E-02  4.376E-02  4.220E-02  4.067E-02  3.914E-02  3.763E-02  3.614E-02  3.467E-02  3.321E-02  3.178E-02  3.036E-02  2.896E-02  2.758E-02  2.622E-02  2.488E-02  2.357E-02  2.227E-02  2.100E-02  1.975E-02  1.853E-02  1.734E-02  1.618E-02  1.504E-02  1.394E-02  1.287E-02  1.185E-02  1.086E-02  9.922E-03  9.037E-03  7.998E-03  7.092E-03  6.323E-03  5.670E-03  5.026E-03  4.339E-03  3.811E-03  3.270E-03  2.775E-03  2.359E-03  2.000E-03  1.677E-03  1.379E-03  1.126E-03  9.184E-04
  395.5000  9.613E-02  9.374E-02  9.136E-02  8.901E-02  8.668E-02  8.437E-02  8.208E-02  7.982E-02  7.757E-02  7.535E-02  7.315E-02  7.097E-02  6.882E-02  6.668E-02  6.457E-02  6.248E-02  6.041E-02  5.836E-02  5.633E-02  5.432E-02  5.234E-02  5.038E-02  4.844E-02  4.652E-02  4.462E-02  4.275E-02  4.090E-02  3.908E-02  3.728E-02  3.550E-02  3.375E-02  3.203E-02  3.033E-02  2.867E-02  2.703E-02  2.542E-02  2.385E-02  2.232E-02  2.082E-02  1.936E-02  1.794E-02  1.657E-02  1.525E-02  1.398E-02  1.277E-02  1.163E-02  1.029E-02  9.127E-03  8.137E-03  7.296E-03  6.466E-03  5.581E-03  4.902E-03  4.206E-03  3.568E-03  3.032E-03  2.571E-03  2.155E-03  1.771E-03  1.446E-03  1.180E-03
  396.5000  5.648E-02  5.507E-02  5.367E-02  5.229E-02  5.092E-02  4.957E-02  4.822E-02  4.689E-02  4.557E-02  4.427E-02  4.297E-02  4.169E-02  4.042E-02  3.917E-02  3.793E-02  3.670E-02  3.548E-02  3.428E-02  3.309E-02  3.191E-02  3.075E-02  2.959E-02  2.845E-02  2.733E-02  2.621E-02  2.511E-02  2.403E-02  2.296E-02  2.190E-02  2.085E-02  1.983E-02  1.882E-02  1.782E-02  1.684E-02  1.588E-02  1.494E-02  1.401E-02  1.311E-02  1.223E-02  1.138E-02  1.054E-02  9.735E-03  8.957E-03  8.212E-03  7.502E-03  6.832E-03  6.046E-03  5.361E-03  4.779E-03  4.284E-03  3.797E-03  3.277E-03  2.878E-03  2.468E-03  2.094E-03  1.779E-03  1.508E-03  1.264E-03  1.039E-03  8.479E-04  6.914E-04
  397.5000  6.521E-02  6.358E-02  6.197E-02  6.038E-02  5.879E-02  5.722E-02  5.567E-02  5.413E-02  5.261E-02  5.110E-02  4.961E-02  4.813E-02  4.667E-02  4.522E-02  4.378E-02  4.237E-02  4.096E-02  3.957E-02  3.820E-02  3.684E-02  3.549E-02  3.416E-02  3.285E-02  3.155E-02  3.026E-02  2.899E-02  2.774E-02  2.650E-02  2.528E-02  2.408E-02  2.289E-02  2.172E-02  2.057E-02  1.944E-02  1.833E-02  1.725E-02  1.618E-02  1.514E-02  1.412E-02  1.313E-02  1.217E-02  1.124E-02  1.034E-02  9.481E-03  8.660E-03  7.887E-03  6.980E-03  6.189E-03  5.516E-03  4.945E-03  4.381E-03  3.781E-03  3.320E-03  2.848E-03  2.415E-03  2.051E-03  1.739E-03  1.457E-03  1.197E-03  9.770E-04  7.965E-04
  398.5000  1.121E-01  1.093E-01  1.065E-01  1.038E-01  1.011E-01  9.838E-02  9.570E-02  9.306E-02  9.044E-02  8.785E-02  8.528E-02  8.274E-02  8.022E-02  7.773E-02  7.526E-02  7.283E-02  7.042E-02  6.803E-02  6.566E-02  6.332E-02  6.102E-02  5.873E-02  5.647E-02  5.423E-02  5.202E-02  4.984E-02  4.769E-02  4.556E-02  4.346E-02  4.139E-02  3.935E-02  3.735E-02  3.537E-02  3.343E-02  3.152E-02  2.965E-02  2.782E-02  2.603E-02  2.428E-02  2.258E-02  2.093E-02  1.932E-02  1.778E-02  1.630E-02  1.489E-02  1.356E-02  1.200E-02  1.064E-02  9.481E-03  8.498E-03  7.529E-03  6.496E-03  5.704E-03  4.891E-03  4.147E-03  3.523E-03  2.985E-03  2.501E-03  2.055E-03  1.676E-03  1.366E-03
  399.5000  1.167E-01  1.138E-01  1.109E-01  1.080E-01  1.052E-01  1.024E-01  9.959E-02  9.683E-02  9.411E-02  9.141E-02  8.874E-02  8.609E-02  8.347E-02  8.088E-02  7.831E-02  7.578E-02  7.327E-02  7.078E-02  6.832E-02  6.589E-02  6.349E-02  6.111E-02  5.875E-02  5.643E-02  5.413E-02  5.186E-02  4.962E-02  4.741E-02  4.522E-02  4.307E-02  4.095E-02  3.886E-02  3.680E-02  3.478E-02  3.280E-02  3.085E-02  2.895E-02  2.709E-02  2.527E-02  2.350E-02  2.178E-02  2.011E-02  1.850E-02  1.696E-02  1.549E-02  1.411E-02  1.248E-02  1.107E-02  9.863E-03  8.840E-03  7.830E-03  6.756E-03  5.931E-03  5.085E-03  4.311E-03  3.661E-03  3.102E-03  2.598E-03  2.134E-03  1.741E-03  1.419E-03
------------------------------------------------------------
Dose rates,W m-2
   1 = UV index (WMO, 1994; Webb et al., 2011)           
   2 = Previtamin-D3 (CIE 2006)                          
values at z =      0.025 km
Columns: time,sza,weighting spectra
time,hrs.  sza,deg.          1          2
   18.0000     80.713  2.071E-01  3.882E-03
   18.0167     80.917  2.004E-01  3.714E-03
   18.0333     81.121  1.938E-01  3.553E-03
   18.0500     81.325  1.873E-01  3.397E-03
   18.0667     81.529  1.809E-01  3.246E-03
   18.0833     81.733  1.747E-01  3.101E-03
   18.1000     81.938  1.686E-01  2.961E-03
   18.1167     82.143  1.627E-01  2.826E-03
   18.1333     82.347  1.568E-01  2.697E-03
   18.1500     82.552  1.512E-01  2.572E-03
   18.1667     82.756  1.456E-01  2.452E-03
   18.1833     82.962  1.401E-01  2.337E-03
   18.2000     83.167  1.348E-01  2.226E-03
   18.2167     83.372  1.295E-01  2.119E-03
   18.2333     83.577  1.244E-01  2.017E-03
   18.2500     83.782  1.195E-01  1.919E-03
   18.2667     83.988  1.146E-01  1.824E-03
   18.2833     84.194  1.098E-01  1.734E-03
   18.3000     84.399  1.052E-01  1.647E-03
   18.3167     84.605  1.006E-01  1.564E-03
   18.3333     84.811  9.624E-02  1.484E-03
   18.3500     85.017  9.192E-02  1.408E-03
   18.3667     85.223  8.771E-02  1.335E-03
   18.3833     85.429  8.361E-02  1.264E-03
   18.4000     85.636  7.961E-02  1.197E-03
   18.4167     85.842  7.572E-02  1.133E-03
   18.4333     86.048  7.195E-02  1.072E-03
   18.4500     86.255  6.826E-02  1.013E-03
   18.4667     86.461  6.468E-02  9.563E-04
   18.4833     86.668  6.119E-02  9.024E-04
   18.5000     86.875  5.781E-02  8.507E-04
   18.5167     87.082  5.454E-02  8.014E-04
   18.5333     87.289  5.136E-02  7.542E-04
   18.5500     87.496  4.828E-02  7.090E-04
   18.5667     87.703  4.529E-02  6.657E-04
   18.5833     87.910  4.241E-02  6.244E-04
   18.6000     88.118  3.962E-02  5.848E-04
   18.6167     88.325  3.694E-02  5.471E-04
   18.6333     88.532  3.434E-02  5.103E-04
   18.6500     88.740  3.186E-02  4.765E-04
   18.6667     88.947  2.947E-02  4.436E-04
   18.6833     89.155  2.719E-02  4.123E-04
   18.7000     89.363  2.501E-02  3.824E-04
   18.7167     89.570  2.294E-02  3.542E-04
   18.7333     89.778  2.099E-02  3.276E-04
   18.7500     89.986  1.917E-02  3.026E-04
   18.7667     90.194  1.705E-02  2.732E-04
   18.7833     90.403  1.521E-02  2.475E-04
   18.8000     90.610  1.365E-02  2.257E-04
   18.8167     90.819  1.234E-02  2.071E-04
   18.8333     91.027  1.103E-02  1.883E-04
   18.8500     91.235  9.643E-03  1.680E-04
   18.8667     91.444  8.564E-03  1.519E-04
   18.8833     91.652  7.461E-03  1.352E-04
   18.9000     91.860  6.435E-03  1.192E-04
   18.9167     92.069  5.561E-03  1.052E-04
   18.9333     92.278  4.798E-03  9.269E-05
   18.9500     92.486  4.099E-03  8.078E-05
   18.9667     92.695  3.447E-03  6.947E-05
   18.9833     92.904  2.882E-03  5.930E-05
   19.0000     93.112  2.407E-03  5.044E-05
------------------------------------------------------------
