Spectral Irradiance,W m-2 nm-1
values at z =      0.025 km
Columns: wavelength (nm),times (hrs.) or sza (deg.)
    wc,nm     18.000     18.017     18.033     18.050     18.067     18.083     18.100     18.117     18.133     18.150     18.167     18.183     18.200     18.217     18.233     18.250     18.267     18.283     18.300     18.317     18.333     18.350     18.367     18.383     18.400     18.417     18.433     18.450     18.467     18.483     18.500     18.517     18.533     18.550     18.567     18.583     18.600     18.617     18.633     18.650     18.667     18.683     18.700     18.717     18.733     18.750     18.767     18.783     18.800     18.817     18.833     18.850     18.867     18.883     18.900     18.917     18.933     18.950     18.967     18.983     19.000
    sza =      74.338     74.547     74.757     74.966     75.175     75.385     75.595     75.804     76.014     76.222     76.432     76.641     76.851     77.060     77.269     77.478     77.687     77.896     78.105     78.314     78.523     78.732     78.941     79.150     79.358     79.567     79.775     79.984     80.193     80.401     80.610     80.818     81.026     81.235     81.443     81.651     81.859     82.067     82.275     82.483     82.691     82.899     83.107     83.314     83.522     83.729     83.937     84.144     84.351     84.558     84.766     84.973     85.180     85.387     85.593     85.800     86.007     86.214     86.420     86.627     86.832
  280.5000  3.461E-27  3.410E-27  3.360E-27  3.311E-27  3.262E-27  3.214E-27  3.167E-27  3.120E-27  3.074E-27  3.029E-27  2.985E-27  2.941E-27  2.897E-27  2.855E-27  2.812E-27  2.771E-27  2.729E-27  2.688E-27  2.648E-27  2.608E-27  2.569E-27  2.529E-27  2.491E-27  2.452E-27  2.414E-27  2.377E-27  2.339E-27  2.302E-27  2.265E-27  2.229E-27  2.193E-27  2.157E-27  2.121E-27  2.085E-27  2.050E-27  2.015E-27  1.980E-27  1.945E-27  1.910E-27  1.876E-27  1.841E-27  1.807E-27  1.773E-27  1.739E-27  1.704E-27  1.670E-27  1.636E-27  1.602E-27  1.568E-27  1.534E-27  1.500E-27  1.466E-27  1.432E-27  1.398E-27  1.364E-27  1.329E-27  1.295E-27  1.260E-27  1.225E-27  1.190E-27  1.155E-27
  281.5000  9.557E-25  9.414E-25  9.273E-25  9.134E-25  8.997E-25  8.863E-25  8.731E-25  8.601E-25  8.472E-25  8.346E-25  8.222E-25  8.099E-25  7.977E-25  7.858E-25  7.740E-25  7.623E-25  7.508E-25  7.394E-25  7.282E-25  7.171E-25  7.061E-25  6.952E-25  6.844E-25  6.737E-25  6.632E-25  6.527E-25  6.424E-25  6.321E-25  6.219E-25  6.117E-25  6.017E-25  5.918E-25  5.819E-25  5.720E-25  5.622E-25  5.525E-25  5.428E-25  5.332E-25  5.237E-25  5.141E-25  5.046E-25  4.952E-25  4.857E-25  4.764E-25  4.670E-25  4.576E-25  4.482E-25  4.389E-25  4.296E-25  4.202E-25  4.109E-25  4.016E-25  3.922E-25  3.828E-25  3.734E-25  3.640E-25  3.546E-25  3.451E-25  3.356E-25  3.260E-25  3.164E-25
  282.5000  8.201E-23  8.075E-23  7.952E-23  7.831E-23  7.712E-23  7.595E-23  7.480E-23  7.366E-23  7.255E-23  7.145E-23  7.037E-23  6.930E-23  6.825E-23  6.721E-23  6.618E-23  6.518E-23  6.418E-23  6.319E-23  6.222E-23  6.126E-23  6.031E-23  5.937E-23  5.843E-23  5.751E-23  5.660E-23  5.570E-23  5.481E-23  5.392E-23  5.304E-23  5.217E-23  5.130E-23  5.045E-23  4.960E-23  4.875E-23  4.791E-23  4.707E-23  4.624E-23  4.542E-23  4.460E-23  4.378E-23  4.297E-23  4.216E-23  4.135E-23  4.055E-23  3.974E-23  3.894E-23  3.814E-23  3.734E-23  3.655E-23  3.575E-23  3.495E-23  3.415E-23  3.336E-23  3.256E-23  3.176E-23  3.096E-23  3.015E-23  2.934E-23  2.853E-23  2.772E-23  2.691E-23
  283.5000  1.335E-21  1.314E-21  1.294E-21  1.274E-21  1.255E-21  1.235E-21  1.216E-21  1.198E-21  1.179E-21  1.161E-21  1.143E-21  1.126E-21  1.109E-21  1.092E-21  1.075E-21  1.058E-21  1.042E-21  1.026E-21  1.010E-21  9.940E-22  9.784E-22  9.630E-22  9.478E-22  9.327E-22  9.178E-22  9.030E-22  8.885E-22  8.740E-22  8.596E-22  8.454E-22  8.313E-22  8.173E-22  8.034E-22  7.896E-22  7.759E-22  7.623E-22  7.488E-22  7.354E-22  7.220E-22  7.087E-22  6.954E-22  6.822E-22  6.691E-22  6.561E-22  6.430E-22  6.300E-22  6.170E-22  6.040E-22  5.911E-22  5.782E-22  5.653E-22  5.523E-22  5.394E-22  5.264E-22  5.135E-22  5.005E-22  4.875E-22  4.744E-22  4.613E-22  4.482E-22  4.350E-22
  284.5000  1.328E-19  1.307E-19  1.286E-19  1.265E-19  1.245E-19  1.226E-19  1.206E-19  1.187E-19  1.169E-19  1.150E-19  1.132E-19  1.115E-19  1.097E-19  1.080E-19  1.063E-19  1.046E-19  1.030E-19  1.013E-19  9.972E-20  9.813E-20  9.656E-20  9.501E-20  9.348E-20  9.197E-20  9.047E-20  8.899E-20  8.753E-20  8.607E-20  8.464E-20  8.321E-20  8.180E-20  8.041E-20  7.902E-20  7.765E-20  7.628E-20  7.492E-20  7.358E-20  7.224E-20  7.091E-20  6.959E-20  6.828E-20  6.697E-20  6.566E-20  6.437E-20  6.308E-20  6.179E-20  6.051E-20  5.923E-20  5.795E-20  5.667E-20  5.540E-20  5.412E-20  5.285E-20  5.158E-20  5.030E-20  4.903E-20  4.775E-20  4.647E-20  4.518E-20  4.389E-20  4.260E-20
  285.5000  2.510E-18  2.469E-18  2.429E-18  2.389E-18  2.351E-18  2.313E-18  2.275E-18  2.239E-18  2.203E-18  2.167E-18  2.132E-18  2.098E-18  2.065E-18  2.031E-18  1.999E-18  1.967E-18  1.935E-18  1.904E-18  1.873E-18  1.842E-18  1.813E-18  1.783E-18  1.754E-18  1.725E-18  1.696E-18  1.668E-18  1.640E-18  1.613E-18  1.585E-18  1.558E-18  1.531E-18  1.505E-18  1.479E-18  1.452E-18  1.427E-18  1.401E-18  1.375E-18  1.350E-18  1.325E-18  1.300E-18  1.275E-18  1.251E-18  1.226E-18  1.202E-18  1.177E-18  1.153E-18  1.129E-18  1.105E-18  1.081E-18  1.057E-18  1.033E-18  1.009E-18  9.851E-19  9.612E-19  9.374E-19  9.135E-19  8.895E-19  8.656E-19  8.416E-19  8.175E-19  7.934E-19
  286.5000  1.087E-16  1.069E-16  1.051E-16  1.034E-16  1.017E-16  9.999E-17  9.834E-17  9.672E-17  9.514E-17  9.358E-17  9.205E-17  9.054E-17  8.906E-17  8.760E-17  8.617E-17  8.476E-17  8.337E-17  8.200E-17  8.065E-17  7.932E-17  7.801E-17  7.671E-17  7.543E-17  7.417E-17  7.293E-17  7.169E-17  7.048E-17  6.928E-17  6.809E-17  6.691E-17  6.574E-17  6.459E-17  6.345E-17  6.231E-17  6.119E-17  6.008E-17  5.897E-17  5.788E-17  5.679E-17  5.570E-17  5.463E-17  5.356E-17  5.250E-17  5.145E-17  5.039E-17  4.935E-17  4.831E-17  4.727E-17  4.623E-17  4.520E-17  4.417E-17  4.314E-17  4.211E-17  4.109E-17  4.006E-17  3.904E-17  3.801E-17  3.698E-17  3.595E-17  3.492E-17  3.389E-17
  287.5000  2.661E-15  2.615E-15  2.570E-15  2.526E-15  2.483E-15  2.441E-15  2.400E-15  2.359E-15  2.319E-15  2.280E-15  2.242E-15  2.204E-15  2.167E-15  2.131E-15  2.095E-15  2.060E-15  2.025E-15  1.991E-15  1.958E-15  1.925E-15  1.892E-15  1.860E-15  1.828E-15  1.797E-15  1.766E-15  1.736E-15  1.706E-15  1.676E-15  1.647E-15  1.618E-15  1.589E-15  1.561E-15  1.533E-15  1.505E-15  1.477E-15  1.450E-15  1.423E-15  1.396E-15  1.370E-15  1.343E-15  1.317E-15  1.291E-15  1.265E-15  1.239E-15  1.213E-15  1.188E-15  1.163E-15  1.137E-15  1.112E-15  1.087E-15  1.062E-15  1.037E-15  1.012E-15  9.874E-16  9.626E-16  9.378E-16  9.129E-16  8.881E-16  8.632E-16  8.383E-16  8.135E-16
  288.5000  6.556E-14  6.439E-14  6.324E-14  6.211E-14  6.101E-14  5.994E-14  5.888E-14  5.785E-14  5.684E-14  5.585E-14  5.487E-14  5.392E-14  5.298E-14  5.206E-14  5.116E-14  5.028E-14  4.940E-14  4.855E-14  4.770E-14  4.687E-14  4.606E-14  4.525E-14  4.446E-14  4.368E-14  4.291E-14  4.215E-14  4.140E-14  4.066E-14  3.993E-14  3.921E-14  3.850E-14  3.780E-14  3.710E-14  3.641E-14  3.573E-14  3.505E-14  3.438E-14  3.372E-14  3.307E-14  3.242E-14  3.177E-14  3.113E-14  3.049E-14  2.986E-14  2.924E-14  2.861E-14  2.799E-14  2.737E-14  2.676E-14  2.615E-14  2.554E-14  2.493E-14  2.432E-14  2.372E-14  2.312E-14  2.252E-14  2.191E-14  2.131E-14  2.071E-14  2.011E-14  1.951E-14
  289.5000  1.134E-12  1.113E-12  1.092E-12  1.072E-12  1.053E-12  1.034E-12  1.015E-12  9.965E-13  9.785E-13  9.610E-13  9.437E-13  9.268E-13  9.102E-13  8.940E-13  8.780E-13  8.624E-13  8.470E-13  8.319E-13  8.171E-13  8.025E-13  7.882E-13  7.741E-13  7.601E-13  7.465E-13  7.330E-13  7.197E-13  7.066E-13  6.937E-13  6.810E-13  6.684E-13  6.560E-13  6.438E-13  6.317E-13  6.197E-13  6.079E-13  5.962E-13  5.846E-13  5.732E-13  5.618E-13  5.506E-13  5.394E-13  5.284E-13  5.174E-13  5.065E-13  4.957E-13  4.850E-13  4.743E-13  4.637E-13  4.532E-13  4.427E-13  4.322E-13  4.218E-13  4.115E-13  4.011E-13  3.909E-13  3.806E-13  3.703E-13  3.601E-13  3.498E-13  3.396E-13  3.294E-13
  290.5000  1.200E-11  1.177E-11  1.155E-11  1.133E-11  1.112E-11  1.091E-11  1.070E-11  1.050E-11  1.031E-11  1.012E-11  9.931E-12  9.748E-12  9.568E-12  9.393E-12  9.220E-12  9.052E-12  8.886E-12  8.723E-12  8.563E-12  8.406E-12  8.252E-12  8.100E-12  7.951E-12  7.804E-12  7.660E-12  7.518E-12  7.378E-12  7.240E-12  7.104E-12  6.970E-12  6.838E-12  6.708E-12  6.579E-12  6.452E-12  6.326E-12  6.202E-12  6.079E-12  5.958E-12  5.838E-12  5.719E-12  5.601E-12  5.484E-12  5.368E-12  5.254E-12  5.140E-12  5.027E-12  4.915E-12  4.803E-12  4.693E-12  4.583E-12  4.473E-12  4.364E-12  4.256E-12  4.148E-12  4.040E-12  3.933E-12  3.826E-12  3.719E-12  3.612E-12  3.506E-12  3.399E-12
  291.5000  1.155E-10  1.132E-10  1.109E-10  1.087E-10  1.066E-10  1.045E-10  1.024E-10  1.004E-10  9.849E-11  9.659E-11  9.473E-11  9.291E-11  9.113E-11  8.939E-11  8.768E-11  8.601E-11  8.437E-11  8.277E-11  8.119E-11  7.965E-11  7.814E-11  7.665E-11  7.519E-11  7.375E-11  7.234E-11  7.095E-11  6.958E-11  6.824E-11  6.692E-11  6.562E-11  6.433E-11  6.307E-11  6.182E-11  6.059E-11  5.938E-11  5.818E-11  5.700E-11  5.583E-11  5.468E-11  5.353E-11  5.240E-11  5.128E-11  5.018E-11  4.908E-11  4.800E-11  4.692E-11  4.585E-11  4.479E-11  4.374E-11  4.269E-11  4.165E-11  4.062E-11  3.959E-11  3.857E-11  3.756E-11  3.655E-11  3.554E-11  3.453E-11  3.353E-11  3.252E-11  3.153E-11
  292.5000  6.983E-10  6.837E-10  6.695E-10  6.557E-10  6.422E-10  6.291E-10  6.163E-10  6.038E-10  5.916E-10  5.797E-10  5.681E-10  5.568E-10  5.457E-10  5.349E-10  5.243E-10  5.139E-10  5.038E-10  4.938E-10  4.841E-10  4.745E-10  4.652E-10  4.560E-10  4.470E-10  4.382E-10  4.295E-10  4.210E-10  4.126E-10  4.044E-10  3.963E-10  3.884E-10  3.805E-10  3.729E-10  3.653E-10  3.578E-10  3.504E-10  3.431E-10  3.360E-10  3.289E-10  3.219E-10  3.150E-10  3.082E-10  3.015E-10  2.948E-10  2.882E-10  2.817E-10  2.753E-10  2.689E-10  2.625E-10  2.562E-10  2.500E-10  2.438E-10  2.376E-10  2.315E-10  2.255E-10  2.194E-10  2.134E-10  2.074E-10  2.015E-10  1.955E-10  1.896E-10  1.838E-10
  293.5000  4.874E-09  4.766E-09  4.662E-09  4.561E-09  4.463E-09  4.367E-09  4.274E-09  4.183E-09  4.095E-09  4.009E-09  3.925E-09  3.843E-09  3.763E-09  3.685E-09  3.609E-09  3.535E-09  3.462E-09  3.391E-09  3.321E-09  3.253E-09  3.186E-09  3.121E-09  3.057E-09  2.994E-09  2.932E-09  2.872E-09  2.813E-09  2.755E-09  2.697E-09  2.641E-09  2.586E-09  2.532E-09  2.479E-09  2.426E-09  2.375E-09  2.324E-09  2.274E-09  2.224E-09  2.176E-09  2.128E-09  2.080E-09  2.033E-09  1.987E-09  1.942E-09  1.897E-09  1.852E-09  1.808E-09  1.764E-09  1.721E-09  1.678E-09  1.636E-09  1.593E-09  1.552E-09  1.510E-09  1.469E-09  1.428E-09  1.387E-09  1.347E-09  1.306E-09  1.266E-09  1.226E-09
  294.5000  1.878E-08  1.834E-08  1.792E-08  1.752E-08  1.712E-08  1.674E-08  1.636E-08  1.600E-08  1.565E-08  1.530E-08  1.497E-08  1.465E-08  1.433E-08  1.402E-08  1.372E-08  1.342E-08  1.314E-08  1.286E-08  1.258E-08  1.231E-08  1.205E-08  1.180E-08  1.154E-08  1.130E-08  1.106E-08  1.082E-08  1.059E-08  1.036E-08  1.014E-08  9.924E-09  9.710E-09  9.500E-09  9.294E-09  9.091E-09  8.891E-09  8.695E-09  8.501E-09  8.312E-09  8.125E-09  7.940E-09  7.758E-09  7.579E-09  7.402E-09  7.228E-09  7.056E-09  6.886E-09  6.718E-09  6.551E-09  6.387E-09  6.225E-09  6.064E-09  5.904E-09  5.746E-09  5.589E-09  5.434E-09  5.280E-09  5.126E-09  4.974E-09  4.823E-09  4.672E-09  4.523E-09
  295.5000  1.022E-07  9.969E-08  9.724E-08  9.487E-08  9.258E-08  9.036E-08  8.822E-08  8.614E-08  8.413E-08  8.218E-08  8.029E-08  7.844E-08  7.665E-08  7.491E-08  7.321E-08  7.157E-08  6.996E-08  6.839E-08  6.686E-08  6.536E-08  6.391E-08  6.248E-08  6.109E-08  5.973E-08  5.840E-08  5.710E-08  5.583E-08  5.458E-08  5.335E-08  5.216E-08  5.098E-08  4.984E-08  4.871E-08  4.760E-08  4.651E-08  4.544E-08  4.439E-08  4.336E-08  4.235E-08  4.135E-08  4.037E-08  3.940E-08  3.845E-08  3.752E-08  3.659E-08  3.568E-08  3.478E-08  3.389E-08  3.302E-08  3.215E-08  3.130E-08  3.045E-08  2.961E-08  2.879E-08  2.797E-08  2.715E-08  2.635E-08  2.555E-08  2.475E-08  2.396E-08  2.318E-08
  296.5000  3.487E-07  3.392E-07  3.301E-07  3.214E-07  3.130E-07  3.050E-07  2.972E-07  2.897E-07  2.825E-07  2.756E-07  2.688E-07  2.623E-07  2.559E-07  2.498E-07  2.438E-07  2.380E-07  2.324E-07  2.269E-07  2.216E-07  2.164E-07  2.113E-07  2.064E-07  2.016E-07  1.969E-07  1.923E-07  1.878E-07  1.834E-07  1.792E-07  1.750E-07  1.709E-07  1.669E-07  1.629E-07  1.591E-07  1.553E-07  1.516E-07  1.480E-07  1.445E-07  1.410E-07  1.376E-07  1.342E-07  1.309E-07  1.276E-07  1.244E-07  1.213E-07  1.182E-07  1.152E-07  1.122E-07  1.092E-07  1.063E-07  1.034E-07  1.006E-07  9.780E-08  9.504E-08  9.230E-08  8.961E-08  8.693E-08  8.429E-08  8.167E-08  7.907E-08  7.650E-08  7.395E-08
  297.5000  1.240E-06  1.203E-06  1.167E-06  1.133E-06  1.101E-06  1.070E-06  1.040E-06  1.012E-06  9.844E-07  9.582E-07  9.329E-07  9.085E-07  8.850E-07  8.623E-07  8.403E-07  8.191E-07  7.985E-07  7.786E-07  7.592E-07  7.404E-07  7.222E-07  7.044E-07  6.872E-07  6.703E-07  6.539E-07  6.379E-07  6.224E-07  6.072E-07  5.923E-07  5.778E-07  5.637E-07  5.498E-07  5.363E-07  5.230E-07  5.101E-07  4.973E-07  4.849E-07  4.728E-07  4.608E-07  4.491E-07  4.376E-07  4.263E-07  4.152E-07  4.043E-07  3.937E-07  3.831E-07  3.728E-07  3.626E-07  3.527E-07  3.428E-07  3.331E-07  3.235E-07  3.141E-07  3.048E-07  2.956E-07  2.865E-07  2.776E-07  2.687E-07  2.600E-07  2.513E-07  2.427E-07
  298.5000  2.578E-06  2.492E-06  2.410E-06  2.332E-06  2.258E-06  2.188E-06  2.121E-06  2.058E-06  1.997E-06  1.939E-06  1.883E-06  1.830E-06  1.778E-06  1.729E-06  1.682E-06  1.636E-06  1.592E-06  1.550E-06  1.509E-06  1.469E-06  1.431E-06  1.394E-06  1.358E-06  1.323E-06  1.288E-06  1.255E-06  1.223E-06  1.192E-06  1.161E-06  1.132E-06  1.103E-06  1.074E-06  1.047E-06  1.020E-06  9.933E-07  9.675E-07  9.422E-07  9.176E-07  8.935E-07  8.698E-07  8.466E-07  8.239E-07  8.017E-07  7.799E-07  7.585E-07  7.375E-07  7.169E-07  6.966E-07  6.767E-07  6.572E-07  6.379E-07  6.190E-07  6.003E-07  5.820E-07  5.640E-07  5.461E-07  5.285E-07  5.112E-07  4.941E-07  4.772E-07  4.605E-07
  299.5000  1.013E-05  9.752E-06  9.392E-06  9.053E-06  8.731E-06  8.427E-06  8.138E-06  7.865E-06  7.605E-06  7.359E-06  7.123E-06  6.900E-06  6.686E-06  6.482E-06  6.287E-06  6.101E-06  5.922E-06  5.750E-06  5.585E-06  5.426E-06  5.273E-06  5.126E-06  4.983E-06  4.846E-06  4.712E-06  4.583E-06  4.459E-06  4.338E-06  4.220E-06  4.106E-06  3.994E-06  3.886E-06  3.781E-06  3.679E-06  3.578E-06  3.481E-06  3.386E-06  3.293E-06  3.202E-06  3.113E-06  3.027E-06  2.942E-06  2.859E-06  2.778E-06  2.698E-06  2.620E-06  2.544E-06  2.469E-06  2.396E-06  2.324E-06  2.253E-06  2.183E-06  2.115E-06  2.048E-06  1.982E-06  1.917E-06  1.854E-06  1.791E-06  1.729E-06  1.668E-06  1.608E-06
  300.5000  1.523E-05  1.461E-05  1.402E-05  1.347E-05  1.295E-05  1.245E-05  1.198E-05  1.154E-05  1.112E-05  1.072E-05  1.035E-05  9.990E-06  9.651E-06  9.328E-06  9.021E-06  8.729E-06  8.450E-06  8.184E-06  7.929E-06  7.685E-06  7.452E-06  7.228E-06  7.012E-06  6.805E-06  6.605E-06  6.413E-06  6.227E-06  6.048E-06  5.874E-06  5.706E-06  5.543E-06  5.386E-06  5.233E-06  5.084E-06  4.939E-06  4.798E-06  4.661E-06  4.527E-06  4.397E-06  4.270E-06  4.146E-06  4.025E-06  3.907E-06  3.792E-06  3.679E-06  3.568E-06  3.460E-06  3.354E-06  3.251E-06  3.150E-06  3.050E-06  2.953E-06  2.857E-06  2.764E-06  2.672E-06  2.582E-06  2.493E-06  2.406E-06  2.320E-06  2.236E-06  2.153E-06
  301.5000  5.294E-05  5.060E-05  4.840E-05  4.631E-05  4.434E-05  4.247E-05  4.071E-05  3.904E-05  3.747E-05  3.598E-05  3.457E-05  3.324E-05  3.197E-05  3.077E-05  2.964E-05  2.857E-05  2.754E-05  2.657E-05  2.565E-05  2.477E-05  2.393E-05  2.313E-05  2.237E-05  2.164E-05  2.094E-05  2.027E-05  1.963E-05  1.902E-05  1.842E-05  1.785E-05  1.730E-05  1.677E-05  1.626E-05  1.577E-05  1.529E-05  1.482E-05  1.437E-05  1.393E-05  1.351E-05  1.310E-05  1.269E-05  1.230E-05  1.192E-05  1.155E-05  1.119E-05  1.084E-05  1.049E-05  1.015E-05  9.827E-06  9.505E-06  9.191E-06  8.884E-06  8.583E-06  8.289E-06  8.001E-06  7.719E-06  7.442E-06  7.171E-06  6.905E-06  6.644E-06  6.389E-06
  302.5000  9.804E-05  9.356E-05  8.932E-05  8.531E-05  8.150E-05  7.790E-05  7.449E-05  7.126E-05  6.820E-05  6.531E-05  6.258E-05  5.998E-05  5.753E-05  5.521E-05  5.301E-05  5.093E-05  4.896E-05  4.709E-05  4.532E-05  4.363E-05  4.204E-05  4.051E-05  3.907E-05  3.769E-05  3.638E-05  3.512E-05  3.393E-05  3.279E-05  3.169E-05  3.064E-05  2.963E-05  2.867E-05  2.774E-05  2.684E-05  2.598E-05  2.514E-05  2.434E-05  2.356E-05  2.281E-05  2.208E-05  2.137E-05  2.068E-05  2.001E-05  1.937E-05  1.873E-05  1.812E-05  1.752E-05  1.694E-05  1.637E-05  1.581E-05  1.527E-05  1.474E-05  1.423E-05  1.372E-05  1.323E-05  1.275E-05  1.228E-05  1.181E-05  1.136E-05  1.092E-05  1.049E-05
  303.5000  2.768E-04  2.640E-04  2.518E-04  2.402E-04  2.292E-04  2.186E-04  2.087E-04  1.992E-04  1.902E-04  1.816E-04  1.735E-04  1.658E-04  1.586E-04  1.516E-04  1.451E-04  1.389E-04  1.330E-04  1.274E-04  1.222E-04  1.171E-04  1.124E-04  1.079E-04  1.036E-04  9.959E-05  9.574E-05  9.208E-05  8.861E-05  8.530E-05  8.215E-05  7.914E-05  7.628E-05  7.355E-05  7.093E-05  6.842E-05  6.602E-05  6.372E-05  6.151E-05  5.939E-05  5.734E-05  5.536E-05  5.346E-05  5.162E-05  4.984E-05  4.813E-05  4.646E-05  4.485E-05  4.328E-05  4.176E-05  4.028E-05  3.884E-05  3.744E-05  3.608E-05  3.475E-05  3.346E-05  3.220E-05  3.097E-05  2.977E-05  2.860E-05  2.746E-05  2.634E-05  2.525E-05
  304.5000  4.113E-04  3.924E-04  3.743E-04  3.570E-04  3.406E-04  3.248E-04  3.099E-04  2.956E-04  2.820E-04  2.691E-04  2.568E-04  2.451E-04  2.340E-04  2.235E-04  2.135E-04  2.040E-04  1.950E-04  1.864E-04  1.783E-04  1.706E-04  1.633E-04  1.564E-04  1.499E-04  1.436E-04  1.377E-04  1.321E-04  1.268E-04  1.218E-04  1.170E-04  1.124E-04  1.081E-04  1.040E-04  1.000E-04  9.626E-05  9.268E-05  8.925E-05  8.597E-05  8.283E-05  7.982E-05  7.693E-05  7.415E-05  7.147E-05  6.889E-05  6.641E-05  6.401E-05  6.169E-05  5.945E-05  5.728E-05  5.518E-05  5.313E-05  5.115E-05  4.922E-05  4.735E-05  4.553E-05  4.377E-05  4.204E-05  4.036E-05  3.872E-05  3.713E-05  3.557E-05  3.406E-05
  305.5000  8.801E-04  8.409E-04  8.033E-04  7.672E-04  7.325E-04  6.993E-04  6.674E-04  6.369E-04  6.077E-04  5.798E-04  5.531E-04  5.276E-04  5.032E-04  4.800E-04  4.578E-04  4.367E-04  4.166E-04  3.974E-04  3.792E-04  3.619E-04  3.454E-04  3.298E-04  3.149E-04  3.007E-04  2.873E-04  2.746E-04  2.625E-04  2.510E-04  2.401E-04  2.298E-04  2.200E-04  2.107E-04  2.018E-04  1.934E-04  1.854E-04  1.778E-04  1.706E-04  1.637E-04  1.571E-04  1.508E-04  1.448E-04  1.391E-04  1.336E-04  1.284E-04  1.233E-04  1.185E-04  1.138E-04  1.093E-04  1.050E-04  1.008E-04  9.682E-05  9.293E-05  8.917E-05  8.552E-05  8.200E-05  7.858E-05  7.526E-05  7.204E-05  6.891E-05  6.587E-05  6.292E-05
  306.5000  1.138E-03  1.088E-03  1.040E-03  9.946E-04  9.504E-04  9.080E-04  8.672E-04  8.280E-04  7.904E-04  7.545E-04  7.200E-04  6.869E-04  6.552E-04  6.250E-04  5.960E-04  5.684E-04  5.420E-04  5.169E-04  4.928E-04  4.699E-04  4.482E-04  4.275E-04  4.077E-04  3.889E-04  3.711E-04  3.541E-04  3.380E-04  3.227E-04  3.082E-04  2.944E-04  2.813E-04  2.689E-04  2.571E-04  2.458E-04  2.352E-04  2.251E-04  2.155E-04  2.063E-04  1.976E-04  1.894E-04  1.815E-04  1.739E-04  1.668E-04  1.599E-04  1.534E-04  1.471E-04  1.411E-04  1.353E-04  1.297E-04  1.244E-04  1.193E-04  1.143E-04  1.095E-04  1.049E-04  1.005E-04  9.616E-05  9.198E-05  8.793E-05  8.401E-05  8.021E-05  7.653E-05
  307.5000  2.514E-03  2.412E-03  2.313E-03  2.217E-03  2.124E-03  2.035E-03  1.948E-03  1.864E-03  1.783E-03  1.705E-03  1.630E-03  1.558E-03  1.488E-03  1.421E-03  1.357E-03  1.295E-03  1.235E-03  1.178E-03  1.124E-03  1.071E-03  1.021E-03  9.732E-04  9.274E-04  8.835E-04  8.417E-04  8.017E-04  7.637E-04  7.274E-04  6.928E-04  6.599E-04  6.286E-04  5.989E-04  5.705E-04  5.436E-04  5.180E-04  4.937E-04  4.707E-04  4.488E-04  4.280E-04  4.083E-04  3.895E-04  3.716E-04  3.547E-04  3.386E-04  3.233E-04  3.087E-04  2.948E-04  2.815E-04  2.689E-04  2.568E-04  2.452E-04  2.342E-04  2.235E-04  2.134E-04  2.036E-04  1.942E-04  1.852E-04  1.765E-04  1.681E-04  1.600E-04  1.522E-04
  308.5000  3.324E-03  3.193E-03  3.065E-03  2.942E-03  2.823E-03  2.707E-03  2.594E-03  2.485E-03  2.380E-03  2.279E-03  2.181E-03  2.086E-03  1.994E-03  1.906E-03  1.821E-03  1.739E-03  1.660E-03  1.585E-03  1.512E-03  1.442E-03  1.375E-03  1.311E-03  1.249E-03  1.190E-03  1.133E-03  1.079E-03  1.028E-03  9.785E-04  9.315E-04  8.866E-04  8.438E-04  8.032E-04  7.644E-04  7.275E-04  6.924E-04  6.591E-04  6.274E-04  5.973E-04  5.687E-04  5.415E-04  5.158E-04  4.913E-04  4.680E-04  4.460E-04  4.250E-04  4.050E-04  3.860E-04  3.680E-04  3.508E-04  3.344E-04  3.188E-04  3.039E-04  2.896E-04  2.760E-04  2.629E-04  2.504E-04  2.384E-04  2.269E-04  2.158E-04  2.051E-04  1.948E-04
  309.5000  3.931E-03  3.786E-03  3.645E-03  3.508E-03  3.374E-03  3.243E-03  3.117E-03  2.994E-03  2.874E-03  2.758E-03  2.645E-03  2.536E-03  2.430E-03  2.327E-03  2.228E-03  2.132E-03  2.039E-03  1.950E-03  1.863E-03  1.779E-03  1.699E-03  1.621E-03  1.547E-03  1.475E-03  1.406E-03  1.339E-03  1.276E-03  1.215E-03  1.156E-03  1.100E-03  1.046E-03  9.950E-04  9.460E-04  8.992E-04  8.545E-04  8.119E-04  7.713E-04  7.328E-04  6.960E-04  6.610E-04  6.277E-04  5.961E-04  5.661E-04  5.377E-04  5.106E-04  4.849E-04  4.605E-04  4.374E-04  4.154E-04  3.945E-04  3.747E-04  3.558E-04  3.379E-04  3.208E-04  3.045E-04  2.890E-04  2.742E-04  2.601E-04  2.465E-04  2.336E-04  2.212E-04
  310.5000  6.627E-03  6.396E-03  6.171E-03  5.951E-03  5.736E-03  5.526E-03  5.321E-03  5.122E-03  4.927E-03  4.739E-03  4.554E-03  4.375E-03  4.200E-03  4.031E-03  3.866E-03  3.707E-03  3.552E-03  3.401E-03  3.256E-03  3.115E-03  2.979E-03  2.847E-03  2.719E-03  2.596E-03  2.478E-03  2.363E-03  2.253E-03  2.147E-03  2.045E-03  1.947E-03  1.852E-03  1.762E-03  1.676E-03  1.592E-03  1.513E-03  1.437E-03  1.364E-03  1.295E-03  1.229E-03  1.165E-03  1.105E-03  1.048E-03  9.933E-04  9.416E-04  8.923E-04  8.455E-04  8.010E-04  7.588E-04  7.188E-04  6.808E-04  6.447E-04  6.105E-04  5.780E-04  5.471E-04  5.179E-04  4.900E-04  4.635E-04  4.384E-04  4.144E-04  3.915E-04  3.698E-04
  311.5000  9.826E-03  9.498E-03  9.176E-03  8.863E-03  8.555E-03  8.255E-03  7.961E-03  7.674E-03  7.393E-03  7.120E-03  6.853E-03  6.593E-03  6.339E-03  6.092E-03  5.852E-03  5.619E-03  5.391E-03  5.170E-03  4.955E-03  4.747E-03  4.545E-03  4.349E-03  4.160E-03  3.976E-03  3.798E-03  3.626E-03  3.461E-03  3.301E-03  3.146E-03  2.997E-03  2.854E-03  2.716E-03  2.584E-03  2.456E-03  2.334E-03  2.217E-03  2.105E-03  1.998E-03  1.895E-03  1.797E-03  1.703E-03  1.613E-03  1.528E-03  1.447E-03  1.370E-03  1.296E-03  1.226E-03  1.160E-03  1.097E-03  1.037E-03  9.800E-04  9.261E-04  8.750E-04  8.266E-04  7.808E-04  7.372E-04  6.958E-04  6.565E-04  6.192E-04  5.838E-04  5.502E-04
  312.5000  1.240E-02  1.202E-02  1.165E-02  1.128E-02  1.092E-02  1.057E-02  1.022E-02  9.885E-03  9.553E-03  9.228E-03  8.909E-03  8.597E-03  8.292E-03  7.993E-03  7.701E-03  7.417E-03  7.138E-03  6.866E-03  6.601E-03  6.342E-03  6.091E-03  5.845E-03  5.606E-03  5.374E-03  5.148E-03  4.928E-03  4.715E-03  4.508E-03  4.308E-03  4.113E-03  3.925E-03  3.744E-03  3.568E-03  3.398E-03  3.234E-03  3.076E-03  2.923E-03  2.777E-03  2.636E-03  2.501E-03  2.371E-03  2.246E-03  2.127E-03  2.013E-03  1.904E-03  1.799E-03  1.700E-03  1.605E-03  1.515E-03  1.429E-03  1.347E-03  1.269E-03  1.195E-03  1.125E-03  1.059E-03  9.959E-04  9.363E-04  8.798E-04  8.263E-04  7.756E-04  7.278E-04
  313.5000  1.494E-02  1.450E-02  1.406E-02  1.362E-02  1.320E-02  1.278E-02  1.237E-02  1.197E-02  1.158E-02  1.119E-02  1.081E-02  1.044E-02  1.008E-02  9.722E-03  9.374E-03  9.035E-03  8.702E-03  8.376E-03  8.059E-03  7.749E-03  7.447E-03  7.152E-03  6.865E-03  6.585E-03  6.312E-03  6.047E-03  5.790E-03  5.540E-03  5.297E-03  5.061E-03  4.833E-03  4.612E-03  4.398E-03  4.191E-03  3.991E-03  3.797E-03  3.611E-03  3.432E-03  3.259E-03  3.092E-03  2.933E-03  2.779E-03  2.632E-03  2.491E-03  2.356E-03  2.227E-03  2.103E-03  1.985E-03  1.873E-03  1.766E-03  1.665E-03  1.568E-03  1.476E-03  1.388E-03  1.306E-03  1.227E-03  1.153E-03  1.082E-03  1.015E-03  9.523E-04  8.927E-04
  314.5000  1.866E-02  1.815E-02  1.765E-02  1.715E-02  1.666E-02  1.618E-02  1.571E-02  1.524E-02  1.478E-02  1.433E-02  1.389E-02  1.345E-02  1.302E-02  1.260E-02  1.219E-02  1.178E-02  1.139E-02  1.099E-02  1.061E-02  1.024E-02  9.868E-03  9.508E-03  9.155E-03  8.810E-03  8.472E-03  8.143E-03  7.822E-03  7.507E-03  7.200E-03  6.901E-03  6.610E-03  6.327E-03  6.051E-03  5.783E-03  5.522E-03  5.269E-03  5.023E-03  4.786E-03  4.556E-03  4.333E-03  4.117E-03  3.909E-03  3.708E-03  3.515E-03  3.328E-03  3.149E-03  2.977E-03  2.811E-03  2.653E-03  2.501E-03  2.356E-03  2.217E-03  2.084E-03  1.958E-03  1.838E-03  1.724E-03  1.615E-03  1.512E-03  1.415E-03  1.322E-03  1.235E-03
  315.5000  2.000E-02  1.946E-02  1.893E-02  1.840E-02  1.789E-02  1.738E-02  1.688E-02  1.638E-02  1.590E-02  1.542E-02  1.495E-02  1.449E-02  1.403E-02  1.358E-02  1.315E-02  1.271E-02  1.229E-02  1.187E-02  1.147E-02  1.107E-02  1.067E-02  1.029E-02  9.914E-03  9.545E-03  9.185E-03  8.832E-03  8.488E-03  8.151E-03  7.823E-03  7.502E-03  7.189E-03  6.885E-03  6.588E-03  6.300E-03  6.019E-03  5.746E-03  5.481E-03  5.225E-03  4.975E-03  4.734E-03  4.501E-03  4.275E-03  4.057E-03  3.847E-03  3.644E-03  3.449E-03  3.261E-03  3.081E-03  2.908E-03  2.742E-03  2.583E-03  2.431E-03  2.286E-03  2.148E-03  2.016E-03  1.891E-03  1.771E-03  1.658E-03  1.550E-03  1.448E-03  1.352E-03
  316.5000  2.370E-02  2.311E-02  2.253E-02  2.195E-02  2.139E-02  2.083E-02  2.027E-02  1.973E-02  1.919E-02  1.866E-02  1.813E-02  1.762E-02  1.711E-02  1.661E-02  1.611E-02  1.562E-02  1.514E-02  1.467E-02  1.421E-02  1.375E-02  1.330E-02  1.286E-02  1.242E-02  1.200E-02  1.158E-02  1.117E-02  1.076E-02  1.037E-02  9.981E-03  9.601E-03  9.229E-03  8.866E-03  8.510E-03  8.162E-03  7.822E-03  7.490E-03  7.167E-03  6.852E-03  6.545E-03  6.246E-03  5.955E-03  5.672E-03  5.397E-03  5.132E-03  4.874E-03  4.624E-03  4.382E-03  4.148E-03  3.924E-03  3.706E-03  3.497E-03  3.296E-03  3.102E-03  2.917E-03  2.740E-03  2.569E-03  2.407E-03  2.252E-03  2.104E-03  1.964E-03  1.831E-03
  317.5000  3.355E-02  3.272E-02  3.189E-02  3.108E-02  3.028E-02  2.948E-02  2.870E-02  2.793E-02  2.716E-02  2.641E-02  2.567E-02  2.494E-02  2.422E-02  2.350E-02  2.280E-02  2.211E-02  2.143E-02  2.076E-02  2.011E-02  1.946E-02  1.882E-02  1.820E-02  1.758E-02  1.698E-02  1.638E-02  1.580E-02  1.523E-02  1.467E-02  1.412E-02  1.358E-02  1.306E-02  1.254E-02  1.204E-02  1.155E-02  1.106E-02  1.060E-02  1.014E-02  9.692E-03  9.257E-03  8.833E-03  8.421E-03  8.021E-03  7.632E-03  7.257E-03  6.891E-03  6.538E-03  6.196E-03  5.865E-03  5.547E-03  5.240E-03  4.944E-03  4.659E-03  4.385E-03  4.123E-03  3.872E-03  3.632E-03  3.402E-03  3.183E-03  2.975E-03  2.776E-03  2.588E-03
  318.5000  3.097E-02  3.026E-02  2.956E-02  2.887E-02  2.819E-02  2.751E-02  2.684E-02  2.618E-02  2.552E-02  2.487E-02  2.423E-02  2.360E-02  2.297E-02  2.235E-02  2.174E-02  2.114E-02  2.054E-02  1.996E-02  1.938E-02  1.880E-02  1.824E-02  1.768E-02  1.714E-02  1.660E-02  1.606E-02  1.554E-02  1.503E-02  1.452E-02  1.402E-02  1.353E-02  1.305E-02  1.257E-02  1.211E-02  1.165E-02  1.120E-02  1.077E-02  1.034E-02  9.916E-03  9.504E-03  9.100E-03  8.706E-03  8.321E-03  7.946E-03  7.581E-03  7.224E-03  6.876E-03  6.538E-03  6.209E-03  5.891E-03  5.582E-03  5.282E-03  4.992E-03  4.711E-03  4.440E-03  4.180E-03  3.929E-03  3.687E-03  3.455E-03  3.232E-03  3.020E-03  2.817E-03
  319.5000  3.897E-02  3.810E-02  3.723E-02  3.638E-02  3.553E-02  3.469E-02  3.385E-02  3.303E-02  3.222E-02  3.141E-02  3.062E-02  2.983E-02  2.905E-02  2.828E-02  2.752E-02  2.677E-02  2.603E-02  2.530E-02  2.458E-02  2.386E-02  2.316E-02  2.247E-02  2.178E-02  2.111E-02  2.044E-02  1.979E-02  1.914E-02  1.851E-02  1.788E-02  1.727E-02  1.666E-02  1.607E-02  1.549E-02  1.491E-02  1.435E-02  1.380E-02  1.325E-02  1.272E-02  1.220E-02  1.169E-02  1.120E-02  1.071E-02  1.023E-02  9.770E-03  9.317E-03  8.876E-03  8.445E-03  8.027E-03  7.621E-03  7.226E-03  6.843E-03  6.472E-03  6.112E-03  5.765E-03  5.431E-03  5.107E-03  4.796E-03  4.497E-03  4.209E-03  3.934E-03  3.671E-03
  320.5000  4.923E-02  4.814E-02  4.707E-02  4.601E-02  4.496E-02  4.392E-02  4.289E-02  4.186E-02  4.085E-02  3.986E-02  3.887E-02  3.789E-02  3.692E-02  3.596E-02  3.502E-02  3.409E-02  3.316E-02  3.225E-02  3.135E-02  3.046E-02  2.958E-02  2.871E-02  2.786E-02  2.701E-02  2.618E-02  2.536E-02  2.455E-02  2.376E-02  2.297E-02  2.220E-02  2.144E-02  2.069E-02  1.996E-02  1.923E-02  1.852E-02  1.782E-02  1.714E-02  1.647E-02  1.581E-02  1.516E-02  1.453E-02  1.391E-02  1.330E-02  1.271E-02  1.213E-02  1.157E-02  1.102E-02  1.048E-02  9.962E-03  9.455E-03  8.961E-03  8.483E-03  8.018E-03  7.569E-03  7.136E-03  6.716E-03  6.312E-03  5.922E-03  5.547E-03  5.187E-03  4.843E-03
  321.5000  4.837E-02  4.740E-02  4.644E-02  4.548E-02  4.453E-02  4.359E-02  4.266E-02  4.173E-02  4.082E-02  3.991E-02  3.901E-02  3.812E-02  3.723E-02  3.636E-02  3.549E-02  3.463E-02  3.378E-02  3.294E-02  3.210E-02  3.128E-02  3.046E-02  2.965E-02  2.885E-02  2.806E-02  2.728E-02  2.651E-02  2.575E-02  2.499E-02  2.424E-02  2.351E-02  2.278E-02  2.206E-02  2.136E-02  2.066E-02  1.997E-02  1.929E-02  1.862E-02  1.796E-02  1.731E-02  1.667E-02  1.604E-02  1.542E-02  1.481E-02  1.422E-02  1.363E-02  1.305E-02  1.249E-02  1.194E-02  1.140E-02  1.087E-02  1.035E-02  9.842E-03  9.347E-03  8.866E-03  8.398E-03  7.941E-03  7.497E-03  7.066E-03  6.649E-03  6.244E-03  5.855E-03
  322.5000  4.357E-02  4.263E-02  4.170E-02  4.078E-02  3.986E-02  3.896E-02  3.806E-02  3.717E-02  3.629E-02  3.542E-02  3.456E-02  3.370E-02  3.286E-02  3.202E-02  3.120E-02  3.038E-02  2.957E-02  2.878E-02  2.799E-02  2.721E-02  2.644E-02  2.568E-02  2.493E-02  2.419E-02  2.346E-02  2.274E-02  2.203E-02  2.133E-02  2.064E-02  1.996E-02  1.929E-02  1.863E-02  1.798E-02  1.734E-02  1.671E-02  1.609E-02  1.549E-02  1.489E-02  1.431E-02  1.373E-02  1.317E-02  1.262E-02  1.208E-02  1.155E-02  1.104E-02  1.053E-02  1.004E-02  9.560E-03  9.093E-03  8.637E-03  8.193E-03  7.762E-03  7.343E-03  6.937E-03  6.546E-03  6.165E-03  5.798E-03  5.444E-03  5.103E-03  4.775E-03  4.461E-03
  323.5000  5.358E-02  5.255E-02  5.153E-02  5.051E-02  4.950E-02  4.850E-02  4.751E-02  4.652E-02  4.555E-02  4.458E-02  4.362E-02  4.266E-02  4.172E-02  4.078E-02  3.985E-02  3.893E-02  3.802E-02  3.711E-02  3.622E-02  3.533E-02  3.445E-02  3.358E-02  3.272E-02  3.186E-02  3.102E-02  3.018E-02  2.936E-02  2.854E-02  2.773E-02  2.693E-02  2.613E-02  2.535E-02  2.458E-02  2.382E-02  2.306E-02  2.231E-02  2.158E-02  2.085E-02  2.014E-02  1.943E-02  1.873E-02  1.805E-02  1.737E-02  1.671E-02  1.605E-02  1.541E-02  1.478E-02  1.415E-02  1.354E-02  1.294E-02  1.236E-02  1.178E-02  1.122E-02  1.067E-02  1.013E-02  9.602E-03  9.089E-03  8.589E-03  8.103E-03  7.630E-03  7.173E-03
  324.5000  6.252E-02  6.131E-02  6.010E-02  5.892E-02  5.773E-02  5.656E-02  5.539E-02  5.424E-02  5.309E-02  5.196E-02  5.083E-02  4.971E-02  4.860E-02  4.750E-02  4.641E-02  4.534E-02  4.427E-02  4.321E-02  4.216E-02  4.112E-02  4.009E-02  3.907E-02  3.806E-02  3.706E-02  3.607E-02  3.509E-02  3.413E-02  3.317E-02  3.222E-02  3.129E-02  3.036E-02  2.945E-02  2.854E-02  2.765E-02  2.677E-02  2.590E-02  2.504E-02  2.419E-02  2.335E-02  2.253E-02  2.172E-02  2.092E-02  2.013E-02  1.935E-02  1.859E-02  1.784E-02  1.710E-02  1.638E-02  1.567E-02  1.497E-02  1.429E-02  1.362E-02  1.296E-02  1.232E-02  1.170E-02  1.109E-02  1.049E-02  9.910E-03  9.345E-03  8.797E-03  8.267E-03
  325.5000  6.855E-02  6.720E-02  6.586E-02  6.453E-02  6.322E-02  6.191E-02  6.061E-02  5.932E-02  5.805E-02  5.679E-02  5.553E-02  5.429E-02  5.306E-02  5.184E-02  5.063E-02  4.943E-02  4.824E-02  4.707E-02  4.590E-02  4.475E-02  4.361E-02  4.248E-02  4.136E-02  4.025E-02  3.916E-02  3.808E-02  3.701E-02  3.595E-02  3.490E-02  3.387E-02  3.285E-02  3.184E-02  3.084E-02  2.986E-02  2.888E-02  2.793E-02  2.698E-02  2.605E-02  2.513E-02  2.422E-02  2.333E-02  2.245E-02  2.159E-02  2.074E-02  1.991E-02  1.909E-02  1.828E-02  1.749E-02  1.672E-02  1.596E-02  1.522E-02  1.449E-02  1.378E-02  1.308E-02  1.241E-02  1.174E-02  1.110E-02  1.048E-02  9.869E-03  9.279E-03  8.711E-03
  326.5000  9.344E-02  9.175E-02  9.007E-02  8.841E-02  8.675E-02  8.511E-02  8.348E-02  8.186E-02  8.025E-02  7.865E-02  7.707E-02  7.549E-02  7.393E-02  7.238E-02  7.084E-02  6.932E-02  6.780E-02  6.630E-02  6.481E-02  6.333E-02  6.187E-02  6.042E-02  5.898E-02  5.755E-02  5.613E-02  5.473E-02  5.334E-02  5.197E-02  5.060E-02  4.925E-02  4.791E-02  4.659E-02  4.527E-02  4.397E-02  4.269E-02  4.142E-02  4.016E-02  3.892E-02  3.768E-02  3.647E-02  3.526E-02  3.407E-02  3.290E-02  3.174E-02  3.060E-02  2.947E-02  2.836E-02  2.726E-02  2.618E-02  2.512E-02  2.407E-02  2.304E-02  2.202E-02  2.103E-02  2.005E-02  1.909E-02  1.815E-02  1.723E-02  1.633E-02  1.545E-02  1.459E-02
  327.5000  8.384E-02  8.228E-02  8.073E-02  7.919E-02  7.767E-02  7.615E-02  7.464E-02  7.315E-02  7.166E-02  7.020E-02  6.874E-02  6.729E-02  6.585E-02  6.442E-02  6.301E-02  6.161E-02  6.022E-02  5.884E-02  5.747E-02  5.612E-02  5.478E-02  5.345E-02  5.213E-02  5.082E-02  4.953E-02  4.824E-02  4.698E-02  4.572E-02  4.448E-02  4.324E-02  4.203E-02  4.082E-02  3.963E-02  3.845E-02  3.728E-02  3.613E-02  3.499E-02  3.386E-02  3.275E-02  3.165E-02  3.057E-02  2.950E-02  2.844E-02  2.740E-02  2.637E-02  2.536E-02  2.437E-02  2.338E-02  2.242E-02  2.147E-02  2.054E-02  1.963E-02  1.873E-02  1.785E-02  1.699E-02  1.614E-02  1.531E-02  1.451E-02  1.372E-02  1.295E-02  1.220E-02
  328.5000  7.759E-02  7.614E-02  7.471E-02  7.329E-02  7.187E-02  7.047E-02  6.908E-02  6.770E-02  6.632E-02  6.497E-02  6.361E-02  6.227E-02  6.094E-02  5.962E-02  5.832E-02  5.702E-02  5.574E-02  5.446E-02  5.320E-02  5.194E-02  5.070E-02  4.947E-02  4.825E-02  4.704E-02  4.585E-02  4.466E-02  4.349E-02  4.233E-02  4.117E-02  4.003E-02  3.891E-02  3.779E-02  3.669E-02  3.560E-02  3.452E-02  3.345E-02  3.240E-02  3.136E-02  3.033E-02  2.931E-02  2.830E-02  2.731E-02  2.634E-02  2.537E-02  2.442E-02  2.349E-02  2.256E-02  2.166E-02  2.077E-02  1.989E-02  1.902E-02  1.818E-02  1.734E-02  1.653E-02  1.573E-02  1.495E-02  1.418E-02  1.343E-02  1.270E-02  1.199E-02  1.130E-02
  329.5000  1.098E-01  1.079E-01  1.060E-01  1.041E-01  1.022E-01  1.004E-01  9.851E-02  9.667E-02  9.484E-02  9.304E-02  9.124E-02  8.945E-02  8.767E-02  8.591E-02  8.416E-02  8.243E-02  8.070E-02  7.899E-02  7.729E-02  7.561E-02  7.394E-02  7.228E-02  7.063E-02  6.900E-02  6.738E-02  6.577E-02  6.418E-02  6.260E-02  6.104E-02  5.949E-02  5.795E-02  5.643E-02  5.491E-02  5.342E-02  5.193E-02  5.046E-02  4.900E-02  4.757E-02  4.614E-02  4.473E-02  4.333E-02  4.195E-02  4.058E-02  3.923E-02  3.789E-02  3.657E-02  3.526E-02  3.397E-02  3.270E-02  3.144E-02  3.020E-02  2.898E-02  2.778E-02  2.659E-02  2.542E-02  2.428E-02  2.315E-02  2.204E-02  2.095E-02  1.988E-02  1.883E-02
  330.5000  9.638E-02  9.465E-02  9.293E-02  9.123E-02  8.954E-02  8.786E-02  8.619E-02  8.453E-02  8.288E-02  8.125E-02  7.963E-02  7.802E-02  7.642E-02  7.483E-02  7.326E-02  7.170E-02  7.015E-02  6.861E-02  6.708E-02  6.557E-02  6.407E-02  6.259E-02  6.111E-02  5.965E-02  5.820E-02  5.676E-02  5.534E-02  5.393E-02  5.253E-02  5.114E-02  4.977E-02  4.841E-02  4.706E-02  4.573E-02  4.441E-02  4.310E-02  4.181E-02  4.053E-02  3.927E-02  3.802E-02  3.678E-02  3.556E-02  3.435E-02  3.316E-02  3.198E-02  3.082E-02  2.967E-02  2.854E-02  2.742E-02  2.632E-02  2.524E-02  2.417E-02  2.312E-02  2.209E-02  2.108E-02  2.009E-02  1.911E-02  1.815E-02  1.722E-02  1.630E-02  1.541E-02
  331.5000  9.463E-02  9.292E-02  9.123E-02  8.955E-02  8.788E-02  8.621E-02  8.456E-02  8.293E-02  8.130E-02  7.969E-02  7.809E-02  7.650E-02  7.492E-02  7.335E-02  7.180E-02  7.026E-02  6.873E-02  6.721E-02  6.571E-02  6.422E-02  6.274E-02  6.127E-02  5.982E-02  5.837E-02  5.694E-02  5.553E-02  5.413E-02  5.274E-02  5.136E-02  4.999E-02  4.864E-02  4.730E-02  4.598E-02  4.466E-02  4.336E-02  4.208E-02  4.081E-02  3.955E-02  3.831E-02  3.707E-02  3.586E-02  3.466E-02  3.347E-02  3.230E-02  3.114E-02  3.000E-02  2.887E-02  2.776E-02  2.667E-02  2.559E-02  2.453E-02  2.348E-02  2.245E-02  2.144E-02  2.045E-02  1.948E-02  1.852E-02  1.759E-02  1.667E-02  1.578E-02  1.490E-02
  332.5000  9.928E-02  9.757E-02  9.588E-02  9.420E-02  9.253E-02  9.086E-02  8.921E-02  8.757E-02  8.594E-02  8.433E-02  8.272E-02  8.113E-02  7.954E-02  7.797E-02  7.640E-02  7.486E-02  7.332E-02  7.179E-02  7.027E-02  6.876E-02  6.727E-02  6.579E-02  6.432E-02  6.286E-02  6.141E-02  5.997E-02  5.855E-02  5.714E-02  5.574E-02  5.434E-02  5.297E-02  5.160E-02  5.025E-02  4.891E-02  4.757E-02  4.626E-02  4.495E-02  4.366E-02  4.238E-02  4.111E-02  3.985E-02  3.861E-02  3.737E-02  3.616E-02  3.495E-02  3.376E-02  3.258E-02  3.142E-02  3.027E-02  2.913E-02  2.801E-02  2.690E-02  2.581E-02  2.474E-02  2.368E-02  2.263E-02  2.160E-02  2.059E-02  1.960E-02  1.862E-02  1.767E-02
  333.5000  9.091E-02  8.931E-02  8.773E-02  8.616E-02  8.459E-02  8.303E-02  8.149E-02  7.996E-02  7.843E-02  7.692E-02  7.542E-02  7.393E-02  7.245E-02  7.098E-02  6.952E-02  6.808E-02  6.664E-02  6.522E-02  6.380E-02  6.240E-02  6.101E-02  5.963E-02  5.826E-02  5.690E-02  5.555E-02  5.422E-02  5.290E-02  5.158E-02  5.028E-02  4.899E-02  4.771E-02  4.645E-02  4.519E-02  4.395E-02  4.272E-02  4.150E-02  4.029E-02  3.909E-02  3.791E-02  3.674E-02  3.558E-02  3.443E-02  3.330E-02  3.218E-02  3.107E-02  2.998E-02  2.890E-02  2.783E-02  2.678E-02  2.574E-02  2.471E-02  2.370E-02  2.271E-02  2.172E-02  2.076E-02  1.981E-02  1.888E-02  1.797E-02  1.707E-02  1.619E-02  1.533E-02
  334.5000  1.031E-01  1.013E-01  9.950E-02  9.774E-02  9.598E-02  9.424E-02  9.251E-02  9.078E-02  8.907E-02  8.738E-02  8.569E-02  8.402E-02  8.236E-02  8.071E-02  7.907E-02  7.745E-02  7.583E-02  7.423E-02  7.264E-02  7.106E-02  6.950E-02  6.795E-02  6.641E-02  6.488E-02  6.336E-02  6.186E-02  6.037E-02  5.890E-02  5.743E-02  5.598E-02  5.454E-02  5.311E-02  5.170E-02  5.030E-02  4.891E-02  4.753E-02  4.617E-02  4.482E-02  4.349E-02  4.216E-02  4.085E-02  3.956E-02  3.828E-02  3.701E-02  3.576E-02  3.452E-02  3.329E-02  3.208E-02  3.089E-02  2.971E-02  2.855E-02  2.740E-02  2.627E-02  2.515E-02  2.406E-02  2.298E-02  2.192E-02  2.087E-02  1.985E-02  1.884E-02  1.786E-02
  335.5000  1.077E-01  1.059E-01  1.041E-01  1.023E-01  1.005E-01  9.870E-02  9.693E-02  9.517E-02  9.342E-02  9.169E-02  8.997E-02  8.826E-02  8.656E-02  8.487E-02  8.319E-02  8.153E-02  7.988E-02  7.824E-02  7.661E-02  7.499E-02  7.339E-02  7.180E-02  7.022E-02  6.865E-02  6.710E-02  6.555E-02  6.403E-02  6.251E-02  6.100E-02  5.951E-02  5.802E-02  5.656E-02  5.510E-02  5.365E-02  5.222E-02  5.080E-02  4.939E-02  4.800E-02  4.662E-02  4.525E-02  4.390E-02  4.255E-02  4.123E-02  3.991E-02  3.861E-02  3.732E-02  3.605E-02  3.479E-02  3.354E-02  3.231E-02  3.109E-02  2.989E-02  2.871E-02  2.753E-02  2.638E-02  2.524E-02  2.412E-02  2.302E-02  2.193E-02  2.087E-02  1.982E-02
  336.5000  8.356E-02  8.213E-02  8.071E-02  7.931E-02  7.791E-02  7.651E-02  7.513E-02  7.376E-02  7.239E-02  7.104E-02  6.969E-02  6.835E-02  6.703E-02  6.571E-02  6.440E-02  6.310E-02  6.181E-02  6.053E-02  5.926E-02  5.800E-02  5.675E-02  5.551E-02  5.427E-02  5.305E-02  5.184E-02  5.063E-02  4.944E-02  4.826E-02  4.708E-02  4.592E-02  4.476E-02  4.362E-02  4.249E-02  4.136E-02  4.024E-02  3.914E-02  3.804E-02  3.696E-02  3.589E-02  3.482E-02  3.377E-02  3.272E-02  3.169E-02  3.067E-02  2.966E-02  2.866E-02  2.767E-02  2.669E-02  2.572E-02  2.477E-02  2.382E-02  2.289E-02  2.197E-02  2.106E-02  2.017E-02  1.929E-02  1.842E-02  1.757E-02  1.673E-02  1.590E-02  1.510E-02
  337.5000  8.992E-02  8.836E-02  8.680E-02  8.526E-02  8.373E-02  8.221E-02  8.069E-02  7.919E-02  7.769E-02  7.622E-02  7.474E-02  7.328E-02  7.183E-02  7.039E-02  6.896E-02  6.754E-02  6.613E-02  6.473E-02  6.335E-02  6.197E-02  6.061E-02  5.925E-02  5.791E-02  5.657E-02  5.525E-02  5.394E-02  5.264E-02  5.135E-02  5.007E-02  4.881E-02  4.755E-02  4.631E-02  4.507E-02  4.385E-02  4.264E-02  4.144E-02  4.025E-02  3.908E-02  3.791E-02  3.676E-02  3.562E-02  3.449E-02  3.337E-02  3.227E-02  3.117E-02  3.009E-02  2.903E-02  2.797E-02  2.693E-02  2.590E-02  2.489E-02  2.389E-02  2.290E-02  2.193E-02  2.097E-02  2.003E-02  1.910E-02  1.819E-02  1.730E-02  1.642E-02  1.556E-02
  338.5000  9.799E-02  9.633E-02  9.468E-02  9.304E-02  9.141E-02  8.979E-02  8.818E-02  8.658E-02  8.499E-02  8.342E-02  8.185E-02  8.029E-02  7.875E-02  7.721E-02  7.569E-02  7.418E-02  7.267E-02  7.118E-02  6.970E-02  6.823E-02  6.678E-02  6.533E-02  6.389E-02  6.247E-02  6.105E-02  5.965E-02  5.826E-02  5.688E-02  5.551E-02  5.415E-02  5.281E-02  5.148E-02  5.015E-02  4.884E-02  4.754E-02  4.625E-02  4.497E-02  4.370E-02  4.245E-02  4.121E-02  3.997E-02  3.875E-02  3.754E-02  3.635E-02  3.517E-02  3.400E-02  3.284E-02  3.169E-02  3.056E-02  2.944E-02  2.834E-02  2.724E-02  2.616E-02  2.510E-02  2.405E-02  2.302E-02  2.200E-02  2.099E-02  2.000E-02  1.903E-02  1.808E-02
  339.5000  1.071E-01  1.053E-01  1.035E-01  1.017E-01  9.990E-02  9.813E-02  9.638E-02  9.464E-02  9.291E-02  9.119E-02  8.948E-02  8.779E-02  8.610E-02  8.443E-02  8.277E-02  8.112E-02  7.949E-02  7.786E-02  7.625E-02  7.465E-02  7.306E-02  7.148E-02  6.992E-02  6.836E-02  6.682E-02  6.529E-02  6.378E-02  6.228E-02  6.078E-02  5.930E-02  5.784E-02  5.638E-02  5.494E-02  5.351E-02  5.209E-02  5.068E-02  4.929E-02  4.791E-02  4.654E-02  4.519E-02  4.384E-02  4.251E-02  4.119E-02  3.989E-02  3.860E-02  3.732E-02  3.606E-02  3.480E-02  3.357E-02  3.235E-02  3.114E-02  2.995E-02  2.877E-02  2.760E-02  2.646E-02  2.533E-02  2.421E-02  2.311E-02  2.203E-02  2.096E-02  1.992E-02
  340.5000  1.133E-01  1.114E-01  1.094E-01  1.075E-01  1.056E-01  1.037E-01  1.019E-01  1.000E-01  9.816E-02  9.632E-02  9.450E-02  9.269E-02  9.089E-02  8.910E-02  8.733E-02  8.558E-02  8.383E-02  8.209E-02  8.037E-02  7.867E-02  7.698E-02  7.529E-02  7.362E-02  7.197E-02  7.033E-02  6.870E-02  6.709E-02  6.548E-02  6.389E-02  6.232E-02  6.075E-02  5.921E-02  5.767E-02  5.615E-02  5.464E-02  5.314E-02  5.166E-02  5.020E-02  4.874E-02  4.730E-02  4.588E-02  4.446E-02  4.306E-02  4.168E-02  4.031E-02  3.896E-02  3.762E-02  3.629E-02  3.498E-02  3.369E-02  3.241E-02  3.115E-02  2.990E-02  2.867E-02  2.746E-02  2.627E-02  2.509E-02  2.393E-02  2.279E-02  2.167E-02  2.058E-02
  341.5000  1.023E-01  1.006E-01  9.887E-02  9.718E-02  9.548E-02  9.380E-02  9.213E-02  9.047E-02  8.882E-02  8.718E-02  8.556E-02  8.394E-02  8.233E-02  8.074E-02  7.916E-02  7.759E-02  7.603E-02  7.448E-02  7.294E-02  7.142E-02  6.991E-02  6.840E-02  6.691E-02  6.543E-02  6.396E-02  6.251E-02  6.107E-02  5.963E-02  5.821E-02  5.680E-02  5.540E-02  5.402E-02  5.264E-02  5.128E-02  4.992E-02  4.858E-02  4.725E-02  4.594E-02  4.463E-02  4.334E-02  4.206E-02  4.079E-02  3.953E-02  3.829E-02  3.706E-02  3.584E-02  3.463E-02  3.344E-02  3.226E-02  3.109E-02  2.994E-02  2.880E-02  2.767E-02  2.656E-02  2.547E-02  2.438E-02  2.332E-02  2.226E-02  2.123E-02  2.021E-02  1.921E-02
  342.5000  1.138E-01  1.119E-01  1.100E-01  1.081E-01  1.062E-01  1.043E-01  1.025E-01  1.006E-01  9.879E-02  9.698E-02  9.517E-02  9.338E-02  9.160E-02  8.983E-02  8.807E-02  8.633E-02  8.460E-02  8.288E-02  8.118E-02  7.948E-02  7.781E-02  7.614E-02  7.448E-02  7.284E-02  7.121E-02  6.959E-02  6.799E-02  6.640E-02  6.482E-02  6.326E-02  6.170E-02  6.017E-02  5.864E-02  5.712E-02  5.562E-02  5.413E-02  5.266E-02  5.120E-02  4.975E-02  4.831E-02  4.689E-02  4.548E-02  4.409E-02  4.271E-02  4.134E-02  3.998E-02  3.864E-02  3.731E-02  3.601E-02  3.471E-02  3.343E-02  3.216E-02  3.091E-02  2.967E-02  2.845E-02  2.725E-02  2.606E-02  2.489E-02  2.374E-02  2.260E-02  2.149E-02
  343.5000  1.177E-01  1.157E-01  1.137E-01  1.117E-01  1.098E-01  1.078E-01  1.059E-01  1.040E-01  1.021E-01  1.002E-01  9.832E-02  9.646E-02  9.461E-02  9.277E-02  9.095E-02  8.914E-02  8.734E-02  8.556E-02  8.379E-02  8.203E-02  8.029E-02  7.855E-02  7.684E-02  7.513E-02  7.344E-02  7.176E-02  7.010E-02  6.845E-02  6.681E-02  6.519E-02  6.358E-02  6.198E-02  6.040E-02  5.883E-02  5.727E-02  5.573E-02  5.420E-02  5.269E-02  5.119E-02  4.970E-02  4.823E-02  4.677E-02  4.532E-02  4.389E-02  4.247E-02  4.107E-02  3.968E-02  3.831E-02  3.696E-02  3.562E-02  3.429E-02  3.298E-02  3.168E-02  3.040E-02  2.915E-02  2.790E-02  2.668E-02  2.547E-02  2.428E-02  2.311E-02  2.196E-02
  344.5000  8.205E-02  8.065E-02  7.926E-02  7.789E-02  7.652E-02  7.516E-02  7.381E-02  7.247E-02  7.113E-02  6.981E-02  6.850E-02  6.719E-02  6.589E-02  6.460E-02  6.332E-02  6.206E-02  6.080E-02  5.955E-02  5.831E-02  5.708E-02  5.586E-02  5.464E-02  5.344E-02  5.225E-02  5.106E-02  4.989E-02  4.873E-02  4.757E-02  4.642E-02  4.529E-02  4.416E-02  4.305E-02  4.194E-02  4.084E-02  3.975E-02  3.867E-02  3.760E-02  3.655E-02  3.550E-02  3.446E-02  3.343E-02  3.241E-02  3.140E-02  3.040E-02  2.941E-02  2.843E-02  2.746E-02  2.650E-02  2.556E-02  2.462E-02  2.370E-02  2.278E-02  2.188E-02  2.099E-02  2.012E-02  1.925E-02  1.840E-02  1.756E-02  1.673E-02  1.592E-02  1.512E-02
  345.5000  1.142E-01  1.123E-01  1.104E-01  1.085E-01  1.066E-01  1.048E-01  1.029E-01  1.011E-01  9.922E-02  9.741E-02  9.560E-02  9.380E-02  9.201E-02  9.024E-02  8.848E-02  8.674E-02  8.500E-02  8.328E-02  8.157E-02  7.987E-02  7.820E-02  7.652E-02  7.487E-02  7.322E-02  7.159E-02  6.997E-02  6.837E-02  6.677E-02  6.519E-02  6.362E-02  6.207E-02  6.053E-02  5.900E-02  5.748E-02  5.598E-02  5.449E-02  5.301E-02  5.155E-02  5.010E-02  4.866E-02  4.723E-02  4.582E-02  4.442E-02  4.304E-02  4.167E-02  4.031E-02  3.897E-02  3.764E-02  3.632E-02  3.502E-02  3.374E-02  3.246E-02  3.121E-02  2.997E-02  2.875E-02  2.754E-02  2.634E-02  2.517E-02  2.401E-02  2.287E-02  2.175E-02
  346.5000  1.060E-01  1.042E-01  1.024E-01  1.006E-01  9.887E-02  9.712E-02  9.538E-02  9.365E-02  9.194E-02  9.024E-02  8.855E-02  8.687E-02  8.520E-02  8.354E-02  8.189E-02  8.027E-02  7.864E-02  7.704E-02  7.544E-02  7.385E-02  7.228E-02  7.072E-02  6.918E-02  6.764E-02  6.612E-02  6.460E-02  6.311E-02  6.162E-02  6.014E-02  5.868E-02  5.723E-02  5.580E-02  5.437E-02  5.296E-02  5.156E-02  5.017E-02  4.879E-02  4.743E-02  4.608E-02  4.474E-02  4.341E-02  4.210E-02  4.080E-02  3.951E-02  3.824E-02  3.697E-02  3.572E-02  3.449E-02  3.327E-02  3.206E-02  3.087E-02  2.969E-02  2.852E-02  2.737E-02  2.624E-02  2.512E-02  2.402E-02  2.293E-02  2.186E-02  2.081E-02  1.977E-02
  347.5000  1.038E-01  1.020E-01  1.003E-01  9.852E-02  9.680E-02  9.509E-02  9.338E-02  9.169E-02  9.001E-02  8.835E-02  8.669E-02  8.505E-02  8.342E-02  8.180E-02  8.019E-02  7.859E-02  7.701E-02  7.543E-02  7.387E-02  7.232E-02  7.078E-02  6.926E-02  6.774E-02  6.624E-02  6.475E-02  6.327E-02  6.180E-02  6.035E-02  5.891E-02  5.747E-02  5.606E-02  5.465E-02  5.326E-02  5.187E-02  5.050E-02  4.914E-02  4.780E-02  4.647E-02  4.514E-02  4.383E-02  4.254E-02  4.125E-02  3.998E-02  3.872E-02  3.747E-02  3.624E-02  3.501E-02  3.381E-02  3.261E-02  3.143E-02  3.026E-02  2.911E-02  2.797E-02  2.684E-02  2.573E-02  2.464E-02  2.356E-02  2.249E-02  2.144E-02  2.041E-02  1.940E-02
  348.5000  1.145E-01  1.126E-01  1.107E-01  1.087E-01  1.068E-01  1.050E-01  1.031E-01  1.012E-01  9.938E-02  9.755E-02  9.572E-02  9.391E-02  9.211E-02  9.033E-02  8.856E-02  8.680E-02  8.505E-02  8.332E-02  8.160E-02  7.989E-02  7.820E-02  7.652E-02  7.485E-02  7.320E-02  7.155E-02  6.992E-02  6.831E-02  6.671E-02  6.512E-02  6.354E-02  6.198E-02  6.044E-02  5.890E-02  5.737E-02  5.586E-02  5.437E-02  5.288E-02  5.142E-02  4.996E-02  4.852E-02  4.709E-02  4.567E-02  4.427E-02  4.288E-02  4.151E-02  4.014E-02  3.880E-02  3.746E-02  3.615E-02  3.485E-02  3.356E-02  3.228E-02  3.102E-02  2.978E-02  2.856E-02  2.735E-02  2.615E-02  2.498E-02  2.382E-02  2.268E-02  2.156E-02
  349.5000  9.600E-02  9.438E-02  9.277E-02  9.117E-02  8.958E-02  8.799E-02  8.642E-02  8.486E-02  8.331E-02  8.177E-02  8.024E-02  7.872E-02  7.721E-02  7.571E-02  7.423E-02  7.275E-02  7.129E-02  6.983E-02  6.839E-02  6.696E-02  6.554E-02  6.413E-02  6.273E-02  6.134E-02  5.996E-02  5.860E-02  5.725E-02  5.590E-02  5.457E-02  5.325E-02  5.194E-02  5.064E-02  4.935E-02  4.807E-02  4.681E-02  4.555E-02  4.431E-02  4.308E-02  4.186E-02  4.065E-02  3.945E-02  3.826E-02  3.709E-02  3.592E-02  3.477E-02  3.363E-02  3.250E-02  3.138E-02  3.028E-02  2.919E-02  2.811E-02  2.704E-02  2.599E-02  2.494E-02  2.392E-02  2.291E-02  2.191E-02  2.092E-02  1.995E-02  1.899E-02  1.806E-02
  350.5000  1.346E-01  1.324E-01  1.301E-01  1.279E-01  1.256E-01  1.234E-01  1.212E-01  1.190E-01  1.168E-01  1.147E-01  1.125E-01  1.104E-01  1.083E-01  1.062E-01  1.041E-01  1.020E-01  9.998E-02  9.794E-02  9.592E-02  9.391E-02  9.192E-02  8.994E-02  8.798E-02  8.604E-02  8.410E-02  8.219E-02  8.030E-02  7.841E-02  7.654E-02  7.469E-02  7.285E-02  7.104E-02  6.923E-02  6.744E-02  6.566E-02  6.391E-02  6.216E-02  6.044E-02  5.873E-02  5.703E-02  5.535E-02  5.369E-02  5.204E-02  5.041E-02  4.880E-02  4.720E-02  4.561E-02  4.405E-02  4.250E-02  4.097E-02  3.945E-02  3.796E-02  3.648E-02  3.502E-02  3.358E-02  3.216E-02  3.076E-02  2.938E-02  2.801E-02  2.667E-02  2.536E-02
  351.5000  1.160E-01  1.140E-01  1.121E-01  1.101E-01  1.082E-01  1.063E-01  1.044E-01  1.025E-01  1.006E-01  9.877E-02  9.692E-02  9.508E-02  9.326E-02  9.145E-02  8.965E-02  8.787E-02  8.609E-02  8.433E-02  8.259E-02  8.086E-02  7.914E-02  7.744E-02  7.575E-02  7.407E-02  7.240E-02  7.075E-02  6.912E-02  6.749E-02  6.588E-02  6.428E-02  6.270E-02  6.113E-02  5.958E-02  5.803E-02  5.650E-02  5.499E-02  5.349E-02  5.200E-02  5.053E-02  4.906E-02  4.762E-02  4.618E-02  4.476E-02  4.336E-02  4.197E-02  4.059E-02  3.922E-02  3.788E-02  3.655E-02  3.523E-02  3.392E-02  3.263E-02  3.136E-02  3.010E-02  2.886E-02  2.764E-02  2.643E-02  2.524E-02  2.407E-02  2.291E-02  2.178E-02
  352.5000  1.048E-01  1.030E-01  1.013E-01  9.953E-02  9.779E-02  9.606E-02  9.434E-02  9.263E-02  9.094E-02  8.926E-02  8.759E-02  8.593E-02  8.428E-02  8.264E-02  8.102E-02  7.941E-02  7.781E-02  7.622E-02  7.464E-02  7.308E-02  7.153E-02  6.999E-02  6.846E-02  6.695E-02  6.544E-02  6.395E-02  6.248E-02  6.101E-02  5.955E-02  5.811E-02  5.668E-02  5.527E-02  5.386E-02  5.247E-02  5.109E-02  4.972E-02  4.836E-02  4.702E-02  4.569E-02  4.437E-02  4.306E-02  4.177E-02  4.048E-02  3.922E-02  3.796E-02  3.672E-02  3.548E-02  3.427E-02  3.306E-02  3.187E-02  3.069E-02  2.953E-02  2.838E-02  2.724E-02  2.612E-02  2.502E-02  2.393E-02  2.285E-02  2.179E-02  2.075E-02  1.973E-02
  353.5000  1.265E-01  1.243E-01  1.222E-01  1.201E-01  1.180E-01  1.159E-01  1.139E-01  1.118E-01  1.098E-01  1.077E-01  1.057E-01  1.037E-01  1.017E-01  9.976E-02  9.780E-02  9.586E-02  9.393E-02  9.201E-02  9.011E-02  8.823E-02  8.636E-02  8.450E-02  8.266E-02  8.083E-02  7.902E-02  7.722E-02  7.544E-02  7.368E-02  7.192E-02  7.018E-02  6.846E-02  6.675E-02  6.506E-02  6.338E-02  6.171E-02  6.006E-02  5.843E-02  5.681E-02  5.521E-02  5.362E-02  5.204E-02  5.048E-02  4.893E-02  4.740E-02  4.589E-02  4.439E-02  4.290E-02  4.143E-02  3.998E-02  3.855E-02  3.713E-02  3.572E-02  3.433E-02  3.296E-02  3.161E-02  3.028E-02  2.896E-02  2.766E-02  2.638E-02  2.512E-02  2.389E-02
  354.5000  1.372E-01  1.349E-01  1.326E-01  1.303E-01  1.280E-01  1.258E-01  1.235E-01  1.213E-01  1.191E-01  1.169E-01  1.147E-01  1.125E-01  1.104E-01  1.082E-01  1.061E-01  1.040E-01  1.019E-01  9.983E-02  9.777E-02  9.573E-02  9.371E-02  9.169E-02  8.970E-02  8.772E-02  8.575E-02  8.380E-02  8.187E-02  7.996E-02  7.806E-02  7.617E-02  7.430E-02  7.246E-02  7.062E-02  6.880E-02  6.699E-02  6.521E-02  6.343E-02  6.168E-02  5.994E-02  5.822E-02  5.651E-02  5.482E-02  5.314E-02  5.149E-02  4.984E-02  4.822E-02  4.661E-02  4.501E-02  4.344E-02  4.188E-02  4.034E-02  3.882E-02  3.732E-02  3.583E-02  3.437E-02  3.292E-02  3.149E-02  3.008E-02  2.869E-02  2.733E-02  2.599E-02
  355.5000  1.283E-01  1.262E-01  1.240E-01  1.219E-01  1.198E-01  1.176E-01  1.155E-01  1.135E-01  1.114E-01  1.093E-01  1.073E-01  1.052E-01  1.032E-01  1.012E-01  9.925E-02  9.728E-02  9.532E-02  9.338E-02  9.145E-02  8.954E-02  8.765E-02  8.576E-02  8.389E-02  8.204E-02  8.020E-02  7.838E-02  7.658E-02  7.478E-02  7.301E-02  7.124E-02  6.950E-02  6.777E-02  6.605E-02  6.435E-02  6.266E-02  6.099E-02  5.933E-02  5.769E-02  5.606E-02  5.445E-02  5.285E-02  5.127E-02  4.970E-02  4.816E-02  4.662E-02  4.510E-02  4.359E-02  4.211E-02  4.064E-02  3.918E-02  3.774E-02  3.631E-02  3.491E-02  3.352E-02  3.215E-02  3.079E-02  2.946E-02  2.814E-02  2.684E-02  2.557E-02  2.431E-02
  356.5000  1.192E-01  1.172E-01  1.152E-01  1.132E-01  1.112E-01  1.093E-01  1.073E-01  1.054E-01  1.034E-01  1.015E-01  9.962E-02  9.774E-02  9.586E-02  9.400E-02  9.216E-02  9.033E-02  8.851E-02  8.671E-02  8.491E-02  8.314E-02  8.138E-02  7.963E-02  7.789E-02  7.617E-02  7.447E-02  7.277E-02  7.110E-02  6.943E-02  6.778E-02  6.614E-02  6.452E-02  6.292E-02  6.132E-02  5.974E-02  5.817E-02  5.662E-02  5.508E-02  5.356E-02  5.205E-02  5.055E-02  4.907E-02  4.760E-02  4.614E-02  4.471E-02  4.328E-02  4.187E-02  4.047E-02  3.909E-02  3.772E-02  3.637E-02  3.503E-02  3.371E-02  3.240E-02  3.111E-02  2.984E-02  2.859E-02  2.735E-02  2.612E-02  2.492E-02  2.373E-02  2.257E-02
  357.5000  1.014E-01  9.970E-02  9.800E-02  9.631E-02  9.462E-02  9.295E-02  9.129E-02  8.963E-02  8.799E-02  8.637E-02  8.475E-02  8.314E-02  8.155E-02  7.997E-02  7.839E-02  7.684E-02  7.529E-02  7.375E-02  7.223E-02  7.072E-02  6.922E-02  6.773E-02  6.625E-02  6.479E-02  6.333E-02  6.189E-02  6.047E-02  5.905E-02  5.764E-02  5.625E-02  5.487E-02  5.350E-02  5.215E-02  5.080E-02  4.947E-02  4.815E-02  4.684E-02  4.554E-02  4.426E-02  4.298E-02  4.172E-02  4.047E-02  3.924E-02  3.801E-02  3.680E-02  3.560E-02  3.441E-02  3.323E-02  3.207E-02  3.092E-02  2.979E-02  2.866E-02  2.755E-02  2.645E-02  2.537E-02  2.430E-02  2.325E-02  2.221E-02  2.118E-02  2.017E-02  1.919E-02
  358.5000  7.839E-02  7.706E-02  7.574E-02  7.443E-02  7.313E-02  7.184E-02  7.055E-02  6.928E-02  6.801E-02  6.675E-02  6.550E-02  6.426E-02  6.303E-02  6.180E-02  6.059E-02  5.939E-02  5.819E-02  5.700E-02  5.583E-02  5.466E-02  5.350E-02  5.235E-02  5.121E-02  5.008E-02  4.895E-02  4.784E-02  4.674E-02  4.564E-02  4.456E-02  4.348E-02  4.241E-02  4.136E-02  4.031E-02  3.927E-02  3.824E-02  3.722E-02  3.621E-02  3.521E-02  3.422E-02  3.323E-02  3.226E-02  3.129E-02  3.034E-02  2.939E-02  2.846E-02  2.753E-02  2.661E-02  2.570E-02  2.481E-02  2.392E-02  2.304E-02  2.217E-02  2.131E-02  2.046E-02  1.963E-02  1.880E-02  1.799E-02  1.718E-02  1.639E-02  1.561E-02  1.485E-02
  359.5000  1.320E-01  1.298E-01  1.276E-01  1.254E-01  1.232E-01  1.210E-01  1.188E-01  1.167E-01  1.145E-01  1.124E-01  1.103E-01  1.082E-01  1.062E-01  1.041E-01  1.020E-01  1.000E-01  9.800E-02  9.600E-02  9.402E-02  9.205E-02  9.010E-02  8.816E-02  8.624E-02  8.433E-02  8.244E-02  8.056E-02  7.871E-02  7.686E-02  7.503E-02  7.322E-02  7.142E-02  6.965E-02  6.788E-02  6.613E-02  6.439E-02  6.267E-02  6.097E-02  5.929E-02  5.762E-02  5.596E-02  5.432E-02  5.269E-02  5.108E-02  4.949E-02  4.792E-02  4.635E-02  4.481E-02  4.328E-02  4.177E-02  4.027E-02  3.879E-02  3.733E-02  3.589E-02  3.446E-02  3.305E-02  3.166E-02  3.029E-02  2.894E-02  2.760E-02  2.629E-02  2.500E-02
  360.5000  1.225E-01  1.204E-01  1.184E-01  1.163E-01  1.143E-01  1.123E-01  1.102E-01  1.082E-01  1.063E-01  1.043E-01  1.023E-01  1.004E-01  9.848E-02  9.656E-02  9.466E-02  9.278E-02  9.091E-02  8.905E-02  8.721E-02  8.538E-02  8.358E-02  8.178E-02  7.999E-02  7.822E-02  7.647E-02  7.473E-02  7.301E-02  7.129E-02  6.960E-02  6.792E-02  6.625E-02  6.460E-02  6.296E-02  6.134E-02  5.973E-02  5.813E-02  5.655E-02  5.499E-02  5.344E-02  5.190E-02  5.038E-02  4.888E-02  4.738E-02  4.591E-02  4.445E-02  4.300E-02  4.156E-02  4.015E-02  3.875E-02  3.736E-02  3.599E-02  3.463E-02  3.329E-02  3.196E-02  3.066E-02  2.937E-02  2.810E-02  2.684E-02  2.561E-02  2.439E-02  2.319E-02
  361.5000  1.106E-01  1.087E-01  1.068E-01  1.050E-01  1.032E-01  1.013E-01  9.952E-02  9.772E-02  9.593E-02  9.416E-02  9.239E-02  9.064E-02  8.890E-02  8.717E-02  8.545E-02  8.376E-02  8.207E-02  8.039E-02  7.873E-02  7.708E-02  7.544E-02  7.382E-02  7.221E-02  7.061E-02  6.903E-02  6.746E-02  6.590E-02  6.436E-02  6.283E-02  6.131E-02  5.981E-02  5.832E-02  5.684E-02  5.537E-02  5.392E-02  5.248E-02  5.106E-02  4.965E-02  4.825E-02  4.686E-02  4.549E-02  4.413E-02  4.278E-02  4.145E-02  4.013E-02  3.883E-02  3.753E-02  3.625E-02  3.499E-02  3.374E-02  3.250E-02  3.128E-02  3.007E-02  2.887E-02  2.769E-02  2.653E-02  2.538E-02  2.425E-02  2.313E-02  2.203E-02  2.096E-02
  362.5000  1.300E-01  1.278E-01  1.256E-01  1.234E-01  1.213E-01  1.191E-01  1.170E-01  1.149E-01  1.128E-01  1.107E-01  1.086E-01  1.065E-01  1.045E-01  1.025E-01  1.005E-01  9.846E-02  9.647E-02  9.450E-02  9.254E-02  9.060E-02  8.868E-02  8.677E-02  8.488E-02  8.300E-02  8.114E-02  7.929E-02  7.747E-02  7.565E-02  7.385E-02  7.207E-02  7.030E-02  6.855E-02  6.681E-02  6.509E-02  6.338E-02  6.169E-02  6.002E-02  5.836E-02  5.672E-02  5.509E-02  5.347E-02  5.188E-02  5.029E-02  4.873E-02  4.718E-02  4.564E-02  4.412E-02  4.262E-02  4.114E-02  3.967E-02  3.821E-02  3.677E-02  3.535E-02  3.395E-02  3.256E-02  3.120E-02  2.985E-02  2.851E-02  2.720E-02  2.591E-02  2.464E-02
  363.5000  1.158E-01  1.138E-01  1.118E-01  1.099E-01  1.080E-01  1.061E-01  1.042E-01  1.023E-01  1.004E-01  9.855E-02  9.670E-02  9.486E-02  9.304E-02  9.123E-02  8.943E-02  8.765E-02  8.588E-02  8.413E-02  8.239E-02  8.066E-02  7.895E-02  7.725E-02  7.556E-02  7.389E-02  7.223E-02  7.059E-02  6.896E-02  6.734E-02  6.574E-02  6.415E-02  6.258E-02  6.102E-02  5.947E-02  5.794E-02  5.642E-02  5.492E-02  5.343E-02  5.195E-02  5.049E-02  4.904E-02  4.760E-02  4.618E-02  4.477E-02  4.338E-02  4.200E-02  4.063E-02  3.928E-02  3.794E-02  3.662E-02  3.531E-02  3.402E-02  3.274E-02  3.147E-02  3.022E-02  2.899E-02  2.777E-02  2.657E-02  2.539E-02  2.422E-02  2.307E-02  2.194E-02
  364.5000  1.264E-01  1.242E-01  1.221E-01  1.200E-01  1.179E-01  1.158E-01  1.137E-01  1.116E-01  1.096E-01  1.076E-01  1.055E-01  1.035E-01  1.015E-01  9.957E-02  9.761E-02  9.567E-02  9.374E-02  9.182E-02  8.992E-02  8.803E-02  8.616E-02  8.431E-02  8.247E-02  8.064E-02  7.883E-02  7.703E-02  7.526E-02  7.349E-02  7.174E-02  7.001E-02  6.829E-02  6.659E-02  6.490E-02  6.323E-02  6.157E-02  5.992E-02  5.830E-02  5.669E-02  5.509E-02  5.351E-02  5.194E-02  5.039E-02  4.885E-02  4.733E-02  4.583E-02  4.433E-02  4.286E-02  4.140E-02  3.996E-02  3.853E-02  3.712E-02  3.572E-02  3.434E-02  3.297E-02  3.163E-02  3.030E-02  2.899E-02  2.770E-02  2.642E-02  2.517E-02  2.394E-02
  365.5000  1.541E-01  1.515E-01  1.489E-01  1.463E-01  1.437E-01  1.412E-01  1.386E-01  1.361E-01  1.336E-01  1.311E-01  1.287E-01  1.262E-01  1.238E-01  1.214E-01  1.190E-01  1.166E-01  1.143E-01  1.119E-01  1.096E-01  1.073E-01  1.050E-01  1.028E-01  1.005E-01  9.829E-02  9.608E-02  9.389E-02  9.172E-02  8.957E-02  8.743E-02  8.532E-02  8.322E-02  8.115E-02  7.909E-02  7.705E-02  7.503E-02  7.302E-02  7.104E-02  6.908E-02  6.713E-02  6.520E-02  6.329E-02  6.140E-02  5.953E-02  5.768E-02  5.584E-02  5.402E-02  5.222E-02  5.044E-02  4.869E-02  4.694E-02  4.522E-02  4.352E-02  4.184E-02  4.018E-02  3.854E-02  3.692E-02  3.532E-02  3.375E-02  3.219E-02  3.066E-02  2.916E-02
  366.5000  1.632E-01  1.605E-01  1.577E-01  1.550E-01  1.523E-01  1.496E-01  1.469E-01  1.442E-01  1.416E-01  1.389E-01  1.363E-01  1.337E-01  1.312E-01  1.286E-01  1.261E-01  1.235E-01  1.211E-01  1.186E-01  1.161E-01  1.137E-01  1.113E-01  1.089E-01  1.065E-01  1.041E-01  1.018E-01  9.946E-02  9.716E-02  9.488E-02  9.262E-02  9.038E-02  8.816E-02  8.596E-02  8.378E-02  8.162E-02  7.948E-02  7.736E-02  7.525E-02  7.318E-02  7.112E-02  6.907E-02  6.705E-02  6.504E-02  6.306E-02  6.110E-02  5.916E-02  5.723E-02  5.533E-02  5.344E-02  5.158E-02  4.974E-02  4.791E-02  4.611E-02  4.433E-02  4.257E-02  4.084E-02  3.912E-02  3.743E-02  3.576E-02  3.412E-02  3.250E-02  3.091E-02
  367.5000  1.552E-01  1.525E-01  1.499E-01  1.473E-01  1.447E-01  1.422E-01  1.396E-01  1.371E-01  1.345E-01  1.321E-01  1.296E-01  1.271E-01  1.247E-01  1.222E-01  1.198E-01  1.174E-01  1.151E-01  1.127E-01  1.104E-01  1.080E-01  1.057E-01  1.035E-01  1.012E-01  9.895E-02  9.673E-02  9.452E-02  9.234E-02  9.017E-02  8.802E-02  8.589E-02  8.378E-02  8.170E-02  7.962E-02  7.757E-02  7.553E-02  7.352E-02  7.152E-02  6.955E-02  6.759E-02  6.565E-02  6.372E-02  6.182E-02  5.993E-02  5.807E-02  5.622E-02  5.440E-02  5.259E-02  5.080E-02  4.903E-02  4.728E-02  4.554E-02  4.383E-02  4.214E-02  4.047E-02  3.882E-02  3.719E-02  3.558E-02  3.400E-02  3.243E-02  3.090E-02  2.939E-02
  368.5000  1.364E-01  1.341E-01  1.318E-01  1.295E-01  1.272E-01  1.250E-01  1.227E-01  1.205E-01  1.183E-01  1.161E-01  1.139E-01  1.117E-01  1.096E-01  1.074E-01  1.053E-01  1.032E-01  1.011E-01  9.907E-02  9.701E-02  9.497E-02  9.295E-02  9.094E-02  8.895E-02  8.698E-02  8.502E-02  8.308E-02  8.117E-02  7.926E-02  7.737E-02  7.550E-02  7.364E-02  7.181E-02  6.998E-02  6.818E-02  6.639E-02  6.462E-02  6.286E-02  6.112E-02  5.940E-02  5.769E-02  5.600E-02  5.433E-02  5.267E-02  5.104E-02  4.941E-02  4.781E-02  4.622E-02  4.464E-02  4.309E-02  4.155E-02  4.003E-02  3.852E-02  3.704E-02  3.557E-02  3.412E-02  3.269E-02  3.127E-02  2.988E-02  2.851E-02  2.715E-02  2.583E-02
  369.5000  1.638E-01  1.610E-01  1.582E-01  1.555E-01  1.528E-01  1.500E-01  1.473E-01  1.447E-01  1.420E-01  1.394E-01  1.367E-01  1.341E-01  1.316E-01  1.290E-01  1.264E-01  1.239E-01  1.214E-01  1.189E-01  1.164E-01  1.140E-01  1.116E-01  1.092E-01  1.068E-01  1.044E-01  1.021E-01  9.972E-02  9.742E-02  9.513E-02  9.286E-02  9.061E-02  8.838E-02  8.618E-02  8.399E-02  8.182E-02  7.968E-02  7.755E-02  7.544E-02  7.336E-02  7.129E-02  6.924E-02  6.721E-02  6.520E-02  6.322E-02  6.125E-02  5.930E-02  5.738E-02  5.547E-02  5.358E-02  5.172E-02  4.987E-02  4.804E-02  4.623E-02  4.445E-02  4.269E-02  4.095E-02  3.923E-02  3.754E-02  3.586E-02  3.422E-02  3.259E-02  3.100E-02
  370.5000  1.487E-01  1.462E-01  1.437E-01  1.412E-01  1.387E-01  1.362E-01  1.338E-01  1.314E-01  1.289E-01  1.265E-01  1.242E-01  1.218E-01  1.194E-01  1.171E-01  1.148E-01  1.125E-01  1.102E-01  1.080E-01  1.057E-01  1.035E-01  1.013E-01  9.910E-02  9.693E-02  9.478E-02  9.264E-02  9.053E-02  8.843E-02  8.635E-02  8.429E-02  8.225E-02  8.023E-02  7.823E-02  7.624E-02  7.427E-02  7.232E-02  7.039E-02  6.848E-02  6.659E-02  6.471E-02  6.285E-02  6.101E-02  5.918E-02  5.738E-02  5.560E-02  5.383E-02  5.208E-02  5.035E-02  4.863E-02  4.694E-02  4.526E-02  4.361E-02  4.197E-02  4.035E-02  3.875E-02  3.717E-02  3.561E-02  3.407E-02  3.255E-02  3.106E-02  2.958E-02  2.814E-02
  371.5000  1.703E-01  1.674E-01  1.646E-01  1.617E-01  1.589E-01  1.560E-01  1.532E-01  1.504E-01  1.477E-01  1.449E-01  1.422E-01  1.395E-01  1.368E-01  1.341E-01  1.314E-01  1.288E-01  1.262E-01  1.236E-01  1.210E-01  1.185E-01  1.160E-01  1.135E-01  1.110E-01  1.085E-01  1.061E-01  1.036E-01  1.013E-01  9.887E-02  9.651E-02  9.417E-02  9.185E-02  8.956E-02  8.729E-02  8.503E-02  8.280E-02  8.059E-02  7.839E-02  7.623E-02  7.408E-02  7.195E-02  6.984E-02  6.776E-02  6.569E-02  6.365E-02  6.163E-02  5.962E-02  5.764E-02  5.568E-02  5.374E-02  5.182E-02  4.992E-02  4.805E-02  4.619E-02  4.436E-02  4.256E-02  4.077E-02  3.901E-02  3.727E-02  3.556E-02  3.387E-02  3.222E-02
  372.5000  1.259E-01  1.238E-01  1.217E-01  1.196E-01  1.174E-01  1.154E-01  1.133E-01  1.112E-01  1.092E-01  1.071E-01  1.051E-01  1.031E-01  1.011E-01  9.913E-02  9.717E-02  9.523E-02  9.330E-02  9.138E-02  8.948E-02  8.759E-02  8.573E-02  8.387E-02  8.204E-02  8.021E-02  7.840E-02  7.661E-02  7.484E-02  7.308E-02  7.133E-02  6.960E-02  6.789E-02  6.620E-02  6.451E-02  6.285E-02  6.120E-02  5.956E-02  5.794E-02  5.634E-02  5.475E-02  5.318E-02  5.162E-02  5.008E-02  4.855E-02  4.704E-02  4.555E-02  4.407E-02  4.260E-02  4.115E-02  3.972E-02  3.830E-02  3.690E-02  3.551E-02  3.414E-02  3.279E-02  3.146E-02  3.014E-02  2.884E-02  2.755E-02  2.629E-02  2.504E-02  2.382E-02
  373.5000  1.139E-01  1.120E-01  1.101E-01  1.081E-01  1.062E-01  1.043E-01  1.025E-01  1.006E-01  9.874E-02  9.690E-02  9.507E-02  9.326E-02  9.145E-02  8.966E-02  8.789E-02  8.613E-02  8.438E-02  8.265E-02  8.093E-02  7.922E-02  7.753E-02  7.585E-02  7.419E-02  7.254E-02  7.090E-02  6.928E-02  6.768E-02  6.608E-02  6.451E-02  6.294E-02  6.139E-02  5.986E-02  5.834E-02  5.683E-02  5.533E-02  5.386E-02  5.239E-02  5.094E-02  4.951E-02  4.808E-02  4.667E-02  4.528E-02  4.390E-02  4.253E-02  4.118E-02  3.984E-02  3.852E-02  3.721E-02  3.591E-02  3.463E-02  3.336E-02  3.211E-02  3.087E-02  2.965E-02  2.844E-02  2.725E-02  2.607E-02  2.491E-02  2.377E-02  2.264E-02  2.153E-02
  374.5000  1.251E-01  1.230E-01  1.209E-01  1.188E-01  1.167E-01  1.146E-01  1.125E-01  1.105E-01  1.085E-01  1.064E-01  1.044E-01  1.024E-01  1.004E-01  9.848E-02  9.652E-02  9.459E-02  9.267E-02  9.077E-02  8.887E-02  8.700E-02  8.514E-02  8.330E-02  8.147E-02  7.966E-02  7.786E-02  7.608E-02  7.432E-02  7.256E-02  7.083E-02  6.911E-02  6.741E-02  6.572E-02  6.405E-02  6.240E-02  6.076E-02  5.913E-02  5.752E-02  5.593E-02  5.435E-02  5.279E-02  5.124E-02  4.971E-02  4.820E-02  4.670E-02  4.521E-02  4.374E-02  4.229E-02  4.085E-02  3.943E-02  3.802E-02  3.663E-02  3.525E-02  3.389E-02  3.255E-02  3.123E-02  2.992E-02  2.862E-02  2.735E-02  2.609E-02  2.486E-02  2.364E-02
  375.5000  1.413E-01  1.389E-01  1.365E-01  1.341E-01  1.318E-01  1.294E-01  1.271E-01  1.248E-01  1.225E-01  1.202E-01  1.179E-01  1.157E-01  1.134E-01  1.112E-01  1.090E-01  1.068E-01  1.046E-01  1.025E-01  1.004E-01  9.823E-02  9.614E-02  9.405E-02  9.199E-02  8.994E-02  8.791E-02  8.589E-02  8.390E-02  8.193E-02  7.997E-02  7.803E-02  7.610E-02  7.420E-02  7.231E-02  7.044E-02  6.859E-02  6.676E-02  6.494E-02  6.314E-02  6.136E-02  5.960E-02  5.785E-02  5.612E-02  5.441E-02  5.272E-02  5.104E-02  4.938E-02  4.774E-02  4.612E-02  4.451E-02  4.292E-02  4.135E-02  3.980E-02  3.827E-02  3.675E-02  3.526E-02  3.378E-02  3.232E-02  3.088E-02  2.946E-02  2.806E-02  2.669E-02
  376.5000  1.413E-01  1.389E-01  1.365E-01  1.341E-01  1.317E-01  1.294E-01  1.270E-01  1.247E-01  1.224E-01  1.201E-01  1.178E-01  1.156E-01  1.134E-01  1.111E-01  1.089E-01  1.067E-01  1.046E-01  1.024E-01  1.003E-01  9.817E-02  9.607E-02  9.399E-02  9.192E-02  8.987E-02  8.784E-02  8.583E-02  8.384E-02  8.186E-02  7.990E-02  7.796E-02  7.604E-02  7.414E-02  7.225E-02  7.038E-02  6.853E-02  6.670E-02  6.488E-02  6.309E-02  6.131E-02  5.955E-02  5.780E-02  5.607E-02  5.436E-02  5.267E-02  5.100E-02  4.934E-02  4.770E-02  4.608E-02  4.448E-02  4.289E-02  4.132E-02  3.977E-02  3.823E-02  3.672E-02  3.523E-02  3.375E-02  3.229E-02  3.086E-02  2.944E-02  2.804E-02  2.667E-02
  377.5000  1.684E-01  1.655E-01  1.626E-01  1.598E-01  1.570E-01  1.542E-01  1.514E-01  1.486E-01  1.459E-01  1.432E-01  1.405E-01  1.378E-01  1.351E-01  1.324E-01  1.298E-01  1.272E-01  1.246E-01  1.221E-01  1.195E-01  1.170E-01  1.145E-01  1.120E-01  1.095E-01  1.071E-01  1.047E-01  1.023E-01  9.990E-02  9.754E-02  9.521E-02  9.289E-02  9.060E-02  8.834E-02  8.609E-02  8.386E-02  8.165E-02  7.947E-02  7.730E-02  7.517E-02  7.304E-02  7.094E-02  6.886E-02  6.680E-02  6.477E-02  6.276E-02  6.076E-02  5.878E-02  5.683E-02  5.490E-02  5.299E-02  5.110E-02  4.923E-02  4.738E-02  4.555E-02  4.375E-02  4.197E-02  4.021E-02  3.848E-02  3.676E-02  3.508E-02  3.341E-02  3.178E-02
  378.5000  1.837E-01  1.805E-01  1.774E-01  1.743E-01  1.712E-01  1.682E-01  1.651E-01  1.621E-01  1.591E-01  1.562E-01  1.532E-01  1.503E-01  1.474E-01  1.445E-01  1.416E-01  1.387E-01  1.359E-01  1.331E-01  1.303E-01  1.276E-01  1.249E-01  1.221E-01  1.195E-01  1.168E-01  1.141E-01  1.115E-01  1.089E-01  1.064E-01  1.038E-01  1.013E-01  9.880E-02  9.633E-02  9.387E-02  9.144E-02  8.904E-02  8.665E-02  8.429E-02  8.196E-02  7.965E-02  7.736E-02  7.509E-02  7.284E-02  7.062E-02  6.843E-02  6.625E-02  6.410E-02  6.196E-02  5.986E-02  5.778E-02  5.572E-02  5.368E-02  5.166E-02  4.967E-02  4.770E-02  4.576E-02  4.385E-02  4.195E-02  4.009E-02  3.825E-02  3.643E-02  3.466E-02
  379.5000  1.360E-01  1.337E-01  1.314E-01  1.291E-01  1.268E-01  1.245E-01  1.223E-01  1.200E-01  1.178E-01  1.156E-01  1.134E-01  1.113E-01  1.091E-01  1.070E-01  1.048E-01  1.027E-01  1.006E-01  9.855E-02  9.649E-02  9.445E-02  9.243E-02  9.042E-02  8.843E-02  8.646E-02  8.450E-02  8.256E-02  8.065E-02  7.874E-02  7.685E-02  7.498E-02  7.313E-02  7.130E-02  6.948E-02  6.768E-02  6.590E-02  6.414E-02  6.239E-02  6.066E-02  5.895E-02  5.725E-02  5.557E-02  5.391E-02  5.227E-02  5.064E-02  4.903E-02  4.744E-02  4.586E-02  4.430E-02  4.276E-02  4.124E-02  3.973E-02  3.824E-02  3.676E-02  3.531E-02  3.387E-02  3.245E-02  3.105E-02  2.967E-02  2.831E-02  2.697E-02  2.565E-02
  380.5000  1.637E-01  1.609E-01  1.581E-01  1.554E-01  1.526E-01  1.499E-01  1.472E-01  1.445E-01  1.418E-01  1.392E-01  1.365E-01  1.339E-01  1.313E-01  1.287E-01  1.262E-01  1.236E-01  1.211E-01  1.186E-01  1.161E-01  1.137E-01  1.112E-01  1.088E-01  1.064E-01  1.040E-01  1.017E-01  9.935E-02  9.705E-02  9.475E-02  9.248E-02  9.023E-02  8.800E-02  8.580E-02  8.361E-02  8.144E-02  7.930E-02  7.717E-02  7.507E-02  7.299E-02  7.093E-02  6.889E-02  6.687E-02  6.487E-02  6.289E-02  6.093E-02  5.900E-02  5.708E-02  5.518E-02  5.330E-02  5.145E-02  4.962E-02  4.780E-02  4.601E-02  4.423E-02  4.248E-02  4.076E-02  3.905E-02  3.736E-02  3.570E-02  3.406E-02  3.245E-02  3.086E-02
  381.5000  1.540E-01  1.514E-01  1.487E-01  1.461E-01  1.436E-01  1.410E-01  1.384E-01  1.359E-01  1.334E-01  1.309E-01  1.284E-01  1.259E-01  1.235E-01  1.211E-01  1.187E-01  1.163E-01  1.139E-01  1.115E-01  1.092E-01  1.069E-01  1.046E-01  1.023E-01  1.001E-01  9.783E-02  9.562E-02  9.342E-02  9.125E-02  8.909E-02  8.695E-02  8.484E-02  8.274E-02  8.067E-02  7.861E-02  7.657E-02  7.455E-02  7.256E-02  7.058E-02  6.862E-02  6.668E-02  6.476E-02  6.286E-02  6.098E-02  5.912E-02  5.729E-02  5.546E-02  5.366E-02  5.188E-02  5.011E-02  4.837E-02  4.664E-02  4.494E-02  4.325E-02  4.158E-02  3.994E-02  3.832E-02  3.671E-02  3.513E-02  3.356E-02  3.202E-02  3.051E-02  2.902E-02
  382.5000  1.027E-01  1.009E-01  9.920E-02  9.747E-02  9.574E-02  9.403E-02  9.232E-02  9.063E-02  8.895E-02  8.729E-02  8.563E-02  8.398E-02  8.235E-02  8.073E-02  7.912E-02  7.753E-02  7.595E-02  7.438E-02  7.282E-02  7.128E-02  6.975E-02  6.823E-02  6.672E-02  6.523E-02  6.375E-02  6.229E-02  6.084E-02  5.940E-02  5.797E-02  5.656E-02  5.516E-02  5.378E-02  5.241E-02  5.105E-02  4.970E-02  4.837E-02  4.705E-02  4.575E-02  4.445E-02  4.317E-02  4.191E-02  4.065E-02  3.941E-02  3.819E-02  3.697E-02  3.577E-02  3.458E-02  3.341E-02  3.225E-02  3.109E-02  2.996E-02  2.883E-02  2.772E-02  2.662E-02  2.554E-02  2.447E-02  2.342E-02  2.238E-02  2.135E-02  2.034E-02  1.935E-02
  383.5000  9.027E-02  8.872E-02  8.719E-02  8.566E-02  8.415E-02  8.264E-02  8.114E-02  7.965E-02  7.817E-02  7.671E-02  7.525E-02  7.381E-02  7.237E-02  7.094E-02  6.953E-02  6.813E-02  6.674E-02  6.536E-02  6.399E-02  6.263E-02  6.129E-02  5.995E-02  5.863E-02  5.732E-02  5.602E-02  5.473E-02  5.345E-02  5.219E-02  5.094E-02  4.969E-02  4.846E-02  4.725E-02  4.604E-02  4.485E-02  4.367E-02  4.249E-02  4.133E-02  4.019E-02  3.905E-02  3.793E-02  3.682E-02  3.571E-02  3.462E-02  3.355E-02  3.248E-02  3.142E-02  3.038E-02  2.935E-02  2.833E-02  2.732E-02  2.632E-02  2.533E-02  2.435E-02  2.339E-02  2.244E-02  2.150E-02  2.057E-02  1.966E-02  1.876E-02  1.787E-02  1.700E-02
  384.5000  1.356E-01  1.333E-01  1.310E-01  1.287E-01  1.264E-01  1.241E-01  1.219E-01  1.196E-01  1.174E-01  1.152E-01  1.130E-01  1.109E-01  1.087E-01  1.066E-01  1.044E-01  1.023E-01  1.002E-01  9.816E-02  9.610E-02  9.406E-02  9.204E-02  9.003E-02  8.804E-02  8.607E-02  8.412E-02  8.218E-02  8.027E-02  7.837E-02  7.648E-02  7.462E-02  7.277E-02  7.095E-02  6.913E-02  6.734E-02  6.556E-02  6.380E-02  6.206E-02  6.034E-02  5.863E-02  5.695E-02  5.527E-02  5.362E-02  5.198E-02  5.037E-02  4.876E-02  4.718E-02  4.561E-02  4.406E-02  4.253E-02  4.101E-02  3.951E-02  3.803E-02  3.656E-02  3.512E-02  3.369E-02  3.228E-02  3.089E-02  2.951E-02  2.816E-02  2.683E-02  2.552E-02
  385.5000  1.343E-01  1.320E-01  1.297E-01  1.274E-01  1.252E-01  1.229E-01  1.207E-01  1.185E-01  1.163E-01  1.141E-01  1.119E-01  1.098E-01  1.076E-01  1.055E-01  1.034E-01  1.013E-01  9.924E-02  9.718E-02  9.515E-02  9.312E-02  9.112E-02  8.914E-02  8.717E-02  8.521E-02  8.328E-02  8.136E-02  7.946E-02  7.758E-02  7.571E-02  7.387E-02  7.204E-02  7.023E-02  6.843E-02  6.666E-02  6.490E-02  6.315E-02  6.143E-02  5.973E-02  5.804E-02  5.637E-02  5.471E-02  5.307E-02  5.145E-02  4.985E-02  4.827E-02  4.670E-02  4.514E-02  4.361E-02  4.209E-02  4.059E-02  3.911E-02  3.764E-02  3.619E-02  3.476E-02  3.335E-02  3.195E-02  3.057E-02  2.922E-02  2.788E-02  2.656E-02  2.526E-02
  386.5000  1.370E-01  1.347E-01  1.323E-01  1.300E-01  1.277E-01  1.254E-01  1.231E-01  1.209E-01  1.186E-01  1.164E-01  1.142E-01  1.120E-01  1.098E-01  1.076E-01  1.055E-01  1.033E-01  1.012E-01  9.914E-02  9.705E-02  9.499E-02  9.295E-02  9.092E-02  8.891E-02  8.691E-02  8.494E-02  8.298E-02  8.105E-02  7.913E-02  7.722E-02  7.534E-02  7.347E-02  7.162E-02  6.979E-02  6.798E-02  6.618E-02  6.441E-02  6.265E-02  6.091E-02  5.919E-02  5.748E-02  5.579E-02  5.412E-02  5.247E-02  5.084E-02  4.922E-02  4.762E-02  4.604E-02  4.447E-02  4.293E-02  4.139E-02  3.988E-02  3.838E-02  3.691E-02  3.545E-02  3.401E-02  3.258E-02  3.118E-02  2.979E-02  2.843E-02  2.708E-02  2.576E-02
  387.5000  1.274E-01  1.253E-01  1.231E-01  1.209E-01  1.188E-01  1.166E-01  1.145E-01  1.124E-01  1.103E-01  1.083E-01  1.062E-01  1.041E-01  1.021E-01  1.001E-01  9.810E-02  9.612E-02  9.415E-02  9.220E-02  9.026E-02  8.834E-02  8.644E-02  8.455E-02  8.268E-02  8.083E-02  7.899E-02  7.717E-02  7.537E-02  7.358E-02  7.181E-02  7.005E-02  6.831E-02  6.660E-02  6.489E-02  6.321E-02  6.154E-02  5.988E-02  5.825E-02  5.663E-02  5.503E-02  5.344E-02  5.187E-02  5.032E-02  4.878E-02  4.726E-02  4.576E-02  4.427E-02  4.280E-02  4.134E-02  3.991E-02  3.848E-02  3.708E-02  3.569E-02  3.431E-02  3.295E-02  3.162E-02  3.029E-02  2.899E-02  2.770E-02  2.643E-02  2.518E-02  2.395E-02
  388.5000  1.279E-01  1.257E-01  1.235E-01  1.213E-01  1.192E-01  1.170E-01  1.149E-01  1.128E-01  1.107E-01  1.086E-01  1.065E-01  1.045E-01  1.024E-01  1.004E-01  9.840E-02  9.642E-02  9.444E-02  9.248E-02  9.053E-02  8.861E-02  8.670E-02  8.481E-02  8.293E-02  8.106E-02  7.922E-02  7.739E-02  7.558E-02  7.379E-02  7.201E-02  7.025E-02  6.851E-02  6.679E-02  6.508E-02  6.338E-02  6.171E-02  6.005E-02  5.841E-02  5.679E-02  5.518E-02  5.359E-02  5.201E-02  5.045E-02  4.891E-02  4.739E-02  4.588E-02  4.439E-02  4.291E-02  4.145E-02  4.002E-02  3.859E-02  3.718E-02  3.578E-02  3.441E-02  3.304E-02  3.170E-02  3.038E-02  2.907E-02  2.778E-02  2.650E-02  2.525E-02  2.402E-02
  389.5000  1.614E-01  1.586E-01  1.559E-01  1.531E-01  1.504E-01  1.477E-01  1.450E-01  1.423E-01  1.397E-01  1.371E-01  1.344E-01  1.319E-01  1.293E-01  1.267E-01  1.242E-01  1.217E-01  1.192E-01  1.167E-01  1.143E-01  1.118E-01  1.094E-01  1.070E-01  1.046E-01  1.023E-01  9.996E-02  9.765E-02  9.537E-02  9.311E-02  9.086E-02  8.864E-02  8.644E-02  8.427E-02  8.211E-02  7.997E-02  7.786E-02  7.576E-02  7.369E-02  7.165E-02  6.962E-02  6.761E-02  6.562E-02  6.365E-02  6.171E-02  5.979E-02  5.789E-02  5.600E-02  5.414E-02  5.230E-02  5.048E-02  4.868E-02  4.690E-02  4.514E-02  4.340E-02  4.169E-02  4.000E-02  3.832E-02  3.667E-02  3.504E-02  3.344E-02  3.185E-02  3.030E-02
  390.5000  1.587E-01  1.559E-01  1.532E-01  1.505E-01  1.479E-01  1.452E-01  1.426E-01  1.399E-01  1.373E-01  1.347E-01  1.322E-01  1.296E-01  1.271E-01  1.246E-01  1.221E-01  1.196E-01  1.172E-01  1.147E-01  1.123E-01  1.099E-01  1.075E-01  1.052E-01  1.029E-01  1.005E-01  9.825E-02  9.598E-02  9.374E-02  9.151E-02  8.930E-02  8.712E-02  8.495E-02  8.282E-02  8.069E-02  7.859E-02  7.651E-02  7.445E-02  7.242E-02  7.041E-02  6.841E-02  6.644E-02  6.448E-02  6.255E-02  6.064E-02  5.875E-02  5.688E-02  5.503E-02  5.320E-02  5.139E-02  4.961E-02  4.784E-02  4.609E-02  4.436E-02  4.265E-02  4.097E-02  3.931E-02  3.766E-02  3.604E-02  3.444E-02  3.286E-02  3.130E-02  2.978E-02
  391.5000  1.884E-01  1.852E-01  1.820E-01  1.788E-01  1.756E-01  1.724E-01  1.693E-01  1.662E-01  1.631E-01  1.600E-01  1.569E-01  1.539E-01  1.509E-01  1.479E-01  1.450E-01  1.420E-01  1.391E-01  1.362E-01  1.333E-01  1.305E-01  1.277E-01  1.249E-01  1.221E-01  1.194E-01  1.166E-01  1.139E-01  1.113E-01  1.086E-01  1.060E-01  1.034E-01  1.008E-01  9.831E-02  9.579E-02  9.329E-02  9.082E-02  8.838E-02  8.596E-02  8.357E-02  8.120E-02  7.886E-02  7.654E-02  7.424E-02  7.197E-02  6.973E-02  6.751E-02  6.532E-02  6.314E-02  6.100E-02  5.888E-02  5.678E-02  5.470E-02  5.265E-02  5.063E-02  4.862E-02  4.665E-02  4.470E-02  4.277E-02  4.088E-02  3.900E-02  3.716E-02  3.535E-02
  392.5000  1.414E-01  1.390E-01  1.366E-01  1.342E-01  1.318E-01  1.294E-01  1.271E-01  1.247E-01  1.224E-01  1.201E-01  1.178E-01  1.155E-01  1.133E-01  1.110E-01  1.088E-01  1.066E-01  1.044E-01  1.022E-01  1.001E-01  9.793E-02  9.582E-02  9.372E-02  9.164E-02  8.958E-02  8.753E-02  8.551E-02  8.351E-02  8.152E-02  7.955E-02  7.760E-02  7.567E-02  7.376E-02  7.187E-02  7.000E-02  6.814E-02  6.631E-02  6.449E-02  6.270E-02  6.092E-02  5.916E-02  5.742E-02  5.570E-02  5.400E-02  5.232E-02  5.065E-02  4.900E-02  4.737E-02  4.576E-02  4.417E-02  4.260E-02  4.104E-02  3.950E-02  3.798E-02  3.648E-02  3.500E-02  3.354E-02  3.209E-02  3.067E-02  2.926E-02  2.788E-02  2.652E-02
  393.5000  6.155E-02  6.049E-02  5.944E-02  5.839E-02  5.735E-02  5.632E-02  5.529E-02  5.427E-02  5.326E-02  5.226E-02  5.126E-02  5.027E-02  4.928E-02  4.831E-02  4.734E-02  4.638E-02  4.542E-02  4.448E-02  4.354E-02  4.261E-02  4.169E-02  4.078E-02  3.987E-02  3.897E-02  3.808E-02  3.720E-02  3.633E-02  3.546E-02  3.461E-02  3.376E-02  3.292E-02  3.209E-02  3.126E-02  3.045E-02  2.964E-02  2.884E-02  2.805E-02  2.727E-02  2.650E-02  2.573E-02  2.498E-02  2.423E-02  2.349E-02  2.275E-02  2.203E-02  2.131E-02  2.060E-02  1.990E-02  1.921E-02  1.853E-02  1.785E-02  1.718E-02  1.652E-02  1.587E-02  1.522E-02  1.459E-02  1.396E-02  1.334E-02  1.273E-02  1.213E-02  1.153E-02
  394.5000  1.450E-01  1.425E-01  1.400E-01  1.375E-01  1.351E-01  1.327E-01  1.302E-01  1.278E-01  1.254E-01  1.231E-01  1.207E-01  1.184E-01  1.161E-01  1.138E-01  1.115E-01  1.092E-01  1.070E-01  1.047E-01  1.025E-01  1.003E-01  9.817E-02  9.602E-02  9.388E-02  9.177E-02  8.967E-02  8.759E-02  8.554E-02  8.350E-02  8.148E-02  7.948E-02  7.750E-02  7.555E-02  7.361E-02  7.169E-02  6.978E-02  6.790E-02  6.604E-02  6.420E-02  6.238E-02  6.058E-02  5.880E-02  5.703E-02  5.529E-02  5.357E-02  5.186E-02  5.017E-02  4.850E-02  4.685E-02  4.522E-02  4.361E-02  4.202E-02  4.044E-02  3.889E-02  3.735E-02  3.583E-02  3.434E-02  3.286E-02  3.140E-02  2.996E-02  2.854E-02  2.715E-02
  395.5000  1.867E-01  1.835E-01  1.803E-01  1.771E-01  1.740E-01  1.708E-01  1.677E-01  1.646E-01  1.615E-01  1.585E-01  1.555E-01  1.525E-01  1.495E-01  1.465E-01  1.436E-01  1.406E-01  1.377E-01  1.349E-01  1.320E-01  1.292E-01  1.264E-01  1.236E-01  1.209E-01  1.181E-01  1.154E-01  1.128E-01  1.101E-01  1.075E-01  1.049E-01  1.023E-01  9.977E-02  9.725E-02  9.475E-02  9.228E-02  8.983E-02  8.741E-02  8.501E-02  8.265E-02  8.030E-02  7.798E-02  7.568E-02  7.341E-02  7.116E-02  6.895E-02  6.675E-02  6.458E-02  6.243E-02  6.030E-02  5.821E-02  5.613E-02  5.408E-02  5.205E-02  5.005E-02  4.807E-02  4.612E-02  4.420E-02  4.229E-02  4.042E-02  3.857E-02  3.674E-02  3.495E-02
  396.5000  1.097E-01  1.079E-01  1.060E-01  1.041E-01  1.022E-01  1.004E-01  9.857E-02  9.675E-02  9.494E-02  9.315E-02  9.137E-02  8.959E-02  8.784E-02  8.609E-02  8.436E-02  8.265E-02  8.095E-02  7.926E-02  7.758E-02  7.592E-02  7.428E-02  7.264E-02  7.103E-02  6.942E-02  6.783E-02  6.626E-02  6.471E-02  6.316E-02  6.163E-02  6.012E-02  5.862E-02  5.714E-02  5.567E-02  5.421E-02  5.277E-02  5.135E-02  4.994E-02  4.855E-02  4.717E-02  4.581E-02  4.446E-02  4.312E-02  4.180E-02  4.050E-02  3.921E-02  3.793E-02  3.667E-02  3.542E-02  3.419E-02  3.297E-02  3.177E-02  3.058E-02  2.940E-02  2.824E-02  2.710E-02  2.596E-02  2.484E-02  2.374E-02  2.266E-02  2.158E-02  2.053E-02
  397.5000  1.268E-01  1.246E-01  1.224E-01  1.202E-01  1.181E-01  1.160E-01  1.138E-01  1.117E-01  1.097E-01  1.076E-01  1.055E-01  1.035E-01  1.014E-01  9.943E-02  9.743E-02  9.545E-02  9.348E-02  9.153E-02  8.959E-02  8.767E-02  8.577E-02  8.389E-02  8.202E-02  8.016E-02  7.833E-02  7.651E-02  7.471E-02  7.293E-02  7.116E-02  6.941E-02  6.768E-02  6.597E-02  6.427E-02  6.259E-02  6.093E-02  5.928E-02  5.766E-02  5.605E-02  5.446E-02  5.288E-02  5.132E-02  4.978E-02  4.826E-02  4.675E-02  4.526E-02  4.379E-02  4.233E-02  4.089E-02  3.947E-02  3.806E-02  3.667E-02  3.530E-02  3.394E-02  3.260E-02  3.128E-02  2.997E-02  2.868E-02  2.741E-02  2.615E-02  2.492E-02  2.371E-02
  398.5000  2.180E-01  2.143E-01  2.105E-01  2.068E-01  2.031E-01  1.994E-01  1.958E-01  1.922E-01  1.886E-01  1.850E-01  1.815E-01  1.780E-01  1.745E-01  1.710E-01  1.675E-01  1.641E-01  1.608E-01  1.574E-01  1.541E-01  1.508E-01  1.475E-01  1.442E-01  1.410E-01  1.378E-01  1.347E-01  1.316E-01  1.285E-01  1.254E-01  1.224E-01  1.193E-01  1.164E-01  1.134E-01  1.105E-01  1.076E-01  1.047E-01  1.019E-01  9.912E-02  9.636E-02  9.362E-02  9.091E-02  8.823E-02  8.558E-02  8.296E-02  8.037E-02  7.781E-02  7.528E-02  7.277E-02  7.029E-02  6.785E-02  6.543E-02  6.304E-02  6.068E-02  5.834E-02  5.604E-02  5.377E-02  5.152E-02  4.931E-02  4.712E-02  4.496E-02  4.284E-02  4.075E-02
  399.5000  2.270E-01  2.231E-01  2.192E-01  2.153E-01  2.115E-01  2.076E-01  2.038E-01  2.001E-01  1.963E-01  1.926E-01  1.889E-01  1.852E-01  1.816E-01  1.780E-01  1.744E-01  1.709E-01  1.673E-01  1.638E-01  1.604E-01  1.569E-01  1.535E-01  1.501E-01  1.468E-01  1.435E-01  1.402E-01  1.369E-01  1.337E-01  1.305E-01  1.273E-01  1.242E-01  1.211E-01  1.180E-01  1.150E-01  1.120E-01  1.090E-01  1.061E-01  1.031E-01  1.003E-01  9.742E-02  9.460E-02  9.181E-02  8.905E-02  8.632E-02  8.363E-02  8.096E-02  7.832E-02  7.572E-02  7.314E-02  7.060E-02  6.808E-02  6.559E-02  6.314E-02  6.071E-02  5.831E-02  5.595E-02  5.361E-02  5.130E-02  4.903E-02  4.679E-02  4.457E-02  4.240E-02
------------------------------------------------------------
Dose rates,W m-2
   1 = UV index (WMO, 1994; Webb et al., 2011)           
   2 = Previtamin-D3 (CIE 2006)                          
values at z =      0.025 km
Columns: time,sza,weighting spectra
time,hrs.  sza,deg.          1          2
   18.0000     74.338  5.071E-01  1.307E-02
   18.0167     74.547  4.946E-01  1.262E-02
   18.0333     74.757  4.823E-01  1.219E-02
   18.0500     74.966  4.703E-01  1.177E-02
   18.0667     75.175  4.584E-01  1.136E-02
   18.0833     75.385  4.467E-01  1.097E-02
   18.1000     75.595  4.352E-01  1.058E-02
   18.1167     75.804  4.239E-01  1.020E-02
   18.1333     76.014  4.128E-01  9.831E-03
   18.1500     76.222  4.019E-01  9.474E-03
   18.1667     76.432  3.912E-01  9.127E-03
   18.1833     76.641  3.807E-01  8.789E-03
   18.2000     76.851  3.703E-01  8.460E-03
   18.2167     77.060  3.602E-01  8.141E-03
   18.2333     77.269  3.502E-01  7.831E-03
   18.2500     77.478  3.405E-01  7.532E-03
   18.2667     77.687  3.309E-01  7.240E-03
   18.2833     77.896  3.215E-01  6.957E-03
   18.3000     78.105  3.123E-01  6.683E-03
   18.3167     78.314  3.032E-01  6.417E-03
   18.3333     78.523  2.943E-01  6.160E-03
   18.3500     78.732  2.856E-01  5.911E-03
   18.3667     78.941  2.771E-01  5.670E-03
   18.3833     79.150  2.687E-01  5.437E-03
   18.4000     79.358  2.605E-01  5.211E-03
   18.4167     79.567  2.524E-01  4.993E-03
   18.4333     79.775  2.446E-01  4.783E-03
   18.4500     79.984  2.369E-01  4.579E-03
   18.4667     80.193  2.293E-01  4.383E-03
   18.4833     80.401  2.219E-01  4.193E-03
   18.5000     80.610  2.146E-01  4.010E-03
   18.5167     80.818  2.076E-01  3.834E-03
   18.5333     81.026  2.006E-01  3.664E-03
   18.5500     81.235  1.938E-01  3.500E-03
   18.5667     81.443  1.871E-01  3.342E-03
   18.5833     81.651  1.806E-01  3.191E-03
   18.6000     81.859  1.743E-01  3.045E-03
   18.6167     82.067  1.681E-01  2.905E-03
   18.6333     82.275  1.620E-01  2.769E-03
   18.6500     82.483  1.560E-01  2.640E-03
   18.6667     82.691  1.502E-01  2.515E-03
   18.6833     82.899  1.445E-01  2.395E-03
   18.7000     83.107  1.390E-01  2.280E-03
   18.7167     83.314  1.336E-01  2.171E-03
   18.7333     83.522  1.283E-01  2.065E-03
   18.7500     83.729  1.231E-01  1.963E-03
   18.7667     83.937  1.181E-01  1.866E-03
   18.7833     84.144  1.131E-01  1.773E-03
   18.8000     84.351  1.084E-01  1.684E-03
   18.8167     84.558  1.037E-01  1.599E-03
   18.8333     84.766  9.911E-02  1.517E-03
   18.8500     84.973  9.467E-02  1.439E-03
   18.8667     85.180  9.033E-02  1.364E-03
   18.8833     85.387  8.611E-02  1.292E-03
   18.9000     85.593  8.202E-02  1.223E-03
   18.9167     85.800  7.802E-02  1.158E-03
   18.9333     86.007  7.414E-02  1.095E-03
   18.9500     86.214  7.036E-02  1.035E-03
   18.9667     86.420  6.669E-02  9.776E-04
   18.9833     86.627  6.312E-02  9.226E-04
   19.0000     86.832  5.967E-02  8.703E-04
------------------------------------------------------------
