Spectral Irradiance,W m-2 nm-1
values at z =      0.025 km
Columns: wavelength (nm),times (hrs.) or sza (deg.)
    wc,nm     18.000     18.017     18.033     18.050     18.067     18.083     18.100     18.117     18.133     18.150     18.167     18.183     18.200     18.217     18.233     18.250     18.267     18.283     18.300     18.317     18.333     18.350     18.367     18.383     18.400     18.417     18.433     18.450     18.467     18.483     18.500     18.517     18.533     18.550     18.567     18.583     18.600     18.617     18.633     18.650     18.667     18.683     18.700     18.717     18.733     18.750     18.767     18.783     18.800     18.817     18.833     18.850     18.867     18.883     18.900     18.917     18.933     18.950     18.967     18.983     19.000
    sza =      73.113     73.322     73.531     73.740     73.948     74.157     74.366     74.575     74.783     74.991     75.200     75.409     75.617     75.825     76.034     76.242     76.450     76.658     76.866     77.074     77.282     77.490     77.697     77.905     78.113     78.321     78.528     78.735     78.943     79.150     79.357     79.564     79.771     79.978     80.185     80.392     80.599     80.805     81.012     81.219     81.425     81.632     81.838     82.044     82.250     82.456     82.662     82.868     83.073     83.279     83.484     83.690     83.895     84.101     84.305     84.510     84.715     84.920     85.125     85.330     85.534
  280.5000  2.111E-28  2.080E-28  2.049E-28  2.019E-28  1.990E-28  1.961E-28  1.932E-28  1.904E-28  1.876E-28  1.849E-28  1.822E-28  1.796E-28  1.770E-28  1.744E-28  1.719E-28  1.694E-28  1.669E-28  1.645E-28  1.621E-28  1.597E-28  1.574E-28  1.551E-28  1.528E-28  1.506E-28  1.483E-28  1.461E-28  1.439E-28  1.418E-28  1.396E-28  1.375E-28  1.354E-28  1.333E-28  1.312E-28  1.292E-28  1.271E-28  1.251E-28  1.231E-28  1.211E-28  1.191E-28  1.172E-28  1.152E-28  1.132E-28  1.113E-28  1.094E-28  1.075E-28  1.055E-28  1.036E-28  1.017E-28  9.983E-29  9.793E-29  9.604E-29  9.415E-29  9.226E-29  9.037E-29  8.849E-29  8.661E-29  8.472E-29  8.283E-29  8.093E-29  7.904E-29  7.714E-29
  281.5000  7.601E-26  7.486E-26  7.374E-26  7.263E-26  7.155E-26  7.048E-26  6.944E-26  6.841E-26  6.740E-26  6.641E-26  6.543E-26  6.446E-26  6.351E-26  6.258E-26  6.166E-26  6.075E-26  5.986E-26  5.898E-26  5.811E-26  5.725E-26  5.640E-26  5.556E-26  5.473E-26  5.391E-26  5.310E-26  5.230E-26  5.151E-26  5.073E-26  4.995E-26  4.918E-26  4.842E-26  4.767E-26  4.692E-26  4.618E-26  4.545E-26  4.472E-26  4.399E-26  4.328E-26  4.256E-26  4.185E-26  4.114E-26  4.044E-26  3.975E-26  3.905E-26  3.836E-26  3.767E-26  3.699E-26  3.630E-26  3.563E-26  3.495E-26  3.427E-26  3.359E-26  3.292E-26  3.224E-26  3.157E-26  3.089E-26  3.022E-26  2.954E-26  2.887E-26  2.819E-26  2.751E-26
  282.5000  8.192E-24  8.066E-24  7.942E-24  7.822E-24  7.703E-24  7.586E-24  7.471E-24  7.359E-24  7.248E-24  7.140E-24  7.033E-24  6.927E-24  6.824E-24  6.722E-24  6.621E-24  6.523E-24  6.425E-24  6.329E-24  6.234E-24  6.141E-24  6.049E-24  5.958E-24  5.868E-24  5.779E-24  5.691E-24  5.604E-24  5.518E-24  5.434E-24  5.350E-24  5.266E-24  5.184E-24  5.103E-24  5.022E-24  4.942E-24  4.862E-24  4.783E-24  4.705E-24  4.628E-24  4.551E-24  4.474E-24  4.398E-24  4.323E-24  4.247E-24  4.173E-24  4.099E-24  4.025E-24  3.951E-24  3.877E-24  3.805E-24  3.732E-24  3.659E-24  3.586E-24  3.514E-24  3.441E-24  3.369E-24  3.297E-24  3.225E-24  3.153E-24  3.080E-24  3.008E-24  2.936E-24
  283.5000  1.547E-22  1.522E-22  1.499E-22  1.476E-22  1.453E-22  1.431E-22  1.409E-22  1.387E-22  1.366E-22  1.345E-22  1.325E-22  1.305E-22  1.285E-22  1.266E-22  1.247E-22  1.228E-22  1.209E-22  1.191E-22  1.173E-22  1.155E-22  1.138E-22  1.120E-22  1.103E-22  1.086E-22  1.070E-22  1.053E-22  1.037E-22  1.021E-22  1.005E-22  9.893E-23  9.737E-23  9.583E-23  9.430E-23  9.279E-23  9.128E-23  8.979E-23  8.831E-23  8.685E-23  8.540E-23  8.395E-23  8.252E-23  8.109E-23  7.967E-23  7.827E-23  7.687E-23  7.547E-23  7.408E-23  7.270E-23  7.133E-23  6.995E-23  6.858E-23  6.722E-23  6.585E-23  6.449E-23  6.314E-23  6.178E-23  6.043E-23  5.907E-23  5.771E-23  5.635E-23  5.500E-23
  284.5000  2.015E-20  1.983E-20  1.951E-20  1.920E-20  1.890E-20  1.860E-20  1.831E-20  1.802E-20  1.774E-20  1.746E-20  1.719E-20  1.692E-20  1.666E-20  1.640E-20  1.615E-20  1.590E-20  1.565E-20  1.541E-20  1.517E-20  1.494E-20  1.471E-20  1.448E-20  1.425E-20  1.403E-20  1.381E-20  1.359E-20  1.338E-20  1.317E-20  1.296E-20  1.275E-20  1.255E-20  1.235E-20  1.215E-20  1.195E-20  1.175E-20  1.156E-20  1.136E-20  1.117E-20  1.098E-20  1.079E-20  1.061E-20  1.042E-20  1.024E-20  1.006E-20  9.873E-21  9.692E-21  9.512E-21  9.332E-21  9.154E-21  8.976E-21  8.799E-21  8.623E-21  8.447E-21  8.271E-21  8.096E-21  7.921E-21  7.746E-21  7.571E-21  7.397E-21  7.222E-21  7.047E-21
  285.5000  4.654E-19  4.577E-19  4.502E-19  4.428E-19  4.356E-19  4.286E-19  4.216E-19  4.149E-19  4.082E-19  4.017E-19  3.953E-19  3.890E-19  3.829E-19  3.768E-19  3.708E-19  3.650E-19  3.592E-19  3.536E-19  3.480E-19  3.425E-19  3.371E-19  3.317E-19  3.265E-19  3.213E-19  3.162E-19  3.111E-19  3.061E-19  3.012E-19  2.964E-19  2.916E-19  2.868E-19  2.821E-19  2.775E-19  2.729E-19  2.683E-19  2.638E-19  2.593E-19  2.549E-19  2.505E-19  2.462E-19  2.419E-19  2.376E-19  2.333E-19  2.291E-19  2.249E-19  2.208E-19  2.166E-19  2.125E-19  2.084E-19  2.043E-19  2.002E-19  1.962E-19  1.922E-19  1.881E-19  1.841E-19  1.801E-19  1.761E-19  1.721E-19  1.681E-19  1.641E-19  1.601E-19
  286.5000  2.352E-17  2.312E-17  2.273E-17  2.235E-17  2.198E-17  2.161E-17  2.126E-17  2.091E-17  2.056E-17  2.023E-17  1.990E-17  1.958E-17  1.926E-17  1.895E-17  1.864E-17  1.834E-17  1.805E-17  1.776E-17  1.747E-17  1.719E-17  1.692E-17  1.664E-17  1.637E-17  1.611E-17  1.585E-17  1.559E-17  1.534E-17  1.509E-17  1.484E-17  1.460E-17  1.436E-17  1.412E-17  1.388E-17  1.365E-17  1.342E-17  1.319E-17  1.296E-17  1.274E-17  1.252E-17  1.230E-17  1.208E-17  1.186E-17  1.165E-17  1.144E-17  1.122E-17  1.101E-17  1.081E-17  1.060E-17  1.039E-17  1.019E-17  9.982E-18  9.778E-18  9.576E-18  9.373E-18  9.172E-18  8.971E-18  8.771E-18  8.571E-18  8.371E-18  8.171E-18  7.972E-18
  287.5000  6.830E-16  6.710E-16  6.594E-16  6.480E-16  6.369E-16  6.260E-16  6.154E-16  6.050E-16  5.948E-16  5.848E-16  5.750E-16  5.654E-16  5.560E-16  5.468E-16  5.377E-16  5.289E-16  5.201E-16  5.115E-16  5.031E-16  4.948E-16  4.867E-16  4.787E-16  4.708E-16  4.630E-16  4.553E-16  4.478E-16  4.403E-16  4.330E-16  4.258E-16  4.186E-16  4.115E-16  4.046E-16  3.977E-16  3.909E-16  3.842E-16  3.775E-16  3.709E-16  3.644E-16  3.580E-16  3.516E-16  3.453E-16  3.390E-16  3.328E-16  3.266E-16  3.205E-16  3.144E-16  3.084E-16  3.024E-16  2.964E-16  2.905E-16  2.846E-16  2.787E-16  2.729E-16  2.671E-16  2.613E-16  2.555E-16  2.497E-16  2.440E-16  2.383E-16  2.325E-16  2.268E-16
  288.5000  2.028E-14  1.991E-14  1.955E-14  1.920E-14  1.886E-14  1.852E-14  1.819E-14  1.787E-14  1.756E-14  1.725E-14  1.695E-14  1.666E-14  1.637E-14  1.609E-14  1.582E-14  1.555E-14  1.528E-14  1.502E-14  1.476E-14  1.451E-14  1.427E-14  1.402E-14  1.378E-14  1.355E-14  1.332E-14  1.309E-14  1.287E-14  1.265E-14  1.243E-14  1.222E-14  1.200E-14  1.180E-14  1.159E-14  1.139E-14  1.119E-14  1.099E-14  1.079E-14  1.060E-14  1.041E-14  1.022E-14  1.003E-14  9.842E-15  9.658E-15  9.476E-15  9.295E-15  9.115E-15  8.937E-15  8.760E-15  8.585E-15  8.410E-15  8.237E-15  8.064E-15  7.893E-15  7.722E-15  7.553E-15  7.383E-15  7.215E-15  7.047E-15  6.879E-15  6.712E-15  6.545E-15
  289.5000  4.009E-13  3.934E-13  3.860E-13  3.789E-13  3.719E-13  3.651E-13  3.584E-13  3.519E-13  3.455E-13  3.393E-13  3.332E-13  3.273E-13  3.215E-13  3.158E-13  3.102E-13  3.047E-13  2.994E-13  2.941E-13  2.890E-13  2.839E-13  2.789E-13  2.741E-13  2.693E-13  2.646E-13  2.599E-13  2.554E-13  2.509E-13  2.465E-13  2.422E-13  2.379E-13  2.337E-13  2.295E-13  2.254E-13  2.214E-13  2.174E-13  2.135E-13  2.096E-13  2.058E-13  2.020E-13  1.982E-13  1.945E-13  1.908E-13  1.872E-13  1.836E-13  1.800E-13  1.765E-13  1.730E-13  1.695E-13  1.660E-13  1.626E-13  1.592E-13  1.558E-13  1.525E-13  1.491E-13  1.458E-13  1.425E-13  1.392E-13  1.359E-13  1.327E-13  1.294E-13  1.262E-13
  290.5000  4.752E-12  4.659E-12  4.569E-12  4.481E-12  4.396E-12  4.312E-12  4.231E-12  4.152E-12  4.074E-12  3.999E-12  3.925E-12  3.853E-12  3.782E-12  3.713E-12  3.645E-12  3.579E-12  3.514E-12  3.451E-12  3.389E-12  3.328E-12  3.268E-12  3.209E-12  3.152E-12  3.095E-12  3.039E-12  2.985E-12  2.931E-12  2.878E-12  2.826E-12  2.775E-12  2.725E-12  2.676E-12  2.627E-12  2.579E-12  2.531E-12  2.484E-12  2.438E-12  2.393E-12  2.347E-12  2.303E-12  2.259E-12  2.215E-12  2.172E-12  2.130E-12  2.088E-12  2.046E-12  2.005E-12  1.964E-12  1.923E-12  1.883E-12  1.843E-12  1.803E-12  1.764E-12  1.725E-12  1.686E-12  1.647E-12  1.609E-12  1.570E-12  1.532E-12  1.494E-12  1.456E-12
  291.5000  5.197E-11  5.091E-11  4.988E-11  4.888E-11  4.790E-11  4.695E-11  4.603E-11  4.513E-11  4.425E-11  4.339E-11  4.255E-11  4.174E-11  4.094E-11  4.016E-11  3.940E-11  3.866E-11  3.793E-11  3.721E-11  3.652E-11  3.583E-11  3.517E-11  3.451E-11  3.387E-11  3.324E-11  3.262E-11  3.201E-11  3.141E-11  3.083E-11  3.025E-11  2.969E-11  2.913E-11  2.858E-11  2.804E-11  2.751E-11  2.699E-11  2.648E-11  2.597E-11  2.547E-11  2.498E-11  2.449E-11  2.401E-11  2.353E-11  2.307E-11  2.260E-11  2.215E-11  2.169E-11  2.124E-11  2.080E-11  2.036E-11  1.993E-11  1.949E-11  1.906E-11  1.864E-11  1.822E-11  1.780E-11  1.738E-11  1.697E-11  1.656E-11  1.615E-11  1.574E-11  1.534E-11
  292.5000  3.495E-10  3.420E-10  3.347E-10  3.277E-10  3.209E-10  3.142E-10  3.078E-10  3.015E-10  2.954E-10  2.894E-10  2.836E-10  2.779E-10  2.724E-10  2.670E-10  2.617E-10  2.566E-10  2.516E-10  2.467E-10  2.419E-10  2.372E-10  2.326E-10  2.281E-10  2.237E-10  2.194E-10  2.151E-10  2.110E-10  2.069E-10  2.029E-10  1.990E-10  1.952E-10  1.914E-10  1.877E-10  1.840E-10  1.804E-10  1.769E-10  1.734E-10  1.700E-10  1.667E-10  1.633E-10  1.601E-10  1.568E-10  1.536E-10  1.505E-10  1.474E-10  1.443E-10  1.413E-10  1.383E-10  1.354E-10  1.324E-10  1.296E-10  1.267E-10  1.238E-10  1.210E-10  1.182E-10  1.155E-10  1.127E-10  1.100E-10  1.073E-10  1.046E-10  1.019E-10  9.925E-11
  293.5000  2.698E-09  2.637E-09  2.578E-09  2.521E-09  2.465E-09  2.412E-09  2.359E-09  2.309E-09  2.260E-09  2.212E-09  2.165E-09  2.120E-09  2.076E-09  2.033E-09  1.991E-09  1.950E-09  1.910E-09  1.871E-09  1.833E-09  1.796E-09  1.760E-09  1.724E-09  1.690E-09  1.656E-09  1.622E-09  1.590E-09  1.558E-09  1.527E-09  1.496E-09  1.466E-09  1.437E-09  1.408E-09  1.379E-09  1.352E-09  1.324E-09  1.297E-09  1.271E-09  1.245E-09  1.219E-09  1.194E-09  1.169E-09  1.145E-09  1.120E-09  1.097E-09  1.073E-09  1.050E-09  1.027E-09  1.005E-09  9.823E-10  9.602E-10  9.384E-10  9.169E-10  8.955E-10  8.743E-10  8.534E-10  8.327E-10  8.121E-10  7.916E-10  7.714E-10  7.512E-10  7.313E-10
  294.5000  1.126E-08  1.099E-08  1.073E-08  1.048E-08  1.024E-08  1.000E-08  9.777E-09  9.557E-09  9.344E-09  9.138E-09  8.937E-09  8.741E-09  8.551E-09  8.367E-09  8.187E-09  8.012E-09  7.842E-09  7.675E-09  7.513E-09  7.355E-09  7.201E-09  7.050E-09  6.903E-09  6.759E-09  6.618E-09  6.480E-09  6.346E-09  6.214E-09  6.085E-09  5.958E-09  5.834E-09  5.713E-09  5.594E-09  5.477E-09  5.362E-09  5.249E-09  5.139E-09  5.030E-09  4.923E-09  4.818E-09  4.715E-09  4.613E-09  4.513E-09  4.415E-09  4.317E-09  4.222E-09  4.127E-09  4.034E-09  3.942E-09  3.852E-09  3.762E-09  3.673E-09  3.586E-09  3.499E-09  3.414E-09  3.329E-09  3.245E-09  3.161E-09  3.079E-09  2.997E-09  2.916E-09
  295.5000  6.695E-08  6.520E-08  6.352E-08  6.192E-08  6.037E-08  5.888E-08  5.745E-08  5.606E-08  5.473E-08  5.344E-08  5.219E-08  5.098E-08  4.980E-08  4.866E-08  4.756E-08  4.649E-08  4.544E-08  4.443E-08  4.344E-08  4.248E-08  4.154E-08  4.063E-08  3.974E-08  3.887E-08  3.802E-08  3.719E-08  3.638E-08  3.559E-08  3.482E-08  3.406E-08  3.332E-08  3.260E-08  3.189E-08  3.119E-08  3.051E-08  2.984E-08  2.918E-08  2.854E-08  2.791E-08  2.729E-08  2.668E-08  2.608E-08  2.550E-08  2.492E-08  2.435E-08  2.379E-08  2.324E-08  2.270E-08  2.216E-08  2.164E-08  2.112E-08  2.060E-08  2.010E-08  1.960E-08  1.910E-08  1.861E-08  1.813E-08  1.765E-08  1.718E-08  1.671E-08  1.625E-08
  296.5000  2.464E-07  2.393E-07  2.325E-07  2.261E-07  2.199E-07  2.140E-07  2.084E-07  2.029E-07  1.977E-07  1.927E-07  1.879E-07  1.832E-07  1.787E-07  1.743E-07  1.701E-07  1.661E-07  1.621E-07  1.583E-07  1.546E-07  1.510E-07  1.475E-07  1.441E-07  1.407E-07  1.375E-07  1.344E-07  1.313E-07  1.283E-07  1.254E-07  1.225E-07  1.197E-07  1.170E-07  1.144E-07  1.118E-07  1.092E-07  1.067E-07  1.043E-07  1.019E-07  9.958E-08  9.729E-08  9.504E-08  9.283E-08  9.067E-08  8.855E-08  8.647E-08  8.442E-08  8.241E-08  8.043E-08  7.848E-08  7.657E-08  7.468E-08  7.283E-08  7.100E-08  6.920E-08  6.742E-08  6.567E-08  6.394E-08  6.223E-08  6.055E-08  5.888E-08  5.723E-08  5.561E-08
  297.5000  9.412E-07  9.107E-07  8.819E-07  8.546E-07  8.286E-07  8.040E-07  7.804E-07  7.580E-07  7.366E-07  7.162E-07  6.966E-07  6.778E-07  6.597E-07  6.424E-07  6.257E-07  6.097E-07  5.942E-07  5.792E-07  5.647E-07  5.507E-07  5.371E-07  5.240E-07  5.112E-07  4.988E-07  4.868E-07  4.750E-07  4.637E-07  4.526E-07  4.418E-07  4.312E-07  4.210E-07  4.110E-07  4.012E-07  3.916E-07  3.823E-07  3.732E-07  3.642E-07  3.555E-07  3.470E-07  3.386E-07  3.305E-07  3.224E-07  3.146E-07  3.069E-07  2.993E-07  2.919E-07  2.846E-07  2.775E-07  2.704E-07  2.635E-07  2.567E-07  2.501E-07  2.435E-07  2.370E-07  2.307E-07  2.244E-07  2.182E-07  2.121E-07  2.061E-07  2.001E-07  1.943E-07
  298.5000  2.086E-06  2.010E-06  1.939E-06  1.872E-06  1.809E-06  1.749E-06  1.692E-06  1.638E-06  1.587E-06  1.538E-06  1.492E-06  1.447E-06  1.405E-06  1.365E-06  1.326E-06  1.289E-06  1.254E-06  1.220E-06  1.187E-06  1.155E-06  1.125E-06  1.096E-06  1.067E-06  1.040E-06  1.013E-06  9.872E-07  9.623E-07  9.380E-07  9.144E-07  8.915E-07  8.691E-07  8.475E-07  8.264E-07  8.058E-07  7.856E-07  7.660E-07  7.469E-07  7.283E-07  7.100E-07  6.922E-07  6.747E-07  6.576E-07  6.409E-07  6.246E-07  6.086E-07  5.929E-07  5.775E-07  5.624E-07  5.477E-07  5.332E-07  5.189E-07  5.049E-07  4.912E-07  4.777E-07  4.644E-07  4.514E-07  4.385E-07  4.258E-07  4.134E-07  4.011E-07  3.890E-07
  299.5000  8.737E-06  8.385E-06  8.054E-06  7.742E-06  7.447E-06  7.169E-06  6.907E-06  6.659E-06  6.425E-06  6.204E-06  5.994E-06  5.795E-06  5.605E-06  5.426E-06  5.255E-06  5.093E-06  4.937E-06  4.789E-06  4.647E-06  4.512E-06  4.382E-06  4.257E-06  4.137E-06  4.022E-06  3.911E-06  3.803E-06  3.700E-06  3.600E-06  3.504E-06  3.410E-06  3.319E-06  3.231E-06  3.146E-06  3.063E-06  2.982E-06  2.904E-06  2.827E-06  2.753E-06  2.681E-06  2.610E-06  2.541E-06  2.473E-06  2.407E-06  2.343E-06  2.280E-06  2.219E-06  2.159E-06  2.100E-06  2.042E-06  1.986E-06  1.930E-06  1.876E-06  1.823E-06  1.771E-06  1.720E-06  1.669E-06  1.620E-06  1.571E-06  1.524E-06  1.477E-06  1.431E-06
  300.5000  1.380E-05  1.320E-05  1.264E-05  1.211E-05  1.161E-05  1.114E-05  1.069E-05  1.027E-05  9.873E-06  9.500E-06  9.146E-06  8.811E-06  8.494E-06  8.194E-06  7.910E-06  7.641E-06  7.385E-06  7.142E-06  6.910E-06  6.690E-06  6.480E-06  6.279E-06  6.087E-06  5.903E-06  5.727E-06  5.558E-06  5.396E-06  5.240E-06  5.090E-06  4.945E-06  4.805E-06  4.670E-06  4.539E-06  4.413E-06  4.290E-06  4.171E-06  4.056E-06  3.944E-06  3.835E-06  3.729E-06  3.626E-06  3.525E-06  3.427E-06  3.332E-06  3.239E-06  3.148E-06  3.059E-06  2.972E-06  2.887E-06  2.804E-06  2.723E-06  2.643E-06  2.566E-06  2.489E-06  2.415E-06  2.342E-06  2.270E-06  2.199E-06  2.130E-06  2.062E-06  1.996E-06
  301.5000  5.052E-05  4.821E-05  4.602E-05  4.395E-05  4.199E-05  4.015E-05  3.840E-05  3.675E-05  3.519E-05  3.372E-05  3.233E-05  3.102E-05  2.977E-05  2.860E-05  2.749E-05  2.644E-05  2.545E-05  2.450E-05  2.361E-05  2.276E-05  2.196E-05  2.120E-05  2.047E-05  1.978E-05  1.913E-05  1.850E-05  1.790E-05  1.733E-05  1.678E-05  1.626E-05  1.575E-05  1.527E-05  1.480E-05  1.436E-05  1.393E-05  1.351E-05  1.311E-05  1.272E-05  1.234E-05  1.198E-05  1.163E-05  1.128E-05  1.095E-05  1.063E-05  1.031E-05  1.001E-05  9.709E-06  9.418E-06  9.136E-06  8.860E-06  8.590E-06  8.326E-06  8.069E-06  7.817E-06  7.572E-06  7.332E-06  7.096E-06  6.866E-06  6.640E-06  6.419E-06  6.203E-06
  302.5000  9.658E-05  9.207E-05  8.779E-05  8.374E-05  7.990E-05  7.625E-05  7.280E-05  6.953E-05  6.644E-05  6.352E-05  6.075E-05  5.813E-05  5.565E-05  5.330E-05  5.109E-05  4.899E-05  4.701E-05  4.513E-05  4.335E-05  4.167E-05  4.008E-05  3.857E-05  3.713E-05  3.577E-05  3.448E-05  3.325E-05  3.209E-05  3.097E-05  2.991E-05  2.890E-05  2.794E-05  2.702E-05  2.613E-05  2.529E-05  2.448E-05  2.370E-05  2.295E-05  2.223E-05  2.153E-05  2.086E-05  2.021E-05  1.958E-05  1.898E-05  1.839E-05  1.782E-05  1.727E-05  1.673E-05  1.621E-05  1.570E-05  1.521E-05  1.472E-05  1.426E-05  1.380E-05  1.335E-05  1.292E-05  1.249E-05  1.208E-05  1.167E-05  1.127E-05  1.089E-05  1.051E-05
  303.5000  2.820E-04  2.689E-04  2.564E-04  2.445E-04  2.332E-04  2.223E-04  2.121E-04  2.023E-04  1.930E-04  1.842E-04  1.758E-04  1.678E-04  1.603E-04  1.531E-04  1.463E-04  1.399E-04  1.338E-04  1.280E-04  1.225E-04  1.173E-04  1.124E-04  1.077E-04  1.033E-04  9.913E-05  9.516E-05  9.140E-05  8.785E-05  8.446E-05  8.125E-05  7.819E-05  7.529E-05  7.254E-05  6.991E-05  6.740E-05  6.501E-05  6.272E-05  6.054E-05  5.846E-05  5.646E-05  5.454E-05  5.270E-05  5.093E-05  4.922E-05  4.758E-05  4.600E-05  4.447E-05  4.299E-05  4.156E-05  4.018E-05  3.883E-05  3.753E-05  3.627E-05  3.504E-05  3.384E-05  3.268E-05  3.155E-05  3.045E-05  2.937E-05  2.832E-05  2.730E-05  2.630E-05
  304.5000  4.262E-04  4.067E-04  3.880E-04  3.702E-04  3.532E-04  3.369E-04  3.214E-04  3.065E-04  2.924E-04  2.789E-04  2.661E-04  2.539E-04  2.423E-04  2.312E-04  2.207E-04  2.107E-04  2.012E-04  1.922E-04  1.837E-04  1.756E-04  1.679E-04  1.606E-04  1.537E-04  1.471E-04  1.409E-04  1.350E-04  1.294E-04  1.241E-04  1.191E-04  1.143E-04  1.098E-04  1.055E-04  1.014E-04  9.753E-05  9.384E-05  9.032E-05  8.697E-05  8.378E-05  8.073E-05  7.781E-05  7.502E-05  7.235E-05  6.979E-05  6.734E-05  6.498E-05  6.271E-05  6.052E-05  5.841E-05  5.638E-05  5.441E-05  5.251E-05  5.067E-05  4.888E-05  4.715E-05  4.547E-05  4.384E-05  4.226E-05  4.071E-05  3.921E-05  3.775E-05  3.633E-05
  305.5000  9.314E-04  8.909E-04  8.518E-04  8.144E-04  7.783E-04  7.436E-04  7.103E-04  6.783E-04  6.477E-04  6.184E-04  5.902E-04  5.633E-04  5.375E-04  5.129E-04  4.894E-04  4.670E-04  4.455E-04  4.250E-04  4.055E-04  3.869E-04  3.693E-04  3.524E-04  3.364E-04  3.212E-04  3.067E-04  2.929E-04  2.799E-04  2.675E-04  2.557E-04  2.445E-04  2.339E-04  2.238E-04  2.142E-04  2.052E-04  1.965E-04  1.883E-04  1.806E-04  1.732E-04  1.662E-04  1.595E-04  1.531E-04  1.471E-04  1.413E-04  1.358E-04  1.306E-04  1.255E-04  1.207E-04  1.161E-04  1.117E-04  1.075E-04  1.034E-04  9.946E-05  9.568E-05  9.204E-05  8.853E-05  8.513E-05  8.184E-05  7.865E-05  7.557E-05  7.258E-05  6.968E-05
  306.5000  1.213E-03  1.162E-03  1.112E-03  1.065E-03  1.019E-03  9.745E-04  9.318E-04  8.907E-04  8.512E-04  8.133E-04  7.768E-04  7.418E-04  7.083E-04  6.761E-04  6.453E-04  6.158E-04  5.876E-04  5.606E-04  5.348E-04  5.101E-04  4.867E-04  4.643E-04  4.429E-04  4.225E-04  4.031E-04  3.846E-04  3.671E-04  3.503E-04  3.344E-04  3.193E-04  3.050E-04  2.914E-04  2.785E-04  2.662E-04  2.545E-04  2.434E-04  2.329E-04  2.230E-04  2.135E-04  2.045E-04  1.959E-04  1.878E-04  1.801E-04  1.727E-04  1.657E-04  1.590E-04  1.526E-04  1.465E-04  1.407E-04  1.351E-04  1.298E-04  1.246E-04  1.197E-04  1.150E-04  1.104E-04  1.060E-04  1.018E-04  9.770E-05  9.374E-05  8.992E-05  8.623E-05
  307.5000  2.715E-03  2.609E-03  2.505E-03  2.406E-03  2.309E-03  2.215E-03  2.124E-03  2.036E-03  1.951E-03  1.869E-03  1.789E-03  1.712E-03  1.638E-03  1.567E-03  1.498E-03  1.432E-03  1.368E-03  1.307E-03  1.248E-03  1.192E-03  1.138E-03  1.085E-03  1.035E-03  9.876E-04  9.418E-04  8.980E-04  8.563E-04  8.162E-04  7.780E-04  7.415E-04  7.068E-04  6.737E-04  6.421E-04  6.121E-04  5.834E-04  5.562E-04  5.303E-04  5.058E-04  4.824E-04  4.602E-04  4.391E-04  4.191E-04  4.000E-04  3.820E-04  3.648E-04  3.485E-04  3.330E-04  3.182E-04  3.042E-04  2.909E-04  2.781E-04  2.660E-04  2.544E-04  2.434E-04  2.328E-04  2.227E-04  2.130E-04  2.037E-04  1.948E-04  1.862E-04  1.780E-04
  308.5000  3.603E-03  3.467E-03  3.334E-03  3.206E-03  3.081E-03  2.960E-03  2.842E-03  2.727E-03  2.617E-03  2.510E-03  2.406E-03  2.305E-03  2.208E-03  2.114E-03  2.024E-03  1.936E-03  1.852E-03  1.770E-03  1.692E-03  1.617E-03  1.544E-03  1.474E-03  1.407E-03  1.343E-03  1.281E-03  1.221E-03  1.165E-03  1.110E-03  1.058E-03  1.008E-03  9.607E-04  9.154E-04  8.720E-04  8.306E-04  7.912E-04  7.536E-04  7.178E-04  6.838E-04  6.514E-04  6.206E-04  5.913E-04  5.634E-04  5.370E-04  5.119E-04  4.881E-04  4.654E-04  4.439E-04  4.234E-04  4.040E-04  3.856E-04  3.680E-04  3.513E-04  3.354E-04  3.202E-04  3.058E-04  2.920E-04  2.788E-04  2.662E-04  2.541E-04  2.425E-04  2.314E-04
  309.5000  4.285E-03  4.135E-03  3.988E-03  3.845E-03  3.705E-03  3.568E-03  3.436E-03  3.306E-03  3.180E-03  3.058E-03  2.939E-03  2.824E-03  2.712E-03  2.603E-03  2.497E-03  2.395E-03  2.295E-03  2.199E-03  2.106E-03  2.016E-03  1.929E-03  1.845E-03  1.764E-03  1.686E-03  1.610E-03  1.537E-03  1.467E-03  1.400E-03  1.335E-03  1.273E-03  1.213E-03  1.156E-03  1.101E-03  1.049E-03  9.984E-04  9.502E-04  9.042E-04  8.603E-04  8.184E-04  7.783E-04  7.402E-04  7.038E-04  6.692E-04  6.364E-04  6.051E-04  5.753E-04  5.470E-04  5.201E-04  4.946E-04  4.703E-04  4.473E-04  4.254E-04  4.046E-04  3.849E-04  3.662E-04  3.483E-04  3.313E-04  3.152E-04  2.998E-04  2.851E-04  2.712E-04
  310.5000  7.248E-03  7.008E-03  6.773E-03  6.544E-03  6.320E-03  6.100E-03  5.886E-03  5.677E-03  5.473E-03  5.274E-03  5.080E-03  4.890E-03  4.706E-03  4.526E-03  4.351E-03  4.181E-03  4.016E-03  3.855E-03  3.699E-03  3.548E-03  3.401E-03  3.259E-03  3.121E-03  2.987E-03  2.858E-03  2.733E-03  2.613E-03  2.496E-03  2.383E-03  2.275E-03  2.170E-03  2.070E-03  1.973E-03  1.880E-03  1.791E-03  1.705E-03  1.622E-03  1.544E-03  1.468E-03  1.396E-03  1.326E-03  1.260E-03  1.197E-03  1.137E-03  1.080E-03  1.025E-03  9.729E-04  9.234E-04  8.764E-04  8.315E-04  7.889E-04  7.485E-04  7.101E-04  6.736E-04  6.391E-04  6.062E-04  5.750E-04  5.453E-04  5.171E-04  4.904E-04  4.650E-04
  311.5000  1.077E-02  1.043E-02  1.009E-02  9.765E-03  9.444E-03  9.130E-03  8.822E-03  8.521E-03  8.227E-03  7.940E-03  7.659E-03  7.385E-03  7.117E-03  6.856E-03  6.601E-03  6.353E-03  6.110E-03  5.875E-03  5.645E-03  5.422E-03  5.205E-03  4.994E-03  4.789E-03  4.590E-03  4.397E-03  4.210E-03  4.029E-03  3.854E-03  3.684E-03  3.520E-03  3.362E-03  3.209E-03  3.062E-03  2.919E-03  2.782E-03  2.650E-03  2.523E-03  2.402E-03  2.285E-03  2.172E-03  2.065E-03  1.962E-03  1.863E-03  1.769E-03  1.679E-03  1.593E-03  1.510E-03  1.432E-03  1.358E-03  1.287E-03  1.219E-03  1.155E-03  1.094E-03  1.036E-03  9.810E-04  9.288E-04  8.792E-04  8.321E-04  7.874E-04  7.451E-04  7.050E-04
  312.5000  1.362E-02  1.322E-02  1.284E-02  1.246E-02  1.208E-02  1.172E-02  1.135E-02  1.100E-02  1.065E-02  1.031E-02  9.978E-03  9.649E-03  9.328E-03  9.013E-03  8.705E-03  8.404E-03  8.108E-03  7.820E-03  7.537E-03  7.261E-03  6.993E-03  6.730E-03  6.473E-03  6.223E-03  5.980E-03  5.742E-03  5.512E-03  5.287E-03  5.068E-03  4.856E-03  4.649E-03  4.450E-03  4.255E-03  4.067E-03  3.885E-03  3.709E-03  3.538E-03  3.374E-03  3.215E-03  3.061E-03  2.913E-03  2.771E-03  2.633E-03  2.502E-03  2.375E-03  2.254E-03  2.137E-03  2.026E-03  1.919E-03  1.817E-03  1.720E-03  1.626E-03  1.538E-03  1.453E-03  1.373E-03  1.296E-03  1.223E-03  1.154E-03  1.088E-03  1.026E-03  9.669E-04
  313.5000  1.642E-02  1.596E-02  1.550E-02  1.505E-02  1.461E-02  1.418E-02  1.375E-02  1.333E-02  1.292E-02  1.251E-02  1.212E-02  1.173E-02  1.134E-02  1.097E-02  1.060E-02  1.024E-02  9.889E-03  9.544E-03  9.207E-03  8.876E-03  8.554E-03  8.239E-03  7.931E-03  7.630E-03  7.337E-03  7.051E-03  6.773E-03  6.501E-03  6.237E-03  5.980E-03  5.730E-03  5.487E-03  5.251E-03  5.023E-03  4.801E-03  4.585E-03  4.377E-03  4.176E-03  3.982E-03  3.793E-03  3.612E-03  3.437E-03  3.268E-03  3.106E-03  2.950E-03  2.799E-03  2.655E-03  2.517E-03  2.385E-03  2.258E-03  2.136E-03  2.021E-03  1.910E-03  1.804E-03  1.704E-03  1.608E-03  1.517E-03  1.430E-03  1.348E-03  1.270E-03  1.196E-03
  314.5000  2.054E-02  2.001E-02  1.949E-02  1.897E-02  1.847E-02  1.797E-02  1.747E-02  1.699E-02  1.651E-02  1.604E-02  1.557E-02  1.511E-02  1.466E-02  1.422E-02  1.379E-02  1.336E-02  1.294E-02  1.253E-02  1.212E-02  1.172E-02  1.133E-02  1.095E-02  1.057E-02  1.021E-02  9.846E-03  9.492E-03  9.148E-03  8.809E-03  8.478E-03  8.155E-03  7.839E-03  7.532E-03  7.231E-03  6.937E-03  6.651E-03  6.373E-03  6.102E-03  5.839E-03  5.582E-03  5.333E-03  5.092E-03  4.857E-03  4.630E-03  4.411E-03  4.198E-03  3.992E-03  3.793E-03  3.602E-03  3.417E-03  3.239E-03  3.068E-03  2.904E-03  2.746E-03  2.594E-03  2.449E-03  2.310E-03  2.178E-03  2.051E-03  1.930E-03  1.815E-03  1.705E-03
  315.5000  2.202E-02  2.146E-02  2.091E-02  2.036E-02  1.983E-02  1.930E-02  1.877E-02  1.826E-02  1.775E-02  1.725E-02  1.676E-02  1.628E-02  1.580E-02  1.533E-02  1.487E-02  1.442E-02  1.397E-02  1.353E-02  1.310E-02  1.268E-02  1.226E-02  1.185E-02  1.145E-02  1.106E-02  1.067E-02  1.030E-02  9.927E-03  9.565E-03  9.211E-03  8.864E-03  8.526E-03  8.196E-03  7.873E-03  7.557E-03  7.250E-03  6.950E-03  6.658E-03  6.374E-03  6.098E-03  5.829E-03  5.568E-03  5.314E-03  5.068E-03  4.830E-03  4.599E-03  4.376E-03  4.160E-03  3.951E-03  3.750E-03  3.556E-03  3.370E-03  3.190E-03  3.017E-03  2.851E-03  2.693E-03  2.540E-03  2.395E-03  2.255E-03  2.122E-03  1.996E-03  1.875E-03
  316.5000  2.611E-02  2.550E-02  2.490E-02  2.430E-02  2.371E-02  2.313E-02  2.256E-02  2.199E-02  2.143E-02  2.087E-02  2.033E-02  1.979E-02  1.925E-02  1.873E-02  1.821E-02  1.770E-02  1.720E-02  1.670E-02  1.621E-02  1.573E-02  1.525E-02  1.479E-02  1.433E-02  1.387E-02  1.343E-02  1.299E-02  1.256E-02  1.214E-02  1.173E-02  1.132E-02  1.092E-02  1.053E-02  1.014E-02  9.768E-03  9.400E-03  9.039E-03  8.686E-03  8.342E-03  8.005E-03  7.675E-03  7.354E-03  7.040E-03  6.735E-03  6.438E-03  6.148E-03  5.866E-03  5.592E-03  5.326E-03  5.069E-03  4.819E-03  4.577E-03  4.342E-03  4.116E-03  3.897E-03  3.687E-03  3.484E-03  3.288E-03  3.100E-03  2.920E-03  2.747E-03  2.582E-03
  317.5000  3.697E-02  3.611E-02  3.526E-02  3.441E-02  3.358E-02  3.275E-02  3.194E-02  3.113E-02  3.034E-02  2.955E-02  2.878E-02  2.801E-02  2.726E-02  2.651E-02  2.578E-02  2.506E-02  2.434E-02  2.364E-02  2.295E-02  2.226E-02  2.159E-02  2.093E-02  2.028E-02  1.964E-02  1.901E-02  1.839E-02  1.778E-02  1.718E-02  1.659E-02  1.602E-02  1.545E-02  1.490E-02  1.435E-02  1.382E-02  1.330E-02  1.279E-02  1.229E-02  1.180E-02  1.132E-02  1.086E-02  1.040E-02  9.959E-03  9.526E-03  9.106E-03  8.696E-03  8.297E-03  7.909E-03  7.532E-03  7.168E-03  6.814E-03  6.472E-03  6.140E-03  5.819E-03  5.510E-03  5.213E-03  4.925E-03  4.649E-03  4.383E-03  4.128E-03  3.883E-03  3.650E-03
  318.5000  3.415E-02  3.341E-02  3.269E-02  3.197E-02  3.126E-02  3.056E-02  2.986E-02  2.917E-02  2.849E-02  2.781E-02  2.715E-02  2.649E-02  2.583E-02  2.519E-02  2.455E-02  2.392E-02  2.329E-02  2.268E-02  2.207E-02  2.147E-02  2.088E-02  2.029E-02  1.972E-02  1.915E-02  1.858E-02  1.803E-02  1.749E-02  1.695E-02  1.642E-02  1.589E-02  1.538E-02  1.488E-02  1.438E-02  1.389E-02  1.341E-02  1.294E-02  1.247E-02  1.202E-02  1.157E-02  1.113E-02  1.070E-02  1.028E-02  9.869E-03  9.467E-03  9.072E-03  8.686E-03  8.309E-03  7.942E-03  7.584E-03  7.234E-03  6.893E-03  6.562E-03  6.240E-03  5.927E-03  5.624E-03  5.330E-03  5.045E-03  4.769E-03  4.503E-03  4.246E-03  3.999E-03
  319.5000  4.298E-02  4.207E-02  4.117E-02  4.029E-02  3.941E-02  3.853E-02  3.767E-02  3.681E-02  3.597E-02  3.513E-02  3.430E-02  3.348E-02  3.267E-02  3.186E-02  3.107E-02  3.029E-02  2.951E-02  2.874E-02  2.799E-02  2.724E-02  2.650E-02  2.577E-02  2.505E-02  2.434E-02  2.364E-02  2.295E-02  2.227E-02  2.159E-02  2.093E-02  2.028E-02  1.963E-02  1.900E-02  1.838E-02  1.776E-02  1.716E-02  1.656E-02  1.598E-02  1.541E-02  1.484E-02  1.429E-02  1.375E-02  1.322E-02  1.270E-02  1.219E-02  1.169E-02  1.120E-02  1.072E-02  1.025E-02  9.799E-03  9.354E-03  8.920E-03  8.498E-03  8.086E-03  7.687E-03  7.299E-03  6.922E-03  6.557E-03  6.203E-03  5.861E-03  5.530E-03  5.212E-03
  320.5000  5.429E-02  5.317E-02  5.206E-02  5.096E-02  4.987E-02  4.879E-02  4.772E-02  4.666E-02  4.561E-02  4.457E-02  4.354E-02  4.252E-02  4.151E-02  4.051E-02  3.952E-02  3.855E-02  3.758E-02  3.663E-02  3.568E-02  3.475E-02  3.383E-02  3.292E-02  3.202E-02  3.113E-02  3.025E-02  2.939E-02  2.854E-02  2.769E-02  2.686E-02  2.604E-02  2.523E-02  2.444E-02  2.365E-02  2.288E-02  2.212E-02  2.137E-02  2.064E-02  1.991E-02  1.920E-02  1.850E-02  1.782E-02  1.714E-02  1.648E-02  1.583E-02  1.520E-02  1.458E-02  1.397E-02  1.337E-02  1.279E-02  1.222E-02  1.166E-02  1.112E-02  1.059E-02  1.008E-02  9.580E-03  9.093E-03  8.621E-03  8.162E-03  7.719E-03  7.289E-03  6.875E-03
  321.5000  5.336E-02  5.236E-02  5.136E-02  5.037E-02  4.939E-02  4.841E-02  4.744E-02  4.648E-02  4.553E-02  4.459E-02  4.365E-02  4.273E-02  4.181E-02  4.089E-02  3.999E-02  3.910E-02  3.821E-02  3.733E-02  3.646E-02  3.560E-02  3.474E-02  3.390E-02  3.306E-02  3.223E-02  3.141E-02  3.060E-02  2.980E-02  2.901E-02  2.822E-02  2.744E-02  2.668E-02  2.592E-02  2.517E-02  2.443E-02  2.370E-02  2.298E-02  2.226E-02  2.156E-02  2.087E-02  2.018E-02  1.951E-02  1.885E-02  1.819E-02  1.755E-02  1.691E-02  1.629E-02  1.567E-02  1.507E-02  1.448E-02  1.389E-02  1.332E-02  1.276E-02  1.221E-02  1.167E-02  1.115E-02  1.063E-02  1.013E-02  9.635E-03  9.154E-03  8.686E-03  8.231E-03
  322.5000  4.807E-02  4.710E-02  4.613E-02  4.518E-02  4.423E-02  4.328E-02  4.235E-02  4.143E-02  4.051E-02  3.961E-02  3.871E-02  3.782E-02  3.694E-02  3.607E-02  3.521E-02  3.436E-02  3.351E-02  3.268E-02  3.185E-02  3.104E-02  3.023E-02  2.943E-02  2.864E-02  2.787E-02  2.710E-02  2.634E-02  2.559E-02  2.485E-02  2.412E-02  2.339E-02  2.268E-02  2.198E-02  2.129E-02  2.061E-02  1.994E-02  1.928E-02  1.863E-02  1.799E-02  1.736E-02  1.674E-02  1.613E-02  1.553E-02  1.494E-02  1.437E-02  1.380E-02  1.325E-02  1.271E-02  1.217E-02  1.165E-02  1.115E-02  1.065E-02  1.016E-02  9.687E-03  9.225E-03  8.776E-03  8.337E-03  7.911E-03  7.497E-03  7.095E-03  6.705E-03  6.330E-03
  323.5000  5.912E-02  5.806E-02  5.699E-02  5.595E-02  5.490E-02  5.386E-02  5.283E-02  5.181E-02  5.079E-02  4.979E-02  4.879E-02  4.780E-02  4.682E-02  4.584E-02  4.487E-02  4.392E-02  4.297E-02  4.202E-02  4.109E-02  4.016E-02  3.925E-02  3.834E-02  3.743E-02  3.654E-02  3.566E-02  3.478E-02  3.391E-02  3.306E-02  3.220E-02  3.136E-02  3.053E-02  2.971E-02  2.889E-02  2.808E-02  2.729E-02  2.650E-02  2.572E-02  2.495E-02  2.419E-02  2.344E-02  2.269E-02  2.196E-02  2.124E-02  2.053E-02  1.982E-02  1.913E-02  1.844E-02  1.777E-02  1.711E-02  1.646E-02  1.581E-02  1.518E-02  1.456E-02  1.395E-02  1.335E-02  1.277E-02  1.219E-02  1.163E-02  1.108E-02  1.054E-02  1.001E-02
  324.5000  6.899E-02  6.774E-02  6.649E-02  6.526E-02  6.403E-02  6.282E-02  6.161E-02  6.041E-02  5.922E-02  5.804E-02  5.687E-02  5.571E-02  5.456E-02  5.341E-02  5.228E-02  5.116E-02  5.004E-02  4.894E-02  4.784E-02  4.676E-02  4.568E-02  4.462E-02  4.356E-02  4.252E-02  4.148E-02  4.045E-02  3.944E-02  3.844E-02  3.744E-02  3.646E-02  3.548E-02  3.452E-02  3.356E-02  3.262E-02  3.169E-02  3.077E-02  2.986E-02  2.896E-02  2.807E-02  2.719E-02  2.632E-02  2.547E-02  2.462E-02  2.379E-02  2.297E-02  2.216E-02  2.136E-02  2.058E-02  1.981E-02  1.905E-02  1.830E-02  1.756E-02  1.684E-02  1.613E-02  1.544E-02  1.475E-02  1.408E-02  1.343E-02  1.279E-02  1.216E-02  1.155E-02
  325.5000  7.565E-02  7.425E-02  7.287E-02  7.149E-02  7.013E-02  6.877E-02  6.743E-02  6.609E-02  6.477E-02  6.345E-02  6.215E-02  6.086E-02  5.958E-02  5.831E-02  5.705E-02  5.580E-02  5.456E-02  5.333E-02  5.212E-02  5.091E-02  4.972E-02  4.854E-02  4.737E-02  4.621E-02  4.506E-02  4.393E-02  4.281E-02  4.169E-02  4.059E-02  3.950E-02  3.843E-02  3.736E-02  3.631E-02  3.527E-02  3.424E-02  3.322E-02  3.222E-02  3.123E-02  3.025E-02  2.928E-02  2.833E-02  2.739E-02  2.646E-02  2.555E-02  2.465E-02  2.376E-02  2.289E-02  2.203E-02  2.119E-02  2.036E-02  1.954E-02  1.874E-02  1.795E-02  1.718E-02  1.642E-02  1.568E-02  1.495E-02  1.424E-02  1.355E-02  1.287E-02  1.221E-02
  326.5000  1.031E-01  1.014E-01  9.964E-02  9.792E-02  9.621E-02  9.450E-02  9.281E-02  9.113E-02  8.946E-02  8.781E-02  8.616E-02  8.453E-02  8.290E-02  8.129E-02  7.969E-02  7.811E-02  7.653E-02  7.497E-02  7.342E-02  7.188E-02  7.035E-02  6.884E-02  6.733E-02  6.584E-02  6.436E-02  6.290E-02  6.145E-02  6.001E-02  5.858E-02  5.716E-02  5.576E-02  5.437E-02  5.299E-02  5.163E-02  5.028E-02  4.894E-02  4.761E-02  4.630E-02  4.500E-02  4.371E-02  4.244E-02  4.118E-02  3.993E-02  3.871E-02  3.749E-02  3.628E-02  3.509E-02  3.392E-02  3.276E-02  3.162E-02  3.049E-02  2.937E-02  2.827E-02  2.719E-02  2.612E-02  2.507E-02  2.403E-02  2.301E-02  2.201E-02  2.103E-02  2.007E-02
  327.5000  9.254E-02  9.093E-02  8.932E-02  8.773E-02  8.615E-02  8.458E-02  8.301E-02  8.146E-02  7.992E-02  7.840E-02  7.688E-02  7.538E-02  7.388E-02  7.240E-02  7.093E-02  6.947E-02  6.802E-02  6.659E-02  6.516E-02  6.375E-02  6.235E-02  6.096E-02  5.958E-02  5.822E-02  5.686E-02  5.552E-02  5.420E-02  5.288E-02  5.157E-02  5.028E-02  4.900E-02  4.774E-02  4.648E-02  4.524E-02  4.401E-02  4.279E-02  4.159E-02  4.040E-02  3.922E-02  3.805E-02  3.690E-02  3.576E-02  3.464E-02  3.353E-02  3.243E-02  3.135E-02  3.028E-02  2.922E-02  2.818E-02  2.716E-02  2.615E-02  2.515E-02  2.417E-02  2.320E-02  2.225E-02  2.132E-02  2.040E-02  1.950E-02  1.862E-02  1.775E-02  1.691E-02
  328.5000  8.565E-02  8.415E-02  8.267E-02  8.119E-02  7.973E-02  7.827E-02  7.683E-02  7.540E-02  7.397E-02  7.256E-02  7.116E-02  6.977E-02  6.838E-02  6.701E-02  6.565E-02  6.430E-02  6.296E-02  6.163E-02  6.031E-02  5.901E-02  5.771E-02  5.643E-02  5.515E-02  5.389E-02  5.264E-02  5.140E-02  5.017E-02  4.895E-02  4.775E-02  4.655E-02  4.537E-02  4.420E-02  4.303E-02  4.188E-02  4.075E-02  3.962E-02  3.851E-02  3.741E-02  3.632E-02  3.524E-02  3.417E-02  3.312E-02  3.208E-02  3.105E-02  3.003E-02  2.903E-02  2.804E-02  2.706E-02  2.610E-02  2.515E-02  2.422E-02  2.329E-02  2.238E-02  2.149E-02  2.061E-02  1.975E-02  1.890E-02  1.806E-02  1.724E-02  1.644E-02  1.566E-02
  329.5000  1.212E-01  1.192E-01  1.173E-01  1.153E-01  1.134E-01  1.114E-01  1.095E-01  1.076E-01  1.057E-01  1.038E-01  1.020E-01  1.001E-01  9.827E-02  9.644E-02  9.462E-02  9.282E-02  9.102E-02  8.924E-02  8.747E-02  8.572E-02  8.398E-02  8.225E-02  8.054E-02  7.883E-02  7.714E-02  7.547E-02  7.381E-02  7.216E-02  7.052E-02  6.890E-02  6.729E-02  6.569E-02  6.411E-02  6.254E-02  6.098E-02  5.944E-02  5.791E-02  5.640E-02  5.490E-02  5.341E-02  5.194E-02  5.048E-02  4.903E-02  4.760E-02  4.619E-02  4.478E-02  4.340E-02  4.202E-02  4.067E-02  3.933E-02  3.800E-02  3.669E-02  3.539E-02  3.411E-02  3.285E-02  3.160E-02  3.037E-02  2.916E-02  2.796E-02  2.679E-02  2.563E-02
  330.5000  1.064E-01  1.046E-01  1.028E-01  1.011E-01  9.932E-02  9.758E-02  9.584E-02  9.412E-02  9.241E-02  9.072E-02  8.904E-02  8.736E-02  8.570E-02  8.405E-02  8.241E-02  8.079E-02  7.918E-02  7.758E-02  7.599E-02  7.441E-02  7.285E-02  7.130E-02  6.976E-02  6.823E-02  6.672E-02  6.521E-02  6.373E-02  6.225E-02  6.079E-02  5.933E-02  5.789E-02  5.647E-02  5.506E-02  5.366E-02  5.227E-02  5.090E-02  4.953E-02  4.819E-02  4.685E-02  4.553E-02  4.422E-02  4.293E-02  4.165E-02  4.039E-02  3.913E-02  3.789E-02  3.667E-02  3.546E-02  3.427E-02  3.308E-02  3.192E-02  3.077E-02  2.963E-02  2.851E-02  2.741E-02  2.632E-02  2.525E-02  2.420E-02  2.316E-02  2.214E-02  2.114E-02
  331.5000  1.045E-01  1.027E-01  1.010E-01  9.922E-02  9.748E-02  9.576E-02  9.405E-02  9.235E-02  9.066E-02  8.899E-02  8.733E-02  8.568E-02  8.404E-02  8.241E-02  8.079E-02  7.919E-02  7.760E-02  7.602E-02  7.445E-02  7.289E-02  7.135E-02  6.982E-02  6.830E-02  6.680E-02  6.530E-02  6.382E-02  6.236E-02  6.090E-02  5.945E-02  5.802E-02  5.661E-02  5.520E-02  5.381E-02  5.243E-02  5.107E-02  4.971E-02  4.837E-02  4.705E-02  4.573E-02  4.443E-02  4.315E-02  4.187E-02  4.061E-02  3.937E-02  3.814E-02  3.692E-02  3.572E-02  3.453E-02  3.336E-02  3.220E-02  3.105E-02  2.992E-02  2.881E-02  2.771E-02  2.663E-02  2.556E-02  2.451E-02  2.348E-02  2.246E-02  2.146E-02  2.049E-02
  332.5000  1.096E-01  1.078E-01  1.061E-01  1.044E-01  1.026E-01  1.009E-01  9.919E-02  9.749E-02  9.580E-02  9.412E-02  9.245E-02  9.080E-02  8.915E-02  8.751E-02  8.589E-02  8.428E-02  8.268E-02  8.109E-02  7.951E-02  7.794E-02  7.639E-02  7.484E-02  7.331E-02  7.178E-02  7.027E-02  6.877E-02  6.729E-02  6.581E-02  6.435E-02  6.289E-02  6.145E-02  6.003E-02  5.861E-02  5.720E-02  5.580E-02  5.442E-02  5.305E-02  5.170E-02  5.035E-02  4.901E-02  4.769E-02  4.638E-02  4.508E-02  4.380E-02  4.252E-02  4.126E-02  4.001E-02  3.877E-02  3.755E-02  3.634E-02  3.514E-02  3.396E-02  3.279E-02  3.163E-02  3.049E-02  2.936E-02  2.825E-02  2.715E-02  2.606E-02  2.499E-02  2.394E-02
  333.5000  1.004E-01  9.873E-02  9.709E-02  9.546E-02  9.384E-02  9.223E-02  9.062E-02  8.903E-02  8.745E-02  8.589E-02  8.433E-02  8.278E-02  8.124E-02  7.971E-02  7.819E-02  7.669E-02  7.520E-02  7.371E-02  7.224E-02  7.078E-02  6.933E-02  6.789E-02  6.646E-02  6.504E-02  6.363E-02  6.224E-02  6.086E-02  5.948E-02  5.812E-02  5.677E-02  5.543E-02  5.411E-02  5.279E-02  5.149E-02  5.019E-02  4.891E-02  4.764E-02  4.639E-02  4.514E-02  4.390E-02  4.268E-02  4.147E-02  4.027E-02  3.909E-02  3.791E-02  3.675E-02  3.560E-02  3.446E-02  3.334E-02  3.223E-02  3.113E-02  3.004E-02  2.897E-02  2.791E-02  2.687E-02  2.584E-02  2.482E-02  2.382E-02  2.283E-02  2.186E-02  2.091E-02
  334.5000  1.138E-01  1.120E-01  1.101E-01  1.083E-01  1.065E-01  1.047E-01  1.029E-01  1.011E-01  9.931E-02  9.755E-02  9.580E-02  9.406E-02  9.233E-02  9.062E-02  8.891E-02  8.723E-02  8.555E-02  8.388E-02  8.222E-02  8.058E-02  7.895E-02  7.733E-02  7.573E-02  7.413E-02  7.255E-02  7.098E-02  6.943E-02  6.788E-02  6.635E-02  6.483E-02  6.332E-02  6.183E-02  6.035E-02  5.888E-02  5.742E-02  5.598E-02  5.454E-02  5.313E-02  5.172E-02  5.033E-02  4.895E-02  4.758E-02  4.623E-02  4.489E-02  4.356E-02  4.225E-02  4.095E-02  3.966E-02  3.839E-02  3.713E-02  3.589E-02  3.466E-02  3.344E-02  3.224E-02  3.106E-02  2.989E-02  2.873E-02  2.759E-02  2.647E-02  2.536E-02  2.428E-02
  335.5000  1.189E-01  1.171E-01  1.152E-01  1.133E-01  1.115E-01  1.096E-01  1.078E-01  1.060E-01  1.041E-01  1.023E-01  1.006E-01  9.877E-02  9.701E-02  9.525E-02  9.351E-02  9.178E-02  9.006E-02  8.836E-02  8.666E-02  8.498E-02  8.331E-02  8.165E-02  8.000E-02  7.837E-02  7.674E-02  7.513E-02  7.354E-02  7.195E-02  7.038E-02  6.882E-02  6.727E-02  6.573E-02  6.421E-02  6.269E-02  6.119E-02  5.970E-02  5.823E-02  5.677E-02  5.532E-02  5.388E-02  5.245E-02  5.104E-02  4.964E-02  4.826E-02  4.688E-02  4.552E-02  4.417E-02  4.283E-02  4.151E-02  4.021E-02  3.891E-02  3.763E-02  3.636E-02  3.510E-02  3.387E-02  3.264E-02  3.143E-02  3.024E-02  2.905E-02  2.789E-02  2.674E-02
  336.5000  9.228E-02  9.080E-02  8.933E-02  8.788E-02  8.642E-02  8.498E-02  8.354E-02  8.212E-02  8.070E-02  7.930E-02  7.790E-02  7.651E-02  7.513E-02  7.376E-02  7.240E-02  7.105E-02  6.971E-02  6.837E-02  6.705E-02  6.574E-02  6.443E-02  6.314E-02  6.185E-02  6.058E-02  5.931E-02  5.805E-02  5.681E-02  5.557E-02  5.435E-02  5.313E-02  5.192E-02  5.072E-02  4.953E-02  4.836E-02  4.719E-02  4.603E-02  4.488E-02  4.374E-02  4.261E-02  4.149E-02  4.038E-02  3.928E-02  3.819E-02  3.712E-02  3.605E-02  3.499E-02  3.394E-02  3.290E-02  3.187E-02  3.086E-02  2.985E-02  2.886E-02  2.787E-02  2.690E-02  2.594E-02  2.499E-02  2.405E-02  2.312E-02  2.221E-02  2.131E-02  2.042E-02
  337.5000  9.932E-02  9.770E-02  9.609E-02  9.449E-02  9.290E-02  9.132E-02  8.975E-02  8.819E-02  8.664E-02  8.510E-02  8.357E-02  8.205E-02  8.054E-02  7.904E-02  7.756E-02  7.608E-02  7.462E-02  7.316E-02  7.171E-02  7.028E-02  6.886E-02  6.744E-02  6.604E-02  6.465E-02  6.327E-02  6.190E-02  6.054E-02  5.919E-02  5.786E-02  5.653E-02  5.521E-02  5.391E-02  5.262E-02  5.134E-02  5.007E-02  4.881E-02  4.756E-02  4.632E-02  4.510E-02  4.388E-02  4.268E-02  4.149E-02  4.030E-02  3.914E-02  3.798E-02  3.684E-02  3.570E-02  3.458E-02  3.347E-02  3.238E-02  3.129E-02  3.022E-02  2.916E-02  2.811E-02  2.708E-02  2.606E-02  2.505E-02  2.406E-02  2.308E-02  2.211E-02  2.116E-02
  338.5000  1.082E-01  1.065E-01  1.048E-01  1.031E-01  1.014E-01  9.973E-02  9.806E-02  9.640E-02  9.475E-02  9.312E-02  9.149E-02  8.987E-02  8.827E-02  8.667E-02  8.508E-02  8.351E-02  8.195E-02  8.040E-02  7.885E-02  7.732E-02  7.581E-02  7.430E-02  7.280E-02  7.131E-02  6.984E-02  6.837E-02  6.692E-02  6.548E-02  6.405E-02  6.263E-02  6.122E-02  5.983E-02  5.844E-02  5.706E-02  5.570E-02  5.435E-02  5.301E-02  5.168E-02  5.036E-02  4.905E-02  4.776E-02  4.647E-02  4.520E-02  4.394E-02  4.269E-02  4.146E-02  4.023E-02  3.902E-02  3.782E-02  3.663E-02  3.545E-02  3.428E-02  3.313E-02  3.199E-02  3.087E-02  2.975E-02  2.865E-02  2.756E-02  2.649E-02  2.543E-02  2.439E-02
  339.5000  1.183E-01  1.164E-01  1.145E-01  1.127E-01  1.108E-01  1.090E-01  1.072E-01  1.054E-01  1.036E-01  1.018E-01  1.000E-01  9.826E-02  9.651E-02  9.477E-02  9.304E-02  9.133E-02  8.963E-02  8.793E-02  8.625E-02  8.458E-02  8.293E-02  8.129E-02  7.965E-02  7.803E-02  7.643E-02  7.483E-02  7.325E-02  7.168E-02  7.012E-02  6.857E-02  6.703E-02  6.552E-02  6.400E-02  6.250E-02  6.102E-02  5.954E-02  5.808E-02  5.664E-02  5.520E-02  5.377E-02  5.236E-02  5.096E-02  4.957E-02  4.820E-02  4.684E-02  4.549E-02  4.415E-02  4.282E-02  4.151E-02  4.022E-02  3.893E-02  3.766E-02  3.640E-02  3.515E-02  3.393E-02  3.271E-02  3.151E-02  3.032E-02  2.914E-02  2.798E-02  2.684E-02
  340.5000  1.251E-01  1.231E-01  1.211E-01  1.192E-01  1.172E-01  1.152E-01  1.133E-01  1.114E-01  1.094E-01  1.075E-01  1.057E-01  1.038E-01  1.019E-01  1.000E-01  9.820E-02  9.637E-02  9.455E-02  9.275E-02  9.095E-02  8.917E-02  8.741E-02  8.566E-02  8.391E-02  8.219E-02  8.047E-02  7.877E-02  7.709E-02  7.541E-02  7.375E-02  7.210E-02  7.046E-02  6.884E-02  6.724E-02  6.564E-02  6.406E-02  6.249E-02  6.093E-02  5.939E-02  5.787E-02  5.635E-02  5.485E-02  5.336E-02  5.188E-02  5.043E-02  4.898E-02  4.755E-02  4.613E-02  4.472E-02  4.334E-02  4.196E-02  4.060E-02  3.925E-02  3.791E-02  3.660E-02  3.530E-02  3.401E-02  3.274E-02  3.148E-02  3.024E-02  2.902E-02  2.782E-02
  341.5000  1.130E-01  1.112E-01  1.095E-01  1.077E-01  1.059E-01  1.042E-01  1.025E-01  1.007E-01  9.903E-02  9.733E-02  9.564E-02  9.396E-02  9.229E-02  9.063E-02  8.898E-02  8.735E-02  8.573E-02  8.412E-02  8.252E-02  8.092E-02  7.935E-02  7.778E-02  7.623E-02  7.468E-02  7.315E-02  7.163E-02  7.012E-02  6.862E-02  6.714E-02  6.566E-02  6.420E-02  6.275E-02  6.131E-02  5.988E-02  5.846E-02  5.706E-02  5.566E-02  5.429E-02  5.292E-02  5.156E-02  5.021E-02  4.887E-02  4.755E-02  4.624E-02  4.494E-02  4.365E-02  4.238E-02  4.111E-02  3.987E-02  3.863E-02  3.740E-02  3.619E-02  3.498E-02  3.380E-02  3.262E-02  3.146E-02  3.031E-02  2.918E-02  2.805E-02  2.695E-02  2.586E-02
  342.5000  1.257E-01  1.237E-01  1.217E-01  1.198E-01  1.178E-01  1.159E-01  1.140E-01  1.121E-01  1.102E-01  1.083E-01  1.064E-01  1.045E-01  1.027E-01  1.008E-01  9.901E-02  9.720E-02  9.539E-02  9.360E-02  9.183E-02  9.006E-02  8.831E-02  8.657E-02  8.484E-02  8.313E-02  8.143E-02  7.974E-02  7.807E-02  7.640E-02  7.475E-02  7.312E-02  7.149E-02  6.988E-02  6.829E-02  6.670E-02  6.513E-02  6.357E-02  6.202E-02  6.049E-02  5.897E-02  5.746E-02  5.596E-02  5.448E-02  5.301E-02  5.156E-02  5.011E-02  4.868E-02  4.727E-02  4.586E-02  4.448E-02  4.310E-02  4.174E-02  4.039E-02  3.905E-02  3.773E-02  3.643E-02  3.513E-02  3.386E-02  3.259E-02  3.135E-02  3.011E-02  2.890E-02
  343.5000  1.300E-01  1.279E-01  1.259E-01  1.238E-01  1.218E-01  1.198E-01  1.178E-01  1.158E-01  1.138E-01  1.119E-01  1.099E-01  1.080E-01  1.061E-01  1.042E-01  1.023E-01  1.004E-01  9.850E-02  9.664E-02  9.480E-02  9.296E-02  9.115E-02  8.934E-02  8.755E-02  8.577E-02  8.400E-02  8.225E-02  8.051E-02  7.879E-02  7.707E-02  7.537E-02  7.369E-02  7.202E-02  7.036E-02  6.872E-02  6.709E-02  6.547E-02  6.386E-02  6.228E-02  6.070E-02  5.913E-02  5.758E-02  5.605E-02  5.452E-02  5.302E-02  5.152E-02  5.004E-02  4.858E-02  4.712E-02  4.569E-02  4.426E-02  4.285E-02  4.146E-02  4.007E-02  3.871E-02  3.736E-02  3.602E-02  3.470E-02  3.340E-02  3.211E-02  3.084E-02  2.958E-02
  344.5000  9.065E-02  8.920E-02  8.777E-02  8.634E-02  8.492E-02  8.351E-02  8.211E-02  8.071E-02  7.933E-02  7.796E-02  7.659E-02  7.523E-02  7.388E-02  7.254E-02  7.121E-02  6.989E-02  6.858E-02  6.728E-02  6.598E-02  6.470E-02  6.343E-02  6.216E-02  6.091E-02  5.966E-02  5.842E-02  5.719E-02  5.598E-02  5.477E-02  5.357E-02  5.238E-02  5.120E-02  5.004E-02  4.887E-02  4.772E-02  4.658E-02  4.545E-02  4.433E-02  4.322E-02  4.212E-02  4.102E-02  3.994E-02  3.886E-02  3.780E-02  3.675E-02  3.570E-02  3.467E-02  3.364E-02  3.263E-02  3.163E-02  3.063E-02  2.965E-02  2.867E-02  2.771E-02  2.676E-02  2.582E-02  2.488E-02  2.396E-02  2.305E-02  2.216E-02  2.127E-02  2.040E-02
  345.5000  1.262E-01  1.242E-01  1.222E-01  1.203E-01  1.183E-01  1.164E-01  1.145E-01  1.126E-01  1.106E-01  1.088E-01  1.069E-01  1.050E-01  1.032E-01  1.013E-01  9.947E-02  9.766E-02  9.585E-02  9.406E-02  9.228E-02  9.051E-02  8.876E-02  8.701E-02  8.528E-02  8.356E-02  8.186E-02  8.017E-02  7.849E-02  7.683E-02  7.517E-02  7.353E-02  7.190E-02  7.029E-02  6.869E-02  6.710E-02  6.553E-02  6.396E-02  6.241E-02  6.088E-02  5.936E-02  5.784E-02  5.635E-02  5.486E-02  5.339E-02  5.193E-02  5.049E-02  4.905E-02  4.763E-02  4.623E-02  4.484E-02  4.346E-02  4.209E-02  4.074E-02  3.940E-02  3.808E-02  3.677E-02  3.547E-02  3.419E-02  3.293E-02  3.167E-02  3.044E-02  2.922E-02
  346.5000  1.171E-01  1.152E-01  1.134E-01  1.116E-01  1.097E-01  1.079E-01  1.061E-01  1.043E-01  1.025E-01  1.008E-01  9.901E-02  9.727E-02  9.553E-02  9.381E-02  9.209E-02  9.040E-02  8.871E-02  8.703E-02  8.537E-02  8.371E-02  8.208E-02  8.045E-02  7.883E-02  7.723E-02  7.563E-02  7.405E-02  7.249E-02  7.093E-02  6.939E-02  6.786E-02  6.634E-02  6.484E-02  6.334E-02  6.186E-02  6.039E-02  5.894E-02  5.749E-02  5.606E-02  5.464E-02  5.323E-02  5.184E-02  5.045E-02  4.908E-02  4.773E-02  4.638E-02  4.505E-02  4.373E-02  4.242E-02  4.113E-02  3.985E-02  3.858E-02  3.732E-02  3.608E-02  3.485E-02  3.363E-02  3.243E-02  3.124E-02  3.007E-02  2.891E-02  2.776E-02  2.663E-02
  347.5000  1.146E-01  1.128E-01  1.110E-01  1.092E-01  1.074E-01  1.057E-01  1.039E-01  1.021E-01  1.004E-01  9.867E-02  9.695E-02  9.524E-02  9.354E-02  9.185E-02  9.017E-02  8.852E-02  8.686E-02  8.522E-02  8.359E-02  8.197E-02  8.037E-02  7.878E-02  7.720E-02  7.563E-02  7.407E-02  7.252E-02  7.099E-02  6.947E-02  6.796E-02  6.646E-02  6.498E-02  6.351E-02  6.204E-02  6.059E-02  5.916E-02  5.773E-02  5.632E-02  5.492E-02  5.353E-02  5.215E-02  5.079E-02  4.943E-02  4.809E-02  4.677E-02  4.545E-02  4.414E-02  4.285E-02  4.157E-02  4.031E-02  3.905E-02  3.781E-02  3.658E-02  3.537E-02  3.416E-02  3.297E-02  3.180E-02  3.063E-02  2.948E-02  2.835E-02  2.723E-02  2.612E-02
  348.5000  1.265E-01  1.245E-01  1.225E-01  1.206E-01  1.186E-01  1.166E-01  1.147E-01  1.128E-01  1.108E-01  1.089E-01  1.070E-01  1.052E-01  1.033E-01  1.014E-01  9.959E-02  9.776E-02  9.594E-02  9.413E-02  9.234E-02  9.055E-02  8.879E-02  8.704E-02  8.529E-02  8.356E-02  8.185E-02  8.014E-02  7.846E-02  7.678E-02  7.512E-02  7.347E-02  7.183E-02  7.021E-02  6.860E-02  6.701E-02  6.542E-02  6.385E-02  6.229E-02  6.075E-02  5.922E-02  5.771E-02  5.620E-02  5.471E-02  5.323E-02  5.177E-02  5.032E-02  4.888E-02  4.746E-02  4.605E-02  4.466E-02  4.327E-02  4.190E-02  4.055E-02  3.920E-02  3.788E-02  3.657E-02  3.527E-02  3.399E-02  3.272E-02  3.146E-02  3.023E-02  2.901E-02
  349.5000  1.061E-01  1.044E-01  1.027E-01  1.011E-01  9.943E-02  9.779E-02  9.616E-02  9.454E-02  9.292E-02  9.133E-02  8.974E-02  8.816E-02  8.659E-02  8.503E-02  8.348E-02  8.195E-02  8.042E-02  7.890E-02  7.740E-02  7.590E-02  7.442E-02  7.295E-02  7.149E-02  7.004E-02  6.860E-02  6.717E-02  6.575E-02  6.435E-02  6.295E-02  6.157E-02  6.020E-02  5.884E-02  5.749E-02  5.615E-02  5.482E-02  5.350E-02  5.220E-02  5.091E-02  4.962E-02  4.835E-02  4.709E-02  4.584E-02  4.460E-02  4.337E-02  4.216E-02  4.095E-02  3.976E-02  3.858E-02  3.741E-02  3.625E-02  3.510E-02  3.396E-02  3.284E-02  3.173E-02  3.063E-02  2.954E-02  2.847E-02  2.740E-02  2.635E-02  2.531E-02  2.429E-02
  350.5000  1.488E-01  1.464E-01  1.441E-01  1.418E-01  1.394E-01  1.371E-01  1.349E-01  1.326E-01  1.303E-01  1.281E-01  1.259E-01  1.236E-01  1.214E-01  1.193E-01  1.171E-01  1.149E-01  1.128E-01  1.107E-01  1.086E-01  1.065E-01  1.044E-01  1.023E-01  1.003E-01  9.823E-02  9.621E-02  9.421E-02  9.223E-02  9.026E-02  8.830E-02  8.636E-02  8.444E-02  8.253E-02  8.064E-02  7.876E-02  7.690E-02  7.506E-02  7.322E-02  7.142E-02  6.962E-02  6.783E-02  6.606E-02  6.431E-02  6.258E-02  6.086E-02  5.915E-02  5.747E-02  5.579E-02  5.413E-02  5.250E-02  5.087E-02  4.926E-02  4.767E-02  4.609E-02  4.453E-02  4.300E-02  4.147E-02  3.996E-02  3.847E-02  3.700E-02  3.554E-02  3.411E-02
  351.5000  1.282E-01  1.262E-01  1.241E-01  1.221E-01  1.201E-01  1.181E-01  1.162E-01  1.142E-01  1.123E-01  1.103E-01  1.084E-01  1.065E-01  1.046E-01  1.027E-01  1.008E-01  9.898E-02  9.713E-02  9.530E-02  9.348E-02  9.167E-02  8.988E-02  8.810E-02  8.633E-02  8.458E-02  8.284E-02  8.111E-02  7.940E-02  7.770E-02  7.601E-02  7.434E-02  7.268E-02  7.104E-02  6.941E-02  6.779E-02  6.618E-02  6.459E-02  6.301E-02  6.145E-02  5.990E-02  5.836E-02  5.684E-02  5.533E-02  5.383E-02  5.235E-02  5.088E-02  4.943E-02  4.799E-02  4.656E-02  4.515E-02  4.375E-02  4.236E-02  4.099E-02  3.963E-02  3.829E-02  3.696E-02  3.565E-02  3.435E-02  3.307E-02  3.180E-02  3.055E-02  2.931E-02
  352.5000  1.158E-01  1.140E-01  1.122E-01  1.104E-01  1.086E-01  1.068E-01  1.050E-01  1.032E-01  1.015E-01  9.971E-02  9.797E-02  9.624E-02  9.453E-02  9.282E-02  9.113E-02  8.945E-02  8.779E-02  8.613E-02  8.448E-02  8.285E-02  8.124E-02  7.963E-02  7.803E-02  7.645E-02  7.487E-02  7.331E-02  7.177E-02  7.023E-02  6.871E-02  6.720E-02  6.570E-02  6.422E-02  6.274E-02  6.128E-02  5.983E-02  5.839E-02  5.697E-02  5.556E-02  5.416E-02  5.277E-02  5.140E-02  5.003E-02  4.868E-02  4.735E-02  4.602E-02  4.470E-02  4.340E-02  4.211E-02  4.084E-02  3.958E-02  3.832E-02  3.708E-02  3.586E-02  3.464E-02  3.345E-02  3.226E-02  3.109E-02  2.993E-02  2.878E-02  2.765E-02  2.654E-02
  353.5000  1.398E-01  1.376E-01  1.354E-01  1.332E-01  1.310E-01  1.289E-01  1.267E-01  1.246E-01  1.225E-01  1.204E-01  1.183E-01  1.162E-01  1.141E-01  1.121E-01  1.100E-01  1.080E-01  1.060E-01  1.040E-01  1.020E-01  1.000E-01  9.808E-02  9.614E-02  9.421E-02  9.230E-02  9.041E-02  8.853E-02  8.667E-02  8.481E-02  8.298E-02  8.115E-02  7.935E-02  7.756E-02  7.578E-02  7.402E-02  7.227E-02  7.054E-02  6.882E-02  6.712E-02  6.543E-02  6.376E-02  6.210E-02  6.046E-02  5.883E-02  5.722E-02  5.562E-02  5.403E-02  5.246E-02  5.091E-02  4.937E-02  4.785E-02  4.634E-02  4.484E-02  4.337E-02  4.190E-02  4.046E-02  3.903E-02  3.761E-02  3.621E-02  3.483E-02  3.346E-02  3.212E-02
  354.5000  1.517E-01  1.493E-01  1.469E-01  1.445E-01  1.421E-01  1.398E-01  1.375E-01  1.352E-01  1.328E-01  1.306E-01  1.283E-01  1.260E-01  1.238E-01  1.216E-01  1.194E-01  1.172E-01  1.150E-01  1.128E-01  1.107E-01  1.085E-01  1.064E-01  1.043E-01  1.022E-01  1.002E-01  9.811E-02  9.607E-02  9.405E-02  9.204E-02  9.005E-02  8.808E-02  8.612E-02  8.418E-02  8.226E-02  8.035E-02  7.845E-02  7.657E-02  7.471E-02  7.287E-02  7.104E-02  6.923E-02  6.743E-02  6.565E-02  6.388E-02  6.214E-02  6.040E-02  5.868E-02  5.698E-02  5.530E-02  5.363E-02  5.198E-02  5.034E-02  4.872E-02  4.712E-02  4.553E-02  4.397E-02  4.242E-02  4.088E-02  3.936E-02  3.786E-02  3.638E-02  3.493E-02
  355.5000  1.419E-01  1.396E-01  1.374E-01  1.352E-01  1.330E-01  1.308E-01  1.286E-01  1.264E-01  1.243E-01  1.221E-01  1.200E-01  1.179E-01  1.158E-01  1.137E-01  1.116E-01  1.096E-01  1.076E-01  1.055E-01  1.035E-01  1.015E-01  9.955E-02  9.758E-02  9.563E-02  9.369E-02  9.176E-02  8.986E-02  8.797E-02  8.609E-02  8.423E-02  8.238E-02  8.055E-02  7.874E-02  7.693E-02  7.515E-02  7.338E-02  7.162E-02  6.988E-02  6.816E-02  6.644E-02  6.475E-02  6.307E-02  6.140E-02  5.975E-02  5.812E-02  5.649E-02  5.489E-02  5.330E-02  5.172E-02  5.017E-02  4.862E-02  4.709E-02  4.557E-02  4.408E-02  4.259E-02  4.113E-02  3.968E-02  3.824E-02  3.682E-02  3.542E-02  3.404E-02  3.267E-02
  356.5000  1.318E-01  1.297E-01  1.276E-01  1.256E-01  1.235E-01  1.215E-01  1.194E-01  1.174E-01  1.154E-01  1.134E-01  1.115E-01  1.095E-01  1.075E-01  1.056E-01  1.037E-01  1.018E-01  9.988E-02  9.800E-02  9.613E-02  9.427E-02  9.243E-02  9.061E-02  8.879E-02  8.699E-02  8.520E-02  8.343E-02  8.168E-02  7.993E-02  7.820E-02  7.649E-02  7.479E-02  7.310E-02  7.143E-02  6.977E-02  6.812E-02  6.649E-02  6.487E-02  6.327E-02  6.168E-02  6.011E-02  5.855E-02  5.700E-02  5.547E-02  5.395E-02  5.245E-02  5.095E-02  4.948E-02  4.801E-02  4.657E-02  4.513E-02  4.371E-02  4.231E-02  4.092E-02  3.954E-02  3.818E-02  3.683E-02  3.550E-02  3.418E-02  3.288E-02  3.160E-02  3.033E-02
  357.5000  1.121E-01  1.103E-01  1.086E-01  1.068E-01  1.051E-01  1.033E-01  1.016E-01  9.990E-02  9.819E-02  9.651E-02  9.482E-02  9.315E-02  9.149E-02  8.984E-02  8.820E-02  8.658E-02  8.497E-02  8.336E-02  8.177E-02  8.019E-02  7.863E-02  7.707E-02  7.553E-02  7.399E-02  7.247E-02  7.096E-02  6.947E-02  6.799E-02  6.651E-02  6.505E-02  6.360E-02  6.217E-02  6.075E-02  5.933E-02  5.793E-02  5.655E-02  5.517E-02  5.381E-02  5.246E-02  5.112E-02  4.979E-02  4.847E-02  4.717E-02  4.588E-02  4.460E-02  4.333E-02  4.207E-02  4.083E-02  3.960E-02  3.838E-02  3.717E-02  3.597E-02  3.479E-02  3.362E-02  3.246E-02  3.132E-02  3.018E-02  2.906E-02  2.795E-02  2.686E-02  2.578E-02
  358.5000  8.666E-02  8.529E-02  8.392E-02  8.257E-02  8.122E-02  7.987E-02  7.854E-02  7.721E-02  7.590E-02  7.459E-02  7.329E-02  7.200E-02  7.072E-02  6.944E-02  6.818E-02  6.692E-02  6.567E-02  6.444E-02  6.320E-02  6.198E-02  6.078E-02  5.957E-02  5.838E-02  5.719E-02  5.602E-02  5.485E-02  5.370E-02  5.255E-02  5.141E-02  5.029E-02  4.917E-02  4.806E-02  4.696E-02  4.587E-02  4.479E-02  4.371E-02  4.265E-02  4.160E-02  4.055E-02  3.952E-02  3.849E-02  3.747E-02  3.647E-02  3.547E-02  3.448E-02  3.350E-02  3.253E-02  3.157E-02  3.062E-02  2.968E-02  2.874E-02  2.782E-02  2.691E-02  2.600E-02  2.511E-02  2.422E-02  2.335E-02  2.248E-02  2.163E-02  2.078E-02  1.995E-02
  359.5000  1.460E-01  1.437E-01  1.414E-01  1.391E-01  1.368E-01  1.345E-01  1.323E-01  1.301E-01  1.278E-01  1.256E-01  1.234E-01  1.213E-01  1.191E-01  1.170E-01  1.148E-01  1.127E-01  1.106E-01  1.085E-01  1.065E-01  1.044E-01  1.024E-01  1.003E-01  9.832E-02  9.632E-02  9.434E-02  9.238E-02  9.043E-02  8.850E-02  8.658E-02  8.468E-02  8.280E-02  8.093E-02  7.908E-02  7.724E-02  7.542E-02  7.361E-02  7.182E-02  7.005E-02  6.829E-02  6.654E-02  6.481E-02  6.310E-02  6.140E-02  5.973E-02  5.806E-02  5.641E-02  5.478E-02  5.316E-02  5.156E-02  4.997E-02  4.840E-02  4.684E-02  4.530E-02  4.378E-02  4.228E-02  4.079E-02  3.931E-02  3.786E-02  3.642E-02  3.499E-02  3.359E-02
  360.5000  1.354E-01  1.333E-01  1.312E-01  1.290E-01  1.269E-01  1.248E-01  1.227E-01  1.207E-01  1.186E-01  1.166E-01  1.145E-01  1.125E-01  1.105E-01  1.085E-01  1.065E-01  1.046E-01  1.026E-01  1.007E-01  9.875E-02  9.684E-02  9.495E-02  9.307E-02  9.120E-02  8.935E-02  8.751E-02  8.569E-02  8.389E-02  8.209E-02  8.032E-02  7.855E-02  7.680E-02  7.507E-02  7.335E-02  7.164E-02  6.995E-02  6.828E-02  6.661E-02  6.497E-02  6.334E-02  6.172E-02  6.012E-02  5.853E-02  5.696E-02  5.540E-02  5.386E-02  5.233E-02  5.081E-02  4.931E-02  4.783E-02  4.635E-02  4.490E-02  4.345E-02  4.202E-02  4.061E-02  3.922E-02  3.784E-02  3.647E-02  3.512E-02  3.378E-02  3.246E-02  3.116E-02
  361.5000  1.223E-01  1.203E-01  1.184E-01  1.165E-01  1.146E-01  1.127E-01  1.108E-01  1.089E-01  1.071E-01  1.052E-01  1.034E-01  1.016E-01  9.976E-02  9.796E-02  9.617E-02  9.440E-02  9.264E-02  9.089E-02  8.915E-02  8.743E-02  8.572E-02  8.402E-02  8.234E-02  8.066E-02  7.901E-02  7.736E-02  7.573E-02  7.411E-02  7.251E-02  7.091E-02  6.933E-02  6.777E-02  6.622E-02  6.468E-02  6.315E-02  6.164E-02  6.014E-02  5.866E-02  5.719E-02  5.572E-02  5.428E-02  5.284E-02  5.142E-02  5.002E-02  4.863E-02  4.725E-02  4.588E-02  4.452E-02  4.319E-02  4.186E-02  4.054E-02  3.924E-02  3.795E-02  3.668E-02  3.542E-02  3.417E-02  3.294E-02  3.172E-02  3.051E-02  2.932E-02  2.815E-02
  362.5000  1.438E-01  1.415E-01  1.392E-01  1.370E-01  1.347E-01  1.325E-01  1.303E-01  1.281E-01  1.259E-01  1.237E-01  1.216E-01  1.194E-01  1.173E-01  1.152E-01  1.131E-01  1.110E-01  1.089E-01  1.068E-01  1.048E-01  1.028E-01  1.008E-01  9.877E-02  9.679E-02  9.482E-02  9.287E-02  9.094E-02  8.902E-02  8.712E-02  8.523E-02  8.336E-02  8.150E-02  7.967E-02  7.784E-02  7.603E-02  7.424E-02  7.246E-02  7.069E-02  6.895E-02  6.722E-02  6.550E-02  6.380E-02  6.212E-02  6.045E-02  5.880E-02  5.716E-02  5.554E-02  5.393E-02  5.234E-02  5.077E-02  4.921E-02  4.766E-02  4.613E-02  4.462E-02  4.312E-02  4.164E-02  4.018E-02  3.873E-02  3.729E-02  3.588E-02  3.448E-02  3.310E-02
  363.5000  1.280E-01  1.260E-01  1.240E-01  1.220E-01  1.200E-01  1.180E-01  1.160E-01  1.140E-01  1.121E-01  1.102E-01  1.082E-01  1.063E-01  1.044E-01  1.025E-01  1.007E-01  9.881E-02  9.696E-02  9.513E-02  9.331E-02  9.150E-02  8.971E-02  8.794E-02  8.617E-02  8.442E-02  8.268E-02  8.096E-02  7.925E-02  7.756E-02  7.588E-02  7.421E-02  7.256E-02  7.092E-02  6.929E-02  6.768E-02  6.609E-02  6.450E-02  6.293E-02  6.138E-02  5.984E-02  5.831E-02  5.680E-02  5.530E-02  5.381E-02  5.234E-02  5.089E-02  4.944E-02  4.801E-02  4.659E-02  4.519E-02  4.380E-02  4.243E-02  4.107E-02  3.972E-02  3.839E-02  3.707E-02  3.577E-02  3.448E-02  3.320E-02  3.194E-02  3.070E-02  2.947E-02
  364.5000  1.398E-01  1.375E-01  1.353E-01  1.331E-01  1.310E-01  1.288E-01  1.266E-01  1.245E-01  1.224E-01  1.202E-01  1.181E-01  1.161E-01  1.140E-01  1.119E-01  1.099E-01  1.078E-01  1.058E-01  1.038E-01  1.018E-01  9.987E-02  9.792E-02  9.598E-02  9.405E-02  9.214E-02  9.024E-02  8.836E-02  8.649E-02  8.464E-02  8.281E-02  8.099E-02  7.918E-02  7.739E-02  7.562E-02  7.386E-02  7.212E-02  7.039E-02  6.867E-02  6.698E-02  6.530E-02  6.363E-02  6.198E-02  6.034E-02  5.872E-02  5.711E-02  5.552E-02  5.395E-02  5.238E-02  5.084E-02  4.931E-02  4.780E-02  4.629E-02  4.481E-02  4.334E-02  4.188E-02  4.045E-02  3.903E-02  3.762E-02  3.623E-02  3.485E-02  3.349E-02  3.215E-02
  365.5000  1.704E-01  1.677E-01  1.650E-01  1.623E-01  1.597E-01  1.570E-01  1.544E-01  1.518E-01  1.492E-01  1.466E-01  1.440E-01  1.415E-01  1.390E-01  1.364E-01  1.340E-01  1.315E-01  1.290E-01  1.266E-01  1.242E-01  1.217E-01  1.194E-01  1.170E-01  1.146E-01  1.123E-01  1.100E-01  1.077E-01  1.054E-01  1.032E-01  1.009E-01  9.871E-02  9.650E-02  9.433E-02  9.216E-02  9.002E-02  8.789E-02  8.578E-02  8.369E-02  8.163E-02  7.957E-02  7.754E-02  7.553E-02  7.353E-02  7.155E-02  6.960E-02  6.766E-02  6.574E-02  6.383E-02  6.195E-02  6.009E-02  5.824E-02  5.641E-02  5.460E-02  5.281E-02  5.103E-02  4.928E-02  4.755E-02  4.583E-02  4.414E-02  4.246E-02  4.081E-02  3.918E-02
  366.5000  1.806E-01  1.777E-01  1.748E-01  1.720E-01  1.692E-01  1.664E-01  1.636E-01  1.608E-01  1.581E-01  1.553E-01  1.526E-01  1.499E-01  1.472E-01  1.446E-01  1.419E-01  1.393E-01  1.367E-01  1.341E-01  1.315E-01  1.290E-01  1.265E-01  1.239E-01  1.215E-01  1.190E-01  1.165E-01  1.141E-01  1.117E-01  1.093E-01  1.069E-01  1.046E-01  1.022E-01  9.993E-02  9.763E-02  9.536E-02  9.310E-02  9.087E-02  8.866E-02  8.647E-02  8.430E-02  8.214E-02  8.001E-02  7.789E-02  7.580E-02  7.373E-02  7.167E-02  6.964E-02  6.762E-02  6.563E-02  6.366E-02  6.170E-02  5.976E-02  5.784E-02  5.595E-02  5.407E-02  5.222E-02  5.038E-02  4.856E-02  4.677E-02  4.499E-02  4.324E-02  4.151E-02
  367.5000  1.716E-01  1.689E-01  1.662E-01  1.635E-01  1.608E-01  1.581E-01  1.555E-01  1.529E-01  1.502E-01  1.476E-01  1.451E-01  1.425E-01  1.399E-01  1.374E-01  1.349E-01  1.324E-01  1.299E-01  1.275E-01  1.250E-01  1.226E-01  1.202E-01  1.178E-01  1.154E-01  1.131E-01  1.108E-01  1.084E-01  1.062E-01  1.039E-01  1.016E-01  9.938E-02  9.716E-02  9.497E-02  9.279E-02  9.063E-02  8.849E-02  8.636E-02  8.426E-02  8.218E-02  8.012E-02  7.807E-02  7.604E-02  7.403E-02  7.204E-02  7.007E-02  6.812E-02  6.619E-02  6.427E-02  6.237E-02  6.050E-02  5.864E-02  5.680E-02  5.498E-02  5.318E-02  5.139E-02  4.963E-02  4.789E-02  4.616E-02  4.446E-02  4.277E-02  4.110E-02  3.946E-02
  368.5000  1.509E-01  1.485E-01  1.461E-01  1.438E-01  1.414E-01  1.390E-01  1.367E-01  1.344E-01  1.321E-01  1.298E-01  1.275E-01  1.253E-01  1.230E-01  1.208E-01  1.186E-01  1.164E-01  1.142E-01  1.121E-01  1.099E-01  1.078E-01  1.057E-01  1.036E-01  1.015E-01  9.941E-02  9.736E-02  9.532E-02  9.331E-02  9.131E-02  8.932E-02  8.736E-02  8.541E-02  8.348E-02  8.156E-02  7.966E-02  7.778E-02  7.591E-02  7.406E-02  7.223E-02  7.041E-02  6.861E-02  6.683E-02  6.507E-02  6.332E-02  6.159E-02  5.987E-02  5.817E-02  5.649E-02  5.482E-02  5.317E-02  5.154E-02  4.992E-02  4.832E-02  4.674E-02  4.517E-02  4.362E-02  4.209E-02  4.057E-02  3.907E-02  3.759E-02  3.613E-02  3.469E-02
  369.5000  1.812E-01  1.783E-01  1.754E-01  1.726E-01  1.698E-01  1.669E-01  1.641E-01  1.614E-01  1.586E-01  1.558E-01  1.531E-01  1.504E-01  1.477E-01  1.450E-01  1.424E-01  1.397E-01  1.371E-01  1.345E-01  1.319E-01  1.294E-01  1.268E-01  1.243E-01  1.218E-01  1.193E-01  1.169E-01  1.144E-01  1.120E-01  1.096E-01  1.072E-01  1.049E-01  1.025E-01  1.002E-01  9.789E-02  9.561E-02  9.335E-02  9.111E-02  8.889E-02  8.669E-02  8.451E-02  8.235E-02  8.021E-02  7.809E-02  7.599E-02  7.391E-02  7.185E-02  6.981E-02  6.779E-02  6.579E-02  6.382E-02  6.185E-02  5.991E-02  5.799E-02  5.609E-02  5.421E-02  5.235E-02  5.051E-02  4.869E-02  4.689E-02  4.512E-02  4.336E-02  4.163E-02
  370.5000  1.645E-01  1.619E-01  1.593E-01  1.567E-01  1.542E-01  1.516E-01  1.490E-01  1.465E-01  1.440E-01  1.415E-01  1.390E-01  1.366E-01  1.341E-01  1.317E-01  1.293E-01  1.269E-01  1.245E-01  1.221E-01  1.198E-01  1.175E-01  1.152E-01  1.129E-01  1.106E-01  1.083E-01  1.061E-01  1.039E-01  1.017E-01  9.950E-02  9.733E-02  9.519E-02  9.306E-02  9.095E-02  8.886E-02  8.679E-02  8.474E-02  8.270E-02  8.068E-02  7.869E-02  7.671E-02  7.475E-02  7.281E-02  7.088E-02  6.897E-02  6.709E-02  6.522E-02  6.337E-02  6.153E-02  5.972E-02  5.792E-02  5.614E-02  5.438E-02  5.264E-02  5.091E-02  4.920E-02  4.752E-02  4.585E-02  4.420E-02  4.257E-02  4.095E-02  3.936E-02  3.779E-02
  371.5000  1.884E-01  1.854E-01  1.825E-01  1.795E-01  1.765E-01  1.736E-01  1.707E-01  1.678E-01  1.649E-01  1.621E-01  1.592E-01  1.564E-01  1.536E-01  1.508E-01  1.480E-01  1.453E-01  1.426E-01  1.399E-01  1.372E-01  1.345E-01  1.319E-01  1.292E-01  1.266E-01  1.240E-01  1.215E-01  1.189E-01  1.164E-01  1.139E-01  1.114E-01  1.090E-01  1.065E-01  1.041E-01  1.017E-01  9.937E-02  9.702E-02  9.469E-02  9.238E-02  9.009E-02  8.783E-02  8.558E-02  8.335E-02  8.115E-02  7.896E-02  7.681E-02  7.467E-02  7.255E-02  7.045E-02  6.837E-02  6.631E-02  6.428E-02  6.226E-02  6.026E-02  5.829E-02  5.633E-02  5.441E-02  5.249E-02  5.060E-02  4.873E-02  4.689E-02  4.506E-02  4.326E-02
  372.5000  1.393E-01  1.371E-01  1.349E-01  1.327E-01  1.305E-01  1.284E-01  1.262E-01  1.241E-01  1.219E-01  1.198E-01  1.177E-01  1.156E-01  1.135E-01  1.115E-01  1.094E-01  1.074E-01  1.054E-01  1.034E-01  1.014E-01  9.943E-02  9.748E-02  9.554E-02  9.361E-02  9.170E-02  8.980E-02  8.792E-02  8.606E-02  8.421E-02  8.238E-02  8.056E-02  7.876E-02  7.698E-02  7.520E-02  7.345E-02  7.171E-02  6.999E-02  6.828E-02  6.659E-02  6.491E-02  6.325E-02  6.161E-02  5.998E-02  5.836E-02  5.677E-02  5.519E-02  5.362E-02  5.207E-02  5.053E-02  4.901E-02  4.751E-02  4.602E-02  4.454E-02  4.308E-02  4.164E-02  4.021E-02  3.880E-02  3.740E-02  3.602E-02  3.466E-02  3.331E-02  3.198E-02
  373.5000  1.260E-01  1.240E-01  1.220E-01  1.201E-01  1.181E-01  1.161E-01  1.142E-01  1.122E-01  1.103E-01  1.084E-01  1.065E-01  1.046E-01  1.027E-01  1.008E-01  9.899E-02  9.716E-02  9.533E-02  9.352E-02  9.172E-02  8.993E-02  8.817E-02  8.641E-02  8.467E-02  8.293E-02  8.122E-02  7.952E-02  7.783E-02  7.616E-02  7.450E-02  7.285E-02  7.122E-02  6.961E-02  6.801E-02  6.642E-02  6.484E-02  6.328E-02  6.174E-02  6.021E-02  5.870E-02  5.719E-02  5.571E-02  5.423E-02  5.277E-02  5.133E-02  4.990E-02  4.848E-02  4.708E-02  4.569E-02  4.432E-02  4.295E-02  4.161E-02  4.027E-02  3.895E-02  3.765E-02  3.636E-02  3.508E-02  3.382E-02  3.257E-02  3.133E-02  3.011E-02  2.891E-02
  374.5000  1.385E-01  1.363E-01  1.341E-01  1.319E-01  1.297E-01  1.275E-01  1.254E-01  1.233E-01  1.211E-01  1.191E-01  1.170E-01  1.149E-01  1.128E-01  1.108E-01  1.087E-01  1.067E-01  1.047E-01  1.027E-01  1.007E-01  9.877E-02  9.683E-02  9.490E-02  9.298E-02  9.108E-02  8.919E-02  8.732E-02  8.547E-02  8.363E-02  8.181E-02  8.000E-02  7.821E-02  7.644E-02  7.468E-02  7.293E-02  7.120E-02  6.949E-02  6.779E-02  6.611E-02  6.445E-02  6.280E-02  6.116E-02  5.954E-02  5.794E-02  5.636E-02  5.478E-02  5.323E-02  5.169E-02  5.016E-02  4.865E-02  4.716E-02  4.568E-02  4.421E-02  4.276E-02  4.133E-02  3.992E-02  3.851E-02  3.713E-02  3.576E-02  3.440E-02  3.306E-02  3.174E-02
  375.5000  1.564E-01  1.539E-01  1.514E-01  1.489E-01  1.465E-01  1.440E-01  1.416E-01  1.392E-01  1.368E-01  1.344E-01  1.321E-01  1.297E-01  1.274E-01  1.251E-01  1.228E-01  1.205E-01  1.182E-01  1.160E-01  1.138E-01  1.115E-01  1.093E-01  1.072E-01  1.050E-01  1.028E-01  1.007E-01  9.860E-02  9.651E-02  9.443E-02  9.237E-02  9.033E-02  8.830E-02  8.630E-02  8.431E-02  8.234E-02  8.039E-02  7.845E-02  7.654E-02  7.464E-02  7.276E-02  7.090E-02  6.905E-02  6.722E-02  6.541E-02  6.362E-02  6.185E-02  6.009E-02  5.835E-02  5.663E-02  5.493E-02  5.324E-02  5.157E-02  4.991E-02  4.828E-02  4.666E-02  4.506E-02  4.348E-02  4.192E-02  4.037E-02  3.884E-02  3.733E-02  3.584E-02
  376.5000  1.563E-01  1.538E-01  1.513E-01  1.489E-01  1.464E-01  1.440E-01  1.416E-01  1.391E-01  1.368E-01  1.344E-01  1.320E-01  1.297E-01  1.273E-01  1.250E-01  1.227E-01  1.204E-01  1.182E-01  1.159E-01  1.137E-01  1.115E-01  1.093E-01  1.071E-01  1.049E-01  1.028E-01  1.006E-01  9.853E-02  9.644E-02  9.437E-02  9.231E-02  9.026E-02  8.824E-02  8.624E-02  8.425E-02  8.228E-02  8.033E-02  7.839E-02  7.648E-02  7.458E-02  7.270E-02  7.084E-02  6.899E-02  6.717E-02  6.536E-02  6.357E-02  6.180E-02  6.004E-02  5.830E-02  5.658E-02  5.488E-02  5.319E-02  5.152E-02  4.987E-02  4.824E-02  4.662E-02  4.503E-02  4.345E-02  4.188E-02  4.034E-02  3.881E-02  3.730E-02  3.581E-02
  377.5000  1.863E-01  1.833E-01  1.804E-01  1.775E-01  1.745E-01  1.716E-01  1.687E-01  1.658E-01  1.630E-01  1.602E-01  1.573E-01  1.545E-01  1.518E-01  1.490E-01  1.463E-01  1.435E-01  1.408E-01  1.382E-01  1.355E-01  1.328E-01  1.302E-01  1.276E-01  1.250E-01  1.225E-01  1.199E-01  1.174E-01  1.149E-01  1.124E-01  1.100E-01  1.076E-01  1.051E-01  1.028E-01  1.004E-01  9.804E-02  9.571E-02  9.340E-02  9.112E-02  8.886E-02  8.662E-02  8.440E-02  8.220E-02  8.002E-02  7.787E-02  7.574E-02  7.362E-02  7.153E-02  6.946E-02  6.741E-02  6.538E-02  6.337E-02  6.139E-02  5.942E-02  5.747E-02  5.554E-02  5.365E-02  5.176E-02  4.990E-02  4.806E-02  4.624E-02  4.444E-02  4.267E-02
  378.5000  2.033E-01  2.000E-01  1.968E-01  1.936E-01  1.904E-01  1.872E-01  1.841E-01  1.809E-01  1.778E-01  1.747E-01  1.716E-01  1.686E-01  1.655E-01  1.625E-01  1.595E-01  1.566E-01  1.536E-01  1.507E-01  1.478E-01  1.449E-01  1.420E-01  1.392E-01  1.364E-01  1.336E-01  1.308E-01  1.281E-01  1.253E-01  1.226E-01  1.200E-01  1.173E-01  1.147E-01  1.121E-01  1.095E-01  1.069E-01  1.044E-01  1.019E-01  9.936E-02  9.690E-02  9.446E-02  9.203E-02  8.963E-02  8.726E-02  8.491E-02  8.259E-02  8.028E-02  7.800E-02  7.574E-02  7.350E-02  7.129E-02  6.910E-02  6.693E-02  6.479E-02  6.266E-02  6.056E-02  5.849E-02  5.644E-02  5.441E-02  5.240E-02  5.041E-02  4.845E-02  4.652E-02
  379.5000  1.505E-01  1.481E-01  1.457E-01  1.434E-01  1.410E-01  1.386E-01  1.363E-01  1.340E-01  1.317E-01  1.294E-01  1.271E-01  1.248E-01  1.226E-01  1.203E-01  1.181E-01  1.159E-01  1.137E-01  1.116E-01  1.094E-01  1.073E-01  1.052E-01  1.031E-01  1.010E-01  9.890E-02  9.684E-02  9.480E-02  9.279E-02  9.079E-02  8.880E-02  8.683E-02  8.488E-02  8.295E-02  8.104E-02  7.914E-02  7.726E-02  7.539E-02  7.355E-02  7.173E-02  6.991E-02  6.812E-02  6.634E-02  6.459E-02  6.284E-02  6.112E-02  5.942E-02  5.773E-02  5.605E-02  5.440E-02  5.276E-02  5.114E-02  4.954E-02  4.795E-02  4.638E-02  4.482E-02  4.329E-02  4.177E-02  4.027E-02  3.878E-02  3.731E-02  3.586E-02  3.443E-02
  380.5000  1.812E-01  1.783E-01  1.754E-01  1.726E-01  1.697E-01  1.669E-01  1.641E-01  1.613E-01  1.585E-01  1.557E-01  1.530E-01  1.503E-01  1.475E-01  1.449E-01  1.422E-01  1.395E-01  1.369E-01  1.343E-01  1.317E-01  1.291E-01  1.266E-01  1.240E-01  1.215E-01  1.190E-01  1.166E-01  1.141E-01  1.117E-01  1.093E-01  1.069E-01  1.045E-01  1.021E-01  9.983E-02  9.752E-02  9.523E-02  9.297E-02  9.073E-02  8.850E-02  8.631E-02  8.413E-02  8.197E-02  7.983E-02  7.771E-02  7.562E-02  7.355E-02  7.149E-02  6.946E-02  6.745E-02  6.545E-02  6.349E-02  6.153E-02  5.960E-02  5.769E-02  5.580E-02  5.393E-02  5.209E-02  5.026E-02  4.845E-02  4.666E-02  4.490E-02  4.315E-02  4.143E-02
  381.5000  1.704E-01  1.677E-01  1.650E-01  1.623E-01  1.596E-01  1.570E-01  1.543E-01  1.517E-01  1.491E-01  1.465E-01  1.439E-01  1.413E-01  1.388E-01  1.362E-01  1.337E-01  1.312E-01  1.288E-01  1.263E-01  1.239E-01  1.214E-01  1.190E-01  1.166E-01  1.143E-01  1.119E-01  1.096E-01  1.073E-01  1.050E-01  1.027E-01  1.005E-01  9.826E-02  9.605E-02  9.387E-02  9.169E-02  8.954E-02  8.741E-02  8.530E-02  8.321E-02  8.115E-02  7.910E-02  7.707E-02  7.505E-02  7.306E-02  7.109E-02  6.915E-02  6.721E-02  6.530E-02  6.341E-02  6.153E-02  5.969E-02  5.785E-02  5.603E-02  5.424E-02  5.246E-02  5.070E-02  4.897E-02  4.725E-02  4.555E-02  4.387E-02  4.221E-02  4.057E-02  3.895E-02
  382.5000  1.137E-01  1.119E-01  1.101E-01  1.083E-01  1.065E-01  1.047E-01  1.029E-01  1.012E-01  9.941E-02  9.768E-02  9.596E-02  9.425E-02  9.255E-02  9.086E-02  8.918E-02  8.752E-02  8.586E-02  8.422E-02  8.259E-02  8.097E-02  7.937E-02  7.778E-02  7.620E-02  7.464E-02  7.308E-02  7.154E-02  7.002E-02  6.851E-02  6.700E-02  6.552E-02  6.404E-02  6.258E-02  6.114E-02  5.970E-02  5.828E-02  5.687E-02  5.548E-02  5.410E-02  5.273E-02  5.138E-02  5.004E-02  4.871E-02  4.739E-02  4.610E-02  4.481E-02  4.353E-02  4.227E-02  4.102E-02  3.979E-02  3.856E-02  3.735E-02  3.616E-02  3.497E-02  3.380E-02  3.264E-02  3.150E-02  3.036E-02  2.924E-02  2.814E-02  2.704E-02  2.597E-02
  383.5000  9.992E-02  9.832E-02  9.673E-02  9.515E-02  9.358E-02  9.201E-02  9.046E-02  8.891E-02  8.738E-02  8.585E-02  8.434E-02  8.283E-02  8.133E-02  7.985E-02  7.837E-02  7.691E-02  7.546E-02  7.401E-02  7.258E-02  7.116E-02  6.975E-02  6.835E-02  6.696E-02  6.559E-02  6.422E-02  6.287E-02  6.153E-02  6.019E-02  5.887E-02  5.757E-02  5.627E-02  5.499E-02  5.372E-02  5.245E-02  5.120E-02  4.997E-02  4.874E-02  4.753E-02  4.633E-02  4.514E-02  4.396E-02  4.279E-02  4.164E-02  4.050E-02  3.936E-02  3.824E-02  3.713E-02  3.604E-02  3.495E-02  3.388E-02  3.281E-02  3.176E-02  3.072E-02  2.969E-02  2.868E-02  2.767E-02  2.667E-02  2.569E-02  2.472E-02  2.376E-02  2.281E-02
  384.5000  1.501E-01  1.477E-01  1.453E-01  1.429E-01  1.406E-01  1.382E-01  1.359E-01  1.336E-01  1.312E-01  1.290E-01  1.267E-01  1.244E-01  1.222E-01  1.199E-01  1.177E-01  1.155E-01  1.133E-01  1.112E-01  1.090E-01  1.069E-01  1.048E-01  1.027E-01  1.006E-01  9.850E-02  9.645E-02  9.441E-02  9.240E-02  9.040E-02  8.841E-02  8.645E-02  8.450E-02  8.257E-02  8.066E-02  7.877E-02  7.689E-02  7.503E-02  7.319E-02  7.137E-02  6.956E-02  6.777E-02  6.600E-02  6.425E-02  6.251E-02  6.080E-02  5.910E-02  5.742E-02  5.575E-02  5.410E-02  5.248E-02  5.086E-02  4.927E-02  4.769E-02  4.612E-02  4.458E-02  4.305E-02  4.154E-02  4.005E-02  3.857E-02  3.711E-02  3.567E-02  3.425E-02
  385.5000  1.486E-01  1.463E-01  1.439E-01  1.415E-01  1.392E-01  1.369E-01  1.346E-01  1.323E-01  1.300E-01  1.277E-01  1.254E-01  1.232E-01  1.210E-01  1.188E-01  1.166E-01  1.144E-01  1.122E-01  1.101E-01  1.079E-01  1.058E-01  1.037E-01  1.016E-01  9.957E-02  9.752E-02  9.549E-02  9.347E-02  9.148E-02  8.950E-02  8.753E-02  8.558E-02  8.365E-02  8.175E-02  7.985E-02  7.797E-02  7.611E-02  7.427E-02  7.245E-02  7.065E-02  6.886E-02  6.709E-02  6.533E-02  6.360E-02  6.188E-02  6.018E-02  5.850E-02  5.683E-02  5.518E-02  5.355E-02  5.194E-02  5.034E-02  4.876E-02  4.720E-02  4.565E-02  4.412E-02  4.261E-02  4.112E-02  3.964E-02  3.818E-02  3.673E-02  3.531E-02  3.390E-02
  386.5000  1.517E-01  1.492E-01  1.468E-01  1.444E-01  1.420E-01  1.396E-01  1.373E-01  1.349E-01  1.326E-01  1.303E-01  1.280E-01  1.257E-01  1.234E-01  1.212E-01  1.189E-01  1.167E-01  1.145E-01  1.123E-01  1.101E-01  1.079E-01  1.058E-01  1.037E-01  1.016E-01  9.948E-02  9.740E-02  9.534E-02  9.331E-02  9.129E-02  8.928E-02  8.729E-02  8.532E-02  8.338E-02  8.144E-02  7.953E-02  7.763E-02  7.575E-02  7.389E-02  7.205E-02  7.023E-02  6.842E-02  6.663E-02  6.486E-02  6.310E-02  6.137E-02  5.966E-02  5.796E-02  5.627E-02  5.461E-02  5.297E-02  5.134E-02  4.973E-02  4.813E-02  4.655E-02  4.499E-02  4.346E-02  4.193E-02  4.042E-02  3.893E-02  3.746E-02  3.600E-02  3.457E-02
  387.5000  1.411E-01  1.388E-01  1.366E-01  1.343E-01  1.321E-01  1.299E-01  1.277E-01  1.255E-01  1.233E-01  1.212E-01  1.190E-01  1.169E-01  1.148E-01  1.127E-01  1.106E-01  1.085E-01  1.065E-01  1.044E-01  1.024E-01  1.004E-01  9.841E-02  9.643E-02  9.447E-02  9.252E-02  9.059E-02  8.867E-02  8.678E-02  8.489E-02  8.303E-02  8.118E-02  7.934E-02  7.753E-02  7.573E-02  7.395E-02  7.219E-02  7.044E-02  6.870E-02  6.699E-02  6.530E-02  6.362E-02  6.195E-02  6.030E-02  5.867E-02  5.706E-02  5.547E-02  5.389E-02  5.232E-02  5.077E-02  4.925E-02  4.773E-02  4.623E-02  4.475E-02  4.328E-02  4.183E-02  4.040E-02  3.898E-02  3.758E-02  3.620E-02  3.483E-02  3.347E-02  3.214E-02
  388.5000  1.415E-01  1.393E-01  1.370E-01  1.348E-01  1.325E-01  1.303E-01  1.281E-01  1.259E-01  1.237E-01  1.216E-01  1.194E-01  1.173E-01  1.152E-01  1.131E-01  1.110E-01  1.089E-01  1.068E-01  1.048E-01  1.027E-01  1.007E-01  9.872E-02  9.673E-02  9.476E-02  9.280E-02  9.086E-02  8.894E-02  8.704E-02  8.515E-02  8.327E-02  8.142E-02  7.958E-02  7.776E-02  7.595E-02  7.416E-02  7.239E-02  7.064E-02  6.890E-02  6.718E-02  6.548E-02  6.379E-02  6.212E-02  6.047E-02  5.883E-02  5.722E-02  5.562E-02  5.403E-02  5.246E-02  5.091E-02  4.938E-02  4.786E-02  4.636E-02  4.487E-02  4.340E-02  4.194E-02  4.051E-02  3.909E-02  3.768E-02  3.629E-02  3.492E-02  3.356E-02  3.223E-02
  389.5000  1.787E-01  1.758E-01  1.730E-01  1.701E-01  1.673E-01  1.645E-01  1.617E-01  1.589E-01  1.562E-01  1.535E-01  1.507E-01  1.480E-01  1.454E-01  1.427E-01  1.400E-01  1.374E-01  1.348E-01  1.322E-01  1.297E-01  1.271E-01  1.246E-01  1.221E-01  1.196E-01  1.171E-01  1.147E-01  1.122E-01  1.098E-01  1.074E-01  1.051E-01  1.027E-01  1.004E-01  9.812E-02  9.584E-02  9.358E-02  9.134E-02  8.913E-02  8.693E-02  8.477E-02  8.262E-02  8.049E-02  7.838E-02  7.629E-02  7.423E-02  7.219E-02  7.017E-02  6.817E-02  6.619E-02  6.423E-02  6.230E-02  6.038E-02  5.848E-02  5.661E-02  5.475E-02  5.292E-02  5.111E-02  4.931E-02  4.754E-02  4.579E-02  4.406E-02  4.234E-02  4.066E-02
  390.5000  1.757E-01  1.729E-01  1.700E-01  1.673E-01  1.645E-01  1.617E-01  1.590E-01  1.563E-01  1.536E-01  1.509E-01  1.482E-01  1.455E-01  1.429E-01  1.403E-01  1.377E-01  1.351E-01  1.325E-01  1.300E-01  1.275E-01  1.250E-01  1.225E-01  1.200E-01  1.175E-01  1.151E-01  1.127E-01  1.103E-01  1.080E-01  1.056E-01  1.033E-01  1.010E-01  9.870E-02  9.644E-02  9.420E-02  9.198E-02  8.977E-02  8.760E-02  8.544E-02  8.331E-02  8.119E-02  7.910E-02  7.703E-02  7.498E-02  7.295E-02  7.094E-02  6.895E-02  6.699E-02  6.504E-02  6.312E-02  6.122E-02  5.933E-02  5.747E-02  5.562E-02  5.380E-02  5.200E-02  5.022E-02  4.846E-02  4.671E-02  4.499E-02  4.329E-02  4.161E-02  3.996E-02
  391.5000  2.086E-01  2.053E-01  2.019E-01  1.986E-01  1.953E-01  1.921E-01  1.888E-01  1.856E-01  1.824E-01  1.792E-01  1.760E-01  1.728E-01  1.697E-01  1.666E-01  1.635E-01  1.604E-01  1.574E-01  1.543E-01  1.513E-01  1.484E-01  1.454E-01  1.425E-01  1.396E-01  1.367E-01  1.338E-01  1.310E-01  1.282E-01  1.254E-01  1.226E-01  1.199E-01  1.172E-01  1.145E-01  1.118E-01  1.092E-01  1.066E-01  1.040E-01  1.014E-01  9.889E-02  9.638E-02  9.389E-02  9.143E-02  8.900E-02  8.659E-02  8.421E-02  8.185E-02  7.951E-02  7.720E-02  7.491E-02  7.266E-02  7.042E-02  6.821E-02  6.602E-02  6.386E-02  6.172E-02  5.961E-02  5.751E-02  5.545E-02  5.340E-02  5.138E-02  4.939E-02  4.742E-02
  392.5000  1.566E-01  1.541E-01  1.516E-01  1.491E-01  1.466E-01  1.442E-01  1.417E-01  1.393E-01  1.369E-01  1.345E-01  1.321E-01  1.297E-01  1.274E-01  1.250E-01  1.227E-01  1.204E-01  1.181E-01  1.158E-01  1.136E-01  1.114E-01  1.091E-01  1.069E-01  1.047E-01  1.026E-01  1.004E-01  9.830E-02  9.619E-02  9.410E-02  9.202E-02  8.997E-02  8.793E-02  8.591E-02  8.391E-02  8.193E-02  7.997E-02  7.803E-02  7.610E-02  7.420E-02  7.232E-02  7.045E-02  6.860E-02  6.677E-02  6.496E-02  6.318E-02  6.141E-02  5.965E-02  5.792E-02  5.620E-02  5.451E-02  5.283E-02  5.117E-02  4.953E-02  4.791E-02  4.630E-02  4.472E-02  4.315E-02  4.160E-02  4.006E-02  3.855E-02  3.705E-02  3.558E-02
  393.5000  6.816E-02  6.706E-02  6.597E-02  6.489E-02  6.381E-02  6.274E-02  6.168E-02  6.062E-02  5.957E-02  5.852E-02  5.748E-02  5.645E-02  5.543E-02  5.441E-02  5.340E-02  5.240E-02  5.140E-02  5.041E-02  4.943E-02  4.845E-02  4.749E-02  4.653E-02  4.558E-02  4.463E-02  4.370E-02  4.277E-02  4.185E-02  4.094E-02  4.004E-02  3.914E-02  3.825E-02  3.738E-02  3.651E-02  3.564E-02  3.479E-02  3.394E-02  3.310E-02  3.228E-02  3.146E-02  3.064E-02  2.984E-02  2.904E-02  2.826E-02  2.748E-02  2.671E-02  2.595E-02  2.519E-02  2.445E-02  2.371E-02  2.298E-02  2.226E-02  2.154E-02  2.084E-02  2.014E-02  1.945E-02  1.877E-02  1.809E-02  1.742E-02  1.677E-02  1.612E-02  1.547E-02
  394.5000  1.605E-01  1.580E-01  1.554E-01  1.529E-01  1.503E-01  1.478E-01  1.453E-01  1.428E-01  1.403E-01  1.378E-01  1.354E-01  1.330E-01  1.305E-01  1.281E-01  1.258E-01  1.234E-01  1.211E-01  1.187E-01  1.164E-01  1.141E-01  1.118E-01  1.096E-01  1.073E-01  1.051E-01  1.029E-01  1.007E-01  9.855E-02  9.641E-02  9.428E-02  9.216E-02  9.007E-02  8.801E-02  8.596E-02  8.392E-02  8.191E-02  7.992E-02  7.794E-02  7.600E-02  7.406E-02  7.215E-02  7.025E-02  6.838E-02  6.652E-02  6.469E-02  6.288E-02  6.108E-02  5.930E-02  5.755E-02  5.581E-02  5.409E-02  5.239E-02  5.071E-02  4.905E-02  4.740E-02  4.578E-02  4.418E-02  4.259E-02  4.102E-02  3.947E-02  3.794E-02  3.643E-02
  395.5000  2.068E-01  2.034E-01  2.001E-01  1.969E-01  1.936E-01  1.903E-01  1.871E-01  1.839E-01  1.807E-01  1.775E-01  1.744E-01  1.712E-01  1.681E-01  1.650E-01  1.620E-01  1.589E-01  1.559E-01  1.529E-01  1.499E-01  1.469E-01  1.440E-01  1.411E-01  1.382E-01  1.353E-01  1.325E-01  1.297E-01  1.269E-01  1.241E-01  1.214E-01  1.187E-01  1.160E-01  1.133E-01  1.107E-01  1.080E-01  1.055E-01  1.029E-01  1.003E-01  9.783E-02  9.534E-02  9.288E-02  9.044E-02  8.802E-02  8.563E-02  8.328E-02  8.094E-02  7.862E-02  7.633E-02  7.407E-02  7.184E-02  6.963E-02  6.744E-02  6.527E-02  6.313E-02  6.101E-02  5.893E-02  5.686E-02  5.481E-02  5.279E-02  5.080E-02  4.883E-02  4.689E-02
  396.5000  1.215E-01  1.196E-01  1.176E-01  1.157E-01  1.138E-01  1.119E-01  1.100E-01  1.081E-01  1.062E-01  1.043E-01  1.025E-01  1.006E-01  9.881E-02  9.699E-02  9.518E-02  9.339E-02  9.161E-02  8.985E-02  8.809E-02  8.635E-02  8.463E-02  8.292E-02  8.122E-02  7.953E-02  7.786E-02  7.620E-02  7.457E-02  7.294E-02  7.132E-02  6.972E-02  6.814E-02  6.658E-02  6.502E-02  6.348E-02  6.196E-02  6.045E-02  5.895E-02  5.748E-02  5.601E-02  5.456E-02  5.313E-02  5.171E-02  5.031E-02  4.892E-02  4.755E-02  4.619E-02  4.484E-02  4.351E-02  4.220E-02  4.090E-02  3.961E-02  3.834E-02  3.708E-02  3.584E-02  3.462E-02  3.340E-02  3.220E-02  3.101E-02  2.984E-02  2.868E-02  2.754E-02
  397.5000  1.404E-01  1.381E-01  1.359E-01  1.336E-01  1.314E-01  1.292E-01  1.270E-01  1.248E-01  1.227E-01  1.205E-01  1.184E-01  1.162E-01  1.141E-01  1.120E-01  1.099E-01  1.079E-01  1.058E-01  1.038E-01  1.017E-01  9.973E-02  9.774E-02  9.576E-02  9.379E-02  9.184E-02  8.991E-02  8.800E-02  8.611E-02  8.422E-02  8.236E-02  8.051E-02  7.868E-02  7.687E-02  7.508E-02  7.330E-02  7.154E-02  6.979E-02  6.807E-02  6.636E-02  6.467E-02  6.300E-02  6.134E-02  5.970E-02  5.808E-02  5.648E-02  5.489E-02  5.332E-02  5.177E-02  5.023E-02  4.872E-02  4.722E-02  4.573E-02  4.426E-02  4.281E-02  4.137E-02  3.996E-02  3.856E-02  3.717E-02  3.580E-02  3.445E-02  3.311E-02  3.180E-02
  398.5000  2.415E-01  2.376E-01  2.337E-01  2.299E-01  2.260E-01  2.222E-01  2.185E-01  2.147E-01  2.110E-01  2.073E-01  2.036E-01  1.999E-01  1.963E-01  1.927E-01  1.891E-01  1.855E-01  1.820E-01  1.785E-01  1.750E-01  1.715E-01  1.681E-01  1.647E-01  1.613E-01  1.579E-01  1.546E-01  1.513E-01  1.481E-01  1.448E-01  1.416E-01  1.384E-01  1.353E-01  1.322E-01  1.291E-01  1.260E-01  1.230E-01  1.200E-01  1.170E-01  1.141E-01  1.112E-01  1.083E-01  1.055E-01  1.026E-01  9.984E-02  9.709E-02  9.436E-02  9.166E-02  8.899E-02  8.635E-02  8.375E-02  8.116E-02  7.861E-02  7.609E-02  7.359E-02  7.112E-02  6.869E-02  6.628E-02  6.390E-02  6.154E-02  5.922E-02  5.692E-02  5.466E-02
  399.5000  2.514E-01  2.473E-01  2.433E-01  2.393E-01  2.353E-01  2.314E-01  2.274E-01  2.235E-01  2.196E-01  2.158E-01  2.119E-01  2.081E-01  2.043E-01  2.006E-01  1.968E-01  1.931E-01  1.894E-01  1.858E-01  1.821E-01  1.785E-01  1.750E-01  1.714E-01  1.679E-01  1.644E-01  1.609E-01  1.575E-01  1.541E-01  1.507E-01  1.474E-01  1.441E-01  1.408E-01  1.376E-01  1.343E-01  1.312E-01  1.280E-01  1.249E-01  1.218E-01  1.187E-01  1.157E-01  1.127E-01  1.097E-01  1.068E-01  1.039E-01  1.010E-01  9.819E-02  9.538E-02  9.260E-02  8.985E-02  8.714E-02  8.445E-02  8.179E-02  7.917E-02  7.657E-02  7.400E-02  7.147E-02  6.896E-02  6.648E-02  6.403E-02  6.162E-02  5.923E-02  5.687E-02
------------------------------------------------------------
Dose rates,W m-2
   1 = UV index (WMO, 1994; Webb et al., 2011)           
   2 = Previtamin-D3 (CIE 2006)                          
values at z =      0.025 km
Columns: time,sza,weighting spectra
time,hrs.  sza,deg.          1          2
   18.0000     73.113  5.568E-01  1.421E-02
   18.0167     73.322  5.439E-01  1.375E-02
   18.0333     73.531  5.311E-01  1.331E-02
   18.0500     73.740  5.186E-01  1.287E-02
   18.0667     73.948  5.062E-01  1.244E-02
   18.0833     74.157  4.941E-01  1.203E-02
   18.1000     74.366  4.821E-01  1.162E-02
   18.1167     74.575  4.703E-01  1.123E-02
   18.1333     74.783  4.588E-01  1.084E-02
   18.1500     74.991  4.474E-01  1.047E-02
   18.1667     75.200  4.362E-01  1.010E-02
   18.1833     75.409  4.252E-01  9.747E-03
   18.2000     75.617  4.144E-01  9.400E-03
   18.2167     75.825  4.038E-01  9.064E-03
   18.2333     76.034  3.933E-01  8.736E-03
   18.2500     76.242  3.831E-01  8.418E-03
   18.2667     76.450  3.730E-01  8.109E-03
   18.2833     76.658  3.631E-01  7.808E-03
   18.3000     76.866  3.533E-01  7.516E-03
   18.3167     77.074  3.438E-01  7.232E-03
   18.3333     77.282  3.344E-01  6.958E-03
   18.3500     77.490  3.252E-01  6.691E-03
   18.3667     77.697  3.162E-01  6.432E-03
   18.3833     77.905  3.073E-01  6.181E-03
   18.4000     78.113  2.986E-01  5.938E-03
   18.4167     78.321  2.900E-01  5.702E-03
   18.4333     78.528  2.817E-01  5.475E-03
   18.4500     78.735  2.734E-01  5.254E-03
   18.4667     78.943  2.654E-01  5.040E-03
   18.4833     79.150  2.575E-01  4.833E-03
   18.5000     79.357  2.497E-01  4.634E-03
   18.5167     79.564  2.421E-01  4.441E-03
   18.5333     79.771  2.347E-01  4.255E-03
   18.5500     79.978  2.274E-01  4.074E-03
   18.5667     80.185  2.202E-01  3.901E-03
   18.5833     80.392  2.132E-01  3.733E-03
   18.6000     80.599  2.064E-01  3.571E-03
   18.6167     80.805  1.997E-01  3.416E-03
   18.6333     81.012  1.931E-01  3.265E-03
   18.6500     81.219  1.866E-01  3.120E-03
   18.6667     81.425  1.803E-01  2.981E-03
   18.6833     81.632  1.742E-01  2.847E-03
   18.7000     81.838  1.681E-01  2.718E-03
   18.7167     82.044  1.622E-01  2.594E-03
   18.7333     82.250  1.565E-01  2.475E-03
   18.7500     82.456  1.508E-01  2.360E-03
   18.7667     82.662  1.453E-01  2.250E-03
   18.7833     82.868  1.399E-01  2.144E-03
   18.8000     83.073  1.346E-01  2.043E-03
   18.8167     83.279  1.295E-01  1.945E-03
   18.8333     83.484  1.244E-01  1.852E-03
   18.8500     83.690  1.195E-01  1.762E-03
   18.8667     83.895  1.147E-01  1.676E-03
   18.8833     84.101  1.100E-01  1.594E-03
   18.9000     84.305  1.054E-01  1.515E-03
   18.9167     84.510  1.010E-01  1.439E-03
   18.9333     84.715  9.662E-02  1.367E-03
   18.9500     84.920  9.237E-02  1.297E-03
   18.9667     85.125  8.823E-02  1.231E-03
   18.9833     85.330  8.419E-02  1.167E-03
   19.0000     85.534  8.027E-02  1.107E-03
------------------------------------------------------------
