Spectral Irradiance,W m-2 nm-1
values at z =      0.025 km
Columns: wavelength (nm),times (hrs.) or sza (deg.)
    wc,nm     18.000     18.017     18.033     18.050     18.067     18.083     18.100     18.117     18.133     18.150     18.167     18.183     18.200     18.217     18.233     18.250     18.267     18.283     18.300     18.317     18.333     18.350     18.367     18.383     18.400     18.417     18.433     18.450     18.467     18.483     18.500     18.517     18.533     18.550     18.567     18.583     18.600     18.617     18.633     18.650     18.667     18.683     18.700     18.717     18.733     18.750     18.767     18.783     18.800     18.817     18.833     18.850     18.867     18.883     18.900     18.917     18.933     18.950     18.967     18.983     19.000
    sza =      74.789     74.998     75.208     75.417     75.627     75.837     76.047     76.256     76.466     76.675     76.885     77.094     77.304     77.513     77.723     77.932     78.141     78.351     78.560     78.769     78.978     79.187     79.397     79.606     79.815     80.024     80.233     80.442     80.651     80.860     81.069     81.277     81.486     81.695     81.903     82.112     82.321     82.529     82.737     82.946     83.154     83.363     83.571     83.778     83.987     84.195     84.403     84.611     84.818     85.026     85.234     85.442     85.649     85.857     86.064     86.271     86.478     86.686     86.893     87.100     87.306
  280.5000  6.868E-29  6.768E-29  6.669E-29  6.572E-29  6.477E-29  6.383E-29  6.290E-29  6.198E-29  6.108E-29  6.019E-29  5.931E-29  5.844E-29  5.757E-29  5.673E-29  5.589E-29  5.506E-29  5.423E-29  5.342E-29  5.261E-29  5.182E-29  5.103E-29  5.024E-29  4.947E-29  4.870E-29  4.793E-29  4.718E-29  4.643E-29  4.568E-29  4.494E-29  4.420E-29  4.347E-29  4.274E-29  4.201E-29  4.129E-29  4.058E-29  3.986E-29  3.915E-29  3.844E-29  3.773E-29  3.703E-29  3.632E-29  3.562E-29  3.492E-29  3.422E-29  3.352E-29  3.282E-29  3.211E-29  3.141E-29  3.071E-29  3.001E-29  2.930E-29  2.860E-29  2.789E-29  2.718E-29  2.646E-29  2.575E-29  2.503E-29  2.430E-29  2.357E-29  2.284E-29  2.211E-29
  281.5000  2.703E-26  2.663E-26  2.623E-26  2.585E-26  2.547E-26  2.509E-26  2.472E-26  2.436E-26  2.399E-26  2.364E-26  2.329E-26  2.294E-26  2.260E-26  2.226E-26  2.193E-26  2.160E-26  2.127E-26  2.095E-26  2.063E-26  2.031E-26  2.000E-26  1.969E-26  1.938E-26  1.908E-26  1.878E-26  1.848E-26  1.818E-26  1.789E-26  1.759E-26  1.730E-26  1.701E-26  1.673E-26  1.644E-26  1.616E-26  1.587E-26  1.559E-26  1.531E-26  1.503E-26  1.476E-26  1.448E-26  1.420E-26  1.393E-26  1.365E-26  1.338E-26  1.310E-26  1.283E-26  1.255E-26  1.228E-26  1.200E-26  1.173E-26  1.145E-26  1.118E-26  1.090E-26  1.062E-26  1.034E-26  1.006E-26  9.781E-27  9.499E-27  9.215E-27  8.929E-27  8.642E-27
  282.5000  3.143E-24  3.096E-24  3.050E-24  3.004E-24  2.959E-24  2.915E-24  2.871E-24  2.828E-24  2.785E-24  2.744E-24  2.702E-24  2.662E-24  2.622E-24  2.582E-24  2.543E-24  2.504E-24  2.466E-24  2.428E-24  2.390E-24  2.353E-24  2.317E-24  2.280E-24  2.244E-24  2.209E-24  2.173E-24  2.138E-24  2.104E-24  2.069E-24  2.035E-24  2.001E-24  1.968E-24  1.934E-24  1.901E-24  1.868E-24  1.835E-24  1.802E-24  1.769E-24  1.737E-24  1.705E-24  1.673E-24  1.640E-24  1.608E-24  1.576E-24  1.545E-24  1.513E-24  1.481E-24  1.449E-24  1.417E-24  1.386E-24  1.354E-24  1.322E-24  1.290E-24  1.258E-24  1.226E-24  1.194E-24  1.161E-24  1.129E-24  1.096E-24  1.064E-24  1.031E-24  9.976E-25
  283.5000  6.233E-23  6.138E-23  6.045E-23  5.954E-23  5.863E-23  5.774E-23  5.687E-23  5.601E-23  5.516E-23  5.432E-23  5.350E-23  5.268E-23  5.188E-23  5.109E-23  5.030E-23  4.953E-23  4.877E-23  4.801E-23  4.726E-23  4.653E-23  4.580E-23  4.507E-23  4.436E-23  4.365E-23  4.294E-23  4.225E-23  4.156E-23  4.087E-23  4.019E-23  3.952E-23  3.885E-23  3.818E-23  3.752E-23  3.687E-23  3.621E-23  3.556E-23  3.492E-23  3.427E-23  3.363E-23  3.300E-23  3.236E-23  3.172E-23  3.109E-23  3.046E-23  2.983E-23  2.920E-23  2.857E-23  2.794E-23  2.732E-23  2.669E-23  2.606E-23  2.543E-23  2.480E-23  2.416E-23  2.353E-23  2.289E-23  2.225E-23  2.161E-23  2.096E-23  2.031E-23  1.966E-23
  284.5000  8.879E-21  8.740E-21  8.604E-21  8.470E-21  8.338E-21  8.209E-21  8.081E-21  7.956E-21  7.833E-21  7.711E-21  7.592E-21  7.474E-21  7.357E-21  7.242E-21  7.129E-21  7.017E-21  6.907E-21  6.798E-21  6.690E-21  6.584E-21  6.479E-21  6.375E-21  6.271E-21  6.169E-21  6.069E-21  5.968E-21  5.870E-21  5.771E-21  5.674E-21  5.577E-21  5.482E-21  5.387E-21  5.292E-21  5.199E-21  5.105E-21  5.013E-21  4.921E-21  4.829E-21  4.738E-21  4.647E-21  4.557E-21  4.467E-21  4.377E-21  4.288E-21  4.198E-21  4.109E-21  4.020E-21  3.931E-21  3.842E-21  3.754E-21  3.665E-21  3.576E-21  3.487E-21  3.397E-21  3.308E-21  3.218E-21  3.128E-21  3.038E-21  2.947E-21  2.856E-21  2.765E-21
  285.5000  2.188E-19  2.153E-19  2.119E-19  2.085E-19  2.052E-19  2.019E-19  1.987E-19  1.956E-19  1.925E-19  1.894E-19  1.864E-19  1.835E-19  1.806E-19  1.777E-19  1.749E-19  1.721E-19  1.693E-19  1.666E-19  1.639E-19  1.613E-19  1.586E-19  1.561E-19  1.535E-19  1.510E-19  1.485E-19  1.460E-19  1.435E-19  1.411E-19  1.387E-19  1.363E-19  1.339E-19  1.316E-19  1.292E-19  1.269E-19  1.246E-19  1.223E-19  1.201E-19  1.178E-19  1.156E-19  1.133E-19  1.111E-19  1.089E-19  1.067E-19  1.045E-19  1.023E-19  1.001E-19  9.791E-20  9.573E-20  9.356E-20  9.138E-20  8.921E-20  8.703E-20  8.485E-20  8.267E-20  8.050E-20  7.831E-20  7.611E-20  7.391E-20  7.170E-20  6.948E-20  6.726E-20
  286.5000  1.162E-17  1.143E-17  1.124E-17  1.106E-17  1.088E-17  1.070E-17  1.053E-17  1.036E-17  1.019E-17  1.003E-17  9.867E-18  9.707E-18  9.550E-18  9.396E-18  9.243E-18  9.094E-18  8.946E-18  8.800E-18  8.656E-18  8.513E-18  8.373E-18  8.234E-18  8.097E-18  7.962E-18  7.828E-18  7.695E-18  7.564E-18  7.434E-18  7.306E-18  7.178E-18  7.052E-18  6.927E-18  6.802E-18  6.679E-18  6.557E-18  6.435E-18  6.314E-18  6.195E-18  6.076E-18  5.957E-18  5.839E-18  5.722E-18  5.605E-18  5.489E-18  5.372E-18  5.257E-18  5.141E-18  5.026E-18  4.911E-18  4.796E-18  4.682E-18  4.567E-18  4.452E-18  4.337E-18  4.223E-18  4.107E-18  3.992E-18  3.876E-18  3.760E-18  3.644E-18  3.527E-18
  287.5000  3.561E-16  3.501E-16  3.443E-16  3.385E-16  3.329E-16  3.273E-16  3.219E-16  3.166E-16  3.113E-16  3.062E-16  3.011E-16  2.962E-16  2.912E-16  2.864E-16  2.817E-16  2.770E-16  2.724E-16  2.679E-16  2.634E-16  2.590E-16  2.546E-16  2.503E-16  2.461E-16  2.419E-16  2.377E-16  2.336E-16  2.296E-16  2.256E-16  2.216E-16  2.177E-16  2.138E-16  2.099E-16  2.061E-16  2.023E-16  1.986E-16  1.948E-16  1.911E-16  1.874E-16  1.838E-16  1.802E-16  1.766E-16  1.730E-16  1.694E-16  1.658E-16  1.623E-16  1.588E-16  1.553E-16  1.517E-16  1.483E-16  1.448E-16  1.413E-16  1.378E-16  1.343E-16  1.308E-16  1.273E-16  1.238E-16  1.203E-16  1.168E-16  1.133E-16  1.098E-16  1.063E-16
  288.5000  1.120E-14  1.100E-14  1.081E-14  1.063E-14  1.044E-14  1.026E-14  1.009E-14  9.912E-15  9.743E-15  9.577E-15  9.413E-15  9.252E-15  9.094E-15  8.939E-15  8.786E-15  8.636E-15  8.488E-15  8.343E-15  8.199E-15  8.058E-15  7.919E-15  7.781E-15  7.646E-15  7.512E-15  7.380E-15  7.249E-15  7.121E-15  6.994E-15  6.868E-15  6.743E-15  6.620E-15  6.498E-15  6.377E-15  6.258E-15  6.139E-15  6.021E-15  5.905E-15  5.790E-15  5.675E-15  5.561E-15  5.447E-15  5.335E-15  5.223E-15  5.112E-15  5.001E-15  4.891E-15  4.781E-15  4.672E-15  4.563E-15  4.454E-15  4.346E-15  4.237E-15  4.129E-15  4.021E-15  3.913E-15  3.805E-15  3.697E-15  3.589E-15  3.480E-15  3.372E-15  3.263E-15
  289.5000  2.305E-13  2.263E-13  2.223E-13  2.183E-13  2.144E-13  2.106E-13  2.069E-13  2.033E-13  1.997E-13  1.962E-13  1.927E-13  1.893E-13  1.860E-13  1.828E-13  1.796E-13  1.764E-13  1.733E-13  1.703E-13  1.673E-13  1.643E-13  1.614E-13  1.585E-13  1.557E-13  1.529E-13  1.502E-13  1.475E-13  1.448E-13  1.422E-13  1.395E-13  1.370E-13  1.344E-13  1.319E-13  1.294E-13  1.269E-13  1.245E-13  1.221E-13  1.196E-13  1.173E-13  1.149E-13  1.126E-13  1.102E-13  1.079E-13  1.056E-13  1.034E-13  1.011E-13  9.883E-14  9.659E-14  9.435E-14  9.213E-14  8.991E-14  8.769E-14  8.549E-14  8.328E-14  8.108E-14  7.889E-14  7.670E-14  7.450E-14  7.230E-14  7.011E-14  6.791E-14  6.571E-14
  290.5000  2.823E-12  2.770E-12  2.719E-12  2.669E-12  2.620E-12  2.572E-12  2.525E-12  2.479E-12  2.434E-12  2.390E-12  2.347E-12  2.305E-12  2.263E-12  2.223E-12  2.182E-12  2.143E-12  2.105E-12  2.067E-12  2.029E-12  1.993E-12  1.957E-12  1.921E-12  1.886E-12  1.851E-12  1.817E-12  1.784E-12  1.751E-12  1.718E-12  1.686E-12  1.654E-12  1.623E-12  1.592E-12  1.561E-12  1.531E-12  1.501E-12  1.471E-12  1.441E-12  1.412E-12  1.383E-12  1.355E-12  1.326E-12  1.298E-12  1.270E-12  1.242E-12  1.215E-12  1.187E-12  1.160E-12  1.133E-12  1.106E-12  1.079E-12  1.052E-12  1.025E-12  9.985E-13  9.719E-13  9.454E-13  9.188E-13  8.923E-13  8.658E-13  8.393E-13  8.128E-13  7.864E-13
  291.5000  3.199E-11  3.137E-11  3.077E-11  3.018E-11  2.960E-11  2.904E-11  2.849E-11  2.795E-11  2.742E-11  2.690E-11  2.640E-11  2.590E-11  2.542E-11  2.494E-11  2.448E-11  2.402E-11  2.357E-11  2.313E-11  2.270E-11  2.227E-11  2.186E-11  2.145E-11  2.104E-11  2.064E-11  2.025E-11  1.987E-11  1.949E-11  1.911E-11  1.874E-11  1.838E-11  1.802E-11  1.767E-11  1.732E-11  1.697E-11  1.663E-11  1.629E-11  1.596E-11  1.563E-11  1.530E-11  1.498E-11  1.466E-11  1.434E-11  1.402E-11  1.371E-11  1.340E-11  1.309E-11  1.278E-11  1.248E-11  1.218E-11  1.187E-11  1.157E-11  1.128E-11  1.098E-11  1.068E-11  1.039E-11  1.009E-11  9.796E-12  9.502E-12  9.208E-12  8.915E-12  8.622E-12
  292.5000  2.211E-10  2.167E-10  2.123E-10  2.081E-10  2.039E-10  1.999E-10  1.960E-10  1.921E-10  1.883E-10  1.847E-10  1.811E-10  1.775E-10  1.741E-10  1.707E-10  1.674E-10  1.642E-10  1.610E-10  1.579E-10  1.548E-10  1.518E-10  1.489E-10  1.460E-10  1.432E-10  1.404E-10  1.376E-10  1.349E-10  1.323E-10  1.297E-10  1.271E-10  1.245E-10  1.220E-10  1.196E-10  1.171E-10  1.147E-10  1.124E-10  1.100E-10  1.077E-10  1.054E-10  1.032E-10  1.009E-10  9.873E-11  9.654E-11  9.437E-11  9.222E-11  9.009E-11  8.798E-11  8.588E-11  8.379E-11  8.173E-11  7.967E-11  7.762E-11  7.559E-11  7.356E-11  7.155E-11  6.955E-11  6.754E-11  6.555E-11  6.356E-11  6.157E-11  5.959E-11  5.761E-11
  293.5000  1.748E-09  1.711E-09  1.675E-09  1.640E-09  1.606E-09  1.572E-09  1.540E-09  1.508E-09  1.477E-09  1.447E-09  1.418E-09  1.389E-09  1.361E-09  1.334E-09  1.307E-09  1.280E-09  1.255E-09  1.229E-09  1.205E-09  1.180E-09  1.157E-09  1.133E-09  1.110E-09  1.088E-09  1.066E-09  1.044E-09  1.023E-09  1.002E-09  9.814E-10  9.612E-10  9.412E-10  9.216E-10  9.023E-10  8.832E-10  8.644E-10  8.458E-10  8.275E-10  8.095E-10  7.917E-10  7.741E-10  7.567E-10  7.394E-10  7.224E-10  7.056E-10  6.889E-10  6.723E-10  6.559E-10  6.397E-10  6.236E-10  6.075E-10  5.916E-10  5.758E-10  5.601E-10  5.445E-10  5.290E-10  5.136E-10  4.982E-10  4.828E-10  4.675E-10  4.523E-10  4.371E-10
  294.5000  7.413E-09  7.249E-09  7.090E-09  6.935E-09  6.785E-09  6.638E-09  6.496E-09  6.357E-09  6.221E-09  6.090E-09  5.961E-09  5.835E-09  5.713E-09  5.593E-09  5.476E-09  5.361E-09  5.249E-09  5.140E-09  5.033E-09  4.928E-09  4.825E-09  4.724E-09  4.626E-09  4.529E-09  4.434E-09  4.341E-09  4.249E-09  4.160E-09  4.071E-09  3.985E-09  3.899E-09  3.816E-09  3.733E-09  3.652E-09  3.572E-09  3.493E-09  3.415E-09  3.339E-09  3.264E-09  3.189E-09  3.115E-09  3.043E-09  2.971E-09  2.900E-09  2.830E-09  2.760E-09  2.692E-09  2.624E-09  2.556E-09  2.489E-09  2.423E-09  2.357E-09  2.292E-09  2.227E-09  2.162E-09  2.098E-09  2.034E-09  1.971E-09  1.907E-09  1.844E-09  1.782E-09
  295.5000  4.458E-08  4.353E-08  4.252E-08  4.154E-08  4.058E-08  3.966E-08  3.876E-08  3.788E-08  3.703E-08  3.621E-08  3.540E-08  3.462E-08  3.385E-08  3.311E-08  3.238E-08  3.167E-08  3.098E-08  3.030E-08  2.964E-08  2.899E-08  2.836E-08  2.774E-08  2.714E-08  2.655E-08  2.596E-08  2.539E-08  2.484E-08  2.429E-08  2.375E-08  2.323E-08  2.271E-08  2.220E-08  2.170E-08  2.121E-08  2.073E-08  2.026E-08  1.979E-08  1.933E-08  1.888E-08  1.843E-08  1.799E-08  1.756E-08  1.713E-08  1.671E-08  1.629E-08  1.588E-08  1.548E-08  1.507E-08  1.468E-08  1.428E-08  1.389E-08  1.350E-08  1.312E-08  1.274E-08  1.236E-08  1.199E-08  1.162E-08  1.125E-08  1.088E-08  1.051E-08  1.015E-08
  296.5000  1.646E-07  1.604E-07  1.564E-07  1.526E-07  1.488E-07  1.452E-07  1.417E-07  1.383E-07  1.351E-07  1.319E-07  1.288E-07  1.258E-07  1.229E-07  1.200E-07  1.172E-07  1.146E-07  1.119E-07  1.094E-07  1.069E-07  1.044E-07  1.021E-07  9.973E-08  9.746E-08  9.523E-08  9.306E-08  9.093E-08  8.885E-08  8.681E-08  8.481E-08  8.285E-08  8.094E-08  7.906E-08  7.721E-08  7.540E-08  7.362E-08  7.187E-08  7.015E-08  6.847E-08  6.680E-08  6.517E-08  6.356E-08  6.198E-08  6.042E-08  5.889E-08  5.737E-08  5.587E-08  5.440E-08  5.294E-08  5.151E-08  5.008E-08  4.868E-08  4.729E-08  4.591E-08  4.455E-08  4.320E-08  4.186E-08  4.053E-08  3.921E-08  3.791E-08  3.661E-08  3.532E-08
  297.5000  6.246E-07  6.074E-07  5.909E-07  5.751E-07  5.599E-07  5.452E-07  5.311E-07  5.175E-07  5.044E-07  4.918E-07  4.795E-07  4.676E-07  4.561E-07  4.449E-07  4.341E-07  4.236E-07  4.134E-07  4.034E-07  3.937E-07  3.843E-07  3.751E-07  3.661E-07  3.574E-07  3.488E-07  3.405E-07  3.324E-07  3.244E-07  3.167E-07  3.090E-07  3.016E-07  2.943E-07  2.872E-07  2.802E-07  2.733E-07  2.666E-07  2.600E-07  2.536E-07  2.472E-07  2.410E-07  2.349E-07  2.289E-07  2.230E-07  2.172E-07  2.114E-07  2.058E-07  2.003E-07  1.948E-07  1.894E-07  1.841E-07  1.789E-07  1.737E-07  1.686E-07  1.636E-07  1.586E-07  1.537E-07  1.488E-07  1.439E-07  1.391E-07  1.344E-07  1.297E-07  1.250E-07
  298.5000  1.366E-06  1.324E-06  1.284E-06  1.247E-06  1.211E-06  1.176E-06  1.143E-06  1.111E-06  1.081E-06  1.052E-06  1.024E-06  9.965E-07  9.703E-07  9.450E-07  9.205E-07  8.969E-07  8.740E-07  8.517E-07  8.301E-07  8.092E-07  7.889E-07  7.691E-07  7.498E-07  7.310E-07  7.127E-07  6.949E-07  6.775E-07  6.605E-07  6.440E-07  6.278E-07  6.119E-07  5.965E-07  5.814E-07  5.666E-07  5.521E-07  5.379E-07  5.240E-07  5.104E-07  4.970E-07  4.839E-07  4.710E-07  4.584E-07  4.460E-07  4.339E-07  4.219E-07  4.101E-07  3.986E-07  3.872E-07  3.760E-07  3.650E-07  3.541E-07  3.434E-07  3.328E-07  3.223E-07  3.121E-07  3.019E-07  2.918E-07  2.819E-07  2.720E-07  2.623E-07  2.527E-07
  299.5000  5.604E-06  5.413E-06  5.231E-06  5.059E-06  4.896E-06  4.740E-06  4.592E-06  4.451E-06  4.316E-06  4.188E-06  4.065E-06  3.947E-06  3.834E-06  3.725E-06  3.620E-06  3.520E-06  3.423E-06  3.329E-06  3.239E-06  3.152E-06  3.067E-06  2.985E-06  2.906E-06  2.829E-06  2.754E-06  2.681E-06  2.610E-06  2.541E-06  2.474E-06  2.409E-06  2.345E-06  2.283E-06  2.222E-06  2.163E-06  2.105E-06  2.048E-06  1.993E-06  1.939E-06  1.886E-06  1.834E-06  1.783E-06  1.733E-06  1.684E-06  1.636E-06  1.589E-06  1.543E-06  1.498E-06  1.454E-06  1.410E-06  1.367E-06  1.325E-06  1.283E-06  1.242E-06  1.202E-06  1.163E-06  1.123E-06  1.085E-06  1.047E-06  1.009E-06  9.721E-07  9.356E-07
  300.5000  8.699E-06  8.372E-06  8.062E-06  7.770E-06  7.493E-06  7.231E-06  6.982E-06  6.746E-06  6.522E-06  6.309E-06  6.106E-06  5.913E-06  5.728E-06  5.551E-06  5.383E-06  5.221E-06  5.066E-06  4.917E-06  4.774E-06  4.637E-06  4.504E-06  4.376E-06  4.252E-06  4.133E-06  4.017E-06  3.905E-06  3.797E-06  3.691E-06  3.589E-06  3.489E-06  3.393E-06  3.299E-06  3.207E-06  3.117E-06  3.030E-06  2.945E-06  2.862E-06  2.781E-06  2.702E-06  2.625E-06  2.549E-06  2.475E-06  2.403E-06  2.332E-06  2.262E-06  2.194E-06  2.127E-06  2.062E-06  1.998E-06  1.935E-06  1.873E-06  1.813E-06  1.753E-06  1.694E-06  1.637E-06  1.580E-06  1.524E-06  1.469E-06  1.415E-06  1.362E-06  1.309E-06
  301.5000  3.135E-05  3.004E-05  2.881E-05  2.765E-05  2.655E-05  2.550E-05  2.452E-05  2.359E-05  2.271E-05  2.188E-05  2.108E-05  2.033E-05  1.962E-05  1.894E-05  1.830E-05  1.769E-05  1.710E-05  1.654E-05  1.601E-05  1.550E-05  1.502E-05  1.455E-05  1.410E-05  1.367E-05  1.325E-05  1.285E-05  1.247E-05  1.209E-05  1.173E-05  1.139E-05  1.105E-05  1.072E-05  1.040E-05  1.010E-05  9.798E-06  9.507E-06  9.223E-06  8.948E-06  8.680E-06  8.418E-06  8.162E-06  7.913E-06  7.670E-06  7.432E-06  7.200E-06  6.973E-06  6.751E-06  6.533E-06  6.321E-06  6.113E-06  5.909E-06  5.709E-06  5.513E-06  5.320E-06  5.132E-06  4.947E-06  4.765E-06  4.587E-06  4.411E-06  4.239E-06  4.070E-06
  302.5000  5.965E-05  5.702E-05  5.454E-05  5.220E-05  4.998E-05  4.788E-05  4.589E-05  4.402E-05  4.224E-05  4.056E-05  3.897E-05  3.747E-05  3.604E-05  3.469E-05  3.341E-05  3.219E-05  3.104E-05  2.994E-05  2.889E-05  2.790E-05  2.695E-05  2.604E-05  2.518E-05  2.435E-05  2.356E-05  2.280E-05  2.207E-05  2.137E-05  2.069E-05  2.004E-05  1.941E-05  1.881E-05  1.822E-05  1.765E-05  1.711E-05  1.657E-05  1.606E-05  1.556E-05  1.507E-05  1.460E-05  1.413E-05  1.369E-05  1.325E-05  1.282E-05  1.241E-05  1.200E-05  1.160E-05  1.122E-05  1.084E-05  1.047E-05  1.011E-05  9.755E-06  9.409E-06  9.070E-06  8.739E-06  8.413E-06  8.095E-06  7.782E-06  7.476E-06  7.175E-06  6.881E-06
  303.5000  1.750E-04  1.670E-04  1.593E-04  1.521E-04  1.453E-04  1.388E-04  1.326E-04  1.268E-04  1.212E-04  1.160E-04  1.110E-04  1.063E-04  1.019E-04  9.767E-05  9.368E-05  8.991E-05  8.632E-05  8.292E-05  7.970E-05  7.664E-05  7.375E-05  7.099E-05  6.836E-05  6.587E-05  6.349E-05  6.122E-05  5.906E-05  5.699E-05  5.502E-05  5.312E-05  5.131E-05  4.957E-05  4.790E-05  4.628E-05  4.473E-05  4.324E-05  4.179E-05  4.040E-05  3.905E-05  3.775E-05  3.648E-05  3.525E-05  3.406E-05  3.290E-05  3.178E-05  3.068E-05  2.961E-05  2.858E-05  2.757E-05  2.658E-05  2.562E-05  2.468E-05  2.376E-05  2.286E-05  2.199E-05  2.114E-05  2.030E-05  1.948E-05  1.868E-05  1.790E-05  1.714E-05
  304.5000  2.669E-04  2.545E-04  2.427E-04  2.315E-04  2.209E-04  2.108E-04  2.011E-04  1.920E-04  1.833E-04  1.751E-04  1.673E-04  1.599E-04  1.529E-04  1.463E-04  1.400E-04  1.340E-04  1.284E-04  1.230E-04  1.179E-04  1.131E-04  1.086E-04  1.042E-04  1.001E-04  9.620E-05  9.249E-05  8.896E-05  8.561E-05  8.241E-05  7.936E-05  7.645E-05  7.367E-05  7.102E-05  6.848E-05  6.604E-05  6.371E-05  6.146E-05  5.930E-05  5.723E-05  5.523E-05  5.329E-05  5.142E-05  4.962E-05  4.787E-05  4.618E-05  4.454E-05  4.295E-05  4.140E-05  3.990E-05  3.844E-05  3.702E-05  3.563E-05  3.428E-05  3.297E-05  3.169E-05  3.044E-05  2.922E-05  2.803E-05  2.687E-05  2.574E-05  2.463E-05  2.355E-05
  305.5000  5.975E-04  5.701E-04  5.440E-04  5.190E-04  4.951E-04  4.722E-04  4.504E-04  4.295E-04  4.097E-04  3.908E-04  3.727E-04  3.555E-04  3.392E-04  3.237E-04  3.089E-04  2.949E-04  2.815E-04  2.688E-04  2.568E-04  2.454E-04  2.346E-04  2.243E-04  2.146E-04  2.053E-04  1.966E-04  1.882E-04  1.803E-04  1.728E-04  1.657E-04  1.590E-04  1.525E-04  1.464E-04  1.406E-04  1.350E-04  1.297E-04  1.247E-04  1.199E-04  1.152E-04  1.108E-04  1.066E-04  1.025E-04  9.861E-05  9.485E-05  9.124E-05  8.775E-05  8.438E-05  8.112E-05  7.798E-05  7.494E-05  7.199E-05  6.913E-05  6.635E-05  6.366E-05  6.104E-05  5.851E-05  5.604E-05  5.363E-05  5.130E-05  4.902E-05  4.680E-05  4.465E-05
  306.5000  7.891E-04  7.535E-04  7.194E-04  6.867E-04  6.554E-04  6.253E-04  5.965E-04  5.690E-04  5.427E-04  5.176E-04  4.936E-04  4.707E-04  4.488E-04  4.280E-04  4.082E-04  3.893E-04  3.713E-04  3.542E-04  3.380E-04  3.225E-04  3.079E-04  2.939E-04  2.807E-04  2.681E-04  2.562E-04  2.449E-04  2.342E-04  2.240E-04  2.143E-04  2.051E-04  1.964E-04  1.881E-04  1.803E-04  1.728E-04  1.657E-04  1.589E-04  1.524E-04  1.463E-04  1.404E-04  1.348E-04  1.294E-04  1.243E-04  1.193E-04  1.146E-04  1.100E-04  1.057E-04  1.014E-04  9.737E-05  9.345E-05  8.965E-05  8.598E-05  8.243E-05  7.899E-05  7.565E-05  7.243E-05  6.929E-05  6.624E-05  6.328E-05  6.040E-05  5.761E-05  5.490E-05
  307.5000  1.827E-03  1.749E-03  1.674E-03  1.601E-03  1.531E-03  1.464E-03  1.399E-03  1.336E-03  1.276E-03  1.218E-03  1.163E-03  1.110E-03  1.058E-03  1.009E-03  9.625E-04  9.177E-04  8.748E-04  8.337E-04  7.945E-04  7.570E-04  7.214E-04  6.873E-04  6.548E-04  6.239E-04  5.944E-04  5.664E-04  5.399E-04  5.145E-04  4.905E-04  4.676E-04  4.459E-04  4.254E-04  4.058E-04  3.872E-04  3.696E-04  3.529E-04  3.370E-04  3.219E-04  3.075E-04  2.939E-04  2.809E-04  2.685E-04  2.567E-04  2.455E-04  2.348E-04  2.245E-04  2.147E-04  2.053E-04  1.964E-04  1.877E-04  1.794E-04  1.714E-04  1.638E-04  1.563E-04  1.492E-04  1.423E-04  1.357E-04  1.292E-04  1.230E-04  1.170E-04  1.111E-04
  308.5000  2.461E-03  2.359E-03  2.260E-03  2.165E-03  2.072E-03  1.983E-03  1.897E-03  1.814E-03  1.734E-03  1.657E-03  1.582E-03  1.511E-03  1.442E-03  1.376E-03  1.313E-03  1.252E-03  1.194E-03  1.138E-03  1.084E-03  1.033E-03  9.843E-04  9.375E-04  8.928E-04  8.502E-04  8.095E-04  7.708E-04  7.340E-04  6.988E-04  6.654E-04  6.336E-04  6.034E-04  5.748E-04  5.475E-04  5.216E-04  4.970E-04  4.737E-04  4.515E-04  4.305E-04  4.106E-04  3.916E-04  3.736E-04  3.564E-04  3.401E-04  3.247E-04  3.099E-04  2.958E-04  2.824E-04  2.695E-04  2.573E-04  2.456E-04  2.343E-04  2.236E-04  2.132E-04  2.033E-04  1.937E-04  1.845E-04  1.757E-04  1.671E-04  1.588E-04  1.509E-04  1.432E-04
  309.5000  3.014E-03  2.896E-03  2.782E-03  2.671E-03  2.564E-03  2.459E-03  2.358E-03  2.260E-03  2.165E-03  2.073E-03  1.984E-03  1.898E-03  1.815E-03  1.735E-03  1.657E-03  1.583E-03  1.511E-03  1.442E-03  1.375E-03  1.311E-03  1.250E-03  1.191E-03  1.134E-03  1.080E-03  1.028E-03  9.786E-04  9.312E-04  8.858E-04  8.424E-04  8.010E-04  7.615E-04  7.240E-04  6.882E-04  6.541E-04  6.217E-04  5.908E-04  5.615E-04  5.338E-04  5.073E-04  4.822E-04  4.584E-04  4.358E-04  4.143E-04  3.940E-04  3.746E-04  3.562E-04  3.387E-04  3.221E-04  3.064E-04  2.913E-04  2.770E-04  2.633E-04  2.503E-04  2.378E-04  2.259E-04  2.145E-04  2.035E-04  1.930E-04  1.829E-04  1.732E-04  1.640E-04
  310.5000  5.214E-03  5.022E-03  4.834E-03  4.652E-03  4.474E-03  4.301E-03  4.132E-03  3.968E-03  3.809E-03  3.655E-03  3.505E-03  3.359E-03  3.218E-03  3.081E-03  2.949E-03  2.821E-03  2.697E-03  2.577E-03  2.462E-03  2.350E-03  2.243E-03  2.139E-03  2.040E-03  1.944E-03  1.851E-03  1.763E-03  1.678E-03  1.596E-03  1.518E-03  1.443E-03  1.372E-03  1.303E-03  1.238E-03  1.176E-03  1.116E-03  1.059E-03  1.005E-03  9.538E-04  9.048E-04  8.583E-04  8.140E-04  7.720E-04  7.321E-04  6.944E-04  6.585E-04  6.244E-04  5.920E-04  5.613E-04  5.322E-04  5.045E-04  4.783E-04  4.533E-04  4.295E-04  4.069E-04  3.854E-04  3.649E-04  3.453E-04  3.266E-04  3.087E-04  2.916E-04  2.753E-04
  311.5000  7.868E-03  7.589E-03  7.317E-03  7.052E-03  6.792E-03  6.539E-03  6.293E-03  6.052E-03  5.818E-03  5.591E-03  5.369E-03  5.153E-03  4.944E-03  4.740E-03  4.543E-03  4.351E-03  4.166E-03  3.986E-03  3.811E-03  3.643E-03  3.480E-03  3.323E-03  3.171E-03  3.024E-03  2.883E-03  2.747E-03  2.616E-03  2.490E-03  2.369E-03  2.253E-03  2.141E-03  2.035E-03  1.933E-03  1.835E-03  1.741E-03  1.652E-03  1.566E-03  1.485E-03  1.408E-03  1.334E-03  1.263E-03  1.197E-03  1.133E-03  1.073E-03  1.016E-03  9.613E-04  9.097E-04  8.607E-04  8.145E-04  7.704E-04  7.287E-04  6.891E-04  6.515E-04  6.158E-04  5.820E-04  5.498E-04  5.191E-04  4.899E-04  4.621E-04  4.356E-04  4.104E-04
  312.5000  1.026E-02  9.924E-03  9.598E-03  9.279E-03  8.965E-03  8.658E-03  8.358E-03  8.063E-03  7.776E-03  7.496E-03  7.221E-03  6.952E-03  6.691E-03  6.435E-03  6.186E-03  5.943E-03  5.707E-03  5.476E-03  5.252E-03  5.034E-03  4.823E-03  4.617E-03  4.418E-03  4.224E-03  4.037E-03  3.855E-03  3.680E-03  3.509E-03  3.345E-03  3.187E-03  3.034E-03  2.887E-03  2.744E-03  2.608E-03  2.477E-03  2.350E-03  2.229E-03  2.114E-03  2.003E-03  1.896E-03  1.795E-03  1.697E-03  1.605E-03  1.517E-03  1.433E-03  1.353E-03  1.276E-03  1.204E-03  1.136E-03  1.070E-03  1.009E-03  9.501E-04  8.945E-04  8.419E-04  7.922E-04  7.450E-04  7.003E-04  6.580E-04  6.178E-04  5.798E-04  5.438E-04
  313.5000  1.246E-02  1.206E-02  1.167E-02  1.129E-02  1.092E-02  1.055E-02  1.020E-02  9.844E-03  9.500E-03  9.165E-03  8.836E-03  8.514E-03  8.199E-03  7.892E-03  7.592E-03  7.300E-03  7.015E-03  6.737E-03  6.466E-03  6.202E-03  5.946E-03  5.697E-03  5.454E-03  5.219E-03  4.991E-03  4.769E-03  4.555E-03  4.347E-03  4.146E-03  3.952E-03  3.764E-03  3.583E-03  3.409E-03  3.240E-03  3.078E-03  2.922E-03  2.772E-03  2.629E-03  2.491E-03  2.359E-03  2.233E-03  2.112E-03  1.996E-03  1.886E-03  1.781E-03  1.681E-03  1.586E-03  1.495E-03  1.410E-03  1.328E-03  1.250E-03  1.177E-03  1.107E-03  1.041E-03  9.786E-04  9.194E-04  8.633E-04  8.103E-04  7.600E-04  7.125E-04  6.676E-04
  314.5000  1.602E-02  1.555E-02  1.510E-02  1.465E-02  1.421E-02  1.377E-02  1.334E-02  1.292E-02  1.251E-02  1.211E-02  1.171E-02  1.132E-02  1.094E-02  1.056E-02  1.019E-02  9.832E-03  9.479E-03  9.133E-03  8.795E-03  8.464E-03  8.141E-03  7.825E-03  7.516E-03  7.215E-03  6.922E-03  6.635E-03  6.357E-03  6.086E-03  5.822E-03  5.565E-03  5.316E-03  5.074E-03  4.840E-03  4.612E-03  4.392E-03  4.179E-03  3.973E-03  3.774E-03  3.583E-03  3.398E-03  3.220E-03  3.048E-03  2.884E-03  2.726E-03  2.575E-03  2.429E-03  2.291E-03  2.158E-03  2.032E-03  1.911E-03  1.796E-03  1.687E-03  1.583E-03  1.484E-03  1.390E-03  1.302E-03  1.218E-03  1.138E-03  1.063E-03  9.921E-04  9.252E-04
  315.5000  1.724E-02  1.675E-02  1.627E-02  1.579E-02  1.532E-02  1.486E-02  1.441E-02  1.396E-02  1.352E-02  1.309E-02  1.267E-02  1.225E-02  1.184E-02  1.144E-02  1.105E-02  1.067E-02  1.029E-02  9.917E-03  9.555E-03  9.201E-03  8.855E-03  8.516E-03  8.185E-03  7.861E-03  7.545E-03  7.237E-03  6.938E-03  6.645E-03  6.360E-03  6.083E-03  5.814E-03  5.553E-03  5.299E-03  5.052E-03  4.813E-03  4.582E-03  4.358E-03  4.142E-03  3.934E-03  3.732E-03  3.538E-03  3.351E-03  3.171E-03  2.998E-03  2.832E-03  2.673E-03  2.521E-03  2.375E-03  2.236E-03  2.103E-03  1.977E-03  1.856E-03  1.741E-03  1.632E-03  1.529E-03  1.431E-03  1.338E-03  1.251E-03  1.168E-03  1.089E-03  1.015E-03
  316.5000  2.091E-02  2.036E-02  1.982E-02  1.929E-02  1.876E-02  1.824E-02  1.773E-02  1.723E-02  1.673E-02  1.624E-02  1.576E-02  1.528E-02  1.481E-02  1.435E-02  1.390E-02  1.346E-02  1.302E-02  1.259E-02  1.216E-02  1.175E-02  1.134E-02  1.094E-02  1.055E-02  1.016E-02  9.782E-03  9.413E-03  9.052E-03  8.697E-03  8.351E-03  8.012E-03  7.681E-03  7.359E-03  7.045E-03  6.738E-03  6.438E-03  6.147E-03  5.864E-03  5.590E-03  5.323E-03  5.064E-03  4.812E-03  4.569E-03  4.334E-03  4.107E-03  3.887E-03  3.676E-03  3.472E-03  3.275E-03  3.087E-03  2.906E-03  2.733E-03  2.567E-03  2.408E-03  2.256E-03  2.112E-03  1.975E-03  1.844E-03  1.720E-03  1.602E-03  1.491E-03  1.385E-03
  317.5000  2.961E-02  2.883E-02  2.807E-02  2.731E-02  2.657E-02  2.583E-02  2.511E-02  2.439E-02  2.369E-02  2.299E-02  2.231E-02  2.163E-02  2.097E-02  2.032E-02  1.968E-02  1.905E-02  1.842E-02  1.781E-02  1.721E-02  1.662E-02  1.605E-02  1.548E-02  1.492E-02  1.438E-02  1.384E-02  1.332E-02  1.281E-02  1.231E-02  1.181E-02  1.134E-02  1.087E-02  1.041E-02  9.965E-03  9.531E-03  9.107E-03  8.695E-03  8.294E-03  7.906E-03  7.528E-03  7.161E-03  6.805E-03  6.461E-03  6.128E-03  5.807E-03  5.497E-03  5.197E-03  4.908E-03  4.631E-03  4.365E-03  4.109E-03  3.864E-03  3.629E-03  3.404E-03  3.190E-03  2.986E-03  2.792E-03  2.607E-03  2.431E-03  2.265E-03  2.108E-03  1.959E-03
  318.5000  2.792E-02  2.725E-02  2.659E-02  2.594E-02  2.529E-02  2.465E-02  2.402E-02  2.339E-02  2.278E-02  2.217E-02  2.156E-02  2.097E-02  2.038E-02  1.980E-02  1.923E-02  1.867E-02  1.811E-02  1.756E-02  1.702E-02  1.649E-02  1.597E-02  1.545E-02  1.494E-02  1.444E-02  1.395E-02  1.347E-02  1.299E-02  1.253E-02  1.207E-02  1.162E-02  1.118E-02  1.074E-02  1.032E-02  9.906E-03  9.499E-03  9.102E-03  8.713E-03  8.335E-03  7.964E-03  7.603E-03  7.251E-03  6.908E-03  6.574E-03  6.250E-03  5.935E-03  5.629E-03  5.333E-03  5.046E-03  4.769E-03  4.501E-03  4.242E-03  3.993E-03  3.753E-03  3.523E-03  3.302E-03  3.090E-03  2.888E-03  2.694E-03  2.510E-03  2.334E-03  2.168E-03
  319.5000  3.528E-02  3.445E-02  3.363E-02  3.282E-02  3.201E-02  3.122E-02  3.043E-02  2.965E-02  2.888E-02  2.812E-02  2.737E-02  2.663E-02  2.590E-02  2.517E-02  2.446E-02  2.376E-02  2.306E-02  2.237E-02  2.170E-02  2.103E-02  2.038E-02  1.973E-02  1.909E-02  1.846E-02  1.785E-02  1.724E-02  1.664E-02  1.606E-02  1.548E-02  1.491E-02  1.436E-02  1.381E-02  1.328E-02  1.275E-02  1.224E-02  1.173E-02  1.124E-02  1.076E-02  1.029E-02  9.830E-03  9.382E-03  8.945E-03  8.519E-03  8.106E-03  7.703E-03  7.312E-03  6.932E-03  6.564E-03  6.208E-03  5.863E-03  5.530E-03  5.208E-03  4.899E-03  4.601E-03  4.315E-03  4.040E-03  3.777E-03  3.525E-03  3.285E-03  3.056E-03  2.839E-03
  320.5000  4.479E-02  4.375E-02  4.273E-02  4.172E-02  4.072E-02  3.973E-02  3.875E-02  3.778E-02  3.682E-02  3.588E-02  3.494E-02  3.401E-02  3.310E-02  3.220E-02  3.130E-02  3.042E-02  2.955E-02  2.869E-02  2.785E-02  2.701E-02  2.619E-02  2.537E-02  2.457E-02  2.378E-02  2.301E-02  2.224E-02  2.149E-02  2.075E-02  2.002E-02  1.930E-02  1.860E-02  1.791E-02  1.723E-02  1.656E-02  1.591E-02  1.527E-02  1.464E-02  1.403E-02  1.343E-02  1.284E-02  1.227E-02  1.171E-02  1.116E-02  1.063E-02  1.011E-02  9.605E-03  9.114E-03  8.638E-03  8.177E-03  7.730E-03  7.297E-03  6.878E-03  6.474E-03  6.085E-03  5.711E-03  5.350E-03  5.005E-03  4.674E-03  4.357E-03  4.054E-03  3.767E-03
  321.5000  4.490E-02  4.396E-02  4.303E-02  4.211E-02  4.119E-02  4.028E-02  3.938E-02  3.849E-02  3.761E-02  3.673E-02  3.587E-02  3.501E-02  3.416E-02  3.331E-02  3.248E-02  3.166E-02  3.084E-02  3.003E-02  2.923E-02  2.844E-02  2.766E-02  2.689E-02  2.612E-02  2.537E-02  2.462E-02  2.389E-02  2.316E-02  2.244E-02  2.173E-02  2.103E-02  2.034E-02  1.966E-02  1.899E-02  1.833E-02  1.768E-02  1.704E-02  1.641E-02  1.579E-02  1.518E-02  1.458E-02  1.399E-02  1.342E-02  1.285E-02  1.230E-02  1.175E-02  1.122E-02  1.070E-02  1.019E-02  9.690E-03  9.204E-03  8.731E-03  8.270E-03  7.821E-03  7.385E-03  6.964E-03  6.554E-03  6.157E-03  5.774E-03  5.404E-03  5.048E-03  4.707E-03
  322.5000  3.982E-02  3.892E-02  3.803E-02  3.715E-02  3.628E-02  3.541E-02  3.455E-02  3.371E-02  3.287E-02  3.204E-02  3.122E-02  3.041E-02  2.961E-02  2.882E-02  2.803E-02  2.726E-02  2.650E-02  2.574E-02  2.500E-02  2.426E-02  2.354E-02  2.282E-02  2.212E-02  2.142E-02  2.074E-02  2.006E-02  1.940E-02  1.874E-02  1.810E-02  1.746E-02  1.684E-02  1.622E-02  1.562E-02  1.503E-02  1.445E-02  1.388E-02  1.332E-02  1.277E-02  1.224E-02  1.171E-02  1.120E-02  1.070E-02  1.020E-02  9.728E-03  9.261E-03  8.806E-03  8.364E-03  7.934E-03  7.517E-03  7.112E-03  6.719E-03  6.338E-03  5.971E-03  5.616E-03  5.275E-03  4.945E-03  4.628E-03  4.325E-03  4.034E-03  3.755E-03  3.490E-03
  323.5000  5.018E-02  4.918E-02  4.818E-02  4.720E-02  4.622E-02  4.524E-02  4.428E-02  4.332E-02  4.237E-02  4.144E-02  4.051E-02  3.958E-02  3.867E-02  3.776E-02  3.686E-02  3.597E-02  3.509E-02  3.421E-02  3.335E-02  3.249E-02  3.165E-02  3.081E-02  2.997E-02  2.915E-02  2.834E-02  2.753E-02  2.674E-02  2.595E-02  2.518E-02  2.441E-02  2.365E-02  2.290E-02  2.216E-02  2.143E-02  2.071E-02  2.000E-02  1.930E-02  1.861E-02  1.793E-02  1.726E-02  1.660E-02  1.595E-02  1.531E-02  1.468E-02  1.407E-02  1.346E-02  1.287E-02  1.228E-02  1.172E-02  1.116E-02  1.061E-02  1.008E-02  9.556E-03  9.048E-03  8.554E-03  8.073E-03  7.605E-03  7.150E-03  6.710E-03  6.284E-03  5.874E-03
  324.5000  5.849E-02  5.731E-02  5.615E-02  5.499E-02  5.384E-02  5.270E-02  5.157E-02  5.045E-02  4.934E-02  4.824E-02  4.715E-02  4.607E-02  4.500E-02  4.394E-02  4.288E-02  4.184E-02  4.081E-02  3.979E-02  3.877E-02  3.777E-02  3.678E-02  3.580E-02  3.483E-02  3.386E-02  3.291E-02  3.197E-02  3.105E-02  3.013E-02  2.922E-02  2.832E-02  2.743E-02  2.656E-02  2.570E-02  2.484E-02  2.400E-02  2.317E-02  2.236E-02  2.155E-02  2.076E-02  1.998E-02  1.921E-02  1.845E-02  1.771E-02  1.698E-02  1.626E-02  1.556E-02  1.487E-02  1.419E-02  1.353E-02  1.288E-02  1.224E-02  1.162E-02  1.102E-02  1.043E-02  9.858E-03  9.300E-03  8.758E-03  8.232E-03  7.723E-03  7.230E-03  6.757E-03
  325.5000  6.393E-02  6.262E-02  6.132E-02  6.004E-02  5.876E-02  5.749E-02  5.624E-02  5.499E-02  5.376E-02  5.254E-02  5.133E-02  5.013E-02  4.894E-02  4.776E-02  4.659E-02  4.544E-02  4.430E-02  4.317E-02  4.204E-02  4.094E-02  3.984E-02  3.876E-02  3.768E-02  3.662E-02  3.557E-02  3.453E-02  3.351E-02  3.250E-02  3.150E-02  3.051E-02  2.953E-02  2.858E-02  2.763E-02  2.669E-02  2.577E-02  2.486E-02  2.396E-02  2.308E-02  2.221E-02  2.136E-02  2.052E-02  1.969E-02  1.888E-02  1.809E-02  1.731E-02  1.654E-02  1.579E-02  1.506E-02  1.434E-02  1.364E-02  1.295E-02  1.228E-02  1.163E-02  1.100E-02  1.038E-02  9.783E-03  9.202E-03  8.639E-03  8.095E-03  7.570E-03  7.066E-03
  326.5000  8.860E-02  8.695E-02  8.531E-02  8.368E-02  8.206E-02  8.045E-02  7.885E-02  7.727E-02  7.569E-02  7.414E-02  7.259E-02  7.105E-02  6.952E-02  6.801E-02  6.651E-02  6.502E-02  6.354E-02  6.208E-02  6.063E-02  5.918E-02  5.776E-02  5.634E-02  5.494E-02  5.355E-02  5.217E-02  5.081E-02  4.946E-02  4.812E-02  4.680E-02  4.548E-02  4.418E-02  4.290E-02  4.163E-02  4.037E-02  3.912E-02  3.789E-02  3.667E-02  3.547E-02  3.429E-02  3.311E-02  3.195E-02  3.081E-02  2.968E-02  2.857E-02  2.747E-02  2.639E-02  2.532E-02  2.427E-02  2.324E-02  2.223E-02  2.123E-02  2.025E-02  1.929E-02  1.835E-02  1.743E-02  1.653E-02  1.564E-02  1.478E-02  1.394E-02  1.312E-02  1.233E-02
  327.5000  7.907E-02  7.755E-02  7.603E-02  7.454E-02  7.305E-02  7.157E-02  7.010E-02  6.864E-02  6.720E-02  6.577E-02  6.434E-02  6.293E-02  6.153E-02  6.015E-02  5.877E-02  5.741E-02  5.606E-02  5.472E-02  5.339E-02  5.208E-02  5.078E-02  4.949E-02  4.821E-02  4.694E-02  4.569E-02  4.445E-02  4.322E-02  4.201E-02  4.080E-02  3.961E-02  3.844E-02  3.728E-02  3.613E-02  3.499E-02  3.386E-02  3.276E-02  3.166E-02  3.058E-02  2.951E-02  2.846E-02  2.742E-02  2.640E-02  2.539E-02  2.440E-02  2.342E-02  2.246E-02  2.152E-02  2.059E-02  1.968E-02  1.878E-02  1.790E-02  1.704E-02  1.620E-02  1.538E-02  1.457E-02  1.379E-02  1.302E-02  1.228E-02  1.155E-02  1.085E-02  1.016E-02
  328.5000  7.318E-02  7.178E-02  7.038E-02  6.899E-02  6.761E-02  6.624E-02  6.488E-02  6.354E-02  6.220E-02  6.088E-02  5.956E-02  5.826E-02  5.696E-02  5.568E-02  5.441E-02  5.315E-02  5.190E-02  5.066E-02  4.943E-02  4.821E-02  4.701E-02  4.582E-02  4.463E-02  4.346E-02  4.230E-02  4.115E-02  4.002E-02  3.889E-02  3.778E-02  3.668E-02  3.559E-02  3.452E-02  3.345E-02  3.240E-02  3.136E-02  3.033E-02  2.932E-02  2.832E-02  2.733E-02  2.636E-02  2.540E-02  2.445E-02  2.352E-02  2.260E-02  2.170E-02  2.080E-02  1.993E-02  1.907E-02  1.823E-02  1.740E-02  1.658E-02  1.579E-02  1.501E-02  1.424E-02  1.350E-02  1.277E-02  1.206E-02  1.137E-02  1.070E-02  1.004E-02  9.411E-03
  329.5000  1.049E-01  1.030E-01  1.011E-01  9.926E-02  9.742E-02  9.559E-02  9.377E-02  9.197E-02  9.017E-02  8.840E-02  8.663E-02  8.488E-02  8.314E-02  8.141E-02  7.969E-02  7.799E-02  7.630E-02  7.462E-02  7.296E-02  7.131E-02  6.968E-02  6.805E-02  6.644E-02  6.484E-02  6.326E-02  6.168E-02  6.013E-02  5.859E-02  5.705E-02  5.554E-02  5.403E-02  5.255E-02  5.107E-02  4.961E-02  4.816E-02  4.673E-02  4.531E-02  4.391E-02  4.252E-02  4.115E-02  3.979E-02  3.844E-02  3.711E-02  3.581E-02  3.451E-02  3.323E-02  3.196E-02  3.072E-02  2.949E-02  2.828E-02  2.708E-02  2.591E-02  2.475E-02  2.361E-02  2.250E-02  2.140E-02  2.032E-02  1.927E-02  1.824E-02  1.722E-02  1.624E-02
  330.5000  9.157E-02  8.987E-02  8.819E-02  8.653E-02  8.487E-02  8.322E-02  8.158E-02  7.996E-02  7.835E-02  7.675E-02  7.517E-02  7.359E-02  7.203E-02  7.048E-02  6.894E-02  6.741E-02  6.590E-02  6.440E-02  6.291E-02  6.143E-02  5.997E-02  5.852E-02  5.708E-02  5.565E-02  5.424E-02  5.284E-02  5.145E-02  5.008E-02  4.872E-02  4.737E-02  4.603E-02  4.472E-02  4.341E-02  4.211E-02  4.083E-02  3.956E-02  3.831E-02  3.708E-02  3.585E-02  3.464E-02  3.345E-02  3.227E-02  3.110E-02  2.995E-02  2.882E-02  2.770E-02  2.660E-02  2.551E-02  2.445E-02  2.340E-02  2.236E-02  2.135E-02  2.035E-02  1.937E-02  1.841E-02  1.747E-02  1.655E-02  1.565E-02  1.477E-02  1.392E-02  1.309E-02
  331.5000  8.981E-02  8.814E-02  8.648E-02  8.484E-02  8.320E-02  8.157E-02  7.996E-02  7.836E-02  7.676E-02  7.519E-02  7.362E-02  7.207E-02  7.053E-02  6.900E-02  6.748E-02  6.598E-02  6.448E-02  6.300E-02  6.154E-02  6.008E-02  5.864E-02  5.721E-02  5.579E-02  5.439E-02  5.299E-02  5.161E-02  5.025E-02  4.890E-02  4.756E-02  4.623E-02  4.492E-02  4.362E-02  4.233E-02  4.106E-02  3.980E-02  3.855E-02  3.732E-02  3.611E-02  3.491E-02  3.372E-02  3.254E-02  3.138E-02  3.024E-02  2.912E-02  2.800E-02  2.691E-02  2.583E-02  2.476E-02  2.372E-02  2.269E-02  2.168E-02  2.068E-02  1.971E-02  1.875E-02  1.781E-02  1.689E-02  1.600E-02  1.512E-02  1.426E-02  1.343E-02  1.262E-02
  332.5000  9.507E-02  9.339E-02  9.173E-02  9.008E-02  8.843E-02  8.680E-02  8.517E-02  8.356E-02  8.196E-02  8.037E-02  7.879E-02  7.722E-02  7.567E-02  7.412E-02  7.259E-02  7.107E-02  6.955E-02  6.805E-02  6.656E-02  6.509E-02  6.362E-02  6.217E-02  6.073E-02  5.929E-02  5.787E-02  5.647E-02  5.507E-02  5.369E-02  5.231E-02  5.095E-02  4.960E-02  4.827E-02  4.694E-02  4.563E-02  4.433E-02  4.304E-02  4.176E-02  4.050E-02  3.925E-02  3.801E-02  3.678E-02  3.557E-02  3.437E-02  3.319E-02  3.202E-02  3.086E-02  2.971E-02  2.858E-02  2.747E-02  2.637E-02  2.528E-02  2.421E-02  2.316E-02  2.212E-02  2.110E-02  2.010E-02  1.911E-02  1.815E-02  1.720E-02  1.627E-02  1.536E-02
  333.5000  8.672E-02  8.516E-02  8.360E-02  8.205E-02  8.052E-02  7.899E-02  7.748E-02  7.597E-02  7.448E-02  7.300E-02  7.152E-02  7.006E-02  6.861E-02  6.717E-02  6.574E-02  6.433E-02  6.292E-02  6.153E-02  6.014E-02  5.877E-02  5.741E-02  5.606E-02  5.472E-02  5.339E-02  5.207E-02  5.076E-02  4.947E-02  4.819E-02  4.692E-02  4.566E-02  4.441E-02  4.318E-02  4.195E-02  4.074E-02  3.954E-02  3.835E-02  3.718E-02  3.602E-02  3.487E-02  3.373E-02  3.260E-02  3.149E-02  3.039E-02  2.931E-02  2.823E-02  2.717E-02  2.613E-02  2.510E-02  2.409E-02  2.309E-02  2.210E-02  2.113E-02  2.018E-02  1.924E-02  1.832E-02  1.741E-02  1.653E-02  1.566E-02  1.481E-02  1.398E-02  1.317E-02
  334.5000  9.852E-02  9.676E-02  9.501E-02  9.328E-02  9.155E-02  8.984E-02  8.814E-02  8.645E-02  8.477E-02  8.310E-02  8.145E-02  7.981E-02  7.817E-02  7.655E-02  7.495E-02  7.336E-02  7.177E-02  7.020E-02  6.864E-02  6.710E-02  6.557E-02  6.405E-02  6.254E-02  6.104E-02  5.956E-02  5.809E-02  5.663E-02  5.519E-02  5.375E-02  5.233E-02  5.092E-02  4.953E-02  4.815E-02  4.678E-02  4.542E-02  4.408E-02  4.275E-02  4.144E-02  4.014E-02  3.885E-02  3.758E-02  3.632E-02  3.507E-02  3.384E-02  3.262E-02  3.142E-02  3.024E-02  2.906E-02  2.791E-02  2.677E-02  2.565E-02  2.455E-02  2.346E-02  2.239E-02  2.134E-02  2.030E-02  1.929E-02  1.829E-02  1.732E-02  1.636E-02  1.543E-02
  335.5000  1.034E-01  1.016E-01  9.981E-02  9.804E-02  9.628E-02  9.452E-02  9.278E-02  9.105E-02  8.933E-02  8.763E-02  8.593E-02  8.425E-02  8.257E-02  8.091E-02  7.927E-02  7.763E-02  7.601E-02  7.440E-02  7.280E-02  7.121E-02  6.964E-02  6.807E-02  6.652E-02  6.498E-02  6.345E-02  6.193E-02  6.044E-02  5.894E-02  5.747E-02  5.600E-02  5.454E-02  5.311E-02  5.168E-02  5.026E-02  4.886E-02  4.747E-02  4.609E-02  4.473E-02  4.337E-02  4.204E-02  4.071E-02  3.940E-02  3.810E-02  3.682E-02  3.555E-02  3.429E-02  3.305E-02  3.182E-02  3.061E-02  2.941E-02  2.823E-02  2.706E-02  2.591E-02  2.478E-02  2.367E-02  2.257E-02  2.149E-02  2.043E-02  1.938E-02  1.836E-02  1.736E-02
  336.5000  8.011E-02  7.871E-02  7.731E-02  7.593E-02  7.455E-02  7.318E-02  7.181E-02  7.046E-02  6.912E-02  6.779E-02  6.647E-02  6.515E-02  6.385E-02  6.255E-02  6.126E-02  5.999E-02  5.872E-02  5.747E-02  5.622E-02  5.498E-02  5.375E-02  5.253E-02  5.132E-02  5.012E-02  4.893E-02  4.775E-02  4.658E-02  4.542E-02  4.427E-02  4.313E-02  4.200E-02  4.088E-02  3.977E-02  3.866E-02  3.757E-02  3.649E-02  3.542E-02  3.436E-02  3.331E-02  3.227E-02  3.124E-02  3.022E-02  2.921E-02  2.822E-02  2.723E-02  2.626E-02  2.529E-02  2.434E-02  2.340E-02  2.248E-02  2.156E-02  2.066E-02  1.977E-02  1.889E-02  1.803E-02  1.719E-02  1.635E-02  1.553E-02  1.473E-02  1.394E-02  1.317E-02
  337.5000  8.595E-02  8.441E-02  8.289E-02  8.137E-02  7.987E-02  7.837E-02  7.688E-02  7.540E-02  7.394E-02  7.249E-02  7.104E-02  6.960E-02  6.818E-02  6.677E-02  6.536E-02  6.397E-02  6.259E-02  6.122E-02  5.986E-02  5.851E-02  5.718E-02  5.585E-02  5.453E-02  5.323E-02  5.193E-02  5.065E-02  4.938E-02  4.812E-02  4.687E-02  4.563E-02  4.440E-02  4.319E-02  4.198E-02  4.079E-02  3.961E-02  3.843E-02  3.728E-02  3.613E-02  3.500E-02  3.387E-02  3.276E-02  3.166E-02  3.058E-02  2.950E-02  2.844E-02  2.740E-02  2.636E-02  2.534E-02  2.434E-02  2.334E-02  2.236E-02  2.140E-02  2.045E-02  1.952E-02  1.860E-02  1.770E-02  1.681E-02  1.594E-02  1.509E-02  1.426E-02  1.345E-02
  338.5000  9.409E-02  9.245E-02  9.083E-02  8.921E-02  8.761E-02  8.601E-02  8.443E-02  8.285E-02  8.129E-02  7.974E-02  7.820E-02  7.666E-02  7.514E-02  7.363E-02  7.213E-02  7.065E-02  6.917E-02  6.771E-02  6.625E-02  6.481E-02  6.338E-02  6.195E-02  6.054E-02  5.914E-02  5.776E-02  5.638E-02  5.502E-02  5.366E-02  5.232E-02  5.098E-02  4.966E-02  4.836E-02  4.706E-02  4.577E-02  4.449E-02  4.323E-02  4.198E-02  4.074E-02  3.951E-02  3.829E-02  3.709E-02  3.590E-02  3.472E-02  3.355E-02  3.240E-02  3.125E-02  3.012E-02  2.901E-02  2.791E-02  2.682E-02  2.574E-02  2.468E-02  2.364E-02  2.260E-02  2.159E-02  2.059E-02  1.961E-02  1.864E-02  1.769E-02  1.676E-02  1.585E-02
  339.5000  1.029E-01  1.011E-01  9.931E-02  9.755E-02  9.580E-02  9.406E-02  9.233E-02  9.062E-02  8.891E-02  8.723E-02  8.555E-02  8.388E-02  8.222E-02  8.057E-02  7.894E-02  7.732E-02  7.571E-02  7.411E-02  7.253E-02  7.095E-02  6.939E-02  6.784E-02  6.631E-02  6.478E-02  6.327E-02  6.176E-02  6.028E-02  5.880E-02  5.734E-02  5.588E-02  5.444E-02  5.302E-02  5.160E-02  5.020E-02  4.881E-02  4.743E-02  4.606E-02  4.471E-02  4.337E-02  4.204E-02  4.073E-02  3.942E-02  3.814E-02  3.686E-02  3.560E-02  3.435E-02  3.312E-02  3.190E-02  3.070E-02  2.951E-02  2.833E-02  2.717E-02  2.603E-02  2.490E-02  2.379E-02  2.270E-02  2.162E-02  2.056E-02  1.952E-02  1.850E-02  1.750E-02
  340.5000  1.087E-01  1.068E-01  1.049E-01  1.030E-01  1.011E-01  9.926E-02  9.742E-02  9.558E-02  9.377E-02  9.196E-02  9.017E-02  8.839E-02  8.662E-02  8.487E-02  8.313E-02  8.140E-02  7.968E-02  7.798E-02  7.629E-02  7.461E-02  7.295E-02  7.130E-02  6.966E-02  6.804E-02  6.643E-02  6.483E-02  6.325E-02  6.168E-02  6.012E-02  5.857E-02  5.704E-02  5.553E-02  5.402E-02  5.253E-02  5.105E-02  4.959E-02  4.814E-02  4.671E-02  4.528E-02  4.387E-02  4.248E-02  4.110E-02  3.973E-02  3.839E-02  3.705E-02  3.573E-02  3.443E-02  3.314E-02  3.187E-02  3.061E-02  2.937E-02  2.815E-02  2.694E-02  2.575E-02  2.458E-02  2.343E-02  2.230E-02  2.119E-02  2.010E-02  1.902E-02  1.798E-02
  341.5000  9.836E-02  9.666E-02  9.497E-02  9.329E-02  9.163E-02  8.997E-02  8.832E-02  8.669E-02  8.506E-02  8.345E-02  8.185E-02  8.026E-02  7.868E-02  7.711E-02  7.555E-02  7.401E-02  7.248E-02  7.095E-02  6.944E-02  6.794E-02  6.646E-02  6.498E-02  6.351E-02  6.206E-02  6.062E-02  5.918E-02  5.777E-02  5.636E-02  5.496E-02  5.358E-02  5.220E-02  5.085E-02  4.949E-02  4.816E-02  4.683E-02  4.551E-02  4.421E-02  4.292E-02  4.164E-02  4.038E-02  3.912E-02  3.788E-02  3.665E-02  3.544E-02  3.423E-02  3.304E-02  3.186E-02  3.069E-02  2.955E-02  2.841E-02  2.728E-02  2.618E-02  2.508E-02  2.400E-02  2.294E-02  2.189E-02  2.086E-02  1.985E-02  1.885E-02  1.787E-02  1.691E-02
  342.5000  1.094E-01  1.075E-01  1.057E-01  1.038E-01  1.019E-01  1.001E-01  9.828E-02  9.646E-02  9.466E-02  9.287E-02  9.110E-02  8.933E-02  8.758E-02  8.583E-02  8.411E-02  8.239E-02  8.069E-02  7.900E-02  7.732E-02  7.566E-02  7.401E-02  7.237E-02  7.074E-02  6.912E-02  6.752E-02  6.593E-02  6.436E-02  6.280E-02  6.125E-02  5.971E-02  5.818E-02  5.667E-02  5.517E-02  5.369E-02  5.221E-02  5.075E-02  4.931E-02  4.788E-02  4.645E-02  4.505E-02  4.365E-02  4.227E-02  4.090E-02  3.956E-02  3.822E-02  3.689E-02  3.558E-02  3.429E-02  3.301E-02  3.174E-02  3.049E-02  2.926E-02  2.804E-02  2.684E-02  2.566E-02  2.449E-02  2.335E-02  2.221E-02  2.110E-02  2.001E-02  1.894E-02
  343.5000  1.131E-01  1.111E-01  1.091E-01  1.072E-01  1.053E-01  1.034E-01  1.015E-01  9.960E-02  9.773E-02  9.587E-02  9.403E-02  9.219E-02  9.037E-02  8.856E-02  8.677E-02  8.499E-02  8.322E-02  8.147E-02  7.973E-02  7.800E-02  7.629E-02  7.458E-02  7.290E-02  7.122E-02  6.956E-02  6.791E-02  6.628E-02  6.466E-02  6.305E-02  6.146E-02  5.987E-02  5.831E-02  5.676E-02  5.522E-02  5.369E-02  5.218E-02  5.068E-02  4.920E-02  4.773E-02  4.627E-02  4.483E-02  4.340E-02  4.198E-02  4.059E-02  3.920E-02  3.783E-02  3.648E-02  3.514E-02  3.382E-02  3.251E-02  3.122E-02  2.995E-02  2.869E-02  2.745E-02  2.623E-02  2.503E-02  2.384E-02  2.268E-02  2.153E-02  2.041E-02  1.931E-02
  344.5000  7.877E-02  7.740E-02  7.603E-02  7.468E-02  7.333E-02  7.199E-02  7.066E-02  6.934E-02  6.803E-02  6.673E-02  6.543E-02  6.415E-02  6.287E-02  6.161E-02  6.035E-02  5.911E-02  5.787E-02  5.664E-02  5.542E-02  5.421E-02  5.301E-02  5.182E-02  5.064E-02  4.947E-02  4.830E-02  4.715E-02  4.601E-02  4.488E-02  4.375E-02  4.264E-02  4.153E-02  4.044E-02  3.935E-02  3.828E-02  3.721E-02  3.615E-02  3.510E-02  3.407E-02  3.304E-02  3.203E-02  3.102E-02  3.002E-02  2.903E-02  2.806E-02  2.709E-02  2.614E-02  2.519E-02  2.426E-02  2.334E-02  2.243E-02  2.153E-02  2.064E-02  1.977E-02  1.891E-02  1.806E-02  1.722E-02  1.640E-02  1.559E-02  1.480E-02  1.402E-02  1.325E-02
  345.5000  1.099E-01  1.080E-01  1.062E-01  1.043E-01  1.024E-01  1.006E-01  9.876E-02  9.694E-02  9.513E-02  9.334E-02  9.156E-02  8.979E-02  8.803E-02  8.628E-02  8.455E-02  8.284E-02  8.113E-02  7.943E-02  7.775E-02  7.608E-02  7.443E-02  7.279E-02  7.116E-02  6.954E-02  6.793E-02  6.634E-02  6.477E-02  6.320E-02  6.165E-02  6.011E-02  5.858E-02  5.707E-02  5.557E-02  5.408E-02  5.260E-02  5.114E-02  4.969E-02  4.825E-02  4.683E-02  4.542E-02  4.402E-02  4.264E-02  4.127E-02  3.992E-02  3.857E-02  3.724E-02  3.593E-02  3.463E-02  3.335E-02  3.208E-02  3.082E-02  2.959E-02  2.836E-02  2.716E-02  2.597E-02  2.480E-02  2.364E-02  2.250E-02  2.139E-02  2.029E-02  1.921E-02
  346.5000  1.018E-01  1.001E-01  9.831E-02  9.657E-02  9.484E-02  9.311E-02  9.140E-02  8.970E-02  8.801E-02  8.634E-02  8.467E-02  8.302E-02  8.138E-02  7.975E-02  7.813E-02  7.653E-02  7.493E-02  7.335E-02  7.178E-02  7.022E-02  6.868E-02  6.715E-02  6.563E-02  6.412E-02  6.262E-02  6.114E-02  5.967E-02  5.821E-02  5.676E-02  5.532E-02  5.390E-02  5.249E-02  5.109E-02  4.971E-02  4.833E-02  4.697E-02  4.562E-02  4.429E-02  4.296E-02  4.165E-02  4.035E-02  3.907E-02  3.779E-02  3.654E-02  3.529E-02  3.406E-02  3.284E-02  3.164E-02  3.045E-02  2.927E-02  2.811E-02  2.696E-02  2.583E-02  2.471E-02  2.362E-02  2.253E-02  2.147E-02  2.042E-02  1.939E-02  1.837E-02  1.738E-02
  347.5000  9.972E-02  9.799E-02  9.627E-02  9.456E-02  9.286E-02  9.118E-02  8.950E-02  8.784E-02  8.618E-02  8.455E-02  8.292E-02  8.130E-02  7.969E-02  7.810E-02  7.651E-02  7.495E-02  7.339E-02  7.184E-02  7.030E-02  6.878E-02  6.727E-02  6.577E-02  6.428E-02  6.280E-02  6.134E-02  5.989E-02  5.845E-02  5.702E-02  5.560E-02  5.420E-02  5.281E-02  5.143E-02  5.006E-02  4.870E-02  4.736E-02  4.603E-02  4.471E-02  4.340E-02  4.211E-02  4.082E-02  3.955E-02  3.829E-02  3.705E-02  3.582E-02  3.460E-02  3.339E-02  3.220E-02  3.102E-02  2.986E-02  2.871E-02  2.757E-02  2.645E-02  2.534E-02  2.424E-02  2.317E-02  2.211E-02  2.106E-02  2.004E-02  1.903E-02  1.804E-02  1.707E-02
  348.5000  1.101E-01  1.082E-01  1.063E-01  1.044E-01  1.026E-01  1.007E-01  9.885E-02  9.702E-02  9.520E-02  9.340E-02  9.160E-02  8.982E-02  8.805E-02  8.629E-02  8.455E-02  8.282E-02  8.110E-02  7.940E-02  7.771E-02  7.603E-02  7.437E-02  7.271E-02  7.107E-02  6.945E-02  6.783E-02  6.623E-02  6.465E-02  6.308E-02  6.152E-02  5.997E-02  5.843E-02  5.692E-02  5.541E-02  5.391E-02  5.243E-02  5.096E-02  4.951E-02  4.807E-02  4.664E-02  4.523E-02  4.383E-02  4.244E-02  4.107E-02  3.971E-02  3.837E-02  3.704E-02  3.572E-02  3.442E-02  3.313E-02  3.186E-02  3.061E-02  2.937E-02  2.814E-02  2.694E-02  2.575E-02  2.458E-02  2.342E-02  2.229E-02  2.117E-02  2.007E-02  1.900E-02
  349.5000  9.230E-02  9.070E-02  8.911E-02  8.754E-02  8.597E-02  8.441E-02  8.286E-02  8.132E-02  7.980E-02  7.828E-02  7.678E-02  7.528E-02  7.380E-02  7.232E-02  7.086E-02  6.941E-02  6.797E-02  6.654E-02  6.512E-02  6.371E-02  6.232E-02  6.093E-02  5.956E-02  5.819E-02  5.684E-02  5.550E-02  5.417E-02  5.285E-02  5.154E-02  5.025E-02  4.896E-02  4.769E-02  4.642E-02  4.517E-02  4.393E-02  4.270E-02  4.148E-02  4.027E-02  3.907E-02  3.789E-02  3.671E-02  3.555E-02  3.440E-02  3.326E-02  3.214E-02  3.102E-02  2.992E-02  2.883E-02  2.775E-02  2.669E-02  2.563E-02  2.459E-02  2.357E-02  2.256E-02  2.156E-02  2.058E-02  1.961E-02  1.866E-02  1.773E-02  1.681E-02  1.591E-02
  350.5000  1.295E-01  1.272E-01  1.250E-01  1.228E-01  1.206E-01  1.184E-01  1.162E-01  1.141E-01  1.119E-01  1.098E-01  1.077E-01  1.056E-01  1.035E-01  1.014E-01  9.939E-02  9.736E-02  9.534E-02  9.334E-02  9.135E-02  8.937E-02  8.742E-02  8.547E-02  8.355E-02  8.163E-02  7.974E-02  7.786E-02  7.600E-02  7.415E-02  7.231E-02  7.049E-02  6.869E-02  6.691E-02  6.513E-02  6.338E-02  6.164E-02  5.991E-02  5.820E-02  5.651E-02  5.483E-02  5.317E-02  5.153E-02  4.990E-02  4.828E-02  4.669E-02  4.511E-02  4.355E-02  4.200E-02  4.047E-02  3.896E-02  3.747E-02  3.599E-02  3.454E-02  3.310E-02  3.168E-02  3.028E-02  2.891E-02  2.755E-02  2.621E-02  2.490E-02  2.361E-02  2.235E-02
  351.5000  1.115E-01  1.096E-01  1.077E-01  1.057E-01  1.038E-01  1.020E-01  1.001E-01  9.823E-02  9.638E-02  9.455E-02  9.273E-02  9.092E-02  8.912E-02  8.734E-02  8.557E-02  8.382E-02  8.208E-02  8.035E-02  7.863E-02  7.693E-02  7.525E-02  7.357E-02  7.191E-02  7.026E-02  6.862E-02  6.700E-02  6.540E-02  6.380E-02  6.222E-02  6.065E-02  5.910E-02  5.756E-02  5.603E-02  5.452E-02  5.302E-02  5.153E-02  5.006E-02  4.860E-02  4.716E-02  4.573E-02  4.431E-02  4.290E-02  4.151E-02  4.014E-02  3.878E-02  3.743E-02  3.610E-02  3.479E-02  3.349E-02  3.220E-02  3.093E-02  2.968E-02  2.844E-02  2.722E-02  2.602E-02  2.483E-02  2.366E-02  2.251E-02  2.138E-02  2.027E-02  1.918E-02
  352.5000  1.008E-01  9.903E-02  9.729E-02  9.557E-02  9.386E-02  9.215E-02  9.046E-02  8.878E-02  8.711E-02  8.546E-02  8.381E-02  8.218E-02  8.056E-02  7.895E-02  7.735E-02  7.577E-02  7.419E-02  7.263E-02  7.108E-02  6.954E-02  6.802E-02  6.651E-02  6.501E-02  6.352E-02  6.204E-02  6.058E-02  5.913E-02  5.769E-02  5.626E-02  5.484E-02  5.344E-02  5.205E-02  5.067E-02  4.930E-02  4.795E-02  4.661E-02  4.528E-02  4.396E-02  4.266E-02  4.136E-02  4.008E-02  3.882E-02  3.756E-02  3.632E-02  3.509E-02  3.388E-02  3.267E-02  3.148E-02  3.031E-02  2.915E-02  2.800E-02  2.687E-02  2.575E-02  2.464E-02  2.356E-02  2.249E-02  2.143E-02  2.039E-02  1.937E-02  1.836E-02  1.738E-02
  353.5000  1.216E-01  1.195E-01  1.174E-01  1.154E-01  1.133E-01  1.112E-01  1.092E-01  1.072E-01  1.052E-01  1.032E-01  1.012E-01  9.922E-02  9.726E-02  9.532E-02  9.340E-02  9.149E-02  8.959E-02  8.771E-02  8.584E-02  8.398E-02  8.215E-02  8.033E-02  7.852E-02  7.672E-02  7.494E-02  7.317E-02  7.143E-02  6.969E-02  6.797E-02  6.626E-02  6.457E-02  6.290E-02  6.123E-02  5.958E-02  5.795E-02  5.633E-02  5.473E-02  5.314E-02  5.157E-02  5.001E-02  4.847E-02  4.694E-02  4.542E-02  4.393E-02  4.245E-02  4.098E-02  3.953E-02  3.809E-02  3.668E-02  3.527E-02  3.389E-02  3.252E-02  3.117E-02  2.984E-02  2.853E-02  2.723E-02  2.596E-02  2.470E-02  2.347E-02  2.226E-02  2.107E-02
  354.5000  1.320E-01  1.297E-01  1.274E-01  1.252E-01  1.229E-01  1.207E-01  1.185E-01  1.163E-01  1.141E-01  1.120E-01  1.098E-01  1.077E-01  1.055E-01  1.034E-01  1.014E-01  9.928E-02  9.723E-02  9.518E-02  9.316E-02  9.115E-02  8.916E-02  8.718E-02  8.522E-02  8.327E-02  8.134E-02  7.943E-02  7.754E-02  7.566E-02  7.379E-02  7.194E-02  7.010E-02  6.829E-02  6.649E-02  6.470E-02  6.293E-02  6.118E-02  5.944E-02  5.772E-02  5.601E-02  5.432E-02  5.265E-02  5.099E-02  4.935E-02  4.773E-02  4.612E-02  4.453E-02  4.296E-02  4.140E-02  3.987E-02  3.835E-02  3.685E-02  3.536E-02  3.390E-02  3.245E-02  3.103E-02  2.963E-02  2.824E-02  2.688E-02  2.554E-02  2.422E-02  2.294E-02
  355.5000  1.235E-01  1.213E-01  1.192E-01  1.171E-01  1.150E-01  1.129E-01  1.108E-01  1.088E-01  1.067E-01  1.047E-01  1.027E-01  1.007E-01  9.872E-02  9.676E-02  9.480E-02  9.287E-02  9.094E-02  8.903E-02  8.714E-02  8.526E-02  8.340E-02  8.155E-02  7.971E-02  7.789E-02  7.608E-02  7.429E-02  7.252E-02  7.076E-02  6.902E-02  6.729E-02  6.557E-02  6.387E-02  6.219E-02  6.052E-02  5.886E-02  5.722E-02  5.559E-02  5.399E-02  5.239E-02  5.081E-02  4.925E-02  4.770E-02  4.616E-02  4.465E-02  4.314E-02  4.166E-02  4.019E-02  3.873E-02  3.730E-02  3.587E-02  3.447E-02  3.308E-02  3.171E-02  3.036E-02  2.903E-02  2.772E-02  2.642E-02  2.515E-02  2.390E-02  2.266E-02  2.146E-02
  356.5000  1.147E-01  1.127E-01  1.107E-01  1.087E-01  1.068E-01  1.049E-01  1.029E-01  1.010E-01  9.912E-02  9.724E-02  9.537E-02  9.351E-02  9.167E-02  8.984E-02  8.803E-02  8.623E-02  8.444E-02  8.267E-02  8.090E-02  7.916E-02  7.743E-02  7.571E-02  7.401E-02  7.231E-02  7.064E-02  6.897E-02  6.733E-02  6.569E-02  6.407E-02  6.247E-02  6.087E-02  5.930E-02  5.773E-02  5.618E-02  5.464E-02  5.312E-02  5.161E-02  5.012E-02  4.864E-02  4.717E-02  4.572E-02  4.428E-02  4.285E-02  4.145E-02  4.005E-02  3.867E-02  3.730E-02  3.595E-02  3.462E-02  3.330E-02  3.200E-02  3.071E-02  2.944E-02  2.818E-02  2.695E-02  2.573E-02  2.453E-02  2.334E-02  2.218E-02  2.104E-02  1.992E-02
  357.5000  9.755E-02  9.586E-02  9.417E-02  9.251E-02  9.085E-02  8.920E-02  8.756E-02  8.594E-02  8.432E-02  8.272E-02  8.113E-02  7.955E-02  7.798E-02  7.642E-02  7.487E-02  7.334E-02  7.182E-02  7.031E-02  6.881E-02  6.733E-02  6.586E-02  6.439E-02  6.294E-02  6.150E-02  6.007E-02  5.866E-02  5.726E-02  5.587E-02  5.449E-02  5.312E-02  5.176E-02  5.042E-02  4.909E-02  4.777E-02  4.646E-02  4.517E-02  4.388E-02  4.262E-02  4.136E-02  4.011E-02  3.887E-02  3.765E-02  3.644E-02  3.524E-02  3.405E-02  3.288E-02  3.172E-02  3.057E-02  2.943E-02  2.831E-02  2.720E-02  2.611E-02  2.502E-02  2.396E-02  2.291E-02  2.187E-02  2.085E-02  1.984E-02  1.885E-02  1.788E-02  1.693E-02
  358.5000  7.540E-02  7.409E-02  7.279E-02  7.150E-02  7.022E-02  6.895E-02  6.768E-02  6.642E-02  6.518E-02  6.394E-02  6.271E-02  6.149E-02  6.027E-02  5.907E-02  5.788E-02  5.669E-02  5.552E-02  5.435E-02  5.319E-02  5.204E-02  5.091E-02  4.978E-02  4.865E-02  4.754E-02  4.644E-02  4.535E-02  4.427E-02  4.319E-02  4.212E-02  4.107E-02  4.002E-02  3.899E-02  3.796E-02  3.694E-02  3.593E-02  3.492E-02  3.393E-02  3.295E-02  3.198E-02  3.102E-02  3.006E-02  2.912E-02  2.818E-02  2.726E-02  2.634E-02  2.543E-02  2.453E-02  2.365E-02  2.277E-02  2.190E-02  2.105E-02  2.020E-02  1.936E-02  1.854E-02  1.773E-02  1.693E-02  1.614E-02  1.536E-02  1.459E-02  1.384E-02  1.311E-02
  359.5000  1.270E-01  1.248E-01  1.226E-01  1.204E-01  1.183E-01  1.161E-01  1.140E-01  1.119E-01  1.098E-01  1.077E-01  1.056E-01  1.036E-01  1.015E-01  9.948E-02  9.747E-02  9.548E-02  9.350E-02  9.153E-02  8.958E-02  8.764E-02  8.573E-02  8.382E-02  8.193E-02  8.006E-02  7.820E-02  7.636E-02  7.454E-02  7.273E-02  7.093E-02  6.915E-02  6.739E-02  6.565E-02  6.391E-02  6.220E-02  6.049E-02  5.881E-02  5.714E-02  5.549E-02  5.385E-02  5.223E-02  5.062E-02  4.903E-02  4.745E-02  4.589E-02  4.435E-02  4.282E-02  4.131E-02  3.982E-02  3.834E-02  3.688E-02  3.544E-02  3.401E-02  3.261E-02  3.122E-02  2.985E-02  2.850E-02  2.717E-02  2.586E-02  2.457E-02  2.331E-02  2.207E-02
  360.5000  1.178E-01  1.158E-01  1.137E-01  1.117E-01  1.097E-01  1.077E-01  1.058E-01  1.038E-01  1.018E-01  9.990E-02  9.798E-02  9.607E-02  9.417E-02  9.229E-02  9.042E-02  8.857E-02  8.673E-02  8.491E-02  8.310E-02  8.130E-02  7.952E-02  7.775E-02  7.600E-02  7.426E-02  7.254E-02  7.083E-02  6.914E-02  6.746E-02  6.580E-02  6.414E-02  6.251E-02  6.089E-02  5.928E-02  5.769E-02  5.611E-02  5.455E-02  5.300E-02  5.147E-02  4.995E-02  4.844E-02  4.695E-02  4.548E-02  4.401E-02  4.257E-02  4.114E-02  3.972E-02  3.832E-02  3.694E-02  3.557E-02  3.421E-02  3.288E-02  3.155E-02  3.025E-02  2.896E-02  2.769E-02  2.644E-02  2.521E-02  2.399E-02  2.280E-02  2.162E-02  2.048E-02
  361.5000  1.064E-01  1.045E-01  1.027E-01  1.009E-01  9.906E-02  9.726E-02  9.547E-02  9.370E-02  9.194E-02  9.019E-02  8.845E-02  8.673E-02  8.502E-02  8.332E-02  8.163E-02  7.996E-02  7.830E-02  7.665E-02  7.502E-02  7.340E-02  7.179E-02  7.020E-02  6.861E-02  6.704E-02  6.549E-02  6.395E-02  6.242E-02  6.090E-02  5.940E-02  5.791E-02  5.643E-02  5.498E-02  5.353E-02  5.209E-02  5.066E-02  4.925E-02  4.785E-02  4.647E-02  4.510E-02  4.374E-02  4.240E-02  4.107E-02  3.975E-02  3.845E-02  3.715E-02  3.588E-02  3.461E-02  3.336E-02  3.213E-02  3.090E-02  2.970E-02  2.850E-02  2.733E-02  2.616E-02  2.502E-02  2.389E-02  2.278E-02  2.168E-02  2.060E-02  1.954E-02  1.850E-02
  362.5000  1.251E-01  1.229E-01  1.207E-01  1.186E-01  1.165E-01  1.143E-01  1.122E-01  1.102E-01  1.081E-01  1.060E-01  1.040E-01  1.020E-01  9.994E-02  9.794E-02  9.596E-02  9.400E-02  9.204E-02  9.011E-02  8.818E-02  8.628E-02  8.439E-02  8.252E-02  8.066E-02  7.881E-02  7.698E-02  7.517E-02  7.338E-02  7.159E-02  6.983E-02  6.808E-02  6.634E-02  6.462E-02  6.292E-02  6.123E-02  5.956E-02  5.790E-02  5.626E-02  5.463E-02  5.302E-02  5.142E-02  4.984E-02  4.828E-02  4.673E-02  4.520E-02  4.368E-02  4.218E-02  4.069E-02  3.922E-02  3.777E-02  3.634E-02  3.492E-02  3.352E-02  3.213E-02  3.077E-02  2.942E-02  2.810E-02  2.679E-02  2.550E-02  2.423E-02  2.298E-02  2.176E-02
  363.5000  1.114E-01  1.094E-01  1.075E-01  1.056E-01  1.037E-01  1.018E-01  9.993E-02  9.807E-02  9.623E-02  9.440E-02  9.258E-02  9.077E-02  8.898E-02  8.720E-02  8.543E-02  8.368E-02  8.194E-02  8.022E-02  7.851E-02  7.681E-02  7.513E-02  7.346E-02  7.180E-02  7.016E-02  6.853E-02  6.692E-02  6.532E-02  6.373E-02  6.216E-02  6.060E-02  5.906E-02  5.753E-02  5.601E-02  5.451E-02  5.302E-02  5.154E-02  5.008E-02  4.863E-02  4.720E-02  4.578E-02  4.437E-02  4.298E-02  4.160E-02  4.024E-02  3.889E-02  3.755E-02  3.623E-02  3.492E-02  3.363E-02  3.235E-02  3.109E-02  2.984E-02  2.861E-02  2.739E-02  2.620E-02  2.501E-02  2.385E-02  2.270E-02  2.157E-02  2.046E-02  1.938E-02
  364.5000  1.216E-01  1.194E-01  1.173E-01  1.153E-01  1.132E-01  1.111E-01  1.091E-01  1.070E-01  1.050E-01  1.030E-01  1.010E-01  9.907E-02  9.711E-02  9.517E-02  9.324E-02  9.133E-02  8.943E-02  8.755E-02  8.568E-02  8.382E-02  8.199E-02  8.017E-02  7.836E-02  7.656E-02  7.479E-02  7.302E-02  7.128E-02  6.955E-02  6.783E-02  6.613E-02  6.444E-02  6.277E-02  6.112E-02  5.948E-02  5.785E-02  5.624E-02  5.464E-02  5.307E-02  5.150E-02  4.995E-02  4.841E-02  4.689E-02  4.539E-02  4.390E-02  4.243E-02  4.097E-02  3.953E-02  3.810E-02  3.669E-02  3.530E-02  3.392E-02  3.256E-02  3.121E-02  2.989E-02  2.858E-02  2.729E-02  2.602E-02  2.477E-02  2.354E-02  2.233E-02  2.114E-02
  365.5000  1.482E-01  1.456E-01  1.431E-01  1.405E-01  1.380E-01  1.355E-01  1.330E-01  1.305E-01  1.280E-01  1.256E-01  1.232E-01  1.208E-01  1.184E-01  1.160E-01  1.137E-01  1.113E-01  1.090E-01  1.067E-01  1.044E-01  1.022E-01  9.993E-02  9.771E-02  9.550E-02  9.331E-02  9.115E-02  8.899E-02  8.687E-02  8.476E-02  8.266E-02  8.059E-02  7.853E-02  7.650E-02  7.448E-02  7.248E-02  7.049E-02  6.853E-02  6.658E-02  6.466E-02  6.275E-02  6.086E-02  5.899E-02  5.714E-02  5.530E-02  5.349E-02  5.170E-02  4.992E-02  4.816E-02  4.642E-02  4.471E-02  4.301E-02  4.133E-02  3.967E-02  3.803E-02  3.641E-02  3.482E-02  3.325E-02  3.170E-02  3.017E-02  2.867E-02  2.720E-02  2.575E-02
  366.5000  1.570E-01  1.543E-01  1.516E-01  1.489E-01  1.462E-01  1.435E-01  1.409E-01  1.383E-01  1.357E-01  1.331E-01  1.305E-01  1.280E-01  1.254E-01  1.229E-01  1.204E-01  1.179E-01  1.155E-01  1.131E-01  1.106E-01  1.082E-01  1.059E-01  1.035E-01  1.012E-01  9.885E-02  9.656E-02  9.428E-02  9.203E-02  8.979E-02  8.757E-02  8.537E-02  8.319E-02  8.104E-02  7.890E-02  7.678E-02  7.468E-02  7.260E-02  7.054E-02  6.850E-02  6.648E-02  6.448E-02  6.250E-02  6.053E-02  5.859E-02  5.667E-02  5.477E-02  5.289E-02  5.103E-02  4.918E-02  4.737E-02  4.557E-02  4.379E-02  4.203E-02  4.030E-02  3.858E-02  3.690E-02  3.524E-02  3.359E-02  3.198E-02  3.039E-02  2.883E-02  2.730E-02
  367.5000  1.493E-01  1.467E-01  1.441E-01  1.415E-01  1.390E-01  1.364E-01  1.339E-01  1.314E-01  1.289E-01  1.265E-01  1.240E-01  1.216E-01  1.192E-01  1.168E-01  1.144E-01  1.121E-01  1.098E-01  1.074E-01  1.052E-01  1.029E-01  1.006E-01  9.838E-02  9.616E-02  9.395E-02  9.177E-02  8.960E-02  8.746E-02  8.533E-02  8.323E-02  8.114E-02  7.907E-02  7.702E-02  7.499E-02  7.297E-02  7.098E-02  6.900E-02  6.704E-02  6.511E-02  6.319E-02  6.129E-02  5.940E-02  5.754E-02  5.569E-02  5.387E-02  5.206E-02  5.027E-02  4.850E-02  4.675E-02  4.503E-02  4.332E-02  4.163E-02  3.996E-02  3.831E-02  3.668E-02  3.508E-02  3.350E-02  3.194E-02  3.041E-02  2.889E-02  2.741E-02  2.595E-02
  368.5000  1.312E-01  1.289E-01  1.267E-01  1.244E-01  1.222E-01  1.199E-01  1.177E-01  1.155E-01  1.134E-01  1.112E-01  1.090E-01  1.069E-01  1.048E-01  1.027E-01  1.006E-01  9.854E-02  9.649E-02  9.445E-02  9.243E-02  9.043E-02  8.844E-02  8.647E-02  8.452E-02  8.258E-02  8.066E-02  7.876E-02  7.688E-02  7.500E-02  7.315E-02  7.131E-02  6.949E-02  6.769E-02  6.591E-02  6.414E-02  6.238E-02  6.064E-02  5.892E-02  5.722E-02  5.553E-02  5.386E-02  5.221E-02  5.057E-02  4.895E-02  4.735E-02  4.576E-02  4.418E-02  4.263E-02  4.109E-02  3.958E-02  3.807E-02  3.659E-02  3.512E-02  3.367E-02  3.224E-02  3.084E-02  2.944E-02  2.807E-02  2.672E-02  2.540E-02  2.409E-02  2.281E-02
  369.5000  1.576E-01  1.548E-01  1.521E-01  1.494E-01  1.467E-01  1.440E-01  1.413E-01  1.387E-01  1.361E-01  1.335E-01  1.309E-01  1.283E-01  1.258E-01  1.233E-01  1.208E-01  1.183E-01  1.158E-01  1.134E-01  1.109E-01  1.085E-01  1.062E-01  1.038E-01  1.014E-01  9.912E-02  9.681E-02  9.453E-02  9.227E-02  9.002E-02  8.779E-02  8.559E-02  8.340E-02  8.124E-02  7.910E-02  7.697E-02  7.487E-02  7.278E-02  7.071E-02  6.867E-02  6.665E-02  6.464E-02  6.266E-02  6.069E-02  5.874E-02  5.682E-02  5.491E-02  5.303E-02  5.116E-02  4.932E-02  4.750E-02  4.569E-02  4.391E-02  4.215E-02  4.041E-02  3.870E-02  3.701E-02  3.534E-02  3.370E-02  3.208E-02  3.048E-02  2.892E-02  2.738E-02
  370.5000  1.431E-01  1.406E-01  1.381E-01  1.356E-01  1.332E-01  1.307E-01  1.283E-01  1.259E-01  1.236E-01  1.212E-01  1.189E-01  1.165E-01  1.142E-01  1.119E-01  1.096E-01  1.074E-01  1.051E-01  1.029E-01  1.007E-01  9.854E-02  9.637E-02  9.422E-02  9.209E-02  8.998E-02  8.788E-02  8.581E-02  8.376E-02  8.172E-02  7.969E-02  7.769E-02  7.571E-02  7.375E-02  7.180E-02  6.987E-02  6.796E-02  6.606E-02  6.419E-02  6.233E-02  6.050E-02  5.867E-02  5.687E-02  5.509E-02  5.332E-02  5.158E-02  4.984E-02  4.813E-02  4.644E-02  4.476E-02  4.311E-02  4.148E-02  3.986E-02  3.826E-02  3.668E-02  3.513E-02  3.359E-02  3.208E-02  3.059E-02  2.912E-02  2.767E-02  2.625E-02  2.485E-02
  371.5000  1.638E-01  1.610E-01  1.581E-01  1.553E-01  1.525E-01  1.497E-01  1.470E-01  1.442E-01  1.415E-01  1.388E-01  1.361E-01  1.334E-01  1.308E-01  1.282E-01  1.255E-01  1.230E-01  1.204E-01  1.179E-01  1.153E-01  1.128E-01  1.103E-01  1.079E-01  1.054E-01  1.030E-01  1.006E-01  9.824E-02  9.589E-02  9.356E-02  9.124E-02  8.895E-02  8.668E-02  8.443E-02  8.220E-02  7.999E-02  7.780E-02  7.563E-02  7.348E-02  7.136E-02  6.926E-02  6.717E-02  6.511E-02  6.307E-02  6.104E-02  5.905E-02  5.707E-02  5.511E-02  5.317E-02  5.125E-02  4.936E-02  4.749E-02  4.563E-02  4.381E-02  4.200E-02  4.022E-02  3.846E-02  3.673E-02  3.502E-02  3.334E-02  3.168E-02  3.005E-02  2.846E-02
  372.5000  1.211E-01  1.190E-01  1.169E-01  1.148E-01  1.128E-01  1.107E-01  1.087E-01  1.066E-01  1.046E-01  1.026E-01  1.006E-01  9.864E-02  9.668E-02  9.474E-02  9.281E-02  9.090E-02  8.900E-02  8.712E-02  8.525E-02  8.340E-02  8.157E-02  7.975E-02  7.794E-02  7.615E-02  7.438E-02  7.262E-02  7.088E-02  6.915E-02  6.744E-02  6.574E-02  6.406E-02  6.240E-02  6.075E-02  5.912E-02  5.750E-02  5.590E-02  5.431E-02  5.275E-02  5.119E-02  4.965E-02  4.812E-02  4.661E-02  4.512E-02  4.364E-02  4.218E-02  4.073E-02  3.930E-02  3.788E-02  3.648E-02  3.510E-02  3.373E-02  3.238E-02  3.104E-02  2.973E-02  2.843E-02  2.715E-02  2.589E-02  2.464E-02  2.342E-02  2.222E-02  2.104E-02
  373.5000  1.096E-01  1.077E-01  1.058E-01  1.039E-01  1.020E-01  1.001E-01  9.828E-02  9.644E-02  9.461E-02  9.280E-02  9.100E-02  8.922E-02  8.744E-02  8.568E-02  8.394E-02  8.221E-02  8.049E-02  7.879E-02  7.710E-02  7.542E-02  7.376E-02  7.212E-02  7.048E-02  6.886E-02  6.726E-02  6.567E-02  6.409E-02  6.253E-02  6.098E-02  5.945E-02  5.793E-02  5.643E-02  5.493E-02  5.346E-02  5.199E-02  5.054E-02  4.911E-02  4.769E-02  4.628E-02  4.489E-02  4.351E-02  4.214E-02  4.079E-02  3.946E-02  3.813E-02  3.683E-02  3.553E-02  3.425E-02  3.299E-02  3.173E-02  3.050E-02  2.928E-02  2.807E-02  2.688E-02  2.571E-02  2.455E-02  2.341E-02  2.228E-02  2.117E-02  2.009E-02  1.902E-02
  374.5000  1.204E-01  1.183E-01  1.162E-01  1.141E-01  1.120E-01  1.100E-01  1.079E-01  1.059E-01  1.039E-01  1.019E-01  9.995E-02  9.799E-02  9.604E-02  9.410E-02  9.218E-02  9.029E-02  8.840E-02  8.652E-02  8.467E-02  8.282E-02  8.100E-02  7.919E-02  7.740E-02  7.562E-02  7.385E-02  7.210E-02  7.038E-02  6.866E-02  6.696E-02  6.527E-02  6.360E-02  6.195E-02  6.032E-02  5.869E-02  5.708E-02  5.549E-02  5.392E-02  5.236E-02  5.081E-02  4.928E-02  4.777E-02  4.627E-02  4.479E-02  4.332E-02  4.187E-02  4.043E-02  3.901E-02  3.760E-02  3.622E-02  3.484E-02  3.348E-02  3.214E-02  3.082E-02  2.951E-02  2.822E-02  2.695E-02  2.570E-02  2.446E-02  2.325E-02  2.205E-02  2.088E-02
  375.5000  1.359E-01  1.335E-01  1.312E-01  1.288E-01  1.265E-01  1.242E-01  1.219E-01  1.196E-01  1.173E-01  1.151E-01  1.129E-01  1.106E-01  1.084E-01  1.063E-01  1.041E-01  1.019E-01  9.981E-02  9.770E-02  9.560E-02  9.352E-02  9.146E-02  8.941E-02  8.739E-02  8.538E-02  8.338E-02  8.141E-02  7.946E-02  7.752E-02  7.560E-02  7.369E-02  7.181E-02  6.994E-02  6.809E-02  6.626E-02  6.445E-02  6.265E-02  6.087E-02  5.911E-02  5.737E-02  5.564E-02  5.393E-02  5.224E-02  5.056E-02  4.891E-02  4.727E-02  4.564E-02  4.404E-02  4.245E-02  4.089E-02  3.934E-02  3.780E-02  3.629E-02  3.479E-02  3.332E-02  3.187E-02  3.043E-02  2.901E-02  2.762E-02  2.625E-02  2.490E-02  2.358E-02
  376.5000  1.359E-01  1.335E-01  1.311E-01  1.288E-01  1.264E-01  1.241E-01  1.218E-01  1.195E-01  1.173E-01  1.150E-01  1.128E-01  1.106E-01  1.084E-01  1.062E-01  1.040E-01  1.019E-01  9.975E-02  9.763E-02  9.553E-02  9.345E-02  9.139E-02  8.935E-02  8.732E-02  8.531E-02  8.332E-02  8.135E-02  7.940E-02  7.746E-02  7.554E-02  7.363E-02  7.175E-02  6.989E-02  6.804E-02  6.621E-02  6.439E-02  6.260E-02  6.082E-02  5.906E-02  5.732E-02  5.559E-02  5.388E-02  5.219E-02  5.052E-02  4.887E-02  4.723E-02  4.561E-02  4.400E-02  4.242E-02  4.085E-02  3.930E-02  3.777E-02  3.626E-02  3.477E-02  3.329E-02  3.184E-02  3.041E-02  2.899E-02  2.760E-02  2.623E-02  2.488E-02  2.356E-02
  377.5000  1.619E-01  1.591E-01  1.563E-01  1.535E-01  1.507E-01  1.479E-01  1.452E-01  1.425E-01  1.398E-01  1.371E-01  1.344E-01  1.318E-01  1.292E-01  1.266E-01  1.240E-01  1.214E-01  1.189E-01  1.163E-01  1.138E-01  1.114E-01  1.089E-01  1.065E-01  1.041E-01  1.017E-01  9.928E-02  9.693E-02  9.460E-02  9.229E-02  9.000E-02  8.773E-02  8.549E-02  8.327E-02  8.106E-02  7.888E-02  7.672E-02  7.458E-02  7.246E-02  7.037E-02  6.829E-02  6.623E-02  6.420E-02  6.218E-02  6.019E-02  5.822E-02  5.627E-02  5.434E-02  5.243E-02  5.054E-02  4.867E-02  4.683E-02  4.500E-02  4.320E-02  4.142E-02  3.967E-02  3.794E-02  3.623E-02  3.454E-02  3.289E-02  3.125E-02  2.965E-02  2.808E-02
  378.5000  1.766E-01  1.736E-01  1.705E-01  1.674E-01  1.644E-01  1.614E-01  1.584E-01  1.554E-01  1.525E-01  1.495E-01  1.466E-01  1.437E-01  1.409E-01  1.380E-01  1.352E-01  1.324E-01  1.296E-01  1.269E-01  1.242E-01  1.214E-01  1.188E-01  1.161E-01  1.135E-01  1.109E-01  1.083E-01  1.057E-01  1.032E-01  1.006E-01  9.814E-02  9.567E-02  9.322E-02  9.080E-02  8.839E-02  8.601E-02  8.365E-02  8.132E-02  7.901E-02  7.672E-02  7.446E-02  7.222E-02  7.000E-02  6.780E-02  6.562E-02  6.348E-02  6.135E-02  5.924E-02  5.716E-02  5.510E-02  5.307E-02  5.106E-02  4.907E-02  4.711E-02  4.517E-02  4.325E-02  4.137E-02  3.950E-02  3.767E-02  3.586E-02  3.408E-02  3.233E-02  3.061E-02
  379.5000  1.308E-01  1.285E-01  1.262E-01  1.240E-01  1.217E-01  1.195E-01  1.173E-01  1.151E-01  1.129E-01  1.107E-01  1.086E-01  1.064E-01  1.043E-01  1.022E-01  1.001E-01  9.803E-02  9.598E-02  9.394E-02  9.191E-02  8.991E-02  8.793E-02  8.595E-02  8.400E-02  8.206E-02  8.014E-02  7.824E-02  7.636E-02  7.449E-02  7.264E-02  7.081E-02  6.900E-02  6.721E-02  6.542E-02  6.366E-02  6.192E-02  6.019E-02  5.848E-02  5.679E-02  5.511E-02  5.345E-02  5.181E-02  5.018E-02  4.857E-02  4.698E-02  4.541E-02  4.385E-02  4.231E-02  4.078E-02  3.928E-02  3.779E-02  3.632E-02  3.486E-02  3.343E-02  3.201E-02  3.062E-02  2.924E-02  2.788E-02  2.654E-02  2.522E-02  2.393E-02  2.266E-02
  380.5000  1.575E-01  1.547E-01  1.519E-01  1.492E-01  1.465E-01  1.438E-01  1.412E-01  1.385E-01  1.359E-01  1.333E-01  1.307E-01  1.281E-01  1.255E-01  1.230E-01  1.205E-01  1.180E-01  1.155E-01  1.131E-01  1.106E-01  1.082E-01  1.058E-01  1.034E-01  1.011E-01  9.875E-02  9.644E-02  9.415E-02  9.189E-02  8.964E-02  8.741E-02  8.521E-02  8.302E-02  8.087E-02  7.872E-02  7.660E-02  7.450E-02  7.242E-02  7.036E-02  6.833E-02  6.631E-02  6.431E-02  6.233E-02  6.038E-02  5.844E-02  5.653E-02  5.463E-02  5.276E-02  5.090E-02  4.907E-02  4.726E-02  4.547E-02  4.370E-02  4.195E-02  4.022E-02  3.852E-02  3.684E-02  3.518E-02  3.355E-02  3.194E-02  3.035E-02  2.879E-02  2.727E-02
  381.5000  1.481E-01  1.455E-01  1.429E-01  1.404E-01  1.378E-01  1.353E-01  1.328E-01  1.303E-01  1.278E-01  1.253E-01  1.229E-01  1.205E-01  1.181E-01  1.157E-01  1.133E-01  1.110E-01  1.086E-01  1.063E-01  1.040E-01  1.017E-01  9.950E-02  9.726E-02  9.505E-02  9.286E-02  9.068E-02  8.853E-02  8.640E-02  8.428E-02  8.219E-02  8.011E-02  7.806E-02  7.603E-02  7.401E-02  7.202E-02  7.004E-02  6.808E-02  6.615E-02  6.424E-02  6.234E-02  6.046E-02  5.860E-02  5.676E-02  5.494E-02  5.314E-02  5.136E-02  4.960E-02  4.786E-02  4.613E-02  4.443E-02  4.275E-02  4.108E-02  3.944E-02  3.782E-02  3.621E-02  3.464E-02  3.308E-02  3.154E-02  3.003E-02  2.854E-02  2.707E-02  2.564E-02
  382.5000  9.877E-02  9.703E-02  9.531E-02  9.360E-02  9.190E-02  9.021E-02  8.853E-02  8.687E-02  8.521E-02  8.358E-02  8.195E-02  8.033E-02  7.872E-02  7.713E-02  7.555E-02  7.398E-02  7.243E-02  7.089E-02  6.936E-02  6.784E-02  6.634E-02  6.485E-02  6.337E-02  6.191E-02  6.046E-02  5.902E-02  5.760E-02  5.619E-02  5.480E-02  5.341E-02  5.204E-02  5.069E-02  4.934E-02  4.801E-02  4.669E-02  4.539E-02  4.410E-02  4.282E-02  4.156E-02  4.030E-02  3.906E-02  3.784E-02  3.662E-02  3.543E-02  3.424E-02  3.306E-02  3.190E-02  3.075E-02  2.962E-02  2.850E-02  2.739E-02  2.629E-02  2.521E-02  2.414E-02  2.309E-02  2.205E-02  2.103E-02  2.002E-02  1.902E-02  1.805E-02  1.709E-02
  383.5000  8.681E-02  8.528E-02  8.377E-02  8.226E-02  8.077E-02  7.928E-02  7.781E-02  7.634E-02  7.489E-02  7.345E-02  7.201E-02  7.059E-02  6.918E-02  6.778E-02  6.639E-02  6.501E-02  6.365E-02  6.229E-02  6.094E-02  5.961E-02  5.829E-02  5.698E-02  5.568E-02  5.440E-02  5.312E-02  5.186E-02  5.061E-02  4.937E-02  4.814E-02  4.692E-02  4.572E-02  4.453E-02  4.335E-02  4.218E-02  4.102E-02  3.987E-02  3.874E-02  3.762E-02  3.651E-02  3.541E-02  3.432E-02  3.324E-02  3.217E-02  3.112E-02  3.008E-02  2.905E-02  2.802E-02  2.702E-02  2.602E-02  2.503E-02  2.406E-02  2.310E-02  2.215E-02  2.121E-02  2.029E-02  1.937E-02  1.847E-02  1.759E-02  1.671E-02  1.585E-02  1.501E-02
  384.5000  1.304E-01  1.281E-01  1.258E-01  1.236E-01  1.213E-01  1.191E-01  1.169E-01  1.147E-01  1.125E-01  1.103E-01  1.082E-01  1.060E-01  1.039E-01  1.018E-01  9.970E-02  9.764E-02  9.558E-02  9.354E-02  9.152E-02  8.952E-02  8.754E-02  8.557E-02  8.362E-02  8.168E-02  7.977E-02  7.787E-02  7.599E-02  7.413E-02  7.229E-02  7.046E-02  6.865E-02  6.686E-02  6.509E-02  6.333E-02  6.159E-02  5.987E-02  5.816E-02  5.648E-02  5.481E-02  5.316E-02  5.152E-02  4.990E-02  4.830E-02  4.672E-02  4.516E-02  4.361E-02  4.208E-02  4.056E-02  3.907E-02  3.759E-02  3.612E-02  3.468E-02  3.325E-02  3.184E-02  3.046E-02  2.909E-02  2.773E-02  2.640E-02  2.509E-02  2.381E-02  2.254E-02
  385.5000  1.291E-01  1.268E-01  1.246E-01  1.224E-01  1.201E-01  1.179E-01  1.157E-01  1.135E-01  1.114E-01  1.092E-01  1.071E-01  1.050E-01  1.029E-01  1.008E-01  9.872E-02  9.667E-02  9.463E-02  9.261E-02  9.061E-02  8.863E-02  8.667E-02  8.471E-02  8.278E-02  8.087E-02  7.897E-02  7.709E-02  7.523E-02  7.338E-02  7.156E-02  6.975E-02  6.795E-02  6.618E-02  6.443E-02  6.269E-02  6.096E-02  5.926E-02  5.757E-02  5.591E-02  5.425E-02  5.262E-02  5.100E-02  4.940E-02  4.781E-02  4.625E-02  4.470E-02  4.316E-02  4.165E-02  4.015E-02  3.867E-02  3.720E-02  3.575E-02  3.432E-02  3.291E-02  3.152E-02  3.015E-02  2.879E-02  2.745E-02  2.614E-02  2.484E-02  2.357E-02  2.232E-02
  386.5000  1.317E-01  1.294E-01  1.271E-01  1.248E-01  1.226E-01  1.203E-01  1.181E-01  1.158E-01  1.136E-01  1.114E-01  1.093E-01  1.071E-01  1.049E-01  1.028E-01  1.007E-01  9.861E-02  9.653E-02  9.447E-02  9.243E-02  9.040E-02  8.840E-02  8.641E-02  8.443E-02  8.248E-02  8.054E-02  7.862E-02  7.673E-02  7.484E-02  7.298E-02  7.113E-02  6.930E-02  6.750E-02  6.570E-02  6.393E-02  6.217E-02  6.043E-02  5.871E-02  5.701E-02  5.532E-02  5.366E-02  5.200E-02  5.037E-02  4.875E-02  4.716E-02  4.558E-02  4.401E-02  4.247E-02  4.094E-02  3.943E-02  3.794E-02  3.646E-02  3.500E-02  3.356E-02  3.214E-02  3.074E-02  2.936E-02  2.800E-02  2.665E-02  2.533E-02  2.403E-02  2.276E-02
  387.5000  1.225E-01  1.204E-01  1.182E-01  1.161E-01  1.140E-01  1.119E-01  1.098E-01  1.077E-01  1.057E-01  1.036E-01  1.016E-01  9.960E-02  9.760E-02  9.562E-02  9.365E-02  9.171E-02  8.978E-02  8.786E-02  8.596E-02  8.407E-02  8.221E-02  8.035E-02  7.852E-02  7.670E-02  7.490E-02  7.311E-02  7.135E-02  6.959E-02  6.786E-02  6.614E-02  6.444E-02  6.276E-02  6.109E-02  5.944E-02  5.780E-02  5.619E-02  5.459E-02  5.301E-02  5.144E-02  4.989E-02  4.835E-02  4.683E-02  4.533E-02  4.385E-02  4.238E-02  4.092E-02  3.948E-02  3.806E-02  3.666E-02  3.527E-02  3.390E-02  3.254E-02  3.121E-02  2.988E-02  2.858E-02  2.730E-02  2.603E-02  2.478E-02  2.355E-02  2.234E-02  2.116E-02
  388.5000  1.229E-01  1.208E-01  1.186E-01  1.165E-01  1.144E-01  1.123E-01  1.102E-01  1.081E-01  1.060E-01  1.040E-01  1.019E-01  9.991E-02  9.790E-02  9.591E-02  9.394E-02  9.199E-02  9.005E-02  8.812E-02  8.621E-02  8.432E-02  8.245E-02  8.059E-02  7.875E-02  7.692E-02  7.511E-02  7.332E-02  7.155E-02  6.979E-02  6.805E-02  6.633E-02  6.462E-02  6.293E-02  6.126E-02  5.960E-02  5.796E-02  5.634E-02  5.473E-02  5.315E-02  5.158E-02  5.002E-02  4.848E-02  4.696E-02  4.545E-02  4.396E-02  4.249E-02  4.103E-02  3.959E-02  3.816E-02  3.676E-02  3.537E-02  3.399E-02  3.263E-02  3.129E-02  2.997E-02  2.866E-02  2.737E-02  2.610E-02  2.485E-02  2.362E-02  2.241E-02  2.122E-02
  389.5000  1.552E-01  1.524E-01  1.497E-01  1.470E-01  1.443E-01  1.417E-01  1.390E-01  1.364E-01  1.338E-01  1.312E-01  1.286E-01  1.261E-01  1.236E-01  1.210E-01  1.186E-01  1.161E-01  1.136E-01  1.112E-01  1.088E-01  1.064E-01  1.040E-01  1.017E-01  9.937E-02  9.706E-02  9.478E-02  9.252E-02  9.028E-02  8.806E-02  8.586E-02  8.369E-02  8.153E-02  7.940E-02  7.729E-02  7.520E-02  7.313E-02  7.108E-02  6.905E-02  6.705E-02  6.507E-02  6.311E-02  6.116E-02  5.924E-02  5.734E-02  5.546E-02  5.360E-02  5.176E-02  4.994E-02  4.815E-02  4.637E-02  4.462E-02  4.288E-02  4.117E-02  3.947E-02  3.780E-02  3.616E-02  3.453E-02  3.293E-02  3.135E-02  2.980E-02  2.827E-02  2.677E-02
  390.5000  1.526E-01  1.499E-01  1.472E-01  1.445E-01  1.419E-01  1.393E-01  1.367E-01  1.341E-01  1.315E-01  1.290E-01  1.265E-01  1.240E-01  1.215E-01  1.190E-01  1.165E-01  1.141E-01  1.117E-01  1.093E-01  1.069E-01  1.046E-01  1.023E-01  9.996E-02  9.767E-02  9.540E-02  9.315E-02  9.093E-02  8.873E-02  8.655E-02  8.438E-02  8.224E-02  8.013E-02  7.803E-02  7.596E-02  7.390E-02  7.187E-02  6.985E-02  6.786E-02  6.589E-02  6.394E-02  6.201E-02  6.010E-02  5.821E-02  5.634E-02  5.450E-02  5.267E-02  5.087E-02  4.908E-02  4.731E-02  4.557E-02  4.384E-02  4.214E-02  4.045E-02  3.879E-02  3.715E-02  3.553E-02  3.394E-02  3.236E-02  3.081E-02  2.928E-02  2.778E-02  2.631E-02
  391.5000  1.812E-01  1.780E-01  1.748E-01  1.716E-01  1.685E-01  1.654E-01  1.623E-01  1.592E-01  1.562E-01  1.532E-01  1.502E-01  1.472E-01  1.442E-01  1.413E-01  1.384E-01  1.355E-01  1.326E-01  1.298E-01  1.270E-01  1.242E-01  1.214E-01  1.187E-01  1.159E-01  1.133E-01  1.106E-01  1.079E-01  1.053E-01  1.027E-01  1.002E-01  9.763E-02  9.511E-02  9.263E-02  9.016E-02  8.772E-02  8.530E-02  8.291E-02  8.055E-02  7.821E-02  7.590E-02  7.360E-02  7.134E-02  6.909E-02  6.688E-02  6.469E-02  6.252E-02  6.037E-02  5.825E-02  5.615E-02  5.409E-02  5.204E-02  5.002E-02  4.802E-02  4.604E-02  4.409E-02  4.218E-02  4.028E-02  3.841E-02  3.657E-02  3.476E-02  3.298E-02  3.123E-02
  392.5000  1.360E-01  1.336E-01  1.312E-01  1.288E-01  1.265E-01  1.241E-01  1.218E-01  1.195E-01  1.172E-01  1.150E-01  1.127E-01  1.105E-01  1.082E-01  1.060E-01  1.038E-01  1.017E-01  9.953E-02  9.740E-02  9.528E-02  9.318E-02  9.111E-02  8.905E-02  8.701E-02  8.499E-02  8.298E-02  8.100E-02  7.904E-02  7.709E-02  7.516E-02  7.325E-02  7.136E-02  6.950E-02  6.765E-02  6.581E-02  6.400E-02  6.221E-02  6.043E-02  5.868E-02  5.694E-02  5.522E-02  5.352E-02  5.184E-02  5.017E-02  4.853E-02  4.690E-02  4.529E-02  4.370E-02  4.213E-02  4.058E-02  3.904E-02  3.752E-02  3.602E-02  3.454E-02  3.308E-02  3.164E-02  3.022E-02  2.882E-02  2.744E-02  2.608E-02  2.474E-02  2.343E-02
  393.5000  5.918E-02  5.813E-02  5.709E-02  5.607E-02  5.504E-02  5.402E-02  5.301E-02  5.201E-02  5.101E-02  5.002E-02  4.904E-02  4.806E-02  4.710E-02  4.614E-02  4.518E-02  4.424E-02  4.331E-02  4.238E-02  4.145E-02  4.054E-02  3.964E-02  3.874E-02  3.785E-02  3.697E-02  3.610E-02  3.524E-02  3.438E-02  3.354E-02  3.270E-02  3.187E-02  3.104E-02  3.023E-02  2.943E-02  2.863E-02  2.784E-02  2.706E-02  2.628E-02  2.552E-02  2.477E-02  2.402E-02  2.328E-02  2.255E-02  2.182E-02  2.111E-02  2.040E-02  1.970E-02  1.901E-02  1.832E-02  1.765E-02  1.698E-02  1.632E-02  1.567E-02  1.502E-02  1.439E-02  1.376E-02  1.314E-02  1.253E-02  1.193E-02  1.134E-02  1.076E-02  1.019E-02
  394.5000  1.394E-01  1.369E-01  1.345E-01  1.321E-01  1.296E-01  1.272E-01  1.249E-01  1.225E-01  1.201E-01  1.178E-01  1.155E-01  1.132E-01  1.109E-01  1.087E-01  1.064E-01  1.042E-01  1.020E-01  9.979E-02  9.762E-02  9.547E-02  9.334E-02  9.123E-02  8.913E-02  8.706E-02  8.500E-02  8.297E-02  8.096E-02  7.896E-02  7.698E-02  7.502E-02  7.309E-02  7.117E-02  6.928E-02  6.740E-02  6.554E-02  6.370E-02  6.188E-02  6.008E-02  5.830E-02  5.654E-02  5.480E-02  5.307E-02  5.137E-02  4.969E-02  4.802E-02  4.637E-02  4.474E-02  4.313E-02  4.154E-02  3.997E-02  3.842E-02  3.688E-02  3.537E-02  3.387E-02  3.240E-02  3.094E-02  2.951E-02  2.809E-02  2.670E-02  2.533E-02  2.399E-02
  395.5000  1.795E-01  1.763E-01  1.732E-01  1.701E-01  1.669E-01  1.639E-01  1.608E-01  1.577E-01  1.547E-01  1.517E-01  1.487E-01  1.458E-01  1.428E-01  1.399E-01  1.370E-01  1.342E-01  1.313E-01  1.285E-01  1.257E-01  1.229E-01  1.202E-01  1.175E-01  1.148E-01  1.121E-01  1.094E-01  1.068E-01  1.042E-01  1.016E-01  9.910E-02  9.658E-02  9.408E-02  9.162E-02  8.918E-02  8.676E-02  8.436E-02  8.199E-02  7.965E-02  7.734E-02  7.504E-02  7.277E-02  7.053E-02  6.831E-02  6.612E-02  6.395E-02  6.181E-02  5.968E-02  5.759E-02  5.551E-02  5.347E-02  5.145E-02  4.945E-02  4.747E-02  4.552E-02  4.360E-02  4.170E-02  3.983E-02  3.798E-02  3.616E-02  3.437E-02  3.261E-02  3.088E-02
  396.5000  1.055E-01  1.036E-01  1.018E-01  9.995E-02  9.812E-02  9.630E-02  9.449E-02  9.270E-02  9.092E-02  8.916E-02  8.740E-02  8.566E-02  8.393E-02  8.222E-02  8.052E-02  7.883E-02  7.716E-02  7.550E-02  7.386E-02  7.223E-02  7.062E-02  6.901E-02  6.743E-02  6.586E-02  6.430E-02  6.276E-02  6.123E-02  5.972E-02  5.822E-02  5.674E-02  5.527E-02  5.383E-02  5.239E-02  5.097E-02  4.956E-02  4.817E-02  4.679E-02  4.543E-02  4.408E-02  4.275E-02  4.143E-02  4.013E-02  3.884E-02  3.757E-02  3.631E-02  3.506E-02  3.383E-02  3.261E-02  3.141E-02  3.022E-02  2.905E-02  2.789E-02  2.674E-02  2.561E-02  2.450E-02  2.340E-02  2.231E-02  2.124E-02  2.019E-02  1.916E-02  1.814E-02
  397.5000  1.219E-01  1.197E-01  1.176E-01  1.154E-01  1.133E-01  1.112E-01  1.091E-01  1.071E-01  1.050E-01  1.030E-01  1.009E-01  9.893E-02  9.693E-02  9.495E-02  9.298E-02  9.104E-02  8.911E-02  8.719E-02  8.529E-02  8.340E-02  8.154E-02  7.969E-02  7.786E-02  7.604E-02  7.424E-02  7.246E-02  7.070E-02  6.895E-02  6.723E-02  6.551E-02  6.382E-02  6.214E-02  6.048E-02  5.884E-02  5.722E-02  5.561E-02  5.402E-02  5.245E-02  5.089E-02  4.935E-02  4.783E-02  4.632E-02  4.484E-02  4.337E-02  4.191E-02  4.047E-02  3.905E-02  3.765E-02  3.626E-02  3.489E-02  3.353E-02  3.219E-02  3.087E-02  2.957E-02  2.828E-02  2.701E-02  2.576E-02  2.453E-02  2.331E-02  2.212E-02  2.095E-02
  398.5000  2.096E-01  2.059E-01  2.022E-01  1.985E-01  1.949E-01  1.913E-01  1.877E-01  1.841E-01  1.806E-01  1.771E-01  1.736E-01  1.701E-01  1.667E-01  1.633E-01  1.599E-01  1.566E-01  1.532E-01  1.499E-01  1.467E-01  1.434E-01  1.402E-01  1.370E-01  1.339E-01  1.307E-01  1.277E-01  1.246E-01  1.216E-01  1.186E-01  1.156E-01  1.126E-01  1.097E-01  1.068E-01  1.040E-01  1.012E-01  9.836E-02  9.560E-02  9.286E-02  9.016E-02  8.749E-02  8.484E-02  8.222E-02  7.963E-02  7.707E-02  7.455E-02  7.205E-02  6.957E-02  6.713E-02  6.471E-02  6.233E-02  5.997E-02  5.764E-02  5.534E-02  5.307E-02  5.082E-02  4.862E-02  4.643E-02  4.428E-02  4.216E-02  4.008E-02  3.802E-02  3.601E-02
  399.5000  2.182E-01  2.143E-01  2.105E-01  2.067E-01  2.029E-01  1.991E-01  1.954E-01  1.917E-01  1.880E-01  1.843E-01  1.807E-01  1.771E-01  1.735E-01  1.700E-01  1.664E-01  1.630E-01  1.595E-01  1.561E-01  1.527E-01  1.493E-01  1.459E-01  1.426E-01  1.393E-01  1.361E-01  1.329E-01  1.297E-01  1.265E-01  1.234E-01  1.203E-01  1.172E-01  1.142E-01  1.112E-01  1.082E-01  1.053E-01  1.024E-01  9.948E-02  9.663E-02  9.382E-02  9.103E-02  8.828E-02  8.555E-02  8.286E-02  8.019E-02  7.757E-02  7.496E-02  7.239E-02  6.985E-02  6.733E-02  6.486E-02  6.240E-02  5.998E-02  5.758E-02  5.522E-02  5.288E-02  5.059E-02  4.832E-02  4.608E-02  4.387E-02  4.170E-02  3.956E-02  3.747E-02
------------------------------------------------------------
Dose rates,W m-2
   1 = UV index (WMO, 1994; Webb et al., 2011)           
   2 = Previtamin-D3 (CIE 2006)                          
values at z =      0.025 km
Columns: time,sza,weighting spectra
time,hrs.  sza,deg.          1          2
   18.0000     74.789  4.481E-01  1.035E-02
   18.0167     74.998  4.369E-01  9.987E-03
   18.0333     75.208  4.260E-01  9.636E-03
   18.0500     75.417  4.152E-01  9.294E-03
   18.0667     75.627  4.046E-01  8.961E-03
   18.0833     75.837  3.942E-01  8.637E-03
   18.1000     76.047  3.839E-01  8.322E-03
   18.1167     76.256  3.739E-01  8.016E-03
   18.1333     76.466  3.640E-01  7.719E-03
   18.1500     76.675  3.543E-01  7.431E-03
   18.1667     76.885  3.447E-01  7.150E-03
   18.1833     77.094  3.353E-01  6.878E-03
   18.2000     77.304  3.261E-01  6.613E-03
   18.2167     77.513  3.171E-01  6.357E-03
   18.2333     77.723  3.082E-01  6.108E-03
   18.2500     77.932  2.995E-01  5.868E-03
   18.2667     78.141  2.910E-01  5.635E-03
   18.2833     78.351  2.826E-01  5.409E-03
   18.3000     78.560  2.744E-01  5.190E-03
   18.3167     78.769  2.663E-01  4.978E-03
   18.3333     78.978  2.584E-01  4.774E-03
   18.3500     79.187  2.506E-01  4.576E-03
   18.3667     79.397  2.430E-01  4.384E-03
   18.3833     79.606  2.355E-01  4.200E-03
   18.4000     79.815  2.282E-01  4.021E-03
   18.4167     80.024  2.211E-01  3.849E-03
   18.4333     80.233  2.141E-01  3.683E-03
   18.4500     80.442  2.072E-01  3.523E-03
   18.4667     80.651  2.004E-01  3.368E-03
   18.4833     80.860  1.938E-01  3.219E-03
   18.5000     81.069  1.874E-01  3.075E-03
   18.5167     81.277  1.811E-01  2.938E-03
   18.5333     81.486  1.749E-01  2.805E-03
   18.5500     81.695  1.688E-01  2.677E-03
   18.5667     81.903  1.629E-01  2.554E-03
   18.5833     82.112  1.571E-01  2.435E-03
   18.6000     82.321  1.514E-01  2.322E-03
   18.6167     82.529  1.459E-01  2.213E-03
   18.6333     82.737  1.404E-01  2.108E-03
   18.6500     82.946  1.351E-01  2.008E-03
   18.6667     83.154  1.299E-01  1.911E-03
   18.6833     83.363  1.249E-01  1.819E-03
   18.7000     83.571  1.199E-01  1.730E-03
   18.7167     83.778  1.151E-01  1.645E-03
   18.7333     83.987  1.104E-01  1.563E-03
   18.7500     84.195  1.058E-01  1.485E-03
   18.7667     84.403  1.013E-01  1.410E-03
   18.7833     84.611  9.692E-02  1.339E-03
   18.8000     84.818  9.266E-02  1.270E-03
   18.8167     85.026  8.849E-02  1.205E-03
   18.8333     85.234  8.443E-02  1.142E-03
   18.8500     85.442  8.048E-02  1.082E-03
   18.8667     85.649  7.662E-02  1.024E-03
   18.8833     85.857  7.287E-02  9.694E-04
   18.9000     86.064  6.923E-02  9.170E-04
   18.9167     86.271  6.568E-02  8.666E-04
   18.9333     86.478  6.223E-02  8.185E-04
   18.9500     86.686  5.888E-02  7.725E-04
   18.9667     86.893  5.563E-02  7.284E-04
   18.9833     87.100  5.247E-02  6.863E-04
   19.0000     87.306  4.942E-02  6.462E-04
------------------------------------------------------------
