Spectral Irradiance,W m-2 nm-1
values at z =      0.025 km
Columns: wavelength (nm),times (hrs.) or sza (deg.)
    wc,nm     18.000     18.017     18.033     18.050     18.067     18.083     18.100     18.117     18.133     18.150     18.167     18.183     18.200     18.217     18.233     18.250     18.267     18.283     18.300     18.317     18.333     18.350     18.367     18.383     18.400     18.417     18.433     18.450     18.467     18.483     18.500     18.517     18.533     18.550     18.567     18.583     18.600     18.617     18.633     18.650     18.667     18.683     18.700     18.717     18.733     18.750     18.767     18.783     18.800     18.817     18.833     18.850     18.867     18.883     18.900     18.917     18.933     18.950     18.967     18.983     19.000
    sza =      73.576     73.785     73.995     74.203     74.412     74.621     74.831     75.040     75.249     75.457     75.666     75.875     76.084     76.293     76.501     76.709     76.918     77.127     77.335     77.544     77.751     77.960     78.168     78.376     78.585     78.793     79.000     79.208     79.416     79.624     79.832     80.039     80.247     80.454     80.662     80.869     81.077     81.283     81.491     81.698     81.905     82.112     82.319     82.525     82.732     82.939     83.145     83.352     83.557     83.764     83.970     84.176     84.382     84.588     84.794     84.999     85.205     85.411     85.616     85.822     86.026
  280.5000  2.684E-27  2.645E-27  2.605E-27  2.567E-27  2.529E-27  2.492E-27  2.455E-27  2.419E-27  2.384E-27  2.349E-27  2.315E-27  2.281E-27  2.248E-27  2.215E-27  2.182E-27  2.150E-27  2.119E-27  2.087E-27  2.057E-27  2.026E-27  1.996E-27  1.966E-27  1.937E-27  1.908E-27  1.879E-27  1.850E-27  1.822E-27  1.794E-27  1.766E-27  1.739E-27  1.712E-27  1.685E-27  1.658E-27  1.631E-27  1.605E-27  1.578E-27  1.552E-27  1.526E-27  1.500E-27  1.475E-27  1.449E-27  1.424E-27  1.398E-27  1.373E-27  1.348E-27  1.323E-27  1.298E-27  1.273E-27  1.248E-27  1.223E-27  1.199E-27  1.174E-27  1.149E-27  1.124E-27  1.099E-27  1.074E-27  1.050E-27  1.025E-27  9.995E-28  9.744E-28  9.493E-28
  281.5000  7.634E-25  7.518E-25  7.405E-25  7.294E-25  7.184E-25  7.077E-25  6.971E-25  6.867E-25  6.765E-25  6.665E-25  6.566E-25  6.468E-25  6.372E-25  6.277E-25  6.184E-25  6.092E-25  6.001E-25  5.911E-25  5.823E-25  5.735E-25  5.649E-25  5.564E-25  5.479E-25  5.396E-25  5.313E-25  5.232E-25  5.151E-25  5.071E-25  4.992E-25  4.913E-25  4.835E-25  4.758E-25  4.682E-25  4.606E-25  4.530E-25  4.456E-25  4.381E-25  4.308E-25  4.234E-25  4.161E-25  4.089E-25  4.016E-25  3.944E-25  3.873E-25  3.802E-25  3.731E-25  3.660E-25  3.589E-25  3.519E-25  3.448E-25  3.378E-25  3.308E-25  3.238E-25  3.168E-25  3.098E-25  3.027E-25  2.957E-25  2.887E-25  2.816E-25  2.745E-25  2.674E-25
  282.5000  6.719E-23  6.615E-23  6.514E-23  6.414E-23  6.316E-23  6.220E-23  6.125E-23  6.032E-23  5.941E-23  5.851E-23  5.763E-23  5.676E-23  5.590E-23  5.506E-23  5.423E-23  5.341E-23  5.260E-23  5.181E-23  5.102E-23  5.024E-23  4.948E-23  4.872E-23  4.797E-23  4.723E-23  4.650E-23  4.578E-23  4.506E-23  4.436E-23  4.365E-23  4.296E-23  4.227E-23  4.159E-23  4.092E-23  4.025E-23  3.958E-23  3.892E-23  3.827E-23  3.762E-23  3.697E-23  3.633E-23  3.569E-23  3.505E-23  3.442E-23  3.379E-23  3.317E-23  3.254E-23  3.192E-23  3.130E-23  3.069E-23  3.007E-23  2.945E-23  2.884E-23  2.823E-23  2.761E-23  2.700E-23  2.639E-23  2.577E-23  2.516E-23  2.454E-23  2.392E-23  2.331E-23
  283.5000  1.112E-21  1.095E-21  1.078E-21  1.061E-21  1.045E-21  1.028E-21  1.013E-21  9.971E-22  9.818E-22  9.668E-22  9.520E-22  9.375E-22  9.232E-22  9.091E-22  8.952E-22  8.816E-22  8.681E-22  8.548E-22  8.417E-22  8.287E-22  8.160E-22  8.034E-22  7.909E-22  7.786E-22  7.665E-22  7.544E-22  7.426E-22  7.308E-22  7.191E-22  7.076E-22  6.962E-22  6.849E-22  6.737E-22  6.626E-22  6.515E-22  6.406E-22  6.297E-22  6.190E-22  6.083E-22  5.977E-22  5.871E-22  5.766E-22  5.661E-22  5.558E-22  5.454E-22  5.351E-22  5.248E-22  5.146E-22  5.044E-22  4.942E-22  4.841E-22  4.739E-22  4.638E-22  4.537E-22  4.436E-22  4.335E-22  4.234E-22  4.133E-22  4.031E-22  3.930E-22  3.828E-22
  284.5000  1.140E-19  1.122E-19  1.104E-19  1.086E-19  1.069E-19  1.052E-19  1.035E-19  1.019E-19  1.003E-19  9.873E-20  9.718E-20  9.566E-20  9.416E-20  9.269E-20  9.124E-20  8.981E-20  8.841E-20  8.702E-20  8.566E-20  8.431E-20  8.299E-20  8.168E-20  8.039E-20  7.911E-20  7.785E-20  7.660E-20  7.538E-20  7.416E-20  7.296E-20  7.177E-20  7.059E-20  6.943E-20  6.827E-20  6.713E-20  6.599E-20  6.487E-20  6.375E-20  6.265E-20  6.155E-20  6.046E-20  5.938E-20  5.830E-20  5.723E-20  5.617E-20  5.511E-20  5.406E-20  5.301E-20  5.197E-20  5.093E-20  4.990E-20  4.886E-20  4.783E-20  4.680E-20  4.578E-20  4.475E-20  4.373E-20  4.270E-20  4.168E-20  4.065E-20  3.962E-20  3.860E-20
  285.5000  2.206E-18  2.169E-18  2.133E-18  2.098E-18  2.064E-18  2.030E-18  1.997E-18  1.965E-18  1.933E-18  1.902E-18  1.872E-18  1.842E-18  1.812E-18  1.783E-18  1.755E-18  1.727E-18  1.699E-18  1.672E-18  1.645E-18  1.619E-18  1.593E-18  1.567E-18  1.542E-18  1.517E-18  1.493E-18  1.468E-18  1.444E-18  1.421E-18  1.397E-18  1.374E-18  1.351E-18  1.329E-18  1.306E-18  1.284E-18  1.262E-18  1.240E-18  1.219E-18  1.197E-18  1.176E-18  1.155E-18  1.134E-18  1.113E-18  1.092E-18  1.072E-18  1.052E-18  1.031E-18  1.011E-18  9.910E-19  9.711E-19  9.511E-19  9.313E-19  9.115E-19  8.917E-19  8.720E-19  8.524E-19  8.327E-19  8.131E-19  7.935E-19  7.738E-19  7.542E-19  7.346E-19
  286.5000  9.726E-17  9.561E-17  9.400E-17  9.242E-17  9.088E-17  8.936E-17  8.788E-17  8.642E-17  8.500E-17  8.361E-17  8.223E-17  8.089E-17  7.957E-17  7.827E-17  7.699E-17  7.574E-17  7.451E-17  7.329E-17  7.210E-17  7.092E-17  6.977E-17  6.862E-17  6.750E-17  6.639E-17  6.529E-17  6.422E-17  6.315E-17  6.210E-17  6.106E-17  6.003E-17  5.902E-17  5.802E-17  5.702E-17  5.604E-17  5.507E-17  5.410E-17  5.315E-17  5.221E-17  5.127E-17  5.034E-17  4.941E-17  4.850E-17  4.759E-17  4.669E-17  4.579E-17  4.490E-17  4.401E-17  4.313E-17  4.225E-17  4.138E-17  4.051E-17  3.964E-17  3.878E-17  3.791E-17  3.705E-17  3.619E-17  3.534E-17  3.448E-17  3.362E-17  3.276E-17  3.191E-17
  287.5000  2.428E-15  2.386E-15  2.344E-15  2.304E-15  2.264E-15  2.225E-15  2.187E-15  2.150E-15  2.114E-15  2.078E-15  2.043E-15  2.008E-15  1.975E-15  1.942E-15  1.909E-15  1.877E-15  1.846E-15  1.815E-15  1.785E-15  1.755E-15  1.726E-15  1.697E-15  1.668E-15  1.640E-15  1.613E-15  1.585E-15  1.559E-15  1.532E-15  1.506E-15  1.480E-15  1.455E-15  1.429E-15  1.404E-15  1.380E-15  1.355E-15  1.331E-15  1.307E-15  1.284E-15  1.260E-15  1.237E-15  1.214E-15  1.191E-15  1.169E-15  1.146E-15  1.124E-15  1.102E-15  1.080E-15  1.058E-15  1.036E-15  1.014E-15  9.928E-16  9.713E-16  9.499E-16  9.285E-16  9.073E-16  8.861E-16  8.649E-16  8.437E-16  8.226E-16  8.015E-16  7.804E-16
  288.5000  6.118E-14  6.007E-14  5.898E-14  5.792E-14  5.688E-14  5.586E-14  5.487E-14  5.390E-14  5.295E-14  5.202E-14  5.111E-14  5.022E-14  4.935E-14  4.849E-14  4.765E-14  4.683E-14  4.602E-14  4.522E-14  4.444E-14  4.368E-14  4.292E-14  4.218E-14  4.145E-14  4.073E-14  4.003E-14  3.933E-14  3.865E-14  3.797E-14  3.731E-14  3.665E-14  3.600E-14  3.536E-14  3.473E-14  3.410E-14  3.349E-14  3.288E-14  3.227E-14  3.168E-14  3.109E-14  3.050E-14  2.992E-14  2.935E-14  2.878E-14  2.822E-14  2.766E-14  2.710E-14  2.655E-14  2.600E-14  2.546E-14  2.492E-14  2.438E-14  2.384E-14  2.331E-14  2.278E-14  2.225E-14  2.172E-14  2.120E-14  2.067E-14  2.015E-14  1.963E-14  1.911E-14
  289.5000  1.076E-12  1.055E-12  1.036E-12  1.016E-12  9.974E-13  9.790E-13  9.611E-13  9.435E-13  9.264E-13  9.096E-13  8.932E-13  8.771E-13  8.614E-13  8.460E-13  8.309E-13  8.161E-13  8.016E-13  7.874E-13  7.734E-13  7.597E-13  7.462E-13  7.330E-13  7.200E-13  7.072E-13  6.946E-13  6.822E-13  6.700E-13  6.580E-13  6.462E-13  6.346E-13  6.231E-13  6.118E-13  6.006E-13  5.895E-13  5.786E-13  5.679E-13  5.572E-13  5.468E-13  5.364E-13  5.261E-13  5.159E-13  5.058E-13  4.959E-13  4.860E-13  4.762E-13  4.665E-13  4.568E-13  4.472E-13  4.378E-13  4.283E-13  4.189E-13  4.096E-13  4.003E-13  3.911E-13  3.819E-13  3.728E-13  3.637E-13  3.546E-13  3.455E-13  3.365E-13  3.275E-13
  290.5000  1.155E-11  1.132E-11  1.110E-11  1.089E-11  1.068E-11  1.048E-11  1.028E-11  1.009E-11  9.896E-12  9.711E-12  9.531E-12  9.354E-12  9.181E-12  9.011E-12  8.846E-12  8.684E-12  8.525E-12  8.369E-12  8.216E-12  8.066E-12  7.920E-12  7.775E-12  7.633E-12  7.494E-12  7.357E-12  7.223E-12  7.091E-12  6.961E-12  6.832E-12  6.706E-12  6.582E-12  6.460E-12  6.339E-12  6.220E-12  6.102E-12  5.987E-12  5.872E-12  5.759E-12  5.648E-12  5.537E-12  5.428E-12  5.320E-12  5.213E-12  5.108E-12  5.003E-12  4.899E-12  4.796E-12  4.694E-12  4.593E-12  4.493E-12  4.393E-12  4.294E-12  4.195E-12  4.097E-12  4.000E-12  3.903E-12  3.806E-12  3.710E-12  3.614E-12  3.518E-12  3.423E-12
  291.5000  1.129E-10  1.106E-10  1.084E-10  1.062E-10  1.041E-10  1.020E-10  9.998E-11  9.801E-11  9.609E-11  9.422E-11  9.239E-11  9.060E-11  8.886E-11  8.715E-11  8.548E-11  8.385E-11  8.226E-11  8.069E-11  7.916E-11  7.766E-11  7.619E-11  7.475E-11  7.334E-11  7.195E-11  7.059E-11  6.925E-11  6.794E-11  6.665E-11  6.538E-11  6.413E-11  6.290E-11  6.169E-11  6.050E-11  5.933E-11  5.818E-11  5.704E-11  5.592E-11  5.481E-11  5.372E-11  5.264E-11  5.157E-11  5.052E-11  4.948E-11  4.845E-11  4.743E-11  4.643E-11  4.543E-11  4.444E-11  4.346E-11  4.249E-11  4.153E-11  4.057E-11  3.962E-11  3.868E-11  3.775E-11  3.681E-11  3.589E-11  3.497E-11  3.405E-11  3.313E-11  3.223E-11
  292.5000  6.929E-10  6.780E-10  6.636E-10  6.497E-10  6.361E-10  6.229E-10  6.100E-10  5.975E-10  5.853E-10  5.734E-10  5.618E-10  5.505E-10  5.395E-10  5.287E-10  5.181E-10  5.079E-10  4.978E-10  4.880E-10  4.784E-10  4.690E-10  4.598E-10  4.508E-10  4.419E-10  4.333E-10  4.248E-10  4.164E-10  4.083E-10  4.003E-10  3.924E-10  3.846E-10  3.770E-10  3.696E-10  3.622E-10  3.550E-10  3.479E-10  3.408E-10  3.339E-10  3.272E-10  3.204E-10  3.138E-10  3.073E-10  3.009E-10  2.945E-10  2.882E-10  2.820E-10  2.759E-10  2.698E-10  2.638E-10  2.579E-10  2.520E-10  2.462E-10  2.404E-10  2.347E-10  2.290E-10  2.233E-10  2.177E-10  2.122E-10  2.066E-10  2.011E-10  1.956E-10  1.902E-10
  293.5000  4.906E-09  4.795E-09  4.687E-09  4.584E-09  4.483E-09  4.385E-09  4.289E-09  4.197E-09  4.107E-09  4.020E-09  3.935E-09  3.852E-09  3.771E-09  3.692E-09  3.615E-09  3.540E-09  3.467E-09  3.396E-09  3.326E-09  3.258E-09  3.191E-09  3.126E-09  3.062E-09  2.999E-09  2.938E-09  2.878E-09  2.820E-09  2.762E-09  2.706E-09  2.650E-09  2.596E-09  2.543E-09  2.490E-09  2.439E-09  2.388E-09  2.338E-09  2.289E-09  2.241E-09  2.193E-09  2.147E-09  2.101E-09  2.055E-09  2.011E-09  1.966E-09  1.923E-09  1.880E-09  1.837E-09  1.795E-09  1.754E-09  1.713E-09  1.672E-09  1.632E-09  1.592E-09  1.553E-09  1.514E-09  1.475E-09  1.436E-09  1.398E-09  1.360E-09  1.322E-09  1.285E-09
  294.5000  1.914E-08  1.868E-08  1.824E-08  1.781E-08  1.740E-08  1.700E-08  1.661E-08  1.624E-08  1.587E-08  1.552E-08  1.518E-08  1.484E-08  1.452E-08  1.420E-08  1.389E-08  1.360E-08  1.330E-08  1.302E-08  1.274E-08  1.247E-08  1.220E-08  1.194E-08  1.169E-08  1.144E-08  1.120E-08  1.096E-08  1.073E-08  1.051E-08  1.028E-08  1.006E-08  9.851E-09  9.642E-09  9.436E-09  9.234E-09  9.036E-09  8.841E-09  8.650E-09  8.463E-09  8.278E-09  8.096E-09  7.917E-09  7.741E-09  7.567E-09  7.397E-09  7.229E-09  7.062E-09  6.898E-09  6.737E-09  6.577E-09  6.420E-09  6.264E-09  6.109E-09  5.957E-09  5.806E-09  5.657E-09  5.509E-09  5.362E-09  5.217E-09  5.072E-09  4.929E-09  4.787E-09
  295.5000  1.059E-07  1.031E-07  1.004E-07  9.791E-08  9.546E-08  9.310E-08  9.082E-08  8.863E-08  8.651E-08  8.446E-08  8.247E-08  8.055E-08  7.868E-08  7.687E-08  7.511E-08  7.340E-08  7.174E-08  7.012E-08  6.854E-08  6.700E-08  6.551E-08  6.405E-08  6.263E-08  6.123E-08  5.988E-08  5.855E-08  5.726E-08  5.599E-08  5.475E-08  5.354E-08  5.235E-08  5.119E-08  5.005E-08  4.893E-08  4.784E-08  4.676E-08  4.571E-08  4.468E-08  4.366E-08  4.266E-08  4.168E-08  4.072E-08  3.977E-08  3.885E-08  3.793E-08  3.702E-08  3.614E-08  3.526E-08  3.440E-08  3.355E-08  3.270E-08  3.187E-08  3.105E-08  3.024E-08  2.945E-08  2.865E-08  2.787E-08  2.709E-08  2.633E-08  2.556E-08  2.481E-08
  296.5000  3.668E-07  3.563E-07  3.462E-07  3.366E-07  3.274E-07  3.186E-07  3.102E-07  3.021E-07  2.943E-07  2.868E-07  2.796E-07  2.726E-07  2.659E-07  2.594E-07  2.531E-07  2.470E-07  2.411E-07  2.353E-07  2.297E-07  2.243E-07  2.190E-07  2.139E-07  2.089E-07  2.040E-07  1.993E-07  1.947E-07  1.902E-07  1.858E-07  1.815E-07  1.773E-07  1.732E-07  1.692E-07  1.652E-07  1.614E-07  1.576E-07  1.539E-07  1.503E-07  1.468E-07  1.433E-07  1.399E-07  1.366E-07  1.333E-07  1.301E-07  1.269E-07  1.238E-07  1.208E-07  1.178E-07  1.148E-07  1.119E-07  1.090E-07  1.062E-07  1.034E-07  1.007E-07  9.797E-08  9.531E-08  9.267E-08  9.006E-08  8.749E-08  8.494E-08  8.242E-08  7.993E-08
  297.5000  1.328E-06  1.285E-06  1.245E-06  1.206E-06  1.170E-06  1.135E-06  1.102E-06  1.070E-06  1.040E-06  1.011E-06  9.834E-07  9.567E-07  9.312E-07  9.066E-07  8.829E-07  8.601E-07  8.380E-07  8.167E-07  7.961E-07  7.761E-07  7.569E-07  7.381E-07  7.199E-07  7.022E-07  6.850E-07  6.683E-07  6.520E-07  6.362E-07  6.207E-07  6.056E-07  5.909E-07  5.766E-07  5.626E-07  5.489E-07  5.355E-07  5.224E-07  5.096E-07  4.972E-07  4.849E-07  4.729E-07  4.611E-07  4.496E-07  4.383E-07  4.272E-07  4.164E-07  4.057E-07  3.952E-07  3.849E-07  3.748E-07  3.649E-07  3.551E-07  3.455E-07  3.360E-07  3.266E-07  3.175E-07  3.084E-07  2.995E-07  2.906E-07  2.819E-07  2.733E-07  2.649E-07
  298.5000  2.811E-06  2.710E-06  2.615E-06  2.525E-06  2.440E-06  2.359E-06  2.283E-06  2.210E-06  2.141E-06  2.076E-06  2.013E-06  1.953E-06  1.896E-06  1.842E-06  1.789E-06  1.739E-06  1.691E-06  1.645E-06  1.600E-06  1.557E-06  1.516E-06  1.476E-06  1.437E-06  1.400E-06  1.363E-06  1.328E-06  1.294E-06  1.261E-06  1.229E-06  1.197E-06  1.167E-06  1.137E-06  1.108E-06  1.080E-06  1.053E-06  1.026E-06  9.994E-07  9.739E-07  9.488E-07  9.243E-07  9.004E-07  8.769E-07  8.540E-07  8.316E-07  8.096E-07  7.880E-07  7.668E-07  7.461E-07  7.258E-07  7.058E-07  6.862E-07  6.669E-07  6.480E-07  6.293E-07  6.111E-07  5.930E-07  5.753E-07  5.578E-07  5.406E-07  5.236E-07  5.069E-07
  299.5000  1.127E-05  1.082E-05  1.039E-05  9.993E-06  9.615E-06  9.258E-06  8.921E-06  8.603E-06  8.301E-06  8.016E-06  7.745E-06  7.488E-06  7.244E-06  7.012E-06  6.791E-06  6.581E-06  6.379E-06  6.187E-06  6.003E-06  5.827E-06  5.658E-06  5.496E-06  5.340E-06  5.189E-06  5.044E-06  4.904E-06  4.770E-06  4.639E-06  4.513E-06  4.390E-06  4.271E-06  4.156E-06  4.044E-06  3.936E-06  3.830E-06  3.727E-06  3.626E-06  3.529E-06  3.434E-06  3.341E-06  3.250E-06  3.161E-06  3.074E-06  2.990E-06  2.907E-06  2.826E-06  2.747E-06  2.669E-06  2.594E-06  2.519E-06  2.446E-06  2.375E-06  2.304E-06  2.235E-06  2.168E-06  2.102E-06  2.036E-06  1.972E-06  1.909E-06  1.847E-06  1.786E-06
  300.5000  1.719E-05  1.646E-05  1.576E-05  1.510E-05  1.448E-05  1.390E-05  1.335E-05  1.282E-05  1.233E-05  1.187E-05  1.143E-05  1.101E-05  1.061E-05  1.024E-05  9.885E-06  9.549E-06  9.229E-06  8.924E-06  8.634E-06  8.357E-06  8.094E-06  7.842E-06  7.601E-06  7.369E-06  7.148E-06  6.935E-06  6.731E-06  6.534E-06  6.344E-06  6.161E-06  5.984E-06  5.813E-06  5.648E-06  5.487E-06  5.332E-06  5.181E-06  5.035E-06  4.893E-06  4.754E-06  4.620E-06  4.488E-06  4.361E-06  4.236E-06  4.115E-06  3.996E-06  3.880E-06  3.767E-06  3.656E-06  3.548E-06  3.442E-06  3.339E-06  3.238E-06  3.138E-06  3.041E-06  2.946E-06  2.852E-06  2.761E-06  2.671E-06  2.582E-06  2.496E-06  2.411E-06
  301.5000  6.063E-05  5.787E-05  5.526E-05  5.279E-05  5.046E-05  4.825E-05  4.616E-05  4.419E-05  4.232E-05  4.057E-05  3.890E-05  3.732E-05  3.583E-05  3.442E-05  3.309E-05  3.183E-05  3.064E-05  2.950E-05  2.843E-05  2.741E-05  2.644E-05  2.552E-05  2.464E-05  2.381E-05  2.301E-05  2.225E-05  2.153E-05  2.083E-05  2.017E-05  1.953E-05  1.892E-05  1.833E-05  1.777E-05  1.722E-05  1.670E-05  1.619E-05  1.570E-05  1.522E-05  1.476E-05  1.432E-05  1.389E-05  1.347E-05  1.306E-05  1.266E-05  1.228E-05  1.190E-05  1.154E-05  1.118E-05  1.083E-05  1.049E-05  1.016E-05  9.837E-06  9.520E-06  9.211E-06  8.909E-06  8.613E-06  8.324E-06  8.040E-06  7.762E-06  7.490E-06  7.225E-06
  302.5000  1.131E-04  1.078E-04  1.028E-04  9.811E-05  9.363E-05  8.938E-05  8.535E-05  8.154E-05  7.793E-05  7.452E-05  7.128E-05  6.821E-05  6.531E-05  6.257E-05  5.997E-05  5.752E-05  5.519E-05  5.299E-05  5.090E-05  4.893E-05  4.706E-05  4.528E-05  4.360E-05  4.199E-05  4.047E-05  3.902E-05  3.765E-05  3.634E-05  3.509E-05  3.389E-05  3.275E-05  3.166E-05  3.061E-05  2.961E-05  2.864E-05  2.772E-05  2.683E-05  2.597E-05  2.514E-05  2.434E-05  2.357E-05  2.282E-05  2.210E-05  2.139E-05  2.071E-05  2.005E-05  1.941E-05  1.878E-05  1.818E-05  1.758E-05  1.701E-05  1.644E-05  1.590E-05  1.536E-05  1.484E-05  1.433E-05  1.383E-05  1.334E-05  1.287E-05  1.240E-05  1.195E-05
  303.5000  3.206E-04  3.057E-04  2.916E-04  2.781E-04  2.652E-04  2.530E-04  2.413E-04  2.302E-04  2.197E-04  2.097E-04  2.001E-04  1.911E-04  1.825E-04  1.744E-04  1.666E-04  1.593E-04  1.524E-04  1.458E-04  1.395E-04  1.336E-04  1.280E-04  1.227E-04  1.177E-04  1.129E-04  1.084E-04  1.041E-04  1.000E-04  9.615E-05  9.247E-05  8.898E-05  8.566E-05  8.250E-05  7.949E-05  7.661E-05  7.386E-05  7.124E-05  6.873E-05  6.633E-05  6.403E-05  6.182E-05  5.969E-05  5.764E-05  5.567E-05  5.378E-05  5.195E-05  5.017E-05  4.846E-05  4.680E-05  4.520E-05  4.364E-05  4.212E-05  4.065E-05  3.922E-05  3.783E-05  3.648E-05  3.516E-05  3.388E-05  3.262E-05  3.140E-05  3.021E-05  2.905E-05
  304.5000  4.764E-04  4.546E-04  4.338E-04  4.140E-04  3.950E-04  3.768E-04  3.594E-04  3.429E-04  3.271E-04  3.121E-04  2.977E-04  2.841E-04  2.711E-04  2.587E-04  2.469E-04  2.358E-04  2.252E-04  2.151E-04  2.055E-04  1.964E-04  1.878E-04  1.797E-04  1.719E-04  1.646E-04  1.576E-04  1.510E-04  1.447E-04  1.388E-04  1.331E-04  1.278E-04  1.227E-04  1.179E-04  1.133E-04  1.089E-04  1.048E-04  1.008E-04  9.701E-05  9.341E-05  8.997E-05  8.667E-05  8.352E-05  8.049E-05  7.759E-05  7.481E-05  7.213E-05  6.955E-05  6.706E-05  6.466E-05  6.235E-05  6.011E-05  5.794E-05  5.584E-05  5.380E-05  5.182E-05  4.991E-05  4.804E-05  4.623E-05  4.446E-05  4.275E-05  4.107E-05  3.945E-05
  305.5000  1.016E-03  9.714E-04  9.288E-04  8.880E-04  8.486E-04  8.108E-04  7.744E-04  7.396E-04  7.061E-04  6.742E-04  6.434E-04  6.140E-04  5.859E-04  5.590E-04  5.333E-04  5.088E-04  4.854E-04  4.631E-04  4.418E-04  4.215E-04  4.022E-04  3.838E-04  3.663E-04  3.496E-04  3.338E-04  3.188E-04  3.045E-04  2.910E-04  2.781E-04  2.658E-04  2.542E-04  2.432E-04  2.328E-04  2.229E-04  2.134E-04  2.045E-04  1.960E-04  1.879E-04  1.802E-04  1.729E-04  1.659E-04  1.593E-04  1.529E-04  1.469E-04  1.411E-04  1.356E-04  1.303E-04  1.252E-04  1.203E-04  1.156E-04  1.111E-04  1.068E-04  1.026E-04  9.855E-05  9.466E-05  9.088E-05  8.723E-05  8.370E-05  8.027E-05  7.694E-05  7.372E-05
  306.5000  1.309E-03  1.254E-03  1.200E-03  1.149E-03  1.099E-03  1.051E-03  1.005E-03  9.605E-04  9.178E-04  8.769E-04  8.375E-04  7.997E-04  7.634E-04  7.286E-04  6.953E-04  6.635E-04  6.329E-04  6.038E-04  5.759E-04  5.492E-04  5.239E-04  4.996E-04  4.765E-04  4.545E-04  4.335E-04  4.135E-04  3.946E-04  3.765E-04  3.594E-04  3.430E-04  3.275E-04  3.129E-04  2.989E-04  2.856E-04  2.730E-04  2.610E-04  2.497E-04  2.389E-04  2.287E-04  2.189E-04  2.097E-04  2.009E-04  1.925E-04  1.845E-04  1.769E-04  1.696E-04  1.627E-04  1.561E-04  1.497E-04  1.437E-04  1.378E-04  1.322E-04  1.268E-04  1.217E-04  1.167E-04  1.119E-04  1.072E-04  1.028E-04  9.843E-05  9.424E-05  9.019E-05
  307.5000  2.871E-03  2.758E-03  2.649E-03  2.543E-03  2.440E-03  2.340E-03  2.244E-03  2.150E-03  2.060E-03  1.973E-03  1.889E-03  1.807E-03  1.729E-03  1.653E-03  1.580E-03  1.510E-03  1.442E-03  1.377E-03  1.315E-03  1.255E-03  1.197E-03  1.142E-03  1.089E-03  1.039E-03  9.901E-04  9.437E-04  8.995E-04  8.571E-04  8.167E-04  7.781E-04  7.413E-04  7.063E-04  6.729E-04  6.411E-04  6.109E-04  5.821E-04  5.548E-04  5.289E-04  5.042E-04  4.807E-04  4.584E-04  4.373E-04  4.172E-04  3.981E-04  3.800E-04  3.627E-04  3.463E-04  3.307E-04  3.159E-04  3.018E-04  2.883E-04  2.755E-04  2.632E-04  2.515E-04  2.403E-04  2.295E-04  2.192E-04  2.093E-04  1.998E-04  1.906E-04  1.819E-04
  308.5000  3.781E-03  3.637E-03  3.498E-03  3.363E-03  3.231E-03  3.103E-03  2.979E-03  2.858E-03  2.742E-03  2.629E-03  2.520E-03  2.414E-03  2.311E-03  2.212E-03  2.117E-03  2.025E-03  1.936E-03  1.850E-03  1.768E-03  1.688E-03  1.612E-03  1.538E-03  1.468E-03  1.400E-03  1.335E-03  1.272E-03  1.213E-03  1.156E-03  1.101E-03  1.049E-03  9.985E-04  9.509E-04  9.054E-04  8.620E-04  8.206E-04  7.812E-04  7.437E-04  7.082E-04  6.742E-04  6.420E-04  6.113E-04  5.822E-04  5.545E-04  5.283E-04  5.033E-04  4.796E-04  4.571E-04  4.357E-04  4.155E-04  3.961E-04  3.777E-04  3.602E-04  3.435E-04  3.276E-04  3.125E-04  2.980E-04  2.841E-04  2.708E-04  2.581E-04  2.459E-04  2.343E-04
  309.5000  4.439E-03  4.282E-03  4.129E-03  3.980E-03  3.834E-03  3.692E-03  3.554E-03  3.419E-03  3.288E-03  3.161E-03  3.037E-03  2.916E-03  2.799E-03  2.686E-03  2.576E-03  2.469E-03  2.366E-03  2.266E-03  2.169E-03  2.075E-03  1.985E-03  1.898E-03  1.813E-03  1.732E-03  1.653E-03  1.578E-03  1.505E-03  1.435E-03  1.368E-03  1.304E-03  1.242E-03  1.182E-03  1.126E-03  1.071E-03  1.019E-03  9.692E-04  9.216E-04  8.763E-04  8.330E-04  7.917E-04  7.523E-04  7.148E-04  6.792E-04  6.453E-04  6.131E-04  5.824E-04  5.533E-04  5.257E-04  4.995E-04  4.745E-04  4.509E-04  4.284E-04  4.070E-04  3.867E-04  3.675E-04  3.491E-04  3.317E-04  3.150E-04  2.992E-04  2.841E-04  2.697E-04
  310.5000  7.438E-03  7.190E-03  6.947E-03  6.711E-03  6.479E-03  6.252E-03  6.031E-03  5.815E-03  5.604E-03  5.398E-03  5.198E-03  5.002E-03  4.811E-03  4.626E-03  4.445E-03  4.270E-03  4.099E-03  3.933E-03  3.772E-03  3.616E-03  3.465E-03  3.318E-03  3.176E-03  3.038E-03  2.905E-03  2.776E-03  2.652E-03  2.532E-03  2.416E-03  2.305E-03  2.197E-03  2.094E-03  1.994E-03  1.899E-03  1.807E-03  1.719E-03  1.635E-03  1.554E-03  1.477E-03  1.403E-03  1.332E-03  1.264E-03  1.200E-03  1.139E-03  1.080E-03  1.025E-03  9.715E-04  9.211E-04  8.734E-04  8.278E-04  7.846E-04  7.435E-04  7.046E-04  6.676E-04  6.326E-04  5.993E-04  5.676E-04  5.376E-04  5.090E-04  4.819E-04  4.561E-04
  311.5000  1.098E-02  1.063E-02  1.029E-02  9.952E-03  9.623E-03  9.300E-03  8.984E-03  8.674E-03  8.372E-03  8.077E-03  7.788E-03  7.506E-03  7.231E-03  6.963E-03  6.701E-03  6.446E-03  6.197E-03  5.955E-03  5.719E-03  5.490E-03  5.268E-03  5.051E-03  4.841E-03  4.637E-03  4.439E-03  4.248E-03  4.063E-03  3.883E-03  3.709E-03  3.541E-03  3.379E-03  3.223E-03  3.072E-03  2.927E-03  2.787E-03  2.653E-03  2.523E-03  2.400E-03  2.281E-03  2.166E-03  2.057E-03  1.952E-03  1.852E-03  1.757E-03  1.665E-03  1.578E-03  1.495E-03  1.416E-03  1.341E-03  1.270E-03  1.201E-03  1.137E-03  1.075E-03  1.017E-03  9.619E-04  9.094E-04  8.596E-04  8.124E-04  7.676E-04  7.251E-04  6.848E-04
  312.5000  1.374E-02  1.334E-02  1.295E-02  1.256E-02  1.218E-02  1.181E-02  1.144E-02  1.108E-02  1.072E-02  1.038E-02  1.003E-02  9.701E-03  9.373E-03  9.053E-03  8.739E-03  8.432E-03  8.132E-03  7.838E-03  7.551E-03  7.270E-03  6.997E-03  6.730E-03  6.469E-03  6.215E-03  5.967E-03  5.726E-03  5.492E-03  5.264E-03  5.042E-03  4.826E-03  4.617E-03  4.415E-03  4.218E-03  4.028E-03  3.844E-03  3.665E-03  3.493E-03  3.327E-03  3.167E-03  3.012E-03  2.863E-03  2.720E-03  2.582E-03  2.450E-03  2.323E-03  2.201E-03  2.085E-03  1.973E-03  1.867E-03  1.765E-03  1.668E-03  1.575E-03  1.487E-03  1.403E-03  1.323E-03  1.247E-03  1.175E-03  1.107E-03  1.042E-03  9.803E-04  9.222E-04
  313.5000  1.653E-02  1.606E-02  1.560E-02  1.514E-02  1.469E-02  1.425E-02  1.381E-02  1.339E-02  1.297E-02  1.256E-02  1.215E-02  1.176E-02  1.137E-02  1.099E-02  1.061E-02  1.025E-02  9.891E-03  9.541E-03  9.198E-03  8.863E-03  8.536E-03  8.216E-03  7.904E-03  7.599E-03  7.301E-03  7.011E-03  6.730E-03  6.455E-03  6.187E-03  5.927E-03  5.674E-03  5.429E-03  5.191E-03  4.960E-03  4.736E-03  4.519E-03  4.309E-03  4.106E-03  3.910E-03  3.721E-03  3.539E-03  3.363E-03  3.194E-03  3.031E-03  2.875E-03  2.725E-03  2.581E-03  2.443E-03  2.311E-03  2.185E-03  2.064E-03  1.949E-03  1.839E-03  1.735E-03  1.636E-03  1.541E-03  1.451E-03  1.366E-03  1.285E-03  1.208E-03  1.136E-03
  314.5000  2.049E-02  1.996E-02  1.943E-02  1.891E-02  1.840E-02  1.789E-02  1.739E-02  1.690E-02  1.642E-02  1.594E-02  1.548E-02  1.501E-02  1.456E-02  1.411E-02  1.368E-02  1.325E-02  1.282E-02  1.240E-02  1.200E-02  1.159E-02  1.120E-02  1.082E-02  1.044E-02  1.007E-02  9.704E-03  9.349E-03  9.002E-03  8.662E-03  8.329E-03  8.004E-03  7.687E-03  7.379E-03  7.077E-03  6.782E-03  6.496E-03  6.217E-03  5.945E-03  5.682E-03  5.426E-03  5.177E-03  4.936E-03  4.702E-03  4.476E-03  4.257E-03  4.046E-03  3.841E-03  3.644E-03  3.454E-03  3.272E-03  3.096E-03  2.927E-03  2.765E-03  2.609E-03  2.460E-03  2.318E-03  2.182E-03  2.053E-03  1.929E-03  1.811E-03  1.699E-03  1.593E-03
  315.5000  2.193E-02  2.137E-02  2.081E-02  2.026E-02  1.972E-02  1.919E-02  1.866E-02  1.814E-02  1.763E-02  1.713E-02  1.663E-02  1.614E-02  1.566E-02  1.519E-02  1.473E-02  1.427E-02  1.382E-02  1.338E-02  1.294E-02  1.252E-02  1.210E-02  1.169E-02  1.129E-02  1.089E-02  1.050E-02  1.012E-02  9.753E-03  9.389E-03  9.034E-03  8.686E-03  8.347E-03  8.016E-03  7.692E-03  7.376E-03  7.068E-03  6.768E-03  6.476E-03  6.193E-03  5.917E-03  5.648E-03  5.388E-03  5.135E-03  4.890E-03  4.654E-03  4.424E-03  4.203E-03  3.989E-03  3.782E-03  3.584E-03  3.392E-03  3.208E-03  3.031E-03  2.861E-03  2.699E-03  2.543E-03  2.394E-03  2.252E-03  2.116E-03  1.987E-03  1.864E-03  1.747E-03
  316.5000  2.583E-02  2.521E-02  2.461E-02  2.401E-02  2.342E-02  2.284E-02  2.226E-02  2.169E-02  2.113E-02  2.058E-02  2.003E-02  1.949E-02  1.895E-02  1.842E-02  1.790E-02  1.739E-02  1.689E-02  1.639E-02  1.590E-02  1.542E-02  1.494E-02  1.448E-02  1.402E-02  1.356E-02  1.312E-02  1.268E-02  1.225E-02  1.183E-02  1.142E-02  1.101E-02  1.061E-02  1.022E-02  9.839E-03  9.464E-03  9.097E-03  8.737E-03  8.386E-03  8.044E-03  7.709E-03  7.381E-03  7.062E-03  6.751E-03  6.448E-03  6.154E-03  5.868E-03  5.589E-03  5.319E-03  5.057E-03  4.803E-03  4.557E-03  4.319E-03  4.089E-03  3.868E-03  3.654E-03  3.449E-03  3.251E-03  3.061E-03  2.878E-03  2.704E-03  2.536E-03  2.377E-03
  317.5000  3.657E-02  3.570E-02  3.485E-02  3.400E-02  3.316E-02  3.234E-02  3.152E-02  3.071E-02  2.991E-02  2.913E-02  2.835E-02  2.758E-02  2.683E-02  2.608E-02  2.535E-02  2.462E-02  2.391E-02  2.320E-02  2.251E-02  2.182E-02  2.115E-02  2.049E-02  1.984E-02  1.920E-02  1.857E-02  1.795E-02  1.734E-02  1.674E-02  1.616E-02  1.558E-02  1.501E-02  1.446E-02  1.392E-02  1.339E-02  1.287E-02  1.236E-02  1.186E-02  1.138E-02  1.090E-02  1.044E-02  9.989E-03  9.549E-03  9.120E-03  8.704E-03  8.298E-03  7.904E-03  7.521E-03  7.150E-03  6.792E-03  6.444E-03  6.107E-03  5.782E-03  5.468E-03  5.166E-03  4.875E-03  4.595E-03  4.327E-03  4.069E-03  3.822E-03  3.585E-03  3.360E-03
  318.5000  3.356E-02  3.283E-02  3.210E-02  3.139E-02  3.068E-02  2.998E-02  2.928E-02  2.859E-02  2.791E-02  2.724E-02  2.657E-02  2.591E-02  2.526E-02  2.462E-02  2.398E-02  2.335E-02  2.273E-02  2.211E-02  2.151E-02  2.091E-02  2.032E-02  1.974E-02  1.916E-02  1.859E-02  1.804E-02  1.748E-02  1.694E-02  1.641E-02  1.588E-02  1.536E-02  1.485E-02  1.435E-02  1.385E-02  1.337E-02  1.289E-02  1.242E-02  1.196E-02  1.151E-02  1.107E-02  1.064E-02  1.021E-02  9.794E-03  9.387E-03  8.990E-03  8.600E-03  8.220E-03  7.849E-03  7.488E-03  7.136E-03  6.793E-03  6.459E-03  6.135E-03  5.820E-03  5.515E-03  5.220E-03  4.934E-03  4.658E-03  4.391E-03  4.133E-03  3.886E-03  3.648E-03
  319.5000  4.219E-02  4.128E-02  4.038E-02  3.950E-02  3.862E-02  3.775E-02  3.689E-02  3.603E-02  3.519E-02  3.436E-02  3.353E-02  3.271E-02  3.190E-02  3.110E-02  3.031E-02  2.953E-02  2.876E-02  2.799E-02  2.724E-02  2.649E-02  2.576E-02  2.503E-02  2.432E-02  2.361E-02  2.291E-02  2.222E-02  2.155E-02  2.088E-02  2.022E-02  1.957E-02  1.893E-02  1.830E-02  1.768E-02  1.707E-02  1.647E-02  1.589E-02  1.531E-02  1.474E-02  1.418E-02  1.364E-02  1.310E-02  1.258E-02  1.206E-02  1.156E-02  1.107E-02  1.058E-02  1.011E-02  9.655E-03  9.209E-03  8.773E-03  8.348E-03  7.935E-03  7.533E-03  7.143E-03  6.766E-03  6.400E-03  6.046E-03  5.703E-03  5.372E-03  5.053E-03  4.747E-03
  320.5000  5.321E-02  5.209E-02  5.099E-02  4.989E-02  4.880E-02  4.773E-02  4.666E-02  4.560E-02  4.455E-02  4.352E-02  4.250E-02  4.148E-02  4.048E-02  3.948E-02  3.850E-02  3.753E-02  3.657E-02  3.562E-02  3.468E-02  3.375E-02  3.284E-02  3.193E-02  3.103E-02  3.015E-02  2.928E-02  2.842E-02  2.757E-02  2.673E-02  2.591E-02  2.510E-02  2.429E-02  2.351E-02  2.273E-02  2.196E-02  2.121E-02  2.047E-02  1.974E-02  1.902E-02  1.832E-02  1.763E-02  1.695E-02  1.628E-02  1.563E-02  1.499E-02  1.437E-02  1.376E-02  1.316E-02  1.257E-02  1.200E-02  1.144E-02  1.090E-02  1.037E-02  9.853E-03  9.352E-03  8.866E-03  8.393E-03  7.935E-03  7.492E-03  7.063E-03  6.649E-03  6.251E-03
  321.5000  5.200E-02  5.100E-02  5.001E-02  4.903E-02  4.805E-02  4.708E-02  4.612E-02  4.517E-02  4.422E-02  4.329E-02  4.236E-02  4.144E-02  4.052E-02  3.962E-02  3.872E-02  3.784E-02  3.696E-02  3.609E-02  3.522E-02  3.437E-02  3.352E-02  3.268E-02  3.186E-02  3.103E-02  3.022E-02  2.942E-02  2.863E-02  2.784E-02  2.706E-02  2.629E-02  2.554E-02  2.479E-02  2.405E-02  2.332E-02  2.259E-02  2.188E-02  2.118E-02  2.048E-02  1.980E-02  1.913E-02  1.846E-02  1.781E-02  1.716E-02  1.653E-02  1.591E-02  1.529E-02  1.469E-02  1.410E-02  1.352E-02  1.295E-02  1.239E-02  1.184E-02  1.130E-02  1.078E-02  1.027E-02  9.764E-03  9.274E-03  8.797E-03  8.333E-03  7.881E-03  7.443E-03
  322.5000  4.705E-02  4.608E-02  4.511E-02  4.416E-02  4.322E-02  4.228E-02  4.135E-02  4.043E-02  3.952E-02  3.862E-02  3.773E-02  3.684E-02  3.597E-02  3.510E-02  3.424E-02  3.340E-02  3.256E-02  3.173E-02  3.091E-02  3.010E-02  2.930E-02  2.851E-02  2.772E-02  2.695E-02  2.618E-02  2.543E-02  2.469E-02  2.395E-02  2.323E-02  2.251E-02  2.181E-02  2.111E-02  2.043E-02  1.975E-02  1.909E-02  1.844E-02  1.779E-02  1.716E-02  1.654E-02  1.593E-02  1.533E-02  1.473E-02  1.416E-02  1.359E-02  1.303E-02  1.249E-02  1.195E-02  1.143E-02  1.092E-02  1.042E-02  9.936E-03  9.461E-03  8.998E-03  8.547E-03  8.110E-03  7.684E-03  7.271E-03  6.870E-03  6.482E-03  6.107E-03  5.745E-03
  323.5000  5.746E-02  5.640E-02  5.535E-02  5.431E-02  5.327E-02  5.224E-02  5.122E-02  5.021E-02  4.920E-02  4.821E-02  4.722E-02  4.623E-02  4.526E-02  4.429E-02  4.334E-02  4.239E-02  4.145E-02  4.052E-02  3.959E-02  3.867E-02  3.777E-02  3.687E-02  3.597E-02  3.509E-02  3.422E-02  3.335E-02  3.249E-02  3.164E-02  3.080E-02  2.997E-02  2.915E-02  2.834E-02  2.753E-02  2.674E-02  2.595E-02  2.517E-02  2.440E-02  2.364E-02  2.289E-02  2.215E-02  2.142E-02  2.070E-02  1.999E-02  1.929E-02  1.860E-02  1.792E-02  1.725E-02  1.659E-02  1.594E-02  1.530E-02  1.467E-02  1.405E-02  1.345E-02  1.285E-02  1.227E-02  1.170E-02  1.114E-02  1.060E-02  1.006E-02  9.542E-03  9.035E-03
  324.5000  6.706E-02  6.582E-02  6.458E-02  6.336E-02  6.215E-02  6.094E-02  5.974E-02  5.855E-02  5.737E-02  5.621E-02  5.505E-02  5.390E-02  5.275E-02  5.162E-02  5.050E-02  4.939E-02  4.829E-02  4.719E-02  4.611E-02  4.503E-02  4.397E-02  4.292E-02  4.187E-02  4.084E-02  3.981E-02  3.880E-02  3.780E-02  3.680E-02  3.582E-02  3.485E-02  3.388E-02  3.293E-02  3.199E-02  3.106E-02  3.014E-02  2.923E-02  2.833E-02  2.745E-02  2.657E-02  2.571E-02  2.485E-02  2.401E-02  2.318E-02  2.237E-02  2.156E-02  2.076E-02  1.998E-02  1.921E-02  1.846E-02  1.771E-02  1.698E-02  1.626E-02  1.556E-02  1.486E-02  1.419E-02  1.352E-02  1.287E-02  1.224E-02  1.162E-02  1.101E-02  1.043E-02
  325.5000  7.360E-02  7.221E-02  7.084E-02  6.948E-02  6.812E-02  6.678E-02  6.544E-02  6.412E-02  6.280E-02  6.150E-02  6.021E-02  5.893E-02  5.766E-02  5.640E-02  5.515E-02  5.392E-02  5.269E-02  5.148E-02  5.027E-02  4.908E-02  4.790E-02  4.673E-02  4.557E-02  4.443E-02  4.329E-02  4.217E-02  4.106E-02  3.996E-02  3.887E-02  3.779E-02  3.673E-02  3.568E-02  3.464E-02  3.361E-02  3.259E-02  3.159E-02  3.060E-02  2.963E-02  2.866E-02  2.771E-02  2.677E-02  2.584E-02  2.493E-02  2.404E-02  2.315E-02  2.228E-02  2.142E-02  2.058E-02  1.976E-02  1.894E-02  1.814E-02  1.736E-02  1.659E-02  1.584E-02  1.510E-02  1.438E-02  1.368E-02  1.299E-02  1.232E-02  1.166E-02  1.103E-02
  326.5000  9.986E-02  9.813E-02  9.641E-02  9.470E-02  9.301E-02  9.132E-02  8.965E-02  8.798E-02  8.633E-02  8.470E-02  8.307E-02  8.145E-02  7.985E-02  7.826E-02  7.668E-02  7.511E-02  7.355E-02  7.201E-02  7.048E-02  6.896E-02  6.745E-02  6.596E-02  6.447E-02  6.300E-02  6.154E-02  6.009E-02  5.866E-02  5.724E-02  5.583E-02  5.444E-02  5.305E-02  5.168E-02  5.033E-02  4.898E-02  4.765E-02  4.633E-02  4.502E-02  4.373E-02  4.246E-02  4.119E-02  3.994E-02  3.870E-02  3.748E-02  3.627E-02  3.507E-02  3.389E-02  3.273E-02  3.157E-02  3.044E-02  2.932E-02  2.821E-02  2.712E-02  2.605E-02  2.499E-02  2.395E-02  2.293E-02  2.192E-02  2.093E-02  1.996E-02  1.901E-02  1.808E-02
  327.5000  8.974E-02  8.814E-02  8.655E-02  8.498E-02  8.341E-02  8.185E-02  8.030E-02  7.877E-02  7.725E-02  7.574E-02  7.424E-02  7.275E-02  7.127E-02  6.980E-02  6.835E-02  6.691E-02  6.548E-02  6.405E-02  6.265E-02  6.125E-02  5.987E-02  5.850E-02  5.713E-02  5.579E-02  5.445E-02  5.312E-02  5.182E-02  5.051E-02  4.923E-02  4.795E-02  4.669E-02  4.544E-02  4.420E-02  4.298E-02  4.177E-02  4.057E-02  3.938E-02  3.821E-02  3.705E-02  3.590E-02  3.477E-02  3.365E-02  3.254E-02  3.146E-02  3.038E-02  2.931E-02  2.826E-02  2.723E-02  2.621E-02  2.521E-02  2.422E-02  2.325E-02  2.229E-02  2.135E-02  2.042E-02  1.952E-02  1.862E-02  1.775E-02  1.689E-02  1.606E-02  1.524E-02
  328.5000  8.304E-02  8.156E-02  8.009E-02  7.864E-02  7.719E-02  7.575E-02  7.432E-02  7.290E-02  7.149E-02  7.009E-02  6.870E-02  6.733E-02  6.596E-02  6.460E-02  6.326E-02  6.192E-02  6.060E-02  5.929E-02  5.798E-02  5.669E-02  5.541E-02  5.414E-02  5.288E-02  5.164E-02  5.040E-02  4.917E-02  4.796E-02  4.676E-02  4.557E-02  4.439E-02  4.322E-02  4.207E-02  4.092E-02  3.979E-02  3.867E-02  3.756E-02  3.646E-02  3.538E-02  3.430E-02  3.324E-02  3.219E-02  3.116E-02  3.013E-02  2.913E-02  2.813E-02  2.715E-02  2.617E-02  2.522E-02  2.428E-02  2.335E-02  2.243E-02  2.153E-02  2.064E-02  1.977E-02  1.892E-02  1.807E-02  1.725E-02  1.644E-02  1.565E-02  1.487E-02  1.411E-02
  329.5000  1.171E-01  1.152E-01  1.132E-01  1.113E-01  1.094E-01  1.075E-01  1.056E-01  1.037E-01  1.018E-01  9.995E-02  9.810E-02  9.627E-02  9.445E-02  9.264E-02  9.084E-02  8.906E-02  8.729E-02  8.554E-02  8.379E-02  8.206E-02  8.035E-02  7.864E-02  7.695E-02  7.527E-02  7.360E-02  7.195E-02  7.032E-02  6.869E-02  6.708E-02  6.548E-02  6.389E-02  6.232E-02  6.076E-02  5.922E-02  5.769E-02  5.617E-02  5.466E-02  5.318E-02  5.170E-02  5.024E-02  4.879E-02  4.735E-02  4.593E-02  4.453E-02  4.314E-02  4.177E-02  4.040E-02  3.906E-02  3.773E-02  3.642E-02  3.512E-02  3.384E-02  3.257E-02  3.132E-02  3.009E-02  2.888E-02  2.768E-02  2.650E-02  2.534E-02  2.420E-02  2.308E-02
  330.5000  1.030E-01  1.012E-01  9.943E-02  9.768E-02  9.595E-02  9.422E-02  9.251E-02  9.081E-02  8.912E-02  8.745E-02  8.578E-02  8.413E-02  8.249E-02  8.086E-02  7.924E-02  7.764E-02  7.605E-02  7.446E-02  7.290E-02  7.134E-02  6.980E-02  6.827E-02  6.675E-02  6.524E-02  6.375E-02  6.226E-02  6.080E-02  5.934E-02  5.790E-02  5.647E-02  5.505E-02  5.365E-02  5.225E-02  5.087E-02  4.951E-02  4.815E-02  4.681E-02  4.549E-02  4.418E-02  4.288E-02  4.159E-02  4.032E-02  3.906E-02  3.782E-02  3.659E-02  3.538E-02  3.418E-02  3.299E-02  3.182E-02  3.067E-02  2.953E-02  2.840E-02  2.729E-02  2.620E-02  2.513E-02  2.407E-02  2.303E-02  2.200E-02  2.099E-02  2.001E-02  1.904E-02
  331.5000  1.011E-01  9.937E-02  9.764E-02  9.592E-02  9.420E-02  9.250E-02  9.081E-02  8.913E-02  8.746E-02  8.580E-02  8.416E-02  8.253E-02  8.091E-02  7.930E-02  7.770E-02  7.612E-02  7.455E-02  7.299E-02  7.144E-02  6.990E-02  6.838E-02  6.687E-02  6.537E-02  6.388E-02  6.241E-02  6.095E-02  5.950E-02  5.807E-02  5.664E-02  5.523E-02  5.384E-02  5.246E-02  5.108E-02  4.972E-02  4.838E-02  4.705E-02  4.573E-02  4.442E-02  4.313E-02  4.185E-02  4.059E-02  3.934E-02  3.810E-02  3.688E-02  3.567E-02  3.447E-02  3.329E-02  3.213E-02  3.098E-02  2.985E-02  2.873E-02  2.762E-02  2.654E-02  2.546E-02  2.441E-02  2.337E-02  2.235E-02  2.135E-02  2.036E-02  1.940E-02  1.845E-02
  332.5000  1.058E-01  1.041E-01  1.023E-01  1.006E-01  9.891E-02  9.721E-02  9.552E-02  9.384E-02  9.217E-02  9.052E-02  8.887E-02  8.723E-02  8.561E-02  8.399E-02  8.239E-02  8.080E-02  7.922E-02  7.765E-02  7.610E-02  7.455E-02  7.302E-02  7.149E-02  6.998E-02  6.848E-02  6.699E-02  6.551E-02  6.405E-02  6.260E-02  6.116E-02  5.972E-02  5.830E-02  5.690E-02  5.550E-02  5.412E-02  5.275E-02  5.139E-02  5.004E-02  4.871E-02  4.738E-02  4.607E-02  4.477E-02  4.348E-02  4.220E-02  4.094E-02  3.969E-02  3.846E-02  3.723E-02  3.602E-02  3.482E-02  3.364E-02  3.247E-02  3.131E-02  3.016E-02  2.903E-02  2.792E-02  2.682E-02  2.574E-02  2.467E-02  2.361E-02  2.257E-02  2.155E-02
  333.5000  9.701E-02  9.538E-02  9.375E-02  9.214E-02  9.054E-02  8.895E-02  8.736E-02  8.579E-02  8.423E-02  8.268E-02  8.114E-02  7.961E-02  7.809E-02  7.659E-02  7.509E-02  7.361E-02  7.213E-02  7.067E-02  6.921E-02  6.777E-02  6.634E-02  6.492E-02  6.351E-02  6.211E-02  6.073E-02  5.935E-02  5.799E-02  5.664E-02  5.530E-02  5.397E-02  5.265E-02  5.134E-02  5.005E-02  4.876E-02  4.749E-02  4.623E-02  4.498E-02  4.374E-02  4.252E-02  4.130E-02  4.010E-02  3.891E-02  3.773E-02  3.657E-02  3.542E-02  3.428E-02  3.315E-02  3.204E-02  3.094E-02  2.985E-02  2.877E-02  2.771E-02  2.667E-02  2.563E-02  2.462E-02  2.361E-02  2.262E-02  2.165E-02  2.069E-02  1.975E-02  1.882E-02
  334.5000  1.099E-01  1.081E-01  1.063E-01  1.045E-01  1.027E-01  1.009E-01  9.911E-02  9.735E-02  9.559E-02  9.386E-02  9.213E-02  9.041E-02  8.871E-02  8.701E-02  8.533E-02  8.367E-02  8.201E-02  8.037E-02  7.873E-02  7.711E-02  7.551E-02  7.391E-02  7.233E-02  7.076E-02  6.920E-02  6.765E-02  6.612E-02  6.460E-02  6.309E-02  6.159E-02  6.011E-02  5.864E-02  5.718E-02  5.573E-02  5.430E-02  5.288E-02  5.147E-02  5.008E-02  4.870E-02  4.733E-02  4.597E-02  4.463E-02  4.330E-02  4.198E-02  4.068E-02  3.939E-02  3.812E-02  3.686E-02  3.561E-02  3.438E-02  3.316E-02  3.196E-02  3.077E-02  2.960E-02  2.845E-02  2.731E-02  2.618E-02  2.507E-02  2.398E-02  2.291E-02  2.186E-02
  335.5000  1.147E-01  1.129E-01  1.110E-01  1.092E-01  1.073E-01  1.055E-01  1.037E-01  1.019E-01  1.001E-01  9.835E-02  9.658E-02  9.482E-02  9.308E-02  9.135E-02  8.963E-02  8.793E-02  8.623E-02  8.455E-02  8.288E-02  8.122E-02  7.958E-02  7.794E-02  7.632E-02  7.471E-02  7.311E-02  7.152E-02  6.995E-02  6.839E-02  6.684E-02  6.530E-02  6.378E-02  6.227E-02  6.077E-02  5.928E-02  5.780E-02  5.634E-02  5.489E-02  5.345E-02  5.203E-02  5.061E-02  4.921E-02  4.782E-02  4.645E-02  4.509E-02  4.374E-02  4.241E-02  4.108E-02  3.977E-02  3.848E-02  3.720E-02  3.593E-02  3.468E-02  3.344E-02  3.221E-02  3.101E-02  2.981E-02  2.863E-02  2.747E-02  2.632E-02  2.519E-02  2.408E-02
  336.5000  8.905E-02  8.759E-02  8.613E-02  8.470E-02  8.326E-02  8.184E-02  8.042E-02  7.901E-02  7.761E-02  7.623E-02  7.485E-02  7.348E-02  7.212E-02  7.076E-02  6.942E-02  6.809E-02  6.677E-02  6.545E-02  6.415E-02  6.285E-02  6.157E-02  6.029E-02  5.903E-02  5.777E-02  5.652E-02  5.528E-02  5.406E-02  5.284E-02  5.163E-02  5.043E-02  4.924E-02  4.807E-02  4.690E-02  4.574E-02  4.459E-02  4.345E-02  4.231E-02  4.120E-02  4.009E-02  3.899E-02  3.790E-02  3.682E-02  3.575E-02  3.469E-02  3.364E-02  3.260E-02  3.157E-02  3.056E-02  2.955E-02  2.856E-02  2.757E-02  2.660E-02  2.564E-02  2.469E-02  2.375E-02  2.282E-02  2.191E-02  2.101E-02  2.012E-02  1.924E-02  1.838E-02
  337.5000  9.591E-02  9.431E-02  9.272E-02  9.115E-02  8.957E-02  8.801E-02  8.646E-02  8.492E-02  8.339E-02  8.187E-02  8.036E-02  7.886E-02  7.737E-02  7.590E-02  7.443E-02  7.297E-02  7.153E-02  7.009E-02  6.866E-02  6.725E-02  6.585E-02  6.445E-02  6.307E-02  6.170E-02  6.034E-02  5.899E-02  5.765E-02  5.633E-02  5.501E-02  5.370E-02  5.241E-02  5.113E-02  4.985E-02  4.859E-02  4.734E-02  4.610E-02  4.487E-02  4.366E-02  4.245E-02  4.126E-02  4.008E-02  3.891E-02  3.775E-02  3.660E-02  3.547E-02  3.434E-02  3.323E-02  3.213E-02  3.105E-02  2.997E-02  2.891E-02  2.786E-02  2.683E-02  2.581E-02  2.480E-02  2.381E-02  2.282E-02  2.186E-02  2.091E-02  1.997E-02  1.905E-02
  338.5000  1.044E-01  1.027E-01  1.010E-01  9.933E-02  9.766E-02  9.600E-02  9.435E-02  9.271E-02  9.108E-02  8.947E-02  8.786E-02  8.627E-02  8.468E-02  8.311E-02  8.154E-02  8.000E-02  7.845E-02  7.692E-02  7.540E-02  7.389E-02  7.240E-02  7.091E-02  6.944E-02  6.797E-02  6.652E-02  6.508E-02  6.365E-02  6.223E-02  6.082E-02  5.942E-02  5.804E-02  5.667E-02  5.530E-02  5.395E-02  5.261E-02  5.128E-02  4.996E-02  4.866E-02  4.736E-02  4.608E-02  4.480E-02  4.354E-02  4.229E-02  4.106E-02  3.983E-02  3.862E-02  3.742E-02  3.623E-02  3.505E-02  3.389E-02  3.274E-02  3.160E-02  3.047E-02  2.935E-02  2.826E-02  2.717E-02  2.610E-02  2.504E-02  2.399E-02  2.297E-02  2.195E-02
  339.5000  1.140E-01  1.122E-01  1.103E-01  1.085E-01  1.067E-01  1.049E-01  1.031E-01  1.013E-01  9.954E-02  9.779E-02  9.604E-02  9.430E-02  9.257E-02  9.086E-02  8.915E-02  8.747E-02  8.579E-02  8.412E-02  8.246E-02  8.082E-02  7.919E-02  7.757E-02  7.596E-02  7.437E-02  7.278E-02  7.121E-02  6.966E-02  6.811E-02  6.657E-02  6.505E-02  6.354E-02  6.205E-02  6.056E-02  5.909E-02  5.762E-02  5.617E-02  5.474E-02  5.331E-02  5.190E-02  5.050E-02  4.911E-02  4.774E-02  4.638E-02  4.503E-02  4.369E-02  4.237E-02  4.106E-02  3.976E-02  3.848E-02  3.720E-02  3.595E-02  3.470E-02  3.347E-02  3.225E-02  3.106E-02  2.987E-02  2.870E-02  2.754E-02  2.640E-02  2.527E-02  2.417E-02
  340.5000  1.207E-01  1.187E-01  1.168E-01  1.148E-01  1.129E-01  1.110E-01  1.090E-01  1.071E-01  1.052E-01  1.034E-01  1.015E-01  9.963E-02  9.779E-02  9.595E-02  9.414E-02  9.233E-02  9.054E-02  8.876E-02  8.699E-02  8.524E-02  8.350E-02  8.177E-02  8.006E-02  7.836E-02  7.667E-02  7.499E-02  7.334E-02  7.169E-02  7.005E-02  6.843E-02  6.682E-02  6.523E-02  6.364E-02  6.207E-02  6.052E-02  5.897E-02  5.744E-02  5.593E-02  5.443E-02  5.294E-02  5.147E-02  5.000E-02  4.856E-02  4.713E-02  4.571E-02  4.430E-02  4.291E-02  4.153E-02  4.017E-02  3.883E-02  3.749E-02  3.617E-02  3.487E-02  3.358E-02  3.232E-02  3.106E-02  2.982E-02  2.860E-02  2.739E-02  2.621E-02  2.504E-02
  341.5000  1.090E-01  1.072E-01  1.054E-01  1.037E-01  1.020E-01  1.003E-01  9.854E-02  9.684E-02  9.515E-02  9.348E-02  9.181E-02  9.015E-02  8.851E-02  8.687E-02  8.525E-02  8.364E-02  8.204E-02  8.045E-02  7.887E-02  7.730E-02  7.575E-02  7.421E-02  7.268E-02  7.116E-02  6.965E-02  6.815E-02  6.667E-02  6.519E-02  6.373E-02  6.228E-02  6.084E-02  5.942E-02  5.800E-02  5.659E-02  5.520E-02  5.382E-02  5.245E-02  5.109E-02  4.975E-02  4.841E-02  4.709E-02  4.578E-02  4.448E-02  4.320E-02  4.192E-02  4.066E-02  3.941E-02  3.817E-02  3.695E-02  3.573E-02  3.453E-02  3.334E-02  3.217E-02  3.101E-02  2.986E-02  2.873E-02  2.761E-02  2.650E-02  2.541E-02  2.433E-02  2.328E-02
  342.5000  1.212E-01  1.192E-01  1.173E-01  1.153E-01  1.134E-01  1.115E-01  1.096E-01  1.077E-01  1.058E-01  1.040E-01  1.021E-01  1.003E-01  9.845E-02  9.664E-02  9.484E-02  9.305E-02  9.127E-02  8.951E-02  8.776E-02  8.602E-02  8.430E-02  8.259E-02  8.088E-02  7.920E-02  7.752E-02  7.586E-02  7.421E-02  7.258E-02  7.095E-02  6.934E-02  6.774E-02  6.616E-02  6.459E-02  6.303E-02  6.148E-02  5.995E-02  5.843E-02  5.693E-02  5.543E-02  5.395E-02  5.248E-02  5.102E-02  4.958E-02  4.816E-02  4.674E-02  4.534E-02  4.395E-02  4.257E-02  4.121E-02  3.987E-02  3.853E-02  3.721E-02  3.591E-02  3.461E-02  3.334E-02  3.208E-02  3.084E-02  2.961E-02  2.839E-02  2.720E-02  2.602E-02
  343.5000  1.253E-01  1.233E-01  1.213E-01  1.193E-01  1.173E-01  1.153E-01  1.133E-01  1.113E-01  1.094E-01  1.075E-01  1.055E-01  1.036E-01  1.017E-01  9.984E-02  9.797E-02  9.611E-02  9.427E-02  9.243E-02  9.062E-02  8.881E-02  8.702E-02  8.524E-02  8.348E-02  8.172E-02  7.998E-02  7.826E-02  7.655E-02  7.485E-02  7.317E-02  7.150E-02  6.984E-02  6.820E-02  6.657E-02  6.495E-02  6.334E-02  6.175E-02  6.018E-02  5.862E-02  5.707E-02  5.553E-02  5.401E-02  5.250E-02  5.101E-02  4.953E-02  4.806E-02  4.661E-02  4.517E-02  4.375E-02  4.234E-02  4.095E-02  3.957E-02  3.820E-02  3.685E-02  3.551E-02  3.420E-02  3.290E-02  3.161E-02  3.034E-02  2.908E-02  2.785E-02  2.663E-02
  344.5000  8.742E-02  8.599E-02  8.457E-02  8.317E-02  8.176E-02  8.037E-02  7.899E-02  7.761E-02  7.624E-02  7.489E-02  7.354E-02  7.220E-02  7.087E-02  6.955E-02  6.824E-02  6.694E-02  6.565E-02  6.436E-02  6.309E-02  6.182E-02  6.057E-02  5.932E-02  5.809E-02  5.686E-02  5.564E-02  5.443E-02  5.324E-02  5.205E-02  5.087E-02  4.970E-02  4.854E-02  4.739E-02  4.625E-02  4.512E-02  4.399E-02  4.288E-02  4.178E-02  4.069E-02  3.960E-02  3.853E-02  3.747E-02  3.641E-02  3.537E-02  3.433E-02  3.331E-02  3.230E-02  3.129E-02  3.030E-02  2.931E-02  2.834E-02  2.738E-02  2.642E-02  2.548E-02  2.455E-02  2.363E-02  2.272E-02  2.183E-02  2.094E-02  2.007E-02  1.921E-02  1.836E-02
  345.5000  1.216E-01  1.197E-01  1.177E-01  1.158E-01  1.139E-01  1.119E-01  1.100E-01  1.082E-01  1.063E-01  1.044E-01  1.026E-01  1.007E-01  9.889E-02  9.707E-02  9.526E-02  9.347E-02  9.169E-02  8.993E-02  8.817E-02  8.643E-02  8.470E-02  8.299E-02  8.128E-02  7.959E-02  7.791E-02  7.625E-02  7.460E-02  7.296E-02  7.133E-02  6.972E-02  6.812E-02  6.654E-02  6.496E-02  6.340E-02  6.185E-02  6.031E-02  5.879E-02  5.729E-02  5.579E-02  5.430E-02  5.283E-02  5.138E-02  4.993E-02  4.850E-02  4.708E-02  4.568E-02  4.429E-02  4.291E-02  4.155E-02  4.020E-02  3.886E-02  3.754E-02  3.623E-02  3.493E-02  3.366E-02  3.239E-02  3.114E-02  2.991E-02  2.869E-02  2.749E-02  2.631E-02
  346.5000  1.129E-01  1.111E-01  1.092E-01  1.074E-01  1.056E-01  1.038E-01  1.021E-01  1.003E-01  9.852E-02  9.678E-02  9.505E-02  9.332E-02  9.161E-02  8.991E-02  8.822E-02  8.655E-02  8.489E-02  8.324E-02  8.160E-02  7.997E-02  7.836E-02  7.675E-02  7.516E-02  7.358E-02  7.201E-02  7.046E-02  6.892E-02  6.739E-02  6.587E-02  6.436E-02  6.287E-02  6.139E-02  5.992E-02  5.847E-02  5.702E-02  5.559E-02  5.417E-02  5.277E-02  5.137E-02  4.999E-02  4.862E-02  4.726E-02  4.592E-02  4.459E-02  4.327E-02  4.196E-02  4.066E-02  3.938E-02  3.812E-02  3.686E-02  3.562E-02  3.439E-02  3.317E-02  3.197E-02  3.079E-02  2.961E-02  2.846E-02  2.731E-02  2.618E-02  2.507E-02  2.398E-02
  347.5000  1.105E-01  1.087E-01  1.069E-01  1.052E-01  1.034E-01  1.017E-01  9.991E-02  9.818E-02  9.646E-02  9.475E-02  9.306E-02  9.137E-02  8.969E-02  8.803E-02  8.638E-02  8.474E-02  8.312E-02  8.150E-02  7.989E-02  7.830E-02  7.672E-02  7.515E-02  7.360E-02  7.205E-02  7.052E-02  6.900E-02  6.749E-02  6.599E-02  6.451E-02  6.303E-02  6.157E-02  6.013E-02  5.869E-02  5.727E-02  5.585E-02  5.445E-02  5.306E-02  5.169E-02  5.032E-02  4.897E-02  4.763E-02  4.630E-02  4.499E-02  4.369E-02  4.239E-02  4.111E-02  3.985E-02  3.859E-02  3.736E-02  3.613E-02  3.491E-02  3.371E-02  3.252E-02  3.134E-02  3.018E-02  2.904E-02  2.790E-02  2.678E-02  2.568E-02  2.459E-02  2.352E-02
  348.5000  1.220E-01  1.200E-01  1.180E-01  1.161E-01  1.141E-01  1.122E-01  1.103E-01  1.084E-01  1.065E-01  1.046E-01  1.027E-01  1.009E-01  9.903E-02  9.720E-02  9.538E-02  9.358E-02  9.179E-02  9.001E-02  8.824E-02  8.648E-02  8.475E-02  8.302E-02  8.130E-02  7.960E-02  7.791E-02  7.624E-02  7.458E-02  7.293E-02  7.129E-02  6.967E-02  6.806E-02  6.647E-02  6.489E-02  6.332E-02  6.176E-02  6.022E-02  5.869E-02  5.717E-02  5.567E-02  5.418E-02  5.270E-02  5.124E-02  4.979E-02  4.836E-02  4.693E-02  4.552E-02  4.413E-02  4.275E-02  4.138E-02  4.003E-02  3.869E-02  3.736E-02  3.605E-02  3.475E-02  3.347E-02  3.221E-02  3.095E-02  2.972E-02  2.850E-02  2.730E-02  2.611E-02
  349.5000  1.023E-01  1.006E-01  9.895E-02  9.731E-02  9.568E-02  9.406E-02  9.245E-02  9.085E-02  8.926E-02  8.769E-02  8.612E-02  8.456E-02  8.301E-02  8.148E-02  7.995E-02  7.844E-02  7.694E-02  7.544E-02  7.396E-02  7.249E-02  7.103E-02  6.958E-02  6.814E-02  6.671E-02  6.530E-02  6.389E-02  6.250E-02  6.112E-02  5.975E-02  5.839E-02  5.704E-02  5.570E-02  5.437E-02  5.306E-02  5.175E-02  5.046E-02  4.917E-02  4.791E-02  4.665E-02  4.540E-02  4.416E-02  4.293E-02  4.172E-02  4.051E-02  3.932E-02  3.814E-02  3.697E-02  3.581E-02  3.467E-02  3.353E-02  3.241E-02  3.130E-02  3.020E-02  2.911E-02  2.804E-02  2.698E-02  2.593E-02  2.489E-02  2.387E-02  2.286E-02  2.187E-02
  350.5000  1.434E-01  1.411E-01  1.388E-01  1.365E-01  1.342E-01  1.319E-01  1.297E-01  1.274E-01  1.252E-01  1.230E-01  1.208E-01  1.186E-01  1.164E-01  1.143E-01  1.121E-01  1.100E-01  1.079E-01  1.058E-01  1.037E-01  1.017E-01  9.962E-02  9.759E-02  9.557E-02  9.357E-02  9.158E-02  8.961E-02  8.766E-02  8.572E-02  8.380E-02  8.189E-02  8.000E-02  7.813E-02  7.627E-02  7.442E-02  7.259E-02  7.078E-02  6.898E-02  6.720E-02  6.544E-02  6.369E-02  6.195E-02  6.023E-02  5.853E-02  5.684E-02  5.517E-02  5.352E-02  5.188E-02  5.025E-02  4.865E-02  4.706E-02  4.548E-02  4.392E-02  4.238E-02  4.086E-02  3.936E-02  3.787E-02  3.640E-02  3.495E-02  3.351E-02  3.210E-02  3.071E-02
  351.5000  1.236E-01  1.216E-01  1.196E-01  1.176E-01  1.156E-01  1.136E-01  1.117E-01  1.098E-01  1.078E-01  1.059E-01  1.040E-01  1.021E-01  1.003E-01  9.842E-02  9.657E-02  9.474E-02  9.292E-02  9.112E-02  8.932E-02  8.754E-02  8.578E-02  8.403E-02  8.229E-02  8.056E-02  7.885E-02  7.715E-02  7.547E-02  7.380E-02  7.214E-02  7.049E-02  6.886E-02  6.725E-02  6.564E-02  6.405E-02  6.248E-02  6.091E-02  5.936E-02  5.783E-02  5.631E-02  5.480E-02  5.330E-02  5.182E-02  5.035E-02  4.890E-02  4.746E-02  4.603E-02  4.462E-02  4.322E-02  4.184E-02  4.047E-02  3.911E-02  3.777E-02  3.644E-02  3.513E-02  3.384E-02  3.255E-02  3.129E-02  3.004E-02  2.880E-02  2.758E-02  2.639E-02
  352.5000  1.117E-01  1.098E-01  1.080E-01  1.062E-01  1.045E-01  1.027E-01  1.009E-01  9.918E-02  9.745E-02  9.573E-02  9.401E-02  9.231E-02  9.062E-02  8.894E-02  8.727E-02  8.562E-02  8.398E-02  8.235E-02  8.073E-02  7.912E-02  7.753E-02  7.594E-02  7.437E-02  7.281E-02  7.127E-02  6.973E-02  6.821E-02  6.670E-02  6.520E-02  6.372E-02  6.225E-02  6.079E-02  5.934E-02  5.790E-02  5.648E-02  5.507E-02  5.367E-02  5.228E-02  5.091E-02  4.955E-02  4.820E-02  4.686E-02  4.553E-02  4.422E-02  4.292E-02  4.163E-02  4.036E-02  3.909E-02  3.785E-02  3.661E-02  3.538E-02  3.417E-02  3.297E-02  3.179E-02  3.062E-02  2.946E-02  2.831E-02  2.718E-02  2.607E-02  2.497E-02  2.389E-02
  353.5000  1.347E-01  1.325E-01  1.304E-01  1.282E-01  1.261E-01  1.239E-01  1.218E-01  1.197E-01  1.176E-01  1.155E-01  1.135E-01  1.114E-01  1.094E-01  1.074E-01  1.053E-01  1.034E-01  1.014E-01  9.940E-02  9.745E-02  9.551E-02  9.359E-02  9.168E-02  8.979E-02  8.791E-02  8.604E-02  8.419E-02  8.236E-02  8.054E-02  7.874E-02  7.695E-02  7.517E-02  7.341E-02  7.167E-02  6.993E-02  6.822E-02  6.652E-02  6.483E-02  6.316E-02  6.150E-02  5.986E-02  5.823E-02  5.662E-02  5.502E-02  5.344E-02  5.187E-02  5.032E-02  4.878E-02  4.726E-02  4.575E-02  4.426E-02  4.278E-02  4.132E-02  3.987E-02  3.844E-02  3.703E-02  3.564E-02  3.426E-02  3.289E-02  3.155E-02  3.022E-02  2.892E-02
  354.5000  1.461E-01  1.438E-01  1.414E-01  1.391E-01  1.368E-01  1.344E-01  1.321E-01  1.299E-01  1.276E-01  1.253E-01  1.231E-01  1.209E-01  1.187E-01  1.165E-01  1.143E-01  1.121E-01  1.100E-01  1.078E-01  1.057E-01  1.036E-01  1.015E-01  9.948E-02  9.742E-02  9.539E-02  9.336E-02  9.136E-02  8.938E-02  8.740E-02  8.544E-02  8.350E-02  8.158E-02  7.968E-02  7.778E-02  7.591E-02  7.404E-02  7.220E-02  7.037E-02  6.856E-02  6.677E-02  6.499E-02  6.322E-02  6.147E-02  5.974E-02  5.803E-02  5.633E-02  5.465E-02  5.298E-02  5.133E-02  4.970E-02  4.808E-02  4.648E-02  4.489E-02  4.333E-02  4.178E-02  4.025E-02  3.873E-02  3.724E-02  3.576E-02  3.430E-02  3.286E-02  3.144E-02
  355.5000  1.367E-01  1.345E-01  1.323E-01  1.301E-01  1.279E-01  1.258E-01  1.236E-01  1.215E-01  1.193E-01  1.172E-01  1.151E-01  1.131E-01  1.110E-01  1.089E-01  1.069E-01  1.049E-01  1.029E-01  1.009E-01  9.889E-02  9.693E-02  9.498E-02  9.305E-02  9.112E-02  8.922E-02  8.733E-02  8.545E-02  8.359E-02  8.175E-02  7.992E-02  7.810E-02  7.630E-02  7.452E-02  7.275E-02  7.099E-02  6.925E-02  6.753E-02  6.582E-02  6.413E-02  6.245E-02  6.078E-02  5.913E-02  5.750E-02  5.588E-02  5.428E-02  5.269E-02  5.111E-02  4.955E-02  4.801E-02  4.648E-02  4.497E-02  4.347E-02  4.199E-02  4.053E-02  3.908E-02  3.765E-02  3.623E-02  3.483E-02  3.345E-02  3.208E-02  3.074E-02  2.941E-02
  356.5000  1.270E-01  1.249E-01  1.229E-01  1.208E-01  1.188E-01  1.168E-01  1.148E-01  1.128E-01  1.108E-01  1.089E-01  1.069E-01  1.050E-01  1.031E-01  1.012E-01  9.927E-02  9.739E-02  9.552E-02  9.367E-02  9.183E-02  9.000E-02  8.819E-02  8.640E-02  8.461E-02  8.284E-02  8.108E-02  7.934E-02  7.762E-02  7.590E-02  7.420E-02  7.251E-02  7.084E-02  6.919E-02  6.754E-02  6.591E-02  6.429E-02  6.269E-02  6.110E-02  5.953E-02  5.797E-02  5.643E-02  5.490E-02  5.338E-02  5.187E-02  5.039E-02  4.891E-02  4.745E-02  4.600E-02  4.457E-02  4.315E-02  4.175E-02  4.036E-02  3.898E-02  3.762E-02  3.628E-02  3.495E-02  3.363E-02  3.233E-02  3.105E-02  2.978E-02  2.853E-02  2.730E-02
  357.5000  1.080E-01  1.063E-01  1.045E-01  1.028E-01  1.011E-01  9.937E-02  9.767E-02  9.598E-02  9.430E-02  9.263E-02  9.097E-02  8.932E-02  8.769E-02  8.606E-02  8.445E-02  8.285E-02  8.126E-02  7.968E-02  7.811E-02  7.656E-02  7.502E-02  7.349E-02  7.197E-02  7.046E-02  6.897E-02  6.748E-02  6.602E-02  6.456E-02  6.311E-02  6.167E-02  6.025E-02  5.884E-02  5.744E-02  5.605E-02  5.468E-02  5.331E-02  5.196E-02  5.063E-02  4.930E-02  4.798E-02  4.668E-02  4.539E-02  4.411E-02  4.285E-02  4.159E-02  4.035E-02  3.911E-02  3.790E-02  3.669E-02  3.550E-02  3.431E-02  3.314E-02  3.199E-02  3.084E-02  2.971E-02  2.860E-02  2.749E-02  2.640E-02  2.532E-02  2.426E-02  2.321E-02
  358.5000  8.350E-02  8.215E-02  8.080E-02  7.946E-02  7.813E-02  7.680E-02  7.549E-02  7.418E-02  7.288E-02  7.159E-02  7.031E-02  6.904E-02  6.777E-02  6.652E-02  6.527E-02  6.403E-02  6.281E-02  6.159E-02  6.037E-02  5.917E-02  5.798E-02  5.680E-02  5.563E-02  5.446E-02  5.331E-02  5.216E-02  5.103E-02  4.990E-02  4.878E-02  4.767E-02  4.657E-02  4.548E-02  4.440E-02  4.333E-02  4.227E-02  4.121E-02  4.017E-02  3.914E-02  3.811E-02  3.710E-02  3.609E-02  3.509E-02  3.410E-02  3.313E-02  3.216E-02  3.120E-02  3.024E-02  2.930E-02  2.837E-02  2.745E-02  2.654E-02  2.563E-02  2.474E-02  2.385E-02  2.298E-02  2.212E-02  2.127E-02  2.042E-02  1.959E-02  1.877E-02  1.796E-02
  359.5000  1.407E-01  1.384E-01  1.361E-01  1.338E-01  1.316E-01  1.294E-01  1.271E-01  1.249E-01  1.228E-01  1.206E-01  1.184E-01  1.163E-01  1.141E-01  1.120E-01  1.099E-01  1.078E-01  1.058E-01  1.037E-01  1.017E-01  9.966E-02  9.765E-02  9.566E-02  9.368E-02  9.172E-02  8.977E-02  8.784E-02  8.593E-02  8.403E-02  8.214E-02  8.027E-02  7.842E-02  7.659E-02  7.477E-02  7.296E-02  7.117E-02  6.940E-02  6.764E-02  6.590E-02  6.418E-02  6.246E-02  6.077E-02  5.909E-02  5.742E-02  5.578E-02  5.415E-02  5.253E-02  5.093E-02  4.934E-02  4.778E-02  4.622E-02  4.468E-02  4.316E-02  4.166E-02  4.017E-02  3.870E-02  3.725E-02  3.581E-02  3.439E-02  3.299E-02  3.160E-02  3.024E-02
  360.5000  1.305E-01  1.284E-01  1.263E-01  1.242E-01  1.221E-01  1.200E-01  1.180E-01  1.159E-01  1.139E-01  1.119E-01  1.099E-01  1.079E-01  1.059E-01  1.039E-01  1.020E-01  1.000E-01  9.813E-02  9.622E-02  9.433E-02  9.245E-02  9.059E-02  8.874E-02  8.690E-02  8.508E-02  8.327E-02  8.148E-02  7.971E-02  7.794E-02  7.619E-02  7.446E-02  7.274E-02  7.104E-02  6.935E-02  6.768E-02  6.602E-02  6.437E-02  6.274E-02  6.113E-02  5.953E-02  5.794E-02  5.637E-02  5.481E-02  5.326E-02  5.174E-02  5.022E-02  4.872E-02  4.724E-02  4.577E-02  4.432E-02  4.287E-02  4.145E-02  4.004E-02  3.864E-02  3.726E-02  3.590E-02  3.455E-02  3.322E-02  3.190E-02  3.060E-02  2.932E-02  2.806E-02
  361.5000  1.178E-01  1.159E-01  1.140E-01  1.121E-01  1.102E-01  1.083E-01  1.065E-01  1.046E-01  1.028E-01  1.010E-01  9.918E-02  9.738E-02  9.559E-02  9.382E-02  9.206E-02  9.032E-02  8.858E-02  8.686E-02  8.515E-02  8.345E-02  8.177E-02  8.010E-02  7.845E-02  7.680E-02  7.517E-02  7.355E-02  7.195E-02  7.036E-02  6.878E-02  6.722E-02  6.567E-02  6.413E-02  6.261E-02  6.110E-02  5.960E-02  5.811E-02  5.664E-02  5.519E-02  5.374E-02  5.231E-02  5.089E-02  4.948E-02  4.809E-02  4.671E-02  4.535E-02  4.399E-02  4.265E-02  4.133E-02  4.002E-02  3.872E-02  3.743E-02  3.616E-02  3.490E-02  3.365E-02  3.242E-02  3.121E-02  3.000E-02  2.881E-02  2.764E-02  2.648E-02  2.534E-02
  362.5000  1.385E-01  1.363E-01  1.340E-01  1.318E-01  1.296E-01  1.274E-01  1.252E-01  1.230E-01  1.209E-01  1.187E-01  1.166E-01  1.145E-01  1.124E-01  1.103E-01  1.082E-01  1.062E-01  1.041E-01  1.021E-01  1.001E-01  9.810E-02  9.613E-02  9.416E-02  9.221E-02  9.028E-02  8.836E-02  8.646E-02  8.458E-02  8.271E-02  8.085E-02  7.901E-02  7.719E-02  7.538E-02  7.359E-02  7.182E-02  7.005E-02  6.831E-02  6.658E-02  6.487E-02  6.317E-02  6.149E-02  5.982E-02  5.817E-02  5.653E-02  5.491E-02  5.331E-02  5.172E-02  5.014E-02  4.858E-02  4.704E-02  4.551E-02  4.400E-02  4.251E-02  4.103E-02  3.956E-02  3.812E-02  3.669E-02  3.528E-02  3.388E-02  3.250E-02  3.114E-02  2.980E-02
  363.5000  1.233E-01  1.213E-01  1.193E-01  1.173E-01  1.154E-01  1.134E-01  1.115E-01  1.095E-01  1.076E-01  1.057E-01  1.038E-01  1.019E-01  1.001E-01  9.820E-02  9.635E-02  9.453E-02  9.271E-02  9.090E-02  8.911E-02  8.734E-02  8.558E-02  8.383E-02  8.209E-02  8.037E-02  7.866E-02  7.697E-02  7.529E-02  7.363E-02  7.198E-02  7.034E-02  6.871E-02  6.711E-02  6.551E-02  6.393E-02  6.236E-02  6.081E-02  5.927E-02  5.774E-02  5.623E-02  5.473E-02  5.325E-02  5.178E-02  5.032E-02  4.888E-02  4.745E-02  4.604E-02  4.464E-02  4.325E-02  4.188E-02  4.052E-02  3.917E-02  3.784E-02  3.652E-02  3.522E-02  3.394E-02  3.266E-02  3.141E-02  3.016E-02  2.894E-02  2.772E-02  2.653E-02
  364.5000  1.346E-01  1.324E-01  1.303E-01  1.281E-01  1.259E-01  1.238E-01  1.217E-01  1.196E-01  1.175E-01  1.154E-01  1.133E-01  1.113E-01  1.092E-01  1.072E-01  1.052E-01  1.032E-01  1.012E-01  9.922E-02  9.726E-02  9.532E-02  9.340E-02  9.149E-02  8.960E-02  8.772E-02  8.585E-02  8.400E-02  8.217E-02  8.035E-02  7.855E-02  7.676E-02  7.499E-02  7.323E-02  7.149E-02  6.976E-02  6.805E-02  6.635E-02  6.467E-02  6.301E-02  6.136E-02  5.972E-02  5.810E-02  5.650E-02  5.491E-02  5.334E-02  5.178E-02  5.023E-02  4.870E-02  4.719E-02  4.569E-02  4.421E-02  4.274E-02  4.129E-02  3.985E-02  3.843E-02  3.703E-02  3.564E-02  3.427E-02  3.291E-02  3.157E-02  3.025E-02  2.895E-02
  365.5000  1.642E-01  1.615E-01  1.588E-01  1.562E-01  1.536E-01  1.510E-01  1.484E-01  1.458E-01  1.432E-01  1.407E-01  1.382E-01  1.356E-01  1.331E-01  1.307E-01  1.282E-01  1.258E-01  1.234E-01  1.210E-01  1.186E-01  1.162E-01  1.139E-01  1.115E-01  1.092E-01  1.069E-01  1.046E-01  1.024E-01  1.002E-01  9.794E-02  9.573E-02  9.355E-02  9.139E-02  8.925E-02  8.713E-02  8.502E-02  8.293E-02  8.086E-02  7.881E-02  7.679E-02  7.477E-02  7.278E-02  7.080E-02  6.885E-02  6.691E-02  6.499E-02  6.309E-02  6.121E-02  5.935E-02  5.750E-02  5.568E-02  5.387E-02  5.208E-02  5.031E-02  4.856E-02  4.682E-02  4.512E-02  4.342E-02  4.175E-02  4.010E-02  3.847E-02  3.685E-02  3.527E-02
  366.5000  1.739E-01  1.711E-01  1.683E-01  1.655E-01  1.627E-01  1.599E-01  1.572E-01  1.545E-01  1.517E-01  1.490E-01  1.464E-01  1.437E-01  1.411E-01  1.384E-01  1.358E-01  1.333E-01  1.307E-01  1.281E-01  1.256E-01  1.231E-01  1.206E-01  1.181E-01  1.157E-01  1.133E-01  1.109E-01  1.085E-01  1.061E-01  1.037E-01  1.014E-01  9.910E-02  9.681E-02  9.455E-02  9.230E-02  9.006E-02  8.785E-02  8.566E-02  8.349E-02  8.134E-02  7.921E-02  7.710E-02  7.501E-02  7.293E-02  7.088E-02  6.885E-02  6.684E-02  6.484E-02  6.287E-02  6.091E-02  5.899E-02  5.707E-02  5.517E-02  5.330E-02  5.144E-02  4.961E-02  4.780E-02  4.601E-02  4.424E-02  4.249E-02  4.076E-02  3.905E-02  3.737E-02
  367.5000  1.653E-01  1.626E-01  1.600E-01  1.573E-01  1.547E-01  1.520E-01  1.494E-01  1.468E-01  1.442E-01  1.417E-01  1.391E-01  1.366E-01  1.341E-01  1.316E-01  1.291E-01  1.267E-01  1.242E-01  1.218E-01  1.194E-01  1.170E-01  1.146E-01  1.123E-01  1.100E-01  1.076E-01  1.054E-01  1.031E-01  1.008E-01  9.860E-02  9.638E-02  9.419E-02  9.201E-02  8.986E-02  8.772E-02  8.559E-02  8.349E-02  8.141E-02  7.935E-02  7.731E-02  7.528E-02  7.327E-02  7.128E-02  6.931E-02  6.736E-02  6.544E-02  6.352E-02  6.163E-02  5.975E-02  5.790E-02  5.606E-02  5.424E-02  5.244E-02  5.066E-02  4.890E-02  4.716E-02  4.544E-02  4.373E-02  4.205E-02  4.039E-02  3.875E-02  3.712E-02  3.553E-02
  368.5000  1.454E-01  1.430E-01  1.406E-01  1.383E-01  1.360E-01  1.337E-01  1.314E-01  1.291E-01  1.268E-01  1.246E-01  1.223E-01  1.201E-01  1.179E-01  1.157E-01  1.135E-01  1.113E-01  1.092E-01  1.071E-01  1.050E-01  1.029E-01  1.008E-01  9.871E-02  9.666E-02  9.463E-02  9.261E-02  9.061E-02  8.864E-02  8.667E-02  8.472E-02  8.279E-02  8.087E-02  7.898E-02  7.710E-02  7.523E-02  7.338E-02  7.155E-02  6.974E-02  6.795E-02  6.616E-02  6.440E-02  6.265E-02  6.092E-02  5.920E-02  5.751E-02  5.583E-02  5.416E-02  5.252E-02  5.088E-02  4.927E-02  4.767E-02  4.609E-02  4.452E-02  4.298E-02  4.144E-02  3.993E-02  3.844E-02  3.696E-02  3.550E-02  3.405E-02  3.263E-02  3.123E-02
  369.5000  1.745E-01  1.717E-01  1.689E-01  1.661E-01  1.633E-01  1.605E-01  1.577E-01  1.550E-01  1.522E-01  1.495E-01  1.468E-01  1.442E-01  1.415E-01  1.389E-01  1.363E-01  1.337E-01  1.311E-01  1.285E-01  1.260E-01  1.235E-01  1.210E-01  1.185E-01  1.160E-01  1.136E-01  1.112E-01  1.088E-01  1.064E-01  1.040E-01  1.017E-01  9.937E-02  9.707E-02  9.479E-02  9.253E-02  9.029E-02  8.807E-02  8.588E-02  8.370E-02  8.155E-02  7.941E-02  7.729E-02  7.519E-02  7.311E-02  7.105E-02  6.902E-02  6.700E-02  6.500E-02  6.303E-02  6.107E-02  5.913E-02  5.721E-02  5.531E-02  5.344E-02  5.158E-02  4.974E-02  4.793E-02  4.613E-02  4.436E-02  4.260E-02  4.087E-02  3.916E-02  3.748E-02
  370.5000  1.585E-01  1.559E-01  1.533E-01  1.508E-01  1.482E-01  1.457E-01  1.432E-01  1.407E-01  1.382E-01  1.358E-01  1.333E-01  1.309E-01  1.285E-01  1.261E-01  1.237E-01  1.214E-01  1.190E-01  1.167E-01  1.144E-01  1.121E-01  1.098E-01  1.076E-01  1.053E-01  1.031E-01  1.009E-01  9.874E-02  9.658E-02  9.444E-02  9.231E-02  9.020E-02  8.811E-02  8.605E-02  8.400E-02  8.196E-02  7.995E-02  7.795E-02  7.597E-02  7.402E-02  7.208E-02  7.015E-02  6.825E-02  6.636E-02  6.449E-02  6.265E-02  6.082E-02  5.900E-02  5.721E-02  5.543E-02  5.367E-02  5.193E-02  5.021E-02  4.850E-02  4.682E-02  4.515E-02  4.350E-02  4.187E-02  4.026E-02  3.867E-02  3.710E-02  3.555E-02  3.402E-02
  371.5000  1.815E-01  1.786E-01  1.756E-01  1.727E-01  1.698E-01  1.669E-01  1.640E-01  1.611E-01  1.583E-01  1.555E-01  1.527E-01  1.499E-01  1.471E-01  1.444E-01  1.417E-01  1.390E-01  1.363E-01  1.336E-01  1.310E-01  1.284E-01  1.258E-01  1.232E-01  1.206E-01  1.181E-01  1.156E-01  1.131E-01  1.106E-01  1.081E-01  1.057E-01  1.033E-01  1.009E-01  9.852E-02  9.617E-02  9.384E-02  9.153E-02  8.925E-02  8.698E-02  8.474E-02  8.252E-02  8.032E-02  7.814E-02  7.597E-02  7.384E-02  7.172E-02  6.963E-02  6.755E-02  6.549E-02  6.346E-02  6.145E-02  5.945E-02  5.748E-02  5.553E-02  5.360E-02  5.169E-02  4.981E-02  4.794E-02  4.610E-02  4.427E-02  4.248E-02  4.070E-02  3.895E-02
  372.5000  1.342E-01  1.320E-01  1.298E-01  1.277E-01  1.255E-01  1.234E-01  1.213E-01  1.191E-01  1.170E-01  1.150E-01  1.129E-01  1.108E-01  1.088E-01  1.067E-01  1.047E-01  1.027E-01  1.008E-01  9.878E-02  9.682E-02  9.488E-02  9.296E-02  9.105E-02  8.916E-02  8.728E-02  8.542E-02  8.357E-02  8.174E-02  7.992E-02  7.812E-02  7.634E-02  7.457E-02  7.282E-02  7.108E-02  6.936E-02  6.765E-02  6.596E-02  6.429E-02  6.263E-02  6.099E-02  5.936E-02  5.775E-02  5.615E-02  5.457E-02  5.301E-02  5.146E-02  4.992E-02  4.840E-02  4.690E-02  4.542E-02  4.394E-02  4.248E-02  4.104E-02  3.962E-02  3.820E-02  3.681E-02  3.543E-02  3.407E-02  3.273E-02  3.140E-02  3.008E-02  2.879E-02
  373.5000  1.214E-01  1.194E-01  1.175E-01  1.155E-01  1.135E-01  1.116E-01  1.097E-01  1.078E-01  1.059E-01  1.040E-01  1.021E-01  1.002E-01  9.839E-02  9.655E-02  9.473E-02  9.292E-02  9.113E-02  8.934E-02  8.757E-02  8.582E-02  8.408E-02  8.235E-02  8.064E-02  7.893E-02  7.725E-02  7.558E-02  7.392E-02  7.228E-02  7.065E-02  6.903E-02  6.743E-02  6.585E-02  6.428E-02  6.272E-02  6.118E-02  5.965E-02  5.813E-02  5.663E-02  5.515E-02  5.368E-02  5.222E-02  5.077E-02  4.934E-02  4.793E-02  4.653E-02  4.514E-02  4.377E-02  4.241E-02  4.106E-02  3.973E-02  3.841E-02  3.711E-02  3.582E-02  3.454E-02  3.328E-02  3.204E-02  3.081E-02  2.959E-02  2.839E-02  2.720E-02  2.603E-02
  374.5000  1.334E-01  1.312E-01  1.290E-01  1.269E-01  1.247E-01  1.226E-01  1.205E-01  1.184E-01  1.163E-01  1.142E-01  1.122E-01  1.101E-01  1.081E-01  1.060E-01  1.040E-01  1.021E-01  1.001E-01  9.812E-02  9.618E-02  9.425E-02  9.234E-02  9.044E-02  8.855E-02  8.668E-02  8.483E-02  8.299E-02  8.118E-02  7.937E-02  7.758E-02  7.580E-02  7.405E-02  7.231E-02  7.058E-02  6.887E-02  6.717E-02  6.549E-02  6.383E-02  6.218E-02  6.055E-02  5.893E-02  5.733E-02  5.575E-02  5.417E-02  5.262E-02  5.108E-02  4.956E-02  4.805E-02  4.656E-02  4.508E-02  4.362E-02  4.217E-02  4.074E-02  3.932E-02  3.792E-02  3.654E-02  3.517E-02  3.382E-02  3.249E-02  3.117E-02  2.986E-02  2.858E-02
  375.5000  1.506E-01  1.482E-01  1.457E-01  1.433E-01  1.409E-01  1.385E-01  1.361E-01  1.337E-01  1.313E-01  1.290E-01  1.267E-01  1.243E-01  1.220E-01  1.198E-01  1.175E-01  1.152E-01  1.130E-01  1.108E-01  1.086E-01  1.064E-01  1.043E-01  1.021E-01  9.999E-02  9.788E-02  9.578E-02  9.371E-02  9.165E-02  8.961E-02  8.759E-02  8.559E-02  8.360E-02  8.164E-02  7.968E-02  7.775E-02  7.584E-02  7.394E-02  7.206E-02  7.020E-02  6.836E-02  6.653E-02  6.472E-02  6.293E-02  6.116E-02  5.941E-02  5.767E-02  5.595E-02  5.425E-02  5.256E-02  5.090E-02  4.924E-02  4.761E-02  4.599E-02  4.440E-02  4.281E-02  4.126E-02  3.971E-02  3.818E-02  3.668E-02  3.519E-02  3.372E-02  3.227E-02
  376.5000  1.506E-01  1.481E-01  1.456E-01  1.432E-01  1.408E-01  1.384E-01  1.360E-01  1.336E-01  1.313E-01  1.289E-01  1.266E-01  1.243E-01  1.220E-01  1.197E-01  1.174E-01  1.152E-01  1.129E-01  1.107E-01  1.085E-01  1.064E-01  1.042E-01  1.021E-01  9.992E-02  9.781E-02  9.572E-02  9.364E-02  9.159E-02  8.955E-02  8.753E-02  8.552E-02  8.354E-02  8.157E-02  7.962E-02  7.769E-02  7.578E-02  7.388E-02  7.200E-02  7.014E-02  6.830E-02  6.648E-02  6.467E-02  6.288E-02  6.111E-02  5.936E-02  5.762E-02  5.590E-02  5.420E-02  5.251E-02  5.085E-02  4.920E-02  4.757E-02  4.596E-02  4.436E-02  4.278E-02  4.122E-02  3.968E-02  3.815E-02  3.665E-02  3.516E-02  3.369E-02  3.225E-02
  377.5000  1.795E-01  1.765E-01  1.736E-01  1.707E-01  1.678E-01  1.649E-01  1.621E-01  1.593E-01  1.564E-01  1.536E-01  1.509E-01  1.481E-01  1.454E-01  1.426E-01  1.399E-01  1.373E-01  1.346E-01  1.320E-01  1.293E-01  1.267E-01  1.242E-01  1.216E-01  1.191E-01  1.166E-01  1.141E-01  1.116E-01  1.091E-01  1.067E-01  1.043E-01  1.019E-01  9.954E-02  9.720E-02  9.487E-02  9.257E-02  9.028E-02  8.802E-02  8.578E-02  8.357E-02  8.138E-02  7.920E-02  7.705E-02  7.491E-02  7.280E-02  7.072E-02  6.865E-02  6.660E-02  6.457E-02  6.256E-02  6.058E-02  5.862E-02  5.667E-02  5.475E-02  5.285E-02  5.097E-02  4.911E-02  4.727E-02  4.546E-02  4.366E-02  4.189E-02  4.014E-02  3.842E-02
  378.5000  1.958E-01  1.926E-01  1.894E-01  1.862E-01  1.831E-01  1.799E-01  1.768E-01  1.737E-01  1.706E-01  1.676E-01  1.646E-01  1.616E-01  1.586E-01  1.556E-01  1.526E-01  1.497E-01  1.468E-01  1.439E-01  1.411E-01  1.382E-01  1.354E-01  1.326E-01  1.299E-01  1.271E-01  1.244E-01  1.217E-01  1.190E-01  1.164E-01  1.137E-01  1.111E-01  1.085E-01  1.060E-01  1.035E-01  1.009E-01  9.845E-02  9.599E-02  9.354E-02  9.113E-02  8.874E-02  8.636E-02  8.401E-02  8.169E-02  7.938E-02  7.711E-02  7.485E-02  7.262E-02  7.041E-02  6.822E-02  6.606E-02  6.392E-02  6.180E-02  5.970E-02  5.762E-02  5.557E-02  5.355E-02  5.155E-02  4.957E-02  4.761E-02  4.568E-02  4.377E-02  4.189E-02
  379.5000  1.450E-01  1.426E-01  1.402E-01  1.379E-01  1.356E-01  1.332E-01  1.309E-01  1.286E-01  1.264E-01  1.241E-01  1.219E-01  1.196E-01  1.174E-01  1.152E-01  1.130E-01  1.109E-01  1.087E-01  1.066E-01  1.044E-01  1.023E-01  1.003E-01  9.820E-02  9.614E-02  9.411E-02  9.209E-02  9.009E-02  8.811E-02  8.615E-02  8.420E-02  8.226E-02  8.035E-02  7.846E-02  7.658E-02  7.472E-02  7.287E-02  7.105E-02  6.924E-02  6.745E-02  6.568E-02  6.392E-02  6.218E-02  6.046E-02  5.875E-02  5.707E-02  5.540E-02  5.375E-02  5.211E-02  5.049E-02  4.889E-02  4.730E-02  4.574E-02  4.418E-02  4.265E-02  4.113E-02  3.963E-02  3.815E-02  3.668E-02  3.524E-02  3.381E-02  3.239E-02  3.101E-02
  380.5000  1.745E-01  1.717E-01  1.688E-01  1.660E-01  1.632E-01  1.604E-01  1.576E-01  1.548E-01  1.521E-01  1.494E-01  1.467E-01  1.440E-01  1.413E-01  1.387E-01  1.360E-01  1.334E-01  1.308E-01  1.283E-01  1.257E-01  1.232E-01  1.207E-01  1.182E-01  1.157E-01  1.133E-01  1.108E-01  1.084E-01  1.060E-01  1.037E-01  1.013E-01  9.900E-02  9.669E-02  9.442E-02  9.215E-02  8.991E-02  8.769E-02  8.549E-02  8.331E-02  8.116E-02  7.903E-02  7.691E-02  7.482E-02  7.275E-02  7.069E-02  6.867E-02  6.666E-02  6.467E-02  6.270E-02  6.075E-02  5.883E-02  5.692E-02  5.503E-02  5.316E-02  5.131E-02  4.949E-02  4.769E-02  4.590E-02  4.414E-02  4.240E-02  4.068E-02  3.898E-02  3.731E-02
  381.5000  1.642E-01  1.615E-01  1.588E-01  1.561E-01  1.535E-01  1.508E-01  1.482E-01  1.456E-01  1.431E-01  1.405E-01  1.379E-01  1.354E-01  1.329E-01  1.304E-01  1.279E-01  1.255E-01  1.230E-01  1.206E-01  1.182E-01  1.158E-01  1.135E-01  1.111E-01  1.088E-01  1.065E-01  1.042E-01  1.019E-01  9.971E-02  9.748E-02  9.527E-02  9.308E-02  9.092E-02  8.877E-02  8.665E-02  8.454E-02  8.245E-02  8.038E-02  7.833E-02  7.631E-02  7.430E-02  7.231E-02  7.034E-02  6.839E-02  6.646E-02  6.456E-02  6.267E-02  6.080E-02  5.894E-02  5.711E-02  5.530E-02  5.351E-02  5.173E-02  4.998E-02  4.824E-02  4.653E-02  4.483E-02  4.316E-02  4.150E-02  3.986E-02  3.824E-02  3.665E-02  3.508E-02
  382.5000  1.095E-01  1.077E-01  1.059E-01  1.041E-01  1.024E-01  1.006E-01  9.886E-02  9.713E-02  9.540E-02  9.370E-02  9.200E-02  9.031E-02  8.863E-02  8.697E-02  8.532E-02  8.368E-02  8.205E-02  8.044E-02  7.884E-02  7.724E-02  7.567E-02  7.411E-02  7.256E-02  7.102E-02  6.949E-02  6.798E-02  6.648E-02  6.500E-02  6.352E-02  6.206E-02  6.062E-02  5.919E-02  5.777E-02  5.636E-02  5.497E-02  5.359E-02  5.222E-02  5.087E-02  4.953E-02  4.821E-02  4.689E-02  4.559E-02  4.431E-02  4.304E-02  4.178E-02  4.053E-02  3.929E-02  3.807E-02  3.687E-02  3.567E-02  3.449E-02  3.332E-02  3.216E-02  3.102E-02  2.989E-02  2.877E-02  2.766E-02  2.657E-02  2.549E-02  2.443E-02  2.338E-02
  383.5000  9.623E-02  9.465E-02  9.308E-02  9.152E-02  8.997E-02  8.842E-02  8.689E-02  8.536E-02  8.385E-02  8.235E-02  8.085E-02  7.937E-02  7.790E-02  7.643E-02  7.498E-02  7.354E-02  7.211E-02  7.069E-02  6.928E-02  6.788E-02  6.650E-02  6.512E-02  6.376E-02  6.240E-02  6.106E-02  5.973E-02  5.842E-02  5.711E-02  5.581E-02  5.453E-02  5.326E-02  5.200E-02  5.075E-02  4.952E-02  4.829E-02  4.708E-02  4.588E-02  4.469E-02  4.352E-02  4.235E-02  4.120E-02  4.005E-02  3.892E-02  3.781E-02  3.670E-02  3.560E-02  3.452E-02  3.345E-02  3.239E-02  3.134E-02  3.030E-02  2.927E-02  2.825E-02  2.725E-02  2.626E-02  2.527E-02  2.430E-02  2.334E-02  2.240E-02  2.146E-02  2.054E-02
  384.5000  1.446E-01  1.422E-01  1.398E-01  1.375E-01  1.351E-01  1.328E-01  1.305E-01  1.282E-01  1.259E-01  1.237E-01  1.214E-01  1.192E-01  1.170E-01  1.148E-01  1.126E-01  1.105E-01  1.083E-01  1.062E-01  1.040E-01  1.019E-01  9.987E-02  9.780E-02  9.575E-02  9.371E-02  9.170E-02  8.970E-02  8.772E-02  8.576E-02  8.381E-02  8.188E-02  7.997E-02  7.809E-02  7.621E-02  7.435E-02  7.251E-02  7.069E-02  6.889E-02  6.711E-02  6.534E-02  6.359E-02  6.185E-02  6.014E-02  5.844E-02  5.676E-02  5.510E-02  5.345E-02  5.182E-02  5.021E-02  4.862E-02  4.705E-02  4.548E-02  4.394E-02  4.241E-02  4.091E-02  3.942E-02  3.794E-02  3.649E-02  3.505E-02  3.363E-02  3.222E-02  3.084E-02
  385.5000  1.432E-01  1.408E-01  1.385E-01  1.361E-01  1.338E-01  1.315E-01  1.292E-01  1.270E-01  1.247E-01  1.225E-01  1.203E-01  1.180E-01  1.159E-01  1.137E-01  1.115E-01  1.094E-01  1.072E-01  1.051E-01  1.030E-01  1.009E-01  9.888E-02  9.683E-02  9.480E-02  9.278E-02  9.079E-02  8.880E-02  8.685E-02  8.490E-02  8.297E-02  8.106E-02  7.917E-02  7.730E-02  7.544E-02  7.360E-02  7.178E-02  6.998E-02  6.819E-02  6.643E-02  6.468E-02  6.294E-02  6.123E-02  5.953E-02  5.784E-02  5.619E-02  5.454E-02  5.291E-02  5.130E-02  4.970E-02  4.813E-02  4.657E-02  4.502E-02  4.349E-02  4.198E-02  4.049E-02  3.902E-02  3.756E-02  3.612E-02  3.469E-02  3.328E-02  3.190E-02  3.053E-02
  386.5000  1.461E-01  1.437E-01  1.413E-01  1.389E-01  1.365E-01  1.342E-01  1.319E-01  1.295E-01  1.272E-01  1.250E-01  1.227E-01  1.204E-01  1.182E-01  1.160E-01  1.138E-01  1.116E-01  1.094E-01  1.072E-01  1.051E-01  1.030E-01  1.009E-01  9.877E-02  9.670E-02  9.464E-02  9.260E-02  9.058E-02  8.858E-02  8.660E-02  8.463E-02  8.268E-02  8.075E-02  7.884E-02  7.695E-02  7.507E-02  7.321E-02  7.137E-02  6.954E-02  6.775E-02  6.596E-02  6.419E-02  6.244E-02  6.070E-02  5.899E-02  5.730E-02  5.562E-02  5.395E-02  5.231E-02  5.068E-02  4.908E-02  4.748E-02  4.591E-02  4.435E-02  4.281E-02  4.129E-02  3.979E-02  3.830E-02  3.683E-02  3.538E-02  3.394E-02  3.253E-02  3.113E-02
  387.5000  1.359E-01  1.336E-01  1.314E-01  1.292E-01  1.270E-01  1.248E-01  1.227E-01  1.205E-01  1.184E-01  1.162E-01  1.141E-01  1.120E-01  1.099E-01  1.079E-01  1.058E-01  1.038E-01  1.017E-01  9.974E-02  9.774E-02  9.576E-02  9.381E-02  9.186E-02  8.993E-02  8.802E-02  8.612E-02  8.424E-02  8.238E-02  8.053E-02  7.870E-02  7.689E-02  7.509E-02  7.331E-02  7.155E-02  6.980E-02  6.807E-02  6.636E-02  6.466E-02  6.299E-02  6.133E-02  5.968E-02  5.805E-02  5.644E-02  5.485E-02  5.327E-02  5.171E-02  5.016E-02  4.863E-02  4.712E-02  4.563E-02  4.415E-02  4.268E-02  4.123E-02  3.980E-02  3.839E-02  3.699E-02  3.561E-02  3.424E-02  3.289E-02  3.156E-02  3.024E-02  2.895E-02
  388.5000  1.363E-01  1.341E-01  1.318E-01  1.296E-01  1.274E-01  1.252E-01  1.231E-01  1.209E-01  1.187E-01  1.166E-01  1.145E-01  1.124E-01  1.103E-01  1.082E-01  1.061E-01  1.041E-01  1.021E-01  1.000E-01  9.804E-02  9.606E-02  9.409E-02  9.214E-02  9.020E-02  8.828E-02  8.638E-02  8.449E-02  8.262E-02  8.077E-02  7.893E-02  7.711E-02  7.531E-02  7.352E-02  7.175E-02  7.000E-02  6.827E-02  6.655E-02  6.485E-02  6.317E-02  6.150E-02  5.985E-02  5.821E-02  5.660E-02  5.500E-02  5.342E-02  5.185E-02  5.030E-02  4.877E-02  4.725E-02  4.575E-02  4.427E-02  4.280E-02  4.135E-02  3.991E-02  3.849E-02  3.709E-02  3.570E-02  3.433E-02  3.298E-02  3.164E-02  3.032E-02  2.903E-02
  389.5000  1.721E-01  1.692E-01  1.664E-01  1.636E-01  1.608E-01  1.581E-01  1.553E-01  1.526E-01  1.499E-01  1.472E-01  1.445E-01  1.418E-01  1.392E-01  1.366E-01  1.340E-01  1.314E-01  1.288E-01  1.263E-01  1.237E-01  1.212E-01  1.187E-01  1.163E-01  1.138E-01  1.114E-01  1.090E-01  1.066E-01  1.043E-01  1.019E-01  9.960E-02  9.730E-02  9.502E-02  9.277E-02  9.054E-02  8.833E-02  8.613E-02  8.396E-02  8.182E-02  7.970E-02  7.759E-02  7.551E-02  7.344E-02  7.140E-02  6.938E-02  6.739E-02  6.541E-02  6.346E-02  6.152E-02  5.961E-02  5.772E-02  5.584E-02  5.399E-02  5.216E-02  5.035E-02  4.856E-02  4.679E-02  4.504E-02  4.331E-02  4.161E-02  3.992E-02  3.826E-02  3.662E-02
  390.5000  1.692E-01  1.664E-01  1.636E-01  1.609E-01  1.581E-01  1.554E-01  1.527E-01  1.500E-01  1.473E-01  1.447E-01  1.421E-01  1.394E-01  1.368E-01  1.343E-01  1.317E-01  1.292E-01  1.266E-01  1.241E-01  1.216E-01  1.192E-01  1.167E-01  1.143E-01  1.119E-01  1.095E-01  1.071E-01  1.048E-01  1.025E-01  1.002E-01  9.789E-02  9.563E-02  9.339E-02  9.118E-02  8.898E-02  8.681E-02  8.465E-02  8.252E-02  8.041E-02  7.832E-02  7.625E-02  7.420E-02  7.217E-02  7.017E-02  6.818E-02  6.622E-02  6.428E-02  6.236E-02  6.045E-02  5.857E-02  5.672E-02  5.488E-02  5.306E-02  5.126E-02  4.947E-02  4.772E-02  4.598E-02  4.426E-02  4.256E-02  4.089E-02  3.923E-02  3.759E-02  3.599E-02
  391.5000  2.009E-01  1.976E-01  1.943E-01  1.910E-01  1.878E-01  1.846E-01  1.813E-01  1.781E-01  1.750E-01  1.718E-01  1.687E-01  1.656E-01  1.625E-01  1.594E-01  1.564E-01  1.534E-01  1.504E-01  1.474E-01  1.444E-01  1.415E-01  1.386E-01  1.357E-01  1.329E-01  1.300E-01  1.272E-01  1.244E-01  1.217E-01  1.189E-01  1.162E-01  1.135E-01  1.109E-01  1.082E-01  1.056E-01  1.030E-01  1.005E-01  9.795E-02  9.545E-02  9.297E-02  9.051E-02  8.808E-02  8.567E-02  8.329E-02  8.093E-02  7.860E-02  7.630E-02  7.401E-02  7.176E-02  6.952E-02  6.732E-02  6.513E-02  6.297E-02  6.083E-02  5.872E-02  5.663E-02  5.458E-02  5.254E-02  5.052E-02  4.853E-02  4.656E-02  4.462E-02  4.271E-02
  392.5000  1.508E-01  1.483E-01  1.459E-01  1.434E-01  1.410E-01  1.385E-01  1.361E-01  1.337E-01  1.313E-01  1.290E-01  1.266E-01  1.243E-01  1.220E-01  1.197E-01  1.174E-01  1.151E-01  1.128E-01  1.106E-01  1.084E-01  1.062E-01  1.040E-01  1.019E-01  9.970E-02  9.757E-02  9.546E-02  9.337E-02  9.130E-02  8.925E-02  8.721E-02  8.519E-02  8.320E-02  8.122E-02  7.926E-02  7.732E-02  7.540E-02  7.350E-02  7.161E-02  6.976E-02  6.791E-02  6.608E-02  6.428E-02  6.249E-02  6.072E-02  5.897E-02  5.724E-02  5.553E-02  5.383E-02  5.216E-02  5.050E-02  4.886E-02  4.724E-02  4.564E-02  4.405E-02  4.249E-02  4.094E-02  3.941E-02  3.790E-02  3.641E-02  3.493E-02  3.348E-02  3.205E-02
  393.5000  6.563E-02  6.455E-02  6.347E-02  6.241E-02  6.134E-02  6.028E-02  5.923E-02  5.819E-02  5.715E-02  5.612E-02  5.510E-02  5.408E-02  5.307E-02  5.207E-02  5.107E-02  5.009E-02  4.910E-02  4.813E-02  4.716E-02  4.621E-02  4.526E-02  4.431E-02  4.338E-02  4.245E-02  4.153E-02  4.062E-02  3.972E-02  3.883E-02  3.794E-02  3.706E-02  3.619E-02  3.533E-02  3.448E-02  3.364E-02  3.280E-02  3.197E-02  3.115E-02  3.034E-02  2.954E-02  2.874E-02  2.796E-02  2.718E-02  2.641E-02  2.565E-02  2.490E-02  2.415E-02  2.341E-02  2.268E-02  2.197E-02  2.125E-02  2.055E-02  1.985E-02  1.916E-02  1.848E-02  1.781E-02  1.714E-02  1.648E-02  1.583E-02  1.519E-02  1.456E-02  1.394E-02
  394.5000  1.546E-01  1.520E-01  1.495E-01  1.470E-01  1.445E-01  1.420E-01  1.395E-01  1.371E-01  1.346E-01  1.322E-01  1.298E-01  1.274E-01  1.250E-01  1.226E-01  1.203E-01  1.180E-01  1.156E-01  1.134E-01  1.111E-01  1.088E-01  1.066E-01  1.044E-01  1.022E-01  9.997E-02  9.781E-02  9.566E-02  9.354E-02  9.143E-02  8.934E-02  8.727E-02  8.522E-02  8.320E-02  8.119E-02  7.920E-02  7.722E-02  7.527E-02  7.334E-02  7.144E-02  6.954E-02  6.767E-02  6.582E-02  6.399E-02  6.217E-02  6.038E-02  5.861E-02  5.685E-02  5.512E-02  5.340E-02  5.171E-02  5.003E-02  4.837E-02  4.673E-02  4.510E-02  4.350E-02  4.192E-02  4.035E-02  3.880E-02  3.728E-02  3.577E-02  3.428E-02  3.281E-02
  395.5000  1.991E-01  1.958E-01  1.926E-01  1.893E-01  1.861E-01  1.829E-01  1.797E-01  1.765E-01  1.734E-01  1.702E-01  1.671E-01  1.640E-01  1.610E-01  1.579E-01  1.549E-01  1.519E-01  1.489E-01  1.460E-01  1.430E-01  1.401E-01  1.372E-01  1.344E-01  1.315E-01  1.287E-01  1.259E-01  1.232E-01  1.204E-01  1.177E-01  1.150E-01  1.124E-01  1.097E-01  1.071E-01  1.045E-01  1.020E-01  9.942E-02  9.690E-02  9.441E-02  9.196E-02  8.952E-02  8.711E-02  8.473E-02  8.236E-02  8.003E-02  7.773E-02  7.544E-02  7.318E-02  7.095E-02  6.874E-02  6.656E-02  6.439E-02  6.226E-02  6.014E-02  5.805E-02  5.599E-02  5.395E-02  5.194E-02  4.995E-02  4.798E-02  4.604E-02  4.412E-02  4.223E-02
  396.5000  1.170E-01  1.151E-01  1.132E-01  1.113E-01  1.094E-01  1.075E-01  1.056E-01  1.037E-01  1.019E-01  1.000E-01  9.822E-02  9.640E-02  9.460E-02  9.281E-02  9.103E-02  8.927E-02  8.752E-02  8.578E-02  8.405E-02  8.234E-02  8.065E-02  7.896E-02  7.729E-02  7.564E-02  7.400E-02  7.237E-02  7.076E-02  6.917E-02  6.758E-02  6.602E-02  6.446E-02  6.293E-02  6.141E-02  5.990E-02  5.841E-02  5.693E-02  5.547E-02  5.403E-02  5.259E-02  5.118E-02  4.977E-02  4.839E-02  4.701E-02  4.566E-02  4.432E-02  4.299E-02  4.168E-02  4.038E-02  3.910E-02  3.783E-02  3.657E-02  3.533E-02  3.410E-02  3.289E-02  3.169E-02  3.051E-02  2.934E-02  2.818E-02  2.704E-02  2.592E-02  2.481E-02
  397.5000  1.352E-01  1.329E-01  1.307E-01  1.285E-01  1.263E-01  1.241E-01  1.220E-01  1.198E-01  1.177E-01  1.156E-01  1.134E-01  1.113E-01  1.093E-01  1.072E-01  1.051E-01  1.031E-01  1.011E-01  9.906E-02  9.707E-02  9.509E-02  9.313E-02  9.119E-02  8.926E-02  8.735E-02  8.545E-02  8.357E-02  8.171E-02  7.987E-02  7.804E-02  7.623E-02  7.443E-02  7.266E-02  7.090E-02  6.916E-02  6.744E-02  6.573E-02  6.404E-02  6.237E-02  6.072E-02  5.908E-02  5.746E-02  5.586E-02  5.428E-02  5.271E-02  5.116E-02  4.963E-02  4.811E-02  4.661E-02  4.513E-02  4.367E-02  4.222E-02  4.078E-02  3.937E-02  3.797E-02  3.659E-02  3.522E-02  3.387E-02  3.254E-02  3.122E-02  2.992E-02  2.864E-02
  398.5000  2.325E-01  2.287E-01  2.248E-01  2.210E-01  2.173E-01  2.135E-01  2.098E-01  2.061E-01  2.024E-01  1.987E-01  1.951E-01  1.915E-01  1.879E-01  1.843E-01  1.808E-01  1.773E-01  1.738E-01  1.704E-01  1.669E-01  1.635E-01  1.602E-01  1.568E-01  1.535E-01  1.502E-01  1.469E-01  1.437E-01  1.405E-01  1.373E-01  1.342E-01  1.311E-01  1.280E-01  1.249E-01  1.219E-01  1.189E-01  1.159E-01  1.130E-01  1.101E-01  1.072E-01  1.044E-01  1.016E-01  9.879E-02  9.603E-02  9.330E-02  9.062E-02  8.795E-02  8.531E-02  8.270E-02  8.013E-02  7.758E-02  7.506E-02  7.257E-02  7.011E-02  6.767E-02  6.527E-02  6.289E-02  6.054E-02  5.822E-02  5.593E-02  5.367E-02  5.143E-02  4.923E-02
  399.5000  2.421E-01  2.381E-01  2.341E-01  2.301E-01  2.262E-01  2.223E-01  2.184E-01  2.145E-01  2.107E-01  2.069E-01  2.031E-01  1.993E-01  1.956E-01  1.919E-01  1.882E-01  1.846E-01  1.809E-01  1.773E-01  1.738E-01  1.702E-01  1.667E-01  1.632E-01  1.598E-01  1.563E-01  1.529E-01  1.496E-01  1.462E-01  1.429E-01  1.397E-01  1.364E-01  1.332E-01  1.300E-01  1.269E-01  1.238E-01  1.207E-01  1.176E-01  1.146E-01  1.116E-01  1.086E-01  1.057E-01  1.028E-01  9.993E-02  9.709E-02  9.429E-02  9.152E-02  8.877E-02  8.606E-02  8.337E-02  8.073E-02  7.810E-02  7.551E-02  7.295E-02  7.041E-02  6.791E-02  6.544E-02  6.300E-02  6.058E-02  5.820E-02  5.584E-02  5.352E-02  5.123E-02
------------------------------------------------------------
Dose rates,W m-2
   1 = UV index (WMO, 1994; Webb et al., 2011)           
   2 = Previtamin-D3 (CIE 2006)                          
values at z =      0.025 km
Columns: time,sza,weighting spectra
time,hrs.  sza,deg.          1          2
   18.0000     73.576  5.527E-01  1.462E-02
   18.0167     73.785  5.395E-01  1.414E-02
   18.0333     73.995  5.265E-01  1.368E-02
   18.0500     74.203  5.137E-01  1.322E-02
   18.0667     74.412  5.012E-01  1.278E-02
   18.0833     74.621  4.888E-01  1.234E-02
   18.1000     74.831  4.766E-01  1.192E-02
   18.1167     75.040  4.647E-01  1.151E-02
   18.1333     75.249  4.529E-01  1.111E-02
   18.1500     75.457  4.414E-01  1.072E-02
   18.1667     75.666  4.301E-01  1.034E-02
   18.1833     75.875  4.189E-01  9.971E-03
   18.2000     76.084  4.080E-01  9.611E-03
   18.2167     76.293  3.972E-01  9.261E-03
   18.2333     76.501  3.866E-01  8.921E-03
   18.2500     76.709  3.763E-01  8.591E-03
   18.2667     76.918  3.661E-01  8.270E-03
   18.2833     77.127  3.560E-01  7.958E-03
   18.3000     77.335  3.462E-01  7.655E-03
   18.3167     77.544  3.366E-01  7.361E-03
   18.3333     77.751  3.271E-01  7.077E-03
   18.3500     77.960  3.178E-01  6.801E-03
   18.3667     78.168  3.087E-01  6.533E-03
   18.3833     78.376  2.998E-01  6.273E-03
   18.4000     78.585  2.910E-01  6.022E-03
   18.4167     78.793  2.824E-01  5.779E-03
   18.4333     79.000  2.740E-01  5.544E-03
   18.4500     79.208  2.657E-01  5.316E-03
   18.4667     79.416  2.576E-01  5.096E-03
   18.4833     79.624  2.497E-01  4.883E-03
   18.5000     79.832  2.419E-01  4.677E-03
   18.5167     80.039  2.343E-01  4.479E-03
   18.5333     80.247  2.268E-01  4.287E-03
   18.5500     80.454  2.195E-01  4.102E-03
   18.5667     80.662  2.124E-01  3.923E-03
   18.5833     80.869  2.054E-01  3.751E-03
   18.6000     81.077  1.985E-01  3.585E-03
   18.6167     81.283  1.918E-01  3.426E-03
   18.6333     81.491  1.852E-01  3.272E-03
   18.6500     81.698  1.788E-01  3.124E-03
   18.6667     81.905  1.725E-01  2.981E-03
   18.6833     82.112  1.664E-01  2.844E-03
   18.7000     82.319  1.604E-01  2.713E-03
   18.7167     82.525  1.545E-01  2.586E-03
   18.7333     82.732  1.488E-01  2.465E-03
   18.7500     82.939  1.432E-01  2.348E-03
   18.7667     83.145  1.377E-01  2.236E-03
   18.7833     83.352  1.323E-01  2.128E-03
   18.8000     83.557  1.271E-01  2.025E-03
   18.8167     83.764  1.220E-01  1.926E-03
   18.8333     83.970  1.170E-01  1.831E-03
   18.8500     84.176  1.122E-01  1.740E-03
   18.8667     84.382  1.074E-01  1.653E-03
   18.8833     84.588  1.028E-01  1.570E-03
   18.9000     84.794  9.833E-02  1.490E-03
   18.9167     84.999  9.394E-02  1.414E-03
   18.9333     85.205  8.966E-02  1.341E-03
   18.9500     85.411  8.549E-02  1.270E-03
   18.9667     85.616  8.143E-02  1.203E-03
   18.9833     85.822  7.748E-02  1.139E-03
   19.0000     86.026  7.365E-02  1.078E-03
------------------------------------------------------------
