Spectral Irradiance,W m-2 nm-1
values at z =      0.025 km
Columns: wavelength (nm),times (hrs.) or sza (deg.)
    wc,nm     18.000     18.017     18.033     18.050     18.067     18.083     18.100     18.117     18.133     18.150     18.167     18.183     18.200     18.217     18.233     18.250     18.267     18.283     18.300     18.317     18.333     18.350     18.367     18.383     18.400     18.417     18.433     18.450     18.467     18.483     18.500     18.517     18.533     18.550     18.567     18.583     18.600     18.617     18.633     18.650     18.667     18.683     18.700     18.717     18.733     18.750     18.767     18.783     18.800     18.817     18.833     18.850     18.867     18.883     18.900     18.917     18.933     18.950     18.967     18.983     19.000
    sza =      73.882     74.092     74.301     74.510     74.719     74.928     75.138     75.347     75.556     75.765     75.974     76.183     76.392     76.601     76.810     77.018     77.227     77.436     77.645     77.854     78.062     78.270     78.479     78.688     78.896     79.104     79.312     79.520     79.729     79.937     80.145     80.352     80.560     80.768     80.976     81.184     81.392     81.599     81.806     82.014     82.221     82.429     82.636     82.843     83.050     83.257     83.464     83.671     83.877     84.084     84.291     84.497     84.704     84.910     85.116     85.322     85.528     85.734     85.940     86.146     86.351
  280.5000  6.617E-29  6.520E-29  6.425E-29  6.331E-29  6.239E-29  6.149E-29  6.059E-29  5.971E-29  5.885E-29  5.800E-29  5.716E-29  5.633E-29  5.551E-29  5.470E-29  5.390E-29  5.312E-29  5.234E-29  5.157E-29  5.081E-29  5.006E-29  4.932E-29  4.858E-29  4.785E-29  4.713E-29  4.642E-29  4.571E-29  4.501E-29  4.431E-29  4.363E-29  4.294E-29  4.226E-29  4.159E-29  4.092E-29  4.026E-29  3.959E-29  3.894E-29  3.828E-29  3.764E-29  3.699E-29  3.635E-29  3.570E-29  3.506E-29  3.443E-29  3.379E-29  3.316E-29  3.253E-29  3.190E-29  3.127E-29  3.064E-29  3.001E-29  2.938E-29  2.875E-29  2.812E-29  2.749E-29  2.686E-29  2.623E-29  2.559E-29  2.495E-29  2.431E-29  2.367E-29  2.303E-29
  281.5000  2.632E-26  2.593E-26  2.554E-26  2.516E-26  2.479E-26  2.443E-26  2.407E-26  2.371E-26  2.336E-26  2.302E-26  2.268E-26  2.235E-26  2.202E-26  2.169E-26  2.137E-26  2.106E-26  2.074E-26  2.043E-26  2.013E-26  1.983E-26  1.953E-26  1.924E-26  1.894E-26  1.866E-26  1.837E-26  1.809E-26  1.781E-26  1.753E-26  1.725E-26  1.698E-26  1.671E-26  1.644E-26  1.618E-26  1.591E-26  1.565E-26  1.539E-26  1.513E-26  1.487E-26  1.461E-26  1.435E-26  1.410E-26  1.385E-26  1.359E-26  1.334E-26  1.309E-26  1.284E-26  1.259E-26  1.234E-26  1.209E-26  1.184E-26  1.159E-26  1.135E-26  1.110E-26  1.085E-26  1.060E-26  1.035E-26  1.010E-26  9.846E-27  9.593E-27  9.340E-27  9.087E-27
  282.5000  3.090E-24  3.043E-24  2.997E-24  2.952E-24  2.907E-24  2.864E-24  2.821E-24  2.779E-24  2.737E-24  2.696E-24  2.656E-24  2.616E-24  2.577E-24  2.539E-24  2.500E-24  2.463E-24  2.426E-24  2.389E-24  2.353E-24  2.318E-24  2.282E-24  2.248E-24  2.213E-24  2.179E-24  2.145E-24  2.112E-24  2.079E-24  2.046E-24  2.014E-24  1.982E-24  1.950E-24  1.918E-24  1.887E-24  1.855E-24  1.825E-24  1.794E-24  1.763E-24  1.733E-24  1.703E-24  1.673E-24  1.643E-24  1.613E-24  1.583E-24  1.554E-24  1.525E-24  1.495E-24  1.466E-24  1.437E-24  1.408E-24  1.379E-24  1.350E-24  1.321E-24  1.291E-24  1.262E-24  1.233E-24  1.204E-24  1.175E-24  1.146E-24  1.116E-24  1.087E-24  1.057E-24
  283.5000  6.164E-23  6.069E-23  5.977E-23  5.886E-23  5.796E-23  5.708E-23  5.621E-23  5.536E-23  5.452E-23  5.370E-23  5.289E-23  5.209E-23  5.131E-23  5.053E-23  4.976E-23  4.901E-23  4.827E-23  4.753E-23  4.681E-23  4.609E-23  4.539E-23  4.469E-23  4.400E-23  4.331E-23  4.264E-23  4.197E-23  4.131E-23  4.065E-23  4.000E-23  3.936E-23  3.872E-23  3.809E-23  3.746E-23  3.684E-23  3.622E-23  3.560E-23  3.499E-23  3.439E-23  3.379E-23  3.319E-23  3.259E-23  3.200E-23  3.141E-23  3.082E-23  3.023E-23  2.965E-23  2.907E-23  2.849E-23  2.791E-23  2.733E-23  2.675E-23  2.617E-23  2.560E-23  2.502E-23  2.444E-23  2.386E-23  2.328E-23  2.270E-23  2.212E-23  2.154E-23  2.095E-23
  284.5000  8.882E-21  8.742E-21  8.604E-21  8.470E-21  8.337E-21  8.207E-21  8.080E-21  7.954E-21  7.831E-21  7.710E-21  7.590E-21  7.473E-21  7.357E-21  7.244E-21  7.131E-21  7.021E-21  6.912E-21  6.805E-21  6.699E-21  6.594E-21  6.491E-21  6.390E-21  6.289E-21  6.189E-21  6.091E-21  5.994E-21  5.898E-21  5.803E-21  5.708E-21  5.615E-21  5.522E-21  5.431E-21  5.340E-21  5.250E-21  5.161E-21  5.072E-21  4.984E-21  4.897E-21  4.810E-21  4.724E-21  4.638E-21  4.553E-21  4.468E-21  4.384E-21  4.300E-21  4.216E-21  4.132E-21  4.049E-21  3.966E-21  3.883E-21  3.801E-21  3.718E-21  3.636E-21  3.553E-21  3.471E-21  3.389E-21  3.306E-21  3.223E-21  3.141E-21  3.057E-21  2.974E-21
  285.5000  2.208E-19  2.173E-19  2.138E-19  2.103E-19  2.070E-19  2.037E-19  2.004E-19  1.972E-19  1.941E-19  1.910E-19  1.880E-19  1.850E-19  1.821E-19  1.792E-19  1.764E-19  1.736E-19  1.709E-19  1.682E-19  1.655E-19  1.629E-19  1.603E-19  1.577E-19  1.552E-19  1.527E-19  1.502E-19  1.478E-19  1.454E-19  1.430E-19  1.407E-19  1.383E-19  1.360E-19  1.337E-19  1.315E-19  1.292E-19  1.270E-19  1.248E-19  1.226E-19  1.204E-19  1.183E-19  1.161E-19  1.140E-19  1.119E-19  1.098E-19  1.077E-19  1.056E-19  1.035E-19  1.014E-19  9.938E-20  9.733E-20  9.529E-20  9.324E-20  9.121E-20  8.917E-20  8.714E-20  8.511E-20  8.308E-20  8.105E-20  7.901E-20  7.697E-20  7.493E-20  7.289E-20
  286.5000  1.181E-17  1.161E-17  1.142E-17  1.123E-17  1.105E-17  1.087E-17  1.069E-17  1.052E-17  1.035E-17  1.018E-17  1.002E-17  9.856E-18  9.698E-18  9.542E-18  9.388E-18  9.238E-18  9.089E-18  8.943E-18  8.798E-18  8.656E-18  8.516E-18  8.378E-18  8.242E-18  8.107E-18  7.974E-18  7.843E-18  7.713E-18  7.585E-18  7.458E-18  7.333E-18  7.209E-18  7.086E-18  6.965E-18  6.844E-18  6.725E-18  6.606E-18  6.489E-18  6.373E-18  6.257E-18  6.143E-18  6.029E-18  5.916E-18  5.803E-18  5.692E-18  5.581E-18  5.470E-18  5.360E-18  5.250E-18  5.141E-18  5.032E-18  4.924E-18  4.815E-18  4.707E-18  4.599E-18  4.492E-18  4.384E-18  4.276E-18  4.168E-18  4.060E-18  3.952E-18  3.844E-18
  287.5000  3.649E-16  3.587E-16  3.526E-16  3.467E-16  3.408E-16  3.351E-16  3.295E-16  3.240E-16  3.186E-16  3.134E-16  3.082E-16  3.031E-16  2.981E-16  2.932E-16  2.883E-16  2.836E-16  2.789E-16  2.743E-16  2.698E-16  2.653E-16  2.609E-16  2.566E-16  2.524E-16  2.481E-16  2.440E-16  2.399E-16  2.359E-16  2.319E-16  2.279E-16  2.240E-16  2.202E-16  2.163E-16  2.126E-16  2.088E-16  2.051E-16  2.015E-16  1.978E-16  1.942E-16  1.907E-16  1.871E-16  1.836E-16  1.801E-16  1.767E-16  1.732E-16  1.698E-16  1.664E-16  1.630E-16  1.596E-16  1.563E-16  1.529E-16  1.496E-16  1.463E-16  1.430E-16  1.397E-16  1.364E-16  1.331E-16  1.298E-16  1.265E-16  1.232E-16  1.199E-16  1.166E-16
  288.5000  1.159E-14  1.138E-14  1.118E-14  1.098E-14  1.079E-14  1.060E-14  1.042E-14  1.024E-14  1.006E-14  9.890E-15  9.721E-15  9.555E-15  9.391E-15  9.231E-15  9.074E-15  8.920E-15  8.768E-15  8.619E-15  8.473E-15  8.328E-15  8.187E-15  8.047E-15  7.909E-15  7.774E-15  7.640E-15  7.508E-15  7.379E-15  7.250E-15  7.124E-15  6.999E-15  6.875E-15  6.754E-15  6.633E-15  6.514E-15  6.396E-15  6.279E-15  6.163E-15  6.049E-15  5.936E-15  5.823E-15  5.712E-15  5.601E-15  5.491E-15  5.383E-15  5.274E-15  5.167E-15  5.060E-15  4.954E-15  4.848E-15  4.743E-15  4.639E-15  4.534E-15  4.430E-15  4.327E-15  4.224E-15  4.120E-15  4.017E-15  3.915E-15  3.812E-15  3.709E-15  3.607E-15
  289.5000  2.402E-13  2.358E-13  2.315E-13  2.273E-13  2.232E-13  2.192E-13  2.153E-13  2.114E-13  2.077E-13  2.040E-13  2.004E-13  1.969E-13  1.934E-13  1.900E-13  1.867E-13  1.834E-13  1.802E-13  1.771E-13  1.740E-13  1.710E-13  1.680E-13  1.650E-13  1.621E-13  1.593E-13  1.565E-13  1.537E-13  1.510E-13  1.483E-13  1.457E-13  1.431E-13  1.405E-13  1.379E-13  1.354E-13  1.329E-13  1.305E-13  1.281E-13  1.257E-13  1.233E-13  1.209E-13  1.186E-13  1.163E-13  1.140E-13  1.117E-13  1.095E-13  1.073E-13  1.050E-13  1.028E-13  1.006E-13  9.848E-14  9.632E-14  9.416E-14  9.202E-14  8.989E-14  8.776E-14  8.565E-14  8.354E-14  8.143E-14  7.932E-14  7.722E-14  7.512E-14  7.303E-14
  290.5000  2.961E-12  2.905E-12  2.850E-12  2.797E-12  2.745E-12  2.694E-12  2.644E-12  2.595E-12  2.548E-12  2.502E-12  2.456E-12  2.411E-12  2.368E-12  2.325E-12  2.283E-12  2.242E-12  2.202E-12  2.162E-12  2.124E-12  2.086E-12  2.048E-12  2.011E-12  1.975E-12  1.940E-12  1.905E-12  1.870E-12  1.836E-12  1.803E-12  1.770E-12  1.738E-12  1.706E-12  1.674E-12  1.643E-12  1.612E-12  1.582E-12  1.552E-12  1.522E-12  1.493E-12  1.464E-12  1.435E-12  1.407E-12  1.379E-12  1.351E-12  1.323E-12  1.296E-12  1.269E-12  1.242E-12  1.215E-12  1.188E-12  1.162E-12  1.135E-12  1.109E-12  1.083E-12  1.057E-12  1.032E-12  1.006E-12  9.803E-13  9.547E-13  9.292E-13  9.037E-13  8.784E-13
  291.5000  3.383E-11  3.316E-11  3.251E-11  3.188E-11  3.126E-11  3.065E-11  3.006E-11  2.948E-11  2.892E-11  2.837E-11  2.784E-11  2.731E-11  2.680E-11  2.629E-11  2.580E-11  2.532E-11  2.485E-11  2.438E-11  2.393E-11  2.348E-11  2.305E-11  2.262E-11  2.220E-11  2.178E-11  2.138E-11  2.098E-11  2.059E-11  2.020E-11  1.982E-11  1.944E-11  1.908E-11  1.871E-11  1.835E-11  1.800E-11  1.765E-11  1.731E-11  1.697E-11  1.663E-11  1.630E-11  1.597E-11  1.565E-11  1.533E-11  1.501E-11  1.470E-11  1.439E-11  1.408E-11  1.377E-11  1.347E-11  1.317E-11  1.287E-11  1.257E-11  1.228E-11  1.199E-11  1.169E-11  1.140E-11  1.112E-11  1.083E-11  1.054E-11  1.026E-11  9.972E-12  9.689E-12
  292.5000  2.356E-10  2.307E-10  2.260E-10  2.214E-10  2.169E-10  2.125E-10  2.083E-10  2.041E-10  2.000E-10  1.961E-10  1.922E-10  1.885E-10  1.848E-10  1.812E-10  1.777E-10  1.742E-10  1.708E-10  1.675E-10  1.643E-10  1.611E-10  1.580E-10  1.550E-10  1.520E-10  1.491E-10  1.462E-10  1.434E-10  1.406E-10  1.379E-10  1.352E-10  1.326E-10  1.300E-10  1.274E-10  1.249E-10  1.224E-10  1.200E-10  1.176E-10  1.152E-10  1.129E-10  1.106E-10  1.083E-10  1.060E-10  1.038E-10  1.016E-10  9.945E-11  9.730E-11  9.517E-11  9.306E-11  9.096E-11  8.890E-11  8.684E-11  8.480E-11  8.278E-11  8.077E-11  7.877E-11  7.679E-11  7.482E-11  7.285E-11  7.090E-11  6.895E-11  6.701E-11  6.508E-11
  293.5000  1.877E-09  1.836E-09  1.796E-09  1.758E-09  1.721E-09  1.684E-09  1.649E-09  1.614E-09  1.581E-09  1.548E-09  1.516E-09  1.485E-09  1.455E-09  1.425E-09  1.396E-09  1.368E-09  1.341E-09  1.314E-09  1.287E-09  1.261E-09  1.236E-09  1.211E-09  1.187E-09  1.163E-09  1.140E-09  1.117E-09  1.095E-09  1.073E-09  1.051E-09  1.030E-09  1.009E-09  9.885E-10  9.684E-10  9.485E-10  9.290E-10  9.097E-10  8.908E-10  8.722E-10  8.538E-10  8.357E-10  8.178E-10  8.001E-10  7.827E-10  7.655E-10  7.485E-10  7.316E-10  7.150E-10  6.985E-10  6.823E-10  6.661E-10  6.501E-10  6.343E-10  6.185E-10  6.029E-10  5.875E-10  5.721E-10  5.568E-10  5.416E-10  5.265E-10  5.114E-10  4.965E-10
  294.5000  8.018E-09  7.835E-09  7.658E-09  7.486E-09  7.320E-09  7.158E-09  7.001E-09  6.848E-09  6.700E-09  6.556E-09  6.415E-09  6.278E-09  6.145E-09  6.015E-09  5.888E-09  5.764E-09  5.643E-09  5.525E-09  5.410E-09  5.297E-09  5.188E-09  5.080E-09  4.974E-09  4.871E-09  4.770E-09  4.671E-09  4.574E-09  4.479E-09  4.385E-09  4.294E-09  4.204E-09  4.116E-09  4.029E-09  3.944E-09  3.860E-09  3.778E-09  3.697E-09  3.617E-09  3.539E-09  3.461E-09  3.385E-09  3.310E-09  3.236E-09  3.163E-09  3.091E-09  3.020E-09  2.949E-09  2.880E-09  2.811E-09  2.743E-09  2.676E-09  2.609E-09  2.543E-09  2.478E-09  2.413E-09  2.349E-09  2.285E-09  2.221E-09  2.158E-09  2.095E-09  2.033E-09
  295.5000  4.870E-08  4.751E-08  4.635E-08  4.524E-08  4.417E-08  4.313E-08  4.212E-08  4.115E-08  4.020E-08  3.929E-08  3.840E-08  3.754E-08  3.669E-08  3.588E-08  3.508E-08  3.431E-08  3.355E-08  3.282E-08  3.210E-08  3.140E-08  3.071E-08  3.004E-08  2.939E-08  2.875E-08  2.813E-08  2.752E-08  2.692E-08  2.634E-08  2.576E-08  2.520E-08  2.465E-08  2.411E-08  2.358E-08  2.306E-08  2.255E-08  2.205E-08  2.156E-08  2.108E-08  2.061E-08  2.014E-08  1.968E-08  1.923E-08  1.878E-08  1.834E-08  1.791E-08  1.748E-08  1.706E-08  1.665E-08  1.624E-08  1.583E-08  1.543E-08  1.504E-08  1.465E-08  1.426E-08  1.388E-08  1.350E-08  1.312E-08  1.275E-08  1.238E-08  1.201E-08  1.165E-08
  296.5000  1.818E-07  1.769E-07  1.723E-07  1.678E-07  1.635E-07  1.594E-07  1.554E-07  1.516E-07  1.479E-07  1.443E-07  1.408E-07  1.375E-07  1.342E-07  1.310E-07  1.280E-07  1.250E-07  1.221E-07  1.193E-07  1.165E-07  1.139E-07  1.113E-07  1.087E-07  1.063E-07  1.038E-07  1.015E-07  9.918E-08  9.694E-08  9.474E-08  9.259E-08  9.048E-08  8.842E-08  8.641E-08  8.444E-08  8.250E-08  8.060E-08  7.874E-08  7.692E-08  7.513E-08  7.337E-08  7.164E-08  6.995E-08  6.828E-08  6.664E-08  6.503E-08  6.344E-08  6.188E-08  6.034E-08  5.883E-08  5.734E-08  5.586E-08  5.441E-08  5.297E-08  5.155E-08  5.015E-08  4.877E-08  4.740E-08  4.605E-08  4.471E-08  4.338E-08  4.206E-08  4.076E-08
  297.5000  6.995E-07  6.788E-07  6.591E-07  6.403E-07  6.223E-07  6.051E-07  5.886E-07  5.729E-07  5.577E-07  5.431E-07  5.291E-07  5.155E-07  5.025E-07  4.898E-07  4.776E-07  4.659E-07  4.544E-07  4.433E-07  4.325E-07  4.221E-07  4.119E-07  4.021E-07  3.924E-07  3.831E-07  3.739E-07  3.650E-07  3.564E-07  3.479E-07  3.396E-07  3.316E-07  3.237E-07  3.160E-07  3.084E-07  3.011E-07  2.938E-07  2.868E-07  2.798E-07  2.731E-07  2.664E-07  2.599E-07  2.535E-07  2.472E-07  2.410E-07  2.350E-07  2.290E-07  2.232E-07  2.174E-07  2.118E-07  2.062E-07  2.007E-07  1.953E-07  1.900E-07  1.848E-07  1.796E-07  1.745E-07  1.695E-07  1.645E-07  1.596E-07  1.547E-07  1.499E-07  1.451E-07
  298.5000  1.554E-06  1.502E-06  1.454E-06  1.408E-06  1.364E-06  1.322E-06  1.283E-06  1.245E-06  1.209E-06  1.174E-06  1.141E-06  1.110E-06  1.079E-06  1.050E-06  1.022E-06  9.950E-07  9.689E-07  9.437E-07  9.193E-07  8.957E-07  8.729E-07  8.508E-07  8.293E-07  8.084E-07  7.881E-07  7.684E-07  7.493E-07  7.306E-07  7.124E-07  6.947E-07  6.774E-07  6.606E-07  6.441E-07  6.280E-07  6.123E-07  5.969E-07  5.819E-07  5.672E-07  5.528E-07  5.387E-07  5.249E-07  5.114E-07  4.981E-07  4.852E-07  4.724E-07  4.599E-07  4.476E-07  4.355E-07  4.237E-07  4.120E-07  4.005E-07  3.893E-07  3.782E-07  3.672E-07  3.565E-07  3.459E-07  3.354E-07  3.251E-07  3.149E-07  3.048E-07  2.949E-07
  299.5000  6.500E-06  6.259E-06  6.031E-06  5.817E-06  5.613E-06  5.421E-06  5.238E-06  5.065E-06  4.901E-06  4.746E-06  4.597E-06  4.456E-06  4.321E-06  4.192E-06  4.068E-06  3.951E-06  3.837E-06  3.729E-06  3.624E-06  3.523E-06  3.427E-06  3.333E-06  3.243E-06  3.156E-06  3.071E-06  2.989E-06  2.910E-06  2.833E-06  2.759E-06  2.686E-06  2.616E-06  2.547E-06  2.480E-06  2.415E-06  2.351E-06  2.289E-06  2.229E-06  2.170E-06  2.112E-06  2.056E-06  2.001E-06  1.947E-06  1.894E-06  1.843E-06  1.792E-06  1.742E-06  1.694E-06  1.646E-06  1.600E-06  1.554E-06  1.509E-06  1.465E-06  1.421E-06  1.379E-06  1.337E-06  1.296E-06  1.255E-06  1.215E-06  1.176E-06  1.137E-06  1.099E-06
  300.5000  1.026E-05  9.843E-06  9.451E-06  9.082E-06  8.733E-06  8.403E-06  8.091E-06  7.797E-06  7.518E-06  7.255E-06  7.005E-06  6.768E-06  6.543E-06  6.328E-06  6.124E-06  5.931E-06  5.745E-06  5.568E-06  5.399E-06  5.237E-06  5.082E-06  4.933E-06  4.789E-06  4.651E-06  4.519E-06  4.390E-06  4.267E-06  4.147E-06  4.032E-06  3.920E-06  3.811E-06  3.706E-06  3.604E-06  3.504E-06  3.408E-06  3.314E-06  3.222E-06  3.133E-06  3.046E-06  2.961E-06  2.879E-06  2.798E-06  2.719E-06  2.642E-06  2.567E-06  2.493E-06  2.421E-06  2.350E-06  2.281E-06  2.213E-06  2.147E-06  2.082E-06  2.018E-06  1.955E-06  1.894E-06  1.833E-06  1.774E-06  1.716E-06  1.658E-06  1.602E-06  1.547E-06
  301.5000  3.764E-05  3.598E-05  3.442E-05  3.294E-05  3.155E-05  3.023E-05  2.899E-05  2.781E-05  2.670E-05  2.566E-05  2.467E-05  2.373E-05  2.284E-05  2.200E-05  2.120E-05  2.045E-05  1.973E-05  1.905E-05  1.840E-05  1.778E-05  1.720E-05  1.664E-05  1.610E-05  1.559E-05  1.510E-05  1.463E-05  1.418E-05  1.375E-05  1.333E-05  1.293E-05  1.254E-05  1.217E-05  1.181E-05  1.146E-05  1.112E-05  1.079E-05  1.048E-05  1.017E-05  9.870E-06  9.579E-06  9.296E-06  9.020E-06  8.752E-06  8.491E-06  8.236E-06  7.987E-06  7.744E-06  7.506E-06  7.275E-06  7.048E-06  6.826E-06  6.609E-06  6.397E-06  6.189E-06  5.986E-06  5.787E-06  5.591E-06  5.400E-06  5.212E-06  5.027E-06  4.846E-06
  302.5000  7.230E-05  6.900E-05  6.587E-05  6.292E-05  6.012E-05  5.747E-05  5.497E-05  5.260E-05  5.036E-05  4.825E-05  4.625E-05  4.435E-05  4.256E-05  4.087E-05  3.926E-05  3.775E-05  3.631E-05  3.495E-05  3.366E-05  3.243E-05  3.127E-05  3.016E-05  2.911E-05  2.810E-05  2.715E-05  2.624E-05  2.537E-05  2.453E-05  2.374E-05  2.297E-05  2.224E-05  2.153E-05  2.085E-05  2.020E-05  1.957E-05  1.896E-05  1.838E-05  1.781E-05  1.726E-05  1.673E-05  1.621E-05  1.571E-05  1.522E-05  1.474E-05  1.428E-05  1.383E-05  1.340E-05  1.297E-05  1.255E-05  1.215E-05  1.175E-05  1.137E-05  1.099E-05  1.062E-05  1.026E-05  9.904E-06  9.558E-06  9.219E-06  8.888E-06  8.563E-06  8.246E-06
  303.5000  2.136E-04  2.036E-04  1.942E-04  1.852E-04  1.767E-04  1.686E-04  1.609E-04  1.536E-04  1.467E-04  1.401E-04  1.339E-04  1.280E-04  1.224E-04  1.171E-04  1.121E-04  1.074E-04  1.029E-04  9.863E-05  9.460E-05  9.078E-05  8.717E-05  8.374E-05  8.049E-05  7.740E-05  7.447E-05  7.168E-05  6.904E-05  6.652E-05  6.412E-05  6.183E-05  5.965E-05  5.757E-05  5.558E-05  5.367E-05  5.184E-05  5.009E-05  4.840E-05  4.679E-05  4.523E-05  4.372E-05  4.227E-05  4.087E-05  3.951E-05  3.821E-05  3.694E-05  3.570E-05  3.451E-05  3.334E-05  3.222E-05  3.112E-05  3.005E-05  2.901E-05  2.799E-05  2.700E-05  2.604E-05  2.510E-05  2.418E-05  2.329E-05  2.241E-05  2.155E-05  2.072E-05
  304.5000  3.260E-04  3.109E-04  2.964E-04  2.827E-04  2.696E-04  2.572E-04  2.453E-04  2.340E-04  2.232E-04  2.130E-04  2.033E-04  1.941E-04  1.854E-04  1.771E-04  1.692E-04  1.617E-04  1.546E-04  1.479E-04  1.416E-04  1.355E-04  1.298E-04  1.244E-04  1.193E-04  1.144E-04  1.098E-04  1.054E-04  1.013E-04  9.730E-05  9.355E-05  8.999E-05  8.659E-05  8.337E-05  8.029E-05  7.736E-05  7.455E-05  7.187E-05  6.931E-05  6.686E-05  6.450E-05  6.224E-05  6.006E-05  5.797E-05  5.595E-05  5.401E-05  5.214E-05  5.032E-05  4.856E-05  4.686E-05  4.522E-05  4.362E-05  4.206E-05  4.056E-05  3.909E-05  3.766E-05  3.628E-05  3.492E-05  3.360E-05  3.232E-05  3.106E-05  2.984E-05  2.865E-05
  305.5000  7.268E-04  6.942E-04  6.629E-04  6.330E-04  6.042E-04  5.766E-04  5.502E-04  5.250E-04  5.009E-04  4.779E-04  4.558E-04  4.348E-04  4.147E-04  3.956E-04  3.774E-04  3.601E-04  3.436E-04  3.279E-04  3.129E-04  2.987E-04  2.853E-04  2.725E-04  2.603E-04  2.488E-04  2.378E-04  2.274E-04  2.176E-04  2.082E-04  1.993E-04  1.909E-04  1.829E-04  1.753E-04  1.681E-04  1.613E-04  1.547E-04  1.485E-04  1.427E-04  1.370E-04  1.317E-04  1.266E-04  1.217E-04  1.170E-04  1.126E-04  1.083E-04  1.042E-04  1.002E-04  9.644E-05  9.279E-05  8.928E-05  8.588E-05  8.260E-05  7.943E-05  7.637E-05  7.340E-05  7.053E-05  6.774E-05  6.503E-05  6.239E-05  5.984E-05  5.735E-05  5.494E-05
  306.5000  9.565E-04  9.145E-04  8.742E-04  8.355E-04  7.982E-04  7.623E-04  7.279E-04  6.949E-04  6.633E-04  6.331E-04  6.040E-04  5.763E-04  5.497E-04  5.243E-04  5.001E-04  4.770E-04  4.549E-04  4.339E-04  4.138E-04  3.947E-04  3.766E-04  3.593E-04  3.428E-04  3.272E-04  3.123E-04  2.982E-04  2.849E-04  2.722E-04  2.601E-04  2.486E-04  2.377E-04  2.274E-04  2.177E-04  2.084E-04  1.995E-04  1.911E-04  1.832E-04  1.756E-04  1.684E-04  1.615E-04  1.550E-04  1.487E-04  1.428E-04  1.371E-04  1.317E-04  1.265E-04  1.215E-04  1.167E-04  1.121E-04  1.077E-04  1.034E-04  9.929E-05  9.533E-05  9.150E-05  8.781E-05  8.423E-05  8.077E-05  7.740E-05  7.415E-05  7.098E-05  6.793E-05
  307.5000  2.190E-03  2.100E-03  2.013E-03  1.930E-03  1.848E-03  1.770E-03  1.694E-03  1.621E-03  1.550E-03  1.482E-03  1.417E-03  1.354E-03  1.293E-03  1.235E-03  1.179E-03  1.125E-03  1.074E-03  1.024E-03  9.768E-04  9.315E-04  8.882E-04  8.467E-04  8.070E-04  7.691E-04  7.330E-04  6.985E-04  6.657E-04  6.344E-04  6.046E-04  5.762E-04  5.493E-04  5.237E-04  4.993E-04  4.761E-04  4.541E-04  4.332E-04  4.133E-04  3.946E-04  3.767E-04  3.597E-04  3.435E-04  3.282E-04  3.136E-04  2.998E-04  2.866E-04  2.740E-04  2.621E-04  2.507E-04  2.398E-04  2.294E-04  2.195E-04  2.100E-04  2.008E-04  1.921E-04  1.837E-04  1.756E-04  1.679E-04  1.604E-04  1.531E-04  1.462E-04  1.395E-04
  308.5000  2.935E-03  2.819E-03  2.705E-03  2.596E-03  2.490E-03  2.387E-03  2.288E-03  2.191E-03  2.098E-03  2.009E-03  1.922E-03  1.838E-03  1.757E-03  1.679E-03  1.604E-03  1.533E-03  1.463E-03  1.397E-03  1.333E-03  1.271E-03  1.212E-03  1.156E-03  1.102E-03  1.050E-03  1.001E-03  9.533E-04  9.082E-04  8.650E-04  8.239E-04  7.847E-04  7.473E-04  7.118E-04  6.779E-04  6.457E-04  6.150E-04  5.859E-04  5.582E-04  5.320E-04  5.070E-04  4.833E-04  4.608E-04  4.394E-04  4.191E-04  3.999E-04  3.816E-04  3.642E-04  3.476E-04  3.319E-04  3.169E-04  3.026E-04  2.890E-04  2.759E-04  2.635E-04  2.516E-04  2.402E-04  2.293E-04  2.188E-04  2.087E-04  1.990E-04  1.897E-04  1.808E-04
  309.5000  3.555E-03  3.423E-03  3.295E-03  3.170E-03  3.049E-03  2.930E-03  2.816E-03  2.704E-03  2.595E-03  2.491E-03  2.389E-03  2.290E-03  2.194E-03  2.101E-03  2.012E-03  1.925E-03  1.842E-03  1.761E-03  1.683E-03  1.607E-03  1.535E-03  1.465E-03  1.398E-03  1.333E-03  1.271E-03  1.212E-03  1.155E-03  1.100E-03  1.047E-03  9.971E-04  9.490E-04  9.031E-04  8.592E-04  8.172E-04  7.772E-04  7.390E-04  7.027E-04  6.682E-04  6.353E-04  6.040E-04  5.742E-04  5.459E-04  5.190E-04  4.935E-04  4.693E-04  4.463E-04  4.244E-04  4.037E-04  3.840E-04  3.653E-04  3.475E-04  3.306E-04  3.145E-04  2.992E-04  2.846E-04  2.707E-04  2.574E-04  2.447E-04  2.326E-04  2.210E-04  2.099E-04
  310.5000  6.097E-03  5.884E-03  5.675E-03  5.473E-03  5.274E-03  5.080E-03  4.892E-03  4.708E-03  4.529E-03  4.355E-03  4.185E-03  4.020E-03  3.860E-03  3.704E-03  3.553E-03  3.407E-03  3.265E-03  3.127E-03  2.994E-03  2.864E-03  2.740E-03  2.619E-03  2.503E-03  2.390E-03  2.281E-03  2.177E-03  2.076E-03  1.979E-03  1.886E-03  1.797E-03  1.711E-03  1.628E-03  1.549E-03  1.473E-03  1.401E-03  1.331E-03  1.265E-03  1.202E-03  1.141E-03  1.084E-03  1.029E-03  9.766E-04  9.268E-04  8.796E-04  8.346E-04  7.919E-04  7.512E-04  7.127E-04  6.762E-04  6.414E-04  6.084E-04  5.771E-04  5.474E-04  5.192E-04  4.924E-04  4.670E-04  4.427E-04  4.197E-04  3.977E-04  3.768E-04  3.569E-04
  311.5000  9.143E-03  8.837E-03  8.537E-03  8.244E-03  7.957E-03  7.677E-03  7.403E-03  7.136E-03  6.875E-03  6.621E-03  6.373E-03  6.131E-03  5.895E-03  5.666E-03  5.442E-03  5.226E-03  5.015E-03  4.810E-03  4.611E-03  4.418E-03  4.231E-03  4.050E-03  3.874E-03  3.704E-03  3.540E-03  3.381E-03  3.228E-03  3.080E-03  2.937E-03  2.800E-03  2.667E-03  2.540E-03  2.418E-03  2.300E-03  2.187E-03  2.079E-03  1.976E-03  1.877E-03  1.782E-03  1.691E-03  1.604E-03  1.522E-03  1.443E-03  1.368E-03  1.297E-03  1.229E-03  1.164E-03  1.102E-03  1.044E-03  9.887E-04  9.361E-04  8.862E-04  8.388E-04  7.939E-04  7.514E-04  7.109E-04  6.725E-04  6.361E-04  6.014E-04  5.685E-04  5.373E-04
  312.5000  1.177E-02  1.141E-02  1.106E-02  1.071E-02  1.037E-02  1.004E-02  9.708E-03  9.386E-03  9.071E-03  8.763E-03  8.461E-03  8.165E-03  7.876E-03  7.593E-03  7.317E-03  7.048E-03  6.784E-03  6.527E-03  6.276E-03  6.032E-03  5.794E-03  5.562E-03  5.337E-03  5.117E-03  4.904E-03  4.696E-03  4.496E-03  4.301E-03  4.111E-03  3.928E-03  3.751E-03  3.579E-03  3.414E-03  3.253E-03  3.099E-03  2.950E-03  2.806E-03  2.668E-03  2.535E-03  2.407E-03  2.285E-03  2.167E-03  2.054E-03  1.947E-03  1.843E-03  1.745E-03  1.651E-03  1.561E-03  1.475E-03  1.394E-03  1.316E-03  1.242E-03  1.172E-03  1.106E-03  1.043E-03  9.828E-04  9.260E-04  8.721E-04  8.211E-04  7.728E-04  7.271E-04
  313.5000  1.426E-02  1.383E-02  1.341E-02  1.300E-02  1.259E-02  1.220E-02  1.181E-02  1.142E-02  1.105E-02  1.068E-02  1.032E-02  9.968E-03  9.622E-03  9.283E-03  8.952E-03  8.629E-03  8.313E-03  8.004E-03  7.702E-03  7.408E-03  7.122E-03  6.842E-03  6.569E-03  6.303E-03  6.045E-03  5.794E-03  5.550E-03  5.313E-03  5.082E-03  4.859E-03  4.643E-03  4.433E-03  4.230E-03  4.034E-03  3.844E-03  3.661E-03  3.485E-03  3.315E-03  3.151E-03  2.993E-03  2.841E-03  2.696E-03  2.556E-03  2.422E-03  2.294E-03  2.171E-03  2.054E-03  1.942E-03  1.835E-03  1.733E-03  1.636E-03  1.543E-03  1.456E-03  1.372E-03  1.293E-03  1.218E-03  1.147E-03  1.079E-03  1.015E-03  9.543E-04  8.970E-04
  314.5000  1.812E-02  1.762E-02  1.714E-02  1.666E-02  1.619E-02  1.572E-02  1.526E-02  1.481E-02  1.437E-02  1.393E-02  1.350E-02  1.308E-02  1.267E-02  1.226E-02  1.186E-02  1.147E-02  1.108E-02  1.070E-02  1.033E-02  9.972E-03  9.618E-03  9.270E-03  8.929E-03  8.597E-03  8.271E-03  7.953E-03  7.643E-03  7.340E-03  7.045E-03  6.756E-03  6.475E-03  6.203E-03  5.937E-03  5.678E-03  5.426E-03  5.182E-03  4.945E-03  4.716E-03  4.494E-03  4.278E-03  4.070E-03  3.869E-03  3.675E-03  3.488E-03  3.308E-03  3.134E-03  2.967E-03  2.807E-03  2.653E-03  2.506E-03  2.365E-03  2.230E-03  2.100E-03  1.977E-03  1.860E-03  1.749E-03  1.642E-03  1.541E-03  1.446E-03  1.355E-03  1.269E-03
  315.5000  1.947E-02  1.895E-02  1.843E-02  1.793E-02  1.743E-02  1.693E-02  1.645E-02  1.597E-02  1.550E-02  1.503E-02  1.458E-02  1.413E-02  1.369E-02  1.325E-02  1.283E-02  1.241E-02  1.200E-02  1.160E-02  1.120E-02  1.082E-02  1.044E-02  1.006E-02  9.701E-03  9.344E-03  8.995E-03  8.654E-03  8.322E-03  7.996E-03  7.678E-03  7.368E-03  7.066E-03  6.772E-03  6.485E-03  6.206E-03  5.934E-03  5.670E-03  5.414E-03  5.166E-03  4.925E-03  4.691E-03  4.465E-03  4.246E-03  4.035E-03  3.831E-03  3.634E-03  3.445E-03  3.262E-03  3.087E-03  2.919E-03  2.757E-03  2.602E-03  2.454E-03  2.312E-03  2.177E-03  2.048E-03  1.925E-03  1.808E-03  1.696E-03  1.590E-03  1.490E-03  1.395E-03
  316.5000  2.339E-02  2.281E-02  2.224E-02  2.168E-02  2.112E-02  2.057E-02  2.003E-02  1.950E-02  1.897E-02  1.845E-02  1.793E-02  1.743E-02  1.693E-02  1.644E-02  1.595E-02  1.547E-02  1.500E-02  1.454E-02  1.409E-02  1.364E-02  1.320E-02  1.277E-02  1.234E-02  1.192E-02  1.151E-02  1.111E-02  1.072E-02  1.033E-02  9.948E-03  9.576E-03  9.212E-03  8.856E-03  8.508E-03  8.167E-03  7.834E-03  7.509E-03  7.192E-03  6.883E-03  6.582E-03  6.288E-03  6.003E-03  5.725E-03  5.455E-03  5.194E-03  4.940E-03  4.694E-03  4.456E-03  4.226E-03  4.004E-03  3.790E-03  3.583E-03  3.383E-03  3.192E-03  3.008E-03  2.832E-03  2.663E-03  2.501E-03  2.346E-03  2.199E-03  2.058E-03  1.924E-03
  317.5000  3.312E-02  3.230E-02  3.150E-02  3.070E-02  2.991E-02  2.913E-02  2.836E-02  2.760E-02  2.686E-02  2.612E-02  2.539E-02  2.467E-02  2.397E-02  2.327E-02  2.258E-02  2.191E-02  2.124E-02  2.058E-02  1.994E-02  1.930E-02  1.868E-02  1.807E-02  1.747E-02  1.687E-02  1.629E-02  1.572E-02  1.516E-02  1.461E-02  1.408E-02  1.355E-02  1.303E-02  1.253E-02  1.204E-02  1.155E-02  1.108E-02  1.062E-02  1.017E-02  9.737E-03  9.310E-03  8.895E-03  8.490E-03  8.097E-03  7.715E-03  7.346E-03  6.987E-03  6.638E-03  6.302E-03  5.976E-03  5.662E-03  5.358E-03  5.066E-03  4.784E-03  4.513E-03  4.252E-03  4.004E-03  3.764E-03  3.535E-03  3.317E-03  3.108E-03  2.909E-03  2.721E-03
  318.5000  3.096E-02  3.026E-02  2.957E-02  2.888E-02  2.820E-02  2.753E-02  2.687E-02  2.621E-02  2.556E-02  2.492E-02  2.428E-02  2.366E-02  2.304E-02  2.242E-02  2.182E-02  2.122E-02  2.063E-02  2.005E-02  1.948E-02  1.891E-02  1.835E-02  1.780E-02  1.726E-02  1.673E-02  1.620E-02  1.568E-02  1.517E-02  1.467E-02  1.417E-02  1.369E-02  1.321E-02  1.274E-02  1.228E-02  1.183E-02  1.139E-02  1.095E-02  1.053E-02  1.011E-02  9.701E-03  9.300E-03  8.909E-03  8.527E-03  8.154E-03  7.790E-03  7.435E-03  7.089E-03  6.752E-03  6.425E-03  6.107E-03  5.798E-03  5.498E-03  5.207E-03  4.926E-03  4.654E-03  4.393E-03  4.140E-03  3.896E-03  3.661E-03  3.436E-03  3.220E-03  3.014E-03
  319.5000  3.906E-02  3.819E-02  3.733E-02  3.648E-02  3.563E-02  3.480E-02  3.397E-02  3.316E-02  3.235E-02  3.155E-02  3.076E-02  2.998E-02  2.921E-02  2.845E-02  2.769E-02  2.695E-02  2.621E-02  2.549E-02  2.477E-02  2.406E-02  2.337E-02  2.268E-02  2.200E-02  2.133E-02  2.067E-02  2.002E-02  1.938E-02  1.875E-02  1.813E-02  1.752E-02  1.692E-02  1.633E-02  1.575E-02  1.518E-02  1.462E-02  1.407E-02  1.354E-02  1.301E-02  1.249E-02  1.199E-02  1.149E-02  1.101E-02  1.053E-02  1.007E-02  9.618E-03  9.177E-03  8.748E-03  8.330E-03  7.924E-03  7.528E-03  7.144E-03  6.772E-03  6.411E-03  6.061E-03  5.725E-03  5.398E-03  5.084E-03  4.780E-03  4.489E-03  4.209E-03  3.941E-03
  320.5000  4.947E-02  4.840E-02  4.733E-02  4.628E-02  4.523E-02  4.419E-02  4.317E-02  4.215E-02  4.115E-02  4.016E-02  3.917E-02  3.820E-02  3.724E-02  3.629E-02  3.535E-02  3.442E-02  3.350E-02  3.259E-02  3.170E-02  3.081E-02  2.994E-02  2.908E-02  2.823E-02  2.739E-02  2.656E-02  2.574E-02  2.494E-02  2.415E-02  2.337E-02  2.260E-02  2.184E-02  2.110E-02  2.037E-02  1.965E-02  1.894E-02  1.825E-02  1.756E-02  1.689E-02  1.624E-02  1.559E-02  1.496E-02  1.434E-02  1.374E-02  1.315E-02  1.257E-02  1.201E-02  1.146E-02  1.092E-02  1.040E-02  9.886E-03  9.390E-03  8.909E-03  8.441E-03  7.988E-03  7.551E-03  7.126E-03  6.716E-03  6.321E-03  5.939E-03  5.573E-03  5.221E-03
  321.5000  4.918E-02  4.820E-02  4.723E-02  4.628E-02  4.533E-02  4.439E-02  4.345E-02  4.252E-02  4.160E-02  4.070E-02  3.979E-02  3.890E-02  3.801E-02  3.713E-02  3.626E-02  3.540E-02  3.455E-02  3.371E-02  3.287E-02  3.204E-02  3.123E-02  3.041E-02  2.961E-02  2.882E-02  2.804E-02  2.726E-02  2.650E-02  2.574E-02  2.499E-02  2.425E-02  2.352E-02  2.280E-02  2.209E-02  2.139E-02  2.069E-02  2.001E-02  1.934E-02  1.868E-02  1.802E-02  1.738E-02  1.675E-02  1.612E-02  1.551E-02  1.491E-02  1.432E-02  1.374E-02  1.317E-02  1.261E-02  1.206E-02  1.152E-02  1.100E-02  1.048E-02  9.983E-03  9.493E-03  9.016E-03  8.550E-03  8.097E-03  7.656E-03  7.228E-03  6.812E-03  6.411E-03
  322.5000  4.391E-02  4.297E-02  4.204E-02  4.113E-02  4.021E-02  3.931E-02  3.842E-02  3.753E-02  3.665E-02  3.579E-02  3.493E-02  3.408E-02  3.324E-02  3.240E-02  3.158E-02  3.077E-02  2.996E-02  2.917E-02  2.838E-02  2.761E-02  2.684E-02  2.608E-02  2.534E-02  2.460E-02  2.387E-02  2.315E-02  2.245E-02  2.175E-02  2.106E-02  2.038E-02  1.971E-02  1.906E-02  1.841E-02  1.777E-02  1.714E-02  1.653E-02  1.592E-02  1.533E-02  1.474E-02  1.417E-02  1.361E-02  1.306E-02  1.252E-02  1.199E-02  1.147E-02  1.097E-02  1.047E-02  9.989E-03  9.520E-03  9.061E-03  8.614E-03  8.180E-03  7.757E-03  7.347E-03  6.951E-03  6.565E-03  6.192E-03  5.832E-03  5.484E-03  5.149E-03  4.828E-03
  323.5000  5.475E-02  5.372E-02  5.269E-02  5.167E-02  5.065E-02  4.965E-02  4.865E-02  4.766E-02  4.667E-02  4.570E-02  4.474E-02  4.378E-02  4.282E-02  4.188E-02  4.095E-02  4.002E-02  3.910E-02  3.819E-02  3.729E-02  3.640E-02  3.552E-02  3.464E-02  3.377E-02  3.291E-02  3.206E-02  3.122E-02  3.039E-02  2.956E-02  2.875E-02  2.794E-02  2.714E-02  2.636E-02  2.558E-02  2.481E-02  2.404E-02  2.329E-02  2.255E-02  2.182E-02  2.110E-02  2.038E-02  1.968E-02  1.899E-02  1.830E-02  1.763E-02  1.697E-02  1.631E-02  1.567E-02  1.504E-02  1.442E-02  1.381E-02  1.322E-02  1.263E-02  1.206E-02  1.149E-02  1.094E-02  1.041E-02  9.880E-03  9.367E-03  8.867E-03  8.380E-03  7.907E-03
  324.5000  6.385E-02  6.264E-02  6.143E-02  6.023E-02  5.905E-02  5.787E-02  5.669E-02  5.553E-02  5.438E-02  5.324E-02  5.211E-02  5.098E-02  4.987E-02  4.876E-02  4.767E-02  4.659E-02  4.551E-02  4.444E-02  4.339E-02  4.234E-02  4.131E-02  4.028E-02  3.927E-02  3.826E-02  3.727E-02  3.628E-02  3.531E-02  3.435E-02  3.339E-02  3.245E-02  3.152E-02  3.060E-02  2.968E-02  2.878E-02  2.790E-02  2.702E-02  2.615E-02  2.530E-02  2.445E-02  2.362E-02  2.280E-02  2.199E-02  2.119E-02  2.041E-02  1.964E-02  1.888E-02  1.813E-02  1.740E-02  1.668E-02  1.597E-02  1.527E-02  1.459E-02  1.392E-02  1.327E-02  1.263E-02  1.201E-02  1.140E-02  1.080E-02  1.022E-02  9.655E-03  9.108E-03
  325.5000  6.989E-02  6.854E-02  6.719E-02  6.586E-02  6.454E-02  6.322E-02  6.192E-02  6.063E-02  5.935E-02  5.808E-02  5.682E-02  5.557E-02  5.434E-02  5.311E-02  5.189E-02  5.069E-02  4.950E-02  4.832E-02  4.715E-02  4.599E-02  4.485E-02  4.371E-02  4.259E-02  4.147E-02  4.037E-02  3.928E-02  3.821E-02  3.715E-02  3.609E-02  3.505E-02  3.402E-02  3.301E-02  3.201E-02  3.102E-02  3.004E-02  2.907E-02  2.812E-02  2.718E-02  2.626E-02  2.534E-02  2.444E-02  2.356E-02  2.268E-02  2.183E-02  2.098E-02  2.016E-02  1.934E-02  1.854E-02  1.776E-02  1.698E-02  1.623E-02  1.549E-02  1.477E-02  1.406E-02  1.337E-02  1.269E-02  1.203E-02  1.139E-02  1.077E-02  1.016E-02  9.575E-03
  326.5000  9.617E-02  9.447E-02  9.277E-02  9.110E-02  8.943E-02  8.777E-02  8.612E-02  8.448E-02  8.286E-02  8.125E-02  7.965E-02  7.806E-02  7.648E-02  7.491E-02  7.336E-02  7.182E-02  7.029E-02  6.877E-02  6.726E-02  6.577E-02  6.429E-02  6.283E-02  6.137E-02  5.992E-02  5.849E-02  5.707E-02  5.567E-02  5.428E-02  5.290E-02  5.153E-02  5.017E-02  4.884E-02  4.751E-02  4.619E-02  4.489E-02  4.360E-02  4.232E-02  4.106E-02  3.981E-02  3.858E-02  3.736E-02  3.615E-02  3.496E-02  3.379E-02  3.262E-02  3.147E-02  3.034E-02  2.922E-02  2.812E-02  2.704E-02  2.597E-02  2.491E-02  2.388E-02  2.286E-02  2.186E-02  2.087E-02  1.990E-02  1.896E-02  1.803E-02  1.712E-02  1.623E-02
  327.5000  8.604E-02  8.446E-02  8.290E-02  8.135E-02  7.981E-02  7.828E-02  7.677E-02  7.526E-02  7.376E-02  7.228E-02  7.081E-02  6.935E-02  6.790E-02  6.646E-02  6.504E-02  6.362E-02  6.222E-02  6.083E-02  5.945E-02  5.808E-02  5.673E-02  5.539E-02  5.406E-02  5.274E-02  5.143E-02  5.014E-02  4.886E-02  4.759E-02  4.633E-02  4.509E-02  4.386E-02  4.264E-02  4.144E-02  4.024E-02  3.906E-02  3.790E-02  3.674E-02  3.561E-02  3.448E-02  3.337E-02  3.227E-02  3.118E-02  3.011E-02  2.906E-02  2.801E-02  2.699E-02  2.597E-02  2.498E-02  2.400E-02  2.303E-02  2.208E-02  2.115E-02  2.023E-02  1.933E-02  1.845E-02  1.758E-02  1.673E-02  1.590E-02  1.509E-02  1.430E-02  1.352E-02
  328.5000  7.963E-02  7.817E-02  7.673E-02  7.530E-02  7.387E-02  7.246E-02  7.105E-02  6.966E-02  6.828E-02  6.691E-02  6.554E-02  6.419E-02  6.285E-02  6.152E-02  6.020E-02  5.890E-02  5.760E-02  5.631E-02  5.504E-02  5.377E-02  5.252E-02  5.128E-02  5.005E-02  4.883E-02  4.762E-02  4.642E-02  4.524E-02  4.406E-02  4.290E-02  4.175E-02  4.061E-02  3.948E-02  3.837E-02  3.726E-02  3.617E-02  3.509E-02  3.402E-02  3.297E-02  3.193E-02  3.090E-02  2.988E-02  2.888E-02  2.789E-02  2.691E-02  2.595E-02  2.500E-02  2.406E-02  2.313E-02  2.223E-02  2.133E-02  2.045E-02  1.959E-02  1.874E-02  1.790E-02  1.709E-02  1.628E-02  1.550E-02  1.473E-02  1.398E-02  1.324E-02  1.252E-02
  329.5000  1.135E-01  1.115E-01  1.096E-01  1.077E-01  1.058E-01  1.039E-01  1.021E-01  1.002E-01  9.835E-02  9.652E-02  9.470E-02  9.289E-02  9.109E-02  8.931E-02  8.754E-02  8.578E-02  8.404E-02  8.230E-02  8.058E-02  7.887E-02  7.719E-02  7.550E-02  7.384E-02  7.218E-02  7.054E-02  6.891E-02  6.730E-02  6.570E-02  6.411E-02  6.253E-02  6.097E-02  5.943E-02  5.790E-02  5.638E-02  5.487E-02  5.338E-02  5.190E-02  5.044E-02  4.899E-02  4.755E-02  4.613E-02  4.472E-02  4.333E-02  4.195E-02  4.059E-02  3.924E-02  3.791E-02  3.659E-02  3.530E-02  3.401E-02  3.274E-02  3.149E-02  3.026E-02  2.904E-02  2.785E-02  2.666E-02  2.550E-02  2.436E-02  2.323E-02  2.213E-02  2.105E-02
  330.5000  9.932E-02  9.758E-02  9.585E-02  9.413E-02  9.242E-02  9.072E-02  8.903E-02  8.735E-02  8.569E-02  8.404E-02  8.240E-02  8.077E-02  7.916E-02  7.755E-02  7.596E-02  7.439E-02  7.282E-02  7.126E-02  6.972E-02  6.819E-02  6.667E-02  6.517E-02  6.368E-02  6.220E-02  6.073E-02  5.927E-02  5.783E-02  5.640E-02  5.499E-02  5.358E-02  5.219E-02  5.082E-02  4.945E-02  4.810E-02  4.676E-02  4.544E-02  4.413E-02  4.283E-02  4.155E-02  4.028E-02  3.902E-02  3.778E-02  3.655E-02  3.534E-02  3.414E-02  3.296E-02  3.179E-02  3.063E-02  2.950E-02  2.838E-02  2.727E-02  2.618E-02  2.511E-02  2.405E-02  2.301E-02  2.199E-02  2.099E-02  2.000E-02  1.903E-02  1.809E-02  1.716E-02
  331.5000  9.747E-02  9.575E-02  9.403E-02  9.234E-02  9.065E-02  8.897E-02  8.730E-02  8.565E-02  8.401E-02  8.238E-02  8.076E-02  7.915E-02  7.756E-02  7.598E-02  7.441E-02  7.285E-02  7.130E-02  6.977E-02  6.825E-02  6.674E-02  6.525E-02  6.376E-02  6.229E-02  6.083E-02  5.938E-02  5.795E-02  5.653E-02  5.512E-02  5.373E-02  5.234E-02  5.097E-02  4.962E-02  4.828E-02  4.695E-02  4.563E-02  4.433E-02  4.304E-02  4.176E-02  4.050E-02  3.925E-02  3.802E-02  3.680E-02  3.559E-02  3.440E-02  3.322E-02  3.206E-02  3.091E-02  2.978E-02  2.867E-02  2.757E-02  2.648E-02  2.541E-02  2.436E-02  2.333E-02  2.231E-02  2.131E-02  2.033E-02  1.936E-02  1.842E-02  1.749E-02  1.659E-02
  332.5000  1.028E-01  1.011E-01  9.934E-02  9.764E-02  9.594E-02  9.426E-02  9.259E-02  9.093E-02  8.928E-02  8.764E-02  8.601E-02  8.440E-02  8.279E-02  8.119E-02  7.961E-02  7.804E-02  7.648E-02  7.493E-02  7.339E-02  7.187E-02  7.035E-02  6.885E-02  6.736E-02  6.588E-02  6.441E-02  6.295E-02  6.151E-02  6.007E-02  5.865E-02  5.724E-02  5.584E-02  5.445E-02  5.308E-02  5.171E-02  5.036E-02  4.902E-02  4.769E-02  4.638E-02  4.507E-02  4.378E-02  4.250E-02  4.124E-02  3.998E-02  3.874E-02  3.751E-02  3.630E-02  3.510E-02  3.391E-02  3.274E-02  3.157E-02  3.042E-02  2.929E-02  2.817E-02  2.707E-02  2.598E-02  2.491E-02  2.385E-02  2.280E-02  2.178E-02  2.077E-02  1.978E-02
  333.5000  9.391E-02  9.230E-02  9.070E-02  8.911E-02  8.752E-02  8.595E-02  8.439E-02  8.284E-02  8.129E-02  7.977E-02  7.825E-02  7.674E-02  7.524E-02  7.375E-02  7.227E-02  7.081E-02  6.936E-02  6.791E-02  6.648E-02  6.506E-02  6.365E-02  6.225E-02  6.087E-02  5.949E-02  5.812E-02  5.677E-02  5.543E-02  5.410E-02  5.278E-02  5.147E-02  5.017E-02  4.889E-02  4.762E-02  4.635E-02  4.510E-02  4.386E-02  4.264E-02  4.142E-02  4.022E-02  3.903E-02  3.785E-02  3.668E-02  3.553E-02  3.439E-02  3.326E-02  3.215E-02  3.105E-02  2.996E-02  2.888E-02  2.782E-02  2.677E-02  2.574E-02  2.472E-02  2.371E-02  2.273E-02  2.175E-02  2.079E-02  1.985E-02  1.892E-02  1.801E-02  1.712E-02
  334.5000  1.066E-01  1.048E-01  1.030E-01  1.012E-01  9.943E-02  9.766E-02  9.591E-02  9.416E-02  9.243E-02  9.072E-02  8.901E-02  8.731E-02  8.563E-02  8.396E-02  8.230E-02  8.066E-02  7.902E-02  7.740E-02  7.579E-02  7.419E-02  7.260E-02  7.103E-02  6.947E-02  6.792E-02  6.638E-02  6.486E-02  6.335E-02  6.185E-02  6.036E-02  5.889E-02  5.742E-02  5.598E-02  5.454E-02  5.312E-02  5.171E-02  5.031E-02  4.892E-02  4.756E-02  4.620E-02  4.485E-02  4.352E-02  4.220E-02  4.090E-02  3.961E-02  3.833E-02  3.707E-02  3.582E-02  3.458E-02  3.337E-02  3.216E-02  3.097E-02  2.980E-02  2.864E-02  2.749E-02  2.637E-02  2.526E-02  2.416E-02  2.309E-02  2.203E-02  2.099E-02  1.997E-02
  335.5000  1.117E-01  1.098E-01  1.080E-01  1.062E-01  1.043E-01  1.025E-01  1.007E-01  9.897E-02  9.719E-02  9.544E-02  9.369E-02  9.196E-02  9.023E-02  8.852E-02  8.682E-02  8.514E-02  8.346E-02  8.179E-02  8.014E-02  7.850E-02  7.688E-02  7.526E-02  7.366E-02  7.206E-02  7.048E-02  6.892E-02  6.737E-02  6.582E-02  6.429E-02  6.277E-02  6.127E-02  5.978E-02  5.830E-02  5.683E-02  5.537E-02  5.392E-02  5.249E-02  5.108E-02  4.967E-02  4.828E-02  4.690E-02  4.553E-02  4.417E-02  4.284E-02  4.151E-02  4.019E-02  3.889E-02  3.760E-02  3.633E-02  3.507E-02  3.383E-02  3.259E-02  3.138E-02  3.018E-02  2.899E-02  2.782E-02  2.667E-02  2.553E-02  2.441E-02  2.331E-02  2.222E-02
  336.5000  8.657E-02  8.513E-02  8.369E-02  8.227E-02  8.085E-02  7.944E-02  7.803E-02  7.664E-02  7.526E-02  7.389E-02  7.252E-02  7.117E-02  6.982E-02  6.848E-02  6.716E-02  6.584E-02  6.453E-02  6.323E-02  6.194E-02  6.066E-02  5.940E-02  5.814E-02  5.689E-02  5.564E-02  5.441E-02  5.319E-02  5.198E-02  5.078E-02  4.958E-02  4.840E-02  4.723E-02  4.607E-02  4.491E-02  4.377E-02  4.263E-02  4.151E-02  4.040E-02  3.930E-02  3.820E-02  3.712E-02  3.604E-02  3.498E-02  3.393E-02  3.289E-02  3.186E-02  3.083E-02  2.982E-02  2.882E-02  2.784E-02  2.686E-02  2.589E-02  2.494E-02  2.400E-02  2.307E-02  2.215E-02  2.125E-02  2.035E-02  1.947E-02  1.861E-02  1.775E-02  1.692E-02
  337.5000  9.301E-02  9.143E-02  8.986E-02  8.830E-02  8.674E-02  8.520E-02  8.367E-02  8.215E-02  8.063E-02  7.914E-02  7.764E-02  7.616E-02  7.469E-02  7.323E-02  7.178E-02  7.035E-02  6.892E-02  6.750E-02  6.609E-02  6.470E-02  6.332E-02  6.194E-02  6.058E-02  5.923E-02  5.789E-02  5.655E-02  5.524E-02  5.393E-02  5.263E-02  5.135E-02  5.007E-02  4.881E-02  4.756E-02  4.632E-02  4.508E-02  4.387E-02  4.266E-02  4.146E-02  4.028E-02  3.911E-02  3.794E-02  3.679E-02  3.566E-02  3.453E-02  3.342E-02  3.232E-02  3.123E-02  3.015E-02  2.909E-02  2.804E-02  2.700E-02  2.598E-02  2.497E-02  2.397E-02  2.299E-02  2.202E-02  2.107E-02  2.013E-02  1.920E-02  1.830E-02  1.741E-02
  338.5000  1.016E-01  9.993E-02  9.826E-02  9.660E-02  9.495E-02  9.331E-02  9.167E-02  9.005E-02  8.844E-02  8.685E-02  8.526E-02  8.368E-02  8.211E-02  8.055E-02  7.900E-02  7.747E-02  7.595E-02  7.443E-02  7.293E-02  7.144E-02  6.996E-02  6.849E-02  6.703E-02  6.559E-02  6.415E-02  6.272E-02  6.131E-02  5.991E-02  5.852E-02  5.714E-02  5.577E-02  5.442E-02  5.307E-02  5.173E-02  5.041E-02  4.910E-02  4.780E-02  4.651E-02  4.523E-02  4.397E-02  4.271E-02  4.147E-02  4.024E-02  3.902E-02  3.781E-02  3.662E-02  3.544E-02  3.426E-02  3.311E-02  3.196E-02  3.083E-02  2.971E-02  2.861E-02  2.751E-02  2.644E-02  2.537E-02  2.432E-02  2.329E-02  2.227E-02  2.126E-02  2.028E-02
  339.5000  1.111E-01  1.092E-01  1.074E-01  1.056E-01  1.038E-01  1.020E-01  1.002E-01  9.847E-02  9.671E-02  9.497E-02  9.324E-02  9.152E-02  8.981E-02  8.811E-02  8.643E-02  8.476E-02  8.310E-02  8.145E-02  7.981E-02  7.818E-02  7.657E-02  7.497E-02  7.338E-02  7.181E-02  7.024E-02  6.869E-02  6.715E-02  6.562E-02  6.410E-02  6.260E-02  6.111E-02  5.963E-02  5.816E-02  5.671E-02  5.526E-02  5.383E-02  5.241E-02  5.101E-02  4.961E-02  4.823E-02  4.686E-02  4.551E-02  4.416E-02  4.284E-02  4.152E-02  4.021E-02  3.892E-02  3.764E-02  3.638E-02  3.513E-02  3.389E-02  3.267E-02  3.146E-02  3.027E-02  2.909E-02  2.793E-02  2.678E-02  2.565E-02  2.453E-02  2.343E-02  2.235E-02
  340.5000  1.174E-01  1.155E-01  1.135E-01  1.116E-01  1.097E-01  1.077E-01  1.058E-01  1.040E-01  1.021E-01  1.002E-01  9.838E-02  9.654E-02  9.472E-02  9.290E-02  9.111E-02  8.933E-02  8.755E-02  8.579E-02  8.405E-02  8.231E-02  8.060E-02  7.889E-02  7.720E-02  7.552E-02  7.385E-02  7.219E-02  7.056E-02  6.893E-02  6.731E-02  6.571E-02  6.412E-02  6.255E-02  6.099E-02  5.944E-02  5.791E-02  5.638E-02  5.488E-02  5.339E-02  5.191E-02  5.044E-02  4.899E-02  4.755E-02  4.612E-02  4.471E-02  4.332E-02  4.193E-02  4.056E-02  3.921E-02  3.788E-02  3.655E-02  3.524E-02  3.395E-02  3.267E-02  3.141E-02  3.017E-02  2.894E-02  2.773E-02  2.654E-02  2.536E-02  2.420E-02  2.307E-02
  341.5000  1.062E-01  1.044E-01  1.027E-01  1.010E-01  9.926E-02  9.755E-02  9.585E-02  9.417E-02  9.250E-02  9.084E-02  8.919E-02  8.755E-02  8.592E-02  8.430E-02  8.270E-02  8.110E-02  7.952E-02  7.795E-02  7.639E-02  7.484E-02  7.330E-02  7.178E-02  7.026E-02  6.876E-02  6.726E-02  6.578E-02  6.432E-02  6.286E-02  6.141E-02  5.998E-02  5.856E-02  5.715E-02  5.575E-02  5.436E-02  5.299E-02  5.162E-02  5.027E-02  4.893E-02  4.760E-02  4.628E-02  4.498E-02  4.369E-02  4.240E-02  4.114E-02  3.988E-02  3.864E-02  3.740E-02  3.618E-02  3.498E-02  3.378E-02  3.260E-02  3.143E-02  3.028E-02  2.914E-02  2.801E-02  2.690E-02  2.580E-02  2.472E-02  2.365E-02  2.260E-02  2.156E-02
  342.5000  1.181E-01  1.162E-01  1.142E-01  1.123E-01  1.104E-01  1.085E-01  1.066E-01  1.048E-01  1.029E-01  1.011E-01  9.924E-02  9.742E-02  9.561E-02  9.382E-02  9.203E-02  9.027E-02  8.851E-02  8.676E-02  8.503E-02  8.331E-02  8.161E-02  7.991E-02  7.823E-02  7.656E-02  7.490E-02  7.326E-02  7.163E-02  7.002E-02  6.841E-02  6.682E-02  6.524E-02  6.368E-02  6.212E-02  6.058E-02  5.905E-02  5.754E-02  5.603E-02  5.455E-02  5.307E-02  5.161E-02  5.016E-02  4.872E-02  4.730E-02  4.589E-02  4.450E-02  4.311E-02  4.174E-02  4.039E-02  3.905E-02  3.772E-02  3.641E-02  3.511E-02  3.383E-02  3.256E-02  3.131E-02  3.007E-02  2.885E-02  2.764E-02  2.645E-02  2.528E-02  2.413E-02
  343.5000  1.221E-01  1.201E-01  1.181E-01  1.161E-01  1.141E-01  1.121E-01  1.102E-01  1.082E-01  1.063E-01  1.044E-01  1.025E-01  1.006E-01  9.871E-02  9.685E-02  9.500E-02  9.316E-02  9.134E-02  8.952E-02  8.772E-02  8.594E-02  8.417E-02  8.241E-02  8.067E-02  7.893E-02  7.721E-02  7.551E-02  7.382E-02  7.214E-02  7.048E-02  6.883E-02  6.719E-02  6.557E-02  6.396E-02  6.236E-02  6.077E-02  5.920E-02  5.765E-02  5.611E-02  5.458E-02  5.306E-02  5.156E-02  5.007E-02  4.860E-02  4.714E-02  4.570E-02  4.427E-02  4.285E-02  4.145E-02  4.006E-02  3.869E-02  3.733E-02  3.599E-02  3.466E-02  3.335E-02  3.206E-02  3.078E-02  2.952E-02  2.827E-02  2.705E-02  2.584E-02  2.465E-02
  344.5000  8.510E-02  8.368E-02  8.228E-02  8.088E-02  7.950E-02  7.812E-02  7.675E-02  7.538E-02  7.403E-02  7.269E-02  7.136E-02  7.003E-02  6.872E-02  6.741E-02  6.611E-02  6.483E-02  6.355E-02  6.228E-02  6.102E-02  5.977E-02  5.853E-02  5.730E-02  5.608E-02  5.486E-02  5.366E-02  5.247E-02  5.128E-02  5.011E-02  4.894E-02  4.779E-02  4.664E-02  4.551E-02  4.438E-02  4.327E-02  4.216E-02  4.106E-02  3.997E-02  3.890E-02  3.783E-02  3.677E-02  3.572E-02  3.468E-02  3.365E-02  3.263E-02  3.162E-02  3.062E-02  2.964E-02  2.866E-02  2.769E-02  2.673E-02  2.579E-02  2.485E-02  2.393E-02  2.301E-02  2.211E-02  2.122E-02  2.034E-02  1.948E-02  1.862E-02  1.778E-02  1.696E-02
  345.5000  1.186E-01  1.167E-01  1.147E-01  1.128E-01  1.109E-01  1.090E-01  1.071E-01  1.053E-01  1.034E-01  1.016E-01  9.972E-02  9.790E-02  9.609E-02  9.429E-02  9.250E-02  9.073E-02  8.897E-02  8.722E-02  8.548E-02  8.376E-02  8.205E-02  8.035E-02  7.867E-02  7.699E-02  7.533E-02  7.369E-02  7.206E-02  7.044E-02  6.883E-02  6.723E-02  6.565E-02  6.408E-02  6.253E-02  6.098E-02  5.945E-02  5.793E-02  5.643E-02  5.494E-02  5.346E-02  5.200E-02  5.054E-02  4.910E-02  4.768E-02  4.627E-02  4.487E-02  4.348E-02  4.211E-02  4.075E-02  3.941E-02  3.808E-02  3.676E-02  3.546E-02  3.417E-02  3.290E-02  3.164E-02  3.040E-02  2.917E-02  2.796E-02  2.677E-02  2.559E-02  2.443E-02
  346.5000  1.100E-01  1.082E-01  1.064E-01  1.046E-01  1.028E-01  1.010E-01  9.923E-02  9.748E-02  9.574E-02  9.402E-02  9.230E-02  9.059E-02  8.890E-02  8.722E-02  8.555E-02  8.390E-02  8.225E-02  8.061E-02  7.899E-02  7.738E-02  7.579E-02  7.420E-02  7.263E-02  7.107E-02  6.952E-02  6.798E-02  6.646E-02  6.495E-02  6.345E-02  6.196E-02  6.049E-02  5.903E-02  5.758E-02  5.614E-02  5.471E-02  5.330E-02  5.189E-02  5.051E-02  4.913E-02  4.777E-02  4.642E-02  4.508E-02  4.375E-02  4.244E-02  4.114E-02  3.985E-02  3.857E-02  3.731E-02  3.607E-02  3.483E-02  3.361E-02  3.240E-02  3.120E-02  3.002E-02  2.886E-02  2.771E-02  2.658E-02  2.545E-02  2.435E-02  2.326E-02  2.219E-02
  347.5000  1.077E-01  1.059E-01  1.041E-01  1.024E-01  1.006E-01  9.889E-02  9.717E-02  9.545E-02  9.375E-02  9.206E-02  9.038E-02  8.871E-02  8.705E-02  8.541E-02  8.377E-02  8.216E-02  8.054E-02  7.895E-02  7.736E-02  7.578E-02  7.422E-02  7.267E-02  7.113E-02  6.960E-02  6.809E-02  6.658E-02  6.510E-02  6.362E-02  6.215E-02  6.069E-02  5.925E-02  5.782E-02  5.640E-02  5.499E-02  5.360E-02  5.222E-02  5.084E-02  4.949E-02  4.814E-02  4.681E-02  4.548E-02  4.417E-02  4.288E-02  4.159E-02  4.032E-02  3.906E-02  3.781E-02  3.658E-02  3.536E-02  3.415E-02  3.295E-02  3.177E-02  3.060E-02  2.944E-02  2.831E-02  2.718E-02  2.607E-02  2.497E-02  2.389E-02  2.282E-02  2.178E-02
  348.5000  1.189E-01  1.169E-01  1.150E-01  1.130E-01  1.111E-01  1.092E-01  1.073E-01  1.054E-01  1.035E-01  1.017E-01  9.982E-02  9.799E-02  9.616E-02  9.435E-02  9.255E-02  9.076E-02  8.899E-02  8.723E-02  8.548E-02  8.375E-02  8.203E-02  8.032E-02  7.862E-02  7.694E-02  7.527E-02  7.361E-02  7.198E-02  7.035E-02  6.873E-02  6.712E-02  6.553E-02  6.396E-02  6.240E-02  6.085E-02  5.931E-02  5.778E-02  5.627E-02  5.478E-02  5.330E-02  5.182E-02  5.037E-02  4.892E-02  4.749E-02  4.608E-02  4.468E-02  4.329E-02  4.191E-02  4.055E-02  3.920E-02  3.787E-02  3.655E-02  3.524E-02  3.395E-02  3.268E-02  3.142E-02  3.018E-02  2.895E-02  2.774E-02  2.654E-02  2.537E-02  2.421E-02
  349.5000  9.966E-02  9.802E-02  9.638E-02  9.476E-02  9.315E-02  9.154E-02  8.995E-02  8.836E-02  8.679E-02  8.523E-02  8.368E-02  8.213E-02  8.060E-02  7.908E-02  7.757E-02  7.608E-02  7.459E-02  7.311E-02  7.164E-02  7.019E-02  6.875E-02  6.731E-02  6.589E-02  6.448E-02  6.308E-02  6.169E-02  6.031E-02  5.895E-02  5.759E-02  5.625E-02  5.491E-02  5.359E-02  5.228E-02  5.098E-02  4.969E-02  4.841E-02  4.715E-02  4.590E-02  4.465E-02  4.342E-02  4.220E-02  4.099E-02  3.979E-02  3.860E-02  3.743E-02  3.626E-02  3.511E-02  3.396E-02  3.284E-02  3.172E-02  3.061E-02  2.952E-02  2.844E-02  2.737E-02  2.632E-02  2.528E-02  2.425E-02  2.323E-02  2.223E-02  2.124E-02  2.027E-02
  350.5000  1.398E-01  1.375E-01  1.352E-01  1.329E-01  1.306E-01  1.284E-01  1.262E-01  1.239E-01  1.217E-01  1.195E-01  1.174E-01  1.152E-01  1.131E-01  1.109E-01  1.088E-01  1.067E-01  1.046E-01  1.025E-01  1.005E-01  9.845E-02  9.643E-02  9.442E-02  9.242E-02  9.044E-02  8.848E-02  8.653E-02  8.461E-02  8.269E-02  8.079E-02  7.890E-02  7.703E-02  7.519E-02  7.335E-02  7.152E-02  6.972E-02  6.793E-02  6.615E-02  6.440E-02  6.265E-02  6.092E-02  5.921E-02  5.751E-02  5.583E-02  5.417E-02  5.252E-02  5.089E-02  4.927E-02  4.767E-02  4.609E-02  4.453E-02  4.297E-02  4.144E-02  3.993E-02  3.843E-02  3.695E-02  3.549E-02  3.405E-02  3.262E-02  3.122E-02  2.983E-02  2.847E-02
  351.5000  1.204E-01  1.184E-01  1.164E-01  1.145E-01  1.125E-01  1.106E-01  1.087E-01  1.067E-01  1.048E-01  1.030E-01  1.011E-01  9.921E-02  9.735E-02  9.551E-02  9.369E-02  9.188E-02  9.008E-02  8.829E-02  8.652E-02  8.476E-02  8.302E-02  8.128E-02  7.956E-02  7.786E-02  7.616E-02  7.448E-02  7.282E-02  7.117E-02  6.953E-02  6.790E-02  6.629E-02  6.470E-02  6.311E-02  6.154E-02  5.998E-02  5.844E-02  5.691E-02  5.540E-02  5.389E-02  5.241E-02  5.093E-02  4.947E-02  4.802E-02  4.659E-02  4.517E-02  4.376E-02  4.237E-02  4.099E-02  3.963E-02  3.828E-02  3.694E-02  3.562E-02  3.432E-02  3.303E-02  3.176E-02  3.050E-02  2.925E-02  2.803E-02  2.682E-02  2.563E-02  2.446E-02
  352.5000  1.088E-01  1.070E-01  1.052E-01  1.035E-01  1.017E-01  9.995E-02  9.820E-02  9.647E-02  9.475E-02  9.305E-02  9.135E-02  8.966E-02  8.799E-02  8.633E-02  8.468E-02  8.305E-02  8.142E-02  7.980E-02  7.820E-02  7.661E-02  7.504E-02  7.347E-02  7.192E-02  7.038E-02  6.885E-02  6.733E-02  6.583E-02  6.434E-02  6.286E-02  6.139E-02  5.994E-02  5.850E-02  5.707E-02  5.565E-02  5.424E-02  5.285E-02  5.146E-02  5.010E-02  4.874E-02  4.739E-02  4.606E-02  4.474E-02  4.343E-02  4.214E-02  4.086E-02  3.959E-02  3.833E-02  3.708E-02  3.586E-02  3.464E-02  3.343E-02  3.224E-02  3.106E-02  2.989E-02  2.875E-02  2.761E-02  2.648E-02  2.538E-02  2.428E-02  2.321E-02  2.215E-02
  353.5000  1.313E-01  1.292E-01  1.270E-01  1.249E-01  1.228E-01  1.206E-01  1.185E-01  1.165E-01  1.144E-01  1.123E-01  1.103E-01  1.082E-01  1.062E-01  1.042E-01  1.022E-01  1.003E-01  9.831E-02  9.636E-02  9.443E-02  9.251E-02  9.061E-02  8.872E-02  8.685E-02  8.499E-02  8.315E-02  8.132E-02  7.951E-02  7.771E-02  7.593E-02  7.416E-02  7.240E-02  7.067E-02  6.894E-02  6.723E-02  6.553E-02  6.385E-02  6.219E-02  6.054E-02  5.890E-02  5.728E-02  5.568E-02  5.408E-02  5.251E-02  5.095E-02  4.940E-02  4.787E-02  4.635E-02  4.485E-02  4.337E-02  4.190E-02  4.044E-02  3.900E-02  3.758E-02  3.617E-02  3.479E-02  3.342E-02  3.206E-02  3.072E-02  2.941E-02  2.811E-02  2.683E-02
  354.5000  1.425E-01  1.401E-01  1.378E-01  1.355E-01  1.332E-01  1.309E-01  1.286E-01  1.263E-01  1.241E-01  1.219E-01  1.197E-01  1.175E-01  1.153E-01  1.131E-01  1.109E-01  1.088E-01  1.067E-01  1.046E-01  1.025E-01  1.004E-01  9.833E-02  9.629E-02  9.426E-02  9.224E-02  9.024E-02  8.826E-02  8.630E-02  8.435E-02  8.242E-02  8.050E-02  7.860E-02  7.672E-02  7.485E-02  7.299E-02  7.115E-02  6.933E-02  6.752E-02  6.574E-02  6.397E-02  6.221E-02  6.047E-02  5.874E-02  5.703E-02  5.534E-02  5.367E-02  5.200E-02  5.036E-02  4.873E-02  4.713E-02  4.553E-02  4.395E-02  4.239E-02  4.085E-02  3.933E-02  3.782E-02  3.634E-02  3.487E-02  3.342E-02  3.198E-02  3.057E-02  2.919E-02
  355.5000  1.333E-01  1.311E-01  1.289E-01  1.267E-01  1.246E-01  1.224E-01  1.203E-01  1.182E-01  1.161E-01  1.140E-01  1.119E-01  1.099E-01  1.078E-01  1.058E-01  1.038E-01  1.018E-01  9.978E-02  9.781E-02  9.585E-02  9.390E-02  9.198E-02  9.006E-02  8.816E-02  8.628E-02  8.441E-02  8.255E-02  8.072E-02  7.890E-02  7.709E-02  7.529E-02  7.351E-02  7.175E-02  7.000E-02  6.827E-02  6.655E-02  6.485E-02  6.316E-02  6.149E-02  5.983E-02  5.819E-02  5.656E-02  5.494E-02  5.334E-02  5.176E-02  5.020E-02  4.864E-02  4.711E-02  4.558E-02  4.408E-02  4.259E-02  4.112E-02  3.966E-02  3.821E-02  3.679E-02  3.538E-02  3.399E-02  3.262E-02  3.126E-02  2.992E-02  2.860E-02  2.731E-02
  356.5000  1.238E-01  1.218E-01  1.197E-01  1.177E-01  1.157E-01  1.137E-01  1.117E-01  1.098E-01  1.078E-01  1.059E-01  1.039E-01  1.020E-01  1.001E-01  9.823E-02  9.636E-02  9.450E-02  9.265E-02  9.082E-02  8.900E-02  8.719E-02  8.540E-02  8.362E-02  8.186E-02  8.011E-02  7.837E-02  7.665E-02  7.494E-02  7.325E-02  7.157E-02  6.990E-02  6.825E-02  6.662E-02  6.499E-02  6.338E-02  6.178E-02  6.020E-02  5.863E-02  5.708E-02  5.554E-02  5.402E-02  5.250E-02  5.100E-02  4.952E-02  4.805E-02  4.660E-02  4.516E-02  4.373E-02  4.232E-02  4.092E-02  3.954E-02  3.817E-02  3.681E-02  3.547E-02  3.415E-02  3.285E-02  3.155E-02  3.028E-02  2.902E-02  2.778E-02  2.655E-02  2.535E-02
  357.5000  1.053E-01  1.036E-01  1.019E-01  1.002E-01  9.844E-02  9.674E-02  9.506E-02  9.338E-02  9.172E-02  9.007E-02  8.842E-02  8.679E-02  8.517E-02  8.356E-02  8.197E-02  8.039E-02  7.881E-02  7.725E-02  7.570E-02  7.416E-02  7.264E-02  7.113E-02  6.963E-02  6.813E-02  6.666E-02  6.519E-02  6.374E-02  6.230E-02  6.087E-02  5.945E-02  5.804E-02  5.665E-02  5.527E-02  5.390E-02  5.254E-02  5.119E-02  4.986E-02  4.854E-02  4.723E-02  4.593E-02  4.464E-02  4.337E-02  4.211E-02  4.086E-02  3.962E-02  3.839E-02  3.718E-02  3.598E-02  3.479E-02  3.361E-02  3.245E-02  3.130E-02  3.016E-02  2.903E-02  2.792E-02  2.683E-02  2.574E-02  2.467E-02  2.361E-02  2.257E-02  2.155E-02
  358.5000  8.142E-02  8.007E-02  7.874E-02  7.741E-02  7.609E-02  7.478E-02  7.347E-02  7.218E-02  7.089E-02  6.962E-02  6.835E-02  6.709E-02  6.584E-02  6.459E-02  6.336E-02  6.214E-02  6.092E-02  5.971E-02  5.852E-02  5.733E-02  5.615E-02  5.498E-02  5.382E-02  5.267E-02  5.153E-02  5.039E-02  4.927E-02  4.816E-02  4.705E-02  4.596E-02  4.487E-02  4.380E-02  4.273E-02  4.167E-02  4.062E-02  3.958E-02  3.855E-02  3.753E-02  3.652E-02  3.551E-02  3.452E-02  3.353E-02  3.256E-02  3.160E-02  3.064E-02  2.969E-02  2.875E-02  2.783E-02  2.691E-02  2.600E-02  2.510E-02  2.421E-02  2.333E-02  2.246E-02  2.160E-02  2.075E-02  1.992E-02  1.909E-02  1.827E-02  1.747E-02  1.668E-02
  359.5000  1.371E-01  1.349E-01  1.326E-01  1.304E-01  1.282E-01  1.260E-01  1.238E-01  1.216E-01  1.194E-01  1.173E-01  1.151E-01  1.130E-01  1.109E-01  1.088E-01  1.067E-01  1.047E-01  1.026E-01  1.006E-01  9.855E-02  9.655E-02  9.456E-02  9.259E-02  9.064E-02  8.870E-02  8.677E-02  8.486E-02  8.297E-02  8.110E-02  7.923E-02  7.739E-02  7.556E-02  7.375E-02  7.195E-02  7.017E-02  6.840E-02  6.665E-02  6.491E-02  6.319E-02  6.149E-02  5.980E-02  5.813E-02  5.647E-02  5.483E-02  5.320E-02  5.159E-02  5.000E-02  4.842E-02  4.686E-02  4.531E-02  4.378E-02  4.227E-02  4.077E-02  3.929E-02  3.782E-02  3.638E-02  3.495E-02  3.354E-02  3.214E-02  3.077E-02  2.941E-02  2.808E-02
  360.5000  1.272E-01  1.251E-01  1.230E-01  1.210E-01  1.189E-01  1.169E-01  1.148E-01  1.128E-01  1.108E-01  1.088E-01  1.068E-01  1.048E-01  1.029E-01  1.009E-01  9.899E-02  9.708E-02  9.518E-02  9.329E-02  9.142E-02  8.956E-02  8.772E-02  8.589E-02  8.408E-02  8.228E-02  8.049E-02  7.872E-02  7.697E-02  7.522E-02  7.350E-02  7.178E-02  7.009E-02  6.841E-02  6.674E-02  6.508E-02  6.344E-02  6.182E-02  6.021E-02  5.862E-02  5.703E-02  5.547E-02  5.392E-02  5.238E-02  5.085E-02  4.935E-02  4.786E-02  4.638E-02  4.491E-02  4.346E-02  4.203E-02  4.061E-02  3.921E-02  3.782E-02  3.644E-02  3.509E-02  3.375E-02  3.242E-02  3.111E-02  2.982E-02  2.854E-02  2.729E-02  2.605E-02
  361.5000  1.149E-01  1.130E-01  1.111E-01  1.092E-01  1.074E-01  1.055E-01  1.037E-01  1.018E-01  1.000E-01  9.821E-02  9.642E-02  9.464E-02  9.287E-02  9.111E-02  8.937E-02  8.764E-02  8.593E-02  8.422E-02  8.253E-02  8.085E-02  7.919E-02  7.754E-02  7.590E-02  7.428E-02  7.267E-02  7.107E-02  6.948E-02  6.791E-02  6.635E-02  6.481E-02  6.327E-02  6.176E-02  6.025E-02  5.876E-02  5.728E-02  5.581E-02  5.436E-02  5.292E-02  5.150E-02  5.008E-02  4.868E-02  4.729E-02  4.592E-02  4.456E-02  4.321E-02  4.188E-02  4.056E-02  3.925E-02  3.796E-02  3.668E-02  3.541E-02  3.416E-02  3.292E-02  3.169E-02  3.048E-02  2.929E-02  2.810E-02  2.694E-02  2.579E-02  2.465E-02  2.354E-02
  362.5000  1.351E-01  1.328E-01  1.306E-01  1.284E-01  1.262E-01  1.240E-01  1.219E-01  1.197E-01  1.176E-01  1.155E-01  1.133E-01  1.113E-01  1.092E-01  1.071E-01  1.051E-01  1.030E-01  1.010E-01  9.901E-02  9.702E-02  9.505E-02  9.309E-02  9.115E-02  8.923E-02  8.731E-02  8.542E-02  8.354E-02  8.168E-02  7.983E-02  7.800E-02  7.618E-02  7.438E-02  7.260E-02  7.083E-02  6.907E-02  6.733E-02  6.561E-02  6.390E-02  6.221E-02  6.054E-02  5.887E-02  5.723E-02  5.560E-02  5.398E-02  5.239E-02  5.080E-02  4.923E-02  4.768E-02  4.614E-02  4.463E-02  4.312E-02  4.163E-02  4.016E-02  3.870E-02  3.726E-02  3.584E-02  3.444E-02  3.305E-02  3.168E-02  3.032E-02  2.899E-02  2.768E-02
  363.5000  1.203E-01  1.183E-01  1.163E-01  1.143E-01  1.124E-01  1.104E-01  1.085E-01  1.066E-01  1.047E-01  1.028E-01  1.009E-01  9.905E-02  9.720E-02  9.536E-02  9.354E-02  9.173E-02  8.993E-02  8.815E-02  8.638E-02  8.462E-02  8.288E-02  8.115E-02  7.943E-02  7.773E-02  7.604E-02  7.437E-02  7.271E-02  7.107E-02  6.944E-02  6.782E-02  6.621E-02  6.463E-02  6.305E-02  6.149E-02  5.994E-02  5.840E-02  5.688E-02  5.538E-02  5.389E-02  5.241E-02  5.094E-02  4.949E-02  4.806E-02  4.664E-02  4.523E-02  4.383E-02  4.245E-02  4.108E-02  3.973E-02  3.839E-02  3.706E-02  3.575E-02  3.446E-02  3.317E-02  3.191E-02  3.066E-02  2.942E-02  2.820E-02  2.700E-02  2.581E-02  2.465E-02
  364.5000  1.313E-01  1.291E-01  1.269E-01  1.248E-01  1.227E-01  1.205E-01  1.184E-01  1.163E-01  1.143E-01  1.122E-01  1.102E-01  1.081E-01  1.061E-01  1.041E-01  1.021E-01  1.001E-01  9.816E-02  9.621E-02  9.427E-02  9.235E-02  9.046E-02  8.857E-02  8.669E-02  8.483E-02  8.299E-02  8.116E-02  7.935E-02  7.756E-02  7.577E-02  7.401E-02  7.225E-02  7.052E-02  6.880E-02  6.710E-02  6.541E-02  6.373E-02  6.207E-02  6.043E-02  5.880E-02  5.719E-02  5.559E-02  5.400E-02  5.243E-02  5.088E-02  4.935E-02  4.782E-02  4.631E-02  4.482E-02  4.335E-02  4.189E-02  4.044E-02  3.901E-02  3.759E-02  3.620E-02  3.482E-02  3.345E-02  3.210E-02  3.077E-02  2.946E-02  2.816E-02  2.689E-02
  365.5000  1.601E-01  1.574E-01  1.548E-01  1.522E-01  1.496E-01  1.470E-01  1.444E-01  1.418E-01  1.393E-01  1.368E-01  1.343E-01  1.318E-01  1.293E-01  1.269E-01  1.245E-01  1.221E-01  1.197E-01  1.173E-01  1.149E-01  1.126E-01  1.103E-01  1.080E-01  1.057E-01  1.034E-01  1.012E-01  9.892E-02  9.672E-02  9.452E-02  9.235E-02  9.019E-02  8.806E-02  8.595E-02  8.385E-02  8.177E-02  7.971E-02  7.766E-02  7.564E-02  7.364E-02  7.165E-02  6.968E-02  6.773E-02  6.580E-02  6.389E-02  6.200E-02  6.013E-02  5.827E-02  5.643E-02  5.461E-02  5.282E-02  5.103E-02  4.927E-02  4.753E-02  4.580E-02  4.410E-02  4.242E-02  4.076E-02  3.911E-02  3.749E-02  3.589E-02  3.431E-02  3.276E-02
  366.5000  1.696E-01  1.668E-01  1.640E-01  1.612E-01  1.585E-01  1.557E-01  1.530E-01  1.503E-01  1.476E-01  1.449E-01  1.423E-01  1.396E-01  1.370E-01  1.344E-01  1.319E-01  1.293E-01  1.268E-01  1.242E-01  1.217E-01  1.193E-01  1.168E-01  1.144E-01  1.119E-01  1.095E-01  1.072E-01  1.048E-01  1.025E-01  1.001E-01  9.783E-02  9.555E-02  9.328E-02  9.105E-02  8.882E-02  8.662E-02  8.444E-02  8.227E-02  8.013E-02  7.801E-02  7.591E-02  7.382E-02  7.176E-02  6.971E-02  6.769E-02  6.569E-02  6.370E-02  6.173E-02  5.979E-02  5.786E-02  5.596E-02  5.407E-02  5.220E-02  5.036E-02  4.853E-02  4.673E-02  4.495E-02  4.319E-02  4.145E-02  3.973E-02  3.803E-02  3.636E-02  3.472E-02
  367.5000  1.612E-01  1.585E-01  1.559E-01  1.533E-01  1.506E-01  1.480E-01  1.454E-01  1.429E-01  1.403E-01  1.378E-01  1.352E-01  1.327E-01  1.303E-01  1.278E-01  1.253E-01  1.229E-01  1.205E-01  1.181E-01  1.157E-01  1.134E-01  1.110E-01  1.087E-01  1.064E-01  1.041E-01  1.018E-01  9.960E-02  9.738E-02  9.517E-02  9.298E-02  9.081E-02  8.866E-02  8.653E-02  8.442E-02  8.233E-02  8.025E-02  7.819E-02  7.616E-02  7.414E-02  7.214E-02  7.016E-02  6.820E-02  6.626E-02  6.433E-02  6.243E-02  6.055E-02  5.868E-02  5.683E-02  5.500E-02  5.319E-02  5.140E-02  4.962E-02  4.787E-02  4.613E-02  4.442E-02  4.273E-02  4.106E-02  3.940E-02  3.777E-02  3.616E-02  3.457E-02  3.301E-02
  368.5000  1.418E-01  1.394E-01  1.371E-01  1.347E-01  1.324E-01  1.301E-01  1.279E-01  1.256E-01  1.233E-01  1.211E-01  1.189E-01  1.167E-01  1.145E-01  1.123E-01  1.102E-01  1.080E-01  1.059E-01  1.038E-01  1.017E-01  9.965E-02  9.759E-02  9.555E-02  9.353E-02  9.152E-02  8.952E-02  8.755E-02  8.560E-02  8.365E-02  8.173E-02  7.982E-02  7.793E-02  7.606E-02  7.420E-02  7.236E-02  7.053E-02  6.873E-02  6.693E-02  6.516E-02  6.341E-02  6.167E-02  5.994E-02  5.823E-02  5.654E-02  5.487E-02  5.321E-02  5.157E-02  4.994E-02  4.834E-02  4.675E-02  4.517E-02  4.361E-02  4.207E-02  4.055E-02  3.904E-02  3.756E-02  3.608E-02  3.463E-02  3.320E-02  3.178E-02  3.038E-02  2.901E-02
  369.5000  1.702E-01  1.674E-01  1.646E-01  1.618E-01  1.590E-01  1.562E-01  1.535E-01  1.508E-01  1.481E-01  1.454E-01  1.427E-01  1.401E-01  1.375E-01  1.349E-01  1.323E-01  1.297E-01  1.272E-01  1.246E-01  1.221E-01  1.196E-01  1.171E-01  1.147E-01  1.123E-01  1.098E-01  1.075E-01  1.051E-01  1.027E-01  1.004E-01  9.809E-02  9.580E-02  9.353E-02  9.129E-02  8.905E-02  8.684E-02  8.465E-02  8.248E-02  8.033E-02  7.821E-02  7.610E-02  7.401E-02  7.194E-02  6.989E-02  6.786E-02  6.585E-02  6.386E-02  6.189E-02  5.994E-02  5.801E-02  5.610E-02  5.421E-02  5.234E-02  5.049E-02  4.866E-02  4.686E-02  4.507E-02  4.331E-02  4.156E-02  3.984E-02  3.814E-02  3.647E-02  3.482E-02
  370.5000  1.545E-01  1.520E-01  1.494E-01  1.469E-01  1.444E-01  1.419E-01  1.394E-01  1.369E-01  1.345E-01  1.320E-01  1.296E-01  1.272E-01  1.248E-01  1.224E-01  1.201E-01  1.178E-01  1.154E-01  1.131E-01  1.109E-01  1.086E-01  1.064E-01  1.041E-01  1.019E-01  9.972E-02  9.755E-02  9.540E-02  9.326E-02  9.115E-02  8.905E-02  8.696E-02  8.490E-02  8.286E-02  8.084E-02  7.883E-02  7.684E-02  7.487E-02  7.292E-02  7.099E-02  6.907E-02  6.718E-02  6.530E-02  6.343E-02  6.159E-02  5.977E-02  5.797E-02  5.618E-02  5.441E-02  5.265E-02  5.092E-02  4.921E-02  4.751E-02  4.583E-02  4.417E-02  4.253E-02  4.091E-02  3.931E-02  3.773E-02  3.616E-02  3.462E-02  3.310E-02  3.161E-02
  371.5000  1.770E-01  1.741E-01  1.711E-01  1.682E-01  1.653E-01  1.625E-01  1.596E-01  1.568E-01  1.540E-01  1.512E-01  1.484E-01  1.457E-01  1.429E-01  1.402E-01  1.375E-01  1.348E-01  1.322E-01  1.296E-01  1.269E-01  1.243E-01  1.218E-01  1.192E-01  1.167E-01  1.142E-01  1.117E-01  1.092E-01  1.068E-01  1.044E-01  1.020E-01  9.957E-02  9.721E-02  9.487E-02  9.255E-02  9.025E-02  8.797E-02  8.572E-02  8.348E-02  8.127E-02  7.908E-02  7.691E-02  7.475E-02  7.262E-02  7.051E-02  6.843E-02  6.636E-02  6.431E-02  6.229E-02  6.028E-02  5.830E-02  5.634E-02  5.439E-02  5.247E-02  5.057E-02  4.869E-02  4.684E-02  4.501E-02  4.319E-02  4.141E-02  3.964E-02  3.790E-02  3.619E-02
  372.5000  1.309E-01  1.287E-01  1.265E-01  1.244E-01  1.222E-01  1.201E-01  1.180E-01  1.159E-01  1.138E-01  1.118E-01  1.097E-01  1.077E-01  1.057E-01  1.037E-01  1.017E-01  9.969E-02  9.772E-02  9.577E-02  9.384E-02  9.192E-02  9.002E-02  8.814E-02  8.626E-02  8.441E-02  8.256E-02  8.074E-02  7.893E-02  7.714E-02  7.536E-02  7.360E-02  7.185E-02  7.012E-02  6.841E-02  6.671E-02  6.502E-02  6.335E-02  6.170E-02  6.007E-02  5.845E-02  5.684E-02  5.525E-02  5.368E-02  5.212E-02  5.058E-02  4.905E-02  4.753E-02  4.604E-02  4.455E-02  4.309E-02  4.164E-02  4.020E-02  3.878E-02  3.738E-02  3.599E-02  3.462E-02  3.327E-02  3.193E-02  3.061E-02  2.930E-02  2.801E-02  2.675E-02
  373.5000  1.184E-01  1.164E-01  1.145E-01  1.125E-01  1.106E-01  1.087E-01  1.068E-01  1.049E-01  1.030E-01  1.011E-01  9.925E-02  9.741E-02  9.558E-02  9.376E-02  9.195E-02  9.017E-02  8.839E-02  8.662E-02  8.487E-02  8.313E-02  8.142E-02  7.971E-02  7.801E-02  7.633E-02  7.467E-02  7.301E-02  7.138E-02  6.976E-02  6.815E-02  6.655E-02  6.497E-02  6.341E-02  6.186E-02  6.032E-02  5.880E-02  5.729E-02  5.579E-02  5.431E-02  5.285E-02  5.140E-02  4.996E-02  4.853E-02  4.712E-02  4.573E-02  4.435E-02  4.298E-02  4.162E-02  4.028E-02  3.896E-02  3.765E-02  3.635E-02  3.507E-02  3.380E-02  3.254E-02  3.130E-02  3.008E-02  2.887E-02  2.767E-02  2.649E-02  2.533E-02  2.419E-02
  374.5000  1.300E-01  1.279E-01  1.257E-01  1.236E-01  1.215E-01  1.194E-01  1.173E-01  1.152E-01  1.131E-01  1.111E-01  1.090E-01  1.070E-01  1.050E-01  1.030E-01  1.010E-01  9.903E-02  9.707E-02  9.513E-02  9.321E-02  9.130E-02  8.941E-02  8.753E-02  8.567E-02  8.383E-02  8.199E-02  8.018E-02  7.838E-02  7.660E-02  7.483E-02  7.308E-02  7.134E-02  6.963E-02  6.792E-02  6.623E-02  6.456E-02  6.290E-02  6.126E-02  5.964E-02  5.802E-02  5.643E-02  5.485E-02  5.328E-02  5.174E-02  5.021E-02  4.869E-02  4.719E-02  4.570E-02  4.423E-02  4.277E-02  4.133E-02  3.991E-02  3.850E-02  3.710E-02  3.573E-02  3.437E-02  3.302E-02  3.169E-02  3.038E-02  2.909E-02  2.781E-02  2.655E-02
  375.5000  1.469E-01  1.444E-01  1.420E-01  1.396E-01  1.372E-01  1.348E-01  1.324E-01  1.301E-01  1.277E-01  1.254E-01  1.231E-01  1.208E-01  1.185E-01  1.163E-01  1.140E-01  1.118E-01  1.096E-01  1.074E-01  1.052E-01  1.031E-01  1.010E-01  9.884E-02  9.673E-02  9.465E-02  9.258E-02  9.053E-02  8.850E-02  8.649E-02  8.449E-02  8.251E-02  8.055E-02  7.861E-02  7.668E-02  7.477E-02  7.288E-02  7.101E-02  6.916E-02  6.733E-02  6.551E-02  6.371E-02  6.192E-02  6.016E-02  5.841E-02  5.668E-02  5.497E-02  5.327E-02  5.159E-02  4.993E-02  4.829E-02  4.666E-02  4.505E-02  4.346E-02  4.189E-02  4.033E-02  3.880E-02  3.728E-02  3.578E-02  3.430E-02  3.284E-02  3.140E-02  2.998E-02
  376.5000  1.468E-01  1.444E-01  1.419E-01  1.395E-01  1.371E-01  1.347E-01  1.324E-01  1.300E-01  1.277E-01  1.253E-01  1.230E-01  1.207E-01  1.185E-01  1.162E-01  1.140E-01  1.118E-01  1.095E-01  1.074E-01  1.052E-01  1.030E-01  1.009E-01  9.877E-02  9.667E-02  9.458E-02  9.251E-02  9.046E-02  8.844E-02  8.642E-02  8.442E-02  8.245E-02  8.048E-02  7.855E-02  7.662E-02  7.471E-02  7.282E-02  7.095E-02  6.910E-02  6.727E-02  6.545E-02  6.365E-02  6.187E-02  6.010E-02  5.836E-02  5.663E-02  5.492E-02  5.322E-02  5.155E-02  4.989E-02  4.825E-02  4.662E-02  4.502E-02  4.343E-02  4.186E-02  4.030E-02  3.877E-02  3.725E-02  3.575E-02  3.427E-02  3.281E-02  3.137E-02  2.996E-02
  377.5000  1.750E-01  1.721E-01  1.692E-01  1.663E-01  1.634E-01  1.606E-01  1.578E-01  1.549E-01  1.522E-01  1.494E-01  1.466E-01  1.439E-01  1.412E-01  1.385E-01  1.358E-01  1.332E-01  1.306E-01  1.279E-01  1.253E-01  1.228E-01  1.202E-01  1.177E-01  1.152E-01  1.127E-01  1.102E-01  1.078E-01  1.054E-01  1.030E-01  1.006E-01  9.824E-02  9.590E-02  9.359E-02  9.129E-02  8.902E-02  8.677E-02  8.454E-02  8.233E-02  8.015E-02  7.798E-02  7.584E-02  7.371E-02  7.161E-02  6.953E-02  6.747E-02  6.543E-02  6.341E-02  6.141E-02  5.944E-02  5.748E-02  5.555E-02  5.363E-02  5.174E-02  4.987E-02  4.802E-02  4.619E-02  4.439E-02  4.260E-02  4.084E-02  3.910E-02  3.738E-02  3.570E-02
  378.5000  1.909E-01  1.877E-01  1.845E-01  1.814E-01  1.783E-01  1.752E-01  1.721E-01  1.690E-01  1.660E-01  1.630E-01  1.600E-01  1.570E-01  1.540E-01  1.511E-01  1.482E-01  1.453E-01  1.424E-01  1.395E-01  1.367E-01  1.339E-01  1.311E-01  1.284E-01  1.256E-01  1.229E-01  1.202E-01  1.176E-01  1.149E-01  1.123E-01  1.097E-01  1.071E-01  1.046E-01  1.021E-01  9.955E-02  9.707E-02  9.462E-02  9.218E-02  8.977E-02  8.739E-02  8.503E-02  8.269E-02  8.037E-02  7.808E-02  7.581E-02  7.357E-02  7.134E-02  6.914E-02  6.696E-02  6.481E-02  6.268E-02  6.057E-02  5.848E-02  5.642E-02  5.437E-02  5.236E-02  5.037E-02  4.840E-02  4.645E-02  4.453E-02  4.263E-02  4.076E-02  3.892E-02
  379.5000  1.413E-01  1.390E-01  1.366E-01  1.343E-01  1.320E-01  1.297E-01  1.274E-01  1.252E-01  1.229E-01  1.207E-01  1.184E-01  1.162E-01  1.140E-01  1.119E-01  1.097E-01  1.076E-01  1.054E-01  1.033E-01  1.012E-01  9.914E-02  9.708E-02  9.504E-02  9.301E-02  9.100E-02  8.900E-02  8.703E-02  8.507E-02  8.313E-02  8.121E-02  7.930E-02  7.741E-02  7.554E-02  7.369E-02  7.185E-02  7.003E-02  6.823E-02  6.645E-02  6.469E-02  6.294E-02  6.120E-02  5.949E-02  5.779E-02  5.611E-02  5.445E-02  5.280E-02  5.117E-02  4.956E-02  4.796E-02  4.639E-02  4.483E-02  4.328E-02  4.175E-02  4.024E-02  3.875E-02  3.728E-02  3.582E-02  3.438E-02  3.296E-02  3.155E-02  3.017E-02  2.881E-02
  380.5000  1.702E-01  1.673E-01  1.645E-01  1.617E-01  1.589E-01  1.561E-01  1.534E-01  1.506E-01  1.479E-01  1.452E-01  1.426E-01  1.399E-01  1.373E-01  1.346E-01  1.320E-01  1.295E-01  1.269E-01  1.243E-01  1.218E-01  1.193E-01  1.168E-01  1.144E-01  1.119E-01  1.095E-01  1.071E-01  1.047E-01  1.024E-01  1.000E-01  9.772E-02  9.543E-02  9.315E-02  9.091E-02  8.867E-02  8.646E-02  8.427E-02  8.210E-02  7.995E-02  7.783E-02  7.573E-02  7.364E-02  7.158E-02  6.953E-02  6.751E-02  6.551E-02  6.353E-02  6.157E-02  5.963E-02  5.771E-02  5.582E-02  5.394E-02  5.208E-02  5.024E-02  4.842E-02  4.662E-02  4.485E-02  4.310E-02  4.137E-02  3.966E-02  3.797E-02  3.630E-02  3.466E-02
  381.5000  1.600E-01  1.574E-01  1.547E-01  1.521E-01  1.495E-01  1.469E-01  1.443E-01  1.417E-01  1.391E-01  1.366E-01  1.341E-01  1.316E-01  1.291E-01  1.266E-01  1.242E-01  1.217E-01  1.193E-01  1.169E-01  1.146E-01  1.122E-01  1.099E-01  1.076E-01  1.053E-01  1.030E-01  1.007E-01  9.848E-02  9.627E-02  9.407E-02  9.189E-02  8.973E-02  8.759E-02  8.547E-02  8.337E-02  8.129E-02  7.923E-02  7.719E-02  7.517E-02  7.318E-02  7.120E-02  6.924E-02  6.729E-02  6.537E-02  6.347E-02  6.159E-02  5.973E-02  5.788E-02  5.606E-02  5.425E-02  5.247E-02  5.071E-02  4.896E-02  4.723E-02  4.552E-02  4.383E-02  4.217E-02  4.052E-02  3.889E-02  3.728E-02  3.570E-02  3.413E-02  3.259E-02
  382.5000  1.067E-01  1.050E-01  1.032E-01  1.014E-01  9.968E-02  9.794E-02  9.621E-02  9.449E-02  9.279E-02  9.110E-02  8.941E-02  8.774E-02  8.608E-02  8.444E-02  8.280E-02  8.118E-02  7.957E-02  7.798E-02  7.639E-02  7.482E-02  7.326E-02  7.172E-02  7.018E-02  6.866E-02  6.716E-02  6.566E-02  6.419E-02  6.272E-02  6.126E-02  5.982E-02  5.840E-02  5.699E-02  5.558E-02  5.420E-02  5.282E-02  5.146E-02  5.011E-02  4.878E-02  4.746E-02  4.616E-02  4.486E-02  4.358E-02  4.231E-02  4.106E-02  3.982E-02  3.859E-02  3.737E-02  3.617E-02  3.498E-02  3.380E-02  3.264E-02  3.149E-02  3.035E-02  2.922E-02  2.811E-02  2.701E-02  2.593E-02  2.485E-02  2.380E-02  2.275E-02  2.173E-02
  383.5000  9.382E-02  9.225E-02  9.069E-02  8.915E-02  8.761E-02  8.608E-02  8.456E-02  8.305E-02  8.155E-02  8.006E-02  7.858E-02  7.711E-02  7.565E-02  7.420E-02  7.277E-02  7.134E-02  6.993E-02  6.852E-02  6.713E-02  6.575E-02  6.438E-02  6.302E-02  6.167E-02  6.033E-02  5.901E-02  5.770E-02  5.640E-02  5.511E-02  5.383E-02  5.256E-02  5.131E-02  5.007E-02  4.884E-02  4.762E-02  4.641E-02  4.521E-02  4.403E-02  4.286E-02  4.170E-02  4.055E-02  3.941E-02  3.828E-02  3.717E-02  3.607E-02  3.498E-02  3.390E-02  3.283E-02  3.177E-02  3.073E-02  2.969E-02  2.867E-02  2.766E-02  2.666E-02  2.567E-02  2.469E-02  2.373E-02  2.278E-02  2.183E-02  2.090E-02  1.999E-02  1.909E-02
  384.5000  1.409E-01  1.386E-01  1.362E-01  1.339E-01  1.316E-01  1.293E-01  1.270E-01  1.247E-01  1.225E-01  1.203E-01  1.180E-01  1.158E-01  1.136E-01  1.115E-01  1.093E-01  1.072E-01  1.050E-01  1.029E-01  1.008E-01  9.874E-02  9.668E-02  9.464E-02  9.262E-02  9.061E-02  8.861E-02  8.664E-02  8.469E-02  8.275E-02  8.083E-02  7.893E-02  7.704E-02  7.518E-02  7.333E-02  7.150E-02  6.968E-02  6.788E-02  6.611E-02  6.435E-02  6.261E-02  6.088E-02  5.917E-02  5.748E-02  5.581E-02  5.415E-02  5.251E-02  5.089E-02  4.929E-02  4.770E-02  4.613E-02  4.458E-02  4.304E-02  4.153E-02  4.002E-02  3.854E-02  3.708E-02  3.563E-02  3.420E-02  3.278E-02  3.139E-02  3.001E-02  2.866E-02
  385.5000  1.396E-01  1.372E-01  1.349E-01  1.326E-01  1.303E-01  1.280E-01  1.258E-01  1.235E-01  1.213E-01  1.191E-01  1.169E-01  1.147E-01  1.125E-01  1.104E-01  1.082E-01  1.061E-01  1.040E-01  1.019E-01  9.982E-02  9.776E-02  9.573E-02  9.370E-02  9.169E-02  8.970E-02  8.773E-02  8.578E-02  8.384E-02  8.192E-02  8.002E-02  7.813E-02  7.627E-02  7.442E-02  7.259E-02  7.077E-02  6.898E-02  6.720E-02  6.544E-02  6.370E-02  6.197E-02  6.026E-02  5.857E-02  5.689E-02  5.524E-02  5.360E-02  5.198E-02  5.037E-02  4.879E-02  4.721E-02  4.566E-02  4.413E-02  4.261E-02  4.110E-02  3.962E-02  3.815E-02  3.670E-02  3.526E-02  3.385E-02  3.245E-02  3.107E-02  2.971E-02  2.837E-02
  386.5000  1.424E-01  1.400E-01  1.376E-01  1.353E-01  1.330E-01  1.306E-01  1.283E-01  1.260E-01  1.237E-01  1.215E-01  1.192E-01  1.170E-01  1.148E-01  1.126E-01  1.104E-01  1.082E-01  1.061E-01  1.039E-01  1.018E-01  9.972E-02  9.765E-02  9.558E-02  9.353E-02  9.150E-02  8.948E-02  8.749E-02  8.552E-02  8.356E-02  8.161E-02  7.969E-02  7.778E-02  7.590E-02  7.403E-02  7.218E-02  7.035E-02  6.853E-02  6.673E-02  6.496E-02  6.320E-02  6.145E-02  5.973E-02  5.802E-02  5.633E-02  5.466E-02  5.301E-02  5.137E-02  4.975E-02  4.815E-02  4.657E-02  4.500E-02  4.345E-02  4.191E-02  4.040E-02  3.890E-02  3.742E-02  3.596E-02  3.452E-02  3.309E-02  3.168E-02  3.029E-02  2.893E-02
  387.5000  1.325E-01  1.302E-01  1.280E-01  1.259E-01  1.237E-01  1.215E-01  1.194E-01  1.172E-01  1.151E-01  1.130E-01  1.109E-01  1.088E-01  1.068E-01  1.047E-01  1.027E-01  1.007E-01  9.866E-02  9.667E-02  9.470E-02  9.275E-02  9.081E-02  8.889E-02  8.698E-02  8.509E-02  8.322E-02  8.136E-02  7.952E-02  7.770E-02  7.589E-02  7.410E-02  7.233E-02  7.058E-02  6.884E-02  6.712E-02  6.541E-02  6.372E-02  6.205E-02  6.040E-02  5.876E-02  5.714E-02  5.553E-02  5.394E-02  5.237E-02  5.082E-02  4.928E-02  4.776E-02  4.625E-02  4.476E-02  4.329E-02  4.183E-02  4.039E-02  3.897E-02  3.756E-02  3.617E-02  3.479E-02  3.343E-02  3.209E-02  3.077E-02  2.946E-02  2.817E-02  2.690E-02
  388.5000  1.329E-01  1.307E-01  1.284E-01  1.263E-01  1.241E-01  1.219E-01  1.197E-01  1.176E-01  1.155E-01  1.134E-01  1.113E-01  1.092E-01  1.071E-01  1.050E-01  1.030E-01  1.010E-01  9.897E-02  9.697E-02  9.499E-02  9.303E-02  9.109E-02  8.916E-02  8.724E-02  8.535E-02  8.346E-02  8.160E-02  7.976E-02  7.793E-02  7.611E-02  7.432E-02  7.254E-02  7.078E-02  6.903E-02  6.731E-02  6.559E-02  6.390E-02  6.222E-02  6.057E-02  5.892E-02  5.729E-02  5.568E-02  5.409E-02  5.251E-02  5.096E-02  4.941E-02  4.789E-02  4.638E-02  4.488E-02  4.341E-02  4.195E-02  4.050E-02  3.907E-02  3.766E-02  3.626E-02  3.489E-02  3.352E-02  3.218E-02  3.085E-02  2.954E-02  2.824E-02  2.697E-02
  389.5000  1.677E-01  1.649E-01  1.621E-01  1.594E-01  1.566E-01  1.539E-01  1.511E-01  1.484E-01  1.457E-01  1.431E-01  1.404E-01  1.378E-01  1.352E-01  1.326E-01  1.300E-01  1.274E-01  1.249E-01  1.224E-01  1.199E-01  1.174E-01  1.150E-01  1.125E-01  1.101E-01  1.077E-01  1.053E-01  1.030E-01  1.006E-01  9.833E-02  9.604E-02  9.377E-02  9.153E-02  8.931E-02  8.710E-02  8.492E-02  8.276E-02  8.062E-02  7.850E-02  7.641E-02  7.434E-02  7.228E-02  7.025E-02  6.824E-02  6.625E-02  6.429E-02  6.234E-02  6.041E-02  5.851E-02  5.662E-02  5.476E-02  5.292E-02  5.110E-02  4.929E-02  4.751E-02  4.575E-02  4.401E-02  4.229E-02  4.060E-02  3.892E-02  3.726E-02  3.563E-02  3.403E-02
  390.5000  1.649E-01  1.622E-01  1.594E-01  1.567E-01  1.540E-01  1.513E-01  1.486E-01  1.459E-01  1.433E-01  1.407E-01  1.380E-01  1.355E-01  1.329E-01  1.303E-01  1.278E-01  1.253E-01  1.228E-01  1.203E-01  1.178E-01  1.154E-01  1.130E-01  1.106E-01  1.082E-01  1.059E-01  1.035E-01  1.012E-01  9.892E-02  9.665E-02  9.440E-02  9.216E-02  8.995E-02  8.777E-02  8.561E-02  8.346E-02  8.133E-02  7.923E-02  7.715E-02  7.509E-02  7.305E-02  7.103E-02  6.904E-02  6.706E-02  6.510E-02  6.317E-02  6.126E-02  5.937E-02  5.749E-02  5.564E-02  5.381E-02  5.200E-02  5.021E-02  4.844E-02  4.669E-02  4.496E-02  4.325E-02  4.156E-02  3.989E-02  3.824E-02  3.662E-02  3.501E-02  3.344E-02
  391.5000  1.959E-01  1.926E-01  1.893E-01  1.861E-01  1.828E-01  1.796E-01  1.765E-01  1.733E-01  1.701E-01  1.670E-01  1.639E-01  1.608E-01  1.578E-01  1.547E-01  1.517E-01  1.488E-01  1.458E-01  1.428E-01  1.399E-01  1.370E-01  1.342E-01  1.313E-01  1.285E-01  1.257E-01  1.229E-01  1.202E-01  1.174E-01  1.147E-01  1.121E-01  1.094E-01  1.068E-01  1.042E-01  1.016E-01  9.907E-02  9.655E-02  9.405E-02  9.158E-02  8.914E-02  8.671E-02  8.432E-02  8.194E-02  7.960E-02  7.727E-02  7.498E-02  7.271E-02  7.046E-02  6.824E-02  6.604E-02  6.387E-02  6.172E-02  5.959E-02  5.749E-02  5.541E-02  5.336E-02  5.133E-02  4.933E-02  4.735E-02  4.539E-02  4.346E-02  4.156E-02  3.969E-02
  392.5000  1.470E-01  1.446E-01  1.421E-01  1.397E-01  1.372E-01  1.348E-01  1.324E-01  1.301E-01  1.277E-01  1.254E-01  1.230E-01  1.207E-01  1.184E-01  1.161E-01  1.139E-01  1.116E-01  1.094E-01  1.072E-01  1.050E-01  1.028E-01  1.007E-01  9.854E-02  9.642E-02  9.432E-02  9.224E-02  9.017E-02  8.813E-02  8.610E-02  8.409E-02  8.210E-02  8.013E-02  7.818E-02  7.625E-02  7.434E-02  7.244E-02  7.057E-02  6.871E-02  6.688E-02  6.506E-02  6.326E-02  6.148E-02  5.972E-02  5.798E-02  5.626E-02  5.455E-02  5.286E-02  5.119E-02  4.954E-02  4.792E-02  4.630E-02  4.471E-02  4.313E-02  4.157E-02  4.003E-02  3.851E-02  3.701E-02  3.552E-02  3.406E-02  3.261E-02  3.118E-02  2.978E-02
  393.5000  6.398E-02  6.291E-02  6.184E-02  6.078E-02  5.973E-02  5.868E-02  5.764E-02  5.660E-02  5.557E-02  5.456E-02  5.354E-02  5.253E-02  5.153E-02  5.054E-02  4.955E-02  4.858E-02  4.761E-02  4.665E-02  4.569E-02  4.474E-02  4.381E-02  4.288E-02  4.195E-02  4.104E-02  4.013E-02  3.923E-02  3.834E-02  3.746E-02  3.658E-02  3.572E-02  3.486E-02  3.401E-02  3.317E-02  3.234E-02  3.151E-02  3.070E-02  2.989E-02  2.909E-02  2.830E-02  2.752E-02  2.674E-02  2.597E-02  2.522E-02  2.447E-02  2.373E-02  2.299E-02  2.227E-02  2.155E-02  2.084E-02  2.014E-02  1.944E-02  1.876E-02  1.808E-02  1.741E-02  1.675E-02  1.610E-02  1.545E-02  1.481E-02  1.418E-02  1.356E-02  1.295E-02
  394.5000  1.507E-01  1.482E-01  1.457E-01  1.432E-01  1.407E-01  1.382E-01  1.358E-01  1.333E-01  1.309E-01  1.285E-01  1.261E-01  1.237E-01  1.214E-01  1.190E-01  1.167E-01  1.144E-01  1.121E-01  1.099E-01  1.076E-01  1.054E-01  1.032E-01  1.010E-01  9.879E-02  9.663E-02  9.449E-02  9.237E-02  9.028E-02  8.820E-02  8.614E-02  8.410E-02  8.207E-02  8.008E-02  7.810E-02  7.613E-02  7.419E-02  7.227E-02  7.036E-02  6.849E-02  6.662E-02  6.478E-02  6.295E-02  6.115E-02  5.936E-02  5.760E-02  5.585E-02  5.412E-02  5.242E-02  5.073E-02  4.906E-02  4.741E-02  4.577E-02  4.416E-02  4.256E-02  4.098E-02  3.943E-02  3.789E-02  3.637E-02  3.487E-02  3.339E-02  3.193E-02  3.049E-02
  395.5000  1.941E-01  1.908E-01  1.876E-01  1.844E-01  1.812E-01  1.780E-01  1.748E-01  1.717E-01  1.686E-01  1.655E-01  1.624E-01  1.593E-01  1.563E-01  1.533E-01  1.503E-01  1.473E-01  1.444E-01  1.415E-01  1.386E-01  1.357E-01  1.328E-01  1.300E-01  1.272E-01  1.244E-01  1.217E-01  1.189E-01  1.162E-01  1.136E-01  1.109E-01  1.083E-01  1.057E-01  1.031E-01  1.005E-01  9.801E-02  9.551E-02  9.303E-02  9.058E-02  8.816E-02  8.576E-02  8.338E-02  8.103E-02  7.871E-02  7.641E-02  7.414E-02  7.189E-02  6.967E-02  6.747E-02  6.529E-02  6.314E-02  6.102E-02  5.891E-02  5.684E-02  5.478E-02  5.275E-02  5.075E-02  4.877E-02  4.681E-02  4.488E-02  4.297E-02  4.109E-02  3.924E-02
  396.5000  1.141E-01  1.122E-01  1.103E-01  1.084E-01  1.065E-01  1.046E-01  1.028E-01  1.009E-01  9.907E-02  9.725E-02  9.544E-02  9.364E-02  9.185E-02  9.008E-02  8.832E-02  8.658E-02  8.485E-02  8.313E-02  8.142E-02  7.973E-02  7.806E-02  7.639E-02  7.474E-02  7.311E-02  7.149E-02  6.988E-02  6.830E-02  6.672E-02  6.516E-02  6.361E-02  6.208E-02  6.057E-02  5.907E-02  5.758E-02  5.611E-02  5.465E-02  5.321E-02  5.179E-02  5.038E-02  4.898E-02  4.760E-02  4.624E-02  4.489E-02  4.355E-02  4.223E-02  4.092E-02  3.963E-02  3.835E-02  3.709E-02  3.584E-02  3.461E-02  3.339E-02  3.218E-02  3.099E-02  2.981E-02  2.865E-02  2.750E-02  2.636E-02  2.524E-02  2.414E-02  2.305E-02
  397.5000  1.318E-01  1.296E-01  1.273E-01  1.252E-01  1.230E-01  1.208E-01  1.187E-01  1.165E-01  1.144E-01  1.123E-01  1.102E-01  1.081E-01  1.061E-01  1.040E-01  1.020E-01  9.999E-02  9.799E-02  9.600E-02  9.403E-02  9.207E-02  9.014E-02  8.822E-02  8.631E-02  8.442E-02  8.255E-02  8.070E-02  7.886E-02  7.704E-02  7.524E-02  7.345E-02  7.168E-02  6.993E-02  6.820E-02  6.648E-02  6.478E-02  6.310E-02  6.144E-02  5.979E-02  5.816E-02  5.655E-02  5.496E-02  5.338E-02  5.182E-02  5.028E-02  4.875E-02  4.724E-02  4.575E-02  4.427E-02  4.282E-02  4.138E-02  3.995E-02  3.854E-02  3.715E-02  3.577E-02  3.442E-02  3.307E-02  3.175E-02  3.044E-02  2.914E-02  2.787E-02  2.662E-02
  398.5000  2.266E-01  2.228E-01  2.190E-01  2.153E-01  2.115E-01  2.078E-01  2.041E-01  2.004E-01  1.968E-01  1.932E-01  1.896E-01  1.860E-01  1.824E-01  1.789E-01  1.754E-01  1.720E-01  1.685E-01  1.651E-01  1.617E-01  1.583E-01  1.550E-01  1.517E-01  1.484E-01  1.452E-01  1.419E-01  1.388E-01  1.356E-01  1.325E-01  1.294E-01  1.263E-01  1.232E-01  1.202E-01  1.173E-01  1.143E-01  1.114E-01  1.085E-01  1.056E-01  1.028E-01  9.999E-02  9.722E-02  9.448E-02  9.176E-02  8.908E-02  8.643E-02  8.381E-02  8.121E-02  7.865E-02  7.611E-02  7.361E-02  7.113E-02  6.868E-02  6.625E-02  6.386E-02  6.149E-02  5.916E-02  5.685E-02  5.457E-02  5.232E-02  5.010E-02  4.791E-02  4.575E-02
  399.5000  2.359E-01  2.320E-01  2.280E-01  2.241E-01  2.202E-01  2.163E-01  2.125E-01  2.087E-01  2.049E-01  2.011E-01  1.973E-01  1.936E-01  1.899E-01  1.863E-01  1.826E-01  1.790E-01  1.754E-01  1.718E-01  1.683E-01  1.648E-01  1.613E-01  1.579E-01  1.545E-01  1.511E-01  1.477E-01  1.444E-01  1.411E-01  1.379E-01  1.346E-01  1.314E-01  1.283E-01  1.251E-01  1.220E-01  1.190E-01  1.159E-01  1.129E-01  1.099E-01  1.070E-01  1.041E-01  1.012E-01  9.831E-02  9.548E-02  9.269E-02  8.994E-02  8.720E-02  8.450E-02  8.183E-02  7.919E-02  7.659E-02  7.401E-02  7.146E-02  6.893E-02  6.644E-02  6.398E-02  6.156E-02  5.915E-02  5.678E-02  5.444E-02  5.213E-02  4.985E-02  4.761E-02
------------------------------------------------------------
Dose rates,W m-2
   1 = UV index (WMO, 1994; Webb et al., 2011)           
   2 = Previtamin-D3 (CIE 2006)                          
values at z =      0.025 km
Columns: time,sza,weighting spectra
time,hrs.  sza,deg.          1          2
   18.0000     73.882  4.992E-01  1.201E-02
   18.0167     74.092  4.873E-01  1.161E-02
   18.0333     74.301  4.755E-01  1.122E-02
   18.0500     74.510  4.640E-01  1.084E-02
   18.0667     74.719  4.526E-01  1.046E-02
   18.0833     74.928  4.414E-01  1.010E-02
   18.1000     75.138  4.303E-01  9.745E-03
   18.1167     75.347  4.195E-01  9.401E-03
   18.1333     75.556  4.088E-01  9.066E-03
   18.1500     75.765  3.984E-01  8.741E-03
   18.1667     75.974  3.881E-01  8.424E-03
   18.1833     76.183  3.780E-01  8.116E-03
   18.2000     76.392  3.680E-01  7.816E-03
   18.2167     76.601  3.583E-01  7.525E-03
   18.2333     76.810  3.487E-01  7.243E-03
   18.2500     77.018  3.393E-01  6.969E-03
   18.2667     77.227  3.300E-01  6.703E-03
   18.2833     77.436  3.210E-01  6.445E-03
   18.3000     77.645  3.120E-01  6.195E-03
   18.3167     77.854  3.033E-01  5.952E-03
   18.3333     78.062  2.947E-01  5.717E-03
   18.3500     78.270  2.863E-01  5.490E-03
   18.3667     78.479  2.780E-01  5.269E-03
   18.3833     78.688  2.699E-01  5.056E-03
   18.4000     78.896  2.619E-01  4.849E-03
   18.4167     79.104  2.541E-01  4.649E-03
   18.4333     79.312  2.465E-01  4.457E-03
   18.4500     79.520  2.390E-01  4.270E-03
   18.4667     79.729  2.317E-01  4.090E-03
   18.4833     79.937  2.244E-01  3.916E-03
   18.5000     80.145  2.174E-01  3.749E-03
   18.5167     80.352  2.105E-01  3.587E-03
   18.5333     80.560  2.037E-01  3.431E-03
   18.5500     80.768  1.971E-01  3.280E-03
   18.5667     80.976  1.906E-01  3.135E-03
   18.5833     81.184  1.842E-01  2.996E-03
   18.6000     81.392  1.780E-01  2.861E-03
   18.6167     81.599  1.719E-01  2.732E-03
   18.6333     81.806  1.659E-01  2.608E-03
   18.6500     82.014  1.601E-01  2.488E-03
   18.6667     82.221  1.544E-01  2.373E-03
   18.6833     82.429  1.488E-01  2.263E-03
   18.7000     82.636  1.433E-01  2.157E-03
   18.7167     82.843  1.380E-01  2.055E-03
   18.7333     83.050  1.328E-01  1.957E-03
   18.7500     83.257  1.277E-01  1.863E-03
   18.7667     83.464  1.227E-01  1.773E-03
   18.7833     83.671  1.178E-01  1.687E-03
   18.8000     83.877  1.131E-01  1.604E-03
   18.8167     84.084  1.085E-01  1.525E-03
   18.8333     84.291  1.039E-01  1.449E-03
   18.8500     84.497  9.950E-02  1.376E-03
   18.8667     84.704  9.519E-02  1.307E-03
   18.8833     84.910  9.099E-02  1.240E-03
   18.9000     85.116  8.690E-02  1.176E-03
   18.9167     85.322  8.291E-02  1.115E-03
   18.9333     85.528  7.902E-02  1.057E-03
   18.9500     85.734  7.523E-02  1.001E-03
   18.9667     85.940  7.154E-02  9.472E-04
   18.9833     86.146  6.795E-02  8.960E-04
   19.0000     86.351  6.447E-02  8.471E-04
------------------------------------------------------------
