Spectral Irradiance,W m-2 nm-1
values at z =      0.025 km
Columns: wavelength (nm),times (hrs.) or sza (deg.)
    wc,nm     18.000     18.017     18.033     18.050     18.067     18.083     18.100     18.117     18.133     18.150     18.167     18.183     18.200     18.217     18.233     18.250     18.267     18.283     18.300     18.317     18.333     18.350     18.367     18.383     18.400     18.417     18.433     18.450     18.467     18.483     18.500     18.517     18.533     18.550     18.567     18.583     18.600     18.617     18.633     18.650     18.667     18.683     18.700     18.717     18.733     18.750     18.767     18.783     18.800     18.817     18.833     18.850     18.867     18.883     18.900     18.917     18.933     18.950     18.967     18.983     19.000
    sza =      72.490     72.698     72.907     73.115     73.323     73.532     73.740     73.948     74.156     74.364     74.572     74.780     74.988     75.196     75.403     75.611     75.818     76.026     76.233     76.441     76.648     76.855     77.062     77.269     77.476     77.684     77.890     78.097     78.303     78.510     78.717     78.923     79.129     79.336     79.542     79.748     79.954     80.160     80.365     80.571     80.777     80.983     81.188     81.393     81.598     81.804     82.009     82.214     82.418     82.623     82.828     83.033     83.237     83.442     83.645     83.849     84.054     84.258     84.461     84.665     84.868
  280.5000  1.584E-26  1.560E-26  1.536E-26  1.513E-26  1.491E-26  1.468E-26  1.446E-26  1.425E-26  1.404E-26  1.383E-26  1.363E-26  1.343E-26  1.323E-26  1.304E-26  1.285E-26  1.266E-26  1.247E-26  1.229E-26  1.211E-26  1.194E-26  1.176E-26  1.159E-26  1.142E-26  1.125E-26  1.108E-26  1.092E-26  1.076E-26  1.060E-26  1.044E-26  1.028E-26  1.013E-26  9.973E-27  9.820E-27  9.670E-27  9.520E-27  9.372E-27  9.225E-27  9.079E-27  8.935E-27  8.791E-27  8.649E-27  8.507E-27  8.366E-27  8.227E-27  8.088E-27  7.949E-27  7.811E-27  7.674E-27  7.538E-27  7.402E-27  7.267E-27  7.132E-27  6.997E-27  6.863E-27  6.729E-27  6.595E-27  6.461E-27  6.328E-27  6.194E-27  6.060E-27  5.927E-27
  281.5000  3.867E-24  3.807E-24  3.748E-24  3.690E-24  3.634E-24  3.578E-24  3.524E-24  3.471E-24  3.418E-24  3.367E-24  3.317E-24  3.267E-24  3.218E-24  3.171E-24  3.123E-24  3.077E-24  3.031E-24  2.986E-24  2.942E-24  2.898E-24  2.855E-24  2.813E-24  2.771E-24  2.729E-24  2.689E-24  2.648E-24  2.608E-24  2.569E-24  2.530E-24  2.492E-24  2.453E-24  2.416E-24  2.379E-24  2.342E-24  2.305E-24  2.269E-24  2.233E-24  2.197E-24  2.162E-24  2.127E-24  2.092E-24  2.057E-24  2.023E-24  1.989E-24  1.955E-24  1.921E-24  1.888E-24  1.855E-24  1.821E-24  1.788E-24  1.756E-24  1.723E-24  1.690E-24  1.657E-24  1.625E-24  1.592E-24  1.560E-24  1.528E-24  1.495E-24  1.463E-24  1.431E-24
  282.5000  2.986E-22  2.939E-22  2.892E-22  2.847E-22  2.803E-22  2.759E-22  2.716E-22  2.674E-22  2.633E-22  2.593E-22  2.554E-22  2.515E-22  2.477E-22  2.439E-22  2.402E-22  2.366E-22  2.330E-22  2.295E-22  2.260E-22  2.226E-22  2.193E-22  2.160E-22  2.127E-22  2.095E-22  2.063E-22  2.031E-22  2.001E-22  1.970E-22  1.940E-22  1.910E-22  1.880E-22  1.851E-22  1.822E-22  1.794E-22  1.765E-22  1.737E-22  1.709E-22  1.682E-22  1.654E-22  1.627E-22  1.600E-22  1.574E-22  1.547E-22  1.521E-22  1.495E-22  1.469E-22  1.443E-22  1.417E-22  1.392E-22  1.366E-22  1.341E-22  1.316E-22  1.291E-22  1.266E-22  1.241E-22  1.216E-22  1.191E-22  1.166E-22  1.141E-22  1.117E-22  1.092E-22
  283.5000  4.542E-21  4.469E-21  4.397E-21  4.327E-21  4.259E-21  4.191E-21  4.126E-21  4.061E-21  3.998E-21  3.936E-21  3.875E-21  3.815E-21  3.757E-21  3.699E-21  3.642E-21  3.587E-21  3.532E-21  3.478E-21  3.425E-21  3.372E-21  3.321E-21  3.270E-21  3.220E-21  3.171E-21  3.122E-21  3.074E-21  3.027E-21  2.980E-21  2.934E-21  2.888E-21  2.843E-21  2.799E-21  2.755E-21  2.711E-21  2.668E-21  2.625E-21  2.583E-21  2.541E-21  2.499E-21  2.458E-21  2.417E-21  2.376E-21  2.336E-21  2.296E-21  2.257E-21  2.217E-21  2.178E-21  2.139E-21  2.100E-21  2.062E-21  2.023E-21  1.985E-21  1.947E-21  1.909E-21  1.871E-21  1.834E-21  1.796E-21  1.758E-21  1.721E-21  1.683E-21  1.646E-21
  284.5000  3.993E-19  3.927E-19  3.862E-19  3.798E-19  3.736E-19  3.675E-19  3.616E-19  3.557E-19  3.500E-19  3.444E-19  3.390E-19  3.336E-19  3.283E-19  3.231E-19  3.180E-19  3.130E-19  3.081E-19  3.033E-19  2.986E-19  2.939E-19  2.893E-19  2.848E-19  2.803E-19  2.759E-19  2.716E-19  2.673E-19  2.631E-19  2.590E-19  2.549E-19  2.508E-19  2.468E-19  2.429E-19  2.390E-19  2.351E-19  2.313E-19  2.275E-19  2.238E-19  2.201E-19  2.164E-19  2.128E-19  2.092E-19  2.057E-19  2.021E-19  1.986E-19  1.951E-19  1.917E-19  1.882E-19  1.848E-19  1.815E-19  1.781E-19  1.747E-19  1.714E-19  1.681E-19  1.648E-19  1.615E-19  1.582E-19  1.549E-19  1.516E-19  1.484E-19  1.451E-19  1.419E-19
  285.5000  6.897E-18  6.779E-18  6.663E-18  6.551E-18  6.440E-18  6.333E-18  6.227E-18  6.124E-18  6.023E-18  5.925E-18  5.828E-18  5.733E-18  5.640E-18  5.548E-18  5.459E-18  5.371E-18  5.285E-18  5.200E-18  5.117E-18  5.035E-18  4.955E-18  4.876E-18  4.798E-18  4.721E-18  4.645E-18  4.571E-18  4.498E-18  4.425E-18  4.354E-18  4.283E-18  4.214E-18  4.145E-18  4.078E-18  4.011E-18  3.945E-18  3.879E-18  3.814E-18  3.751E-18  3.687E-18  3.624E-18  3.562E-18  3.501E-18  3.440E-18  3.379E-18  3.319E-18  3.260E-18  3.201E-18  3.142E-18  3.084E-18  3.026E-18  2.968E-18  2.911E-18  2.854E-18  2.797E-18  2.741E-18  2.685E-18  2.629E-18  2.573E-18  2.517E-18  2.461E-18  2.406E-18
  286.5000  2.790E-16  2.741E-16  2.693E-16  2.646E-16  2.600E-16  2.556E-16  2.512E-16  2.469E-16  2.428E-16  2.387E-16  2.347E-16  2.308E-16  2.270E-16  2.232E-16  2.195E-16  2.159E-16  2.124E-16  2.089E-16  2.055E-16  2.021E-16  1.988E-16  1.956E-16  1.924E-16  1.893E-16  1.862E-16  1.832E-16  1.802E-16  1.772E-16  1.743E-16  1.714E-16  1.686E-16  1.658E-16  1.631E-16  1.604E-16  1.577E-16  1.550E-16  1.524E-16  1.498E-16  1.472E-16  1.447E-16  1.422E-16  1.397E-16  1.372E-16  1.348E-16  1.324E-16  1.300E-16  1.276E-16  1.252E-16  1.229E-16  1.205E-16  1.182E-16  1.159E-16  1.136E-16  1.113E-16  1.091E-16  1.068E-16  1.046E-16  1.023E-16  1.001E-16  9.788E-17  9.566E-17
  287.5000  6.332E-15  6.217E-15  6.105E-15  5.995E-15  5.888E-15  5.784E-15  5.682E-15  5.583E-15  5.485E-15  5.391E-15  5.298E-15  5.207E-15  5.118E-15  5.030E-15  4.945E-15  4.862E-15  4.780E-15  4.699E-15  4.620E-15  4.543E-15  4.467E-15  4.392E-15  4.319E-15  4.246E-15  4.175E-15  4.106E-15  4.037E-15  3.969E-15  3.903E-15  3.837E-15  3.772E-15  3.709E-15  3.646E-15  3.584E-15  3.523E-15  3.462E-15  3.402E-15  3.343E-15  3.285E-15  3.227E-15  3.170E-15  3.114E-15  3.058E-15  3.003E-15  2.948E-15  2.893E-15  2.840E-15  2.786E-15  2.733E-15  2.681E-15  2.628E-15  2.576E-15  2.525E-15  2.474E-15  2.423E-15  2.372E-15  2.322E-15  2.271E-15  2.221E-15  2.171E-15  2.122E-15
  288.5000  1.440E-13  1.413E-13  1.386E-13  1.360E-13  1.335E-13  1.310E-13  1.286E-13  1.263E-13  1.240E-13  1.217E-13  1.196E-13  1.174E-13  1.153E-13  1.133E-13  1.113E-13  1.093E-13  1.074E-13  1.055E-13  1.037E-13  1.019E-13  1.001E-13  9.841E-14  9.671E-14  9.504E-14  9.339E-14  9.178E-14  9.020E-14  8.864E-14  8.710E-14  8.559E-14  8.411E-14  8.264E-14  8.120E-14  7.978E-14  7.838E-14  7.699E-14  7.563E-14  7.429E-14  7.296E-14  7.164E-14  7.034E-14  6.906E-14  6.779E-14  6.654E-14  6.530E-14  6.407E-14  6.285E-14  6.164E-14  6.045E-14  5.926E-14  5.809E-14  5.692E-14  5.576E-14  5.461E-14  5.346E-14  5.233E-14  5.120E-14  5.007E-14  4.895E-14  4.784E-14  4.673E-14
  289.5000  2.355E-12  2.308E-12  2.263E-12  2.219E-12  2.176E-12  2.135E-12  2.094E-12  2.055E-12  2.016E-12  1.979E-12  1.942E-12  1.906E-12  1.871E-12  1.837E-12  1.803E-12  1.771E-12  1.739E-12  1.707E-12  1.677E-12  1.647E-12  1.617E-12  1.589E-12  1.560E-12  1.533E-12  1.505E-12  1.479E-12  1.452E-12  1.427E-12  1.401E-12  1.376E-12  1.352E-12  1.328E-12  1.304E-12  1.280E-12  1.257E-12  1.235E-12  1.212E-12  1.190E-12  1.168E-12  1.147E-12  1.126E-12  1.105E-12  1.084E-12  1.064E-12  1.043E-12  1.023E-12  1.004E-12  9.839E-13  9.645E-13  9.453E-13  9.262E-13  9.073E-13  8.885E-13  8.698E-13  8.514E-13  8.330E-13  8.148E-13  7.966E-13  7.786E-13  7.606E-13  7.428E-13
  290.5000  2.381E-11  2.332E-11  2.285E-11  2.239E-11  2.194E-11  2.151E-11  2.108E-11  2.067E-11  2.027E-11  1.988E-11  1.950E-11  1.913E-11  1.876E-11  1.841E-11  1.806E-11  1.773E-11  1.740E-11  1.707E-11  1.676E-11  1.645E-11  1.615E-11  1.585E-11  1.556E-11  1.527E-11  1.499E-11  1.472E-11  1.445E-11  1.419E-11  1.393E-11  1.367E-11  1.342E-11  1.318E-11  1.294E-11  1.270E-11  1.246E-11  1.223E-11  1.201E-11  1.178E-11  1.156E-11  1.135E-11  1.113E-11  1.092E-11  1.071E-11  1.050E-11  1.030E-11  1.010E-11  9.899E-12  9.702E-12  9.507E-12  9.314E-12  9.123E-12  8.933E-12  8.745E-12  8.559E-12  8.374E-12  8.191E-12  8.009E-12  7.828E-12  7.648E-12  7.469E-12  7.292E-12
  291.5000  2.178E-10  2.131E-10  2.086E-10  2.042E-10  1.999E-10  1.958E-10  1.917E-10  1.878E-10  1.840E-10  1.803E-10  1.767E-10  1.731E-10  1.697E-10  1.664E-10  1.631E-10  1.599E-10  1.568E-10  1.538E-10  1.508E-10  1.479E-10  1.451E-10  1.423E-10  1.396E-10  1.369E-10  1.343E-10  1.318E-10  1.293E-10  1.268E-10  1.244E-10  1.221E-10  1.197E-10  1.175E-10  1.152E-10  1.130E-10  1.109E-10  1.088E-10  1.067E-10  1.046E-10  1.026E-10  1.006E-10  9.865E-11  9.671E-11  9.481E-11  9.293E-11  9.107E-11  8.924E-11  8.743E-11  8.564E-11  8.388E-11  8.213E-11  8.040E-11  7.869E-11  7.700E-11  7.532E-11  7.366E-11  7.201E-11  7.038E-11  6.876E-11  6.715E-11  6.555E-11  6.396E-11
  292.5000  1.267E-09  1.239E-09  1.211E-09  1.184E-09  1.158E-09  1.133E-09  1.108E-09  1.084E-09  1.061E-09  1.039E-09  1.017E-09  9.962E-10  9.756E-10  9.555E-10  9.359E-10  9.170E-10  8.984E-10  8.802E-10  8.626E-10  8.453E-10  8.285E-10  8.120E-10  7.959E-10  7.801E-10  7.647E-10  7.497E-10  7.350E-10  7.205E-10  7.063E-10  6.925E-10  6.788E-10  6.655E-10  6.524E-10  6.396E-10  6.270E-10  6.146E-10  6.024E-10  5.904E-10  5.787E-10  5.671E-10  5.557E-10  5.444E-10  5.334E-10  5.225E-10  5.118E-10  5.012E-10  4.908E-10  4.805E-10  4.703E-10  4.603E-10  4.503E-10  4.405E-10  4.308E-10  4.212E-10  4.117E-10  4.023E-10  3.930E-10  3.838E-10  3.746E-10  3.655E-10  3.565E-10
  293.5000  8.564E-09  8.355E-09  8.155E-09  7.962E-09  7.776E-09  7.596E-09  7.422E-09  7.253E-09  7.090E-09  6.933E-09  6.780E-09  6.632E-09  6.487E-09  6.347E-09  6.211E-09  6.079E-09  5.950E-09  5.824E-09  5.702E-09  5.582E-09  5.466E-09  5.353E-09  5.242E-09  5.133E-09  5.028E-09  4.924E-09  4.823E-09  4.724E-09  4.628E-09  4.533E-09  4.440E-09  4.350E-09  4.261E-09  4.173E-09  4.088E-09  4.004E-09  3.921E-09  3.841E-09  3.761E-09  3.683E-09  3.607E-09  3.531E-09  3.457E-09  3.384E-09  3.312E-09  3.242E-09  3.172E-09  3.103E-09  3.036E-09  2.969E-09  2.903E-09  2.838E-09  2.773E-09  2.710E-09  2.647E-09  2.585E-09  2.524E-09  2.463E-09  2.403E-09  2.343E-09  2.284E-09
  294.5000  3.231E-08  3.147E-08  3.065E-08  2.988E-08  2.913E-08  2.842E-08  2.772E-08  2.706E-08  2.642E-08  2.580E-08  2.520E-08  2.462E-08  2.405E-08  2.351E-08  2.298E-08  2.247E-08  2.197E-08  2.149E-08  2.101E-08  2.056E-08  2.011E-08  1.968E-08  1.925E-08  1.884E-08  1.843E-08  1.804E-08  1.766E-08  1.728E-08  1.691E-08  1.655E-08  1.620E-08  1.586E-08  1.552E-08  1.519E-08  1.487E-08  1.455E-08  1.424E-08  1.394E-08  1.364E-08  1.335E-08  1.306E-08  1.278E-08  1.250E-08  1.223E-08  1.196E-08  1.170E-08  1.144E-08  1.119E-08  1.094E-08  1.069E-08  1.044E-08  1.020E-08  9.966E-09  9.732E-09  9.501E-09  9.273E-09  9.047E-09  8.824E-09  8.603E-09  8.385E-09  8.169E-09
  295.5000  1.735E-07  1.684E-07  1.636E-07  1.590E-07  1.547E-07  1.505E-07  1.465E-07  1.426E-07  1.389E-07  1.354E-07  1.320E-07  1.288E-07  1.256E-07  1.225E-07  1.196E-07  1.168E-07  1.140E-07  1.113E-07  1.087E-07  1.062E-07  1.038E-07  1.014E-07  9.912E-08  9.688E-08  9.469E-08  9.256E-08  9.050E-08  8.847E-08  8.650E-08  8.457E-08  8.269E-08  8.086E-08  7.906E-08  7.731E-08  7.559E-08  7.391E-08  7.226E-08  7.066E-08  6.908E-08  6.753E-08  6.602E-08  6.453E-08  6.307E-08  6.165E-08  6.024E-08  5.886E-08  5.751E-08  5.617E-08  5.487E-08  5.358E-08  5.231E-08  5.106E-08  4.983E-08  4.862E-08  4.743E-08  4.625E-08  4.509E-08  4.394E-08  4.281E-08  4.169E-08  4.059E-08
  296.5000  5.907E-07  5.713E-07  5.530E-07  5.357E-07  5.193E-07  5.037E-07  4.888E-07  4.747E-07  4.612E-07  4.484E-07  4.361E-07  4.243E-07  4.130E-07  4.022E-07  3.917E-07  3.817E-07  3.721E-07  3.627E-07  3.537E-07  3.450E-07  3.366E-07  3.285E-07  3.206E-07  3.129E-07  3.055E-07  2.982E-07  2.912E-07  2.844E-07  2.777E-07  2.712E-07  2.649E-07  2.587E-07  2.527E-07  2.469E-07  2.411E-07  2.355E-07  2.300E-07  2.247E-07  2.195E-07  2.143E-07  2.093E-07  2.044E-07  1.996E-07  1.949E-07  1.903E-07  1.857E-07  1.813E-07  1.769E-07  1.727E-07  1.684E-07  1.643E-07  1.602E-07  1.562E-07  1.523E-07  1.484E-07  1.446E-07  1.409E-07  1.372E-07  1.335E-07  1.299E-07  1.264E-07
  297.5000  2.119E-06  2.041E-06  1.968E-06  1.899E-06  1.833E-06  1.771E-06  1.713E-06  1.657E-06  1.605E-06  1.555E-06  1.508E-06  1.463E-06  1.420E-06  1.379E-06  1.339E-06  1.302E-06  1.266E-06  1.232E-06  1.199E-06  1.167E-06  1.136E-06  1.107E-06  1.078E-06  1.051E-06  1.024E-06  9.981E-07  9.732E-07  9.490E-07  9.255E-07  9.027E-07  8.805E-07  8.589E-07  8.379E-07  8.175E-07  7.975E-07  7.781E-07  7.592E-07  7.407E-07  7.226E-07  7.050E-07  6.878E-07  6.709E-07  6.544E-07  6.383E-07  6.225E-07  6.071E-07  5.919E-07  5.771E-07  5.625E-07  5.483E-07  5.343E-07  5.205E-07  5.070E-07  4.938E-07  4.808E-07  4.680E-07  4.554E-07  4.430E-07  4.308E-07  4.188E-07  4.070E-07
  298.5000  4.471E-06  4.289E-06  4.118E-06  3.957E-06  3.806E-06  3.663E-06  3.528E-06  3.401E-06  3.281E-06  3.168E-06  3.060E-06  2.958E-06  2.862E-06  2.770E-06  2.683E-06  2.601E-06  2.522E-06  2.446E-06  2.374E-06  2.306E-06  2.240E-06  2.177E-06  2.116E-06  2.058E-06  2.002E-06  1.948E-06  1.896E-06  1.845E-06  1.797E-06  1.750E-06  1.704E-06  1.660E-06  1.617E-06  1.576E-06  1.535E-06  1.496E-06  1.458E-06  1.420E-06  1.384E-06  1.349E-06  1.314E-06  1.281E-06  1.248E-06  1.216E-06  1.184E-06  1.154E-06  1.124E-06  1.094E-06  1.066E-06  1.037E-06  1.010E-06  9.829E-07  9.564E-07  9.304E-07  9.050E-07  8.801E-07  8.555E-07  8.314E-07  8.077E-07  7.844E-07  7.616E-07
  299.5000  1.787E-05  1.708E-05  1.634E-05  1.564E-05  1.499E-05  1.436E-05  1.378E-05  1.323E-05  1.271E-05  1.222E-05  1.175E-05  1.132E-05  1.090E-05  1.051E-05  1.014E-05  9.791E-06  9.458E-06  9.142E-06  8.842E-06  8.557E-06  8.286E-06  8.027E-06  7.780E-06  7.544E-06  7.318E-06  7.102E-06  6.895E-06  6.696E-06  6.504E-06  6.320E-06  6.143E-06  5.972E-06  5.806E-06  5.647E-06  5.492E-06  5.342E-06  5.197E-06  5.056E-06  4.920E-06  4.787E-06  4.657E-06  4.532E-06  4.409E-06  4.290E-06  4.174E-06  4.060E-06  3.949E-06  3.841E-06  3.736E-06  3.633E-06  3.532E-06  3.433E-06  3.336E-06  3.242E-06  3.149E-06  3.059E-06  2.970E-06  2.883E-06  2.797E-06  2.713E-06  2.631E-06
  300.5000  2.712E-05  2.587E-05  2.470E-05  2.359E-05  2.253E-05  2.154E-05  2.060E-05  1.972E-05  1.889E-05  1.810E-05  1.736E-05  1.665E-05  1.599E-05  1.536E-05  1.477E-05  1.421E-05  1.368E-05  1.318E-05  1.271E-05  1.225E-05  1.183E-05  1.142E-05  1.104E-05  1.067E-05  1.032E-05  9.989E-06  9.672E-06  9.369E-06  9.079E-06  8.800E-06  8.534E-06  8.279E-06  8.033E-06  7.796E-06  7.568E-06  7.349E-06  7.136E-06  6.932E-06  6.734E-06  6.542E-06  6.355E-06  6.175E-06  6.000E-06  5.830E-06  5.664E-06  5.503E-06  5.346E-06  5.193E-06  5.045E-06  4.899E-06  4.757E-06  4.619E-06  4.483E-06  4.351E-06  4.222E-06  4.096E-06  3.972E-06  3.851E-06  3.733E-06  3.617E-06  3.503E-06
  301.5000  9.438E-05  8.995E-05  8.574E-05  8.177E-05  7.798E-05  7.440E-05  7.100E-05  6.778E-05  6.473E-05  6.186E-05  5.913E-05  5.655E-05  5.410E-05  5.179E-05  4.961E-05  4.754E-05  4.559E-05  4.374E-05  4.199E-05  4.033E-05  3.877E-05  3.728E-05  3.588E-05  3.454E-05  3.328E-05  3.208E-05  3.094E-05  2.985E-05  2.882E-05  2.784E-05  2.690E-05  2.601E-05  2.516E-05  2.434E-05  2.356E-05  2.281E-05  2.209E-05  2.140E-05  2.074E-05  2.010E-05  1.948E-05  1.888E-05  1.831E-05  1.775E-05  1.721E-05  1.669E-05  1.618E-05  1.569E-05  1.522E-05  1.475E-05  1.430E-05  1.386E-05  1.343E-05  1.302E-05  1.261E-05  1.221E-05  1.183E-05  1.145E-05  1.108E-05  1.072E-05  1.037E-05
  302.5000  1.734E-04  1.653E-04  1.576E-04  1.503E-04  1.433E-04  1.366E-04  1.303E-04  1.243E-04  1.186E-04  1.132E-04  1.080E-04  1.032E-04  9.854E-05  9.415E-05  8.999E-05  8.606E-05  8.232E-05  7.879E-05  7.544E-05  7.227E-05  6.927E-05  6.643E-05  6.374E-05  6.119E-05  5.877E-05  5.648E-05  5.431E-05  5.225E-05  5.030E-05  4.844E-05  4.667E-05  4.500E-05  4.340E-05  4.188E-05  4.043E-05  3.904E-05  3.771E-05  3.645E-05  3.524E-05  3.408E-05  3.296E-05  3.189E-05  3.085E-05  2.986E-05  2.891E-05  2.798E-05  2.709E-05  2.622E-05  2.539E-05  2.458E-05  2.379E-05  2.303E-05  2.229E-05  2.157E-05  2.087E-05  2.018E-05  1.952E-05  1.887E-05  1.824E-05  1.762E-05  1.702E-05
  303.5000  4.795E-04  4.578E-04  4.370E-04  4.171E-04  3.981E-04  3.798E-04  3.624E-04  3.458E-04  3.299E-04  3.148E-04  3.003E-04  2.865E-04  2.734E-04  2.609E-04  2.490E-04  2.377E-04  2.270E-04  2.168E-04  2.071E-04  1.978E-04  1.891E-04  1.808E-04  1.729E-04  1.655E-04  1.584E-04  1.517E-04  1.453E-04  1.393E-04  1.335E-04  1.281E-04  1.230E-04  1.181E-04  1.134E-04  1.090E-04  1.048E-04  1.009E-04  9.707E-05  9.348E-05  9.004E-05  8.676E-05  8.363E-05  8.064E-05  7.778E-05  7.505E-05  7.243E-05  6.991E-05  6.749E-05  6.517E-05  6.293E-05  6.077E-05  5.869E-05  5.668E-05  5.473E-05  5.285E-05  5.103E-05  4.926E-05  4.754E-05  4.588E-05  4.426E-05  4.268E-05  4.115E-05
  304.5000  6.994E-04  6.687E-04  6.391E-04  6.108E-04  5.835E-04  5.573E-04  5.322E-04  5.082E-04  4.852E-04  4.632E-04  4.421E-04  4.219E-04  4.026E-04  3.842E-04  3.666E-04  3.499E-04  3.339E-04  3.187E-04  3.042E-04  2.904E-04  2.773E-04  2.648E-04  2.529E-04  2.416E-04  2.309E-04  2.207E-04  2.111E-04  2.019E-04  1.932E-04  1.849E-04  1.771E-04  1.697E-04  1.626E-04  1.559E-04  1.495E-04  1.435E-04  1.378E-04  1.323E-04  1.271E-04  1.222E-04  1.175E-04  1.130E-04  1.088E-04  1.047E-04  1.008E-04  9.712E-05  9.357E-05  9.016E-05  8.690E-05  8.376E-05  8.074E-05  7.784E-05  7.504E-05  7.234E-05  6.974E-05  6.722E-05  6.478E-05  6.242E-05  6.014E-05  5.792E-05  5.577E-05
  305.5000  1.441E-03  1.382E-03  1.325E-03  1.269E-03  1.216E-03  1.164E-03  1.114E-03  1.066E-03  1.020E-03  9.758E-04  9.330E-04  8.918E-04  8.522E-04  8.142E-04  7.777E-04  7.428E-04  7.093E-04  6.771E-04  6.464E-04  6.169E-04  5.888E-04  5.619E-04  5.362E-04  5.117E-04  4.883E-04  4.660E-04  4.447E-04  4.245E-04  4.052E-04  3.868E-04  3.694E-04  3.528E-04  3.370E-04  3.220E-04  3.078E-04  2.942E-04  2.814E-04  2.692E-04  2.576E-04  2.466E-04  2.361E-04  2.262E-04  2.167E-04  2.078E-04  1.992E-04  1.911E-04  1.833E-04  1.760E-04  1.689E-04  1.622E-04  1.558E-04  1.497E-04  1.438E-04  1.381E-04  1.327E-04  1.275E-04  1.225E-04  1.177E-04  1.131E-04  1.086E-04  1.043E-04
  306.5000  1.828E-03  1.755E-03  1.685E-03  1.617E-03  1.551E-03  1.487E-03  1.425E-03  1.365E-03  1.308E-03  1.252E-03  1.199E-03  1.147E-03  1.097E-03  1.049E-03  1.003E-03  9.587E-04  9.160E-04  8.750E-04  8.356E-04  7.979E-04  7.618E-04  7.271E-04  6.939E-04  6.622E-04  6.318E-04  6.027E-04  5.751E-04  5.486E-04  5.234E-04  4.993E-04  4.763E-04  4.545E-04  4.337E-04  4.139E-04  3.951E-04  3.772E-04  3.601E-04  3.440E-04  3.286E-04  3.140E-04  3.002E-04  2.870E-04  2.745E-04  2.626E-04  2.513E-04  2.406E-04  2.303E-04  2.206E-04  2.114E-04  2.026E-04  1.942E-04  1.862E-04  1.785E-04  1.712E-04  1.642E-04  1.575E-04  1.511E-04  1.449E-04  1.390E-04  1.333E-04  1.278E-04
  307.5000  3.870E-03  3.728E-03  3.591E-03  3.457E-03  3.327E-03  3.200E-03  3.077E-03  2.957E-03  2.841E-03  2.729E-03  2.620E-03  2.514E-03  2.411E-03  2.312E-03  2.216E-03  2.123E-03  2.033E-03  1.947E-03  1.863E-03  1.782E-03  1.704E-03  1.629E-03  1.557E-03  1.488E-03  1.421E-03  1.356E-03  1.295E-03  1.236E-03  1.179E-03  1.124E-03  1.072E-03  1.022E-03  9.747E-04  9.291E-04  8.854E-04  8.438E-04  8.041E-04  7.663E-04  7.302E-04  6.958E-04  6.631E-04  6.319E-04  6.023E-04  5.742E-04  5.474E-04  5.219E-04  4.977E-04  4.747E-04  4.529E-04  4.321E-04  4.124E-04  3.936E-04  3.758E-04  3.588E-04  3.427E-04  3.273E-04  3.126E-04  2.986E-04  2.852E-04  2.725E-04  2.603E-04
  308.5000  5.024E-03  4.847E-03  4.675E-03  4.507E-03  4.343E-03  4.184E-03  4.028E-03  3.877E-03  3.730E-03  3.587E-03  3.448E-03  3.313E-03  3.182E-03  3.054E-03  2.931E-03  2.812E-03  2.696E-03  2.584E-03  2.475E-03  2.371E-03  2.269E-03  2.172E-03  2.077E-03  1.986E-03  1.898E-03  1.814E-03  1.732E-03  1.654E-03  1.579E-03  1.506E-03  1.437E-03  1.370E-03  1.306E-03  1.245E-03  1.187E-03  1.131E-03  1.077E-03  1.026E-03  9.771E-04  9.305E-04  8.860E-04  8.436E-04  8.032E-04  7.649E-04  7.283E-04  6.935E-04  6.604E-04  6.290E-04  5.992E-04  5.708E-04  5.438E-04  5.181E-04  4.937E-04  4.706E-04  4.486E-04  4.277E-04  4.077E-04  3.888E-04  3.707E-04  3.535E-04  3.371E-04
  309.5000  5.744E-03  5.556E-03  5.373E-03  5.194E-03  5.018E-03  4.847E-03  4.679E-03  4.515E-03  4.356E-03  4.200E-03  4.048E-03  3.899E-03  3.755E-03  3.614E-03  3.477E-03  3.344E-03  3.214E-03  3.088E-03  2.965E-03  2.846E-03  2.731E-03  2.619E-03  2.511E-03  2.406E-03  2.304E-03  2.205E-03  2.110E-03  2.018E-03  1.929E-03  1.843E-03  1.761E-03  1.681E-03  1.604E-03  1.530E-03  1.459E-03  1.391E-03  1.326E-03  1.263E-03  1.202E-03  1.145E-03  1.089E-03  1.036E-03  9.858E-04  9.376E-04  8.914E-04  8.474E-04  8.054E-04  7.654E-04  7.275E-04  6.912E-04  6.567E-04  6.239E-04  5.928E-04  5.632E-04  5.351E-04  5.084E-04  4.830E-04  4.588E-04  4.359E-04  4.141E-04  3.935E-04
  310.5000  9.436E-03  9.147E-03  8.862E-03  8.584E-03  8.311E-03  8.044E-03  7.781E-03  7.525E-03  7.273E-03  7.028E-03  6.788E-03  6.553E-03  6.323E-03  6.098E-03  5.879E-03  5.666E-03  5.458E-03  5.254E-03  5.056E-03  4.863E-03  4.676E-03  4.493E-03  4.315E-03  4.142E-03  3.974E-03  3.811E-03  3.653E-03  3.500E-03  3.351E-03  3.207E-03  3.068E-03  2.934E-03  2.804E-03  2.678E-03  2.557E-03  2.439E-03  2.327E-03  2.218E-03  2.114E-03  2.013E-03  1.917E-03  1.824E-03  1.735E-03  1.650E-03  1.569E-03  1.490E-03  1.416E-03  1.344E-03  1.276E-03  1.211E-03  1.149E-03  1.090E-03  1.034E-03  9.805E-04  9.298E-04  8.814E-04  8.354E-04  7.917E-04  7.503E-04  7.109E-04  6.736E-04
  311.5000  1.375E-02  1.334E-02  1.295E-02  1.256E-02  1.218E-02  1.180E-02  1.143E-02  1.107E-02  1.072E-02  1.037E-02  1.003E-02  9.696E-03  9.369E-03  9.050E-03  8.738E-03  8.433E-03  8.135E-03  7.843E-03  7.558E-03  7.280E-03  7.010E-03  6.745E-03  6.488E-03  6.237E-03  5.992E-03  5.754E-03  5.524E-03  5.299E-03  5.081E-03  4.869E-03  4.663E-03  4.464E-03  4.271E-03  4.084E-03  3.903E-03  3.728E-03  3.559E-03  3.396E-03  3.239E-03  3.087E-03  2.941E-03  2.800E-03  2.664E-03  2.535E-03  2.410E-03  2.290E-03  2.175E-03  2.065E-03  1.960E-03  1.860E-03  1.763E-03  1.672E-03  1.584E-03  1.501E-03  1.421E-03  1.346E-03  1.274E-03  1.205E-03  1.140E-03  1.079E-03  1.020E-03
  312.5000  1.678E-02  1.633E-02  1.589E-02  1.545E-02  1.502E-02  1.460E-02  1.418E-02  1.377E-02  1.336E-02  1.297E-02  1.258E-02  1.219E-02  1.182E-02  1.145E-02  1.108E-02  1.073E-02  1.038E-02  1.004E-02  9.702E-03  9.373E-03  9.052E-03  8.737E-03  8.428E-03  8.127E-03  7.832E-03  7.543E-03  7.263E-03  6.988E-03  6.720E-03  6.458E-03  6.203E-03  5.956E-03  5.714E-03  5.479E-03  5.250E-03  5.028E-03  4.812E-03  4.603E-03  4.400E-03  4.204E-03  4.013E-03  3.829E-03  3.650E-03  3.479E-03  3.312E-03  3.152E-03  2.997E-03  2.849E-03  2.706E-03  2.568E-03  2.436E-03  2.309E-03  2.188E-03  2.072E-03  1.961E-03  1.854E-03  1.753E-03  1.656E-03  1.563E-03  1.475E-03  1.392E-03
  313.5000  2.007E-02  1.954E-02  1.902E-02  1.851E-02  1.801E-02  1.751E-02  1.702E-02  1.654E-02  1.606E-02  1.560E-02  1.514E-02  1.468E-02  1.424E-02  1.380E-02  1.338E-02  1.296E-02  1.254E-02  1.214E-02  1.174E-02  1.135E-02  1.097E-02  1.059E-02  1.023E-02  9.869E-03  9.517E-03  9.174E-03  8.839E-03  8.511E-03  8.190E-03  7.877E-03  7.572E-03  7.275E-03  6.984E-03  6.702E-03  6.427E-03  6.159E-03  5.899E-03  5.646E-03  5.401E-03  5.163E-03  4.932E-03  4.708E-03  4.491E-03  4.282E-03  4.080E-03  3.884E-03  3.695E-03  3.513E-03  3.338E-03  3.170E-03  3.007E-03  2.851E-03  2.702E-03  2.558E-03  2.422E-03  2.290E-03  2.164E-03  2.045E-03  1.930E-03  1.821E-03  1.717E-03
  314.5000  2.433E-02  2.374E-02  2.317E-02  2.260E-02  2.203E-02  2.148E-02  2.093E-02  2.039E-02  1.985E-02  1.932E-02  1.880E-02  1.829E-02  1.779E-02  1.729E-02  1.680E-02  1.631E-02  1.584E-02  1.537E-02  1.491E-02  1.446E-02  1.401E-02  1.357E-02  1.314E-02  1.272E-02  1.230E-02  1.190E-02  1.150E-02  1.110E-02  1.072E-02  1.034E-02  9.971E-03  9.610E-03  9.256E-03  8.909E-03  8.570E-03  8.239E-03  7.915E-03  7.601E-03  7.292E-03  6.992E-03  6.699E-03  6.414E-03  6.136E-03  5.867E-03  5.605E-03  5.351E-03  5.103E-03  4.864E-03  4.633E-03  4.408E-03  4.191E-03  3.981E-03  3.778E-03  3.583E-03  3.396E-03  3.215E-03  3.041E-03  2.873E-03  2.713E-03  2.559E-03  2.413E-03
  315.5000  2.595E-02  2.533E-02  2.472E-02  2.413E-02  2.353E-02  2.295E-02  2.237E-02  2.180E-02  2.123E-02  2.068E-02  2.013E-02  1.959E-02  1.906E-02  1.853E-02  1.801E-02  1.750E-02  1.700E-02  1.650E-02  1.602E-02  1.554E-02  1.507E-02  1.460E-02  1.414E-02  1.370E-02  1.325E-02  1.282E-02  1.240E-02  1.198E-02  1.157E-02  1.117E-02  1.077E-02  1.039E-02  1.001E-02  9.642E-03  9.280E-03  8.926E-03  8.580E-03  8.244E-03  7.914E-03  7.592E-03  7.277E-03  6.971E-03  6.673E-03  6.384E-03  6.102E-03  5.828E-03  5.561E-03  5.303E-03  5.053E-03  4.810E-03  4.575E-03  4.348E-03  4.129E-03  3.917E-03  3.713E-03  3.516E-03  3.327E-03  3.145E-03  2.970E-03  2.803E-03  2.643E-03
  316.5000  3.002E-02  2.937E-02  2.872E-02  2.807E-02  2.744E-02  2.681E-02  2.618E-02  2.557E-02  2.496E-02  2.436E-02  2.376E-02  2.317E-02  2.259E-02  2.201E-02  2.145E-02  2.089E-02  2.033E-02  1.979E-02  1.925E-02  1.872E-02  1.819E-02  1.768E-02  1.717E-02  1.667E-02  1.617E-02  1.568E-02  1.520E-02  1.473E-02  1.427E-02  1.381E-02  1.336E-02  1.292E-02  1.249E-02  1.206E-02  1.164E-02  1.123E-02  1.083E-02  1.043E-02  1.004E-02  9.664E-03  9.292E-03  8.928E-03  8.572E-03  8.225E-03  7.885E-03  7.554E-03  7.230E-03  6.914E-03  6.608E-03  6.308E-03  6.017E-03  5.734E-03  5.459E-03  5.193E-03  4.935E-03  4.684E-03  4.442E-03  4.208E-03  3.982E-03  3.763E-03  3.554E-03
  317.5000  4.252E-02  4.158E-02  4.066E-02  3.975E-02  3.885E-02  3.796E-02  3.707E-02  3.620E-02  3.533E-02  3.448E-02  3.364E-02  3.280E-02  3.198E-02  3.117E-02  3.036E-02  2.957E-02  2.879E-02  2.801E-02  2.725E-02  2.649E-02  2.575E-02  2.502E-02  2.430E-02  2.359E-02  2.289E-02  2.220E-02  2.152E-02  2.085E-02  2.019E-02  1.954E-02  1.891E-02  1.828E-02  1.767E-02  1.706E-02  1.647E-02  1.589E-02  1.532E-02  1.476E-02  1.421E-02  1.367E-02  1.314E-02  1.263E-02  1.213E-02  1.163E-02  1.115E-02  1.068E-02  1.023E-02  9.779E-03  9.345E-03  8.922E-03  8.509E-03  8.109E-03  7.720E-03  7.342E-03  6.978E-03  6.623E-03  6.280E-03  5.949E-03  5.629E-03  5.320E-03  5.024E-03
  318.5000  3.838E-02  3.761E-02  3.684E-02  3.608E-02  3.532E-02  3.457E-02  3.383E-02  3.310E-02  3.237E-02  3.165E-02  3.094E-02  3.023E-02  2.953E-02  2.884E-02  2.816E-02  2.748E-02  2.681E-02  2.615E-02  2.550E-02  2.485E-02  2.421E-02  2.358E-02  2.296E-02  2.234E-02  2.173E-02  2.113E-02  2.054E-02  1.995E-02  1.937E-02  1.880E-02  1.824E-02  1.769E-02  1.714E-02  1.660E-02  1.607E-02  1.555E-02  1.504E-02  1.453E-02  1.404E-02  1.355E-02  1.307E-02  1.260E-02  1.213E-02  1.168E-02  1.123E-02  1.080E-02  1.037E-02  9.950E-03  9.541E-03  9.139E-03  8.747E-03  8.363E-03  7.989E-03  7.624E-03  7.270E-03  6.923E-03  6.586E-03  6.258E-03  5.940E-03  5.631E-03  5.333E-03
  319.5000  4.810E-02  4.714E-02  4.619E-02  4.526E-02  4.432E-02  4.340E-02  4.248E-02  4.157E-02  4.068E-02  3.979E-02  3.891E-02  3.803E-02  3.717E-02  3.631E-02  3.546E-02  3.463E-02  3.380E-02  3.298E-02  3.216E-02  3.136E-02  3.057E-02  2.978E-02  2.901E-02  2.824E-02  2.748E-02  2.674E-02  2.600E-02  2.527E-02  2.455E-02  2.384E-02  2.314E-02  2.245E-02  2.177E-02  2.110E-02  2.044E-02  1.978E-02  1.914E-02  1.851E-02  1.789E-02  1.728E-02  1.668E-02  1.608E-02  1.550E-02  1.493E-02  1.437E-02  1.382E-02  1.328E-02  1.276E-02  1.224E-02  1.173E-02  1.124E-02  1.075E-02  1.028E-02  9.815E-03  9.365E-03  8.926E-03  8.497E-03  8.080E-03  7.675E-03  7.281E-03  6.901E-03
  320.5000  6.045E-02  5.927E-02  5.810E-02  5.694E-02  5.579E-02  5.465E-02  5.352E-02  5.240E-02  5.128E-02  5.019E-02  4.910E-02  4.802E-02  4.695E-02  4.589E-02  4.484E-02  4.380E-02  4.277E-02  4.176E-02  4.075E-02  3.975E-02  3.877E-02  3.780E-02  3.683E-02  3.588E-02  3.494E-02  3.401E-02  3.309E-02  3.218E-02  3.129E-02  3.040E-02  2.953E-02  2.866E-02  2.781E-02  2.697E-02  2.615E-02  2.533E-02  2.452E-02  2.373E-02  2.295E-02  2.219E-02  2.143E-02  2.068E-02  1.995E-02  1.924E-02  1.853E-02  1.784E-02  1.715E-02  1.649E-02  1.583E-02  1.519E-02  1.456E-02  1.394E-02  1.334E-02  1.275E-02  1.218E-02  1.162E-02  1.107E-02  1.054E-02  1.002E-02  9.512E-03  9.022E-03
  321.5000  5.817E-02  5.713E-02  5.609E-02  5.507E-02  5.405E-02  5.303E-02  5.203E-02  5.103E-02  5.004E-02  4.906E-02  4.808E-02  4.711E-02  4.616E-02  4.520E-02  4.426E-02  4.333E-02  4.240E-02  4.148E-02  4.057E-02  3.966E-02  3.877E-02  3.788E-02  3.700E-02  3.613E-02  3.527E-02  3.442E-02  3.358E-02  3.274E-02  3.191E-02  3.109E-02  3.028E-02  2.948E-02  2.869E-02  2.790E-02  2.713E-02  2.636E-02  2.560E-02  2.486E-02  2.412E-02  2.339E-02  2.267E-02  2.195E-02  2.125E-02  2.056E-02  1.988E-02  1.920E-02  1.854E-02  1.789E-02  1.724E-02  1.661E-02  1.599E-02  1.537E-02  1.477E-02  1.418E-02  1.360E-02  1.303E-02  1.247E-02  1.192E-02  1.139E-02  1.086E-02  1.035E-02
  322.5000  5.327E-02  5.224E-02  5.123E-02  5.023E-02  4.923E-02  4.824E-02  4.726E-02  4.629E-02  4.532E-02  4.437E-02  4.342E-02  4.248E-02  4.155E-02  4.063E-02  3.972E-02  3.882E-02  3.793E-02  3.704E-02  3.616E-02  3.530E-02  3.444E-02  3.359E-02  3.275E-02  3.192E-02  3.110E-02  3.028E-02  2.948E-02  2.869E-02  2.790E-02  2.713E-02  2.636E-02  2.561E-02  2.487E-02  2.413E-02  2.340E-02  2.269E-02  2.198E-02  2.129E-02  2.060E-02  1.992E-02  1.926E-02  1.860E-02  1.796E-02  1.732E-02  1.670E-02  1.609E-02  1.548E-02  1.489E-02  1.431E-02  1.374E-02  1.318E-02  1.264E-02  1.210E-02  1.157E-02  1.106E-02  1.056E-02  1.007E-02  9.595E-03  9.130E-03  8.676E-03  8.237E-03
  323.5000  6.385E-02  6.275E-02  6.166E-02  6.057E-02  5.949E-02  5.842E-02  5.736E-02  5.630E-02  5.525E-02  5.421E-02  5.318E-02  5.215E-02  5.113E-02  5.012E-02  4.912E-02  4.813E-02  4.714E-02  4.616E-02  4.519E-02  4.423E-02  4.328E-02  4.233E-02  4.139E-02  4.046E-02  3.954E-02  3.862E-02  3.772E-02  3.682E-02  3.594E-02  3.506E-02  3.418E-02  3.332E-02  3.247E-02  3.162E-02  3.078E-02  2.996E-02  2.914E-02  2.833E-02  2.752E-02  2.673E-02  2.595E-02  2.517E-02  2.441E-02  2.365E-02  2.291E-02  2.217E-02  2.144E-02  2.072E-02  2.001E-02  1.932E-02  1.863E-02  1.795E-02  1.728E-02  1.662E-02  1.598E-02  1.534E-02  1.471E-02  1.410E-02  1.349E-02  1.290E-02  1.232E-02
  324.5000  7.458E-02  7.329E-02  7.200E-02  7.073E-02  6.947E-02  6.821E-02  6.696E-02  6.572E-02  6.449E-02  6.327E-02  6.205E-02  6.085E-02  5.966E-02  5.847E-02  5.729E-02  5.613E-02  5.497E-02  5.382E-02  5.269E-02  5.156E-02  5.044E-02  4.933E-02  4.823E-02  4.714E-02  4.606E-02  4.499E-02  4.393E-02  4.288E-02  4.184E-02  4.081E-02  3.979E-02  3.878E-02  3.778E-02  3.679E-02  3.581E-02  3.484E-02  3.388E-02  3.293E-02  3.199E-02  3.107E-02  3.015E-02  2.924E-02  2.835E-02  2.747E-02  2.659E-02  2.573E-02  2.488E-02  2.404E-02  2.322E-02  2.240E-02  2.160E-02  2.081E-02  2.003E-02  1.926E-02  1.851E-02  1.776E-02  1.703E-02  1.632E-02  1.562E-02  1.493E-02  1.425E-02
  325.5000  8.206E-02  8.061E-02  7.918E-02  7.776E-02  7.634E-02  7.494E-02  7.355E-02  7.216E-02  7.079E-02  6.943E-02  6.808E-02  6.673E-02  6.540E-02  6.408E-02  6.277E-02  6.147E-02  6.018E-02  5.890E-02  5.764E-02  5.638E-02  5.514E-02  5.390E-02  5.268E-02  5.147E-02  5.027E-02  4.908E-02  4.790E-02  4.674E-02  4.558E-02  4.444E-02  4.331E-02  4.219E-02  4.108E-02  3.998E-02  3.890E-02  3.782E-02  3.676E-02  3.572E-02  3.468E-02  3.365E-02  3.264E-02  3.164E-02  3.065E-02  2.968E-02  2.872E-02  2.777E-02  2.683E-02  2.591E-02  2.500E-02  2.411E-02  2.322E-02  2.236E-02  2.150E-02  2.066E-02  1.984E-02  1.903E-02  1.823E-02  1.745E-02  1.668E-02  1.593E-02  1.519E-02
  326.5000  1.099E-01  1.081E-01  1.064E-01  1.046E-01  1.028E-01  1.011E-01  9.936E-02  9.764E-02  9.592E-02  9.423E-02  9.254E-02  9.086E-02  8.919E-02  8.754E-02  8.589E-02  8.427E-02  8.265E-02  8.104E-02  7.944E-02  7.786E-02  7.629E-02  7.473E-02  7.318E-02  7.164E-02  7.012E-02  6.861E-02  6.711E-02  6.562E-02  6.415E-02  6.268E-02  6.123E-02  5.980E-02  5.837E-02  5.696E-02  5.556E-02  5.417E-02  5.280E-02  5.144E-02  5.009E-02  4.875E-02  4.743E-02  4.612E-02  4.482E-02  4.354E-02  4.227E-02  4.101E-02  3.977E-02  3.854E-02  3.733E-02  3.613E-02  3.494E-02  3.377E-02  3.261E-02  3.147E-02  3.034E-02  2.923E-02  2.813E-02  2.705E-02  2.598E-02  2.493E-02  2.390E-02
  327.5000  9.921E-02  9.755E-02  9.590E-02  9.427E-02  9.264E-02  9.102E-02  8.942E-02  8.782E-02  8.624E-02  8.467E-02  8.310E-02  8.155E-02  8.001E-02  7.848E-02  7.697E-02  7.546E-02  7.397E-02  7.248E-02  7.101E-02  6.955E-02  6.811E-02  6.667E-02  6.524E-02  6.383E-02  6.243E-02  6.104E-02  5.966E-02  5.830E-02  5.694E-02  5.560E-02  5.427E-02  5.296E-02  5.165E-02  5.036E-02  4.908E-02  4.781E-02  4.655E-02  4.531E-02  4.408E-02  4.286E-02  4.166E-02  4.046E-02  3.928E-02  3.812E-02  3.697E-02  3.583E-02  3.470E-02  3.358E-02  3.249E-02  3.140E-02  3.033E-02  2.927E-02  2.823E-02  2.720E-02  2.619E-02  2.519E-02  2.421E-02  2.324E-02  2.229E-02  2.135E-02  2.043E-02
  328.5000  9.180E-02  9.026E-02  8.874E-02  8.723E-02  8.572E-02  8.423E-02  8.274E-02  8.126E-02  7.980E-02  7.835E-02  7.690E-02  7.547E-02  7.404E-02  7.263E-02  7.122E-02  6.983E-02  6.845E-02  6.708E-02  6.572E-02  6.437E-02  6.303E-02  6.170E-02  6.038E-02  5.907E-02  5.778E-02  5.649E-02  5.522E-02  5.396E-02  5.270E-02  5.146E-02  5.023E-02  4.902E-02  4.781E-02  4.661E-02  4.543E-02  4.425E-02  4.309E-02  4.194E-02  4.081E-02  3.968E-02  3.856E-02  3.746E-02  3.637E-02  3.529E-02  3.422E-02  3.317E-02  3.213E-02  3.110E-02  3.008E-02  2.908E-02  2.808E-02  2.711E-02  2.614E-02  2.519E-02  2.425E-02  2.333E-02  2.242E-02  2.152E-02  2.064E-02  1.977E-02  1.892E-02
  329.5000  1.282E-01  1.262E-01  1.242E-01  1.222E-01  1.202E-01  1.183E-01  1.163E-01  1.144E-01  1.124E-01  1.105E-01  1.086E-01  1.067E-01  1.048E-01  1.029E-01  1.011E-01  9.924E-02  9.740E-02  9.558E-02  9.377E-02  9.197E-02  9.020E-02  8.842E-02  8.666E-02  8.492E-02  8.319E-02  8.147E-02  7.976E-02  7.807E-02  7.639E-02  7.472E-02  7.307E-02  7.143E-02  6.980E-02  6.819E-02  6.659E-02  6.500E-02  6.343E-02  6.187E-02  6.032E-02  5.879E-02  5.727E-02  5.576E-02  5.427E-02  5.280E-02  5.133E-02  4.988E-02  4.844E-02  4.702E-02  4.562E-02  4.423E-02  4.285E-02  4.148E-02  4.013E-02  3.880E-02  3.749E-02  3.618E-02  3.490E-02  3.363E-02  3.237E-02  3.113E-02  2.992E-02
  330.5000  1.132E-01  1.114E-01  1.095E-01  1.077E-01  1.059E-01  1.042E-01  1.024E-01  1.006E-01  9.887E-02  9.714E-02  9.541E-02  9.369E-02  9.199E-02  9.030E-02  8.862E-02  8.695E-02  8.529E-02  8.365E-02  8.202E-02  8.040E-02  7.879E-02  7.719E-02  7.561E-02  7.404E-02  7.248E-02  7.093E-02  6.940E-02  6.788E-02  6.637E-02  6.487E-02  6.338E-02  6.192E-02  6.046E-02  5.901E-02  5.758E-02  5.615E-02  5.474E-02  5.335E-02  5.197E-02  5.060E-02  4.924E-02  4.790E-02  4.657E-02  4.526E-02  4.395E-02  4.266E-02  4.139E-02  4.012E-02  3.888E-02  3.764E-02  3.642E-02  3.522E-02  3.402E-02  3.285E-02  3.169E-02  3.054E-02  2.941E-02  2.829E-02  2.719E-02  2.611E-02  2.504E-02
  331.5000  1.113E-01  1.095E-01  1.077E-01  1.059E-01  1.041E-01  1.023E-01  1.006E-01  9.885E-02  9.712E-02  9.540E-02  9.370E-02  9.200E-02  9.032E-02  8.864E-02  8.698E-02  8.534E-02  8.370E-02  8.208E-02  8.047E-02  7.887E-02  7.728E-02  7.571E-02  7.414E-02  7.259E-02  7.105E-02  6.952E-02  6.801E-02  6.651E-02  6.502E-02  6.354E-02  6.208E-02  6.063E-02  5.919E-02  5.776E-02  5.635E-02  5.495E-02  5.356E-02  5.219E-02  5.082E-02  4.948E-02  4.814E-02  4.681E-02  4.550E-02  4.421E-02  4.293E-02  4.166E-02  4.040E-02  3.916E-02  3.793E-02  3.672E-02  3.552E-02  3.433E-02  3.316E-02  3.201E-02  3.087E-02  2.974E-02  2.863E-02  2.753E-02  2.645E-02  2.539E-02  2.435E-02
  332.5000  1.156E-01  1.138E-01  1.121E-01  1.103E-01  1.085E-01  1.068E-01  1.050E-01  1.033E-01  1.016E-01  9.985E-02  9.815E-02  9.646E-02  9.478E-02  9.311E-02  9.145E-02  8.980E-02  8.817E-02  8.654E-02  8.493E-02  8.332E-02  8.174E-02  8.015E-02  7.858E-02  7.703E-02  7.548E-02  7.394E-02  7.242E-02  7.091E-02  6.941E-02  6.792E-02  6.644E-02  6.498E-02  6.353E-02  6.208E-02  6.065E-02  5.923E-02  5.782E-02  5.643E-02  5.505E-02  5.368E-02  5.231E-02  5.096E-02  4.963E-02  4.831E-02  4.699E-02  4.569E-02  4.440E-02  4.313E-02  4.187E-02  4.062E-02  3.938E-02  3.815E-02  3.694E-02  3.574E-02  3.455E-02  3.338E-02  3.222E-02  3.107E-02  2.994E-02  2.882E-02  2.772E-02
  333.5000  1.063E-01  1.046E-01  1.030E-01  1.013E-01  9.965E-02  9.801E-02  9.637E-02  9.474E-02  9.313E-02  9.153E-02  8.993E-02  8.835E-02  8.677E-02  8.521E-02  8.366E-02  8.212E-02  8.059E-02  7.907E-02  7.756E-02  7.606E-02  7.457E-02  7.310E-02  7.163E-02  7.018E-02  6.873E-02  6.730E-02  6.588E-02  6.447E-02  6.307E-02  6.168E-02  6.030E-02  5.894E-02  5.759E-02  5.624E-02  5.491E-02  5.359E-02  5.228E-02  5.099E-02  4.970E-02  4.843E-02  4.716E-02  4.591E-02  4.467E-02  4.345E-02  4.223E-02  4.103E-02  3.984E-02  3.866E-02  3.749E-02  3.634E-02  3.519E-02  3.406E-02  3.294E-02  3.184E-02  3.075E-02  2.967E-02  2.861E-02  2.755E-02  2.652E-02  2.549E-02  2.449E-02
  334.5000  1.203E-01  1.184E-01  1.165E-01  1.147E-01  1.128E-01  1.110E-01  1.092E-01  1.073E-01  1.055E-01  1.037E-01  1.019E-01  1.002E-01  9.839E-02  9.663E-02  9.489E-02  9.317E-02  9.145E-02  8.974E-02  8.805E-02  8.636E-02  8.470E-02  8.304E-02  8.139E-02  7.976E-02  7.814E-02  7.653E-02  7.494E-02  7.335E-02  7.178E-02  7.022E-02  6.867E-02  6.714E-02  6.562E-02  6.411E-02  6.261E-02  6.112E-02  5.965E-02  5.819E-02  5.675E-02  5.531E-02  5.389E-02  5.248E-02  5.108E-02  4.970E-02  4.833E-02  4.697E-02  4.563E-02  4.430E-02  4.298E-02  4.168E-02  4.039E-02  3.911E-02  3.785E-02  3.660E-02  3.537E-02  3.415E-02  3.294E-02  3.175E-02  3.057E-02  2.941E-02  2.827E-02
  335.5000  1.252E-01  1.233E-01  1.213E-01  1.194E-01  1.176E-01  1.157E-01  1.138E-01  1.119E-01  1.101E-01  1.083E-01  1.064E-01  1.046E-01  1.028E-01  1.010E-01  9.927E-02  9.750E-02  9.575E-02  9.401E-02  9.228E-02  9.056E-02  8.886E-02  8.716E-02  8.548E-02  8.381E-02  8.215E-02  8.050E-02  7.887E-02  7.725E-02  7.564E-02  7.404E-02  7.245E-02  7.088E-02  6.932E-02  6.777E-02  6.624E-02  6.471E-02  6.320E-02  6.170E-02  6.022E-02  5.874E-02  5.728E-02  5.583E-02  5.439E-02  5.297E-02  5.155E-02  5.015E-02  4.877E-02  4.739E-02  4.603E-02  4.468E-02  4.335E-02  4.202E-02  4.071E-02  3.942E-02  3.814E-02  3.687E-02  3.561E-02  3.437E-02  3.315E-02  3.193E-02  3.074E-02
  336.5000  9.724E-02  9.574E-02  9.424E-02  9.276E-02  9.128E-02  8.981E-02  8.835E-02  8.689E-02  8.545E-02  8.402E-02  8.259E-02  8.118E-02  7.977E-02  7.837E-02  7.698E-02  7.560E-02  7.423E-02  7.287E-02  7.152E-02  7.017E-02  6.884E-02  6.752E-02  6.620E-02  6.490E-02  6.360E-02  6.232E-02  6.104E-02  5.978E-02  5.852E-02  5.727E-02  5.604E-02  5.481E-02  5.359E-02  5.238E-02  5.118E-02  5.000E-02  4.882E-02  4.765E-02  4.649E-02  4.534E-02  4.420E-02  4.307E-02  4.195E-02  4.084E-02  3.974E-02  3.865E-02  3.757E-02  3.650E-02  3.544E-02  3.439E-02  3.335E-02  3.233E-02  3.131E-02  3.030E-02  2.931E-02  2.832E-02  2.734E-02  2.638E-02  2.543E-02  2.449E-02  2.356E-02
  337.5000  1.050E-01  1.033E-01  1.017E-01  1.001E-01  9.845E-02  9.683E-02  9.523E-02  9.364E-02  9.205E-02  9.049E-02  8.892E-02  8.737E-02  8.583E-02  8.430E-02  8.277E-02  8.127E-02  7.977E-02  7.828E-02  7.680E-02  7.533E-02  7.387E-02  7.242E-02  7.099E-02  6.956E-02  6.814E-02  6.674E-02  6.535E-02  6.396E-02  6.259E-02  6.123E-02  5.988E-02  5.854E-02  5.721E-02  5.590E-02  5.459E-02  5.329E-02  5.201E-02  5.074E-02  4.947E-02  4.822E-02  4.698E-02  4.575E-02  4.454E-02  4.333E-02  4.214E-02  4.095E-02  3.978E-02  3.862E-02  3.747E-02  3.634E-02  3.521E-02  3.410E-02  3.300E-02  3.191E-02  3.083E-02  2.977E-02  2.872E-02  2.768E-02  2.665E-02  2.564E-02  2.464E-02
  338.5000  1.139E-01  1.121E-01  1.104E-01  1.087E-01  1.069E-01  1.052E-01  1.035E-01  1.018E-01  1.002E-01  9.849E-02  9.683E-02  9.518E-02  9.354E-02  9.192E-02  9.030E-02  8.870E-02  8.710E-02  8.552E-02  8.394E-02  8.238E-02  8.083E-02  7.929E-02  7.776E-02  7.624E-02  7.473E-02  7.323E-02  7.175E-02  7.028E-02  6.881E-02  6.736E-02  6.592E-02  6.449E-02  6.307E-02  6.166E-02  6.027E-02  5.888E-02  5.751E-02  5.615E-02  5.479E-02  5.345E-02  5.212E-02  5.081E-02  4.950E-02  4.821E-02  4.692E-02  4.565E-02  4.439E-02  4.314E-02  4.191E-02  4.068E-02  3.947E-02  3.827E-02  3.708E-02  3.590E-02  3.474E-02  3.358E-02  3.244E-02  3.131E-02  3.020E-02  2.910E-02  2.801E-02
  339.5000  1.243E-01  1.224E-01  1.205E-01  1.187E-01  1.168E-01  1.149E-01  1.131E-01  1.112E-01  1.094E-01  1.076E-01  1.058E-01  1.040E-01  1.022E-01  1.004E-01  9.867E-02  9.693E-02  9.519E-02  9.346E-02  9.175E-02  9.004E-02  8.836E-02  8.668E-02  8.501E-02  8.335E-02  8.171E-02  8.008E-02  7.847E-02  7.686E-02  7.526E-02  7.368E-02  7.211E-02  7.056E-02  6.901E-02  6.747E-02  6.595E-02  6.444E-02  6.294E-02  6.146E-02  5.999E-02  5.853E-02  5.708E-02  5.564E-02  5.422E-02  5.281E-02  5.141E-02  5.002E-02  4.865E-02  4.729E-02  4.594E-02  4.461E-02  4.328E-02  4.197E-02  4.067E-02  3.939E-02  3.812E-02  3.686E-02  3.561E-02  3.438E-02  3.317E-02  3.196E-02  3.078E-02
  340.5000  1.318E-01  1.298E-01  1.277E-01  1.257E-01  1.237E-01  1.217E-01  1.198E-01  1.178E-01  1.158E-01  1.139E-01  1.120E-01  1.100E-01  1.081E-01  1.062E-01  1.044E-01  1.025E-01  1.006E-01  9.879E-02  9.696E-02  9.514E-02  9.334E-02  9.154E-02  8.976E-02  8.800E-02  8.624E-02  8.450E-02  8.278E-02  8.106E-02  7.936E-02  7.767E-02  7.600E-02  7.434E-02  7.269E-02  7.105E-02  6.943E-02  6.782E-02  6.623E-02  6.465E-02  6.308E-02  6.152E-02  5.998E-02  5.845E-02  5.694E-02  5.544E-02  5.395E-02  5.247E-02  5.101E-02  4.957E-02  4.814E-02  4.672E-02  4.531E-02  4.392E-02  4.254E-02  4.117E-02  3.983E-02  3.849E-02  3.717E-02  3.587E-02  3.458E-02  3.331E-02  3.205E-02
  341.5000  1.188E-01  1.169E-01  1.151E-01  1.133E-01  1.116E-01  1.098E-01  1.080E-01  1.063E-01  1.045E-01  1.028E-01  1.011E-01  9.937E-02  9.766E-02  9.597E-02  9.430E-02  9.263E-02  9.098E-02  8.933E-02  8.770E-02  8.607E-02  8.447E-02  8.287E-02  8.128E-02  7.970E-02  7.814E-02  7.658E-02  7.504E-02  7.351E-02  7.199E-02  7.048E-02  6.899E-02  6.751E-02  6.603E-02  6.457E-02  6.312E-02  6.168E-02  6.025E-02  5.884E-02  5.744E-02  5.605E-02  5.467E-02  5.330E-02  5.194E-02  5.060E-02  4.926E-02  4.794E-02  4.663E-02  4.533E-02  4.405E-02  4.278E-02  4.151E-02  4.026E-02  3.903E-02  3.780E-02  3.659E-02  3.539E-02  3.420E-02  3.303E-02  3.186E-02  3.072E-02  2.958E-02
  342.5000  1.320E-01  1.300E-01  1.280E-01  1.260E-01  1.240E-01  1.221E-01  1.201E-01  1.182E-01  1.162E-01  1.143E-01  1.124E-01  1.105E-01  1.086E-01  1.067E-01  1.049E-01  1.030E-01  1.012E-01  9.935E-02  9.754E-02  9.574E-02  9.396E-02  9.218E-02  9.042E-02  8.867E-02  8.693E-02  8.520E-02  8.350E-02  8.180E-02  8.011E-02  7.844E-02  7.677E-02  7.513E-02  7.350E-02  7.187E-02  7.026E-02  6.867E-02  6.708E-02  6.552E-02  6.396E-02  6.241E-02  6.088E-02  5.936E-02  5.785E-02  5.636E-02  5.488E-02  5.342E-02  5.196E-02  5.052E-02  4.910E-02  4.768E-02  4.628E-02  4.489E-02  4.351E-02  4.215E-02  4.081E-02  3.948E-02  3.816E-02  3.685E-02  3.556E-02  3.428E-02  3.302E-02
  343.5000  1.366E-01  1.345E-01  1.325E-01  1.304E-01  1.283E-01  1.263E-01  1.242E-01  1.222E-01  1.202E-01  1.182E-01  1.162E-01  1.143E-01  1.123E-01  1.103E-01  1.084E-01  1.065E-01  1.046E-01  1.027E-01  1.008E-01  9.893E-02  9.708E-02  9.523E-02  9.340E-02  9.158E-02  8.978E-02  8.799E-02  8.621E-02  8.445E-02  8.270E-02  8.096E-02  7.923E-02  7.753E-02  7.583E-02  7.415E-02  7.247E-02  7.082E-02  6.917E-02  6.755E-02  6.593E-02  6.433E-02  6.274E-02  6.116E-02  5.960E-02  5.806E-02  5.652E-02  5.500E-02  5.349E-02  5.200E-02  5.052E-02  4.906E-02  4.760E-02  4.617E-02  4.474E-02  4.333E-02  4.194E-02  4.056E-02  3.919E-02  3.784E-02  3.651E-02  3.519E-02  3.389E-02
  344.5000  9.538E-02  9.391E-02  9.245E-02  9.100E-02  8.956E-02  8.812E-02  8.669E-02  8.527E-02  8.386E-02  8.246E-02  8.107E-02  7.968E-02  7.831E-02  7.694E-02  7.558E-02  7.424E-02  7.290E-02  7.157E-02  7.025E-02  6.894E-02  6.764E-02  6.634E-02  6.506E-02  6.379E-02  6.252E-02  6.126E-02  6.002E-02  5.879E-02  5.756E-02  5.634E-02  5.513E-02  5.394E-02  5.275E-02  5.157E-02  5.040E-02  4.924E-02  4.809E-02  4.695E-02  4.582E-02  4.470E-02  4.359E-02  4.248E-02  4.139E-02  4.031E-02  3.924E-02  3.817E-02  3.712E-02  3.608E-02  3.504E-02  3.402E-02  3.300E-02  3.200E-02  3.100E-02  3.002E-02  2.905E-02  2.808E-02  2.713E-02  2.619E-02  2.526E-02  2.433E-02  2.343E-02
  345.5000  1.325E-01  1.305E-01  1.285E-01  1.265E-01  1.245E-01  1.225E-01  1.206E-01  1.186E-01  1.167E-01  1.147E-01  1.128E-01  1.109E-01  1.090E-01  1.072E-01  1.053E-01  1.034E-01  1.016E-01  9.977E-02  9.795E-02  9.615E-02  9.436E-02  9.258E-02  9.081E-02  8.906E-02  8.732E-02  8.559E-02  8.388E-02  8.218E-02  8.049E-02  7.881E-02  7.715E-02  7.550E-02  7.386E-02  7.224E-02  7.063E-02  6.903E-02  6.744E-02  6.587E-02  6.431E-02  6.276E-02  6.123E-02  5.971E-02  5.820E-02  5.671E-02  5.523E-02  5.376E-02  5.230E-02  5.086E-02  4.943E-02  4.801E-02  4.661E-02  4.522E-02  4.384E-02  4.248E-02  4.113E-02  3.979E-02  3.847E-02  3.716E-02  3.587E-02  3.459E-02  3.332E-02
  346.5000  1.231E-01  1.212E-01  1.193E-01  1.175E-01  1.156E-01  1.138E-01  1.119E-01  1.101E-01  1.083E-01  1.065E-01  1.047E-01  1.029E-01  1.011E-01  9.939E-02  9.764E-02  9.591E-02  9.419E-02  9.248E-02  9.078E-02  8.909E-02  8.742E-02  8.576E-02  8.411E-02  8.247E-02  8.084E-02  7.922E-02  7.763E-02  7.603E-02  7.446E-02  7.289E-02  7.133E-02  6.980E-02  6.827E-02  6.675E-02  6.524E-02  6.375E-02  6.227E-02  6.081E-02  5.935E-02  5.791E-02  5.648E-02  5.506E-02  5.365E-02  5.226E-02  5.088E-02  4.951E-02  4.815E-02  4.681E-02  4.548E-02  4.416E-02  4.285E-02  4.156E-02  4.028E-02  3.901E-02  3.776E-02  3.651E-02  3.528E-02  3.407E-02  3.287E-02  3.168E-02  3.051E-02
  347.5000  1.205E-01  1.187E-01  1.168E-01  1.150E-01  1.132E-01  1.114E-01  1.096E-01  1.078E-01  1.060E-01  1.043E-01  1.025E-01  1.008E-01  9.902E-02  9.730E-02  9.559E-02  9.390E-02  9.221E-02  9.054E-02  8.888E-02  8.722E-02  8.559E-02  8.396E-02  8.235E-02  8.074E-02  7.915E-02  7.757E-02  7.600E-02  7.445E-02  7.290E-02  7.137E-02  6.985E-02  6.835E-02  6.685E-02  6.536E-02  6.389E-02  6.243E-02  6.098E-02  5.955E-02  5.813E-02  5.671E-02  5.531E-02  5.393E-02  5.255E-02  5.119E-02  4.984E-02  4.850E-02  4.717E-02  4.585E-02  4.456E-02  4.326E-02  4.199E-02  4.072E-02  3.947E-02  3.822E-02  3.700E-02  3.578E-02  3.458E-02  3.339E-02  3.221E-02  3.105E-02  2.990E-02
  348.5000  1.329E-01  1.309E-01  1.289E-01  1.269E-01  1.249E-01  1.229E-01  1.209E-01  1.189E-01  1.170E-01  1.150E-01  1.131E-01  1.112E-01  1.093E-01  1.074E-01  1.055E-01  1.036E-01  1.018E-01  9.994E-02  9.811E-02  9.629E-02  9.449E-02  9.270E-02  9.092E-02  8.915E-02  8.740E-02  8.566E-02  8.394E-02  8.222E-02  8.052E-02  7.884E-02  7.716E-02  7.551E-02  7.386E-02  7.222E-02  7.060E-02  6.899E-02  6.740E-02  6.582E-02  6.425E-02  6.270E-02  6.115E-02  5.962E-02  5.811E-02  5.661E-02  5.512E-02  5.365E-02  5.218E-02  5.073E-02  4.930E-02  4.788E-02  4.647E-02  4.508E-02  4.369E-02  4.233E-02  4.098E-02  3.964E-02  3.831E-02  3.700E-02  3.570E-02  3.442E-02  3.315E-02
  349.5000  1.115E-01  1.098E-01  1.081E-01  1.064E-01  1.047E-01  1.030E-01  1.014E-01  9.972E-02  9.808E-02  9.645E-02  9.483E-02  9.322E-02  9.162E-02  9.003E-02  8.845E-02  8.689E-02  8.533E-02  8.378E-02  8.225E-02  8.072E-02  7.921E-02  7.771E-02  7.621E-02  7.473E-02  7.326E-02  7.180E-02  7.035E-02  6.892E-02  6.749E-02  6.607E-02  6.467E-02  6.328E-02  6.190E-02  6.053E-02  5.917E-02  5.782E-02  5.648E-02  5.516E-02  5.384E-02  5.254E-02  5.124E-02  4.996E-02  4.869E-02  4.744E-02  4.619E-02  4.495E-02  4.372E-02  4.251E-02  4.131E-02  4.012E-02  3.894E-02  3.777E-02  3.661E-02  3.546E-02  3.433E-02  3.321E-02  3.209E-02  3.099E-02  2.991E-02  2.883E-02  2.777E-02
  350.5000  1.563E-01  1.539E-01  1.515E-01  1.492E-01  1.468E-01  1.445E-01  1.421E-01  1.398E-01  1.375E-01  1.353E-01  1.330E-01  1.307E-01  1.285E-01  1.263E-01  1.240E-01  1.218E-01  1.197E-01  1.175E-01  1.153E-01  1.132E-01  1.111E-01  1.090E-01  1.069E-01  1.048E-01  1.027E-01  1.007E-01  9.867E-02  9.665E-02  9.465E-02  9.267E-02  9.070E-02  8.875E-02  8.681E-02  8.489E-02  8.298E-02  8.109E-02  7.922E-02  7.736E-02  7.552E-02  7.369E-02  7.188E-02  7.008E-02  6.830E-02  6.654E-02  6.479E-02  6.306E-02  6.134E-02  5.964E-02  5.795E-02  5.628E-02  5.463E-02  5.299E-02  5.137E-02  4.976E-02  4.817E-02  4.660E-02  4.504E-02  4.350E-02  4.197E-02  4.047E-02  3.898E-02
  351.5000  1.347E-01  1.326E-01  1.306E-01  1.285E-01  1.265E-01  1.245E-01  1.225E-01  1.205E-01  1.185E-01  1.165E-01  1.146E-01  1.126E-01  1.107E-01  1.088E-01  1.069E-01  1.050E-01  1.031E-01  1.012E-01  9.935E-02  9.750E-02  9.568E-02  9.386E-02  9.205E-02  9.026E-02  8.848E-02  8.671E-02  8.497E-02  8.323E-02  8.150E-02  7.979E-02  7.809E-02  7.641E-02  7.474E-02  7.308E-02  7.144E-02  6.981E-02  6.819E-02  6.659E-02  6.500E-02  6.343E-02  6.186E-02  6.032E-02  5.878E-02  5.726E-02  5.575E-02  5.426E-02  5.278E-02  5.131E-02  4.986E-02  4.842E-02  4.700E-02  4.558E-02  4.418E-02  4.280E-02  4.143E-02  4.008E-02  3.873E-02  3.741E-02  3.609E-02  3.479E-02  3.352E-02
  352.5000  1.217E-01  1.198E-01  1.180E-01  1.161E-01  1.143E-01  1.125E-01  1.107E-01  1.089E-01  1.071E-01  1.053E-01  1.035E-01  1.018E-01  1.000E-01  9.828E-02  9.655E-02  9.485E-02  9.314E-02  9.145E-02  8.977E-02  8.811E-02  8.646E-02  8.481E-02  8.318E-02  8.156E-02  7.996E-02  7.836E-02  7.678E-02  7.521E-02  7.366E-02  7.211E-02  7.058E-02  6.906E-02  6.755E-02  6.605E-02  6.457E-02  6.310E-02  6.164E-02  6.019E-02  5.876E-02  5.733E-02  5.592E-02  5.452E-02  5.314E-02  5.177E-02  5.041E-02  4.906E-02  4.772E-02  4.639E-02  4.509E-02  4.379E-02  4.250E-02  4.122E-02  3.996E-02  3.871E-02  3.748E-02  3.625E-02  3.504E-02  3.384E-02  3.265E-02  3.148E-02  3.032E-02
  353.5000  1.469E-01  1.446E-01  1.424E-01  1.401E-01  1.379E-01  1.357E-01  1.335E-01  1.314E-01  1.292E-01  1.271E-01  1.249E-01  1.228E-01  1.207E-01  1.186E-01  1.165E-01  1.145E-01  1.124E-01  1.104E-01  1.083E-01  1.063E-01  1.044E-01  1.024E-01  1.004E-01  9.845E-02  9.651E-02  9.459E-02  9.269E-02  9.079E-02  8.892E-02  8.705E-02  8.520E-02  8.338E-02  8.156E-02  7.975E-02  7.796E-02  7.619E-02  7.443E-02  7.269E-02  7.096E-02  6.924E-02  6.754E-02  6.585E-02  6.418E-02  6.253E-02  6.089E-02  5.926E-02  5.765E-02  5.605E-02  5.448E-02  5.291E-02  5.136E-02  4.982E-02  4.829E-02  4.679E-02  4.530E-02  4.382E-02  4.236E-02  4.091E-02  3.948E-02  3.807E-02  3.668E-02
  354.5000  1.593E-01  1.568E-01  1.544E-01  1.520E-01  1.496E-01  1.472E-01  1.448E-01  1.425E-01  1.401E-01  1.378E-01  1.355E-01  1.332E-01  1.309E-01  1.286E-01  1.264E-01  1.242E-01  1.219E-01  1.197E-01  1.175E-01  1.154E-01  1.132E-01  1.111E-01  1.089E-01  1.068E-01  1.047E-01  1.026E-01  1.006E-01  9.851E-02  9.647E-02  9.445E-02  9.245E-02  9.046E-02  8.849E-02  8.654E-02  8.460E-02  8.267E-02  8.077E-02  7.888E-02  7.701E-02  7.515E-02  7.330E-02  7.148E-02  6.966E-02  6.788E-02  6.610E-02  6.433E-02  6.259E-02  6.086E-02  5.915E-02  5.745E-02  5.576E-02  5.410E-02  5.245E-02  5.081E-02  4.920E-02  4.760E-02  4.602E-02  4.445E-02  4.290E-02  4.136E-02  3.985E-02
  355.5000  1.490E-01  1.467E-01  1.444E-01  1.422E-01  1.399E-01  1.377E-01  1.355E-01  1.333E-01  1.311E-01  1.289E-01  1.268E-01  1.246E-01  1.225E-01  1.203E-01  1.182E-01  1.161E-01  1.141E-01  1.120E-01  1.099E-01  1.079E-01  1.059E-01  1.039E-01  1.019E-01  9.990E-02  9.794E-02  9.599E-02  9.406E-02  9.214E-02  9.023E-02  8.834E-02  8.647E-02  8.461E-02  8.277E-02  8.094E-02  7.912E-02  7.732E-02  7.554E-02  7.378E-02  7.202E-02  7.028E-02  6.856E-02  6.685E-02  6.516E-02  6.348E-02  6.182E-02  6.017E-02  5.854E-02  5.692E-02  5.532E-02  5.373E-02  5.216E-02  5.060E-02  4.905E-02  4.753E-02  4.602E-02  4.452E-02  4.304E-02  4.157E-02  4.013E-02  3.869E-02  3.728E-02
  356.5000  1.384E-01  1.363E-01  1.342E-01  1.321E-01  1.300E-01  1.279E-01  1.258E-01  1.238E-01  1.218E-01  1.197E-01  1.177E-01  1.157E-01  1.137E-01  1.118E-01  1.098E-01  1.079E-01  1.059E-01  1.040E-01  1.021E-01  1.002E-01  9.832E-02  9.646E-02  9.460E-02  9.276E-02  9.094E-02  8.913E-02  8.733E-02  8.555E-02  8.378E-02  8.202E-02  8.028E-02  7.856E-02  7.685E-02  7.515E-02  7.346E-02  7.179E-02  7.013E-02  6.850E-02  6.687E-02  6.525E-02  6.365E-02  6.206E-02  6.049E-02  5.894E-02  5.739E-02  5.586E-02  5.434E-02  5.284E-02  5.136E-02  4.988E-02  4.842E-02  4.697E-02  4.554E-02  4.412E-02  4.272E-02  4.133E-02  3.996E-02  3.860E-02  3.725E-02  3.592E-02  3.461E-02
  357.5000  1.178E-01  1.160E-01  1.142E-01  1.124E-01  1.106E-01  1.088E-01  1.071E-01  1.053E-01  1.036E-01  1.019E-01  1.002E-01  9.846E-02  9.677E-02  9.509E-02  9.342E-02  9.176E-02  9.012E-02  8.848E-02  8.686E-02  8.524E-02  8.365E-02  8.206E-02  8.048E-02  7.891E-02  7.736E-02  7.582E-02  7.429E-02  7.277E-02  7.126E-02  6.977E-02  6.829E-02  6.682E-02  6.536E-02  6.392E-02  6.248E-02  6.106E-02  5.965E-02  5.825E-02  5.687E-02  5.549E-02  5.413E-02  5.278E-02  5.144E-02  5.012E-02  4.880E-02  4.750E-02  4.621E-02  4.493E-02  4.367E-02  4.242E-02  4.117E-02  3.994E-02  3.872E-02  3.752E-02  3.633E-02  3.514E-02  3.397E-02  3.282E-02  3.167E-02  3.054E-02  2.942E-02
  358.5000  9.101E-02  8.962E-02  8.823E-02  8.685E-02  8.548E-02  8.411E-02  8.276E-02  8.141E-02  8.006E-02  7.874E-02  7.741E-02  7.610E-02  7.479E-02  7.349E-02  7.220E-02  7.092E-02  6.965E-02  6.838E-02  6.713E-02  6.588E-02  6.465E-02  6.342E-02  6.220E-02  6.099E-02  5.979E-02  5.860E-02  5.742E-02  5.624E-02  5.508E-02  5.392E-02  5.278E-02  5.165E-02  5.052E-02  4.940E-02  4.829E-02  4.719E-02  4.610E-02  4.503E-02  4.396E-02  4.289E-02  4.184E-02  4.080E-02  3.976E-02  3.874E-02  3.773E-02  3.672E-02  3.572E-02  3.474E-02  3.376E-02  3.279E-02  3.183E-02  3.088E-02  2.994E-02  2.901E-02  2.809E-02  2.718E-02  2.627E-02  2.538E-02  2.449E-02  2.362E-02  2.276E-02
  359.5000  1.533E-01  1.510E-01  1.486E-01  1.463E-01  1.440E-01  1.417E-01  1.394E-01  1.371E-01  1.349E-01  1.326E-01  1.304E-01  1.282E-01  1.260E-01  1.238E-01  1.216E-01  1.195E-01  1.173E-01  1.152E-01  1.131E-01  1.110E-01  1.089E-01  1.068E-01  1.048E-01  1.027E-01  1.007E-01  9.868E-02  9.670E-02  9.472E-02  9.276E-02  9.081E-02  8.888E-02  8.697E-02  8.507E-02  8.319E-02  8.132E-02  7.947E-02  7.764E-02  7.582E-02  7.402E-02  7.223E-02  7.046E-02  6.870E-02  6.696E-02  6.524E-02  6.353E-02  6.183E-02  6.015E-02  5.849E-02  5.685E-02  5.522E-02  5.360E-02  5.200E-02  5.042E-02  4.885E-02  4.730E-02  4.576E-02  4.424E-02  4.273E-02  4.124E-02  3.977E-02  3.832E-02
  360.5000  1.422E-01  1.401E-01  1.379E-01  1.357E-01  1.336E-01  1.315E-01  1.293E-01  1.272E-01  1.251E-01  1.230E-01  1.210E-01  1.189E-01  1.169E-01  1.148E-01  1.128E-01  1.108E-01  1.088E-01  1.068E-01  1.049E-01  1.029E-01  1.010E-01  9.908E-02  9.718E-02  9.528E-02  9.341E-02  9.154E-02  8.970E-02  8.786E-02  8.604E-02  8.424E-02  8.245E-02  8.067E-02  7.891E-02  7.717E-02  7.543E-02  7.372E-02  7.201E-02  7.033E-02  6.866E-02  6.700E-02  6.535E-02  6.372E-02  6.211E-02  6.051E-02  5.892E-02  5.735E-02  5.580E-02  5.425E-02  5.273E-02  5.122E-02  4.972E-02  4.823E-02  4.676E-02  4.531E-02  4.387E-02  4.245E-02  4.103E-02  3.964E-02  3.826E-02  3.689E-02  3.555E-02
  361.5000  1.284E-01  1.264E-01  1.245E-01  1.225E-01  1.206E-01  1.187E-01  1.168E-01  1.148E-01  1.130E-01  1.111E-01  1.092E-01  1.073E-01  1.055E-01  1.037E-01  1.018E-01  1.000E-01  9.824E-02  9.645E-02  9.468E-02  9.292E-02  9.118E-02  8.944E-02  8.772E-02  8.601E-02  8.432E-02  8.263E-02  8.097E-02  7.931E-02  7.767E-02  7.604E-02  7.442E-02  7.282E-02  7.123E-02  6.966E-02  6.809E-02  6.654E-02  6.501E-02  6.349E-02  6.198E-02  6.048E-02  5.899E-02  5.752E-02  5.607E-02  5.463E-02  5.320E-02  5.178E-02  5.037E-02  4.898E-02  4.761E-02  4.624E-02  4.489E-02  4.355E-02  4.222E-02  4.091E-02  3.961E-02  3.833E-02  3.705E-02  3.579E-02  3.455E-02  3.332E-02  3.210E-02
  362.5000  1.510E-01  1.486E-01  1.463E-01  1.441E-01  1.418E-01  1.395E-01  1.373E-01  1.350E-01  1.328E-01  1.306E-01  1.284E-01  1.262E-01  1.240E-01  1.219E-01  1.197E-01  1.176E-01  1.155E-01  1.134E-01  1.113E-01  1.092E-01  1.072E-01  1.051E-01  1.031E-01  1.011E-01  9.911E-02  9.714E-02  9.518E-02  9.323E-02  9.130E-02  8.938E-02  8.748E-02  8.560E-02  8.373E-02  8.188E-02  8.004E-02  7.822E-02  7.641E-02  7.462E-02  7.285E-02  7.109E-02  6.934E-02  6.762E-02  6.590E-02  6.421E-02  6.253E-02  6.086E-02  5.921E-02  5.757E-02  5.596E-02  5.435E-02  5.277E-02  5.119E-02  4.963E-02  4.809E-02  4.657E-02  4.506E-02  4.356E-02  4.208E-02  4.062E-02  3.917E-02  3.774E-02
  363.5000  1.344E-01  1.324E-01  1.303E-01  1.283E-01  1.262E-01  1.242E-01  1.222E-01  1.202E-01  1.182E-01  1.163E-01  1.143E-01  1.124E-01  1.104E-01  1.085E-01  1.066E-01  1.047E-01  1.028E-01  1.010E-01  9.909E-02  9.725E-02  9.543E-02  9.361E-02  9.181E-02  9.002E-02  8.824E-02  8.648E-02  8.473E-02  8.300E-02  8.128E-02  7.957E-02  7.788E-02  7.620E-02  7.454E-02  7.289E-02  7.125E-02  6.963E-02  6.802E-02  6.643E-02  6.485E-02  6.328E-02  6.173E-02  6.019E-02  5.866E-02  5.716E-02  5.566E-02  5.418E-02  5.271E-02  5.125E-02  4.981E-02  4.839E-02  4.697E-02  4.557E-02  4.418E-02  4.281E-02  4.146E-02  4.011E-02  3.878E-02  3.746E-02  3.616E-02  3.487E-02  3.360E-02
  364.5000  1.468E-01  1.445E-01  1.423E-01  1.400E-01  1.378E-01  1.356E-01  1.334E-01  1.312E-01  1.291E-01  1.269E-01  1.248E-01  1.227E-01  1.205E-01  1.184E-01  1.164E-01  1.143E-01  1.122E-01  1.102E-01  1.082E-01  1.062E-01  1.042E-01  1.022E-01  1.002E-01  9.825E-02  9.631E-02  9.438E-02  9.248E-02  9.059E-02  8.871E-02  8.684E-02  8.499E-02  8.317E-02  8.135E-02  7.955E-02  7.776E-02  7.599E-02  7.423E-02  7.249E-02  7.077E-02  6.906E-02  6.736E-02  6.568E-02  6.402E-02  6.237E-02  6.074E-02  5.912E-02  5.751E-02  5.592E-02  5.435E-02  5.280E-02  5.125E-02  4.972E-02  4.821E-02  4.671E-02  4.523E-02  4.376E-02  4.231E-02  4.087E-02  3.945E-02  3.805E-02  3.666E-02
  365.5000  1.790E-01  1.762E-01  1.735E-01  1.708E-01  1.681E-01  1.654E-01  1.627E-01  1.600E-01  1.574E-01  1.548E-01  1.521E-01  1.496E-01  1.470E-01  1.444E-01  1.419E-01  1.393E-01  1.368E-01  1.343E-01  1.319E-01  1.294E-01  1.270E-01  1.246E-01  1.222E-01  1.198E-01  1.174E-01  1.151E-01  1.127E-01  1.104E-01  1.081E-01  1.059E-01  1.036E-01  1.014E-01  9.915E-02  9.695E-02  9.477E-02  9.261E-02  9.047E-02  8.835E-02  8.625E-02  8.416E-02  8.209E-02  8.004E-02  7.801E-02  7.601E-02  7.402E-02  7.204E-02  7.009E-02  6.815E-02  6.624E-02  6.434E-02  6.245E-02  6.059E-02  5.874E-02  5.692E-02  5.512E-02  5.333E-02  5.156E-02  4.981E-02  4.807E-02  4.636E-02  4.467E-02
  366.5000  1.896E-01  1.867E-01  1.838E-01  1.809E-01  1.781E-01  1.752E-01  1.724E-01  1.695E-01  1.667E-01  1.640E-01  1.612E-01  1.584E-01  1.557E-01  1.530E-01  1.503E-01  1.476E-01  1.450E-01  1.423E-01  1.397E-01  1.371E-01  1.345E-01  1.320E-01  1.294E-01  1.269E-01  1.244E-01  1.219E-01  1.194E-01  1.170E-01  1.145E-01  1.121E-01  1.097E-01  1.074E-01  1.050E-01  1.027E-01  1.004E-01  9.810E-02  9.583E-02  9.359E-02  9.136E-02  8.915E-02  8.696E-02  8.479E-02  8.264E-02  8.052E-02  7.841E-02  7.631E-02  7.424E-02  7.219E-02  7.017E-02  6.815E-02  6.616E-02  6.419E-02  6.223E-02  6.030E-02  5.839E-02  5.650E-02  5.462E-02  5.277E-02  5.093E-02  4.912E-02  4.733E-02
  367.5000  1.802E-01  1.775E-01  1.747E-01  1.720E-01  1.693E-01  1.665E-01  1.638E-01  1.612E-01  1.585E-01  1.559E-01  1.532E-01  1.506E-01  1.480E-01  1.454E-01  1.429E-01  1.403E-01  1.378E-01  1.353E-01  1.328E-01  1.303E-01  1.279E-01  1.254E-01  1.230E-01  1.206E-01  1.182E-01  1.158E-01  1.135E-01  1.112E-01  1.089E-01  1.066E-01  1.043E-01  1.021E-01  9.982E-02  9.761E-02  9.541E-02  9.324E-02  9.108E-02  8.895E-02  8.683E-02  8.473E-02  8.264E-02  8.058E-02  7.854E-02  7.652E-02  7.451E-02  7.253E-02  7.056E-02  6.861E-02  6.668E-02  6.477E-02  6.288E-02  6.100E-02  5.915E-02  5.731E-02  5.550E-02  5.370E-02  5.191E-02  5.015E-02  4.841E-02  4.669E-02  4.499E-02
  368.5000  1.585E-01  1.561E-01  1.536E-01  1.512E-01  1.488E-01  1.464E-01  1.441E-01  1.417E-01  1.394E-01  1.370E-01  1.347E-01  1.324E-01  1.301E-01  1.279E-01  1.256E-01  1.234E-01  1.211E-01  1.189E-01  1.167E-01  1.146E-01  1.124E-01  1.103E-01  1.081E-01  1.060E-01  1.039E-01  1.018E-01  9.978E-02  9.773E-02  9.570E-02  9.368E-02  9.168E-02  8.971E-02  8.774E-02  8.580E-02  8.387E-02  8.195E-02  8.005E-02  7.818E-02  7.632E-02  7.447E-02  7.264E-02  7.082E-02  6.903E-02  6.725E-02  6.549E-02  6.374E-02  6.201E-02  6.030E-02  5.861E-02  5.693E-02  5.526E-02  5.361E-02  5.198E-02  5.037E-02  4.877E-02  4.719E-02  4.563E-02  4.408E-02  4.255E-02  4.103E-02  3.954E-02
  369.5000  1.903E-01  1.874E-01  1.844E-01  1.816E-01  1.787E-01  1.758E-01  1.730E-01  1.701E-01  1.673E-01  1.645E-01  1.617E-01  1.590E-01  1.562E-01  1.535E-01  1.508E-01  1.481E-01  1.454E-01  1.428E-01  1.401E-01  1.375E-01  1.349E-01  1.324E-01  1.298E-01  1.273E-01  1.247E-01  1.222E-01  1.198E-01  1.173E-01  1.149E-01  1.124E-01  1.100E-01  1.077E-01  1.053E-01  1.030E-01  1.007E-01  9.836E-02  9.608E-02  9.383E-02  9.159E-02  8.938E-02  8.718E-02  8.500E-02  8.284E-02  8.071E-02  7.860E-02  7.650E-02  7.442E-02  7.237E-02  7.034E-02  6.832E-02  6.632E-02  6.434E-02  6.239E-02  6.045E-02  5.854E-02  5.664E-02  5.476E-02  5.290E-02  5.106E-02  4.924E-02  4.745E-02
  370.5000  1.728E-01  1.701E-01  1.675E-01  1.649E-01  1.623E-01  1.596E-01  1.571E-01  1.545E-01  1.519E-01  1.494E-01  1.469E-01  1.444E-01  1.419E-01  1.394E-01  1.369E-01  1.345E-01  1.321E-01  1.296E-01  1.272E-01  1.249E-01  1.225E-01  1.202E-01  1.178E-01  1.155E-01  1.133E-01  1.110E-01  1.087E-01  1.065E-01  1.043E-01  1.021E-01  9.991E-02  9.775E-02  9.561E-02  9.348E-02  9.138E-02  8.929E-02  8.722E-02  8.518E-02  8.314E-02  8.113E-02  7.913E-02  7.716E-02  7.520E-02  7.326E-02  7.134E-02  6.944E-02  6.755E-02  6.569E-02  6.384E-02  6.201E-02  6.020E-02  5.840E-02  5.663E-02  5.487E-02  5.313E-02  5.141E-02  4.970E-02  4.802E-02  4.635E-02  4.470E-02  4.307E-02
  371.5000  1.979E-01  1.949E-01  1.918E-01  1.888E-01  1.858E-01  1.828E-01  1.799E-01  1.769E-01  1.740E-01  1.711E-01  1.682E-01  1.653E-01  1.625E-01  1.596E-01  1.568E-01  1.540E-01  1.512E-01  1.485E-01  1.457E-01  1.430E-01  1.403E-01  1.376E-01  1.349E-01  1.323E-01  1.297E-01  1.271E-01  1.245E-01  1.219E-01  1.194E-01  1.169E-01  1.144E-01  1.119E-01  1.095E-01  1.070E-01  1.046E-01  1.022E-01  9.986E-02  9.752E-02  9.519E-02  9.289E-02  9.060E-02  8.834E-02  8.609E-02  8.388E-02  8.168E-02  7.950E-02  7.734E-02  7.520E-02  7.309E-02  7.099E-02  6.892E-02  6.686E-02  6.483E-02  6.281E-02  6.083E-02  5.885E-02  5.690E-02  5.497E-02  5.306E-02  5.117E-02  4.931E-02
  372.5000  1.463E-01  1.441E-01  1.418E-01  1.396E-01  1.374E-01  1.352E-01  1.330E-01  1.308E-01  1.286E-01  1.265E-01  1.244E-01  1.222E-01  1.201E-01  1.180E-01  1.159E-01  1.139E-01  1.118E-01  1.098E-01  1.077E-01  1.057E-01  1.037E-01  1.017E-01  9.976E-02  9.781E-02  9.587E-02  9.394E-02  9.204E-02  9.014E-02  8.827E-02  8.640E-02  8.456E-02  8.273E-02  8.092E-02  7.912E-02  7.733E-02  7.556E-02  7.381E-02  7.208E-02  7.036E-02  6.865E-02  6.696E-02  6.529E-02  6.363E-02  6.199E-02  6.037E-02  5.876E-02  5.716E-02  5.558E-02  5.402E-02  5.247E-02  5.094E-02  4.942E-02  4.791E-02  4.642E-02  4.496E-02  4.350E-02  4.206E-02  4.063E-02  3.922E-02  3.782E-02  3.645E-02
  373.5000  1.324E-01  1.303E-01  1.283E-01  1.263E-01  1.243E-01  1.223E-01  1.203E-01  1.183E-01  1.164E-01  1.144E-01  1.125E-01  1.106E-01  1.086E-01  1.067E-01  1.049E-01  1.030E-01  1.011E-01  9.928E-02  9.744E-02  9.561E-02  9.381E-02  9.201E-02  9.023E-02  8.846E-02  8.671E-02  8.496E-02  8.324E-02  8.153E-02  7.983E-02  7.814E-02  7.647E-02  7.482E-02  7.318E-02  7.155E-02  6.993E-02  6.833E-02  6.675E-02  6.518E-02  6.362E-02  6.208E-02  6.055E-02  5.904E-02  5.754E-02  5.606E-02  5.458E-02  5.313E-02  5.168E-02  5.025E-02  4.884E-02  4.744E-02  4.605E-02  4.468E-02  4.332E-02  4.198E-02  4.065E-02  3.933E-02  3.803E-02  3.674E-02  3.546E-02  3.420E-02  3.296E-02
  374.5000  1.454E-01  1.432E-01  1.410E-01  1.387E-01  1.365E-01  1.343E-01  1.322E-01  1.300E-01  1.278E-01  1.257E-01  1.236E-01  1.214E-01  1.193E-01  1.173E-01  1.152E-01  1.131E-01  1.111E-01  1.090E-01  1.070E-01  1.050E-01  1.030E-01  1.011E-01  9.910E-02  9.715E-02  9.522E-02  9.331E-02  9.142E-02  8.953E-02  8.767E-02  8.581E-02  8.398E-02  8.216E-02  8.036E-02  7.857E-02  7.679E-02  7.503E-02  7.329E-02  7.157E-02  6.986E-02  6.817E-02  6.649E-02  6.482E-02  6.318E-02  6.155E-02  5.993E-02  5.833E-02  5.675E-02  5.518E-02  5.363E-02  5.209E-02  5.056E-02  4.906E-02  4.756E-02  4.609E-02  4.463E-02  4.318E-02  4.175E-02  4.033E-02  3.893E-02  3.755E-02  3.618E-02
  375.5000  1.643E-01  1.617E-01  1.592E-01  1.567E-01  1.542E-01  1.517E-01  1.493E-01  1.468E-01  1.444E-01  1.420E-01  1.395E-01  1.372E-01  1.348E-01  1.324E-01  1.301E-01  1.277E-01  1.254E-01  1.231E-01  1.209E-01  1.186E-01  1.163E-01  1.141E-01  1.119E-01  1.097E-01  1.075E-01  1.054E-01  1.032E-01  1.011E-01  9.898E-02  9.689E-02  9.482E-02  9.277E-02  9.073E-02  8.871E-02  8.670E-02  8.472E-02  8.275E-02  8.080E-02  7.887E-02  7.696E-02  7.506E-02  7.318E-02  7.132E-02  6.949E-02  6.766E-02  6.585E-02  6.406E-02  6.229E-02  6.054E-02  5.880E-02  5.708E-02  5.538E-02  5.369E-02  5.203E-02  5.038E-02  4.875E-02  4.713E-02  4.553E-02  4.395E-02  4.239E-02  4.085E-02
  376.5000  1.642E-01  1.617E-01  1.591E-01  1.566E-01  1.541E-01  1.517E-01  1.492E-01  1.467E-01  1.443E-01  1.419E-01  1.395E-01  1.371E-01  1.347E-01  1.323E-01  1.300E-01  1.277E-01  1.254E-01  1.231E-01  1.208E-01  1.185E-01  1.163E-01  1.140E-01  1.118E-01  1.096E-01  1.075E-01  1.053E-01  1.032E-01  1.010E-01  9.892E-02  9.683E-02  9.475E-02  9.270E-02  9.066E-02  8.864E-02  8.664E-02  8.465E-02  8.268E-02  8.074E-02  7.881E-02  7.690E-02  7.500E-02  7.312E-02  7.126E-02  6.943E-02  6.760E-02  6.580E-02  6.401E-02  6.224E-02  6.049E-02  5.875E-02  5.703E-02  5.533E-02  5.365E-02  5.198E-02  5.034E-02  4.871E-02  4.709E-02  4.549E-02  4.391E-02  4.235E-02  4.081E-02
  377.5000  1.957E-01  1.927E-01  1.897E-01  1.867E-01  1.837E-01  1.808E-01  1.778E-01  1.749E-01  1.720E-01  1.691E-01  1.662E-01  1.634E-01  1.606E-01  1.577E-01  1.549E-01  1.522E-01  1.494E-01  1.467E-01  1.440E-01  1.413E-01  1.386E-01  1.359E-01  1.333E-01  1.307E-01  1.281E-01  1.255E-01  1.229E-01  1.204E-01  1.179E-01  1.154E-01  1.129E-01  1.105E-01  1.080E-01  1.056E-01  1.032E-01  1.009E-01  9.852E-02  9.620E-02  9.390E-02  9.162E-02  8.936E-02  8.712E-02  8.491E-02  8.272E-02  8.054E-02  7.839E-02  7.626E-02  7.415E-02  7.207E-02  7.000E-02  6.795E-02  6.592E-02  6.392E-02  6.193E-02  5.997E-02  5.803E-02  5.610E-02  5.420E-02  5.232E-02  5.046E-02  4.863E-02
  378.5000  2.135E-01  2.102E-01  2.069E-01  2.037E-01  2.004E-01  1.972E-01  1.940E-01  1.908E-01  1.876E-01  1.845E-01  1.814E-01  1.782E-01  1.751E-01  1.721E-01  1.690E-01  1.660E-01  1.630E-01  1.600E-01  1.570E-01  1.541E-01  1.512E-01  1.483E-01  1.454E-01  1.425E-01  1.397E-01  1.369E-01  1.341E-01  1.313E-01  1.286E-01  1.258E-01  1.231E-01  1.205E-01  1.178E-01  1.152E-01  1.126E-01  1.100E-01  1.074E-01  1.049E-01  1.024E-01  9.991E-02  9.744E-02  9.500E-02  9.258E-02  9.020E-02  8.783E-02  8.548E-02  8.315E-02  8.085E-02  7.858E-02  7.632E-02  7.409E-02  7.188E-02  6.969E-02  6.753E-02  6.539E-02  6.327E-02  6.117E-02  5.910E-02  5.705E-02  5.502E-02  5.302E-02
  379.5000  1.581E-01  1.557E-01  1.532E-01  1.508E-01  1.484E-01  1.460E-01  1.437E-01  1.413E-01  1.389E-01  1.366E-01  1.343E-01  1.320E-01  1.297E-01  1.274E-01  1.251E-01  1.229E-01  1.207E-01  1.185E-01  1.163E-01  1.141E-01  1.119E-01  1.098E-01  1.076E-01  1.055E-01  1.034E-01  1.013E-01  9.926E-02  9.721E-02  9.518E-02  9.316E-02  9.116E-02  8.918E-02  8.722E-02  8.527E-02  8.334E-02  8.143E-02  7.953E-02  7.766E-02  7.580E-02  7.395E-02  7.213E-02  7.032E-02  6.853E-02  6.676E-02  6.501E-02  6.327E-02  6.155E-02  5.984E-02  5.816E-02  5.649E-02  5.484E-02  5.320E-02  5.158E-02  4.998E-02  4.840E-02  4.683E-02  4.528E-02  4.374E-02  4.222E-02  4.072E-02  3.924E-02
  380.5000  1.903E-01  1.874E-01  1.845E-01  1.816E-01  1.787E-01  1.758E-01  1.729E-01  1.701E-01  1.673E-01  1.644E-01  1.616E-01  1.589E-01  1.561E-01  1.534E-01  1.506E-01  1.479E-01  1.453E-01  1.426E-01  1.399E-01  1.373E-01  1.347E-01  1.321E-01  1.295E-01  1.270E-01  1.245E-01  1.219E-01  1.195E-01  1.170E-01  1.145E-01  1.121E-01  1.097E-01  1.073E-01  1.050E-01  1.026E-01  1.003E-01  9.799E-02  9.570E-02  9.345E-02  9.121E-02  8.899E-02  8.679E-02  8.462E-02  8.246E-02  8.033E-02  7.822E-02  7.613E-02  7.405E-02  7.200E-02  6.998E-02  6.797E-02  6.598E-02  6.401E-02  6.206E-02  6.013E-02  5.823E-02  5.634E-02  5.448E-02  5.263E-02  5.080E-02  4.900E-02  4.722E-02
  381.5000  1.790E-01  1.763E-01  1.735E-01  1.708E-01  1.681E-01  1.653E-01  1.627E-01  1.600E-01  1.573E-01  1.547E-01  1.520E-01  1.494E-01  1.468E-01  1.442E-01  1.417E-01  1.391E-01  1.366E-01  1.341E-01  1.316E-01  1.291E-01  1.267E-01  1.242E-01  1.218E-01  1.194E-01  1.170E-01  1.147E-01  1.123E-01  1.100E-01  1.077E-01  1.054E-01  1.032E-01  1.009E-01  9.869E-02  9.649E-02  9.430E-02  9.213E-02  8.998E-02  8.786E-02  8.576E-02  8.367E-02  8.160E-02  7.956E-02  7.753E-02  7.553E-02  7.354E-02  7.157E-02  6.962E-02  6.769E-02  6.579E-02  6.390E-02  6.203E-02  6.018E-02  5.834E-02  5.653E-02  5.474E-02  5.297E-02  5.121E-02  4.948E-02  4.776E-02  4.606E-02  4.439E-02
  382.5000  1.194E-01  1.176E-01  1.157E-01  1.139E-01  1.121E-01  1.103E-01  1.085E-01  1.067E-01  1.049E-01  1.032E-01  1.014E-01  9.966E-02  9.792E-02  9.620E-02  9.449E-02  9.280E-02  9.111E-02  8.943E-02  8.777E-02  8.612E-02  8.448E-02  8.285E-02  8.124E-02  7.964E-02  7.805E-02  7.647E-02  7.491E-02  7.336E-02  7.182E-02  7.030E-02  6.879E-02  6.729E-02  6.581E-02  6.433E-02  6.287E-02  6.143E-02  6.000E-02  5.858E-02  5.718E-02  5.578E-02  5.440E-02  5.304E-02  5.169E-02  5.035E-02  4.903E-02  4.771E-02  4.641E-02  4.513E-02  4.386E-02  4.260E-02  4.135E-02  4.012E-02  3.889E-02  3.769E-02  3.649E-02  3.531E-02  3.414E-02  3.298E-02  3.184E-02  3.071E-02  2.959E-02
  383.5000  1.050E-01  1.033E-01  1.017E-01  1.001E-01  9.852E-02  9.693E-02  9.535E-02  9.378E-02  9.222E-02  9.067E-02  8.912E-02  8.759E-02  8.606E-02  8.455E-02  8.304E-02  8.156E-02  8.007E-02  7.860E-02  7.713E-02  7.568E-02  7.424E-02  7.281E-02  7.139E-02  6.998E-02  6.859E-02  6.720E-02  6.583E-02  6.446E-02  6.311E-02  6.177E-02  6.044E-02  5.913E-02  5.782E-02  5.653E-02  5.524E-02  5.397E-02  5.271E-02  5.147E-02  5.023E-02  4.901E-02  4.780E-02  4.660E-02  4.541E-02  4.424E-02  4.307E-02  4.192E-02  4.077E-02  3.964E-02  3.853E-02  3.742E-02  3.633E-02  3.524E-02  3.417E-02  3.311E-02  3.206E-02  3.102E-02  2.999E-02  2.897E-02  2.797E-02  2.697E-02  2.600E-02
  384.5000  1.577E-01  1.552E-01  1.528E-01  1.504E-01  1.480E-01  1.456E-01  1.432E-01  1.409E-01  1.385E-01  1.362E-01  1.339E-01  1.316E-01  1.293E-01  1.270E-01  1.247E-01  1.225E-01  1.203E-01  1.181E-01  1.159E-01  1.137E-01  1.115E-01  1.094E-01  1.072E-01  1.051E-01  1.030E-01  1.009E-01  9.886E-02  9.681E-02  9.478E-02  9.276E-02  9.077E-02  8.879E-02  8.683E-02  8.488E-02  8.296E-02  8.105E-02  7.915E-02  7.728E-02  7.543E-02  7.359E-02  7.177E-02  6.997E-02  6.818E-02  6.642E-02  6.467E-02  6.293E-02  6.122E-02  5.952E-02  5.785E-02  5.618E-02  5.454E-02  5.291E-02  5.130E-02  4.970E-02  4.813E-02  4.657E-02  4.503E-02  4.350E-02  4.199E-02  4.050E-02  3.903E-02
  385.5000  1.562E-01  1.537E-01  1.513E-01  1.489E-01  1.466E-01  1.442E-01  1.418E-01  1.395E-01  1.372E-01  1.349E-01  1.326E-01  1.303E-01  1.280E-01  1.258E-01  1.235E-01  1.213E-01  1.191E-01  1.169E-01  1.147E-01  1.126E-01  1.104E-01  1.083E-01  1.062E-01  1.041E-01  1.020E-01  9.992E-02  9.788E-02  9.585E-02  9.384E-02  9.184E-02  8.986E-02  8.791E-02  8.596E-02  8.403E-02  8.212E-02  8.023E-02  7.836E-02  7.651E-02  7.467E-02  7.285E-02  7.104E-02  6.926E-02  6.749E-02  6.574E-02  6.401E-02  6.230E-02  6.060E-02  5.892E-02  5.726E-02  5.561E-02  5.398E-02  5.237E-02  5.077E-02  4.920E-02  4.764E-02  4.610E-02  4.457E-02  4.306E-02  4.156E-02  4.009E-02  3.863E-02
  386.5000  1.593E-01  1.569E-01  1.544E-01  1.520E-01  1.495E-01  1.471E-01  1.447E-01  1.423E-01  1.400E-01  1.376E-01  1.353E-01  1.329E-01  1.306E-01  1.283E-01  1.260E-01  1.238E-01  1.215E-01  1.193E-01  1.170E-01  1.148E-01  1.126E-01  1.105E-01  1.083E-01  1.062E-01  1.040E-01  1.019E-01  9.985E-02  9.777E-02  9.572E-02  9.368E-02  9.166E-02  8.966E-02  8.768E-02  8.571E-02  8.376E-02  8.183E-02  7.992E-02  7.803E-02  7.615E-02  7.430E-02  7.246E-02  7.063E-02  6.883E-02  6.705E-02  6.528E-02  6.353E-02  6.180E-02  6.008E-02  5.839E-02  5.671E-02  5.505E-02  5.340E-02  5.178E-02  5.017E-02  4.858E-02  4.701E-02  4.545E-02  4.391E-02  4.238E-02  4.088E-02  3.939E-02
  387.5000  1.482E-01  1.459E-01  1.436E-01  1.414E-01  1.391E-01  1.369E-01  1.346E-01  1.324E-01  1.302E-01  1.280E-01  1.258E-01  1.236E-01  1.215E-01  1.193E-01  1.172E-01  1.151E-01  1.130E-01  1.109E-01  1.089E-01  1.068E-01  1.048E-01  1.027E-01  1.007E-01  9.874E-02  9.676E-02  9.480E-02  9.286E-02  9.093E-02  8.902E-02  8.712E-02  8.524E-02  8.338E-02  8.154E-02  7.971E-02  7.789E-02  7.610E-02  7.432E-02  7.256E-02  7.081E-02  6.908E-02  6.737E-02  6.568E-02  6.400E-02  6.234E-02  6.070E-02  5.907E-02  5.746E-02  5.586E-02  5.429E-02  5.273E-02  5.118E-02  4.965E-02  4.814E-02  4.664E-02  4.517E-02  4.370E-02  4.225E-02  4.082E-02  3.940E-02  3.800E-02  3.663E-02
  388.5000  1.487E-01  1.464E-01  1.441E-01  1.418E-01  1.396E-01  1.373E-01  1.351E-01  1.328E-01  1.306E-01  1.284E-01  1.262E-01  1.240E-01  1.219E-01  1.197E-01  1.176E-01  1.155E-01  1.134E-01  1.113E-01  1.092E-01  1.071E-01  1.051E-01  1.031E-01  1.010E-01  9.904E-02  9.706E-02  9.509E-02  9.314E-02  9.121E-02  8.929E-02  8.738E-02  8.550E-02  8.363E-02  8.178E-02  7.994E-02  7.812E-02  7.632E-02  7.453E-02  7.277E-02  7.102E-02  6.928E-02  6.756E-02  6.586E-02  6.418E-02  6.252E-02  6.086E-02  5.923E-02  5.761E-02  5.602E-02  5.444E-02  5.287E-02  5.132E-02  4.979E-02  4.827E-02  4.677E-02  4.529E-02  4.382E-02  4.237E-02  4.093E-02  3.951E-02  3.811E-02  3.672E-02
  389.5000  1.877E-01  1.848E-01  1.819E-01  1.790E-01  1.762E-01  1.733E-01  1.705E-01  1.677E-01  1.649E-01  1.621E-01  1.593E-01  1.566E-01  1.538E-01  1.511E-01  1.484E-01  1.457E-01  1.431E-01  1.404E-01  1.378E-01  1.352E-01  1.326E-01  1.301E-01  1.275E-01  1.250E-01  1.225E-01  1.200E-01  1.175E-01  1.151E-01  1.127E-01  1.103E-01  1.079E-01  1.055E-01  1.032E-01  1.009E-01  9.858E-02  9.630E-02  9.404E-02  9.182E-02  8.961E-02  8.741E-02  8.525E-02  8.310E-02  8.097E-02  7.887E-02  7.679E-02  7.473E-02  7.269E-02  7.067E-02  6.868E-02  6.670E-02  6.474E-02  6.281E-02  6.089E-02  5.900E-02  5.713E-02  5.528E-02  5.345E-02  5.164E-02  4.985E-02  4.807E-02  4.633E-02
  390.5000  1.846E-01  1.817E-01  1.789E-01  1.760E-01  1.732E-01  1.704E-01  1.676E-01  1.648E-01  1.621E-01  1.594E-01  1.566E-01  1.539E-01  1.512E-01  1.486E-01  1.459E-01  1.433E-01  1.407E-01  1.381E-01  1.355E-01  1.329E-01  1.304E-01  1.279E-01  1.254E-01  1.229E-01  1.204E-01  1.180E-01  1.155E-01  1.131E-01  1.108E-01  1.084E-01  1.060E-01  1.037E-01  1.014E-01  9.915E-02  9.689E-02  9.465E-02  9.243E-02  9.024E-02  8.807E-02  8.591E-02  8.378E-02  8.167E-02  7.958E-02  7.751E-02  7.547E-02  7.344E-02  7.143E-02  6.945E-02  6.749E-02  6.555E-02  6.362E-02  6.172E-02  5.984E-02  5.798E-02  5.614E-02  5.432E-02  5.252E-02  5.074E-02  4.898E-02  4.724E-02  4.553E-02
  391.5000  2.192E-01  2.158E-01  2.124E-01  2.090E-01  2.057E-01  2.024E-01  1.991E-01  1.958E-01  1.925E-01  1.892E-01  1.860E-01  1.828E-01  1.796E-01  1.764E-01  1.733E-01  1.702E-01  1.670E-01  1.640E-01  1.609E-01  1.578E-01  1.548E-01  1.518E-01  1.489E-01  1.459E-01  1.430E-01  1.401E-01  1.372E-01  1.343E-01  1.315E-01  1.287E-01  1.259E-01  1.232E-01  1.204E-01  1.177E-01  1.150E-01  1.124E-01  1.097E-01  1.071E-01  1.045E-01  1.020E-01  9.945E-02  9.694E-02  9.446E-02  9.201E-02  8.958E-02  8.717E-02  8.479E-02  8.243E-02  8.011E-02  7.780E-02  7.552E-02  7.326E-02  7.102E-02  6.881E-02  6.664E-02  6.448E-02  6.234E-02  6.022E-02  5.814E-02  5.607E-02  5.404E-02
  392.5000  1.645E-01  1.620E-01  1.594E-01  1.569E-01  1.544E-01  1.519E-01  1.494E-01  1.470E-01  1.445E-01  1.421E-01  1.396E-01  1.372E-01  1.348E-01  1.324E-01  1.301E-01  1.277E-01  1.254E-01  1.231E-01  1.208E-01  1.185E-01  1.162E-01  1.140E-01  1.117E-01  1.095E-01  1.073E-01  1.051E-01  1.030E-01  1.008E-01  9.869E-02  9.658E-02  9.449E-02  9.242E-02  9.036E-02  8.833E-02  8.631E-02  8.432E-02  8.234E-02  8.038E-02  7.844E-02  7.652E-02  7.462E-02  7.274E-02  7.087E-02  6.903E-02  6.721E-02  6.540E-02  6.361E-02  6.185E-02  6.010E-02  5.837E-02  5.666E-02  5.496E-02  5.328E-02  5.163E-02  4.999E-02  4.837E-02  4.677E-02  4.518E-02  4.361E-02  4.207E-02  4.054E-02
  393.5000  7.161E-02  7.050E-02  6.939E-02  6.829E-02  6.720E-02  6.611E-02  6.503E-02  6.395E-02  6.288E-02  6.182E-02  6.076E-02  5.971E-02  5.867E-02  5.763E-02  5.660E-02  5.558E-02  5.456E-02  5.355E-02  5.255E-02  5.155E-02  5.057E-02  4.959E-02  4.861E-02  4.765E-02  4.669E-02  4.574E-02  4.480E-02  4.386E-02  4.294E-02  4.202E-02  4.111E-02  4.021E-02  3.931E-02  3.843E-02  3.755E-02  3.668E-02  3.582E-02  3.497E-02  3.412E-02  3.329E-02  3.246E-02  3.164E-02  3.083E-02  3.003E-02  2.923E-02  2.845E-02  2.767E-02  2.690E-02  2.614E-02  2.539E-02  2.464E-02  2.390E-02  2.318E-02  2.245E-02  2.174E-02  2.104E-02  2.034E-02  1.965E-02  1.897E-02  1.830E-02  1.763E-02
  394.5000  1.687E-01  1.661E-01  1.635E-01  1.609E-01  1.583E-01  1.557E-01  1.532E-01  1.506E-01  1.481E-01  1.456E-01  1.431E-01  1.406E-01  1.382E-01  1.357E-01  1.333E-01  1.309E-01  1.285E-01  1.261E-01  1.238E-01  1.214E-01  1.191E-01  1.168E-01  1.145E-01  1.122E-01  1.100E-01  1.077E-01  1.055E-01  1.033E-01  1.011E-01  9.895E-02  9.680E-02  9.468E-02  9.257E-02  9.049E-02  8.842E-02  8.637E-02  8.434E-02  8.234E-02  8.035E-02  7.838E-02  7.643E-02  7.449E-02  7.258E-02  7.070E-02  6.883E-02  6.697E-02  6.514E-02  6.333E-02  6.154E-02  5.977E-02  5.801E-02  5.627E-02  5.456E-02  5.286E-02  5.118E-02  4.952E-02  4.788E-02  4.626E-02  4.465E-02  4.307E-02  4.151E-02
  395.5000  2.172E-01  2.139E-01  2.105E-01  2.072E-01  2.039E-01  2.006E-01  1.973E-01  1.940E-01  1.908E-01  1.875E-01  1.843E-01  1.811E-01  1.780E-01  1.748E-01  1.717E-01  1.686E-01  1.655E-01  1.624E-01  1.594E-01  1.564E-01  1.534E-01  1.504E-01  1.474E-01  1.445E-01  1.416E-01  1.387E-01  1.358E-01  1.330E-01  1.302E-01  1.274E-01  1.246E-01  1.219E-01  1.192E-01  1.165E-01  1.138E-01  1.112E-01  1.086E-01  1.060E-01  1.034E-01  1.009E-01  9.839E-02  9.590E-02  9.344E-02  9.101E-02  8.860E-02  8.621E-02  8.385E-02  8.152E-02  7.921E-02  7.693E-02  7.467E-02  7.243E-02  7.022E-02  6.804E-02  6.588E-02  6.374E-02  6.163E-02  5.954E-02  5.747E-02  5.543E-02  5.342E-02
  396.5000  1.277E-01  1.257E-01  1.237E-01  1.218E-01  1.198E-01  1.179E-01  1.159E-01  1.140E-01  1.121E-01  1.102E-01  1.083E-01  1.065E-01  1.046E-01  1.027E-01  1.009E-01  9.907E-02  9.726E-02  9.546E-02  9.366E-02  9.189E-02  9.013E-02  8.838E-02  8.664E-02  8.491E-02  8.320E-02  8.150E-02  7.983E-02  7.816E-02  7.650E-02  7.486E-02  7.324E-02  7.163E-02  7.003E-02  6.845E-02  6.689E-02  6.533E-02  6.380E-02  6.228E-02  6.077E-02  5.928E-02  5.780E-02  5.634E-02  5.489E-02  5.347E-02  5.205E-02  5.065E-02  4.926E-02  4.789E-02  4.653E-02  4.519E-02  4.386E-02  4.255E-02  4.125E-02  3.997E-02  3.870E-02  3.744E-02  3.620E-02  3.498E-02  3.376E-02  3.256E-02  3.138E-02
  397.5000  1.475E-01  1.452E-01  1.429E-01  1.407E-01  1.384E-01  1.362E-01  1.339E-01  1.317E-01  1.295E-01  1.273E-01  1.251E-01  1.230E-01  1.208E-01  1.187E-01  1.165E-01  1.144E-01  1.123E-01  1.102E-01  1.082E-01  1.061E-01  1.041E-01  1.021E-01  1.001E-01  9.806E-02  9.609E-02  9.412E-02  9.219E-02  9.026E-02  8.835E-02  8.645E-02  8.457E-02  8.272E-02  8.087E-02  7.904E-02  7.723E-02  7.544E-02  7.366E-02  7.191E-02  7.017E-02  6.844E-02  6.674E-02  6.505E-02  6.338E-02  6.173E-02  6.009E-02  5.847E-02  5.687E-02  5.528E-02  5.372E-02  5.217E-02  5.064E-02  4.912E-02  4.762E-02  4.614E-02  4.468E-02  4.323E-02  4.179E-02  4.038E-02  3.897E-02  3.759E-02  3.623E-02
  398.5000  2.537E-01  2.498E-01  2.458E-01  2.419E-01  2.381E-01  2.342E-01  2.304E-01  2.265E-01  2.227E-01  2.190E-01  2.152E-01  2.115E-01  2.078E-01  2.041E-01  2.004E-01  1.968E-01  1.932E-01  1.896E-01  1.860E-01  1.825E-01  1.790E-01  1.755E-01  1.721E-01  1.686E-01  1.652E-01  1.619E-01  1.585E-01  1.552E-01  1.519E-01  1.487E-01  1.454E-01  1.422E-01  1.391E-01  1.359E-01  1.328E-01  1.297E-01  1.267E-01  1.236E-01  1.206E-01  1.177E-01  1.147E-01  1.118E-01  1.090E-01  1.061E-01  1.033E-01  1.005E-01  9.777E-02  9.504E-02  9.235E-02  8.969E-02  8.705E-02  8.444E-02  8.186E-02  7.931E-02  7.680E-02  7.430E-02  7.184E-02  6.940E-02  6.700E-02  6.462E-02  6.227E-02
  399.5000  2.641E-01  2.600E-01  2.559E-01  2.519E-01  2.478E-01  2.438E-01  2.398E-01  2.358E-01  2.319E-01  2.280E-01  2.241E-01  2.202E-01  2.163E-01  2.125E-01  2.087E-01  2.049E-01  2.011E-01  1.974E-01  1.937E-01  1.900E-01  1.863E-01  1.827E-01  1.791E-01  1.755E-01  1.720E-01  1.685E-01  1.650E-01  1.616E-01  1.581E-01  1.547E-01  1.514E-01  1.480E-01  1.447E-01  1.415E-01  1.382E-01  1.350E-01  1.318E-01  1.287E-01  1.256E-01  1.225E-01  1.194E-01  1.164E-01  1.134E-01  1.104E-01  1.075E-01  1.046E-01  1.017E-01  9.890E-02  9.610E-02  9.332E-02  9.058E-02  8.786E-02  8.518E-02  8.252E-02  7.991E-02  7.731E-02  7.475E-02  7.221E-02  6.971E-02  6.723E-02  6.480E-02
------------------------------------------------------------
Dose rates,W m-2
   1 = UV index (WMO, 1994; Webb et al., 2011)           
   2 = Previtamin-D3 (CIE 2006)                          
values at z =      0.025 km
Columns: time,sza,weighting spectra
time,hrs.  sza,deg.          1          2
   18.0000     72.490  6.479E-01  1.859E-02
   18.0167     72.698  6.330E-01  1.801E-02
   18.0333     72.907  6.184E-01  1.745E-02
   18.0500     73.115  6.040E-01  1.690E-02
   18.0667     73.323  5.899E-01  1.637E-02
   18.0833     73.532  5.759E-01  1.584E-02
   18.1000     73.740  5.622E-01  1.533E-02
   18.1167     73.948  5.487E-01  1.483E-02
   18.1333     74.156  5.354E-01  1.434E-02
   18.1500     74.364  5.224E-01  1.387E-02
   18.1667     74.572  5.095E-01  1.340E-02
   18.1833     74.780  4.969E-01  1.295E-02
   18.2000     74.988  4.845E-01  1.251E-02
   18.2167     75.196  4.723E-01  1.208E-02
   18.2333     75.403  4.603E-01  1.166E-02
   18.2500     75.611  4.485E-01  1.125E-02
   18.2667     75.818  4.369E-01  1.085E-02
   18.2833     76.026  4.255E-01  1.047E-02
   18.3000     76.233  4.143E-01  1.009E-02
   18.3167     76.441  4.034E-01  9.725E-03
   18.3333     76.648  3.926E-01  9.370E-03
   18.3500     76.855  3.820E-01  9.025E-03
   18.3667     77.062  3.716E-01  8.688E-03
   18.3833     77.269  3.614E-01  8.362E-03
   18.4000     77.476  3.514E-01  8.045E-03
   18.4167     77.684  3.415E-01  7.738E-03
   18.4333     77.890  3.319E-01  7.440E-03
   18.4500     78.097  3.225E-01  7.151E-03
   18.4667     78.303  3.132E-01  6.870E-03
   18.4833     78.510  3.041E-01  6.599E-03
   18.5000     78.717  2.951E-01  6.335E-03
   18.5167     78.923  2.864E-01  6.081E-03
   18.5333     79.129  2.778E-01  5.834E-03
   18.5500     79.336  2.694E-01  5.596E-03
   18.5667     79.542  2.612E-01  5.365E-03
   18.5833     79.748  2.531E-01  5.142E-03
   18.6000     79.954  2.452E-01  4.926E-03
   18.6167     80.160  2.375E-01  4.718E-03
   18.6333     80.365  2.299E-01  4.517E-03
   18.6500     80.571  2.225E-01  4.323E-03
   18.6667     80.777  2.152E-01  4.136E-03
   18.6833     80.983  2.081E-01  3.955E-03
   18.7000     81.188  2.011E-01  3.781E-03
   18.7167     81.393  1.943E-01  3.614E-03
   18.7333     81.598  1.877E-01  3.452E-03
   18.7500     81.804  1.811E-01  3.297E-03
   18.7667     82.009  1.748E-01  3.147E-03
   18.7833     82.214  1.685E-01  3.003E-03
   18.8000     82.418  1.624E-01  2.865E-03
   18.8167     82.623  1.565E-01  2.732E-03
   18.8333     82.828  1.507E-01  2.604E-03
   18.8500     83.033  1.450E-01  2.482E-03
   18.8667     83.237  1.394E-01  2.364E-03
   18.8833     83.442  1.340E-01  2.251E-03
   18.9000     83.645  1.287E-01  2.142E-03
   18.9167     83.849  1.236E-01  2.038E-03
   18.9333     84.054  1.185E-01  1.938E-03
   18.9500     84.258  1.136E-01  1.843E-03
   18.9667     84.461  1.088E-01  1.751E-03
   18.9833     84.665  1.041E-01  1.663E-03
   19.0000     84.868  9.958E-02  1.579E-03
------------------------------------------------------------
