Spectral Irradiance,W m-2 nm-1
values at z =      0.025 km
Columns: wavelength (nm),times (hrs.) or sza (deg.)
    wc,nm     18.000     18.017     18.033     18.050     18.067     18.083     18.100     18.117     18.133     18.150     18.167     18.183     18.200     18.217     18.233     18.250     18.267     18.283     18.300     18.317     18.333     18.350     18.367     18.383     18.400     18.417     18.433     18.450     18.467     18.483     18.500     18.517     18.533     18.550     18.567     18.583     18.600     18.617     18.633     18.650     18.667     18.683     18.700     18.717     18.733     18.750     18.767     18.783     18.800     18.817     18.833     18.850     18.867     18.883     18.900     18.917     18.933     18.950     18.967     18.983     19.000
    sza =      71.702     71.910     72.118     72.325     72.533     72.740     72.948     73.156     73.363     73.570     73.777     73.985     74.192     74.399     74.606     74.812     75.019     75.226     75.433     75.639     75.845     76.052     76.258     76.465     76.671     76.877     77.082     77.288     77.494     77.700     77.906     78.111     78.316     78.522     78.727     78.932     79.137     79.342     79.547     79.752     79.956     80.161     80.365     80.569     80.774     80.978     81.182     81.386     81.589     81.793     81.996     82.200     82.403     82.607     82.809     83.012     83.215     83.418     83.621     83.823     84.025
  280.5000  1.141E-27  1.124E-27  1.107E-27  1.090E-27  1.074E-27  1.058E-27  1.042E-27  1.026E-27  1.011E-27  9.964E-28  9.818E-28  9.674E-28  9.533E-28  9.394E-28  9.258E-28  9.124E-28  8.992E-28  8.862E-28  8.735E-28  8.608E-28  8.485E-28  8.362E-28  8.242E-28  8.122E-28  8.005E-28  7.889E-28  7.775E-28  7.662E-28  7.550E-28  7.439E-28  7.330E-28  7.222E-28  7.116E-28  7.010E-28  6.905E-28  6.801E-28  6.699E-28  6.597E-28  6.496E-28  6.396E-28  6.297E-28  6.199E-28  6.101E-28  6.004E-28  5.908E-28  5.813E-28  5.717E-28  5.623E-28  5.529E-28  5.436E-28  5.343E-28  5.250E-28  5.158E-28  5.066E-28  4.974E-28  4.883E-28  4.792E-28  4.701E-28  4.610E-28  4.520E-28  4.429E-28
  281.5000  3.565E-25  3.510E-25  3.455E-25  3.402E-25  3.349E-25  3.298E-25  3.248E-25  3.199E-25  3.151E-25  3.104E-25  3.057E-25  3.012E-25  2.967E-25  2.923E-25  2.880E-25  2.837E-25  2.796E-25  2.755E-25  2.714E-25  2.674E-25  2.635E-25  2.597E-25  2.559E-25  2.521E-25  2.484E-25  2.448E-25  2.412E-25  2.376E-25  2.341E-25  2.306E-25  2.272E-25  2.238E-25  2.205E-25  2.172E-25  2.139E-25  2.106E-25  2.074E-25  2.042E-25  2.011E-25  1.980E-25  1.949E-25  1.918E-25  1.887E-25  1.857E-25  1.827E-25  1.797E-25  1.768E-25  1.738E-25  1.709E-25  1.680E-25  1.651E-25  1.622E-25  1.594E-25  1.565E-25  1.537E-25  1.508E-25  1.480E-25  1.452E-25  1.424E-25  1.396E-25  1.368E-25
  282.5000  3.403E-23  3.349E-23  3.295E-23  3.243E-23  3.193E-23  3.143E-23  3.094E-23  3.046E-23  2.999E-23  2.954E-23  2.909E-23  2.864E-23  2.821E-23  2.779E-23  2.737E-23  2.696E-23  2.656E-23  2.616E-23  2.577E-23  2.539E-23  2.501E-23  2.464E-23  2.427E-23  2.391E-23  2.355E-23  2.320E-23  2.286E-23  2.252E-23  2.218E-23  2.185E-23  2.152E-23  2.119E-23  2.087E-23  2.055E-23  2.024E-23  1.993E-23  1.962E-23  1.932E-23  1.902E-23  1.872E-23  1.842E-23  1.813E-23  1.784E-23  1.755E-23  1.726E-23  1.698E-23  1.670E-23  1.642E-23  1.614E-23  1.586E-23  1.559E-23  1.531E-23  1.504E-23  1.477E-23  1.450E-23  1.423E-23  1.396E-23  1.369E-23  1.343E-23  1.316E-23  1.290E-23
  283.5000  5.939E-22  5.842E-22  5.748E-22  5.656E-22  5.566E-22  5.478E-22  5.391E-22  5.307E-22  5.224E-22  5.143E-22  5.064E-22  4.986E-22  4.910E-22  4.835E-22  4.761E-22  4.689E-22  4.618E-22  4.548E-22  4.479E-22  4.412E-22  4.346E-22  4.280E-22  4.216E-22  4.153E-22  4.090E-22  4.028E-22  3.968E-22  3.908E-22  3.849E-22  3.790E-22  3.733E-22  3.676E-22  3.620E-22  3.564E-22  3.509E-22  3.455E-22  3.401E-22  3.348E-22  3.295E-22  3.243E-22  3.192E-22  3.140E-22  3.090E-22  3.039E-22  2.989E-22  2.940E-22  2.891E-22  2.842E-22  2.793E-22  2.745E-22  2.697E-22  2.650E-22  2.602E-22  2.555E-22  2.508E-22  2.461E-22  2.415E-22  2.368E-22  2.322E-22  2.276E-22  2.230E-22
  284.5000  6.711E-20  6.598E-20  6.488E-20  6.380E-20  6.275E-20  6.173E-20  6.072E-20  5.974E-20  5.878E-20  5.784E-20  5.692E-20  5.602E-20  5.514E-20  5.427E-20  5.342E-20  5.259E-20  5.177E-20  5.097E-20  5.018E-20  4.940E-20  4.864E-20  4.789E-20  4.715E-20  4.643E-20  4.571E-20  4.501E-20  4.431E-20  4.363E-20  4.295E-20  4.229E-20  4.163E-20  4.099E-20  4.035E-20  3.972E-20  3.909E-20  3.848E-20  3.787E-20  3.726E-20  3.667E-20  3.608E-20  3.549E-20  3.491E-20  3.434E-20  3.378E-20  3.321E-20  3.265E-20  3.210E-20  3.155E-20  3.101E-20  3.046E-20  2.992E-20  2.939E-20  2.886E-20  2.833E-20  2.780E-20  2.728E-20  2.676E-20  2.624E-20  2.572E-20  2.521E-20  2.469E-20
  285.5000  1.396E-18  1.371E-18  1.348E-18  1.325E-18  1.302E-18  1.280E-18  1.259E-18  1.238E-18  1.218E-18  1.198E-18  1.178E-18  1.159E-18  1.140E-18  1.122E-18  1.104E-18  1.086E-18  1.069E-18  1.052E-18  1.035E-18  1.019E-18  1.003E-18  9.870E-19  9.714E-19  9.561E-19  9.411E-19  9.263E-19  9.118E-19  8.974E-19  8.832E-19  8.693E-19  8.555E-19  8.420E-19  8.287E-19  8.155E-19  8.024E-19  7.895E-19  7.768E-19  7.643E-19  7.519E-19  7.396E-19  7.274E-19  7.154E-19  7.034E-19  6.917E-19  6.800E-19  6.684E-19  6.569E-19  6.455E-19  6.342E-19  6.230E-19  6.119E-19  6.008E-19  5.898E-19  5.789E-19  5.680E-19  5.572E-19  5.465E-19  5.358E-19  5.251E-19  5.145E-19  5.039E-19
  286.5000  6.511E-17  6.395E-17  6.282E-17  6.172E-17  6.065E-17  5.960E-17  5.858E-17  5.758E-17  5.661E-17  5.566E-17  5.473E-17  5.381E-17  5.292E-17  5.205E-17  5.120E-17  5.036E-17  4.954E-17  4.874E-17  4.795E-17  4.717E-17  4.641E-17  4.567E-17  4.493E-17  4.421E-17  4.350E-17  4.280E-17  4.212E-17  4.144E-17  4.078E-17  4.012E-17  3.948E-17  3.884E-17  3.822E-17  3.760E-17  3.699E-17  3.638E-17  3.579E-17  3.520E-17  3.462E-17  3.405E-17  3.348E-17  3.292E-17  3.236E-17  3.181E-17  3.127E-17  3.073E-17  3.019E-17  2.966E-17  2.914E-17  2.862E-17  2.810E-17  2.759E-17  2.708E-17  2.657E-17  2.607E-17  2.557E-17  2.507E-17  2.458E-17  2.408E-17  2.359E-17  2.310E-17
  287.5000  1.732E-15  1.700E-15  1.669E-15  1.639E-15  1.609E-15  1.581E-15  1.553E-15  1.525E-15  1.499E-15  1.473E-15  1.447E-15  1.422E-15  1.398E-15  1.374E-15  1.351E-15  1.328E-15  1.306E-15  1.284E-15  1.263E-15  1.242E-15  1.221E-15  1.201E-15  1.181E-15  1.162E-15  1.143E-15  1.124E-15  1.106E-15  1.087E-15  1.070E-15  1.052E-15  1.035E-15  1.018E-15  1.001E-15  9.843E-16  9.680E-16  9.519E-16  9.360E-16  9.203E-16  9.049E-16  8.896E-16  8.744E-16  8.595E-16  8.447E-16  8.302E-16  8.157E-16  8.014E-16  7.872E-16  7.732E-16  7.593E-16  7.455E-16  7.318E-16  7.183E-16  7.048E-16  6.914E-16  6.782E-16  6.650E-16  6.519E-16  6.389E-16  6.259E-16  6.130E-16  6.002E-16
  288.5000  4.680E-14  4.590E-14  4.502E-14  4.417E-14  4.334E-14  4.254E-14  4.175E-14  4.098E-14  4.024E-14  3.951E-14  3.880E-14  3.811E-14  3.743E-14  3.677E-14  3.612E-14  3.549E-14  3.488E-14  3.427E-14  3.368E-14  3.310E-14  3.253E-14  3.197E-14  3.143E-14  3.089E-14  3.036E-14  2.985E-14  2.934E-14  2.885E-14  2.836E-14  2.787E-14  2.740E-14  2.694E-14  2.648E-14  2.603E-14  2.558E-14  2.515E-14  2.471E-14  2.429E-14  2.387E-14  2.346E-14  2.305E-14  2.264E-14  2.224E-14  2.185E-14  2.146E-14  2.108E-14  2.070E-14  2.032E-14  1.995E-14  1.958E-14  1.921E-14  1.885E-14  1.849E-14  1.813E-14  1.778E-14  1.742E-14  1.707E-14  1.673E-14  1.638E-14  1.604E-14  1.570E-14
  289.5000  8.659E-13  8.486E-13  8.318E-13  8.155E-13  7.997E-13  7.842E-13  7.692E-13  7.546E-13  7.404E-13  7.266E-13  7.131E-13  6.999E-13  6.871E-13  6.745E-13  6.623E-13  6.503E-13  6.386E-13  6.272E-13  6.160E-13  6.051E-13  5.944E-13  5.839E-13  5.736E-13  5.635E-13  5.537E-13  5.440E-13  5.345E-13  5.252E-13  5.160E-13  5.070E-13  4.982E-13  4.895E-13  4.810E-13  4.726E-13  4.643E-13  4.561E-13  4.481E-13  4.402E-13  4.325E-13  4.248E-13  4.172E-13  4.097E-13  4.024E-13  3.951E-13  3.879E-13  3.808E-13  3.738E-13  3.669E-13  3.600E-13  3.532E-13  3.465E-13  3.398E-13  3.332E-13  3.267E-13  3.202E-13  3.138E-13  3.074E-13  3.010E-13  2.947E-13  2.885E-13  2.823E-13
  290.5000  9.715E-12  9.514E-12  9.318E-12  9.129E-12  8.945E-12  8.767E-12  8.593E-12  8.424E-12  8.260E-12  8.100E-12  7.945E-12  7.793E-12  7.645E-12  7.501E-12  7.360E-12  7.223E-12  7.089E-12  6.958E-12  6.830E-12  6.705E-12  6.583E-12  6.463E-12  6.346E-12  6.231E-12  6.119E-12  6.008E-12  5.901E-12  5.795E-12  5.691E-12  5.589E-12  5.489E-12  5.391E-12  5.294E-12  5.199E-12  5.106E-12  5.014E-12  4.924E-12  4.835E-12  4.747E-12  4.661E-12  4.576E-12  4.492E-12  4.410E-12  4.329E-12  4.248E-12  4.169E-12  4.090E-12  4.013E-12  3.936E-12  3.861E-12  3.786E-12  3.712E-12  3.638E-12  3.566E-12  3.494E-12  3.422E-12  3.352E-12  3.281E-12  3.212E-12  3.143E-12  3.074E-12
  291.5000  1.001E-10  9.788E-11  9.576E-11  9.372E-11  9.173E-11  8.981E-11  8.794E-11  8.613E-11  8.437E-11  8.266E-11  8.100E-11  7.938E-11  7.780E-11  7.627E-11  7.477E-11  7.332E-11  7.190E-11  7.051E-11  6.916E-11  6.784E-11  6.655E-11  6.529E-11  6.405E-11  6.285E-11  6.167E-11  6.051E-11  5.938E-11  5.828E-11  5.719E-11  5.613E-11  5.508E-11  5.406E-11  5.306E-11  5.207E-11  5.110E-11  5.015E-11  4.922E-11  4.830E-11  4.740E-11  4.651E-11  4.563E-11  4.477E-11  4.392E-11  4.308E-11  4.226E-11  4.145E-11  4.064E-11  3.985E-11  3.907E-11  3.830E-11  3.754E-11  3.678E-11  3.604E-11  3.530E-11  3.457E-11  3.385E-11  3.314E-11  3.243E-11  3.172E-11  3.103E-11  3.034E-11
  292.5000  6.420E-10  6.271E-10  6.128E-10  5.990E-10  5.857E-10  5.727E-10  5.602E-10  5.481E-10  5.364E-10  5.250E-10  5.140E-10  5.032E-10  4.928E-10  4.826E-10  4.728E-10  4.632E-10  4.538E-10  4.447E-10  4.358E-10  4.271E-10  4.187E-10  4.104E-10  4.024E-10  3.945E-10  3.868E-10  3.793E-10  3.719E-10  3.647E-10  3.577E-10  3.508E-10  3.440E-10  3.374E-10  3.309E-10  3.246E-10  3.183E-10  3.122E-10  3.062E-10  3.003E-10  2.945E-10  2.887E-10  2.831E-10  2.776E-10  2.722E-10  2.669E-10  2.616E-10  2.564E-10  2.513E-10  2.463E-10  2.413E-10  2.364E-10  2.316E-10  2.268E-10  2.221E-10  2.175E-10  2.129E-10  2.083E-10  2.038E-10  1.994E-10  1.949E-10  1.906E-10  1.863E-10
  293.5000  4.759E-09  4.641E-09  4.527E-09  4.418E-09  4.312E-09  4.211E-09  4.113E-09  4.019E-09  3.928E-09  3.840E-09  3.754E-09  3.672E-09  3.591E-09  3.514E-09  3.438E-09  3.365E-09  3.293E-09  3.224E-09  3.156E-09  3.091E-09  3.027E-09  2.964E-09  2.904E-09  2.844E-09  2.786E-09  2.730E-09  2.674E-09  2.620E-09  2.568E-09  2.516E-09  2.465E-09  2.416E-09  2.368E-09  2.320E-09  2.274E-09  2.228E-09  2.184E-09  2.140E-09  2.097E-09  2.055E-09  2.013E-09  1.973E-09  1.933E-09  1.894E-09  1.855E-09  1.817E-09  1.780E-09  1.743E-09  1.707E-09  1.671E-09  1.636E-09  1.601E-09  1.567E-09  1.533E-09  1.500E-09  1.467E-09  1.434E-09  1.402E-09  1.370E-09  1.339E-09  1.307E-09
  294.5000  1.933E-08  1.881E-08  1.831E-08  1.784E-08  1.738E-08  1.695E-08  1.653E-08  1.612E-08  1.573E-08  1.536E-08  1.500E-08  1.465E-08  1.431E-08  1.399E-08  1.367E-08  1.337E-08  1.307E-08  1.278E-08  1.250E-08  1.223E-08  1.197E-08  1.171E-08  1.146E-08  1.121E-08  1.098E-08  1.074E-08  1.052E-08  1.030E-08  1.008E-08  9.871E-09  9.665E-09  9.465E-09  9.268E-09  9.076E-09  8.887E-09  8.703E-09  8.522E-09  8.346E-09  8.172E-09  8.002E-09  7.836E-09  7.672E-09  7.511E-09  7.354E-09  7.199E-09  7.047E-09  6.897E-09  6.750E-09  6.606E-09  6.463E-09  6.323E-09  6.185E-09  6.049E-09  5.915E-09  5.783E-09  5.652E-09  5.523E-09  5.396E-09  5.271E-09  5.146E-09  5.024E-09
  295.5000  1.125E-07  1.091E-07  1.059E-07  1.028E-07  9.990E-08  9.712E-08  9.447E-08  9.193E-08  8.951E-08  8.720E-08  8.497E-08  8.283E-08  8.077E-08  7.879E-08  7.688E-08  7.505E-08  7.327E-08  7.155E-08  6.988E-08  6.826E-08  6.670E-08  6.519E-08  6.371E-08  6.228E-08  6.088E-08  5.953E-08  5.821E-08  5.693E-08  5.567E-08  5.445E-08  5.326E-08  5.210E-08  5.097E-08  4.986E-08  4.878E-08  4.772E-08  4.668E-08  4.567E-08  4.468E-08  4.371E-08  4.276E-08  4.182E-08  4.091E-08  4.002E-08  3.914E-08  3.828E-08  3.743E-08  3.660E-08  3.579E-08  3.498E-08  3.420E-08  3.342E-08  3.266E-08  3.191E-08  3.117E-08  3.044E-08  2.972E-08  2.902E-08  2.832E-08  2.763E-08  2.695E-08
  296.5000  4.105E-07  3.965E-07  3.833E-07  3.708E-07  3.590E-07  3.478E-07  3.372E-07  3.272E-07  3.177E-07  3.086E-07  2.999E-07  2.916E-07  2.837E-07  2.761E-07  2.689E-07  2.619E-07  2.552E-07  2.488E-07  2.426E-07  2.366E-07  2.308E-07  2.252E-07  2.198E-07  2.145E-07  2.095E-07  2.045E-07  1.998E-07  1.951E-07  1.906E-07  1.862E-07  1.819E-07  1.778E-07  1.737E-07  1.697E-07  1.659E-07  1.621E-07  1.584E-07  1.548E-07  1.513E-07  1.479E-07  1.445E-07  1.413E-07  1.380E-07  1.349E-07  1.318E-07  1.288E-07  1.258E-07  1.229E-07  1.201E-07  1.173E-07  1.145E-07  1.118E-07  1.092E-07  1.066E-07  1.040E-07  1.015E-07  9.903E-08  9.659E-08  9.419E-08  9.183E-08  8.950E-08
  297.5000  1.568E-06  1.508E-06  1.452E-06  1.398E-06  1.348E-06  1.301E-06  1.256E-06  1.214E-06  1.175E-06  1.137E-06  1.101E-06  1.067E-06  1.035E-06  1.005E-06  9.755E-07  9.477E-07  9.211E-07  8.956E-07  8.713E-07  8.478E-07  8.255E-07  8.039E-07  7.830E-07  7.630E-07  7.436E-07  7.249E-07  7.069E-07  6.894E-07  6.725E-07  6.560E-07  6.401E-07  6.247E-07  6.096E-07  5.950E-07  5.807E-07  5.669E-07  5.533E-07  5.402E-07  5.274E-07  5.148E-07  5.026E-07  4.906E-07  4.789E-07  4.676E-07  4.564E-07  4.455E-07  4.348E-07  4.243E-07  4.141E-07  4.040E-07  3.942E-07  3.845E-07  3.750E-07  3.657E-07  3.566E-07  3.477E-07  3.389E-07  3.302E-07  3.217E-07  3.133E-07  3.051E-07
  298.5000  3.492E-06  3.344E-06  3.206E-06  3.076E-06  2.954E-06  2.839E-06  2.731E-06  2.629E-06  2.533E-06  2.442E-06  2.357E-06  2.276E-06  2.199E-06  2.127E-06  2.058E-06  1.993E-06  1.931E-06  1.872E-06  1.816E-06  1.763E-06  1.712E-06  1.663E-06  1.616E-06  1.571E-06  1.528E-06  1.486E-06  1.447E-06  1.408E-06  1.371E-06  1.335E-06  1.301E-06  1.268E-06  1.235E-06  1.204E-06  1.173E-06  1.144E-06  1.115E-06  1.087E-06  1.060E-06  1.034E-06  1.008E-06  9.828E-07  9.583E-07  9.345E-07  9.112E-07  8.884E-07  8.661E-07  8.444E-07  8.231E-07  8.023E-07  7.819E-07  7.620E-07  7.425E-07  7.233E-07  7.046E-07  6.862E-07  6.681E-07  6.504E-07  6.330E-07  6.160E-07  5.992E-07
  299.5000  1.469E-05  1.402E-05  1.340E-05  1.281E-05  1.225E-05  1.173E-05  1.123E-05  1.077E-05  1.033E-05  9.922E-06  9.534E-06  9.167E-06  8.822E-06  8.495E-06  8.187E-06  7.897E-06  7.621E-06  7.360E-06  7.113E-06  6.878E-06  6.655E-06  6.443E-06  6.241E-06  6.049E-06  5.865E-06  5.690E-06  5.523E-06  5.362E-06  5.208E-06  5.060E-06  4.918E-06  4.782E-06  4.650E-06  4.523E-06  4.400E-06  4.281E-06  4.166E-06  4.056E-06  3.948E-06  3.843E-06  3.742E-06  3.643E-06  3.547E-06  3.454E-06  3.363E-06  3.275E-06  3.189E-06  3.104E-06  3.023E-06  2.942E-06  2.864E-06  2.788E-06  2.713E-06  2.640E-06  2.568E-06  2.498E-06  2.429E-06  2.362E-06  2.296E-06  2.232E-06  2.169E-06
  300.5000  2.316E-05  2.208E-05  2.105E-05  2.008E-05  1.916E-05  1.830E-05  1.748E-05  1.671E-05  1.599E-05  1.530E-05  1.466E-05  1.405E-05  1.347E-05  1.293E-05  1.242E-05  1.194E-05  1.148E-05  1.105E-05  1.064E-05  1.025E-05  9.888E-06  9.541E-06  9.212E-06  8.900E-06  8.604E-06  8.321E-06  8.054E-06  7.798E-06  7.553E-06  7.320E-06  7.097E-06  6.884E-06  6.679E-06  6.482E-06  6.294E-06  6.112E-06  5.937E-06  5.768E-06  5.606E-06  5.448E-06  5.296E-06  5.148E-06  5.005E-06  4.867E-06  4.733E-06  4.602E-06  4.475E-06  4.351E-06  4.231E-06  4.114E-06  3.999E-06  3.888E-06  3.779E-06  3.673E-06  3.570E-06  3.468E-06  3.369E-06  3.272E-06  3.177E-06  3.085E-06  2.994E-06
  301.5000  8.387E-05  7.989E-05  7.611E-05  7.254E-05  6.914E-05  6.591E-05  6.285E-05  5.996E-05  5.722E-05  5.463E-05  5.218E-05  4.986E-05  4.766E-05  4.559E-05  4.362E-05  4.177E-05  4.002E-05  3.836E-05  3.679E-05  3.531E-05  3.391E-05  3.258E-05  3.133E-05  3.014E-05  2.901E-05  2.794E-05  2.694E-05  2.598E-05  2.506E-05  2.420E-05  2.337E-05  2.259E-05  2.184E-05  2.113E-05  2.044E-05  1.979E-05  1.917E-05  1.857E-05  1.800E-05  1.745E-05  1.691E-05  1.640E-05  1.591E-05  1.544E-05  1.498E-05  1.454E-05  1.411E-05  1.369E-05  1.329E-05  1.290E-05  1.252E-05  1.215E-05  1.179E-05  1.144E-05  1.110E-05  1.076E-05  1.044E-05  1.012E-05  9.817E-06  9.515E-06  9.222E-06
  302.5000  1.580E-04  1.506E-04  1.435E-04  1.368E-04  1.304E-04  1.243E-04  1.185E-04  1.130E-04  1.077E-04  1.028E-04  9.806E-05  9.358E-05  8.933E-05  8.530E-05  8.148E-05  7.787E-05  7.444E-05  7.119E-05  6.812E-05  6.521E-05  6.246E-05  5.985E-05  5.738E-05  5.504E-05  5.283E-05  5.073E-05  4.875E-05  4.687E-05  4.509E-05  4.340E-05  4.179E-05  4.028E-05  3.883E-05  3.745E-05  3.614E-05  3.489E-05  3.370E-05  3.257E-05  3.148E-05  3.045E-05  2.945E-05  2.850E-05  2.759E-05  2.671E-05  2.587E-05  2.505E-05  2.427E-05  2.351E-05  2.279E-05  2.208E-05  2.140E-05  2.073E-05  2.009E-05  1.947E-05  1.886E-05  1.827E-05  1.770E-05  1.714E-05  1.660E-05  1.607E-05  1.556E-05
  303.5000  4.490E-04  4.287E-04  4.093E-04  3.907E-04  3.729E-04  3.558E-04  3.395E-04  3.239E-04  3.090E-04  2.948E-04  2.813E-04  2.683E-04  2.560E-04  2.443E-04  2.331E-04  2.225E-04  2.124E-04  2.028E-04  1.936E-04  1.849E-04  1.767E-04  1.689E-04  1.614E-04  1.544E-04  1.477E-04  1.414E-04  1.354E-04  1.297E-04  1.243E-04  1.192E-04  1.143E-04  1.097E-04  1.054E-04  1.012E-04  9.730E-05  9.357E-05  9.003E-05  8.667E-05  8.346E-05  8.041E-05  7.750E-05  7.473E-05  7.209E-05  6.957E-05  6.715E-05  6.484E-05  6.262E-05  6.050E-05  5.846E-05  5.650E-05  5.461E-05  5.279E-05  5.103E-05  4.933E-05  4.770E-05  4.611E-05  4.457E-05  4.308E-05  4.164E-05  4.023E-05  3.887E-05
  304.5000  6.647E-04  6.357E-04  6.078E-04  5.810E-04  5.553E-04  5.305E-04  5.067E-04  4.840E-04  4.621E-04  4.413E-04  4.212E-04  4.021E-04  3.838E-04  3.662E-04  3.495E-04  3.336E-04  3.184E-04  3.038E-04  2.900E-04  2.768E-04  2.643E-04  2.523E-04  2.410E-04  2.302E-04  2.199E-04  2.102E-04  2.009E-04  1.921E-04  1.838E-04  1.758E-04  1.683E-04  1.612E-04  1.544E-04  1.480E-04  1.419E-04  1.362E-04  1.307E-04  1.255E-04  1.205E-04  1.158E-04  1.114E-04  1.071E-04  1.031E-04  9.923E-05  9.556E-05  9.205E-05  8.871E-05  8.551E-05  8.246E-05  7.953E-05  7.671E-05  7.401E-05  7.142E-05  6.892E-05  6.653E-05  6.421E-05  6.197E-05  5.981E-05  5.771E-05  5.569E-05  5.373E-05
  305.5000  1.399E-03  1.342E-03  1.287E-03  1.234E-03  1.183E-03  1.133E-03  1.085E-03  1.039E-03  9.944E-04  9.517E-04  9.104E-04  8.706E-04  8.324E-04  7.957E-04  7.604E-04  7.266E-04  6.941E-04  6.629E-04  6.331E-04  6.045E-04  5.772E-04  5.510E-04  5.259E-04  5.020E-04  4.792E-04  4.574E-04  4.366E-04  4.168E-04  3.979E-04  3.799E-04  3.628E-04  3.465E-04  3.310E-04  3.163E-04  3.023E-04  2.890E-04  2.763E-04  2.643E-04  2.529E-04  2.421E-04  2.318E-04  2.220E-04  2.127E-04  2.040E-04  1.956E-04  1.876E-04  1.800E-04  1.728E-04  1.660E-04  1.594E-04  1.532E-04  1.472E-04  1.415E-04  1.361E-04  1.309E-04  1.259E-04  1.211E-04  1.165E-04  1.121E-04  1.078E-04  1.037E-04
  306.5000  1.790E-03  1.720E-03  1.652E-03  1.586E-03  1.522E-03  1.460E-03  1.400E-03  1.343E-03  1.287E-03  1.233E-03  1.181E-03  1.131E-03  1.082E-03  1.036E-03  9.907E-04  9.475E-04  9.059E-04  8.659E-04  8.274E-04  7.905E-04  7.552E-04  7.212E-04  6.886E-04  6.574E-04  6.276E-04  5.990E-04  5.718E-04  5.457E-04  5.207E-04  4.969E-04  4.742E-04  4.527E-04  4.321E-04  4.124E-04  3.937E-04  3.759E-04  3.590E-04  3.430E-04  3.277E-04  3.131E-04  2.993E-04  2.862E-04  2.737E-04  2.619E-04  2.507E-04  2.400E-04  2.298E-04  2.202E-04  2.110E-04  2.023E-04  1.940E-04  1.860E-04  1.785E-04  1.713E-04  1.645E-04  1.579E-04  1.516E-04  1.456E-04  1.398E-04  1.343E-04  1.290E-04
  307.5000  3.848E-03  3.710E-03  3.576E-03  3.445E-03  3.318E-03  3.194E-03  3.074E-03  2.956E-03  2.843E-03  2.733E-03  2.625E-03  2.521E-03  2.421E-03  2.323E-03  2.228E-03  2.137E-03  2.048E-03  1.963E-03  1.880E-03  1.800E-03  1.723E-03  1.649E-03  1.577E-03  1.508E-03  1.442E-03  1.378E-03  1.316E-03  1.257E-03  1.200E-03  1.146E-03  1.094E-03  1.044E-03  9.958E-04  9.499E-04  9.060E-04  8.640E-04  8.239E-04  7.857E-04  7.492E-04  7.143E-04  6.811E-04  6.494E-04  6.193E-04  5.907E-04  5.634E-04  5.374E-04  5.127E-04  4.893E-04  4.670E-04  4.458E-04  4.257E-04  4.065E-04  3.883E-04  3.710E-04  3.546E-04  3.389E-04  3.240E-04  3.098E-04  2.963E-04  2.834E-04  2.711E-04
  308.5000  5.026E-03  4.852E-03  4.683E-03  4.519E-03  4.358E-03  4.201E-03  4.048E-03  3.899E-03  3.754E-03  3.614E-03  3.477E-03  3.344E-03  3.214E-03  3.089E-03  2.967E-03  2.849E-03  2.734E-03  2.623E-03  2.515E-03  2.411E-03  2.311E-03  2.213E-03  2.119E-03  2.028E-03  1.941E-03  1.856E-03  1.775E-03  1.696E-03  1.621E-03  1.548E-03  1.478E-03  1.411E-03  1.347E-03  1.285E-03  1.226E-03  1.169E-03  1.115E-03  1.063E-03  1.013E-03  9.654E-04  9.200E-04  8.767E-04  8.353E-04  7.961E-04  7.585E-04  7.228E-04  6.888E-04  6.564E-04  6.257E-04  5.964E-04  5.686E-04  5.421E-04  5.170E-04  4.931E-04  4.704E-04  4.488E-04  4.283E-04  4.088E-04  3.902E-04  3.725E-04  3.557E-04
  309.5000  5.801E-03  5.616E-03  5.434E-03  5.258E-03  5.084E-03  4.914E-03  4.748E-03  4.586E-03  4.428E-03  4.274E-03  4.123E-03  3.976E-03  3.832E-03  3.692E-03  3.556E-03  3.423E-03  3.294E-03  3.168E-03  3.046E-03  2.927E-03  2.812E-03  2.700E-03  2.591E-03  2.485E-03  2.383E-03  2.284E-03  2.189E-03  2.096E-03  2.006E-03  1.919E-03  1.836E-03  1.755E-03  1.677E-03  1.602E-03  1.530E-03  1.460E-03  1.393E-03  1.329E-03  1.267E-03  1.208E-03  1.151E-03  1.096E-03  1.044E-03  9.944E-04  9.466E-04  9.010E-04  8.573E-04  8.157E-04  7.762E-04  7.383E-04  7.022E-04  6.679E-04  6.353E-04  6.042E-04  5.747E-04  5.466E-04  5.199E-04  4.945E-04  4.704E-04  4.475E-04  4.258E-04
  310.5000  9.593E-03  9.306E-03  9.024E-03  8.748E-03  8.476E-03  8.210E-03  7.950E-03  7.694E-03  7.444E-03  7.200E-03  6.961E-03  6.726E-03  6.497E-03  6.273E-03  6.054E-03  5.841E-03  5.632E-03  5.429E-03  5.230E-03  5.036E-03  4.848E-03  4.664E-03  4.486E-03  4.312E-03  4.142E-03  3.978E-03  3.819E-03  3.664E-03  3.513E-03  3.367E-03  3.226E-03  3.089E-03  2.957E-03  2.828E-03  2.704E-03  2.585E-03  2.469E-03  2.358E-03  2.251E-03  2.147E-03  2.047E-03  1.952E-03  1.860E-03  1.771E-03  1.686E-03  1.605E-03  1.527E-03  1.452E-03  1.381E-03  1.313E-03  1.248E-03  1.185E-03  1.126E-03  1.069E-03  1.016E-03  9.641E-04  9.152E-04  8.687E-04  8.244E-04  7.824E-04  7.426E-04
  311.5000  1.404E-02  1.364E-02  1.324E-02  1.285E-02  1.247E-02  1.210E-02  1.173E-02  1.137E-02  1.102E-02  1.067E-02  1.033E-02  9.996E-03  9.669E-03  9.350E-03  9.037E-03  8.732E-03  8.432E-03  8.139E-03  7.853E-03  7.574E-03  7.302E-03  7.035E-03  6.775E-03  6.522E-03  6.275E-03  6.035E-03  5.801E-03  5.573E-03  5.352E-03  5.137E-03  4.927E-03  4.725E-03  4.528E-03  4.337E-03  4.152E-03  3.972E-03  3.799E-03  3.632E-03  3.470E-03  3.313E-03  3.162E-03  3.016E-03  2.876E-03  2.741E-03  2.611E-03  2.486E-03  2.365E-03  2.250E-03  2.140E-03  2.034E-03  1.932E-03  1.835E-03  1.742E-03  1.654E-03  1.569E-03  1.488E-03  1.411E-03  1.338E-03  1.268E-03  1.202E-03  1.139E-03
  312.5000  1.726E-02  1.681E-02  1.636E-02  1.593E-02  1.550E-02  1.507E-02  1.465E-02  1.424E-02  1.384E-02  1.344E-02  1.305E-02  1.266E-02  1.228E-02  1.191E-02  1.155E-02  1.119E-02  1.084E-02  1.049E-02  1.015E-02  9.822E-03  9.498E-03  9.179E-03  8.867E-03  8.561E-03  8.262E-03  7.970E-03  7.685E-03  7.405E-03  7.133E-03  6.866E-03  6.606E-03  6.354E-03  6.107E-03  5.866E-03  5.631E-03  5.403E-03  5.181E-03  4.967E-03  4.757E-03  4.554E-03  4.357E-03  4.165E-03  3.980E-03  3.802E-03  3.628E-03  3.460E-03  3.299E-03  3.142E-03  2.992E-03  2.847E-03  2.707E-03  2.573E-03  2.444E-03  2.320E-03  2.201E-03  2.087E-03  1.978E-03  1.874E-03  1.774E-03  1.678E-03  1.588E-03
  313.5000  2.068E-02  2.015E-02  1.963E-02  1.912E-02  1.861E-02  1.811E-02  1.762E-02  1.714E-02  1.666E-02  1.619E-02  1.573E-02  1.528E-02  1.483E-02  1.439E-02  1.396E-02  1.354E-02  1.312E-02  1.271E-02  1.231E-02  1.191E-02  1.153E-02  1.115E-02  1.078E-02  1.041E-02  1.006E-02  9.709E-03  9.369E-03  9.035E-03  8.709E-03  8.390E-03  8.078E-03  7.775E-03  7.478E-03  7.188E-03  6.906E-03  6.631E-03  6.363E-03  6.104E-03  5.850E-03  5.604E-03  5.365E-03  5.133E-03  4.908E-03  4.690E-03  4.479E-03  4.275E-03  4.077E-03  3.886E-03  3.702E-03  3.524E-03  3.352E-03  3.187E-03  3.028E-03  2.875E-03  2.728E-03  2.587E-03  2.452E-03  2.323E-03  2.199E-03  2.080E-03  1.968E-03
  314.5000  2.522E-02  2.463E-02  2.405E-02  2.348E-02  2.291E-02  2.235E-02  2.180E-02  2.125E-02  2.071E-02  2.018E-02  1.966E-02  1.914E-02  1.863E-02  1.812E-02  1.763E-02  1.714E-02  1.666E-02  1.618E-02  1.572E-02  1.526E-02  1.481E-02  1.436E-02  1.393E-02  1.350E-02  1.307E-02  1.266E-02  1.225E-02  1.185E-02  1.146E-02  1.107E-02  1.070E-02  1.033E-02  9.963E-03  9.608E-03  9.260E-03  8.920E-03  8.587E-03  8.262E-03  7.944E-03  7.634E-03  7.331E-03  7.036E-03  6.747E-03  6.468E-03  6.195E-03  5.929E-03  5.670E-03  5.419E-03  5.176E-03  4.940E-03  4.710E-03  4.488E-03  4.273E-03  4.066E-03  3.865E-03  3.672E-03  3.485E-03  3.305E-03  3.131E-03  2.965E-03  2.805E-03
  315.5000  2.693E-02  2.631E-02  2.570E-02  2.509E-02  2.450E-02  2.391E-02  2.332E-02  2.275E-02  2.218E-02  2.162E-02  2.106E-02  2.052E-02  1.998E-02  1.945E-02  1.892E-02  1.841E-02  1.790E-02  1.740E-02  1.690E-02  1.642E-02  1.594E-02  1.547E-02  1.500E-02  1.455E-02  1.410E-02  1.366E-02  1.322E-02  1.280E-02  1.238E-02  1.197E-02  1.157E-02  1.117E-02  1.079E-02  1.041E-02  1.004E-02  9.673E-03  9.317E-03  8.970E-03  8.629E-03  8.296E-03  7.971E-03  7.654E-03  7.345E-03  7.044E-03  6.750E-03  6.464E-03  6.185E-03  5.915E-03  5.652E-03  5.397E-03  5.149E-03  4.908E-03  4.675E-03  4.450E-03  4.233E-03  4.022E-03  3.819E-03  3.623E-03  3.434E-03  3.252E-03  3.078E-03
  316.5000  3.130E-02  3.064E-02  2.998E-02  2.933E-02  2.869E-02  2.805E-02  2.742E-02  2.680E-02  2.618E-02  2.557E-02  2.497E-02  2.437E-02  2.378E-02  2.320E-02  2.263E-02  2.206E-02  2.150E-02  2.094E-02  2.040E-02  1.985E-02  1.932E-02  1.880E-02  1.828E-02  1.777E-02  1.726E-02  1.677E-02  1.628E-02  1.580E-02  1.532E-02  1.485E-02  1.439E-02  1.394E-02  1.350E-02  1.306E-02  1.263E-02  1.221E-02  1.179E-02  1.139E-02  1.099E-02  1.059E-02  1.021E-02  9.833E-03  9.465E-03  9.105E-03  8.751E-03  8.406E-03  8.068E-03  7.738E-03  7.417E-03  7.103E-03  6.797E-03  6.498E-03  6.208E-03  5.925E-03  5.651E-03  5.385E-03  5.126E-03  4.875E-03  4.631E-03  4.396E-03  4.169E-03
  317.5000  4.433E-02  4.339E-02  4.246E-02  4.154E-02  4.063E-02  3.973E-02  3.883E-02  3.795E-02  3.707E-02  3.621E-02  3.536E-02  3.451E-02  3.368E-02  3.285E-02  3.204E-02  3.123E-02  3.044E-02  2.965E-02  2.888E-02  2.811E-02  2.736E-02  2.661E-02  2.588E-02  2.515E-02  2.444E-02  2.373E-02  2.304E-02  2.236E-02  2.169E-02  2.102E-02  2.037E-02  1.973E-02  1.910E-02  1.848E-02  1.787E-02  1.727E-02  1.669E-02  1.611E-02  1.555E-02  1.499E-02  1.445E-02  1.391E-02  1.339E-02  1.288E-02  1.238E-02  1.189E-02  1.141E-02  1.095E-02  1.049E-02  1.005E-02  9.613E-03  9.191E-03  8.780E-03  8.380E-03  7.992E-03  7.615E-03  7.248E-03  6.893E-03  6.549E-03  6.216E-03  5.895E-03
  318.5000  4.019E-02  3.940E-02  3.862E-02  3.785E-02  3.709E-02  3.633E-02  3.558E-02  3.483E-02  3.410E-02  3.337E-02  3.264E-02  3.193E-02  3.122E-02  3.052E-02  2.982E-02  2.913E-02  2.845E-02  2.778E-02  2.711E-02  2.646E-02  2.581E-02  2.516E-02  2.453E-02  2.390E-02  2.327E-02  2.266E-02  2.206E-02  2.146E-02  2.087E-02  2.028E-02  1.971E-02  1.914E-02  1.858E-02  1.803E-02  1.749E-02  1.695E-02  1.642E-02  1.590E-02  1.539E-02  1.489E-02  1.439E-02  1.390E-02  1.342E-02  1.296E-02  1.249E-02  1.204E-02  1.159E-02  1.116E-02  1.073E-02  1.031E-02  9.898E-03  9.495E-03  9.102E-03  8.717E-03  8.342E-03  7.975E-03  7.617E-03  7.268E-03  6.928E-03  6.597E-03  6.277E-03
  319.5000  5.041E-02  4.944E-02  4.848E-02  4.753E-02  4.658E-02  4.564E-02  4.471E-02  4.379E-02  4.288E-02  4.198E-02  4.108E-02  4.020E-02  3.932E-02  3.845E-02  3.759E-02  3.674E-02  3.589E-02  3.506E-02  3.423E-02  3.341E-02  3.260E-02  3.180E-02  3.101E-02  3.023E-02  2.946E-02  2.870E-02  2.794E-02  2.720E-02  2.646E-02  2.573E-02  2.502E-02  2.431E-02  2.361E-02  2.292E-02  2.224E-02  2.157E-02  2.091E-02  2.026E-02  1.962E-02  1.899E-02  1.837E-02  1.776E-02  1.716E-02  1.657E-02  1.599E-02  1.542E-02  1.485E-02  1.430E-02  1.377E-02  1.324E-02  1.272E-02  1.221E-02  1.171E-02  1.122E-02  1.075E-02  1.028E-02  9.829E-03  9.385E-03  8.953E-03  8.532E-03  8.123E-03
  320.5000  6.341E-02  6.221E-02  6.103E-02  5.985E-02  5.869E-02  5.753E-02  5.638E-02  5.524E-02  5.412E-02  5.300E-02  5.189E-02  5.080E-02  4.971E-02  4.863E-02  4.756E-02  4.651E-02  4.546E-02  4.443E-02  4.340E-02  4.239E-02  4.139E-02  4.039E-02  3.941E-02  3.844E-02  3.748E-02  3.652E-02  3.559E-02  3.466E-02  3.374E-02  3.283E-02  3.194E-02  3.106E-02  3.018E-02  2.932E-02  2.847E-02  2.763E-02  2.681E-02  2.599E-02  2.519E-02  2.440E-02  2.362E-02  2.285E-02  2.209E-02  2.135E-02  2.062E-02  1.990E-02  1.919E-02  1.849E-02  1.781E-02  1.714E-02  1.648E-02  1.584E-02  1.520E-02  1.459E-02  1.398E-02  1.339E-02  1.281E-02  1.224E-02  1.169E-02  1.115E-02  1.062E-02
  321.5000  6.125E-02  6.020E-02  5.914E-02  5.810E-02  5.706E-02  5.603E-02  5.501E-02  5.399E-02  5.299E-02  5.199E-02  5.100E-02  5.001E-02  4.903E-02  4.806E-02  4.710E-02  4.615E-02  4.521E-02  4.427E-02  4.334E-02  4.242E-02  4.151E-02  4.060E-02  3.970E-02  3.881E-02  3.793E-02  3.706E-02  3.620E-02  3.534E-02  3.449E-02  3.366E-02  3.283E-02  3.201E-02  3.119E-02  3.039E-02  2.959E-02  2.880E-02  2.802E-02  2.726E-02  2.650E-02  2.574E-02  2.500E-02  2.427E-02  2.354E-02  2.283E-02  2.212E-02  2.143E-02  2.074E-02  2.006E-02  1.939E-02  1.874E-02  1.809E-02  1.745E-02  1.682E-02  1.620E-02  1.559E-02  1.499E-02  1.441E-02  1.383E-02  1.326E-02  1.271E-02  1.216E-02
  322.5000  5.593E-02  5.490E-02  5.387E-02  5.285E-02  5.184E-02  5.083E-02  4.984E-02  4.885E-02  4.787E-02  4.690E-02  4.594E-02  4.499E-02  4.404E-02  4.310E-02  4.217E-02  4.126E-02  4.035E-02  3.944E-02  3.855E-02  3.767E-02  3.679E-02  3.593E-02  3.507E-02  3.422E-02  3.338E-02  3.255E-02  3.173E-02  3.092E-02  3.012E-02  2.932E-02  2.854E-02  2.777E-02  2.700E-02  2.625E-02  2.550E-02  2.477E-02  2.404E-02  2.332E-02  2.262E-02  2.192E-02  2.123E-02  2.056E-02  1.989E-02  1.923E-02  1.859E-02  1.795E-02  1.732E-02  1.671E-02  1.611E-02  1.551E-02  1.493E-02  1.435E-02  1.379E-02  1.324E-02  1.270E-02  1.217E-02  1.165E-02  1.115E-02  1.065E-02  1.017E-02  9.700E-03
  323.5000  6.735E-02  6.623E-02  6.512E-02  6.402E-02  6.292E-02  6.183E-02  6.075E-02  5.967E-02  5.860E-02  5.755E-02  5.649E-02  5.545E-02  5.441E-02  5.338E-02  5.236E-02  5.135E-02  5.034E-02  4.934E-02  4.835E-02  4.736E-02  4.639E-02  4.543E-02  4.447E-02  4.352E-02  4.257E-02  4.164E-02  4.071E-02  3.980E-02  3.889E-02  3.798E-02  3.709E-02  3.621E-02  3.533E-02  3.446E-02  3.360E-02  3.275E-02  3.191E-02  3.108E-02  3.025E-02  2.944E-02  2.863E-02  2.783E-02  2.704E-02  2.626E-02  2.549E-02  2.473E-02  2.398E-02  2.323E-02  2.250E-02  2.178E-02  2.106E-02  2.035E-02  1.966E-02  1.897E-02  1.830E-02  1.763E-02  1.697E-02  1.633E-02  1.569E-02  1.507E-02  1.446E-02
  324.5000  7.866E-02  7.735E-02  7.604E-02  7.475E-02  7.346E-02  7.218E-02  7.091E-02  6.965E-02  6.839E-02  6.715E-02  6.592E-02  6.469E-02  6.347E-02  6.226E-02  6.106E-02  5.988E-02  5.870E-02  5.753E-02  5.636E-02  5.521E-02  5.407E-02  5.294E-02  5.181E-02  5.070E-02  4.959E-02  4.850E-02  4.741E-02  4.634E-02  4.527E-02  4.422E-02  4.317E-02  4.214E-02  4.111E-02  4.009E-02  3.909E-02  3.809E-02  3.711E-02  3.613E-02  3.517E-02  3.421E-02  3.327E-02  3.234E-02  3.141E-02  3.050E-02  2.960E-02  2.871E-02  2.783E-02  2.696E-02  2.611E-02  2.526E-02  2.442E-02  2.360E-02  2.279E-02  2.199E-02  2.120E-02  2.042E-02  1.966E-02  1.891E-02  1.817E-02  1.744E-02  1.673E-02
  325.5000  8.650E-02  8.503E-02  8.358E-02  8.213E-02  8.069E-02  7.927E-02  7.785E-02  7.644E-02  7.504E-02  7.366E-02  7.228E-02  7.091E-02  6.955E-02  6.821E-02  6.687E-02  6.555E-02  6.423E-02  6.293E-02  6.164E-02  6.035E-02  5.908E-02  5.782E-02  5.657E-02  5.533E-02  5.411E-02  5.289E-02  5.169E-02  5.049E-02  4.931E-02  4.814E-02  4.698E-02  4.583E-02  4.470E-02  4.357E-02  4.245E-02  4.135E-02  4.026E-02  3.919E-02  3.812E-02  3.706E-02  3.602E-02  3.499E-02  3.397E-02  3.297E-02  3.197E-02  3.099E-02  3.002E-02  2.906E-02  2.812E-02  2.719E-02  2.627E-02  2.537E-02  2.448E-02  2.360E-02  2.274E-02  2.189E-02  2.105E-02  2.023E-02  1.942E-02  1.862E-02  1.785E-02
  326.5000  1.162E-01  1.144E-01  1.126E-01  1.108E-01  1.090E-01  1.072E-01  1.055E-01  1.037E-01  1.020E-01  1.002E-01  9.852E-02  9.681E-02  9.511E-02  9.342E-02  9.175E-02  9.008E-02  8.843E-02  8.679E-02  8.516E-02  8.354E-02  8.193E-02  8.034E-02  7.875E-02  7.718E-02  7.562E-02  7.407E-02  7.254E-02  7.102E-02  6.951E-02  6.801E-02  6.652E-02  6.505E-02  6.359E-02  6.214E-02  6.070E-02  5.928E-02  5.787E-02  5.647E-02  5.508E-02  5.371E-02  5.235E-02  5.100E-02  4.966E-02  4.834E-02  4.703E-02  4.574E-02  4.445E-02  4.318E-02  4.193E-02  4.069E-02  3.946E-02  3.824E-02  3.704E-02  3.585E-02  3.468E-02  3.352E-02  3.237E-02  3.124E-02  3.013E-02  2.903E-02  2.795E-02
  327.5000  1.048E-01  1.031E-01  1.014E-01  9.978E-02  9.812E-02  9.647E-02  9.484E-02  9.321E-02  9.160E-02  9.000E-02  8.841E-02  8.683E-02  8.525E-02  8.369E-02  8.215E-02  8.061E-02  7.909E-02  7.757E-02  7.607E-02  7.458E-02  7.310E-02  7.163E-02  7.017E-02  6.873E-02  6.729E-02  6.587E-02  6.446E-02  6.306E-02  6.167E-02  6.030E-02  5.894E-02  5.759E-02  5.625E-02  5.492E-02  5.361E-02  5.230E-02  5.101E-02  4.974E-02  4.847E-02  4.722E-02  4.598E-02  4.475E-02  4.353E-02  4.233E-02  4.114E-02  3.996E-02  3.880E-02  3.765E-02  3.651E-02  3.539E-02  3.428E-02  3.318E-02  3.209E-02  3.102E-02  2.997E-02  2.893E-02  2.790E-02  2.688E-02  2.589E-02  2.490E-02  2.394E-02
  328.5000  9.698E-02  9.542E-02  9.387E-02  9.233E-02  9.080E-02  8.928E-02  8.776E-02  8.626E-02  8.477E-02  8.329E-02  8.181E-02  8.035E-02  7.890E-02  7.746E-02  7.602E-02  7.460E-02  7.319E-02  7.179E-02  7.040E-02  6.902E-02  6.765E-02  6.630E-02  6.495E-02  6.361E-02  6.228E-02  6.097E-02  5.966E-02  5.837E-02  5.709E-02  5.581E-02  5.455E-02  5.331E-02  5.207E-02  5.084E-02  4.962E-02  4.842E-02  4.722E-02  4.604E-02  4.487E-02  4.371E-02  4.256E-02  4.143E-02  4.030E-02  3.919E-02  3.809E-02  3.700E-02  3.592E-02  3.486E-02  3.381E-02  3.277E-02  3.174E-02  3.072E-02  2.972E-02  2.873E-02  2.775E-02  2.679E-02  2.584E-02  2.490E-02  2.397E-02  2.306E-02  2.217E-02
  329.5000  1.358E-01  1.337E-01  1.317E-01  1.297E-01  1.276E-01  1.256E-01  1.236E-01  1.217E-01  1.197E-01  1.177E-01  1.158E-01  1.138E-01  1.119E-01  1.100E-01  1.081E-01  1.062E-01  1.043E-01  1.025E-01  1.006E-01  9.879E-02  9.697E-02  9.516E-02  9.336E-02  9.157E-02  8.980E-02  8.804E-02  8.630E-02  8.456E-02  8.284E-02  8.113E-02  7.943E-02  7.776E-02  7.609E-02  7.443E-02  7.279E-02  7.116E-02  6.954E-02  6.794E-02  6.635E-02  6.477E-02  6.321E-02  6.166E-02  6.012E-02  5.861E-02  5.710E-02  5.560E-02  5.412E-02  5.265E-02  5.120E-02  4.976E-02  4.834E-02  4.693E-02  4.553E-02  4.415E-02  4.278E-02  4.143E-02  4.009E-02  3.877E-02  3.746E-02  3.617E-02  3.490E-02
  330.5000  1.197E-01  1.179E-01  1.160E-01  1.142E-01  1.124E-01  1.106E-01  1.087E-01  1.069E-01  1.052E-01  1.034E-01  1.016E-01  9.988E-02  9.814E-02  9.642E-02  9.470E-02  9.300E-02  9.131E-02  8.963E-02  8.796E-02  8.630E-02  8.466E-02  8.303E-02  8.141E-02  7.980E-02  7.820E-02  7.662E-02  7.505E-02  7.349E-02  7.194E-02  7.041E-02  6.888E-02  6.738E-02  6.588E-02  6.439E-02  6.292E-02  6.146E-02  6.001E-02  5.858E-02  5.716E-02  5.575E-02  5.436E-02  5.297E-02  5.160E-02  5.025E-02  4.891E-02  4.757E-02  4.626E-02  4.495E-02  4.367E-02  4.239E-02  4.112E-02  3.987E-02  3.864E-02  3.741E-02  3.621E-02  3.502E-02  3.384E-02  3.267E-02  3.152E-02  3.039E-02  2.927E-02
  331.5000  1.177E-01  1.159E-01  1.140E-01  1.122E-01  1.104E-01  1.086E-01  1.068E-01  1.050E-01  1.033E-01  1.015E-01  9.980E-02  9.807E-02  9.635E-02  9.464E-02  9.295E-02  9.127E-02  8.959E-02  8.793E-02  8.629E-02  8.465E-02  8.303E-02  8.142E-02  7.982E-02  7.823E-02  7.665E-02  7.509E-02  7.354E-02  7.200E-02  7.048E-02  6.896E-02  6.746E-02  6.597E-02  6.450E-02  6.303E-02  6.158E-02  6.014E-02  5.871E-02  5.731E-02  5.590E-02  5.452E-02  5.314E-02  5.178E-02  5.043E-02  4.909E-02  4.777E-02  4.646E-02  4.516E-02  4.388E-02  4.261E-02  4.136E-02  4.011E-02  3.888E-02  3.767E-02  3.646E-02  3.528E-02  3.411E-02  3.295E-02  3.181E-02  3.068E-02  2.956E-02  2.847E-02
  332.5000  1.225E-01  1.207E-01  1.189E-01  1.171E-01  1.153E-01  1.135E-01  1.117E-01  1.099E-01  1.082E-01  1.064E-01  1.047E-01  1.030E-01  1.012E-01  9.954E-02  9.785E-02  9.617E-02  9.450E-02  9.283E-02  9.118E-02  8.954E-02  8.792E-02  8.630E-02  8.469E-02  8.310E-02  8.152E-02  7.994E-02  7.839E-02  7.684E-02  7.530E-02  7.377E-02  7.225E-02  7.076E-02  6.926E-02  6.778E-02  6.631E-02  6.485E-02  6.341E-02  6.198E-02  6.055E-02  5.914E-02  5.774E-02  5.635E-02  5.498E-02  5.362E-02  5.227E-02  5.093E-02  4.960E-02  4.828E-02  4.698E-02  4.569E-02  4.441E-02  4.314E-02  4.188E-02  4.064E-02  3.941E-02  3.819E-02  3.699E-02  3.579E-02  3.461E-02  3.345E-02  3.230E-02
  333.5000  1.126E-01  1.109E-01  1.092E-01  1.075E-01  1.058E-01  1.041E-01  1.024E-01  1.008E-01  9.914E-02  9.750E-02  9.587E-02  9.426E-02  9.265E-02  9.105E-02  8.947E-02  8.790E-02  8.633E-02  8.478E-02  8.323E-02  8.170E-02  8.018E-02  7.867E-02  7.717E-02  7.568E-02  7.420E-02  7.273E-02  7.128E-02  6.983E-02  6.840E-02  6.697E-02  6.556E-02  6.416E-02  6.277E-02  6.140E-02  6.003E-02  5.867E-02  5.733E-02  5.600E-02  5.467E-02  5.336E-02  5.206E-02  5.078E-02  4.950E-02  4.824E-02  4.698E-02  4.574E-02  4.451E-02  4.329E-02  4.209E-02  4.090E-02  3.971E-02  3.854E-02  3.738E-02  3.624E-02  3.511E-02  3.399E-02  3.288E-02  3.178E-02  3.070E-02  2.963E-02  2.858E-02
  334.5000  1.274E-01  1.255E-01  1.236E-01  1.217E-01  1.198E-01  1.179E-01  1.161E-01  1.142E-01  1.124E-01  1.105E-01  1.087E-01  1.069E-01  1.051E-01  1.033E-01  1.015E-01  9.975E-02  9.800E-02  9.625E-02  9.452E-02  9.280E-02  9.109E-02  8.939E-02  8.771E-02  8.604E-02  8.437E-02  8.273E-02  8.109E-02  7.947E-02  7.786E-02  7.626E-02  7.467E-02  7.310E-02  7.154E-02  6.999E-02  6.845E-02  6.692E-02  6.541E-02  6.391E-02  6.242E-02  6.095E-02  5.948E-02  5.803E-02  5.660E-02  5.518E-02  5.376E-02  5.236E-02  5.098E-02  4.960E-02  4.825E-02  4.690E-02  4.556E-02  4.424E-02  4.293E-02  4.164E-02  4.036E-02  3.909E-02  3.784E-02  3.660E-02  3.537E-02  3.416E-02  3.297E-02
  335.5000  1.327E-01  1.307E-01  1.288E-01  1.269E-01  1.249E-01  1.230E-01  1.211E-01  1.192E-01  1.173E-01  1.155E-01  1.136E-01  1.118E-01  1.099E-01  1.081E-01  1.063E-01  1.045E-01  1.027E-01  1.009E-01  9.912E-02  9.736E-02  9.562E-02  9.388E-02  9.216E-02  9.045E-02  8.875E-02  8.706E-02  8.539E-02  8.373E-02  8.208E-02  8.044E-02  7.881E-02  7.720E-02  7.560E-02  7.401E-02  7.243E-02  7.086E-02  6.931E-02  6.777E-02  6.624E-02  6.473E-02  6.322E-02  6.173E-02  6.025E-02  5.878E-02  5.733E-02  5.589E-02  5.446E-02  5.304E-02  5.164E-02  5.024E-02  4.886E-02  4.750E-02  4.614E-02  4.480E-02  4.347E-02  4.216E-02  4.086E-02  3.957E-02  3.829E-02  3.703E-02  3.579E-02
  336.5000  1.031E-01  1.015E-01  1.000E-01  9.850E-02  9.699E-02  9.549E-02  9.400E-02  9.252E-02  9.105E-02  8.959E-02  8.813E-02  8.668E-02  8.524E-02  8.381E-02  8.239E-02  8.099E-02  7.958E-02  7.819E-02  7.681E-02  7.543E-02  7.407E-02  7.272E-02  7.137E-02  7.003E-02  6.871E-02  6.739E-02  6.609E-02  6.479E-02  6.350E-02  6.222E-02  6.095E-02  5.969E-02  5.844E-02  5.720E-02  5.597E-02  5.475E-02  5.354E-02  5.234E-02  5.114E-02  4.996E-02  4.879E-02  4.763E-02  4.647E-02  4.533E-02  4.420E-02  4.307E-02  4.196E-02  4.086E-02  3.977E-02  3.868E-02  3.761E-02  3.654E-02  3.549E-02  3.445E-02  3.342E-02  3.239E-02  3.138E-02  3.038E-02  2.939E-02  2.841E-02  2.744E-02
  337.5000  1.112E-01  1.095E-01  1.079E-01  1.062E-01  1.046E-01  1.029E-01  1.013E-01  9.966E-02  9.804E-02  9.644E-02  9.484E-02  9.326E-02  9.168E-02  9.012E-02  8.856E-02  8.702E-02  8.549E-02  8.396E-02  8.245E-02  8.095E-02  7.946E-02  7.798E-02  7.650E-02  7.504E-02  7.359E-02  7.215E-02  7.073E-02  6.931E-02  6.790E-02  6.650E-02  6.512E-02  6.375E-02  6.238E-02  6.103E-02  5.969E-02  5.835E-02  5.703E-02  5.573E-02  5.443E-02  5.314E-02  5.187E-02  5.060E-02  4.935E-02  4.811E-02  4.688E-02  4.565E-02  4.444E-02  4.325E-02  4.206E-02  4.089E-02  3.972E-02  3.857E-02  3.743E-02  3.630E-02  3.519E-02  3.408E-02  3.299E-02  3.191E-02  3.084E-02  2.978E-02  2.874E-02
  338.5000  1.207E-01  1.190E-01  1.172E-01  1.154E-01  1.137E-01  1.119E-01  1.102E-01  1.085E-01  1.067E-01  1.051E-01  1.034E-01  1.017E-01  1.000E-01  9.833E-02  9.668E-02  9.504E-02  9.341E-02  9.179E-02  9.018E-02  8.858E-02  8.699E-02  8.542E-02  8.385E-02  8.229E-02  8.075E-02  7.921E-02  7.769E-02  7.618E-02  7.468E-02  7.319E-02  7.171E-02  7.024E-02  6.879E-02  6.734E-02  6.591E-02  6.448E-02  6.307E-02  6.167E-02  6.028E-02  5.890E-02  5.754E-02  5.618E-02  5.484E-02  5.351E-02  5.218E-02  5.087E-02  4.957E-02  4.828E-02  4.701E-02  4.574E-02  4.449E-02  4.325E-02  4.202E-02  4.080E-02  3.959E-02  3.840E-02  3.721E-02  3.604E-02  3.488E-02  3.374E-02  3.261E-02
  339.5000  1.319E-01  1.299E-01  1.280E-01  1.261E-01  1.242E-01  1.223E-01  1.204E-01  1.185E-01  1.166E-01  1.148E-01  1.129E-01  1.111E-01  1.093E-01  1.075E-01  1.057E-01  1.039E-01  1.021E-01  1.003E-01  9.857E-02  9.683E-02  9.510E-02  9.339E-02  9.168E-02  8.998E-02  8.830E-02  8.663E-02  8.497E-02  8.332E-02  8.169E-02  8.006E-02  7.845E-02  7.685E-02  7.527E-02  7.369E-02  7.213E-02  7.058E-02  6.904E-02  6.751E-02  6.600E-02  6.450E-02  6.301E-02  6.153E-02  6.006E-02  5.861E-02  5.717E-02  5.574E-02  5.432E-02  5.292E-02  5.153E-02  5.015E-02  4.878E-02  4.743E-02  4.608E-02  4.475E-02  4.344E-02  4.214E-02  4.084E-02  3.957E-02  3.830E-02  3.705E-02  3.581E-02
  340.5000  1.397E-01  1.377E-01  1.356E-01  1.335E-01  1.315E-01  1.295E-01  1.275E-01  1.254E-01  1.234E-01  1.215E-01  1.195E-01  1.175E-01  1.156E-01  1.136E-01  1.117E-01  1.098E-01  1.079E-01  1.060E-01  1.042E-01  1.023E-01  1.004E-01  9.861E-02  9.679E-02  9.498E-02  9.318E-02  9.140E-02  8.963E-02  8.787E-02  8.613E-02  8.439E-02  8.267E-02  8.097E-02  7.928E-02  7.760E-02  7.593E-02  7.428E-02  7.264E-02  7.102E-02  6.940E-02  6.780E-02  6.621E-02  6.464E-02  6.308E-02  6.154E-02  6.000E-02  5.848E-02  5.697E-02  5.548E-02  5.400E-02  5.254E-02  5.108E-02  4.964E-02  4.822E-02  4.681E-02  4.541E-02  4.403E-02  4.266E-02  4.130E-02  3.996E-02  3.863E-02  3.733E-02
  341.5000  1.260E-01  1.241E-01  1.223E-01  1.204E-01  1.186E-01  1.168E-01  1.150E-01  1.132E-01  1.114E-01  1.097E-01  1.079E-01  1.062E-01  1.044E-01  1.027E-01  1.010E-01  9.929E-02  9.760E-02  9.591E-02  9.424E-02  9.258E-02  9.093E-02  8.929E-02  8.767E-02  8.605E-02  8.445E-02  8.285E-02  8.127E-02  7.970E-02  7.814E-02  7.660E-02  7.506E-02  7.354E-02  7.203E-02  7.053E-02  6.904E-02  6.756E-02  6.609E-02  6.464E-02  6.320E-02  6.176E-02  6.034E-02  5.893E-02  5.754E-02  5.615E-02  5.478E-02  5.342E-02  5.207E-02  5.073E-02  4.940E-02  4.809E-02  4.678E-02  4.549E-02  4.421E-02  4.294E-02  4.169E-02  4.045E-02  3.922E-02  3.800E-02  3.679E-02  3.559E-02  3.441E-02
  342.5000  1.400E-01  1.380E-01  1.359E-01  1.339E-01  1.319E-01  1.299E-01  1.279E-01  1.259E-01  1.239E-01  1.220E-01  1.200E-01  1.181E-01  1.161E-01  1.142E-01  1.123E-01  1.104E-01  1.086E-01  1.067E-01  1.048E-01  1.030E-01  1.012E-01  9.934E-02  9.753E-02  9.574E-02  9.396E-02  9.219E-02  9.044E-02  8.869E-02  8.696E-02  8.524E-02  8.354E-02  8.185E-02  8.017E-02  7.850E-02  7.685E-02  7.521E-02  7.358E-02  7.197E-02  7.037E-02  6.878E-02  6.720E-02  6.564E-02  6.409E-02  6.255E-02  6.103E-02  5.951E-02  5.801E-02  5.653E-02  5.506E-02  5.360E-02  5.215E-02  5.071E-02  4.929E-02  4.788E-02  4.649E-02  4.511E-02  4.374E-02  4.239E-02  4.105E-02  3.972E-02  3.841E-02
  343.5000  1.449E-01  1.428E-01  1.407E-01  1.386E-01  1.365E-01  1.344E-01  1.323E-01  1.302E-01  1.282E-01  1.261E-01  1.241E-01  1.221E-01  1.201E-01  1.181E-01  1.161E-01  1.141E-01  1.122E-01  1.103E-01  1.083E-01  1.064E-01  1.045E-01  1.026E-01  1.007E-01  9.888E-02  9.703E-02  9.519E-02  9.338E-02  9.156E-02  8.977E-02  8.798E-02  8.621E-02  8.446E-02  8.272E-02  8.099E-02  7.927E-02  7.757E-02  7.588E-02  7.421E-02  7.254E-02  7.089E-02  6.926E-02  6.764E-02  6.603E-02  6.444E-02  6.285E-02  6.129E-02  5.973E-02  5.819E-02  5.667E-02  5.515E-02  5.365E-02  5.217E-02  5.069E-02  4.923E-02  4.779E-02  4.636E-02  4.495E-02  4.354E-02  4.215E-02  4.078E-02  3.943E-02
  344.5000  1.011E-01  9.965E-02  9.816E-02  9.668E-02  9.521E-02  9.375E-02  9.229E-02  9.084E-02  8.940E-02  8.797E-02  8.655E-02  8.513E-02  8.373E-02  8.233E-02  8.094E-02  7.957E-02  7.820E-02  7.684E-02  7.548E-02  7.414E-02  7.281E-02  7.149E-02  7.017E-02  6.887E-02  6.757E-02  6.628E-02  6.501E-02  6.374E-02  6.248E-02  6.123E-02  5.999E-02  5.876E-02  5.754E-02  5.633E-02  5.513E-02  5.393E-02  5.275E-02  5.158E-02  5.042E-02  4.926E-02  4.812E-02  4.698E-02  4.586E-02  4.474E-02  4.364E-02  4.254E-02  4.145E-02  4.038E-02  3.931E-02  3.825E-02  3.720E-02  3.617E-02  3.514E-02  3.412E-02  3.311E-02  3.211E-02  3.112E-02  3.014E-02  2.917E-02  2.821E-02  2.727E-02
  345.5000  1.406E-01  1.385E-01  1.365E-01  1.344E-01  1.324E-01  1.304E-01  1.284E-01  1.264E-01  1.244E-01  1.225E-01  1.205E-01  1.186E-01  1.166E-01  1.147E-01  1.128E-01  1.109E-01  1.090E-01  1.071E-01  1.053E-01  1.034E-01  1.016E-01  9.979E-02  9.798E-02  9.618E-02  9.439E-02  9.262E-02  9.087E-02  8.912E-02  8.739E-02  8.566E-02  8.396E-02  8.226E-02  8.058E-02  7.891E-02  7.725E-02  7.561E-02  7.398E-02  7.237E-02  7.076E-02  6.917E-02  6.759E-02  6.602E-02  6.447E-02  6.293E-02  6.141E-02  5.989E-02  5.839E-02  5.690E-02  5.543E-02  5.396E-02  5.251E-02  5.108E-02  4.965E-02  4.824E-02  4.685E-02  4.546E-02  4.409E-02  4.273E-02  4.139E-02  4.006E-02  3.875E-02
  346.5000  1.306E-01  1.287E-01  1.267E-01  1.248E-01  1.229E-01  1.211E-01  1.192E-01  1.173E-01  1.155E-01  1.136E-01  1.118E-01  1.100E-01  1.082E-01  1.064E-01  1.046E-01  1.028E-01  1.011E-01  9.931E-02  9.757E-02  9.584E-02  9.413E-02  9.242E-02  9.073E-02  8.905E-02  8.738E-02  8.572E-02  8.408E-02  8.245E-02  8.083E-02  7.922E-02  7.763E-02  7.605E-02  7.448E-02  7.292E-02  7.137E-02  6.983E-02  6.831E-02  6.681E-02  6.531E-02  6.382E-02  6.235E-02  6.089E-02  5.944E-02  5.801E-02  5.658E-02  5.517E-02  5.377E-02  5.238E-02  5.101E-02  4.965E-02  4.830E-02  4.696E-02  4.563E-02  4.432E-02  4.302E-02  4.174E-02  4.046E-02  3.920E-02  3.795E-02  3.671E-02  3.549E-02
  347.5000  1.278E-01  1.259E-01  1.241E-01  1.222E-01  1.204E-01  1.185E-01  1.167E-01  1.149E-01  1.130E-01  1.112E-01  1.095E-01  1.077E-01  1.059E-01  1.041E-01  1.024E-01  1.007E-01  9.894E-02  9.723E-02  9.553E-02  9.384E-02  9.216E-02  9.049E-02  8.884E-02  8.719E-02  8.556E-02  8.394E-02  8.233E-02  8.074E-02  7.915E-02  7.758E-02  7.601E-02  7.447E-02  7.293E-02  7.141E-02  6.989E-02  6.839E-02  6.690E-02  6.543E-02  6.396E-02  6.251E-02  6.107E-02  5.964E-02  5.822E-02  5.682E-02  5.542E-02  5.404E-02  5.267E-02  5.131E-02  4.997E-02  4.864E-02  4.732E-02  4.601E-02  4.471E-02  4.343E-02  4.216E-02  4.090E-02  3.965E-02  3.842E-02  3.719E-02  3.598E-02  3.479E-02
  348.5000  1.410E-01  1.390E-01  1.369E-01  1.348E-01  1.328E-01  1.308E-01  1.288E-01  1.267E-01  1.248E-01  1.228E-01  1.208E-01  1.188E-01  1.169E-01  1.150E-01  1.130E-01  1.111E-01  1.092E-01  1.073E-01  1.055E-01  1.036E-01  1.018E-01  9.992E-02  9.810E-02  9.629E-02  9.449E-02  9.270E-02  9.094E-02  8.918E-02  8.743E-02  8.570E-02  8.398E-02  8.228E-02  8.058E-02  7.890E-02  7.723E-02  7.558E-02  7.394E-02  7.232E-02  7.070E-02  6.910E-02  6.751E-02  6.594E-02  6.438E-02  6.283E-02  6.130E-02  5.978E-02  5.827E-02  5.677E-02  5.529E-02  5.383E-02  5.237E-02  5.093E-02  4.950E-02  4.808E-02  4.668E-02  4.530E-02  4.392E-02  4.256E-02  4.121E-02  3.988E-02  3.856E-02
  349.5000  1.183E-01  1.165E-01  1.148E-01  1.131E-01  1.114E-01  1.097E-01  1.080E-01  1.063E-01  1.046E-01  1.029E-01  1.013E-01  9.964E-02  9.800E-02  9.638E-02  9.476E-02  9.316E-02  9.157E-02  8.998E-02  8.841E-02  8.685E-02  8.530E-02  8.376E-02  8.223E-02  8.071E-02  7.920E-02  7.770E-02  7.622E-02  7.475E-02  7.328E-02  7.183E-02  7.038E-02  6.896E-02  6.754E-02  6.613E-02  6.473E-02  6.334E-02  6.196E-02  6.060E-02  5.925E-02  5.791E-02  5.657E-02  5.525E-02  5.394E-02  5.265E-02  5.136E-02  5.009E-02  4.882E-02  4.757E-02  4.633E-02  4.510E-02  4.388E-02  4.267E-02  4.147E-02  4.028E-02  3.911E-02  3.795E-02  3.679E-02  3.565E-02  3.452E-02  3.340E-02  3.230E-02
  350.5000  1.658E-01  1.634E-01  1.610E-01  1.586E-01  1.562E-01  1.538E-01  1.514E-01  1.490E-01  1.467E-01  1.444E-01  1.420E-01  1.397E-01  1.374E-01  1.352E-01  1.329E-01  1.307E-01  1.284E-01  1.262E-01  1.240E-01  1.218E-01  1.196E-01  1.175E-01  1.153E-01  1.132E-01  1.111E-01  1.090E-01  1.069E-01  1.048E-01  1.028E-01  1.007E-01  9.872E-02  9.671E-02  9.472E-02  9.275E-02  9.079E-02  8.884E-02  8.691E-02  8.500E-02  8.311E-02  8.122E-02  7.936E-02  7.751E-02  7.567E-02  7.386E-02  7.205E-02  7.026E-02  6.849E-02  6.673E-02  6.500E-02  6.327E-02  6.156E-02  5.987E-02  5.819E-02  5.652E-02  5.488E-02  5.325E-02  5.163E-02  5.003E-02  4.845E-02  4.688E-02  4.534E-02
  351.5000  1.429E-01  1.408E-01  1.387E-01  1.366E-01  1.346E-01  1.325E-01  1.305E-01  1.284E-01  1.264E-01  1.244E-01  1.224E-01  1.204E-01  1.184E-01  1.164E-01  1.145E-01  1.126E-01  1.106E-01  1.087E-01  1.068E-01  1.049E-01  1.030E-01  1.012E-01  9.933E-02  9.749E-02  9.566E-02  9.385E-02  9.206E-02  9.027E-02  8.850E-02  8.674E-02  8.500E-02  8.327E-02  8.155E-02  7.985E-02  7.816E-02  7.648E-02  7.482E-02  7.317E-02  7.154E-02  6.991E-02  6.830E-02  6.671E-02  6.512E-02  6.356E-02  6.200E-02  6.046E-02  5.893E-02  5.742E-02  5.592E-02  5.444E-02  5.296E-02  5.150E-02  5.005E-02  4.862E-02  4.721E-02  4.580E-02  4.441E-02  4.303E-02  4.166E-02  4.031E-02  3.898E-02
  352.5000  1.291E-01  1.272E-01  1.253E-01  1.235E-01  1.216E-01  1.197E-01  1.179E-01  1.160E-01  1.142E-01  1.124E-01  1.106E-01  1.088E-01  1.070E-01  1.052E-01  1.035E-01  1.017E-01  9.997E-02  9.824E-02  9.652E-02  9.481E-02  9.312E-02  9.143E-02  8.976E-02  8.810E-02  8.645E-02  8.482E-02  8.320E-02  8.159E-02  7.999E-02  7.840E-02  7.682E-02  7.526E-02  7.371E-02  7.217E-02  7.064E-02  6.913E-02  6.763E-02  6.614E-02  6.466E-02  6.320E-02  6.174E-02  6.030E-02  5.887E-02  5.746E-02  5.606E-02  5.467E-02  5.329E-02  5.192E-02  5.057E-02  4.922E-02  4.789E-02  4.657E-02  4.527E-02  4.397E-02  4.269E-02  4.142E-02  4.017E-02  3.892E-02  3.769E-02  3.647E-02  3.527E-02
  353.5000  1.558E-01  1.535E-01  1.512E-01  1.490E-01  1.467E-01  1.445E-01  1.423E-01  1.400E-01  1.378E-01  1.356E-01  1.335E-01  1.313E-01  1.291E-01  1.270E-01  1.249E-01  1.228E-01  1.207E-01  1.186E-01  1.165E-01  1.144E-01  1.124E-01  1.104E-01  1.084E-01  1.064E-01  1.044E-01  1.024E-01  1.004E-01  9.849E-02  9.656E-02  9.465E-02  9.275E-02  9.087E-02  8.900E-02  8.714E-02  8.530E-02  8.347E-02  8.166E-02  7.987E-02  7.809E-02  7.632E-02  7.457E-02  7.283E-02  7.111E-02  6.941E-02  6.771E-02  6.604E-02  6.437E-02  6.272E-02  6.109E-02  5.947E-02  5.787E-02  5.628E-02  5.470E-02  5.314E-02  5.160E-02  5.007E-02  4.856E-02  4.706E-02  4.557E-02  4.410E-02  4.265E-02
  354.5000  1.690E-01  1.665E-01  1.640E-01  1.616E-01  1.591E-01  1.567E-01  1.543E-01  1.519E-01  1.495E-01  1.471E-01  1.448E-01  1.424E-01  1.401E-01  1.378E-01  1.355E-01  1.332E-01  1.309E-01  1.286E-01  1.264E-01  1.241E-01  1.219E-01  1.197E-01  1.176E-01  1.154E-01  1.132E-01  1.111E-01  1.090E-01  1.069E-01  1.048E-01  1.027E-01  1.006E-01  9.860E-02  9.657E-02  9.456E-02  9.256E-02  9.058E-02  8.862E-02  8.668E-02  8.475E-02  8.283E-02  8.093E-02  7.905E-02  7.718E-02  7.534E-02  7.350E-02  7.169E-02  6.988E-02  6.810E-02  6.633E-02  6.457E-02  6.284E-02  6.111E-02  5.940E-02  5.771E-02  5.604E-02  5.438E-02  5.274E-02  5.111E-02  4.950E-02  4.791E-02  4.634E-02
  355.5000  1.581E-01  1.558E-01  1.535E-01  1.512E-01  1.489E-01  1.466E-01  1.443E-01  1.421E-01  1.399E-01  1.376E-01  1.354E-01  1.332E-01  1.310E-01  1.289E-01  1.267E-01  1.246E-01  1.224E-01  1.203E-01  1.182E-01  1.161E-01  1.141E-01  1.120E-01  1.100E-01  1.079E-01  1.059E-01  1.039E-01  1.019E-01  9.996E-02  9.800E-02  9.606E-02  9.413E-02  9.222E-02  9.033E-02  8.845E-02  8.658E-02  8.473E-02  8.289E-02  8.107E-02  7.927E-02  7.747E-02  7.570E-02  7.394E-02  7.219E-02  7.046E-02  6.875E-02  6.705E-02  6.536E-02  6.369E-02  6.204E-02  6.040E-02  5.877E-02  5.716E-02  5.556E-02  5.398E-02  5.242E-02  5.087E-02  4.933E-02  4.781E-02  4.630E-02  4.481E-02  4.334E-02
  356.5000  1.469E-01  1.447E-01  1.425E-01  1.404E-01  1.383E-01  1.362E-01  1.341E-01  1.320E-01  1.299E-01  1.278E-01  1.258E-01  1.237E-01  1.217E-01  1.197E-01  1.177E-01  1.157E-01  1.137E-01  1.117E-01  1.098E-01  1.078E-01  1.059E-01  1.040E-01  1.021E-01  1.002E-01  9.835E-02  9.649E-02  9.465E-02  9.282E-02  9.100E-02  8.919E-02  8.740E-02  8.563E-02  8.387E-02  8.212E-02  8.039E-02  7.867E-02  7.696E-02  7.527E-02  7.359E-02  7.193E-02  7.028E-02  6.864E-02  6.702E-02  6.542E-02  6.383E-02  6.225E-02  6.068E-02  5.913E-02  5.759E-02  5.607E-02  5.456E-02  5.306E-02  5.158E-02  5.011E-02  4.866E-02  4.722E-02  4.580E-02  4.438E-02  4.299E-02  4.160E-02  4.024E-02
  357.5000  1.250E-01  1.231E-01  1.213E-01  1.195E-01  1.177E-01  1.159E-01  1.141E-01  1.123E-01  1.105E-01  1.088E-01  1.070E-01  1.053E-01  1.035E-01  1.018E-01  1.001E-01  9.843E-02  9.674E-02  9.507E-02  9.340E-02  9.175E-02  9.011E-02  8.849E-02  8.687E-02  8.526E-02  8.366E-02  8.208E-02  8.051E-02  7.895E-02  7.741E-02  7.587E-02  7.435E-02  7.284E-02  7.134E-02  6.985E-02  6.837E-02  6.691E-02  6.546E-02  6.402E-02  6.259E-02  6.118E-02  5.977E-02  5.838E-02  5.700E-02  5.563E-02  5.428E-02  5.293E-02  5.160E-02  5.028E-02  4.898E-02  4.768E-02  4.639E-02  4.512E-02  4.386E-02  4.261E-02  4.138E-02  4.015E-02  3.894E-02  3.774E-02  3.655E-02  3.537E-02  3.421E-02
  358.5000  9.659E-02  9.516E-02  9.375E-02  9.235E-02  9.095E-02  8.955E-02  8.817E-02  8.679E-02  8.542E-02  8.407E-02  8.271E-02  8.137E-02  8.003E-02  7.870E-02  7.738E-02  7.608E-02  7.477E-02  7.348E-02  7.219E-02  7.091E-02  6.965E-02  6.839E-02  6.714E-02  6.590E-02  6.467E-02  6.344E-02  6.223E-02  6.103E-02  5.983E-02  5.864E-02  5.746E-02  5.630E-02  5.514E-02  5.399E-02  5.285E-02  5.172E-02  5.059E-02  4.949E-02  4.838E-02  4.729E-02  4.620E-02  4.513E-02  4.406E-02  4.301E-02  4.196E-02  4.092E-02  3.989E-02  3.887E-02  3.786E-02  3.686E-02  3.587E-02  3.489E-02  3.391E-02  3.295E-02  3.199E-02  3.105E-02  3.011E-02  2.918E-02  2.826E-02  2.736E-02  2.646E-02
  359.5000  1.627E-01  1.603E-01  1.579E-01  1.556E-01  1.532E-01  1.509E-01  1.485E-01  1.462E-01  1.439E-01  1.416E-01  1.393E-01  1.371E-01  1.348E-01  1.326E-01  1.303E-01  1.281E-01  1.259E-01  1.238E-01  1.216E-01  1.194E-01  1.173E-01  1.152E-01  1.131E-01  1.110E-01  1.089E-01  1.068E-01  1.048E-01  1.028E-01  1.008E-01  9.876E-02  9.678E-02  9.481E-02  9.286E-02  9.092E-02  8.900E-02  8.709E-02  8.520E-02  8.333E-02  8.147E-02  7.963E-02  7.780E-02  7.599E-02  7.419E-02  7.242E-02  7.065E-02  6.891E-02  6.717E-02  6.545E-02  6.376E-02  6.207E-02  6.040E-02  5.874E-02  5.710E-02  5.548E-02  5.387E-02  5.228E-02  5.070E-02  4.914E-02  4.759E-02  4.606E-02  4.455E-02
  360.5000  1.510E-01  1.487E-01  1.465E-01  1.443E-01  1.421E-01  1.400E-01  1.378E-01  1.356E-01  1.335E-01  1.314E-01  1.293E-01  1.272E-01  1.251E-01  1.230E-01  1.209E-01  1.189E-01  1.168E-01  1.148E-01  1.128E-01  1.108E-01  1.088E-01  1.069E-01  1.049E-01  1.030E-01  1.010E-01  9.912E-02  9.723E-02  9.534E-02  9.347E-02  9.161E-02  8.977E-02  8.795E-02  8.614E-02  8.434E-02  8.256E-02  8.079E-02  7.903E-02  7.730E-02  7.557E-02  7.386E-02  7.217E-02  7.049E-02  6.882E-02  6.717E-02  6.554E-02  6.391E-02  6.230E-02  6.071E-02  5.914E-02  5.757E-02  5.602E-02  5.449E-02  5.297E-02  5.146E-02  4.997E-02  4.849E-02  4.703E-02  4.558E-02  4.415E-02  4.273E-02  4.133E-02
  361.5000  1.363E-01  1.343E-01  1.323E-01  1.303E-01  1.283E-01  1.264E-01  1.244E-01  1.225E-01  1.205E-01  1.186E-01  1.167E-01  1.148E-01  1.129E-01  1.110E-01  1.092E-01  1.073E-01  1.055E-01  1.037E-01  1.018E-01  1.000E-01  9.825E-02  9.647E-02  9.470E-02  9.295E-02  9.121E-02  8.948E-02  8.777E-02  8.607E-02  8.438E-02  8.270E-02  8.104E-02  7.940E-02  7.776E-02  7.614E-02  7.453E-02  7.293E-02  7.135E-02  6.978E-02  6.822E-02  6.668E-02  6.515E-02  6.363E-02  6.213E-02  6.064E-02  5.916E-02  5.770E-02  5.625E-02  5.481E-02  5.339E-02  5.198E-02  5.058E-02  4.919E-02  4.782E-02  4.646E-02  4.512E-02  4.379E-02  4.247E-02  4.116E-02  3.986E-02  3.858E-02  3.732E-02
  362.5000  1.602E-01  1.579E-01  1.555E-01  1.532E-01  1.509E-01  1.486E-01  1.463E-01  1.440E-01  1.417E-01  1.394E-01  1.372E-01  1.350E-01  1.327E-01  1.305E-01  1.283E-01  1.262E-01  1.240E-01  1.219E-01  1.197E-01  1.176E-01  1.155E-01  1.134E-01  1.113E-01  1.093E-01  1.072E-01  1.052E-01  1.032E-01  1.012E-01  9.919E-02  9.722E-02  9.526E-02  9.333E-02  9.141E-02  8.950E-02  8.760E-02  8.573E-02  8.387E-02  8.203E-02  8.020E-02  7.838E-02  7.658E-02  7.480E-02  7.303E-02  7.128E-02  6.955E-02  6.783E-02  6.612E-02  6.443E-02  6.276E-02  6.110E-02  5.946E-02  5.783E-02  5.622E-02  5.462E-02  5.304E-02  5.147E-02  4.992E-02  4.839E-02  4.686E-02  4.536E-02  4.388E-02
  363.5000  1.427E-01  1.406E-01  1.385E-01  1.364E-01  1.343E-01  1.323E-01  1.302E-01  1.282E-01  1.262E-01  1.242E-01  1.222E-01  1.202E-01  1.182E-01  1.162E-01  1.143E-01  1.123E-01  1.104E-01  1.085E-01  1.066E-01  1.047E-01  1.028E-01  1.010E-01  9.912E-02  9.728E-02  9.546E-02  9.365E-02  9.186E-02  9.008E-02  8.831E-02  8.655E-02  8.481E-02  8.309E-02  8.138E-02  7.968E-02  7.799E-02  7.632E-02  7.466E-02  7.302E-02  7.139E-02  6.978E-02  6.817E-02  6.658E-02  6.501E-02  6.346E-02  6.191E-02  6.038E-02  5.886E-02  5.735E-02  5.587E-02  5.439E-02  5.293E-02  5.148E-02  5.004E-02  4.862E-02  4.722E-02  4.582E-02  4.444E-02  4.307E-02  4.172E-02  4.038E-02  3.906E-02
  364.5000  1.558E-01  1.535E-01  1.512E-01  1.489E-01  1.467E-01  1.444E-01  1.422E-01  1.400E-01  1.377E-01  1.356E-01  1.334E-01  1.312E-01  1.290E-01  1.269E-01  1.247E-01  1.226E-01  1.205E-01  1.184E-01  1.164E-01  1.143E-01  1.123E-01  1.102E-01  1.082E-01  1.062E-01  1.042E-01  1.022E-01  1.003E-01  9.832E-02  9.638E-02  9.447E-02  9.257E-02  9.068E-02  8.881E-02  8.696E-02  8.511E-02  8.329E-02  8.148E-02  7.969E-02  7.791E-02  7.614E-02  7.440E-02  7.266E-02  7.094E-02  6.924E-02  6.756E-02  6.588E-02  6.423E-02  6.258E-02  6.096E-02  5.935E-02  5.775E-02  5.617E-02  5.460E-02  5.305E-02  5.152E-02  5.000E-02  4.849E-02  4.700E-02  4.552E-02  4.406E-02  4.262E-02
  365.5000  1.900E-01  1.872E-01  1.844E-01  1.816E-01  1.788E-01  1.761E-01  1.734E-01  1.707E-01  1.680E-01  1.653E-01  1.626E-01  1.600E-01  1.573E-01  1.547E-01  1.521E-01  1.495E-01  1.470E-01  1.444E-01  1.419E-01  1.393E-01  1.369E-01  1.344E-01  1.319E-01  1.295E-01  1.270E-01  1.246E-01  1.222E-01  1.198E-01  1.175E-01  1.152E-01  1.128E-01  1.105E-01  1.083E-01  1.060E-01  1.037E-01  1.015E-01  9.931E-02  9.713E-02  9.496E-02  9.280E-02  9.067E-02  8.855E-02  8.646E-02  8.439E-02  8.233E-02  8.029E-02  7.827E-02  7.627E-02  7.429E-02  7.232E-02  7.038E-02  6.845E-02  6.654E-02  6.464E-02  6.278E-02  6.092E-02  5.908E-02  5.727E-02  5.547E-02  5.368E-02  5.193E-02
  366.5000  2.013E-01  1.983E-01  1.954E-01  1.924E-01  1.895E-01  1.866E-01  1.837E-01  1.808E-01  1.780E-01  1.751E-01  1.723E-01  1.695E-01  1.667E-01  1.639E-01  1.612E-01  1.584E-01  1.557E-01  1.530E-01  1.503E-01  1.476E-01  1.450E-01  1.424E-01  1.397E-01  1.371E-01  1.346E-01  1.320E-01  1.295E-01  1.270E-01  1.245E-01  1.220E-01  1.195E-01  1.171E-01  1.147E-01  1.123E-01  1.099E-01  1.075E-01  1.052E-01  1.029E-01  1.006E-01  9.831E-02  9.605E-02  9.381E-02  9.159E-02  8.940E-02  8.721E-02  8.505E-02  8.291E-02  8.079E-02  7.870E-02  7.661E-02  7.455E-02  7.251E-02  7.049E-02  6.848E-02  6.650E-02  6.454E-02  6.259E-02  6.067E-02  5.876E-02  5.688E-02  5.502E-02
  367.5000  1.913E-01  1.885E-01  1.857E-01  1.829E-01  1.801E-01  1.774E-01  1.746E-01  1.719E-01  1.692E-01  1.665E-01  1.638E-01  1.611E-01  1.584E-01  1.558E-01  1.532E-01  1.506E-01  1.480E-01  1.454E-01  1.429E-01  1.403E-01  1.378E-01  1.353E-01  1.328E-01  1.304E-01  1.279E-01  1.255E-01  1.231E-01  1.207E-01  1.183E-01  1.159E-01  1.136E-01  1.113E-01  1.090E-01  1.067E-01  1.045E-01  1.022E-01  9.999E-02  9.779E-02  9.560E-02  9.343E-02  9.128E-02  8.916E-02  8.704E-02  8.496E-02  8.289E-02  8.083E-02  7.880E-02  7.678E-02  7.479E-02  7.281E-02  7.085E-02  6.891E-02  6.699E-02  6.509E-02  6.321E-02  6.134E-02  5.949E-02  5.766E-02  5.585E-02  5.406E-02  5.229E-02
  368.5000  1.682E-01  1.658E-01  1.633E-01  1.608E-01  1.584E-01  1.560E-01  1.535E-01  1.511E-01  1.487E-01  1.464E-01  1.440E-01  1.416E-01  1.393E-01  1.370E-01  1.347E-01  1.324E-01  1.301E-01  1.279E-01  1.256E-01  1.234E-01  1.212E-01  1.190E-01  1.168E-01  1.146E-01  1.124E-01  1.103E-01  1.082E-01  1.061E-01  1.040E-01  1.019E-01  9.987E-02  9.784E-02  9.581E-02  9.381E-02  9.182E-02  8.984E-02  8.789E-02  8.595E-02  8.403E-02  8.213E-02  8.024E-02  7.836E-02  7.651E-02  7.467E-02  7.285E-02  7.105E-02  6.926E-02  6.749E-02  6.574E-02  6.400E-02  6.227E-02  6.057E-02  5.888E-02  5.720E-02  5.555E-02  5.391E-02  5.229E-02  5.068E-02  4.909E-02  4.751E-02  4.596E-02
  369.5000  2.020E-01  1.990E-01  1.961E-01  1.931E-01  1.902E-01  1.872E-01  1.843E-01  1.815E-01  1.786E-01  1.757E-01  1.729E-01  1.701E-01  1.673E-01  1.645E-01  1.617E-01  1.589E-01  1.562E-01  1.535E-01  1.508E-01  1.481E-01  1.455E-01  1.428E-01  1.402E-01  1.376E-01  1.350E-01  1.324E-01  1.299E-01  1.274E-01  1.248E-01  1.224E-01  1.199E-01  1.174E-01  1.150E-01  1.126E-01  1.102E-01  1.078E-01  1.055E-01  1.032E-01  1.009E-01  9.857E-02  9.630E-02  9.405E-02  9.182E-02  8.962E-02  8.744E-02  8.527E-02  8.312E-02  8.099E-02  7.889E-02  7.680E-02  7.474E-02  7.269E-02  7.066E-02  6.865E-02  6.667E-02  6.470E-02  6.275E-02  6.082E-02  5.891E-02  5.702E-02  5.516E-02
  370.5000  1.834E-01  1.807E-01  1.780E-01  1.754E-01  1.727E-01  1.700E-01  1.674E-01  1.648E-01  1.622E-01  1.596E-01  1.570E-01  1.544E-01  1.519E-01  1.493E-01  1.468E-01  1.443E-01  1.418E-01  1.394E-01  1.369E-01  1.345E-01  1.321E-01  1.297E-01  1.273E-01  1.249E-01  1.226E-01  1.202E-01  1.179E-01  1.156E-01  1.133E-01  1.111E-01  1.088E-01  1.066E-01  1.044E-01  1.022E-01  1.001E-01  9.790E-02  9.576E-02  9.366E-02  9.156E-02  8.948E-02  8.742E-02  8.538E-02  8.335E-02  8.135E-02  7.937E-02  7.740E-02  7.545E-02  7.352E-02  7.161E-02  6.971E-02  6.784E-02  6.598E-02  6.414E-02  6.231E-02  6.051E-02  5.873E-02  5.696E-02  5.521E-02  5.347E-02  5.176E-02  5.006E-02
  371.5000  2.101E-01  2.070E-01  2.039E-01  2.009E-01  1.978E-01  1.948E-01  1.917E-01  1.887E-01  1.857E-01  1.828E-01  1.798E-01  1.769E-01  1.739E-01  1.710E-01  1.681E-01  1.653E-01  1.624E-01  1.596E-01  1.568E-01  1.540E-01  1.512E-01  1.485E-01  1.458E-01  1.430E-01  1.403E-01  1.377E-01  1.350E-01  1.324E-01  1.298E-01  1.272E-01  1.246E-01  1.221E-01  1.196E-01  1.170E-01  1.146E-01  1.121E-01  1.096E-01  1.072E-01  1.048E-01  1.024E-01  1.001E-01  9.775E-02  9.543E-02  9.314E-02  9.087E-02  8.861E-02  8.638E-02  8.417E-02  8.198E-02  7.981E-02  7.766E-02  7.554E-02  7.343E-02  7.134E-02  6.928E-02  6.723E-02  6.521E-02  6.320E-02  6.122E-02  5.925E-02  5.732E-02
  372.5000  1.554E-01  1.531E-01  1.508E-01  1.485E-01  1.462E-01  1.440E-01  1.418E-01  1.395E-01  1.373E-01  1.351E-01  1.329E-01  1.308E-01  1.286E-01  1.265E-01  1.243E-01  1.222E-01  1.201E-01  1.180E-01  1.159E-01  1.139E-01  1.118E-01  1.098E-01  1.078E-01  1.057E-01  1.038E-01  1.018E-01  9.982E-02  9.788E-02  9.594E-02  9.403E-02  9.212E-02  9.025E-02  8.837E-02  8.652E-02  8.468E-02  8.286E-02  8.105E-02  7.926E-02  7.749E-02  7.572E-02  7.398E-02  7.225E-02  7.054E-02  6.884E-02  6.716E-02  6.550E-02  6.384E-02  6.221E-02  6.059E-02  5.899E-02  5.740E-02  5.583E-02  5.427E-02  5.273E-02  5.120E-02  4.969E-02  4.819E-02  4.671E-02  4.525E-02  4.379E-02  4.236E-02
  373.5000  1.405E-01  1.385E-01  1.364E-01  1.344E-01  1.323E-01  1.303E-01  1.282E-01  1.262E-01  1.242E-01  1.222E-01  1.203E-01  1.183E-01  1.163E-01  1.144E-01  1.125E-01  1.105E-01  1.086E-01  1.067E-01  1.049E-01  1.030E-01  1.011E-01  9.930E-02  9.747E-02  9.565E-02  9.385E-02  9.206E-02  9.029E-02  8.852E-02  8.677E-02  8.504E-02  8.332E-02  8.162E-02  7.992E-02  7.825E-02  7.658E-02  7.493E-02  7.330E-02  7.168E-02  7.007E-02  6.848E-02  6.690E-02  6.533E-02  6.378E-02  6.225E-02  6.073E-02  5.922E-02  5.773E-02  5.625E-02  5.479E-02  5.334E-02  5.190E-02  5.048E-02  4.907E-02  4.767E-02  4.630E-02  4.493E-02  4.357E-02  4.223E-02  4.091E-02  3.960E-02  3.830E-02
  374.5000  1.544E-01  1.521E-01  1.498E-01  1.476E-01  1.453E-01  1.431E-01  1.409E-01  1.387E-01  1.365E-01  1.343E-01  1.321E-01  1.299E-01  1.278E-01  1.257E-01  1.235E-01  1.214E-01  1.193E-01  1.172E-01  1.152E-01  1.131E-01  1.111E-01  1.091E-01  1.071E-01  1.051E-01  1.031E-01  1.011E-01  9.916E-02  9.722E-02  9.530E-02  9.339E-02  9.150E-02  8.963E-02  8.777E-02  8.593E-02  8.410E-02  8.229E-02  8.049E-02  7.871E-02  7.694E-02  7.519E-02  7.346E-02  7.174E-02  7.004E-02  6.836E-02  6.668E-02  6.503E-02  6.339E-02  6.176E-02  6.016E-02  5.856E-02  5.698E-02  5.542E-02  5.387E-02  5.234E-02  5.083E-02  4.933E-02  4.784E-02  4.637E-02  4.491E-02  4.347E-02  4.205E-02
  375.5000  1.744E-01  1.718E-01  1.692E-01  1.667E-01  1.641E-01  1.616E-01  1.591E-01  1.566E-01  1.541E-01  1.517E-01  1.492E-01  1.467E-01  1.443E-01  1.419E-01  1.395E-01  1.371E-01  1.348E-01  1.324E-01  1.301E-01  1.277E-01  1.254E-01  1.232E-01  1.209E-01  1.186E-01  1.164E-01  1.142E-01  1.120E-01  1.098E-01  1.076E-01  1.055E-01  1.033E-01  1.012E-01  9.911E-02  9.702E-02  9.496E-02  9.291E-02  9.088E-02  8.887E-02  8.687E-02  8.490E-02  8.294E-02  8.100E-02  7.907E-02  7.717E-02  7.528E-02  7.341E-02  7.156E-02  6.973E-02  6.791E-02  6.611E-02  6.433E-02  6.257E-02  6.082E-02  5.909E-02  5.738E-02  5.569E-02  5.401E-02  5.235E-02  5.071E-02  4.908E-02  4.748E-02
  376.5000  1.743E-01  1.717E-01  1.692E-01  1.666E-01  1.641E-01  1.616E-01  1.590E-01  1.565E-01  1.541E-01  1.516E-01  1.491E-01  1.467E-01  1.443E-01  1.418E-01  1.394E-01  1.371E-01  1.347E-01  1.323E-01  1.300E-01  1.277E-01  1.254E-01  1.231E-01  1.208E-01  1.186E-01  1.163E-01  1.141E-01  1.119E-01  1.097E-01  1.075E-01  1.054E-01  1.033E-01  1.011E-01  9.904E-02  9.696E-02  9.489E-02  9.284E-02  9.081E-02  8.880E-02  8.681E-02  8.483E-02  8.287E-02  8.093E-02  7.901E-02  7.711E-02  7.522E-02  7.335E-02  7.150E-02  6.967E-02  6.786E-02  6.606E-02  6.428E-02  6.251E-02  6.077E-02  5.904E-02  5.733E-02  5.564E-02  5.396E-02  5.230E-02  5.066E-02  4.904E-02  4.743E-02
  377.5000  2.078E-01  2.047E-01  2.016E-01  1.986E-01  1.956E-01  1.926E-01  1.896E-01  1.866E-01  1.836E-01  1.807E-01  1.778E-01  1.748E-01  1.719E-01  1.691E-01  1.662E-01  1.634E-01  1.605E-01  1.577E-01  1.549E-01  1.522E-01  1.494E-01  1.467E-01  1.440E-01  1.413E-01  1.386E-01  1.360E-01  1.334E-01  1.308E-01  1.282E-01  1.256E-01  1.230E-01  1.205E-01  1.180E-01  1.155E-01  1.131E-01  1.106E-01  1.082E-01  1.058E-01  1.034E-01  1.011E-01  9.875E-02  9.643E-02  9.414E-02  9.188E-02  8.963E-02  8.740E-02  8.519E-02  8.301E-02  8.085E-02  7.870E-02  7.658E-02  7.448E-02  7.240E-02  7.034E-02  6.831E-02  6.629E-02  6.429E-02  6.231E-02  6.036E-02  5.842E-02  5.651E-02
  378.5000  2.267E-01  2.233E-01  2.200E-01  2.167E-01  2.134E-01  2.101E-01  2.068E-01  2.036E-01  2.003E-01  1.971E-01  1.939E-01  1.907E-01  1.876E-01  1.844E-01  1.813E-01  1.782E-01  1.751E-01  1.721E-01  1.690E-01  1.660E-01  1.630E-01  1.600E-01  1.571E-01  1.541E-01  1.512E-01  1.483E-01  1.455E-01  1.426E-01  1.398E-01  1.370E-01  1.342E-01  1.315E-01  1.287E-01  1.260E-01  1.233E-01  1.207E-01  1.180E-01  1.154E-01  1.128E-01  1.102E-01  1.077E-01  1.052E-01  1.027E-01  1.002E-01  9.773E-02  9.530E-02  9.290E-02  9.051E-02  8.816E-02  8.582E-02  8.350E-02  8.121E-02  7.894E-02  7.670E-02  7.448E-02  7.228E-02  7.010E-02  6.794E-02  6.581E-02  6.370E-02  6.162E-02
  379.5000  1.679E-01  1.654E-01  1.629E-01  1.605E-01  1.580E-01  1.556E-01  1.531E-01  1.507E-01  1.483E-01  1.460E-01  1.436E-01  1.412E-01  1.389E-01  1.366E-01  1.343E-01  1.320E-01  1.297E-01  1.274E-01  1.252E-01  1.229E-01  1.207E-01  1.185E-01  1.163E-01  1.141E-01  1.120E-01  1.098E-01  1.077E-01  1.056E-01  1.035E-01  1.014E-01  9.935E-02  9.732E-02  9.529E-02  9.328E-02  9.129E-02  8.932E-02  8.736E-02  8.543E-02  8.350E-02  8.160E-02  7.971E-02  7.784E-02  7.599E-02  7.416E-02  7.234E-02  7.054E-02  6.876E-02  6.699E-02  6.525E-02  6.352E-02  6.181E-02  6.011E-02  5.843E-02  5.677E-02  5.512E-02  5.350E-02  5.188E-02  5.029E-02  4.871E-02  4.715E-02  4.561E-02
  380.5000  2.021E-01  1.991E-01  1.961E-01  1.932E-01  1.902E-01  1.873E-01  1.844E-01  1.815E-01  1.786E-01  1.757E-01  1.729E-01  1.700E-01  1.672E-01  1.644E-01  1.616E-01  1.588E-01  1.561E-01  1.534E-01  1.506E-01  1.479E-01  1.453E-01  1.426E-01  1.400E-01  1.374E-01  1.348E-01  1.322E-01  1.296E-01  1.271E-01  1.246E-01  1.221E-01  1.196E-01  1.171E-01  1.147E-01  1.123E-01  1.099E-01  1.075E-01  1.051E-01  1.028E-01  1.005E-01  9.820E-02  9.592E-02  9.367E-02  9.144E-02  8.924E-02  8.705E-02  8.488E-02  8.274E-02  8.061E-02  7.851E-02  7.643E-02  7.437E-02  7.232E-02  7.030E-02  6.830E-02  6.633E-02  6.437E-02  6.243E-02  6.051E-02  5.861E-02  5.673E-02  5.487E-02
  381.5000  1.901E-01  1.873E-01  1.845E-01  1.817E-01  1.789E-01  1.762E-01  1.734E-01  1.707E-01  1.680E-01  1.653E-01  1.626E-01  1.599E-01  1.573E-01  1.546E-01  1.520E-01  1.494E-01  1.468E-01  1.442E-01  1.417E-01  1.391E-01  1.366E-01  1.341E-01  1.316E-01  1.292E-01  1.267E-01  1.243E-01  1.219E-01  1.195E-01  1.171E-01  1.148E-01  1.124E-01  1.101E-01  1.078E-01  1.056E-01  1.033E-01  1.011E-01  9.886E-02  9.667E-02  9.449E-02  9.233E-02  9.019E-02  8.807E-02  8.598E-02  8.390E-02  8.185E-02  7.981E-02  7.779E-02  7.579E-02  7.382E-02  7.186E-02  6.992E-02  6.800E-02  6.609E-02  6.421E-02  6.236E-02  6.051E-02  5.869E-02  5.688E-02  5.510E-02  5.333E-02  5.159E-02
  382.5000  1.268E-01  1.249E-01  1.230E-01  1.212E-01  1.193E-01  1.175E-01  1.157E-01  1.138E-01  1.120E-01  1.102E-01  1.084E-01  1.067E-01  1.049E-01  1.031E-01  1.014E-01  9.964E-02  9.791E-02  9.620E-02  9.449E-02  9.280E-02  9.112E-02  8.945E-02  8.779E-02  8.615E-02  8.451E-02  8.289E-02  8.129E-02  7.969E-02  7.811E-02  7.654E-02  7.498E-02  7.344E-02  7.191E-02  7.039E-02  6.889E-02  6.739E-02  6.591E-02  6.445E-02  6.300E-02  6.156E-02  6.013E-02  5.872E-02  5.732E-02  5.594E-02  5.457E-02  5.321E-02  5.186E-02  5.053E-02  4.921E-02  4.790E-02  4.661E-02  4.533E-02  4.406E-02  4.281E-02  4.157E-02  4.034E-02  3.912E-02  3.792E-02  3.673E-02  3.555E-02  3.439E-02
  383.5000  1.115E-01  1.098E-01  1.082E-01  1.065E-01  1.049E-01  1.033E-01  1.017E-01  1.001E-01  9.847E-02  9.689E-02  9.531E-02  9.374E-02  9.218E-02  9.064E-02  8.910E-02  8.757E-02  8.605E-02  8.454E-02  8.304E-02  8.156E-02  8.008E-02  7.861E-02  7.716E-02  7.571E-02  7.427E-02  7.285E-02  7.144E-02  7.003E-02  6.864E-02  6.726E-02  6.589E-02  6.454E-02  6.319E-02  6.185E-02  6.053E-02  5.922E-02  5.792E-02  5.663E-02  5.535E-02  5.409E-02  5.283E-02  5.159E-02  5.036E-02  4.915E-02  4.794E-02  4.674E-02  4.556E-02  4.439E-02  4.323E-02  4.208E-02  4.095E-02  3.982E-02  3.871E-02  3.760E-02  3.652E-02  3.544E-02  3.437E-02  3.331E-02  3.226E-02  3.123E-02  3.021E-02
  384.5000  1.674E-01  1.649E-01  1.625E-01  1.600E-01  1.576E-01  1.551E-01  1.527E-01  1.503E-01  1.479E-01  1.455E-01  1.432E-01  1.408E-01  1.385E-01  1.361E-01  1.338E-01  1.315E-01  1.293E-01  1.270E-01  1.247E-01  1.225E-01  1.203E-01  1.181E-01  1.159E-01  1.137E-01  1.116E-01  1.094E-01  1.073E-01  1.052E-01  1.031E-01  1.010E-01  9.895E-02  9.692E-02  9.489E-02  9.289E-02  9.090E-02  8.893E-02  8.697E-02  8.504E-02  8.312E-02  8.122E-02  7.934E-02  7.747E-02  7.562E-02  7.380E-02  7.198E-02  7.019E-02  6.841E-02  6.665E-02  6.491E-02  6.319E-02  6.148E-02  5.979E-02  5.811E-02  5.646E-02  5.483E-02  5.320E-02  5.160E-02  5.001E-02  4.844E-02  4.689E-02  4.536E-02
  385.5000  1.658E-01  1.634E-01  1.609E-01  1.585E-01  1.561E-01  1.536E-01  1.512E-01  1.489E-01  1.465E-01  1.441E-01  1.418E-01  1.394E-01  1.371E-01  1.348E-01  1.325E-01  1.303E-01  1.280E-01  1.258E-01  1.235E-01  1.213E-01  1.191E-01  1.169E-01  1.147E-01  1.126E-01  1.105E-01  1.083E-01  1.062E-01  1.041E-01  1.021E-01  1.000E-01  9.797E-02  9.596E-02  9.395E-02  9.196E-02  8.999E-02  8.804E-02  8.610E-02  8.419E-02  8.229E-02  8.040E-02  7.854E-02  7.669E-02  7.486E-02  7.305E-02  7.126E-02  6.948E-02  6.772E-02  6.597E-02  6.425E-02  6.254E-02  6.085E-02  5.918E-02  5.752E-02  5.588E-02  5.427E-02  5.266E-02  5.107E-02  4.950E-02  4.795E-02  4.641E-02  4.489E-02
  386.5000  1.692E-01  1.667E-01  1.642E-01  1.617E-01  1.592E-01  1.568E-01  1.543E-01  1.519E-01  1.495E-01  1.471E-01  1.447E-01  1.423E-01  1.399E-01  1.376E-01  1.352E-01  1.329E-01  1.306E-01  1.283E-01  1.260E-01  1.238E-01  1.215E-01  1.193E-01  1.171E-01  1.149E-01  1.127E-01  1.105E-01  1.084E-01  1.062E-01  1.041E-01  1.020E-01  9.994E-02  9.788E-02  9.584E-02  9.381E-02  9.179E-02  8.980E-02  8.782E-02  8.587E-02  8.393E-02  8.201E-02  8.010E-02  7.822E-02  7.635E-02  7.450E-02  7.267E-02  7.086E-02  6.906E-02  6.728E-02  6.553E-02  6.378E-02  6.206E-02  6.035E-02  5.866E-02  5.699E-02  5.534E-02  5.370E-02  5.208E-02  5.048E-02  4.889E-02  4.733E-02  4.578E-02
  387.5000  1.574E-01  1.551E-01  1.527E-01  1.504E-01  1.481E-01  1.458E-01  1.435E-01  1.413E-01  1.390E-01  1.368E-01  1.346E-01  1.323E-01  1.301E-01  1.280E-01  1.258E-01  1.236E-01  1.215E-01  1.193E-01  1.172E-01  1.151E-01  1.130E-01  1.109E-01  1.089E-01  1.068E-01  1.048E-01  1.028E-01  1.008E-01  9.881E-02  9.684E-02  9.488E-02  9.295E-02  9.103E-02  8.913E-02  8.724E-02  8.537E-02  8.351E-02  8.167E-02  7.985E-02  7.805E-02  7.626E-02  7.449E-02  7.273E-02  7.099E-02  6.928E-02  6.757E-02  6.588E-02  6.421E-02  6.256E-02  6.093E-02  5.930E-02  5.770E-02  5.611E-02  5.454E-02  5.298E-02  5.145E-02  4.993E-02  4.842E-02  4.693E-02  4.546E-02  4.400E-02  4.256E-02
  388.5000  1.579E-01  1.556E-01  1.532E-01  1.509E-01  1.486E-01  1.463E-01  1.440E-01  1.417E-01  1.395E-01  1.372E-01  1.350E-01  1.328E-01  1.306E-01  1.284E-01  1.262E-01  1.240E-01  1.219E-01  1.197E-01  1.176E-01  1.155E-01  1.134E-01  1.113E-01  1.092E-01  1.072E-01  1.051E-01  1.031E-01  1.011E-01  9.911E-02  9.714E-02  9.517E-02  9.323E-02  9.131E-02  8.940E-02  8.750E-02  8.562E-02  8.376E-02  8.191E-02  8.009E-02  7.828E-02  7.648E-02  7.470E-02  7.294E-02  7.120E-02  6.947E-02  6.776E-02  6.607E-02  6.439E-02  6.273E-02  6.109E-02  5.947E-02  5.786E-02  5.627E-02  5.469E-02  5.313E-02  5.159E-02  5.006E-02  4.855E-02  4.706E-02  4.558E-02  4.412E-02  4.268E-02
  389.5000  1.993E-01  1.964E-01  1.934E-01  1.905E-01  1.876E-01  1.847E-01  1.818E-01  1.789E-01  1.761E-01  1.732E-01  1.704E-01  1.676E-01  1.648E-01  1.620E-01  1.593E-01  1.565E-01  1.538E-01  1.511E-01  1.484E-01  1.457E-01  1.431E-01  1.405E-01  1.379E-01  1.353E-01  1.327E-01  1.301E-01  1.276E-01  1.251E-01  1.226E-01  1.201E-01  1.177E-01  1.152E-01  1.128E-01  1.104E-01  1.080E-01  1.057E-01  1.034E-01  1.011E-01  9.877E-02  9.650E-02  9.426E-02  9.203E-02  8.983E-02  8.766E-02  8.550E-02  8.336E-02  8.124E-02  7.915E-02  7.708E-02  7.503E-02  7.300E-02  7.099E-02  6.900E-02  6.703E-02  6.509E-02  6.316E-02  6.125E-02  5.937E-02  5.750E-02  5.566E-02  5.384E-02
  390.5000  1.960E-01  1.931E-01  1.902E-01  1.873E-01  1.844E-01  1.816E-01  1.787E-01  1.759E-01  1.731E-01  1.703E-01  1.675E-01  1.648E-01  1.620E-01  1.593E-01  1.566E-01  1.539E-01  1.512E-01  1.486E-01  1.459E-01  1.433E-01  1.407E-01  1.381E-01  1.355E-01  1.330E-01  1.304E-01  1.279E-01  1.254E-01  1.230E-01  1.205E-01  1.181E-01  1.157E-01  1.133E-01  1.109E-01  1.085E-01  1.062E-01  1.039E-01  1.016E-01  9.933E-02  9.708E-02  9.485E-02  9.264E-02  9.045E-02  8.829E-02  8.615E-02  8.403E-02  8.192E-02  7.984E-02  7.778E-02  7.575E-02  7.373E-02  7.173E-02  6.976E-02  6.780E-02  6.587E-02  6.396E-02  6.206E-02  6.019E-02  5.834E-02  5.650E-02  5.469E-02  5.290E-02
  391.5000  2.328E-01  2.293E-01  2.259E-01  2.225E-01  2.190E-01  2.157E-01  2.123E-01  2.089E-01  2.056E-01  2.023E-01  1.990E-01  1.957E-01  1.924E-01  1.892E-01  1.860E-01  1.828E-01  1.796E-01  1.764E-01  1.733E-01  1.702E-01  1.671E-01  1.640E-01  1.609E-01  1.579E-01  1.549E-01  1.519E-01  1.489E-01  1.460E-01  1.431E-01  1.402E-01  1.373E-01  1.345E-01  1.317E-01  1.289E-01  1.261E-01  1.233E-01  1.206E-01  1.179E-01  1.153E-01  1.126E-01  1.100E-01  1.074E-01  1.048E-01  1.023E-01  9.975E-02  9.725E-02  9.478E-02  9.233E-02  8.992E-02  8.752E-02  8.515E-02  8.280E-02  8.048E-02  7.818E-02  7.592E-02  7.367E-02  7.144E-02  6.924E-02  6.707E-02  6.491E-02  6.279E-02
  392.5000  1.747E-01  1.721E-01  1.696E-01  1.670E-01  1.644E-01  1.619E-01  1.593E-01  1.568E-01  1.543E-01  1.518E-01  1.494E-01  1.469E-01  1.444E-01  1.420E-01  1.396E-01  1.372E-01  1.348E-01  1.324E-01  1.301E-01  1.277E-01  1.254E-01  1.231E-01  1.208E-01  1.185E-01  1.163E-01  1.140E-01  1.118E-01  1.096E-01  1.074E-01  1.052E-01  1.031E-01  1.009E-01  9.881E-02  9.670E-02  9.462E-02  9.256E-02  9.051E-02  8.849E-02  8.648E-02  8.450E-02  8.253E-02  8.057E-02  7.864E-02  7.674E-02  7.484E-02  7.297E-02  7.111E-02  6.927E-02  6.746E-02  6.566E-02  6.388E-02  6.212E-02  6.038E-02  5.865E-02  5.695E-02  5.527E-02  5.360E-02  5.195E-02  5.031E-02  4.870E-02  4.711E-02
  393.5000  7.605E-02  7.492E-02  7.379E-02  7.267E-02  7.156E-02  7.045E-02  6.935E-02  6.825E-02  6.716E-02  6.608E-02  6.500E-02  6.393E-02  6.286E-02  6.180E-02  6.074E-02  5.970E-02  5.866E-02  5.762E-02  5.660E-02  5.558E-02  5.457E-02  5.356E-02  5.256E-02  5.157E-02  5.058E-02  4.961E-02  4.864E-02  4.768E-02  4.672E-02  4.578E-02  4.484E-02  4.391E-02  4.299E-02  4.207E-02  4.117E-02  4.027E-02  3.938E-02  3.850E-02  3.762E-02  3.676E-02  3.590E-02  3.505E-02  3.421E-02  3.338E-02  3.256E-02  3.174E-02  3.093E-02  3.013E-02  2.934E-02  2.856E-02  2.779E-02  2.702E-02  2.626E-02  2.551E-02  2.477E-02  2.404E-02  2.331E-02  2.259E-02  2.188E-02  2.118E-02  2.049E-02
  394.5000  1.791E-01  1.765E-01  1.738E-01  1.712E-01  1.686E-01  1.660E-01  1.634E-01  1.608E-01  1.582E-01  1.556E-01  1.531E-01  1.506E-01  1.481E-01  1.456E-01  1.431E-01  1.406E-01  1.382E-01  1.357E-01  1.333E-01  1.309E-01  1.285E-01  1.261E-01  1.238E-01  1.215E-01  1.191E-01  1.168E-01  1.146E-01  1.123E-01  1.100E-01  1.078E-01  1.056E-01  1.034E-01  1.012E-01  9.908E-02  9.694E-02  9.482E-02  9.273E-02  9.065E-02  8.859E-02  8.655E-02  8.453E-02  8.253E-02  8.055E-02  7.859E-02  7.665E-02  7.473E-02  7.283E-02  7.094E-02  6.909E-02  6.724E-02  6.542E-02  6.361E-02  6.183E-02  6.006E-02  5.832E-02  5.659E-02  5.488E-02  5.319E-02  5.151E-02  4.986E-02  4.823E-02
  395.5000  2.307E-01  2.273E-01  2.239E-01  2.205E-01  2.171E-01  2.137E-01  2.104E-01  2.071E-01  2.037E-01  2.005E-01  1.972E-01  1.939E-01  1.907E-01  1.875E-01  1.843E-01  1.811E-01  1.779E-01  1.748E-01  1.717E-01  1.686E-01  1.655E-01  1.624E-01  1.594E-01  1.564E-01  1.534E-01  1.504E-01  1.475E-01  1.446E-01  1.417E-01  1.388E-01  1.360E-01  1.332E-01  1.303E-01  1.276E-01  1.248E-01  1.221E-01  1.194E-01  1.167E-01  1.141E-01  1.114E-01  1.088E-01  1.063E-01  1.037E-01  1.012E-01  9.868E-02  9.620E-02  9.375E-02  9.132E-02  8.893E-02  8.656E-02  8.421E-02  8.188E-02  7.958E-02  7.731E-02  7.506E-02  7.284E-02  7.063E-02  6.846E-02  6.630E-02  6.418E-02  6.208E-02
  396.5000  1.356E-01  1.336E-01  1.316E-01  1.296E-01  1.276E-01  1.256E-01  1.237E-01  1.217E-01  1.198E-01  1.178E-01  1.159E-01  1.140E-01  1.121E-01  1.102E-01  1.083E-01  1.064E-01  1.046E-01  1.027E-01  1.009E-01  9.907E-02  9.727E-02  9.547E-02  9.369E-02  9.192E-02  9.016E-02  8.841E-02  8.669E-02  8.497E-02  8.327E-02  8.158E-02  7.990E-02  7.824E-02  7.660E-02  7.496E-02  7.334E-02  7.174E-02  7.015E-02  6.858E-02  6.702E-02  6.547E-02  6.394E-02  6.243E-02  6.093E-02  5.944E-02  5.797E-02  5.652E-02  5.508E-02  5.365E-02  5.225E-02  5.085E-02  4.947E-02  4.810E-02  4.675E-02  4.541E-02  4.409E-02  4.279E-02  4.149E-02  4.021E-02  3.895E-02  3.770E-02  3.647E-02
  397.5000  1.566E-01  1.543E-01  1.520E-01  1.497E-01  1.474E-01  1.451E-01  1.428E-01  1.406E-01  1.383E-01  1.361E-01  1.339E-01  1.317E-01  1.295E-01  1.273E-01  1.251E-01  1.229E-01  1.208E-01  1.187E-01  1.165E-01  1.144E-01  1.123E-01  1.103E-01  1.082E-01  1.062E-01  1.041E-01  1.021E-01  1.001E-01  9.813E-02  9.616E-02  9.421E-02  9.227E-02  9.036E-02  8.845E-02  8.656E-02  8.469E-02  8.284E-02  8.100E-02  7.919E-02  7.739E-02  7.560E-02  7.383E-02  7.208E-02  7.035E-02  6.863E-02  6.694E-02  6.525E-02  6.359E-02  6.194E-02  6.032E-02  5.871E-02  5.711E-02  5.553E-02  5.397E-02  5.243E-02  5.090E-02  4.939E-02  4.790E-02  4.642E-02  4.496E-02  4.352E-02  4.210E-02
  398.5000  2.694E-01  2.654E-01  2.614E-01  2.575E-01  2.535E-01  2.496E-01  2.457E-01  2.418E-01  2.379E-01  2.341E-01  2.302E-01  2.264E-01  2.227E-01  2.189E-01  2.151E-01  2.114E-01  2.077E-01  2.041E-01  2.004E-01  1.968E-01  1.932E-01  1.896E-01  1.861E-01  1.826E-01  1.791E-01  1.756E-01  1.722E-01  1.688E-01  1.654E-01  1.620E-01  1.587E-01  1.554E-01  1.521E-01  1.489E-01  1.456E-01  1.424E-01  1.393E-01  1.362E-01  1.331E-01  1.300E-01  1.269E-01  1.239E-01  1.209E-01  1.180E-01  1.151E-01  1.122E-01  1.093E-01  1.065E-01  1.037E-01  1.009E-01  9.818E-02  9.546E-02  9.278E-02  9.012E-02  8.751E-02  8.491E-02  8.234E-02  7.980E-02  7.729E-02  7.481E-02  7.236E-02
  399.5000  2.805E-01  2.763E-01  2.722E-01  2.681E-01  2.640E-01  2.599E-01  2.558E-01  2.517E-01  2.477E-01  2.437E-01  2.397E-01  2.357E-01  2.318E-01  2.279E-01  2.240E-01  2.201E-01  2.163E-01  2.125E-01  2.087E-01  2.049E-01  2.011E-01  1.974E-01  1.937E-01  1.901E-01  1.864E-01  1.828E-01  1.792E-01  1.757E-01  1.721E-01  1.686E-01  1.652E-01  1.617E-01  1.583E-01  1.549E-01  1.516E-01  1.483E-01  1.450E-01  1.417E-01  1.385E-01  1.353E-01  1.321E-01  1.290E-01  1.259E-01  1.228E-01  1.198E-01  1.167E-01  1.138E-01  1.108E-01  1.079E-01  1.050E-01  1.022E-01  9.934E-02  9.654E-02  9.378E-02  9.105E-02  8.835E-02  8.568E-02  8.304E-02  8.042E-02  7.784E-02  7.529E-02
------------------------------------------------------------
Dose rates,W m-2
   1 = UV index (WMO, 1994; Webb et al., 2011)           
   2 = Previtamin-D3 (CIE 2006)                          
values at z =      0.025 km
Columns: time,sza,weighting spectra
time,hrs.  sza,deg.          1          2
   18.0000     71.702  6.719E-01  1.880E-02
   18.0167     71.910  6.571E-01  1.824E-02
   18.0333     72.118  6.425E-01  1.768E-02
   18.0500     72.325  6.281E-01  1.714E-02
   18.0667     72.533  6.140E-01  1.661E-02
   18.0833     72.740  6.000E-01  1.610E-02
   18.1000     72.948  5.863E-01  1.559E-02
   18.1167     73.156  5.728E-01  1.510E-02
   18.1333     73.363  5.594E-01  1.462E-02
   18.1500     73.570  5.464E-01  1.415E-02
   18.1667     73.777  5.335E-01  1.369E-02
   18.1833     73.985  5.208E-01  1.324E-02
   18.2000     74.192  5.083E-01  1.280E-02
   18.2167     74.399  4.961E-01  1.237E-02
   18.2333     74.606  4.840E-01  1.196E-02
   18.2500     74.812  4.721E-01  1.155E-02
   18.2667     75.019  4.605E-01  1.116E-02
   18.2833     75.226  4.490E-01  1.077E-02
   18.3000     75.433  4.377E-01  1.040E-02
   18.3167     75.639  4.266E-01  1.003E-02
   18.3333     75.845  4.157E-01  9.678E-03
   18.3500     76.052  4.050E-01  9.332E-03
   18.3667     76.258  3.945E-01  8.996E-03
   18.3833     76.465  3.841E-01  8.669E-03
   18.4000     76.671  3.740E-01  8.351E-03
   18.4167     76.877  3.640E-01  8.042E-03
   18.4333     77.082  3.542E-01  7.743E-03
   18.4500     77.288  3.446E-01  7.452E-03
   18.4667     77.494  3.352E-01  7.170E-03
   18.4833     77.700  3.259E-01  6.896E-03
   18.5000     77.906  3.168E-01  6.630E-03
   18.5167     78.111  3.079E-01  6.373E-03
   18.5333     78.316  2.992E-01  6.123E-03
   18.5500     78.522  2.906E-01  5.882E-03
   18.5667     78.727  2.821E-01  5.647E-03
   18.5833     78.932  2.739E-01  5.421E-03
   18.6000     79.137  2.658E-01  5.201E-03
   18.6167     79.342  2.579E-01  4.990E-03
   18.6333     79.547  2.501E-01  4.784E-03
   18.6500     79.752  2.424E-01  4.586E-03
   18.6667     79.956  2.350E-01  4.394E-03
   18.6833     80.161  2.276E-01  4.209E-03
   18.7000     80.365  2.205E-01  4.031E-03
   18.7167     80.569  2.135E-01  3.859E-03
   18.7333     80.774  2.066E-01  3.693E-03
   18.7500     80.978  1.998E-01  3.532E-03
   18.7667     81.182  1.932E-01  3.378E-03
   18.7833     81.386  1.868E-01  3.229E-03
   18.8000     81.589  1.805E-01  3.086E-03
   18.8167     81.793  1.743E-01  2.948E-03
   18.8333     81.996  1.682E-01  2.815E-03
   18.8500     82.200  1.623E-01  2.688E-03
   18.8667     82.403  1.565E-01  2.565E-03
   18.8833     82.607  1.509E-01  2.447E-03
   18.9000     82.809  1.454E-01  2.334E-03
   18.9167     83.012  1.400E-01  2.225E-03
   18.9333     83.215  1.347E-01  2.120E-03
   18.9500     83.418  1.295E-01  2.020E-03
   18.9667     83.621  1.245E-01  1.923E-03
   18.9833     83.823  1.196E-01  1.831E-03
   19.0000     84.025  1.148E-01  1.742E-03
------------------------------------------------------------
