Spectral Irradiance,W m-2 nm-1
values at z =      0.025 km
Columns: wavelength (nm),times (hrs.) or sza (deg.)
    wc,nm     18.000     18.017     18.033     18.050     18.067     18.083     18.100     18.117     18.133     18.150     18.167     18.183     18.200     18.217     18.233     18.250     18.267     18.283     18.300     18.317     18.333     18.350     18.367     18.383     18.400     18.417     18.433     18.450     18.467     18.483     18.500     18.517     18.533     18.550     18.567     18.583     18.600     18.617     18.633     18.650     18.667     18.683     18.700     18.717     18.733     18.750     18.767     18.783     18.800     18.817     18.833     18.850     18.867     18.883     18.900     18.917     18.933     18.950     18.967     18.983     19.000
    sza =      70.430     70.637     70.843     71.049     71.256     71.463     71.669     71.875     72.082     72.287     72.493     72.700     72.906     73.111     73.317     73.522     73.728     73.933     74.139     74.344     74.549     74.754     74.959     75.164     75.369     75.574     75.778     75.982     76.187     76.391     76.595     76.799     77.003     77.207     77.411     77.614     77.818     78.021     78.224     78.427     78.631     78.834     79.037     79.239     79.441     79.644     79.846     80.049     80.250     80.452     80.654     80.856     81.058     81.259     81.460     81.661     81.863     82.064     82.265     82.465     82.665
  280.5000  1.090E-24  1.072E-24  1.054E-24  1.037E-24  1.021E-24  1.004E-24  9.886E-25  9.731E-25  9.579E-25  9.431E-25  9.286E-25  9.144E-25  9.005E-25  8.868E-25  8.735E-25  8.604E-25  8.476E-25  8.350E-25  8.226E-25  8.104E-25  7.985E-25  7.867E-25  7.752E-25  7.638E-25  7.527E-25  7.417E-25  7.309E-25  7.202E-25  7.097E-25  6.993E-25  6.891E-25  6.791E-25  6.691E-25  6.593E-25  6.496E-25  6.401E-25  6.306E-25  6.213E-25  6.121E-25  6.029E-25  5.939E-25  5.850E-25  5.761E-25  5.674E-25  5.587E-25  5.501E-25  5.416E-25  5.332E-25  5.248E-25  5.165E-25  5.083E-25  5.001E-25  4.920E-25  4.839E-25  4.759E-25  4.679E-25  4.600E-25  4.521E-25  4.443E-25  4.365E-25  4.287E-25
  281.5000  1.845E-22  1.814E-22  1.784E-22  1.754E-22  1.725E-22  1.697E-22  1.670E-22  1.643E-22  1.616E-22  1.591E-22  1.566E-22  1.541E-22  1.517E-22  1.494E-22  1.471E-22  1.448E-22  1.426E-22  1.405E-22  1.383E-22  1.363E-22  1.342E-22  1.322E-22  1.302E-22  1.283E-22  1.264E-22  1.245E-22  1.226E-22  1.208E-22  1.190E-22  1.173E-22  1.155E-22  1.138E-22  1.121E-22  1.105E-22  1.088E-22  1.072E-22  1.056E-22  1.040E-22  1.024E-22  1.009E-22  9.935E-23  9.784E-23  9.634E-23  9.486E-23  9.339E-23  9.194E-23  9.050E-23  8.908E-23  8.767E-23  8.626E-23  8.487E-23  8.349E-23  8.212E-23  8.077E-23  7.942E-23  7.808E-23  7.674E-23  7.542E-23  7.410E-23  7.279E-23  7.149E-23
  282.5000  1.042E-20  1.023E-20  1.006E-20  9.888E-21  9.721E-21  9.559E-21  9.400E-21  9.246E-21  9.095E-21  8.948E-21  8.803E-21  8.662E-21  8.525E-21  8.390E-21  8.258E-21  8.129E-21  8.003E-21  7.879E-21  7.757E-21  7.638E-21  7.521E-21  7.406E-21  7.293E-21  7.182E-21  7.073E-21  6.966E-21  6.861E-21  6.758E-21  6.655E-21  6.555E-21  6.456E-21  6.359E-21  6.263E-21  6.168E-21  6.075E-21  5.983E-21  5.892E-21  5.803E-21  5.714E-21  5.626E-21  5.540E-21  5.454E-21  5.370E-21  5.286E-21  5.204E-21  5.122E-21  5.041E-21  4.960E-21  4.881E-21  4.802E-21  4.724E-21  4.646E-21  4.569E-21  4.493E-21  4.417E-21  4.342E-21  4.267E-21  4.193E-21  4.119E-21  4.045E-21  3.973E-21
  283.5000  1.293E-19  1.270E-19  1.248E-19  1.227E-19  1.206E-19  1.185E-19  1.165E-19  1.145E-19  1.126E-19  1.108E-19  1.090E-19  1.072E-19  1.055E-19  1.038E-19  1.021E-19  1.005E-19  9.892E-20  9.736E-20  9.583E-20  9.434E-20  9.287E-20  9.144E-20  9.002E-20  8.864E-20  8.727E-20  8.593E-20  8.462E-20  8.333E-20  8.205E-20  8.080E-20  7.957E-20  7.836E-20  7.716E-20  7.598E-20  7.482E-20  7.367E-20  7.254E-20  7.143E-20  7.032E-20  6.923E-20  6.816E-20  6.710E-20  6.605E-20  6.501E-20  6.398E-20  6.297E-20  6.196E-20  6.097E-20  5.998E-20  5.901E-20  5.804E-20  5.708E-20  5.612E-20  5.518E-20  5.425E-20  5.331E-20  5.239E-20  5.147E-20  5.056E-20  4.965E-20  4.875E-20
  284.5000  7.864E-18  7.720E-18  7.580E-18  7.443E-18  7.311E-18  7.181E-18  7.056E-18  6.933E-18  6.814E-18  6.698E-18  6.584E-18  6.473E-18  6.365E-18  6.259E-18  6.155E-18  6.055E-18  5.956E-18  5.859E-18  5.764E-18  5.671E-18  5.581E-18  5.492E-18  5.404E-18  5.318E-18  5.234E-18  5.151E-18  5.071E-18  4.991E-18  4.913E-18  4.836E-18  4.760E-18  4.685E-18  4.612E-18  4.540E-18  4.469E-18  4.398E-18  4.329E-18  4.261E-18  4.194E-18  4.128E-18  4.062E-18  3.998E-18  3.934E-18  3.871E-18  3.809E-18  3.747E-18  3.686E-18  3.626E-18  3.566E-18  3.507E-18  3.448E-18  3.390E-18  3.333E-18  3.276E-18  3.219E-18  3.163E-18  3.108E-18  3.052E-18  2.998E-18  2.943E-18  2.889E-18
  285.5000  1.036E-16  1.016E-16  9.969E-17  9.784E-17  9.604E-17  9.429E-17  9.258E-17  9.092E-17  8.931E-17  8.773E-17  8.620E-17  8.470E-17  8.324E-17  8.182E-17  8.043E-17  7.907E-17  7.774E-17  7.644E-17  7.517E-17  7.393E-17  7.271E-17  7.152E-17  7.035E-17  6.920E-17  6.808E-17  6.698E-17  6.590E-17  6.484E-17  6.379E-17  6.277E-17  6.176E-17  6.078E-17  5.980E-17  5.884E-17  5.790E-17  5.697E-17  5.606E-17  5.516E-17  5.427E-17  5.340E-17  5.253E-17  5.168E-17  5.084E-17  5.001E-17  4.919E-17  4.838E-17  4.758E-17  4.679E-17  4.601E-17  4.523E-17  4.447E-17  4.371E-17  4.295E-17  4.221E-17  4.147E-17  4.074E-17  4.001E-17  3.929E-17  3.858E-17  3.787E-17  3.716E-17
  286.5000  3.405E-15  3.338E-15  3.273E-15  3.211E-15  3.150E-15  3.091E-15  3.033E-15  2.978E-15  2.923E-15  2.870E-15  2.819E-15  2.768E-15  2.719E-15  2.672E-15  2.625E-15  2.580E-15  2.535E-15  2.492E-15  2.449E-15  2.408E-15  2.367E-15  2.327E-15  2.288E-15  2.250E-15  2.213E-15  2.176E-15  2.140E-15  2.105E-15  2.070E-15  2.037E-15  2.003E-15  1.970E-15  1.938E-15  1.907E-15  1.875E-15  1.845E-15  1.815E-15  1.785E-15  1.756E-15  1.727E-15  1.698E-15  1.670E-15  1.643E-15  1.616E-15  1.589E-15  1.562E-15  1.536E-15  1.510E-15  1.484E-15  1.459E-15  1.434E-15  1.409E-15  1.384E-15  1.360E-15  1.336E-15  1.312E-15  1.288E-15  1.265E-15  1.242E-15  1.218E-15  1.196E-15
  287.5000  6.150E-14  6.025E-14  5.904E-14  5.787E-14  5.673E-14  5.563E-14  5.455E-14  5.351E-14  5.250E-14  5.152E-14  5.056E-14  4.962E-14  4.872E-14  4.783E-14  4.697E-14  4.613E-14  4.530E-14  4.450E-14  4.372E-14  4.295E-14  4.221E-14  4.147E-14  4.076E-14  4.006E-14  3.937E-14  3.870E-14  3.804E-14  3.740E-14  3.677E-14  3.614E-14  3.554E-14  3.494E-14  3.435E-14  3.378E-14  3.321E-14  3.265E-14  3.210E-14  3.157E-14  3.104E-14  3.051E-14  3.000E-14  2.949E-14  2.899E-14  2.850E-14  2.802E-14  2.754E-14  2.707E-14  2.660E-14  2.614E-14  2.568E-14  2.523E-14  2.479E-14  2.435E-14  2.391E-14  2.348E-14  2.305E-14  2.263E-14  2.221E-14  2.180E-14  2.138E-14  2.098E-14
  288.5000  1.094E-12  1.071E-12  1.048E-12  1.026E-12  1.005E-12  9.844E-13  9.645E-13  9.452E-13  9.265E-13  9.083E-13  8.907E-13  8.735E-13  8.567E-13  8.404E-13  8.246E-13  8.092E-13  7.942E-13  7.795E-13  7.652E-13  7.512E-13  7.376E-13  7.243E-13  7.112E-13  6.985E-13  6.861E-13  6.739E-13  6.620E-13  6.504E-13  6.389E-13  6.277E-13  6.168E-13  6.061E-13  5.955E-13  5.851E-13  5.750E-13  5.650E-13  5.552E-13  5.456E-13  5.361E-13  5.268E-13  5.176E-13  5.086E-13  4.997E-13  4.910E-13  4.824E-13  4.739E-13  4.655E-13  4.573E-13  4.491E-13  4.411E-13  4.332E-13  4.253E-13  4.176E-13  4.099E-13  4.023E-13  3.949E-13  3.874E-13  3.801E-13  3.728E-13  3.656E-13  3.585E-13
  289.5000  1.504E-11  1.470E-11  1.438E-11  1.407E-11  1.376E-11  1.347E-11  1.319E-11  1.291E-11  1.265E-11  1.239E-11  1.214E-11  1.190E-11  1.166E-11  1.143E-11  1.121E-11  1.099E-11  1.078E-11  1.057E-11  1.037E-11  1.017E-11  9.983E-12  9.796E-12  9.614E-12  9.436E-12  9.263E-12  9.093E-12  8.927E-12  8.765E-12  8.606E-12  8.450E-12  8.298E-12  8.149E-12  8.003E-12  7.860E-12  7.719E-12  7.581E-12  7.445E-12  7.313E-12  7.182E-12  7.054E-12  6.928E-12  6.804E-12  6.682E-12  6.562E-12  6.444E-12  6.328E-12  6.213E-12  6.100E-12  5.989E-12  5.879E-12  5.771E-12  5.664E-12  5.559E-12  5.455E-12  5.352E-12  5.250E-12  5.150E-12  5.050E-12  4.952E-12  4.854E-12  4.758E-12
  290.5000  1.318E-10  1.287E-10  1.257E-10  1.229E-10  1.201E-10  1.174E-10  1.149E-10  1.124E-10  1.099E-10  1.076E-10  1.054E-10  1.032E-10  1.010E-10  9.896E-11  9.696E-11  9.501E-11  9.311E-11  9.127E-11  8.947E-11  8.772E-11  8.602E-11  8.436E-11  8.274E-11  8.115E-11  7.961E-11  7.810E-11  7.663E-11  7.519E-11  7.379E-11  7.241E-11  7.106E-11  6.975E-11  6.846E-11  6.720E-11  6.596E-11  6.474E-11  6.355E-11  6.239E-11  6.124E-11  6.012E-11  5.901E-11  5.793E-11  5.686E-11  5.581E-11  5.478E-11  5.377E-11  5.277E-11  5.179E-11  5.082E-11  4.987E-11  4.893E-11  4.800E-11  4.709E-11  4.619E-11  4.530E-11  4.442E-11  4.355E-11  4.269E-11  4.184E-11  4.100E-11  4.017E-11
  291.5000  1.032E-09  1.005E-09  9.804E-10  9.563E-10  9.332E-10  9.110E-10  8.897E-10  8.691E-10  8.493E-10  8.302E-10  8.117E-10  7.939E-10  7.766E-10  7.598E-10  7.436E-10  7.279E-10  7.126E-10  6.978E-10  6.834E-10  6.693E-10  6.558E-10  6.425E-10  6.296E-10  6.170E-10  6.047E-10  5.927E-10  5.811E-10  5.697E-10  5.586E-10  5.477E-10  5.371E-10  5.267E-10  5.165E-10  5.066E-10  4.969E-10  4.874E-10  4.780E-10  4.689E-10  4.600E-10  4.512E-10  4.426E-10  4.341E-10  4.258E-10  4.177E-10  4.097E-10  4.019E-10  3.941E-10  3.865E-10  3.791E-10  3.717E-10  3.645E-10  3.574E-10  3.503E-10  3.434E-10  3.366E-10  3.299E-10  3.232E-10  3.167E-10  3.102E-10  3.038E-10  2.975E-10
  292.5000  5.323E-09  5.175E-09  5.034E-09  4.900E-09  4.771E-09  4.649E-09  4.532E-09  4.419E-09  4.312E-09  4.208E-09  4.109E-09  4.013E-09  3.920E-09  3.831E-09  3.744E-09  3.661E-09  3.580E-09  3.502E-09  3.426E-09  3.352E-09  3.281E-09  3.211E-09  3.144E-09  3.078E-09  3.014E-09  2.952E-09  2.891E-09  2.832E-09  2.775E-09  2.718E-09  2.663E-09  2.610E-09  2.558E-09  2.506E-09  2.456E-09  2.408E-09  2.360E-09  2.313E-09  2.267E-09  2.222E-09  2.178E-09  2.135E-09  2.093E-09  2.052E-09  2.011E-09  1.971E-09  1.932E-09  1.893E-09  1.855E-09  1.818E-09  1.782E-09  1.746E-09  1.710E-09  1.675E-09  1.641E-09  1.608E-09  1.574E-09  1.541E-09  1.509E-09  1.477E-09  1.446E-09
  293.5000  3.248E-08  3.146E-08  3.050E-08  2.960E-08  2.874E-08  2.793E-08  2.715E-08  2.641E-08  2.571E-08  2.504E-08  2.439E-08  2.378E-08  2.319E-08  2.262E-08  2.207E-08  2.155E-08  2.104E-08  2.055E-08  2.007E-08  1.962E-08  1.918E-08  1.875E-08  1.833E-08  1.793E-08  1.753E-08  1.715E-08  1.678E-08  1.642E-08  1.607E-08  1.573E-08  1.540E-08  1.507E-08  1.476E-08  1.445E-08  1.415E-08  1.385E-08  1.357E-08  1.329E-08  1.301E-08  1.274E-08  1.248E-08  1.222E-08  1.197E-08  1.172E-08  1.148E-08  1.125E-08  1.101E-08  1.078E-08  1.056E-08  1.034E-08  1.013E-08  9.914E-09  9.705E-09  9.500E-09  9.300E-09  9.101E-09  8.906E-09  8.714E-09  8.525E-09  8.339E-09  8.155E-09
  294.5000  1.144E-07  1.104E-07  1.067E-07  1.032E-07  9.984E-08  9.671E-08  9.375E-08  9.095E-08  8.829E-08  8.577E-08  8.337E-08  8.108E-08  7.889E-08  7.681E-08  7.481E-08  7.290E-08  7.106E-08  6.929E-08  6.759E-08  6.595E-08  6.438E-08  6.285E-08  6.138E-08  5.995E-08  5.857E-08  5.724E-08  5.594E-08  5.469E-08  5.346E-08  5.228E-08  5.112E-08  5.000E-08  4.891E-08  4.784E-08  4.680E-08  4.579E-08  4.480E-08  4.384E-08  4.289E-08  4.197E-08  4.107E-08  4.019E-08  3.933E-08  3.849E-08  3.767E-08  3.686E-08  3.607E-08  3.530E-08  3.454E-08  3.380E-08  3.307E-08  3.235E-08  3.165E-08  3.096E-08  3.028E-08  2.962E-08  2.896E-08  2.832E-08  2.768E-08  2.706E-08  2.645E-08
  295.5000  5.792E-07  5.564E-07  5.350E-07  5.150E-07  4.962E-07  4.785E-07  4.619E-07  4.462E-07  4.314E-07  4.175E-07  4.043E-07  3.918E-07  3.800E-07  3.688E-07  3.581E-07  3.479E-07  3.382E-07  3.289E-07  3.201E-07  3.116E-07  3.035E-07  2.957E-07  2.881E-07  2.809E-07  2.739E-07  2.672E-07  2.608E-07  2.545E-07  2.484E-07  2.425E-07  2.369E-07  2.313E-07  2.260E-07  2.208E-07  2.157E-07  2.108E-07  2.060E-07  2.013E-07  1.968E-07  1.923E-07  1.880E-07  1.838E-07  1.797E-07  1.756E-07  1.717E-07  1.679E-07  1.641E-07  1.604E-07  1.568E-07  1.533E-07  1.498E-07  1.464E-07  1.431E-07  1.399E-07  1.367E-07  1.335E-07  1.305E-07  1.274E-07  1.245E-07  1.216E-07  1.187E-07
  296.5000  1.896E-06  1.814E-06  1.737E-06  1.665E-06  1.597E-06  1.534E-06  1.474E-06  1.418E-06  1.365E-06  1.316E-06  1.269E-06  1.225E-06  1.183E-06  1.144E-06  1.107E-06  1.072E-06  1.038E-06  1.007E-06  9.765E-07  9.479E-07  9.206E-07  8.946E-07  8.696E-07  8.458E-07  8.230E-07  8.011E-07  7.801E-07  7.598E-07  7.403E-07  7.215E-07  7.034E-07  6.859E-07  6.690E-07  6.526E-07  6.367E-07  6.213E-07  6.063E-07  5.919E-07  5.778E-07  5.640E-07  5.507E-07  5.377E-07  5.250E-07  5.127E-07  5.007E-07  4.889E-07  4.774E-07  4.662E-07  4.553E-07  4.446E-07  4.341E-07  4.239E-07  4.139E-07  4.041E-07  3.945E-07  3.851E-07  3.758E-07  3.668E-07  3.579E-07  3.492E-07  3.406E-07
  297.5000  6.591E-06  6.286E-06  5.998E-06  5.729E-06  5.476E-06  5.238E-06  5.014E-06  4.804E-06  4.606E-06  4.421E-06  4.247E-06  4.082E-06  3.927E-06  3.781E-06  3.644E-06  3.514E-06  3.391E-06  3.275E-06  3.166E-06  3.062E-06  2.964E-06  2.870E-06  2.781E-06  2.697E-06  2.616E-06  2.539E-06  2.466E-06  2.396E-06  2.329E-06  2.264E-06  2.202E-06  2.143E-06  2.086E-06  2.031E-06  1.978E-06  1.927E-06  1.877E-06  1.829E-06  1.783E-06  1.738E-06  1.694E-06  1.652E-06  1.611E-06  1.571E-06  1.532E-06  1.494E-06  1.457E-06  1.422E-06  1.387E-06  1.353E-06  1.319E-06  1.287E-06  1.255E-06  1.224E-06  1.193E-06  1.164E-06  1.134E-06  1.106E-06  1.078E-06  1.051E-06  1.024E-06
  298.5000  1.346E-05  1.281E-05  1.220E-05  1.163E-05  1.109E-05  1.058E-05  1.010E-05  9.646E-06  9.220E-06  8.820E-06  8.443E-06  8.087E-06  7.752E-06  7.436E-06  7.139E-06  6.859E-06  6.595E-06  6.345E-06  6.109E-06  5.886E-06  5.677E-06  5.478E-06  5.289E-06  5.110E-06  4.941E-06  4.780E-06  4.628E-06  4.482E-06  4.344E-06  4.212E-06  4.086E-06  3.966E-06  3.850E-06  3.740E-06  3.634E-06  3.532E-06  3.434E-06  3.340E-06  3.249E-06  3.162E-06  3.077E-06  2.995E-06  2.916E-06  2.840E-06  2.765E-06  2.693E-06  2.623E-06  2.555E-06  2.489E-06  2.425E-06  2.362E-06  2.301E-06  2.241E-06  2.183E-06  2.127E-06  2.071E-06  2.017E-06  1.964E-06  1.913E-06  1.862E-06  1.813E-06
  299.5000  5.151E-05  4.902E-05  4.666E-05  4.444E-05  4.232E-05  4.032E-05  3.843E-05  3.664E-05  3.494E-05  3.335E-05  3.184E-05  3.041E-05  2.906E-05  2.779E-05  2.659E-05  2.546E-05  2.439E-05  2.338E-05  2.242E-05  2.152E-05  2.067E-05  1.987E-05  1.911E-05  1.839E-05  1.771E-05  1.706E-05  1.646E-05  1.588E-05  1.533E-05  1.481E-05  1.432E-05  1.385E-05  1.340E-05  1.297E-05  1.257E-05  1.218E-05  1.181E-05  1.145E-05  1.111E-05  1.078E-05  1.047E-05  1.017E-05  9.877E-06  9.598E-06  9.328E-06  9.067E-06  8.815E-06  8.570E-06  8.335E-06  8.105E-06  7.883E-06  7.667E-06  7.457E-06  7.253E-06  7.055E-06  6.861E-06  6.673E-06  6.489E-06  6.310E-06  6.135E-06  5.965E-06
  300.5000  7.456E-05  7.102E-05  6.764E-05  6.444E-05  6.139E-05  5.848E-05  5.573E-05  5.311E-05  5.062E-05  4.827E-05  4.604E-05  4.392E-05  4.191E-05  4.001E-05  3.821E-05  3.651E-05  3.489E-05  3.337E-05  3.192E-05  3.056E-05  2.927E-05  2.805E-05  2.689E-05  2.580E-05  2.477E-05  2.379E-05  2.287E-05  2.199E-05  2.116E-05  2.038E-05  1.963E-05  1.893E-05  1.826E-05  1.762E-05  1.702E-05  1.644E-05  1.589E-05  1.537E-05  1.488E-05  1.440E-05  1.395E-05  1.351E-05  1.309E-05  1.269E-05  1.231E-05  1.194E-05  1.159E-05  1.124E-05  1.091E-05  1.060E-05  1.029E-05  9.989E-06  9.700E-06  9.421E-06  9.150E-06  8.887E-06  8.630E-06  8.381E-06  8.139E-06  7.903E-06  7.674E-06
  301.5000  2.423E-04  2.312E-04  2.207E-04  2.106E-04  2.009E-04  1.916E-04  1.828E-04  1.743E-04  1.663E-04  1.586E-04  1.513E-04  1.443E-04  1.376E-04  1.313E-04  1.253E-04  1.196E-04  1.141E-04  1.090E-04  1.041E-04  9.940E-05  9.499E-05  9.079E-05  8.682E-05  8.305E-05  7.947E-05  7.609E-05  7.289E-05  6.985E-05  6.697E-05  6.424E-05  6.165E-05  5.921E-05  5.689E-05  5.469E-05  5.260E-05  5.062E-05  4.874E-05  4.696E-05  4.526E-05  4.365E-05  4.211E-05  4.065E-05  3.926E-05  3.793E-05  3.666E-05  3.545E-05  3.429E-05  3.318E-05  3.211E-05  3.109E-05  3.011E-05  2.916E-05  2.825E-05  2.737E-05  2.652E-05  2.570E-05  2.491E-05  2.414E-05  2.340E-05  2.268E-05  2.198E-05
  302.5000  4.212E-04  4.028E-04  3.851E-04  3.681E-04  3.517E-04  3.360E-04  3.210E-04  3.065E-04  2.927E-04  2.795E-04  2.668E-04  2.547E-04  2.431E-04  2.320E-04  2.214E-04  2.114E-04  2.018E-04  1.926E-04  1.838E-04  1.755E-04  1.676E-04  1.600E-04  1.529E-04  1.460E-04  1.396E-04  1.334E-04  1.276E-04  1.220E-04  1.167E-04  1.117E-04  1.070E-04  1.025E-04  9.824E-05  9.419E-05  9.035E-05  8.671E-05  8.325E-05  7.998E-05  7.687E-05  7.392E-05  7.111E-05  6.845E-05  6.592E-05  6.351E-05  6.122E-05  5.903E-05  5.695E-05  5.496E-05  5.306E-05  5.125E-05  4.951E-05  4.784E-05  4.625E-05  4.471E-05  4.324E-05  4.182E-05  4.046E-05  3.914E-05  3.787E-05  3.664E-05  3.546E-05
  303.5000  1.078E-03  1.034E-03  9.910E-04  9.499E-04  9.101E-04  8.718E-04  8.348E-04  7.992E-04  7.649E-04  7.320E-04  7.002E-04  6.696E-04  6.403E-04  6.121E-04  5.850E-04  5.591E-04  5.342E-04  5.104E-04  4.875E-04  4.656E-04  4.448E-04  4.248E-04  4.057E-04  3.874E-04  3.700E-04  3.533E-04  3.375E-04  3.224E-04  3.080E-04  2.943E-04  2.812E-04  2.689E-04  2.571E-04  2.458E-04  2.351E-04  2.250E-04  2.154E-04  2.063E-04  1.976E-04  1.893E-04  1.815E-04  1.740E-04  1.670E-04  1.603E-04  1.539E-04  1.479E-04  1.421E-04  1.366E-04  1.314E-04  1.265E-04  1.217E-04  1.172E-04  1.129E-04  1.088E-04  1.049E-04  1.011E-04  9.754E-05  9.408E-05  9.077E-05  8.758E-05  8.453E-05
  304.5000  1.496E-03  1.437E-03  1.380E-03  1.326E-03  1.273E-03  1.221E-03  1.172E-03  1.124E-03  1.077E-03  1.033E-03  9.893E-04  9.476E-04  9.074E-04  8.687E-04  8.314E-04  7.956E-04  7.610E-04  7.278E-04  6.959E-04  6.652E-04  6.359E-04  6.077E-04  5.807E-04  5.548E-04  5.299E-04  5.062E-04  4.836E-04  4.618E-04  4.411E-04  4.213E-04  4.024E-04  3.844E-04  3.672E-04  3.509E-04  3.352E-04  3.204E-04  3.063E-04  2.928E-04  2.801E-04  2.679E-04  2.563E-04  2.453E-04  2.349E-04  2.250E-04  2.156E-04  2.066E-04  1.981E-04  1.900E-04  1.824E-04  1.751E-04  1.681E-04  1.615E-04  1.552E-04  1.492E-04  1.435E-04  1.380E-04  1.328E-04  1.278E-04  1.231E-04  1.185E-04  1.142E-04
  305.5000  2.839E-03  2.737E-03  2.638E-03  2.542E-03  2.449E-03  2.357E-03  2.269E-03  2.183E-03  2.099E-03  2.019E-03  1.940E-03  1.864E-03  1.790E-03  1.718E-03  1.649E-03  1.582E-03  1.518E-03  1.455E-03  1.394E-03  1.336E-03  1.280E-03  1.226E-03  1.173E-03  1.123E-03  1.074E-03  1.027E-03  9.826E-04  9.394E-04  8.979E-04  8.581E-04  8.199E-04  7.834E-04  7.483E-04  7.147E-04  6.825E-04  6.518E-04  6.224E-04  5.944E-04  5.676E-04  5.420E-04  5.176E-04  4.943E-04  4.721E-04  4.511E-04  4.309E-04  4.118E-04  3.936E-04  3.762E-04  3.598E-04  3.441E-04  3.292E-04  3.150E-04  3.015E-04  2.887E-04  2.766E-04  2.650E-04  2.539E-04  2.434E-04  2.334E-04  2.239E-04  2.148E-04
  306.5000  3.469E-03  3.350E-03  3.234E-03  3.121E-03  3.010E-03  2.903E-03  2.798E-03  2.696E-03  2.597E-03  2.500E-03  2.407E-03  2.315E-03  2.227E-03  2.141E-03  2.057E-03  1.977E-03  1.898E-03  1.823E-03  1.749E-03  1.678E-03  1.609E-03  1.543E-03  1.478E-03  1.416E-03  1.356E-03  1.299E-03  1.243E-03  1.189E-03  1.138E-03  1.088E-03  1.040E-03  9.943E-04  9.501E-04  9.078E-04  8.671E-04  8.281E-04  7.908E-04  7.552E-04  7.209E-04  6.882E-04  6.569E-04  6.271E-04  5.985E-04  5.714E-04  5.454E-04  5.207E-04  4.971E-04  4.746E-04  4.533E-04  4.329E-04  4.136E-04  3.951E-04  3.776E-04  3.609E-04  3.451E-04  3.300E-04  3.157E-04  3.021E-04  2.891E-04  2.767E-04  2.650E-04
  307.5000  6.803E-03  6.590E-03  6.382E-03  6.179E-03  5.980E-03  5.785E-03  5.595E-03  5.409E-03  5.227E-03  5.050E-03  4.876E-03  4.707E-03  4.541E-03  4.380E-03  4.223E-03  4.071E-03  3.922E-03  3.777E-03  3.636E-03  3.498E-03  3.365E-03  3.236E-03  3.110E-03  2.987E-03  2.869E-03  2.754E-03  2.643E-03  2.535E-03  2.431E-03  2.330E-03  2.232E-03  2.138E-03  2.047E-03  1.959E-03  1.874E-03  1.792E-03  1.713E-03  1.638E-03  1.565E-03  1.495E-03  1.427E-03  1.362E-03  1.300E-03  1.241E-03  1.184E-03  1.129E-03  1.077E-03  1.027E-03  9.791E-04  9.334E-04  8.898E-04  8.482E-04  8.085E-04  7.706E-04  7.347E-04  7.003E-04  6.676E-04  6.365E-04  6.069E-04  5.787E-04  5.520E-04
  308.5000  8.571E-03  8.314E-03  8.062E-03  7.815E-03  7.573E-03  7.336E-03  7.104E-03  6.876E-03  6.654E-03  6.437E-03  6.224E-03  6.015E-03  5.812E-03  5.613E-03  5.419E-03  5.230E-03  5.045E-03  4.865E-03  4.690E-03  4.518E-03  4.352E-03  4.190E-03  4.032E-03  3.878E-03  3.729E-03  3.584E-03  3.444E-03  3.307E-03  3.174E-03  3.046E-03  2.921E-03  2.801E-03  2.684E-03  2.571E-03  2.462E-03  2.357E-03  2.255E-03  2.157E-03  2.062E-03  1.971E-03  1.883E-03  1.799E-03  1.717E-03  1.639E-03  1.564E-03  1.492E-03  1.423E-03  1.357E-03  1.294E-03  1.233E-03  1.175E-03  1.119E-03  1.066E-03  1.016E-03  9.675E-04  9.214E-04  8.775E-04  8.356E-04  7.958E-04  7.578E-04  7.219E-04
  309.5000  9.283E-03  9.025E-03  8.772E-03  8.524E-03  8.280E-03  8.040E-03  7.804E-03  7.573E-03  7.345E-03  7.123E-03  6.905E-03  6.690E-03  6.480E-03  6.274E-03  6.073E-03  5.876E-03  5.683E-03  5.494E-03  5.309E-03  5.128E-03  4.952E-03  4.779E-03  4.611E-03  4.446E-03  4.286E-03  4.130E-03  3.978E-03  3.829E-03  3.684E-03  3.544E-03  3.407E-03  3.274E-03  3.145E-03  3.019E-03  2.897E-03  2.779E-03  2.664E-03  2.553E-03  2.445E-03  2.341E-03  2.241E-03  2.143E-03  2.049E-03  1.959E-03  1.871E-03  1.787E-03  1.705E-03  1.627E-03  1.552E-03  1.479E-03  1.410E-03  1.343E-03  1.279E-03  1.218E-03  1.159E-03  1.103E-03  1.049E-03  9.981E-04  9.490E-04  9.022E-04  8.577E-04
  310.5000  1.466E-02  1.428E-02  1.390E-02  1.353E-02  1.317E-02  1.281E-02  1.245E-02  1.211E-02  1.176E-02  1.143E-02  1.110E-02  1.077E-02  1.046E-02  1.014E-02  9.836E-03  9.535E-03  9.240E-03  8.950E-03  8.666E-03  8.387E-03  8.115E-03  7.848E-03  7.586E-03  7.330E-03  7.080E-03  6.835E-03  6.597E-03  6.363E-03  6.135E-03  5.912E-03  5.695E-03  5.484E-03  5.277E-03  5.076E-03  4.880E-03  4.690E-03  4.504E-03  4.325E-03  4.150E-03  3.980E-03  3.815E-03  3.655E-03  3.500E-03  3.350E-03  3.205E-03  3.064E-03  2.928E-03  2.797E-03  2.671E-03  2.549E-03  2.431E-03  2.317E-03  2.208E-03  2.103E-03  2.003E-03  1.906E-03  1.813E-03  1.724E-03  1.639E-03  1.557E-03  1.479E-03
  311.5000  2.080E-02  2.028E-02  1.977E-02  1.927E-02  1.877E-02  1.828E-02  1.780E-02  1.732E-02  1.685E-02  1.639E-02  1.594E-02  1.549E-02  1.505E-02  1.462E-02  1.420E-02  1.378E-02  1.337E-02  1.297E-02  1.258E-02  1.219E-02  1.181E-02  1.143E-02  1.107E-02  1.071E-02  1.036E-02  1.001E-02  9.679E-03  9.349E-03  9.026E-03  8.711E-03  8.402E-03  8.102E-03  7.808E-03  7.521E-03  7.241E-03  6.967E-03  6.701E-03  6.442E-03  6.190E-03  5.944E-03  5.705E-03  5.473E-03  5.247E-03  5.029E-03  4.816E-03  4.610E-03  4.410E-03  4.217E-03  4.030E-03  3.849E-03  3.675E-03  3.506E-03  3.343E-03  3.186E-03  3.035E-03  2.890E-03  2.750E-03  2.615E-03  2.486E-03  2.362E-03  2.244E-03
  312.5000  2.419E-02  2.364E-02  2.309E-02  2.255E-02  2.202E-02  2.149E-02  2.097E-02  2.046E-02  1.995E-02  1.945E-02  1.896E-02  1.847E-02  1.799E-02  1.752E-02  1.705E-02  1.659E-02  1.614E-02  1.569E-02  1.525E-02  1.482E-02  1.440E-02  1.398E-02  1.357E-02  1.316E-02  1.277E-02  1.238E-02  1.199E-02  1.162E-02  1.125E-02  1.089E-02  1.053E-02  1.018E-02  9.842E-03  9.507E-03  9.179E-03  8.858E-03  8.544E-03  8.238E-03  7.938E-03  7.645E-03  7.358E-03  7.079E-03  6.806E-03  6.541E-03  6.281E-03  6.029E-03  5.783E-03  5.544E-03  5.312E-03  5.086E-03  4.866E-03  4.653E-03  4.447E-03  4.247E-03  4.054E-03  3.867E-03  3.685E-03  3.510E-03  3.342E-03  3.179E-03  3.022E-03
  313.5000  2.861E-02  2.797E-02  2.733E-02  2.671E-02  2.609E-02  2.548E-02  2.487E-02  2.428E-02  2.369E-02  2.311E-02  2.253E-02  2.196E-02  2.141E-02  2.085E-02  2.031E-02  1.978E-02  1.925E-02  1.873E-02  1.821E-02  1.771E-02  1.721E-02  1.672E-02  1.624E-02  1.577E-02  1.530E-02  1.484E-02  1.439E-02  1.395E-02  1.352E-02  1.309E-02  1.267E-02  1.226E-02  1.186E-02  1.146E-02  1.107E-02  1.069E-02  1.032E-02  9.959E-03  9.603E-03  9.255E-03  8.914E-03  8.581E-03  8.256E-03  7.940E-03  7.630E-03  7.329E-03  7.035E-03  6.748E-03  6.470E-03  6.199E-03  5.935E-03  5.679E-03  5.431E-03  5.189E-03  4.956E-03  4.730E-03  4.511E-03  4.299E-03  4.094E-03  3.896E-03  3.706E-03
  314.5000  3.324E-02  3.256E-02  3.188E-02  3.121E-02  3.054E-02  2.989E-02  2.924E-02  2.859E-02  2.795E-02  2.733E-02  2.670E-02  2.609E-02  2.548E-02  2.487E-02  2.428E-02  2.369E-02  2.311E-02  2.254E-02  2.197E-02  2.141E-02  2.086E-02  2.032E-02  1.978E-02  1.925E-02  1.873E-02  1.822E-02  1.771E-02  1.721E-02  1.672E-02  1.624E-02  1.576E-02  1.529E-02  1.483E-02  1.437E-02  1.393E-02  1.349E-02  1.306E-02  1.263E-02  1.222E-02  1.181E-02  1.141E-02  1.101E-02  1.063E-02  1.025E-02  9.883E-03  9.520E-03  9.166E-03  8.819E-03  8.481E-03  8.150E-03  7.827E-03  7.511E-03  7.203E-03  6.903E-03  6.612E-03  6.327E-03  6.050E-03  5.781E-03  5.520E-03  5.266E-03  5.020E-03
  315.5000  3.521E-02  3.450E-02  3.379E-02  3.309E-02  3.239E-02  3.170E-02  3.102E-02  3.035E-02  2.968E-02  2.902E-02  2.837E-02  2.772E-02  2.709E-02  2.646E-02  2.583E-02  2.522E-02  2.461E-02  2.401E-02  2.341E-02  2.282E-02  2.225E-02  2.167E-02  2.111E-02  2.055E-02  2.000E-02  1.946E-02  1.893E-02  1.840E-02  1.788E-02  1.737E-02  1.687E-02  1.638E-02  1.589E-02  1.541E-02  1.494E-02  1.447E-02  1.401E-02  1.357E-02  1.313E-02  1.269E-02  1.227E-02  1.185E-02  1.144E-02  1.104E-02  1.065E-02  1.026E-02  9.887E-03  9.518E-03  9.158E-03  8.804E-03  8.459E-03  8.122E-03  7.794E-03  7.473E-03  7.161E-03  6.856E-03  6.559E-03  6.271E-03  5.990E-03  5.717E-03  5.453E-03
  316.5000  3.941E-02  3.867E-02  3.793E-02  3.720E-02  3.647E-02  3.575E-02  3.504E-02  3.433E-02  3.363E-02  3.294E-02  3.225E-02  3.157E-02  3.090E-02  3.023E-02  2.957E-02  2.892E-02  2.827E-02  2.763E-02  2.700E-02  2.637E-02  2.575E-02  2.514E-02  2.454E-02  2.394E-02  2.334E-02  2.276E-02  2.218E-02  2.161E-02  2.105E-02  2.049E-02  1.994E-02  1.940E-02  1.887E-02  1.834E-02  1.782E-02  1.731E-02  1.681E-02  1.631E-02  1.582E-02  1.534E-02  1.486E-02  1.439E-02  1.393E-02  1.348E-02  1.304E-02  1.260E-02  1.217E-02  1.175E-02  1.134E-02  1.093E-02  1.053E-02  1.014E-02  9.758E-03  9.383E-03  9.018E-03  8.659E-03  8.308E-03  7.965E-03  7.631E-03  7.304E-03  6.987E-03
  317.5000  5.581E-02  5.476E-02  5.371E-02  5.268E-02  5.165E-02  5.063E-02  4.962E-02  4.862E-02  4.762E-02  4.664E-02  4.567E-02  4.470E-02  4.375E-02  4.280E-02  4.187E-02  4.094E-02  4.003E-02  3.912E-02  3.822E-02  3.733E-02  3.646E-02  3.559E-02  3.473E-02  3.388E-02  3.305E-02  3.222E-02  3.140E-02  3.059E-02  2.979E-02  2.901E-02  2.823E-02  2.746E-02  2.671E-02  2.596E-02  2.522E-02  2.450E-02  2.378E-02  2.308E-02  2.239E-02  2.170E-02  2.103E-02  2.037E-02  1.971E-02  1.908E-02  1.845E-02  1.783E-02  1.722E-02  1.662E-02  1.604E-02  1.546E-02  1.490E-02  1.434E-02  1.380E-02  1.327E-02  1.276E-02  1.225E-02  1.175E-02  1.127E-02  1.079E-02  1.033E-02  9.880E-03
  318.5000  4.886E-02  4.800E-02  4.715E-02  4.630E-02  4.546E-02  4.463E-02  4.380E-02  4.298E-02  4.217E-02  4.136E-02  4.056E-02  3.977E-02  3.898E-02  3.820E-02  3.743E-02  3.666E-02  3.590E-02  3.515E-02  3.441E-02  3.367E-02  3.294E-02  3.221E-02  3.150E-02  3.078E-02  3.008E-02  2.939E-02  2.870E-02  2.802E-02  2.734E-02  2.668E-02  2.602E-02  2.537E-02  2.472E-02  2.409E-02  2.346E-02  2.284E-02  2.222E-02  2.162E-02  2.102E-02  2.043E-02  1.984E-02  1.927E-02  1.870E-02  1.814E-02  1.759E-02  1.705E-02  1.651E-02  1.598E-02  1.547E-02  1.495E-02  1.445E-02  1.396E-02  1.347E-02  1.299E-02  1.252E-02  1.206E-02  1.161E-02  1.117E-02  1.073E-02  1.030E-02  9.888E-03
  319.5000  6.088E-02  5.982E-02  5.877E-02  5.774E-02  5.670E-02  5.568E-02  5.466E-02  5.365E-02  5.265E-02  5.166E-02  5.068E-02  4.970E-02  4.873E-02  4.777E-02  4.681E-02  4.587E-02  4.494E-02  4.401E-02  4.309E-02  4.218E-02  4.128E-02  4.038E-02  3.950E-02  3.862E-02  3.775E-02  3.689E-02  3.604E-02  3.520E-02  3.437E-02  3.354E-02  3.272E-02  3.192E-02  3.112E-02  3.033E-02  2.955E-02  2.878E-02  2.802E-02  2.727E-02  2.653E-02  2.579E-02  2.507E-02  2.435E-02  2.365E-02  2.295E-02  2.227E-02  2.159E-02  2.092E-02  2.026E-02  1.962E-02  1.898E-02  1.835E-02  1.773E-02  1.713E-02  1.653E-02  1.594E-02  1.536E-02  1.480E-02  1.424E-02  1.369E-02  1.316E-02  1.263E-02
  320.5000  7.597E-02  7.467E-02  7.339E-02  7.211E-02  7.085E-02  6.959E-02  6.834E-02  6.710E-02  6.587E-02  6.465E-02  6.344E-02  6.224E-02  6.105E-02  5.987E-02  5.869E-02  5.753E-02  5.638E-02  5.524E-02  5.411E-02  5.298E-02  5.187E-02  5.077E-02  4.968E-02  4.860E-02  4.752E-02  4.646E-02  4.541E-02  4.437E-02  4.334E-02  4.232E-02  4.131E-02  4.032E-02  3.933E-02  3.835E-02  3.739E-02  3.643E-02  3.549E-02  3.456E-02  3.363E-02  3.272E-02  3.182E-02  3.093E-02  3.005E-02  2.919E-02  2.833E-02  2.749E-02  2.666E-02  2.584E-02  2.503E-02  2.423E-02  2.345E-02  2.267E-02  2.191E-02  2.116E-02  2.043E-02  1.970E-02  1.899E-02  1.829E-02  1.760E-02  1.693E-02  1.627E-02
  321.5000  7.106E-02  6.994E-02  6.882E-02  6.772E-02  6.661E-02  6.552E-02  6.443E-02  6.335E-02  6.227E-02  6.121E-02  6.015E-02  5.910E-02  5.805E-02  5.701E-02  5.598E-02  5.496E-02  5.395E-02  5.294E-02  5.194E-02  5.095E-02  4.997E-02  4.899E-02  4.802E-02  4.706E-02  4.611E-02  4.516E-02  4.423E-02  4.330E-02  4.237E-02  4.146E-02  4.056E-02  3.966E-02  3.877E-02  3.789E-02  3.702E-02  3.615E-02  3.530E-02  3.445E-02  3.361E-02  3.278E-02  3.196E-02  3.115E-02  3.034E-02  2.955E-02  2.876E-02  2.798E-02  2.721E-02  2.645E-02  2.569E-02  2.495E-02  2.421E-02  2.349E-02  2.277E-02  2.206E-02  2.137E-02  2.068E-02  2.000E-02  1.933E-02  1.867E-02  1.802E-02  1.738E-02
  322.5000  6.652E-02  6.541E-02  6.430E-02  6.320E-02  6.211E-02  6.102E-02  5.994E-02  5.887E-02  5.781E-02  5.676E-02  5.571E-02  5.467E-02  5.364E-02  5.262E-02  5.161E-02  5.060E-02  4.961E-02  4.862E-02  4.764E-02  4.666E-02  4.570E-02  4.475E-02  4.380E-02  4.286E-02  4.193E-02  4.101E-02  4.010E-02  3.920E-02  3.831E-02  3.742E-02  3.654E-02  3.568E-02  3.482E-02  3.397E-02  3.313E-02  3.230E-02  3.148E-02  3.066E-02  2.986E-02  2.907E-02  2.828E-02  2.751E-02  2.674E-02  2.598E-02  2.524E-02  2.450E-02  2.377E-02  2.305E-02  2.235E-02  2.165E-02  2.096E-02  2.028E-02  1.961E-02  1.895E-02  1.831E-02  1.767E-02  1.704E-02  1.643E-02  1.582E-02  1.522E-02  1.464E-02
  323.5000  7.702E-02  7.585E-02  7.468E-02  7.352E-02  7.236E-02  7.121E-02  7.007E-02  6.894E-02  6.781E-02  6.669E-02  6.558E-02  6.447E-02  6.337E-02  6.228E-02  6.120E-02  6.012E-02  5.905E-02  5.799E-02  5.694E-02  5.589E-02  5.486E-02  5.382E-02  5.280E-02  5.178E-02  5.078E-02  4.978E-02  4.879E-02  4.780E-02  4.682E-02  4.586E-02  4.490E-02  4.395E-02  4.300E-02  4.206E-02  4.114E-02  4.022E-02  3.930E-02  3.840E-02  3.751E-02  3.662E-02  3.574E-02  3.487E-02  3.401E-02  3.316E-02  3.231E-02  3.147E-02  3.065E-02  2.983E-02  2.902E-02  2.822E-02  2.742E-02  2.664E-02  2.586E-02  2.510E-02  2.434E-02  2.359E-02  2.285E-02  2.212E-02  2.140E-02  2.069E-02  1.999E-02
  324.5000  9.010E-02  8.871E-02  8.734E-02  8.598E-02  8.462E-02  8.327E-02  8.193E-02  8.059E-02  7.927E-02  7.796E-02  7.665E-02  7.535E-02  7.406E-02  7.278E-02  7.150E-02  7.024E-02  6.899E-02  6.774E-02  6.650E-02  6.527E-02  6.406E-02  6.285E-02  6.165E-02  6.045E-02  5.927E-02  5.810E-02  5.694E-02  5.578E-02  5.463E-02  5.350E-02  5.237E-02  5.126E-02  5.015E-02  4.905E-02  4.796E-02  4.688E-02  4.582E-02  4.476E-02  4.371E-02  4.267E-02  4.164E-02  4.062E-02  3.961E-02  3.861E-02  3.762E-02  3.664E-02  3.567E-02  3.471E-02  3.377E-02  3.283E-02  3.190E-02  3.098E-02  3.008E-02  2.918E-02  2.830E-02  2.742E-02  2.656E-02  2.570E-02  2.486E-02  2.403E-02  2.321E-02
  325.5000  9.959E-02  9.804E-02  9.650E-02  9.497E-02  9.345E-02  9.194E-02  9.044E-02  8.895E-02  8.747E-02  8.600E-02  8.453E-02  8.308E-02  8.164E-02  8.020E-02  7.878E-02  7.737E-02  7.597E-02  7.457E-02  7.319E-02  7.182E-02  7.046E-02  6.911E-02  6.776E-02  6.643E-02  6.511E-02  6.380E-02  6.251E-02  6.122E-02  5.994E-02  5.868E-02  5.742E-02  5.618E-02  5.494E-02  5.372E-02  5.251E-02  5.131E-02  5.012E-02  4.894E-02  4.778E-02  4.662E-02  4.548E-02  4.434E-02  4.322E-02  4.211E-02  4.102E-02  3.993E-02  3.885E-02  3.779E-02  3.674E-02  3.570E-02  3.467E-02  3.366E-02  3.265E-02  3.166E-02  3.069E-02  2.972E-02  2.876E-02  2.782E-02  2.689E-02  2.598E-02  2.508E-02
  326.5000  1.303E-01  1.284E-01  1.265E-01  1.247E-01  1.228E-01  1.210E-01  1.191E-01  1.173E-01  1.155E-01  1.137E-01  1.119E-01  1.101E-01  1.083E-01  1.065E-01  1.048E-01  1.030E-01  1.013E-01  9.957E-02  9.786E-02  9.616E-02  9.447E-02  9.280E-02  9.113E-02  8.948E-02  8.783E-02  8.620E-02  8.459E-02  8.298E-02  8.139E-02  7.980E-02  7.823E-02  7.668E-02  7.513E-02  7.359E-02  7.207E-02  7.056E-02  6.906E-02  6.757E-02  6.610E-02  6.463E-02  6.318E-02  6.174E-02  6.032E-02  5.891E-02  5.751E-02  5.612E-02  5.474E-02  5.338E-02  5.203E-02  5.069E-02  4.936E-02  4.805E-02  4.675E-02  4.546E-02  4.419E-02  4.293E-02  4.168E-02  4.045E-02  3.923E-02  3.802E-02  3.683E-02
  327.5000  1.185E-01  1.168E-01  1.150E-01  1.133E-01  1.115E-01  1.098E-01  1.081E-01  1.064E-01  1.047E-01  1.030E-01  1.013E-01  9.968E-02  9.803E-02  9.639E-02  9.476E-02  9.315E-02  9.154E-02  8.994E-02  8.835E-02  8.678E-02  8.522E-02  8.366E-02  8.212E-02  8.059E-02  7.907E-02  7.756E-02  7.607E-02  7.458E-02  7.310E-02  7.164E-02  7.019E-02  6.875E-02  6.732E-02  6.591E-02  6.450E-02  6.311E-02  6.172E-02  6.036E-02  5.900E-02  5.765E-02  5.632E-02  5.500E-02  5.368E-02  5.239E-02  5.110E-02  4.983E-02  4.857E-02  4.732E-02  4.608E-02  4.486E-02  4.364E-02  4.244E-02  4.126E-02  4.008E-02  3.892E-02  3.777E-02  3.664E-02  3.551E-02  3.440E-02  3.330E-02  3.222E-02
  328.5000  1.096E-01  1.080E-01  1.064E-01  1.048E-01  1.032E-01  1.016E-01  1.000E-01  9.843E-02  9.686E-02  9.531E-02  9.376E-02  9.223E-02  9.070E-02  8.918E-02  8.767E-02  8.618E-02  8.469E-02  8.321E-02  8.175E-02  8.029E-02  7.885E-02  7.741E-02  7.598E-02  7.456E-02  7.316E-02  7.176E-02  7.038E-02  6.901E-02  6.764E-02  6.629E-02  6.495E-02  6.362E-02  6.230E-02  6.099E-02  5.969E-02  5.840E-02  5.712E-02  5.585E-02  5.460E-02  5.335E-02  5.212E-02  5.089E-02  4.968E-02  4.848E-02  4.729E-02  4.612E-02  4.495E-02  4.379E-02  4.265E-02  4.152E-02  4.039E-02  3.928E-02  3.819E-02  3.710E-02  3.603E-02  3.496E-02  3.391E-02  3.287E-02  3.184E-02  3.083E-02  2.983E-02
  329.5000  1.505E-01  1.484E-01  1.463E-01  1.442E-01  1.421E-01  1.400E-01  1.379E-01  1.359E-01  1.338E-01  1.318E-01  1.298E-01  1.278E-01  1.258E-01  1.238E-01  1.218E-01  1.198E-01  1.179E-01  1.160E-01  1.140E-01  1.121E-01  1.102E-01  1.083E-01  1.064E-01  1.046E-01  1.027E-01  1.009E-01  9.906E-02  9.725E-02  9.544E-02  9.365E-02  9.188E-02  9.012E-02  8.836E-02  8.663E-02  8.490E-02  8.319E-02  8.149E-02  7.980E-02  7.813E-02  7.647E-02  7.482E-02  7.319E-02  7.156E-02  6.996E-02  6.837E-02  6.678E-02  6.521E-02  6.366E-02  6.212E-02  6.059E-02  5.908E-02  5.757E-02  5.609E-02  5.461E-02  5.315E-02  5.171E-02  5.027E-02  4.885E-02  4.745E-02  4.605E-02  4.468E-02
  330.5000  1.338E-01  1.319E-01  1.300E-01  1.281E-01  1.262E-01  1.243E-01  1.224E-01  1.205E-01  1.187E-01  1.168E-01  1.150E-01  1.132E-01  1.113E-01  1.095E-01  1.077E-01  1.060E-01  1.042E-01  1.024E-01  1.007E-01  9.896E-02  9.724E-02  9.553E-02  9.382E-02  9.213E-02  9.046E-02  8.879E-02  8.714E-02  8.550E-02  8.387E-02  8.225E-02  8.064E-02  7.905E-02  7.747E-02  7.590E-02  7.434E-02  7.280E-02  7.127E-02  6.975E-02  6.824E-02  6.675E-02  6.526E-02  6.379E-02  6.233E-02  6.089E-02  5.946E-02  5.804E-02  5.663E-02  5.523E-02  5.385E-02  5.248E-02  5.112E-02  4.978E-02  4.845E-02  4.713E-02  4.583E-02  4.453E-02  4.326E-02  4.199E-02  4.074E-02  3.950E-02  3.828E-02
  331.5000  1.318E-01  1.299E-01  1.279E-01  1.261E-01  1.242E-01  1.223E-01  1.205E-01  1.186E-01  1.168E-01  1.149E-01  1.131E-01  1.113E-01  1.095E-01  1.077E-01  1.060E-01  1.042E-01  1.025E-01  1.007E-01  9.899E-02  9.727E-02  9.557E-02  9.388E-02  9.220E-02  9.053E-02  8.887E-02  8.722E-02  8.559E-02  8.397E-02  8.236E-02  8.076E-02  7.917E-02  7.761E-02  7.604E-02  7.449E-02  7.295E-02  7.143E-02  6.991E-02  6.842E-02  6.693E-02  6.545E-02  6.399E-02  6.254E-02  6.110E-02  5.967E-02  5.826E-02  5.686E-02  5.547E-02  5.409E-02  5.273E-02  5.138E-02  5.004E-02  4.872E-02  4.740E-02  4.610E-02  4.482E-02  4.355E-02  4.229E-02  4.104E-02  3.981E-02  3.859E-02  3.739E-02
  332.5000  1.352E-01  1.333E-01  1.315E-01  1.296E-01  1.277E-01  1.259E-01  1.240E-01  1.222E-01  1.204E-01  1.186E-01  1.168E-01  1.150E-01  1.132E-01  1.115E-01  1.097E-01  1.080E-01  1.062E-01  1.045E-01  1.028E-01  1.011E-01  9.938E-02  9.770E-02  9.602E-02  9.436E-02  9.271E-02  9.107E-02  8.945E-02  8.783E-02  8.622E-02  8.463E-02  8.304E-02  8.148E-02  7.991E-02  7.836E-02  7.683E-02  7.530E-02  7.378E-02  7.228E-02  7.079E-02  6.931E-02  6.784E-02  6.638E-02  6.493E-02  6.350E-02  6.208E-02  6.066E-02  5.926E-02  5.787E-02  5.650E-02  5.513E-02  5.378E-02  5.244E-02  5.110E-02  4.978E-02  4.848E-02  4.719E-02  4.590E-02  4.463E-02  4.337E-02  4.212E-02  4.089E-02
  333.5000  1.250E-01  1.233E-01  1.215E-01  1.197E-01  1.180E-01  1.162E-01  1.145E-01  1.128E-01  1.111E-01  1.094E-01  1.077E-01  1.060E-01  1.043E-01  1.027E-01  1.010E-01  9.940E-02  9.777E-02  9.614E-02  9.453E-02  9.293E-02  9.135E-02  8.977E-02  8.820E-02  8.664E-02  8.509E-02  8.356E-02  8.204E-02  8.052E-02  7.902E-02  7.752E-02  7.604E-02  7.457E-02  7.311E-02  7.166E-02  7.022E-02  6.879E-02  6.737E-02  6.597E-02  6.458E-02  6.319E-02  6.182E-02  6.046E-02  5.911E-02  5.777E-02  5.645E-02  5.513E-02  5.382E-02  5.253E-02  5.125E-02  4.998E-02  4.872E-02  4.747E-02  4.623E-02  4.501E-02  4.380E-02  4.259E-02  4.140E-02  4.022E-02  3.906E-02  3.790E-02  3.676E-02
  334.5000  1.411E-01  1.391E-01  1.371E-01  1.352E-01  1.332E-01  1.313E-01  1.293E-01  1.274E-01  1.255E-01  1.236E-01  1.217E-01  1.198E-01  1.179E-01  1.161E-01  1.142E-01  1.124E-01  1.106E-01  1.087E-01  1.069E-01  1.051E-01  1.034E-01  1.016E-01  9.984E-02  9.809E-02  9.636E-02  9.463E-02  9.293E-02  9.123E-02  8.954E-02  8.787E-02  8.620E-02  8.456E-02  8.292E-02  8.129E-02  7.968E-02  7.807E-02  7.648E-02  7.491E-02  7.334E-02  7.179E-02  7.025E-02  6.872E-02  6.720E-02  6.570E-02  6.421E-02  6.273E-02  6.127E-02  5.981E-02  5.837E-02  5.694E-02  5.553E-02  5.412E-02  5.273E-02  5.135E-02  4.999E-02  4.863E-02  4.729E-02  4.596E-02  4.465E-02  4.335E-02  4.206E-02
  335.5000  1.459E-01  1.439E-01  1.419E-01  1.399E-01  1.379E-01  1.359E-01  1.340E-01  1.320E-01  1.301E-01  1.281E-01  1.262E-01  1.243E-01  1.224E-01  1.205E-01  1.186E-01  1.167E-01  1.149E-01  1.130E-01  1.112E-01  1.094E-01  1.076E-01  1.058E-01  1.040E-01  1.022E-01  1.004E-01  9.867E-02  9.693E-02  9.520E-02  9.348E-02  9.177E-02  9.007E-02  8.840E-02  8.672E-02  8.506E-02  8.341E-02  8.178E-02  8.015E-02  7.855E-02  7.695E-02  7.536E-02  7.378E-02  7.222E-02  7.067E-02  6.913E-02  6.760E-02  6.609E-02  6.459E-02  6.309E-02  6.162E-02  6.015E-02  5.870E-02  5.726E-02  5.583E-02  5.441E-02  5.301E-02  5.162E-02  5.024E-02  4.887E-02  4.752E-02  4.618E-02  4.485E-02
  336.5000  1.135E-01  1.120E-01  1.104E-01  1.088E-01  1.073E-01  1.057E-01  1.042E-01  1.027E-01  1.011E-01  9.963E-02  9.813E-02  9.663E-02  9.514E-02  9.366E-02  9.218E-02  9.073E-02  8.927E-02  8.783E-02  8.639E-02  8.496E-02  8.355E-02  8.214E-02  8.074E-02  7.934E-02  7.796E-02  7.659E-02  7.523E-02  7.387E-02  7.253E-02  7.119E-02  6.987E-02  6.856E-02  6.725E-02  6.595E-02  6.466E-02  6.338E-02  6.211E-02  6.086E-02  5.961E-02  5.837E-02  5.714E-02  5.592E-02  5.471E-02  5.351E-02  5.232E-02  5.113E-02  4.996E-02  4.880E-02  4.765E-02  4.650E-02  4.537E-02  4.425E-02  4.313E-02  4.203E-02  4.093E-02  3.985E-02  3.877E-02  3.771E-02  3.665E-02  3.561E-02  3.458E-02
  337.5000  1.231E-01  1.214E-01  1.197E-01  1.179E-01  1.162E-01  1.145E-01  1.128E-01  1.112E-01  1.095E-01  1.078E-01  1.062E-01  1.045E-01  1.029E-01  1.013E-01  9.965E-02  9.805E-02  9.645E-02  9.487E-02  9.329E-02  9.172E-02  9.017E-02  8.862E-02  8.709E-02  8.556E-02  8.405E-02  8.254E-02  8.105E-02  7.957E-02  7.809E-02  7.663E-02  7.518E-02  7.374E-02  7.231E-02  7.089E-02  6.948E-02  6.808E-02  6.669E-02  6.532E-02  6.395E-02  6.260E-02  6.125E-02  5.992E-02  5.859E-02  5.729E-02  5.598E-02  5.469E-02  5.341E-02  5.215E-02  5.089E-02  4.964E-02  4.841E-02  4.718E-02  4.597E-02  4.477E-02  4.358E-02  4.240E-02  4.123E-02  4.007E-02  3.892E-02  3.779E-02  3.667E-02
  338.5000  1.327E-01  1.309E-01  1.290E-01  1.272E-01  1.254E-01  1.236E-01  1.218E-01  1.201E-01  1.183E-01  1.165E-01  1.148E-01  1.130E-01  1.113E-01  1.096E-01  1.079E-01  1.062E-01  1.045E-01  1.028E-01  1.011E-01  9.947E-02  9.783E-02  9.619E-02  9.456E-02  9.294E-02  9.133E-02  8.974E-02  8.816E-02  8.658E-02  8.502E-02  8.346E-02  8.192E-02  8.039E-02  7.887E-02  7.736E-02  7.586E-02  7.437E-02  7.290E-02  7.144E-02  6.998E-02  6.854E-02  6.711E-02  6.569E-02  6.427E-02  6.288E-02  6.149E-02  6.012E-02  5.875E-02  5.740E-02  5.606E-02  5.472E-02  5.340E-02  5.209E-02  5.079E-02  4.951E-02  4.824E-02  4.697E-02  4.572E-02  4.448E-02  4.324E-02  4.203E-02  4.082E-02
  339.5000  1.448E-01  1.428E-01  1.408E-01  1.388E-01  1.369E-01  1.349E-01  1.330E-01  1.310E-01  1.291E-01  1.272E-01  1.253E-01  1.234E-01  1.215E-01  1.196E-01  1.178E-01  1.159E-01  1.141E-01  1.122E-01  1.104E-01  1.086E-01  1.068E-01  1.050E-01  1.033E-01  1.015E-01  9.975E-02  9.801E-02  9.629E-02  9.457E-02  9.287E-02  9.118E-02  8.950E-02  8.783E-02  8.618E-02  8.453E-02  8.290E-02  8.128E-02  7.967E-02  7.808E-02  7.650E-02  7.492E-02  7.336E-02  7.181E-02  7.028E-02  6.876E-02  6.725E-02  6.575E-02  6.426E-02  6.278E-02  6.133E-02  5.987E-02  5.843E-02  5.701E-02  5.559E-02  5.419E-02  5.280E-02  5.143E-02  5.006E-02  4.871E-02  4.736E-02  4.604E-02  4.472E-02
  340.5000  1.538E-01  1.517E-01  1.496E-01  1.475E-01  1.454E-01  1.433E-01  1.412E-01  1.391E-01  1.370E-01  1.350E-01  1.330E-01  1.309E-01  1.289E-01  1.269E-01  1.249E-01  1.229E-01  1.210E-01  1.190E-01  1.171E-01  1.151E-01  1.132E-01  1.113E-01  1.094E-01  1.075E-01  1.056E-01  1.038E-01  1.019E-01  1.001E-01  9.829E-02  9.648E-02  9.468E-02  9.291E-02  9.114E-02  8.938E-02  8.764E-02  8.591E-02  8.419E-02  8.249E-02  8.080E-02  7.912E-02  7.745E-02  7.580E-02  7.416E-02  7.254E-02  7.093E-02  6.933E-02  6.774E-02  6.617E-02  6.461E-02  6.307E-02  6.153E-02  6.001E-02  5.850E-02  5.701E-02  5.553E-02  5.407E-02  5.261E-02  5.117E-02  4.974E-02  4.833E-02  4.694E-02
  341.5000  1.382E-01  1.363E-01  1.344E-01  1.325E-01  1.306E-01  1.288E-01  1.269E-01  1.251E-01  1.232E-01  1.214E-01  1.196E-01  1.178E-01  1.160E-01  1.142E-01  1.124E-01  1.107E-01  1.089E-01  1.072E-01  1.054E-01  1.037E-01  1.020E-01  1.003E-01  9.862E-02  9.694E-02  9.527E-02  9.361E-02  9.197E-02  9.034E-02  8.872E-02  8.711E-02  8.550E-02  8.392E-02  8.234E-02  8.078E-02  7.922E-02  7.768E-02  7.614E-02  7.463E-02  7.312E-02  7.162E-02  7.014E-02  6.866E-02  6.720E-02  6.575E-02  6.431E-02  6.288E-02  6.147E-02  6.006E-02  5.867E-02  5.729E-02  5.592E-02  5.456E-02  5.321E-02  5.187E-02  5.055E-02  4.924E-02  4.794E-02  4.665E-02  4.537E-02  4.410E-02  4.285E-02
  342.5000  1.535E-01  1.514E-01  1.493E-01  1.472E-01  1.451E-01  1.431E-01  1.410E-01  1.390E-01  1.369E-01  1.349E-01  1.329E-01  1.309E-01  1.289E-01  1.269E-01  1.249E-01  1.230E-01  1.210E-01  1.191E-01  1.172E-01  1.153E-01  1.134E-01  1.115E-01  1.096E-01  1.078E-01  1.059E-01  1.041E-01  1.023E-01  1.004E-01  9.864E-02  9.685E-02  9.507E-02  9.331E-02  9.156E-02  8.983E-02  8.810E-02  8.639E-02  8.469E-02  8.300E-02  8.133E-02  7.967E-02  7.802E-02  7.638E-02  7.476E-02  7.315E-02  7.155E-02  6.997E-02  6.840E-02  6.684E-02  6.529E-02  6.376E-02  6.224E-02  6.073E-02  5.923E-02  5.775E-02  5.629E-02  5.483E-02  5.338E-02  5.195E-02  5.053E-02  4.913E-02  4.774E-02
  343.5000  1.591E-01  1.569E-01  1.547E-01  1.525E-01  1.504E-01  1.482E-01  1.461E-01  1.439E-01  1.418E-01  1.397E-01  1.376E-01  1.355E-01  1.335E-01  1.314E-01  1.294E-01  1.273E-01  1.253E-01  1.233E-01  1.213E-01  1.193E-01  1.173E-01  1.154E-01  1.134E-01  1.115E-01  1.096E-01  1.077E-01  1.058E-01  1.039E-01  1.020E-01  1.001E-01  9.830E-02  9.647E-02  9.466E-02  9.285E-02  9.106E-02  8.928E-02  8.751E-02  8.576E-02  8.402E-02  8.230E-02  8.058E-02  7.888E-02  7.720E-02  7.553E-02  7.387E-02  7.223E-02  7.059E-02  6.898E-02  6.738E-02  6.578E-02  6.420E-02  6.264E-02  6.109E-02  5.955E-02  5.803E-02  5.652E-02  5.502E-02  5.353E-02  5.206E-02  5.061E-02  4.917E-02
  344.5000  1.112E-01  1.096E-01  1.081E-01  1.066E-01  1.051E-01  1.036E-01  1.021E-01  1.006E-01  9.908E-02  9.760E-02  9.613E-02  9.467E-02  9.322E-02  9.177E-02  9.033E-02  8.891E-02  8.749E-02  8.608E-02  8.467E-02  8.328E-02  8.190E-02  8.052E-02  7.915E-02  7.779E-02  7.644E-02  7.510E-02  7.378E-02  7.245E-02  7.114E-02  6.984E-02  6.854E-02  6.726E-02  6.599E-02  6.472E-02  6.346E-02  6.222E-02  6.098E-02  5.975E-02  5.853E-02  5.733E-02  5.612E-02  5.493E-02  5.375E-02  5.258E-02  5.142E-02  5.027E-02  4.913E-02  4.799E-02  4.687E-02  4.576E-02  4.465E-02  4.356E-02  4.247E-02  4.139E-02  4.033E-02  3.927E-02  3.822E-02  3.719E-02  3.616E-02  3.514E-02  3.413E-02
  345.5000  1.540E-01  1.519E-01  1.498E-01  1.477E-01  1.456E-01  1.435E-01  1.415E-01  1.394E-01  1.374E-01  1.353E-01  1.333E-01  1.313E-01  1.293E-01  1.273E-01  1.254E-01  1.234E-01  1.215E-01  1.195E-01  1.176E-01  1.157E-01  1.138E-01  1.119E-01  1.100E-01  1.081E-01  1.063E-01  1.044E-01  1.026E-01  1.008E-01  9.900E-02  9.721E-02  9.543E-02  9.367E-02  9.192E-02  9.017E-02  8.845E-02  8.673E-02  8.503E-02  8.334E-02  8.167E-02  8.000E-02  7.835E-02  7.671E-02  7.509E-02  7.348E-02  7.188E-02  7.029E-02  6.872E-02  6.715E-02  6.561E-02  6.407E-02  6.255E-02  6.104E-02  5.954E-02  5.806E-02  5.659E-02  5.513E-02  5.369E-02  5.225E-02  5.083E-02  4.943E-02  4.804E-02
  346.5000  1.433E-01  1.414E-01  1.394E-01  1.374E-01  1.355E-01  1.335E-01  1.316E-01  1.297E-01  1.278E-01  1.259E-01  1.240E-01  1.221E-01  1.202E-01  1.184E-01  1.165E-01  1.147E-01  1.129E-01  1.111E-01  1.093E-01  1.075E-01  1.057E-01  1.039E-01  1.022E-01  1.004E-01  9.868E-02  9.696E-02  9.525E-02  9.355E-02  9.186E-02  9.018E-02  8.852E-02  8.687E-02  8.523E-02  8.360E-02  8.199E-02  8.038E-02  7.879E-02  7.722E-02  7.565E-02  7.409E-02  7.255E-02  7.102E-02  6.950E-02  6.800E-02  6.650E-02  6.502E-02  6.355E-02  6.209E-02  6.065E-02  5.921E-02  5.779E-02  5.638E-02  5.499E-02  5.360E-02  5.223E-02  5.087E-02  4.952E-02  4.819E-02  4.686E-02  4.555E-02  4.426E-02
  347.5000  1.403E-01  1.384E-01  1.364E-01  1.345E-01  1.326E-01  1.307E-01  1.288E-01  1.269E-01  1.251E-01  1.232E-01  1.214E-01  1.195E-01  1.177E-01  1.159E-01  1.141E-01  1.123E-01  1.105E-01  1.087E-01  1.069E-01  1.052E-01  1.035E-01  1.017E-01  1.000E-01  9.829E-02  9.659E-02  9.491E-02  9.324E-02  9.157E-02  8.992E-02  8.828E-02  8.665E-02  8.504E-02  8.344E-02  8.184E-02  8.026E-02  7.869E-02  7.713E-02  7.559E-02  7.406E-02  7.254E-02  7.103E-02  6.953E-02  6.804E-02  6.657E-02  6.511E-02  6.366E-02  6.222E-02  6.079E-02  5.938E-02  5.798E-02  5.659E-02  5.521E-02  5.385E-02  5.249E-02  5.115E-02  4.982E-02  4.850E-02  4.719E-02  4.590E-02  4.462E-02  4.335E-02
  348.5000  1.547E-01  1.525E-01  1.504E-01  1.483E-01  1.462E-01  1.441E-01  1.420E-01  1.400E-01  1.379E-01  1.359E-01  1.338E-01  1.318E-01  1.298E-01  1.278E-01  1.258E-01  1.238E-01  1.219E-01  1.199E-01  1.180E-01  1.160E-01  1.141E-01  1.122E-01  1.103E-01  1.084E-01  1.066E-01  1.047E-01  1.029E-01  1.010E-01  9.922E-02  9.742E-02  9.562E-02  9.385E-02  9.208E-02  9.033E-02  8.859E-02  8.686E-02  8.514E-02  8.345E-02  8.176E-02  8.008E-02  7.842E-02  7.677E-02  7.513E-02  7.352E-02  7.191E-02  7.031E-02  6.873E-02  6.716E-02  6.560E-02  6.406E-02  6.253E-02  6.101E-02  5.950E-02  5.801E-02  5.654E-02  5.507E-02  5.362E-02  5.218E-02  5.075E-02  4.934E-02  4.795E-02
  349.5000  1.297E-01  1.279E-01  1.261E-01  1.244E-01  1.226E-01  1.209E-01  1.191E-01  1.174E-01  1.156E-01  1.139E-01  1.122E-01  1.105E-01  1.088E-01  1.072E-01  1.055E-01  1.038E-01  1.022E-01  1.005E-01  9.891E-02  9.729E-02  9.568E-02  9.408E-02  9.249E-02  9.091E-02  8.934E-02  8.779E-02  8.624E-02  8.471E-02  8.318E-02  8.167E-02  8.016E-02  7.867E-02  7.719E-02  7.572E-02  7.426E-02  7.281E-02  7.137E-02  6.995E-02  6.853E-02  6.712E-02  6.573E-02  6.434E-02  6.297E-02  6.162E-02  6.027E-02  5.893E-02  5.760E-02  5.628E-02  5.498E-02  5.368E-02  5.240E-02  5.113E-02  4.986E-02  4.861E-02  4.738E-02  4.615E-02  4.493E-02  4.372E-02  4.253E-02  4.134E-02  4.017E-02
  350.5000  1.819E-01  1.794E-01  1.769E-01  1.744E-01  1.719E-01  1.695E-01  1.670E-01  1.646E-01  1.622E-01  1.598E-01  1.574E-01  1.550E-01  1.526E-01  1.503E-01  1.479E-01  1.456E-01  1.433E-01  1.410E-01  1.387E-01  1.364E-01  1.342E-01  1.319E-01  1.297E-01  1.275E-01  1.253E-01  1.231E-01  1.209E-01  1.188E-01  1.166E-01  1.145E-01  1.124E-01  1.103E-01  1.082E-01  1.062E-01  1.041E-01  1.021E-01  1.001E-01  9.808E-02  9.610E-02  9.413E-02  9.217E-02  9.023E-02  8.831E-02  8.641E-02  8.451E-02  8.264E-02  8.077E-02  7.893E-02  7.710E-02  7.529E-02  7.349E-02  7.170E-02  6.994E-02  6.818E-02  6.645E-02  6.473E-02  6.302E-02  6.133E-02  5.965E-02  5.799E-02  5.636E-02
  351.5000  1.568E-01  1.546E-01  1.525E-01  1.503E-01  1.482E-01  1.461E-01  1.440E-01  1.419E-01  1.398E-01  1.377E-01  1.356E-01  1.336E-01  1.315E-01  1.295E-01  1.275E-01  1.255E-01  1.235E-01  1.215E-01  1.195E-01  1.176E-01  1.156E-01  1.137E-01  1.117E-01  1.098E-01  1.079E-01  1.061E-01  1.042E-01  1.023E-01  1.005E-01  9.865E-02  9.683E-02  9.503E-02  9.324E-02  9.146E-02  8.969E-02  8.794E-02  8.620E-02  8.447E-02  8.276E-02  8.106E-02  7.938E-02  7.770E-02  7.604E-02  7.440E-02  7.277E-02  7.115E-02  6.955E-02  6.795E-02  6.638E-02  6.482E-02  6.326E-02  6.173E-02  6.020E-02  5.869E-02  5.720E-02  5.571E-02  5.424E-02  5.278E-02  5.134E-02  4.991E-02  4.849E-02
  352.5000  1.416E-01  1.397E-01  1.377E-01  1.358E-01  1.339E-01  1.320E-01  1.300E-01  1.281E-01  1.263E-01  1.244E-01  1.225E-01  1.207E-01  1.188E-01  1.170E-01  1.152E-01  1.134E-01  1.115E-01  1.098E-01  1.080E-01  1.062E-01  1.044E-01  1.027E-01  1.010E-01  9.924E-02  9.752E-02  9.582E-02  9.413E-02  9.245E-02  9.079E-02  8.913E-02  8.749E-02  8.586E-02  8.424E-02  8.263E-02  8.104E-02  7.945E-02  7.788E-02  7.633E-02  7.478E-02  7.325E-02  7.172E-02  7.021E-02  6.872E-02  6.723E-02  6.576E-02  6.430E-02  6.285E-02  6.141E-02  5.999E-02  5.858E-02  5.718E-02  5.579E-02  5.441E-02  5.305E-02  5.170E-02  5.036E-02  4.903E-02  4.771E-02  4.641E-02  4.512E-02  4.384E-02
  353.5000  1.708E-01  1.685E-01  1.661E-01  1.638E-01  1.615E-01  1.592E-01  1.569E-01  1.546E-01  1.523E-01  1.501E-01  1.478E-01  1.456E-01  1.433E-01  1.411E-01  1.389E-01  1.367E-01  1.346E-01  1.324E-01  1.303E-01  1.281E-01  1.260E-01  1.239E-01  1.218E-01  1.197E-01  1.177E-01  1.156E-01  1.136E-01  1.116E-01  1.095E-01  1.076E-01  1.056E-01  1.036E-01  1.017E-01  9.972E-02  9.779E-02  9.589E-02  9.399E-02  9.212E-02  9.025E-02  8.840E-02  8.657E-02  8.475E-02  8.294E-02  8.115E-02  7.938E-02  7.762E-02  7.587E-02  7.414E-02  7.242E-02  7.072E-02  6.903E-02  6.736E-02  6.570E-02  6.405E-02  6.243E-02  6.081E-02  5.921E-02  5.763E-02  5.605E-02  5.450E-02  5.296E-02
  354.5000  1.852E-01  1.827E-01  1.801E-01  1.776E-01  1.751E-01  1.726E-01  1.701E-01  1.676E-01  1.652E-01  1.627E-01  1.603E-01  1.579E-01  1.554E-01  1.530E-01  1.507E-01  1.483E-01  1.459E-01  1.436E-01  1.413E-01  1.390E-01  1.367E-01  1.344E-01  1.321E-01  1.299E-01  1.276E-01  1.254E-01  1.232E-01  1.210E-01  1.188E-01  1.166E-01  1.145E-01  1.124E-01  1.103E-01  1.082E-01  1.061E-01  1.040E-01  1.020E-01  9.992E-02  9.790E-02  9.589E-02  9.390E-02  9.193E-02  8.997E-02  8.804E-02  8.611E-02  8.420E-02  8.231E-02  8.043E-02  7.858E-02  7.673E-02  7.490E-02  7.309E-02  7.129E-02  6.951E-02  6.775E-02  6.600E-02  6.426E-02  6.254E-02  6.084E-02  5.915E-02  5.749E-02
  355.5000  1.733E-01  1.709E-01  1.685E-01  1.662E-01  1.638E-01  1.615E-01  1.591E-01  1.568E-01  1.545E-01  1.522E-01  1.499E-01  1.477E-01  1.454E-01  1.432E-01  1.409E-01  1.387E-01  1.365E-01  1.343E-01  1.321E-01  1.300E-01  1.278E-01  1.257E-01  1.236E-01  1.215E-01  1.194E-01  1.173E-01  1.152E-01  1.132E-01  1.111E-01  1.091E-01  1.071E-01  1.051E-01  1.031E-01  1.012E-01  9.921E-02  9.728E-02  9.536E-02  9.346E-02  9.157E-02  8.969E-02  8.783E-02  8.598E-02  8.415E-02  8.234E-02  8.054E-02  7.875E-02  7.698E-02  7.523E-02  7.349E-02  7.176E-02  7.005E-02  6.836E-02  6.667E-02  6.501E-02  6.336E-02  6.172E-02  6.010E-02  5.849E-02  5.690E-02  5.532E-02  5.377E-02
  356.5000  1.610E-01  1.587E-01  1.565E-01  1.543E-01  1.522E-01  1.500E-01  1.478E-01  1.457E-01  1.435E-01  1.414E-01  1.393E-01  1.372E-01  1.351E-01  1.330E-01  1.309E-01  1.288E-01  1.268E-01  1.248E-01  1.227E-01  1.207E-01  1.187E-01  1.167E-01  1.148E-01  1.128E-01  1.109E-01  1.089E-01  1.070E-01  1.051E-01  1.032E-01  1.013E-01  9.945E-02  9.761E-02  9.577E-02  9.394E-02  9.213E-02  9.033E-02  8.854E-02  8.678E-02  8.502E-02  8.328E-02  8.155E-02  7.983E-02  7.813E-02  7.645E-02  7.478E-02  7.312E-02  7.147E-02  6.984E-02  6.823E-02  6.663E-02  6.504E-02  6.346E-02  6.190E-02  6.035E-02  5.882E-02  5.730E-02  5.580E-02  5.430E-02  5.283E-02  5.136E-02  4.991E-02
  357.5000  1.370E-01  1.351E-01  1.332E-01  1.313E-01  1.295E-01  1.276E-01  1.258E-01  1.240E-01  1.221E-01  1.203E-01  1.185E-01  1.167E-01  1.149E-01  1.132E-01  1.114E-01  1.096E-01  1.079E-01  1.062E-01  1.044E-01  1.027E-01  1.010E-01  9.933E-02  9.765E-02  9.598E-02  9.432E-02  9.267E-02  9.104E-02  8.942E-02  8.780E-02  8.620E-02  8.461E-02  8.304E-02  8.147E-02  7.992E-02  7.837E-02  7.684E-02  7.532E-02  7.382E-02  7.232E-02  7.084E-02  6.937E-02  6.791E-02  6.646E-02  6.503E-02  6.360E-02  6.219E-02  6.079E-02  5.940E-02  5.803E-02  5.667E-02  5.531E-02  5.397E-02  5.264E-02  5.133E-02  5.003E-02  4.873E-02  4.745E-02  4.618E-02  4.492E-02  4.368E-02  4.245E-02
  358.5000  1.059E-01  1.044E-01  1.029E-01  1.015E-01  1.001E-01  9.863E-02  9.721E-02  9.579E-02  9.438E-02  9.298E-02  9.158E-02  9.020E-02  8.881E-02  8.744E-02  8.608E-02  8.472E-02  8.338E-02  8.204E-02  8.070E-02  7.938E-02  7.807E-02  7.676E-02  7.546E-02  7.417E-02  7.289E-02  7.162E-02  7.036E-02  6.910E-02  6.785E-02  6.662E-02  6.539E-02  6.417E-02  6.296E-02  6.176E-02  6.057E-02  5.938E-02  5.821E-02  5.705E-02  5.589E-02  5.474E-02  5.361E-02  5.248E-02  5.136E-02  5.025E-02  4.915E-02  4.806E-02  4.698E-02  4.591E-02  4.485E-02  4.380E-02  4.275E-02  4.171E-02  4.069E-02  3.967E-02  3.867E-02  3.767E-02  3.668E-02  3.570E-02  3.472E-02  3.376E-02  3.281E-02
  359.5000  1.783E-01  1.759E-01  1.734E-01  1.710E-01  1.686E-01  1.662E-01  1.638E-01  1.614E-01  1.590E-01  1.566E-01  1.543E-01  1.519E-01  1.496E-01  1.473E-01  1.450E-01  1.427E-01  1.404E-01  1.382E-01  1.359E-01  1.337E-01  1.315E-01  1.293E-01  1.271E-01  1.249E-01  1.228E-01  1.206E-01  1.185E-01  1.164E-01  1.143E-01  1.122E-01  1.101E-01  1.081E-01  1.060E-01  1.040E-01  1.020E-01  1.000E-01  9.803E-02  9.607E-02  9.413E-02  9.219E-02  9.028E-02  8.838E-02  8.649E-02  8.463E-02  8.278E-02  8.094E-02  7.912E-02  7.731E-02  7.552E-02  7.375E-02  7.199E-02  7.024E-02  6.851E-02  6.680E-02  6.511E-02  6.343E-02  6.176E-02  6.011E-02  5.847E-02  5.685E-02  5.525E-02
  360.5000  1.655E-01  1.632E-01  1.609E-01  1.587E-01  1.564E-01  1.542E-01  1.519E-01  1.497E-01  1.475E-01  1.453E-01  1.431E-01  1.410E-01  1.388E-01  1.367E-01  1.345E-01  1.324E-01  1.303E-01  1.282E-01  1.261E-01  1.240E-01  1.220E-01  1.199E-01  1.179E-01  1.159E-01  1.139E-01  1.119E-01  1.099E-01  1.080E-01  1.060E-01  1.041E-01  1.022E-01  1.003E-01  9.836E-02  9.649E-02  9.462E-02  9.277E-02  9.093E-02  8.912E-02  8.731E-02  8.552E-02  8.374E-02  8.198E-02  8.023E-02  7.850E-02  7.678E-02  7.507E-02  7.338E-02  7.171E-02  7.005E-02  6.840E-02  6.677E-02  6.515E-02  6.355E-02  6.196E-02  6.039E-02  5.883E-02  5.728E-02  5.575E-02  5.423E-02  5.273E-02  5.125E-02
  361.5000  1.494E-01  1.473E-01  1.453E-01  1.432E-01  1.412E-01  1.392E-01  1.372E-01  1.351E-01  1.332E-01  1.312E-01  1.292E-01  1.273E-01  1.253E-01  1.234E-01  1.214E-01  1.195E-01  1.176E-01  1.157E-01  1.138E-01  1.120E-01  1.101E-01  1.083E-01  1.064E-01  1.046E-01  1.028E-01  1.010E-01  9.923E-02  9.746E-02  9.570E-02  9.395E-02  9.221E-02  9.050E-02  8.879E-02  8.709E-02  8.541E-02  8.374E-02  8.208E-02  8.044E-02  7.881E-02  7.719E-02  7.559E-02  7.399E-02  7.242E-02  7.086E-02  6.930E-02  6.776E-02  6.624E-02  6.473E-02  6.323E-02  6.174E-02  6.027E-02  5.881E-02  5.736E-02  5.593E-02  5.451E-02  5.310E-02  5.171E-02  5.033E-02  4.896E-02  4.760E-02  4.626E-02
  362.5000  1.756E-01  1.732E-01  1.708E-01  1.684E-01  1.660E-01  1.636E-01  1.612E-01  1.589E-01  1.565E-01  1.542E-01  1.519E-01  1.496E-01  1.473E-01  1.450E-01  1.428E-01  1.405E-01  1.383E-01  1.360E-01  1.338E-01  1.316E-01  1.295E-01  1.273E-01  1.251E-01  1.230E-01  1.209E-01  1.187E-01  1.166E-01  1.146E-01  1.125E-01  1.104E-01  1.084E-01  1.064E-01  1.044E-01  1.024E-01  1.004E-01  9.843E-02  9.648E-02  9.455E-02  9.263E-02  9.073E-02  8.884E-02  8.697E-02  8.512E-02  8.328E-02  8.146E-02  7.965E-02  7.785E-02  7.608E-02  7.432E-02  7.257E-02  7.084E-02  6.912E-02  6.742E-02  6.574E-02  6.407E-02  6.242E-02  6.078E-02  5.915E-02  5.755E-02  5.595E-02  5.438E-02
  363.5000  1.564E-01  1.542E-01  1.521E-01  1.499E-01  1.478E-01  1.457E-01  1.436E-01  1.415E-01  1.394E-01  1.373E-01  1.353E-01  1.332E-01  1.312E-01  1.291E-01  1.271E-01  1.251E-01  1.231E-01  1.211E-01  1.192E-01  1.172E-01  1.153E-01  1.133E-01  1.114E-01  1.095E-01  1.076E-01  1.057E-01  1.039E-01  1.020E-01  1.002E-01  9.832E-02  9.650E-02  9.471E-02  9.292E-02  9.114E-02  8.938E-02  8.763E-02  8.589E-02  8.417E-02  8.247E-02  8.077E-02  7.909E-02  7.742E-02  7.577E-02  7.414E-02  7.251E-02  7.090E-02  6.930E-02  6.772E-02  6.616E-02  6.460E-02  6.306E-02  6.153E-02  6.002E-02  5.852E-02  5.704E-02  5.556E-02  5.410E-02  5.266E-02  5.122E-02  4.981E-02  4.841E-02
  364.5000  1.707E-01  1.684E-01  1.660E-01  1.637E-01  1.614E-01  1.591E-01  1.568E-01  1.545E-01  1.522E-01  1.499E-01  1.477E-01  1.454E-01  1.432E-01  1.410E-01  1.388E-01  1.366E-01  1.344E-01  1.322E-01  1.301E-01  1.279E-01  1.258E-01  1.237E-01  1.216E-01  1.195E-01  1.175E-01  1.154E-01  1.134E-01  1.113E-01  1.093E-01  1.073E-01  1.053E-01  1.034E-01  1.014E-01  9.948E-02  9.755E-02  9.564E-02  9.375E-02  9.187E-02  9.001E-02  8.815E-02  8.632E-02  8.450E-02  8.269E-02  8.091E-02  7.914E-02  7.738E-02  7.563E-02  7.390E-02  7.220E-02  7.050E-02  6.881E-02  6.715E-02  6.549E-02  6.385E-02  6.224E-02  6.063E-02  5.904E-02  5.746E-02  5.589E-02  5.435E-02  5.282E-02
  365.5000  2.082E-01  2.053E-01  2.025E-01  1.996E-01  1.968E-01  1.940E-01  1.912E-01  1.884E-01  1.856E-01  1.828E-01  1.801E-01  1.773E-01  1.746E-01  1.719E-01  1.692E-01  1.666E-01  1.639E-01  1.613E-01  1.586E-01  1.560E-01  1.534E-01  1.508E-01  1.483E-01  1.457E-01  1.432E-01  1.407E-01  1.382E-01  1.357E-01  1.333E-01  1.308E-01  1.284E-01  1.260E-01  1.236E-01  1.213E-01  1.189E-01  1.166E-01  1.143E-01  1.120E-01  1.097E-01  1.075E-01  1.052E-01  1.030E-01  1.008E-01  9.862E-02  9.646E-02  9.431E-02  9.218E-02  9.007E-02  8.799E-02  8.592E-02  8.387E-02  8.183E-02  7.982E-02  7.782E-02  7.585E-02  7.389E-02  7.195E-02  7.002E-02  6.812E-02  6.623E-02  6.436E-02
  366.5000  2.206E-01  2.176E-01  2.145E-01  2.115E-01  2.085E-01  2.055E-01  2.025E-01  1.996E-01  1.966E-01  1.937E-01  1.908E-01  1.879E-01  1.850E-01  1.821E-01  1.793E-01  1.765E-01  1.736E-01  1.708E-01  1.681E-01  1.653E-01  1.625E-01  1.598E-01  1.571E-01  1.544E-01  1.517E-01  1.491E-01  1.464E-01  1.438E-01  1.412E-01  1.386E-01  1.360E-01  1.335E-01  1.310E-01  1.285E-01  1.260E-01  1.235E-01  1.211E-01  1.186E-01  1.162E-01  1.138E-01  1.115E-01  1.091E-01  1.068E-01  1.045E-01  1.022E-01  9.990E-02  9.765E-02  9.541E-02  9.321E-02  9.101E-02  8.884E-02  8.668E-02  8.455E-02  8.243E-02  8.034E-02  7.827E-02  7.621E-02  7.417E-02  7.215E-02  7.015E-02  6.818E-02
  367.5000  2.097E-01  2.068E-01  2.039E-01  2.011E-01  1.982E-01  1.954E-01  1.925E-01  1.897E-01  1.869E-01  1.841E-01  1.814E-01  1.786E-01  1.759E-01  1.731E-01  1.704E-01  1.677E-01  1.650E-01  1.624E-01  1.597E-01  1.571E-01  1.545E-01  1.519E-01  1.493E-01  1.468E-01  1.442E-01  1.417E-01  1.392E-01  1.367E-01  1.342E-01  1.317E-01  1.293E-01  1.269E-01  1.245E-01  1.221E-01  1.197E-01  1.174E-01  1.151E-01  1.127E-01  1.105E-01  1.082E-01  1.059E-01  1.037E-01  1.015E-01  9.928E-02  9.710E-02  9.494E-02  9.280E-02  9.067E-02  8.858E-02  8.649E-02  8.442E-02  8.238E-02  8.035E-02  7.834E-02  7.635E-02  7.438E-02  7.242E-02  7.049E-02  6.857E-02  6.667E-02  6.480E-02
  368.5000  1.844E-01  1.818E-01  1.793E-01  1.768E-01  1.743E-01  1.718E-01  1.693E-01  1.668E-01  1.643E-01  1.619E-01  1.595E-01  1.570E-01  1.546E-01  1.522E-01  1.498E-01  1.475E-01  1.451E-01  1.428E-01  1.404E-01  1.381E-01  1.358E-01  1.336E-01  1.313E-01  1.290E-01  1.268E-01  1.246E-01  1.224E-01  1.202E-01  1.180E-01  1.158E-01  1.137E-01  1.116E-01  1.094E-01  1.073E-01  1.053E-01  1.032E-01  1.011E-01  9.911E-02  9.709E-02  9.509E-02  9.311E-02  9.114E-02  8.919E-02  8.727E-02  8.535E-02  8.345E-02  8.156E-02  7.970E-02  7.785E-02  7.602E-02  7.420E-02  7.240E-02  7.062E-02  6.885E-02  6.711E-02  6.537E-02  6.365E-02  6.195E-02  6.026E-02  5.859E-02  5.695E-02
  369.5000  2.214E-01  2.183E-01  2.153E-01  2.123E-01  2.093E-01  2.062E-01  2.033E-01  2.003E-01  1.973E-01  1.944E-01  1.915E-01  1.885E-01  1.856E-01  1.828E-01  1.799E-01  1.771E-01  1.742E-01  1.714E-01  1.686E-01  1.658E-01  1.631E-01  1.603E-01  1.576E-01  1.549E-01  1.522E-01  1.495E-01  1.469E-01  1.443E-01  1.416E-01  1.390E-01  1.365E-01  1.339E-01  1.314E-01  1.288E-01  1.263E-01  1.239E-01  1.214E-01  1.190E-01  1.165E-01  1.141E-01  1.118E-01  1.094E-01  1.071E-01  1.047E-01  1.024E-01  1.002E-01  9.790E-02  9.565E-02  9.344E-02  9.124E-02  8.906E-02  8.689E-02  8.475E-02  8.263E-02  8.054E-02  7.845E-02  7.639E-02  7.435E-02  7.232E-02  7.032E-02  6.834E-02
  370.5000  2.011E-01  1.983E-01  1.955E-01  1.928E-01  1.900E-01  1.873E-01  1.846E-01  1.819E-01  1.792E-01  1.765E-01  1.739E-01  1.712E-01  1.686E-01  1.660E-01  1.634E-01  1.608E-01  1.582E-01  1.557E-01  1.531E-01  1.506E-01  1.481E-01  1.456E-01  1.431E-01  1.407E-01  1.382E-01  1.358E-01  1.334E-01  1.310E-01  1.286E-01  1.262E-01  1.239E-01  1.216E-01  1.193E-01  1.170E-01  1.147E-01  1.125E-01  1.102E-01  1.080E-01  1.058E-01  1.036E-01  1.015E-01  9.931E-02  9.719E-02  9.508E-02  9.299E-02  9.092E-02  8.887E-02  8.683E-02  8.482E-02  8.282E-02  8.084E-02  7.888E-02  7.693E-02  7.500E-02  7.310E-02  7.121E-02  6.934E-02  6.748E-02  6.565E-02  6.383E-02  6.203E-02
  371.5000  2.303E-01  2.271E-01  2.239E-01  2.208E-01  2.176E-01  2.145E-01  2.114E-01  2.083E-01  2.052E-01  2.022E-01  1.991E-01  1.961E-01  1.931E-01  1.901E-01  1.871E-01  1.841E-01  1.812E-01  1.783E-01  1.754E-01  1.725E-01  1.696E-01  1.667E-01  1.639E-01  1.611E-01  1.583E-01  1.555E-01  1.527E-01  1.500E-01  1.473E-01  1.446E-01  1.419E-01  1.392E-01  1.366E-01  1.340E-01  1.314E-01  1.288E-01  1.262E-01  1.237E-01  1.212E-01  1.187E-01  1.162E-01  1.137E-01  1.113E-01  1.089E-01  1.065E-01  1.041E-01  1.017E-01  9.941E-02  9.711E-02  9.482E-02  9.255E-02  9.030E-02  8.808E-02  8.587E-02  8.369E-02  8.153E-02  7.938E-02  7.726E-02  7.516E-02  7.307E-02  7.102E-02
  372.5000  1.703E-01  1.679E-01  1.656E-01  1.633E-01  1.609E-01  1.586E-01  1.563E-01  1.540E-01  1.517E-01  1.495E-01  1.472E-01  1.450E-01  1.428E-01  1.405E-01  1.383E-01  1.362E-01  1.340E-01  1.318E-01  1.296E-01  1.275E-01  1.254E-01  1.233E-01  1.212E-01  1.191E-01  1.170E-01  1.150E-01  1.129E-01  1.109E-01  1.089E-01  1.069E-01  1.049E-01  1.029E-01  1.010E-01  9.902E-02  9.710E-02  9.519E-02  9.329E-02  9.142E-02  8.955E-02  8.771E-02  8.587E-02  8.405E-02  8.225E-02  8.047E-02  7.870E-02  7.694E-02  7.520E-02  7.348E-02  7.178E-02  7.008E-02  6.840E-02  6.674E-02  6.510E-02  6.347E-02  6.185E-02  6.025E-02  5.867E-02  5.710E-02  5.555E-02  5.401E-02  5.249E-02
  373.5000  1.541E-01  1.519E-01  1.498E-01  1.477E-01  1.456E-01  1.435E-01  1.414E-01  1.393E-01  1.373E-01  1.352E-01  1.332E-01  1.312E-01  1.292E-01  1.271E-01  1.251E-01  1.232E-01  1.212E-01  1.192E-01  1.173E-01  1.153E-01  1.134E-01  1.115E-01  1.096E-01  1.077E-01  1.058E-01  1.040E-01  1.021E-01  1.003E-01  9.848E-02  9.667E-02  9.487E-02  9.309E-02  9.132E-02  8.956E-02  8.782E-02  8.609E-02  8.438E-02  8.268E-02  8.099E-02  7.932E-02  7.766E-02  7.602E-02  7.438E-02  7.277E-02  7.117E-02  6.958E-02  6.801E-02  6.645E-02  6.491E-02  6.337E-02  6.186E-02  6.035E-02  5.886E-02  5.739E-02  5.593E-02  5.448E-02  5.305E-02  5.163E-02  5.022E-02  4.883E-02  4.746E-02
  374.5000  1.692E-01  1.669E-01  1.646E-01  1.623E-01  1.599E-01  1.576E-01  1.554E-01  1.531E-01  1.508E-01  1.486E-01  1.463E-01  1.441E-01  1.419E-01  1.397E-01  1.375E-01  1.353E-01  1.331E-01  1.310E-01  1.288E-01  1.267E-01  1.246E-01  1.225E-01  1.204E-01  1.183E-01  1.163E-01  1.142E-01  1.122E-01  1.102E-01  1.082E-01  1.062E-01  1.042E-01  1.022E-01  1.003E-01  9.837E-02  9.645E-02  9.455E-02  9.267E-02  9.080E-02  8.895E-02  8.711E-02  8.529E-02  8.348E-02  8.169E-02  7.991E-02  7.815E-02  7.641E-02  7.468E-02  7.296E-02  7.127E-02  6.959E-02  6.792E-02  6.627E-02  6.463E-02  6.301E-02  6.141E-02  5.982E-02  5.825E-02  5.669E-02  5.514E-02  5.361E-02  5.211E-02
  375.5000  1.911E-01  1.885E-01  1.859E-01  1.833E-01  1.806E-01  1.781E-01  1.755E-01  1.729E-01  1.703E-01  1.678E-01  1.653E-01  1.627E-01  1.602E-01  1.577E-01  1.553E-01  1.528E-01  1.504E-01  1.479E-01  1.455E-01  1.431E-01  1.407E-01  1.383E-01  1.360E-01  1.336E-01  1.313E-01  1.290E-01  1.267E-01  1.244E-01  1.221E-01  1.199E-01  1.177E-01  1.155E-01  1.133E-01  1.111E-01  1.089E-01  1.068E-01  1.046E-01  1.025E-01  1.004E-01  9.835E-02  9.629E-02  9.425E-02  9.223E-02  9.023E-02  8.824E-02  8.627E-02  8.431E-02  8.238E-02  8.046E-02  7.856E-02  7.668E-02  7.481E-02  7.297E-02  7.114E-02  6.933E-02  6.753E-02  6.576E-02  6.399E-02  6.225E-02  6.053E-02  5.882E-02
  376.5000  1.911E-01  1.884E-01  1.858E-01  1.832E-01  1.806E-01  1.780E-01  1.754E-01  1.728E-01  1.703E-01  1.677E-01  1.652E-01  1.627E-01  1.602E-01  1.577E-01  1.552E-01  1.527E-01  1.503E-01  1.478E-01  1.454E-01  1.430E-01  1.406E-01  1.383E-01  1.359E-01  1.336E-01  1.312E-01  1.289E-01  1.266E-01  1.243E-01  1.221E-01  1.198E-01  1.176E-01  1.154E-01  1.132E-01  1.110E-01  1.088E-01  1.067E-01  1.046E-01  1.025E-01  1.004E-01  9.829E-02  9.623E-02  9.418E-02  9.216E-02  9.016E-02  8.817E-02  8.620E-02  8.425E-02  8.231E-02  8.040E-02  7.850E-02  7.662E-02  7.475E-02  7.291E-02  7.108E-02  6.927E-02  6.748E-02  6.570E-02  6.394E-02  6.220E-02  6.047E-02  5.877E-02
  377.5000  2.278E-01  2.246E-01  2.215E-01  2.184E-01  2.152E-01  2.122E-01  2.091E-01  2.060E-01  2.030E-01  1.999E-01  1.969E-01  1.939E-01  1.909E-01  1.879E-01  1.850E-01  1.821E-01  1.791E-01  1.762E-01  1.733E-01  1.705E-01  1.676E-01  1.648E-01  1.620E-01  1.592E-01  1.564E-01  1.536E-01  1.509E-01  1.482E-01  1.455E-01  1.428E-01  1.401E-01  1.375E-01  1.349E-01  1.323E-01  1.297E-01  1.271E-01  1.246E-01  1.221E-01  1.196E-01  1.171E-01  1.147E-01  1.122E-01  1.098E-01  1.074E-01  1.051E-01  1.027E-01  1.004E-01  9.807E-02  9.580E-02  9.353E-02  9.129E-02  8.906E-02  8.686E-02  8.468E-02  8.253E-02  8.039E-02  7.827E-02  7.618E-02  7.410E-02  7.205E-02  7.002E-02
  378.5000  2.485E-01  2.451E-01  2.416E-01  2.382E-01  2.348E-01  2.315E-01  2.281E-01  2.247E-01  2.214E-01  2.181E-01  2.148E-01  2.115E-01  2.083E-01  2.050E-01  2.018E-01  1.986E-01  1.954E-01  1.922E-01  1.891E-01  1.860E-01  1.829E-01  1.798E-01  1.767E-01  1.736E-01  1.706E-01  1.676E-01  1.646E-01  1.616E-01  1.587E-01  1.558E-01  1.529E-01  1.500E-01  1.471E-01  1.443E-01  1.415E-01  1.387E-01  1.359E-01  1.332E-01  1.304E-01  1.277E-01  1.251E-01  1.224E-01  1.198E-01  1.172E-01  1.146E-01  1.120E-01  1.095E-01  1.070E-01  1.045E-01  1.020E-01  9.955E-02  9.712E-02  9.472E-02  9.234E-02  8.999E-02  8.766E-02  8.535E-02  8.306E-02  8.080E-02  7.856E-02  7.635E-02
  379.5000  1.840E-01  1.815E-01  1.789E-01  1.764E-01  1.739E-01  1.714E-01  1.689E-01  1.664E-01  1.640E-01  1.615E-01  1.591E-01  1.567E-01  1.542E-01  1.518E-01  1.494E-01  1.471E-01  1.447E-01  1.424E-01  1.400E-01  1.377E-01  1.354E-01  1.331E-01  1.308E-01  1.286E-01  1.263E-01  1.241E-01  1.219E-01  1.197E-01  1.175E-01  1.153E-01  1.132E-01  1.111E-01  1.089E-01  1.068E-01  1.047E-01  1.027E-01  1.006E-01  9.859E-02  9.657E-02  9.457E-02  9.258E-02  9.061E-02  8.866E-02  8.673E-02  8.482E-02  8.292E-02  8.104E-02  7.917E-02  7.733E-02  7.550E-02  7.369E-02  7.189E-02  7.011E-02  6.835E-02  6.661E-02  6.488E-02  6.317E-02  6.148E-02  5.980E-02  5.814E-02  5.651E-02
  380.5000  2.215E-01  2.185E-01  2.154E-01  2.124E-01  2.094E-01  2.064E-01  2.034E-01  2.004E-01  1.974E-01  1.944E-01  1.915E-01  1.886E-01  1.857E-01  1.828E-01  1.799E-01  1.770E-01  1.742E-01  1.714E-01  1.686E-01  1.658E-01  1.630E-01  1.602E-01  1.575E-01  1.548E-01  1.521E-01  1.494E-01  1.467E-01  1.441E-01  1.414E-01  1.388E-01  1.362E-01  1.337E-01  1.311E-01  1.286E-01  1.261E-01  1.236E-01  1.211E-01  1.187E-01  1.162E-01  1.138E-01  1.114E-01  1.090E-01  1.067E-01  1.044E-01  1.021E-01  9.978E-02  9.751E-02  9.527E-02  9.305E-02  9.085E-02  8.867E-02  8.650E-02  8.436E-02  8.224E-02  8.015E-02  7.807E-02  7.601E-02  7.397E-02  7.196E-02  6.996E-02  6.799E-02
  381.5000  2.084E-01  2.055E-01  2.026E-01  1.998E-01  1.969E-01  1.941E-01  1.913E-01  1.885E-01  1.857E-01  1.829E-01  1.801E-01  1.774E-01  1.746E-01  1.719E-01  1.692E-01  1.665E-01  1.638E-01  1.612E-01  1.585E-01  1.559E-01  1.533E-01  1.507E-01  1.481E-01  1.456E-01  1.430E-01  1.405E-01  1.380E-01  1.355E-01  1.330E-01  1.306E-01  1.281E-01  1.257E-01  1.233E-01  1.209E-01  1.186E-01  1.162E-01  1.139E-01  1.116E-01  1.093E-01  1.070E-01  1.048E-01  1.025E-01  1.003E-01  9.814E-02  9.597E-02  9.382E-02  9.169E-02  8.958E-02  8.749E-02  8.542E-02  8.336E-02  8.133E-02  7.932E-02  7.732E-02  7.535E-02  7.340E-02  7.146E-02  6.955E-02  6.765E-02  6.577E-02  6.392E-02
  382.5000  1.390E-01  1.371E-01  1.352E-01  1.333E-01  1.314E-01  1.295E-01  1.276E-01  1.257E-01  1.238E-01  1.220E-01  1.201E-01  1.183E-01  1.165E-01  1.147E-01  1.129E-01  1.111E-01  1.093E-01  1.075E-01  1.057E-01  1.040E-01  1.022E-01  1.005E-01  9.879E-02  9.708E-02  9.538E-02  9.369E-02  9.202E-02  9.036E-02  8.871E-02  8.707E-02  8.544E-02  8.383E-02  8.222E-02  8.063E-02  7.905E-02  7.749E-02  7.594E-02  7.440E-02  7.287E-02  7.136E-02  6.986E-02  6.837E-02  6.690E-02  6.544E-02  6.399E-02  6.255E-02  6.113E-02  5.972E-02  5.833E-02  5.695E-02  5.558E-02  5.422E-02  5.288E-02  5.155E-02  5.024E-02  4.893E-02  4.764E-02  4.636E-02  4.510E-02  4.385E-02  4.261E-02
  383.5000  1.222E-01  1.205E-01  1.188E-01  1.171E-01  1.155E-01  1.138E-01  1.121E-01  1.105E-01  1.089E-01  1.072E-01  1.056E-01  1.040E-01  1.024E-01  1.008E-01  9.920E-02  9.762E-02  9.605E-02  9.449E-02  9.294E-02  9.139E-02  8.986E-02  8.834E-02  8.683E-02  8.532E-02  8.383E-02  8.234E-02  8.087E-02  7.941E-02  7.796E-02  7.652E-02  7.508E-02  7.367E-02  7.226E-02  7.086E-02  6.947E-02  6.809E-02  6.673E-02  6.538E-02  6.404E-02  6.270E-02  6.138E-02  6.008E-02  5.878E-02  5.750E-02  5.622E-02  5.496E-02  5.371E-02  5.247E-02  5.125E-02  5.003E-02  4.883E-02  4.764E-02  4.646E-02  4.529E-02  4.413E-02  4.299E-02  4.185E-02  4.073E-02  3.962E-02  3.852E-02  3.743E-02
  384.5000  1.835E-01  1.810E-01  1.785E-01  1.760E-01  1.734E-01  1.710E-01  1.685E-01  1.660E-01  1.635E-01  1.611E-01  1.586E-01  1.562E-01  1.538E-01  1.514E-01  1.490E-01  1.466E-01  1.443E-01  1.419E-01  1.396E-01  1.373E-01  1.350E-01  1.327E-01  1.304E-01  1.282E-01  1.259E-01  1.237E-01  1.215E-01  1.193E-01  1.171E-01  1.149E-01  1.128E-01  1.106E-01  1.085E-01  1.064E-01  1.043E-01  1.023E-01  1.002E-01  9.819E-02  9.617E-02  9.417E-02  9.218E-02  9.022E-02  8.827E-02  8.634E-02  8.443E-02  8.253E-02  8.065E-02  7.879E-02  7.695E-02  7.513E-02  7.332E-02  7.153E-02  6.976E-02  6.800E-02  6.627E-02  6.454E-02  6.284E-02  6.115E-02  5.948E-02  5.783E-02  5.620E-02
  385.5000  1.818E-01  1.793E-01  1.768E-01  1.743E-01  1.718E-01  1.693E-01  1.668E-01  1.644E-01  1.619E-01  1.595E-01  1.571E-01  1.547E-01  1.523E-01  1.499E-01  1.476E-01  1.452E-01  1.429E-01  1.406E-01  1.382E-01  1.359E-01  1.337E-01  1.314E-01  1.291E-01  1.269E-01  1.247E-01  1.225E-01  1.203E-01  1.181E-01  1.159E-01  1.138E-01  1.117E-01  1.096E-01  1.075E-01  1.054E-01  1.033E-01  1.013E-01  9.922E-02  9.721E-02  9.521E-02  9.323E-02  9.127E-02  8.932E-02  8.739E-02  8.548E-02  8.358E-02  8.171E-02  7.984E-02  7.800E-02  7.618E-02  7.437E-02  7.258E-02  7.081E-02  6.905E-02  6.731E-02  6.559E-02  6.389E-02  6.220E-02  6.053E-02  5.888E-02  5.724E-02  5.563E-02
  386.5000  1.855E-01  1.829E-01  1.803E-01  1.778E-01  1.753E-01  1.727E-01  1.702E-01  1.677E-01  1.652E-01  1.628E-01  1.603E-01  1.578E-01  1.554E-01  1.530E-01  1.506E-01  1.482E-01  1.458E-01  1.434E-01  1.410E-01  1.387E-01  1.364E-01  1.341E-01  1.318E-01  1.295E-01  1.272E-01  1.249E-01  1.227E-01  1.205E-01  1.183E-01  1.161E-01  1.139E-01  1.118E-01  1.096E-01  1.075E-01  1.054E-01  1.033E-01  1.012E-01  9.916E-02  9.712E-02  9.510E-02  9.309E-02  9.110E-02  8.913E-02  8.719E-02  8.525E-02  8.333E-02  8.144E-02  7.955E-02  7.770E-02  7.585E-02  7.402E-02  7.221E-02  7.042E-02  6.865E-02  6.689E-02  6.515E-02  6.343E-02  6.173E-02  6.004E-02  5.837E-02  5.673E-02
  387.5000  1.725E-01  1.702E-01  1.678E-01  1.654E-01  1.631E-01  1.607E-01  1.584E-01  1.560E-01  1.537E-01  1.514E-01  1.491E-01  1.468E-01  1.446E-01  1.423E-01  1.401E-01  1.378E-01  1.356E-01  1.334E-01  1.312E-01  1.290E-01  1.269E-01  1.247E-01  1.226E-01  1.204E-01  1.183E-01  1.162E-01  1.141E-01  1.121E-01  1.100E-01  1.080E-01  1.060E-01  1.039E-01  1.020E-01  9.997E-02  9.801E-02  9.606E-02  9.413E-02  9.222E-02  9.032E-02  8.844E-02  8.657E-02  8.472E-02  8.289E-02  8.108E-02  7.928E-02  7.749E-02  7.573E-02  7.398E-02  7.225E-02  7.053E-02  6.883E-02  6.714E-02  6.548E-02  6.383E-02  6.220E-02  6.058E-02  5.898E-02  5.739E-02  5.583E-02  5.427E-02  5.274E-02
  388.5000  1.731E-01  1.707E-01  1.683E-01  1.660E-01  1.636E-01  1.612E-01  1.589E-01  1.566E-01  1.542E-01  1.519E-01  1.496E-01  1.473E-01  1.450E-01  1.428E-01  1.405E-01  1.383E-01  1.361E-01  1.338E-01  1.316E-01  1.294E-01  1.273E-01  1.251E-01  1.230E-01  1.208E-01  1.187E-01  1.166E-01  1.145E-01  1.124E-01  1.104E-01  1.083E-01  1.063E-01  1.043E-01  1.023E-01  1.003E-01  9.831E-02  9.636E-02  9.442E-02  9.250E-02  9.060E-02  8.871E-02  8.683E-02  8.498E-02  8.314E-02  8.132E-02  7.951E-02  7.772E-02  7.595E-02  7.419E-02  7.245E-02  7.073E-02  6.902E-02  6.734E-02  6.566E-02  6.401E-02  6.237E-02  6.075E-02  5.914E-02  5.755E-02  5.598E-02  5.442E-02  5.289E-02
  389.5000  2.185E-01  2.155E-01  2.125E-01  2.095E-01  2.065E-01  2.035E-01  2.006E-01  1.976E-01  1.947E-01  1.918E-01  1.889E-01  1.860E-01  1.831E-01  1.802E-01  1.774E-01  1.746E-01  1.717E-01  1.689E-01  1.662E-01  1.634E-01  1.606E-01  1.579E-01  1.552E-01  1.525E-01  1.498E-01  1.472E-01  1.445E-01  1.419E-01  1.393E-01  1.367E-01  1.341E-01  1.316E-01  1.291E-01  1.266E-01  1.241E-01  1.216E-01  1.192E-01  1.167E-01  1.143E-01  1.119E-01  1.096E-01  1.072E-01  1.049E-01  1.026E-01  1.003E-01  9.807E-02  9.583E-02  9.361E-02  9.142E-02  8.925E-02  8.709E-02  8.496E-02  8.285E-02  8.076E-02  7.869E-02  7.664E-02  7.462E-02  7.261E-02  7.062E-02  6.866E-02  6.672E-02
  390.5000  2.149E-01  2.119E-01  2.089E-01  2.060E-01  2.030E-01  2.001E-01  1.972E-01  1.943E-01  1.914E-01  1.886E-01  1.857E-01  1.828E-01  1.800E-01  1.772E-01  1.744E-01  1.716E-01  1.689E-01  1.661E-01  1.634E-01  1.606E-01  1.579E-01  1.553E-01  1.526E-01  1.499E-01  1.473E-01  1.447E-01  1.421E-01  1.395E-01  1.369E-01  1.344E-01  1.319E-01  1.294E-01  1.269E-01  1.244E-01  1.220E-01  1.195E-01  1.171E-01  1.148E-01  1.124E-01  1.100E-01  1.077E-01  1.054E-01  1.031E-01  1.009E-01  9.861E-02  9.639E-02  9.419E-02  9.200E-02  8.985E-02  8.771E-02  8.559E-02  8.350E-02  8.142E-02  7.936E-02  7.733E-02  7.532E-02  7.333E-02  7.135E-02  6.940E-02  6.747E-02  6.557E-02
  391.5000  2.552E-01  2.517E-01  2.481E-01  2.446E-01  2.411E-01  2.377E-01  2.342E-01  2.308E-01  2.273E-01  2.239E-01  2.205E-01  2.171E-01  2.138E-01  2.104E-01  2.071E-01  2.038E-01  2.005E-01  1.973E-01  1.940E-01  1.908E-01  1.876E-01  1.844E-01  1.812E-01  1.780E-01  1.749E-01  1.718E-01  1.687E-01  1.657E-01  1.626E-01  1.596E-01  1.566E-01  1.536E-01  1.507E-01  1.477E-01  1.448E-01  1.419E-01  1.391E-01  1.362E-01  1.334E-01  1.306E-01  1.279E-01  1.251E-01  1.224E-01  1.197E-01  1.171E-01  1.144E-01  1.118E-01  1.092E-01  1.067E-01  1.041E-01  1.016E-01  9.911E-02  9.665E-02  9.421E-02  9.180E-02  8.941E-02  8.704E-02  8.470E-02  8.238E-02  8.008E-02  7.782E-02
  392.5000  1.916E-01  1.889E-01  1.863E-01  1.837E-01  1.810E-01  1.784E-01  1.758E-01  1.732E-01  1.707E-01  1.681E-01  1.655E-01  1.630E-01  1.605E-01  1.580E-01  1.555E-01  1.530E-01  1.505E-01  1.481E-01  1.456E-01  1.432E-01  1.408E-01  1.384E-01  1.360E-01  1.336E-01  1.313E-01  1.290E-01  1.266E-01  1.243E-01  1.221E-01  1.198E-01  1.175E-01  1.153E-01  1.131E-01  1.109E-01  1.087E-01  1.065E-01  1.044E-01  1.023E-01  1.001E-01  9.804E-02  9.597E-02  9.391E-02  9.187E-02  8.985E-02  8.785E-02  8.587E-02  8.390E-02  8.196E-02  8.004E-02  7.813E-02  7.624E-02  7.437E-02  7.252E-02  7.068E-02  6.888E-02  6.708E-02  6.530E-02  6.354E-02  6.180E-02  6.008E-02  5.839E-02
  393.5000  8.338E-02  8.222E-02  8.107E-02  7.993E-02  7.879E-02  7.765E-02  7.652E-02  7.539E-02  7.427E-02  7.316E-02  7.205E-02  7.094E-02  6.984E-02  6.875E-02  6.766E-02  6.658E-02  6.551E-02  6.444E-02  6.337E-02  6.232E-02  6.127E-02  6.023E-02  5.919E-02  5.816E-02  5.713E-02  5.612E-02  5.511E-02  5.411E-02  5.311E-02  5.212E-02  5.114E-02  5.017E-02  4.920E-02  4.824E-02  4.729E-02  4.635E-02  4.541E-02  4.449E-02  4.357E-02  4.266E-02  4.175E-02  4.086E-02  3.997E-02  3.909E-02  3.822E-02  3.736E-02  3.650E-02  3.565E-02  3.482E-02  3.399E-02  3.316E-02  3.235E-02  3.154E-02  3.075E-02  2.996E-02  2.918E-02  2.840E-02  2.764E-02  2.688E-02  2.613E-02  2.540E-02
  394.5000  1.964E-01  1.937E-01  1.910E-01  1.883E-01  1.856E-01  1.829E-01  1.802E-01  1.776E-01  1.749E-01  1.723E-01  1.697E-01  1.671E-01  1.645E-01  1.619E-01  1.594E-01  1.568E-01  1.543E-01  1.518E-01  1.493E-01  1.468E-01  1.443E-01  1.419E-01  1.394E-01  1.370E-01  1.346E-01  1.322E-01  1.298E-01  1.274E-01  1.251E-01  1.228E-01  1.204E-01  1.182E-01  1.159E-01  1.136E-01  1.114E-01  1.092E-01  1.069E-01  1.048E-01  1.026E-01  1.005E-01  9.832E-02  9.621E-02  9.412E-02  9.205E-02  9.000E-02  8.796E-02  8.595E-02  8.395E-02  8.198E-02  8.002E-02  7.808E-02  7.617E-02  7.427E-02  7.239E-02  7.053E-02  6.869E-02  6.687E-02  6.507E-02  6.329E-02  6.152E-02  5.978E-02
  395.5000  2.530E-01  2.495E-01  2.460E-01  2.425E-01  2.390E-01  2.356E-01  2.321E-01  2.287E-01  2.253E-01  2.219E-01  2.186E-01  2.152E-01  2.119E-01  2.086E-01  2.053E-01  2.020E-01  1.987E-01  1.955E-01  1.922E-01  1.890E-01  1.859E-01  1.827E-01  1.795E-01  1.764E-01  1.733E-01  1.702E-01  1.672E-01  1.641E-01  1.611E-01  1.581E-01  1.551E-01  1.522E-01  1.492E-01  1.463E-01  1.434E-01  1.406E-01  1.377E-01  1.349E-01  1.321E-01  1.293E-01  1.266E-01  1.239E-01  1.212E-01  1.185E-01  1.159E-01  1.132E-01  1.107E-01  1.081E-01  1.055E-01  1.030E-01  1.005E-01  9.805E-02  9.561E-02  9.319E-02  9.080E-02  8.843E-02  8.608E-02  8.376E-02  8.146E-02  7.919E-02  7.695E-02
  396.5000  1.487E-01  1.466E-01  1.446E-01  1.425E-01  1.405E-01  1.385E-01  1.365E-01  1.344E-01  1.324E-01  1.305E-01  1.285E-01  1.265E-01  1.245E-01  1.226E-01  1.206E-01  1.187E-01  1.168E-01  1.149E-01  1.130E-01  1.111E-01  1.092E-01  1.074E-01  1.055E-01  1.037E-01  1.019E-01  1.000E-01  9.824E-02  9.645E-02  9.467E-02  9.290E-02  9.115E-02  8.942E-02  8.769E-02  8.598E-02  8.428E-02  8.260E-02  8.093E-02  7.927E-02  7.763E-02  7.600E-02  7.439E-02  7.279E-02  7.120E-02  6.964E-02  6.808E-02  6.654E-02  6.501E-02  6.350E-02  6.201E-02  6.053E-02  5.906E-02  5.761E-02  5.617E-02  5.475E-02  5.334E-02  5.195E-02  5.057E-02  4.921E-02  4.786E-02  4.652E-02  4.521E-02
  397.5000  1.717E-01  1.694E-01  1.670E-01  1.646E-01  1.623E-01  1.599E-01  1.576E-01  1.553E-01  1.530E-01  1.507E-01  1.484E-01  1.461E-01  1.439E-01  1.416E-01  1.394E-01  1.371E-01  1.349E-01  1.327E-01  1.305E-01  1.283E-01  1.262E-01  1.240E-01  1.219E-01  1.197E-01  1.176E-01  1.155E-01  1.135E-01  1.114E-01  1.093E-01  1.073E-01  1.053E-01  1.033E-01  1.013E-01  9.930E-02  9.733E-02  9.539E-02  9.345E-02  9.155E-02  8.965E-02  8.777E-02  8.590E-02  8.405E-02  8.222E-02  8.041E-02  7.861E-02  7.683E-02  7.507E-02  7.332E-02  7.160E-02  6.988E-02  6.819E-02  6.651E-02  6.485E-02  6.321E-02  6.158E-02  5.997E-02  5.838E-02  5.681E-02  5.525E-02  5.371E-02  5.219E-02
  398.5000  2.954E-01  2.913E-01  2.872E-01  2.832E-01  2.791E-01  2.751E-01  2.711E-01  2.671E-01  2.631E-01  2.592E-01  2.552E-01  2.513E-01  2.474E-01  2.435E-01  2.397E-01  2.359E-01  2.320E-01  2.283E-01  2.245E-01  2.207E-01  2.170E-01  2.133E-01  2.096E-01  2.060E-01  2.023E-01  1.987E-01  1.951E-01  1.916E-01  1.880E-01  1.845E-01  1.810E-01  1.776E-01  1.742E-01  1.708E-01  1.674E-01  1.640E-01  1.607E-01  1.574E-01  1.542E-01  1.509E-01  1.477E-01  1.445E-01  1.414E-01  1.383E-01  1.352E-01  1.321E-01  1.291E-01  1.261E-01  1.231E-01  1.202E-01  1.172E-01  1.143E-01  1.115E-01  1.087E-01  1.059E-01  1.031E-01  1.004E-01  9.766E-02  9.498E-02  9.233E-02  8.971E-02
  399.5000  3.076E-01  3.033E-01  2.991E-01  2.948E-01  2.906E-01  2.864E-01  2.823E-01  2.781E-01  2.740E-01  2.699E-01  2.658E-01  2.617E-01  2.576E-01  2.536E-01  2.495E-01  2.456E-01  2.416E-01  2.376E-01  2.337E-01  2.298E-01  2.259E-01  2.221E-01  2.182E-01  2.144E-01  2.106E-01  2.069E-01  2.031E-01  1.994E-01  1.958E-01  1.921E-01  1.885E-01  1.849E-01  1.813E-01  1.778E-01  1.742E-01  1.707E-01  1.673E-01  1.639E-01  1.605E-01  1.571E-01  1.537E-01  1.504E-01  1.471E-01  1.439E-01  1.407E-01  1.375E-01  1.343E-01  1.312E-01  1.281E-01  1.250E-01  1.220E-01  1.190E-01  1.160E-01  1.131E-01  1.102E-01  1.073E-01  1.044E-01  1.016E-01  9.883E-02  9.607E-02  9.335E-02
------------------------------------------------------------
Dose rates,W m-2
   1 = UV index (WMO, 1994; Webb et al., 2011)           
   2 = Previtamin-D3 (CIE 2006)                          
values at z =      0.025 km
Columns: time,sza,weighting spectra
time,hrs.  sza,deg.          1          2
   18.0000     70.430  8.869E-01  2.968E-02
   18.0167     70.637  8.680E-01  2.886E-02
   18.0333     70.843  8.493E-01  2.805E-02
   18.0500     71.049  8.311E-01  2.727E-02
   18.0667     71.256  8.130E-01  2.650E-02
   18.0833     71.463  7.951E-01  2.574E-02
   18.1000     71.669  7.776E-01  2.500E-02
   18.1167     71.875  7.603E-01  2.427E-02
   18.1333     72.082  7.433E-01  2.356E-02
   18.1500     72.287  7.266E-01  2.286E-02
   18.1667     72.493  7.100E-01  2.218E-02
   18.1833     72.700  6.938E-01  2.151E-02
   18.2000     72.906  6.778E-01  2.086E-02
   18.2167     73.111  6.620E-01  2.022E-02
   18.2333     73.317  6.465E-01  1.959E-02
   18.2500     73.522  6.313E-01  1.898E-02
   18.2667     73.728  6.163E-01  1.838E-02
   18.2833     73.933  6.016E-01  1.780E-02
   18.3000     74.139  5.871E-01  1.723E-02
   18.3167     74.344  5.728E-01  1.667E-02
   18.3333     74.549  5.588E-01  1.613E-02
   18.3500     74.754  5.450E-01  1.560E-02
   18.3667     74.959  5.314E-01  1.508E-02
   18.3833     75.164  5.181E-01  1.458E-02
   18.4000     75.369  5.050E-01  1.409E-02
   18.4167     75.574  4.921E-01  1.361E-02
   18.4333     75.778  4.795E-01  1.314E-02
   18.4500     75.982  4.671E-01  1.268E-02
   18.4667     76.187  4.549E-01  1.224E-02
   18.4833     76.391  4.429E-01  1.181E-02
   18.5000     76.595  4.311E-01  1.139E-02
   18.5167     76.799  4.196E-01  1.098E-02
   18.5333     77.003  4.082E-01  1.058E-02
   18.5500     77.207  3.971E-01  1.020E-02
   18.5667     77.411  3.862E-01  9.821E-03
   18.5833     77.614  3.755E-01  9.456E-03
   18.6000     77.818  3.650E-01  9.101E-03
   18.6167     78.021  3.547E-01  8.758E-03
   18.6333     78.224  3.446E-01  8.423E-03
   18.6500     78.427  3.346E-01  8.099E-03
   18.6667     78.631  3.249E-01  7.785E-03
   18.6833     78.834  3.154E-01  7.480E-03
   18.7000     79.037  3.060E-01  7.185E-03
   18.7167     79.239  2.969E-01  6.900E-03
   18.7333     79.441  2.879E-01  6.622E-03
   18.7500     79.644  2.791E-01  6.354E-03
   18.7667     79.846  2.705E-01  6.095E-03
   18.7833     80.049  2.621E-01  5.844E-03
   18.8000     80.250  2.539E-01  5.602E-03
   18.8167     80.452  2.458E-01  5.368E-03
   18.8333     80.654  2.379E-01  5.141E-03
   18.8500     80.856  2.301E-01  4.923E-03
   18.8667     81.058  2.226E-01  4.712E-03
   18.8833     81.259  2.151E-01  4.508E-03
   18.9000     81.460  2.079E-01  4.312E-03
   18.9167     81.661  2.008E-01  4.123E-03
   18.9333     81.863  1.939E-01  3.941E-03
   18.9500     82.064  1.871E-01  3.765E-03
   18.9667     82.265  1.805E-01  3.596E-03
   18.9833     82.465  1.740E-01  3.433E-03
   19.0000     82.665  1.677E-01  3.277E-03
------------------------------------------------------------
