Spectral Irradiance,W m-2 nm-1
values at z =      0.025 km
Columns: wavelength (nm),times (hrs.) or sza (deg.)
    wc,nm     18.000     18.017     18.033     18.050     18.067     18.083     18.100     18.117     18.133     18.150     18.167     18.183     18.200     18.217     18.233     18.250     18.267     18.283     18.300     18.317     18.333     18.350     18.367     18.383     18.400     18.417     18.433     18.450     18.467     18.483     18.500     18.517     18.533     18.550     18.567     18.583     18.600     18.617     18.633     18.650     18.667     18.683     18.700     18.717     18.733     18.750     18.767     18.783     18.800     18.817     18.833     18.850     18.867     18.883     18.900     18.917     18.933     18.950     18.967     18.983     19.000
    sza =      68.850     69.055     69.261     69.466     69.671     69.876     70.081     70.286     70.491     70.696     70.900     71.105     71.310     71.514     71.719     71.922     72.126     72.331     72.534     72.738     72.942     73.145     73.349     73.552     73.756     73.959     74.161     74.364     74.567     74.770     74.973     75.175     75.377     75.579     75.781     75.984     76.186     76.387     76.588     76.790     76.991     77.193     77.394     77.594     77.795     77.996     78.197     78.397     78.597     78.798     78.998     79.198     79.398     79.597     79.796     79.996     80.195     80.394     80.593     80.792     80.990
  280.5000  1.598E-24  1.570E-24  1.542E-24  1.516E-24  1.490E-24  1.465E-24  1.440E-24  1.416E-24  1.393E-24  1.370E-24  1.348E-24  1.326E-24  1.305E-24  1.285E-24  1.265E-24  1.245E-24  1.226E-24  1.207E-24  1.189E-24  1.171E-24  1.153E-24  1.136E-24  1.119E-24  1.102E-24  1.086E-24  1.070E-24  1.054E-24  1.039E-24  1.024E-24  1.009E-24  9.942E-25  9.798E-25  9.656E-25  9.517E-25  9.379E-25  9.244E-25  9.111E-25  8.980E-25  8.850E-25  8.722E-25  8.596E-25  8.471E-25  8.348E-25  8.227E-25  8.107E-25  7.989E-25  7.872E-25  7.756E-25  7.642E-25  7.528E-25  7.416E-25  7.305E-25  7.195E-25  7.086E-25  6.978E-25  6.871E-25  6.765E-25  6.659E-25  6.555E-25  6.451E-25  6.349E-25
  281.5000  2.656E-22  2.608E-22  2.561E-22  2.515E-22  2.471E-22  2.428E-22  2.386E-22  2.345E-22  2.306E-22  2.267E-22  2.230E-22  2.193E-22  2.157E-22  2.122E-22  2.088E-22  2.055E-22  2.023E-22  1.991E-22  1.960E-22  1.930E-22  1.900E-22  1.871E-22  1.842E-22  1.815E-22  1.787E-22  1.760E-22  1.734E-22  1.708E-22  1.683E-22  1.658E-22  1.633E-22  1.609E-22  1.585E-22  1.562E-22  1.539E-22  1.517E-22  1.494E-22  1.472E-22  1.451E-22  1.430E-22  1.409E-22  1.388E-22  1.367E-22  1.347E-22  1.327E-22  1.308E-22  1.288E-22  1.269E-22  1.250E-22  1.231E-22  1.213E-22  1.194E-22  1.176E-22  1.158E-22  1.140E-22  1.123E-22  1.105E-22  1.088E-22  1.070E-22  1.053E-22  1.036E-22
  282.5000  1.476E-20  1.449E-20  1.422E-20  1.396E-20  1.371E-20  1.346E-20  1.322E-20  1.299E-20  1.277E-20  1.255E-20  1.233E-20  1.213E-20  1.192E-20  1.173E-20  1.153E-20  1.135E-20  1.116E-20  1.098E-20  1.081E-20  1.064E-20  1.047E-20  1.031E-20  1.015E-20  9.990E-21  9.836E-21  9.685E-21  9.537E-21  9.392E-21  9.250E-21  9.110E-21  8.972E-21  8.838E-21  8.705E-21  8.575E-21  8.447E-21  8.320E-21  8.196E-21  8.074E-21  7.954E-21  7.835E-21  7.718E-21  7.603E-21  7.489E-21  7.378E-21  7.267E-21  7.158E-21  7.050E-21  6.943E-21  6.838E-21  6.734E-21  6.631E-21  6.529E-21  6.428E-21  6.329E-21  6.230E-21  6.132E-21  6.036E-21  5.939E-21  5.844E-21  5.750E-21  5.657E-21
  283.5000  1.815E-19  1.781E-19  1.747E-19  1.714E-19  1.683E-19  1.652E-19  1.622E-19  1.593E-19  1.565E-19  1.538E-19  1.511E-19  1.485E-19  1.460E-19  1.436E-19  1.412E-19  1.388E-19  1.366E-19  1.343E-19  1.321E-19  1.300E-19  1.279E-19  1.259E-19  1.239E-19  1.220E-19  1.201E-19  1.182E-19  1.164E-19  1.146E-19  1.128E-19  1.111E-19  1.094E-19  1.077E-19  1.061E-19  1.045E-19  1.029E-19  1.013E-19  9.980E-20  9.830E-20  9.681E-20  9.535E-20  9.391E-20  9.249E-20  9.109E-20  8.972E-20  8.836E-20  8.702E-20  8.569E-20  8.438E-20  8.309E-20  8.181E-20  8.055E-20  7.930E-20  7.807E-20  7.685E-20  7.564E-20  7.444E-20  7.326E-20  7.208E-20  7.092E-20  6.976E-20  6.862E-20
  284.5000  1.086E-17  1.064E-17  1.043E-17  1.023E-17  1.003E-17  9.842E-18  9.657E-18  9.478E-18  9.304E-18  9.135E-18  8.971E-18  8.811E-18  8.656E-18  8.504E-18  8.357E-18  8.214E-18  8.074E-18  7.937E-18  7.804E-18  7.674E-18  7.547E-18  7.423E-18  7.302E-18  7.183E-18  7.067E-18  6.953E-18  6.842E-18  6.733E-18  6.626E-18  6.521E-18  6.419E-18  6.318E-18  6.219E-18  6.122E-18  6.027E-18  5.933E-18  5.841E-18  5.751E-18  5.662E-18  5.574E-18  5.488E-18  5.403E-18  5.319E-18  5.237E-18  5.155E-18  5.075E-18  4.996E-18  4.918E-18  4.841E-18  4.765E-18  4.690E-18  4.616E-18  4.543E-18  4.470E-18  4.399E-18  4.328E-18  4.257E-18  4.188E-18  4.119E-18  4.051E-18  3.984E-18
  285.5000  1.414E-16  1.384E-16  1.356E-16  1.329E-16  1.302E-16  1.277E-16  1.252E-16  1.228E-16  1.205E-16  1.182E-16  1.160E-16  1.139E-16  1.118E-16  1.098E-16  1.078E-16  1.059E-16  1.041E-16  1.022E-16  1.005E-16  9.874E-17  9.706E-17  9.542E-17  9.381E-17  9.224E-17  9.070E-17  8.920E-17  8.774E-17  8.630E-17  8.490E-17  8.352E-17  8.217E-17  8.085E-17  7.955E-17  7.827E-17  7.702E-17  7.579E-17  7.459E-17  7.341E-17  7.224E-17  7.110E-17  6.997E-17  6.886E-17  6.777E-17  6.670E-17  6.565E-17  6.460E-17  6.358E-17  6.256E-17  6.157E-17  6.058E-17  5.961E-17  5.865E-17  5.770E-17  5.676E-17  5.584E-17  5.492E-17  5.402E-17  5.312E-17  5.224E-17  5.136E-17  5.049E-17
  286.5000  4.611E-15  4.512E-15  4.417E-15  4.325E-15  4.237E-15  4.151E-15  4.068E-15  3.987E-15  3.909E-15  3.834E-15  3.760E-15  3.689E-15  3.620E-15  3.553E-15  3.487E-15  3.424E-15  3.362E-15  3.302E-15  3.243E-15  3.186E-15  3.130E-15  3.076E-15  3.023E-15  2.971E-15  2.920E-15  2.870E-15  2.822E-15  2.775E-15  2.728E-15  2.683E-15  2.639E-15  2.595E-15  2.553E-15  2.511E-15  2.470E-15  2.429E-15  2.390E-15  2.351E-15  2.313E-15  2.276E-15  2.239E-15  2.203E-15  2.167E-15  2.132E-15  2.098E-15  2.064E-15  2.030E-15  1.997E-15  1.965E-15  1.933E-15  1.902E-15  1.870E-15  1.840E-15  1.809E-15  1.779E-15  1.750E-15  1.720E-15  1.691E-15  1.663E-15  1.634E-15  1.606E-15
  287.5000  8.267E-14  8.083E-14  7.905E-14  7.734E-14  7.568E-14  7.408E-14  7.254E-14  7.105E-14  6.960E-14  6.821E-14  6.685E-14  6.554E-14  6.426E-14  6.302E-14  6.182E-14  6.066E-14  5.952E-14  5.841E-14  5.734E-14  5.629E-14  5.527E-14  5.428E-14  5.331E-14  5.236E-14  5.144E-14  5.054E-14  4.966E-14  4.880E-14  4.796E-14  4.713E-14  4.633E-14  4.554E-14  4.477E-14  4.401E-14  4.327E-14  4.255E-14  4.184E-14  4.114E-14  4.045E-14  3.978E-14  3.912E-14  3.847E-14  3.783E-14  3.721E-14  3.659E-14  3.598E-14  3.539E-14  3.480E-14  3.422E-14  3.365E-14  3.309E-14  3.253E-14  3.199E-14  3.145E-14  3.092E-14  3.039E-14  2.987E-14  2.936E-14  2.885E-14  2.835E-14  2.786E-14
  288.5000  1.463E-12  1.428E-12  1.394E-12  1.362E-12  1.331E-12  1.302E-12  1.273E-12  1.246E-12  1.219E-12  1.193E-12  1.168E-12  1.144E-12  1.121E-12  1.098E-12  1.076E-12  1.055E-12  1.034E-12  1.014E-12  9.945E-13  9.755E-13  9.571E-13  9.391E-13  9.215E-13  9.045E-13  8.878E-13  8.715E-13  8.558E-13  8.403E-13  8.252E-13  8.104E-13  7.960E-13  7.820E-13  7.682E-13  7.547E-13  7.415E-13  7.286E-13  7.159E-13  7.035E-13  6.914E-13  6.795E-13  6.677E-13  6.563E-13  6.450E-13  6.340E-13  6.231E-13  6.124E-13  6.019E-13  5.916E-13  5.814E-13  5.714E-13  5.616E-13  5.519E-13  5.423E-13  5.329E-13  5.236E-13  5.145E-13  5.054E-13  4.965E-13  4.877E-13  4.790E-13  4.705E-13
  289.5000  2.009E-11  1.958E-11  1.909E-11  1.863E-11  1.818E-11  1.776E-11  1.735E-11  1.695E-11  1.657E-11  1.620E-11  1.585E-11  1.551E-11  1.518E-11  1.486E-11  1.455E-11  1.425E-11  1.396E-11  1.368E-11  1.340E-11  1.314E-11  1.288E-11  1.263E-11  1.238E-11  1.215E-11  1.191E-11  1.169E-11  1.147E-11  1.125E-11  1.105E-11  1.084E-11  1.064E-11  1.045E-11  1.026E-11  1.007E-11  9.889E-12  9.711E-12  9.537E-12  9.367E-12  9.200E-12  9.036E-12  8.876E-12  8.718E-12  8.564E-12  8.413E-12  8.265E-12  8.119E-12  7.976E-12  7.835E-12  7.697E-12  7.561E-12  7.427E-12  7.295E-12  7.166E-12  7.038E-12  6.913E-12  6.789E-12  6.667E-12  6.546E-12  6.427E-12  6.310E-12  6.195E-12
  290.5000  1.766E-10  1.718E-10  1.672E-10  1.629E-10  1.587E-10  1.548E-10  1.510E-10  1.473E-10  1.439E-10  1.405E-10  1.373E-10  1.342E-10  1.312E-10  1.283E-10  1.255E-10  1.228E-10  1.202E-10  1.177E-10  1.153E-10  1.129E-10  1.106E-10  1.083E-10  1.062E-10  1.040E-10  1.020E-10  9.999E-11  9.805E-11  9.615E-11  9.430E-11  9.249E-11  9.073E-11  8.902E-11  8.735E-11  8.571E-11  8.411E-11  8.255E-11  8.102E-11  7.953E-11  7.806E-11  7.663E-11  7.523E-11  7.386E-11  7.251E-11  7.119E-11  6.990E-11  6.863E-11  6.738E-11  6.616E-11  6.496E-11  6.378E-11  6.262E-11  6.148E-11  6.036E-11  5.926E-11  5.818E-11  5.711E-11  5.605E-11  5.502E-11  5.400E-11  5.299E-11  5.200E-11
  291.5000  1.396E-09  1.354E-09  1.314E-09  1.276E-09  1.240E-09  1.206E-09  1.174E-09  1.143E-09  1.114E-09  1.086E-09  1.059E-09  1.033E-09  1.009E-09  9.849E-10  9.620E-10  9.401E-10  9.189E-10  8.984E-10  8.786E-10  8.594E-10  8.410E-10  8.230E-10  8.056E-10  7.888E-10  7.724E-10  7.564E-10  7.410E-10  7.260E-10  7.113E-10  6.971E-10  6.832E-10  6.697E-10  6.565E-10  6.437E-10  6.311E-10  6.189E-10  6.069E-10  5.952E-10  5.838E-10  5.727E-10  5.617E-10  5.510E-10  5.406E-10  5.304E-10  5.203E-10  5.105E-10  5.009E-10  4.914E-10  4.822E-10  4.731E-10  4.642E-10  4.554E-10  4.468E-10  4.383E-10  4.300E-10  4.219E-10  4.138E-10  4.059E-10  3.981E-10  3.904E-10  3.829E-10
  292.5000  7.323E-09  7.073E-09  6.840E-09  6.621E-09  6.414E-09  6.219E-09  6.035E-09  5.861E-09  5.695E-09  5.539E-09  5.390E-09  5.248E-09  5.112E-09  4.982E-09  4.858E-09  4.739E-09  4.625E-09  4.515E-09  4.409E-09  4.307E-09  4.209E-09  4.114E-09  4.022E-09  3.933E-09  3.847E-09  3.764E-09  3.683E-09  3.605E-09  3.529E-09  3.455E-09  3.383E-09  3.313E-09  3.245E-09  3.178E-09  3.114E-09  3.051E-09  2.989E-09  2.929E-09  2.871E-09  2.814E-09  2.758E-09  2.703E-09  2.650E-09  2.598E-09  2.547E-09  2.497E-09  2.448E-09  2.400E-09  2.353E-09  2.307E-09  2.262E-09  2.218E-09  2.174E-09  2.132E-09  2.090E-09  2.049E-09  2.009E-09  1.969E-09  1.930E-09  1.891E-09  1.854E-09
  293.5000  4.580E-08  4.403E-08  4.238E-08  4.084E-08  3.940E-08  3.805E-08  3.677E-08  3.558E-08  3.445E-08  3.339E-08  3.239E-08  3.144E-08  3.054E-08  2.968E-08  2.886E-08  2.809E-08  2.735E-08  2.664E-08  2.596E-08  2.531E-08  2.469E-08  2.409E-08  2.352E-08  2.296E-08  2.243E-08  2.191E-08  2.141E-08  2.093E-08  2.046E-08  2.000E-08  1.956E-08  1.914E-08  1.873E-08  1.832E-08  1.793E-08  1.755E-08  1.718E-08  1.682E-08  1.647E-08  1.612E-08  1.579E-08  1.546E-08  1.514E-08  1.483E-08  1.453E-08  1.423E-08  1.394E-08  1.365E-08  1.338E-08  1.310E-08  1.284E-08  1.258E-08  1.232E-08  1.207E-08  1.182E-08  1.158E-08  1.134E-08  1.111E-08  1.088E-08  1.066E-08  1.044E-08
  294.5000  1.654E-07  1.584E-07  1.518E-07  1.457E-07  1.400E-07  1.346E-07  1.296E-07  1.249E-07  1.205E-07  1.164E-07  1.125E-07  1.088E-07  1.054E-07  1.021E-07  9.902E-08  9.610E-08  9.332E-08  9.068E-08  8.817E-08  8.577E-08  8.349E-08  8.130E-08  7.921E-08  7.720E-08  7.527E-08  7.341E-08  7.164E-08  6.992E-08  6.826E-08  6.666E-08  6.511E-08  6.362E-08  6.217E-08  6.076E-08  5.940E-08  5.808E-08  5.679E-08  5.554E-08  5.433E-08  5.315E-08  5.200E-08  5.087E-08  4.978E-08  4.872E-08  4.768E-08  4.666E-08  4.567E-08  4.470E-08  4.376E-08  4.283E-08  4.192E-08  4.104E-08  4.017E-08  3.932E-08  3.849E-08  3.768E-08  3.688E-08  3.609E-08  3.532E-08  3.457E-08  3.383E-08
  295.5000  8.628E-07  8.226E-07  7.850E-07  7.499E-07  7.171E-07  6.864E-07  6.578E-07  6.309E-07  6.058E-07  5.823E-07  5.602E-07  5.395E-07  5.200E-07  5.017E-07  4.845E-07  4.683E-07  4.529E-07  4.384E-07  4.247E-07  4.117E-07  3.994E-07  3.877E-07  3.766E-07  3.660E-07  3.559E-07  3.462E-07  3.370E-07  3.281E-07  3.197E-07  3.115E-07  3.037E-07  2.961E-07  2.889E-07  2.818E-07  2.751E-07  2.685E-07  2.622E-07  2.560E-07  2.501E-07  2.443E-07  2.387E-07  2.333E-07  2.280E-07  2.228E-07  2.178E-07  2.129E-07  2.082E-07  2.035E-07  1.990E-07  1.946E-07  1.903E-07  1.861E-07  1.819E-07  1.779E-07  1.740E-07  1.701E-07  1.663E-07  1.626E-07  1.590E-07  1.555E-07  1.520E-07
  296.5000  2.885E-06  2.743E-06  2.610E-06  2.486E-06  2.369E-06  2.260E-06  2.157E-06  2.061E-06  1.971E-06  1.887E-06  1.808E-06  1.733E-06  1.664E-06  1.598E-06  1.537E-06  1.479E-06  1.425E-06  1.374E-06  1.325E-06  1.280E-06  1.237E-06  1.196E-06  1.158E-06  1.121E-06  1.087E-06  1.054E-06  1.023E-06  9.929E-07  9.646E-07  9.375E-07  9.116E-07  8.869E-07  8.632E-07  8.404E-07  8.185E-07  7.975E-07  7.772E-07  7.577E-07  7.388E-07  7.206E-07  7.030E-07  6.859E-07  6.694E-07  6.534E-07  6.378E-07  6.227E-07  6.080E-07  5.938E-07  5.799E-07  5.663E-07  5.532E-07  5.403E-07  5.278E-07  5.155E-07  5.036E-07  4.919E-07  4.805E-07  4.694E-07  4.585E-07  4.478E-07  4.374E-07
  297.5000  1.014E-05  9.631E-06  9.152E-06  8.701E-06  8.276E-06  7.876E-06  7.501E-06  7.147E-06  6.815E-06  6.503E-06  6.210E-06  5.934E-06  5.674E-06  5.430E-06  5.201E-06  4.986E-06  4.783E-06  4.593E-06  4.413E-06  4.244E-06  4.085E-06  3.935E-06  3.793E-06  3.659E-06  3.533E-06  3.413E-06  3.300E-06  3.193E-06  3.091E-06  2.994E-06  2.902E-06  2.815E-06  2.732E-06  2.652E-06  2.576E-06  2.503E-06  2.434E-06  2.367E-06  2.303E-06  2.241E-06  2.182E-06  2.125E-06  2.070E-06  2.017E-06  1.966E-06  1.916E-06  1.868E-06  1.821E-06  1.776E-06  1.732E-06  1.690E-06  1.648E-06  1.608E-06  1.569E-06  1.531E-06  1.493E-06  1.457E-06  1.421E-06  1.387E-06  1.353E-06  1.320E-06
  298.5000  2.070E-05  1.966E-05  1.869E-05  1.776E-05  1.689E-05  1.606E-05  1.528E-05  1.454E-05  1.385E-05  1.319E-05  1.257E-05  1.199E-05  1.144E-05  1.092E-05  1.043E-05  9.968E-06  9.533E-06  9.123E-06  8.736E-06  8.372E-06  8.030E-06  7.706E-06  7.401E-06  7.113E-06  6.842E-06  6.585E-06  6.344E-06  6.115E-06  5.898E-06  5.693E-06  5.499E-06  5.315E-06  5.141E-06  4.975E-06  4.817E-06  4.667E-06  4.524E-06  4.388E-06  4.257E-06  4.133E-06  4.014E-06  3.899E-06  3.790E-06  3.685E-06  3.584E-06  3.486E-06  3.392E-06  3.302E-06  3.214E-06  3.130E-06  3.048E-06  2.969E-06  2.892E-06  2.817E-06  2.745E-06  2.674E-06  2.606E-06  2.539E-06  2.474E-06  2.411E-06  2.350E-06
  299.5000  7.843E-05  7.463E-05  7.102E-05  6.759E-05  6.432E-05  6.121E-05  5.826E-05  5.545E-05  5.279E-05  5.028E-05  4.789E-05  4.562E-05  4.347E-05  4.144E-05  3.951E-05  3.770E-05  3.598E-05  3.435E-05  3.281E-05  3.135E-05  2.998E-05  2.868E-05  2.746E-05  2.630E-05  2.520E-05  2.417E-05  2.320E-05  2.227E-05  2.140E-05  2.057E-05  1.979E-05  1.906E-05  1.836E-05  1.770E-05  1.707E-05  1.648E-05  1.591E-05  1.538E-05  1.487E-05  1.438E-05  1.392E-05  1.348E-05  1.306E-05  1.266E-05  1.228E-05  1.191E-05  1.156E-05  1.123E-05  1.090E-05  1.059E-05  1.029E-05  1.000E-05  9.723E-06  9.454E-06  9.194E-06  8.942E-06  8.698E-06  8.462E-06  8.232E-06  8.009E-06  7.793E-06
  300.5000  1.118E-04  1.066E-04  1.016E-04  9.689E-05  9.236E-05  8.802E-05  8.389E-05  7.994E-05  7.618E-05  7.261E-05  6.919E-05  6.594E-05  6.285E-05  5.991E-05  5.712E-05  5.447E-05  5.195E-05  4.956E-05  4.729E-05  4.513E-05  4.310E-05  4.117E-05  3.933E-05  3.760E-05  3.595E-05  3.440E-05  3.293E-05  3.153E-05  3.022E-05  2.897E-05  2.779E-05  2.667E-05  2.561E-05  2.461E-05  2.366E-05  2.277E-05  2.192E-05  2.111E-05  2.035E-05  1.962E-05  1.893E-05  1.828E-05  1.765E-05  1.706E-05  1.650E-05  1.596E-05  1.545E-05  1.496E-05  1.449E-05  1.404E-05  1.361E-05  1.320E-05  1.280E-05  1.242E-05  1.206E-05  1.171E-05  1.137E-05  1.104E-05  1.072E-05  1.041E-05  1.012E-05
  301.5000  3.546E-04  3.391E-04  3.243E-04  3.100E-04  2.963E-04  2.831E-04  2.705E-04  2.584E-04  2.467E-04  2.356E-04  2.249E-04  2.147E-04  2.049E-04  1.956E-04  1.867E-04  1.782E-04  1.700E-04  1.622E-04  1.548E-04  1.477E-04  1.410E-04  1.346E-04  1.285E-04  1.227E-04  1.172E-04  1.119E-04  1.070E-04  1.022E-04  9.774E-05  9.347E-05  8.942E-05  8.559E-05  8.194E-05  7.849E-05  7.521E-05  7.210E-05  6.916E-05  6.637E-05  6.373E-05  6.122E-05  5.884E-05  5.658E-05  5.444E-05  5.241E-05  5.048E-05  4.865E-05  4.690E-05  4.525E-05  4.367E-05  4.217E-05  4.073E-05  3.936E-05  3.806E-05  3.681E-05  3.562E-05  3.447E-05  3.337E-05  3.232E-05  3.130E-05  3.033E-05  2.939E-05
  302.5000  6.043E-04  5.794E-04  5.553E-04  5.322E-04  5.098E-04  4.882E-04  4.673E-04  4.473E-04  4.280E-04  4.095E-04  3.917E-04  3.745E-04  3.580E-04  3.422E-04  3.270E-04  3.125E-04  2.986E-04  2.852E-04  2.724E-04  2.602E-04  2.485E-04  2.373E-04  2.266E-04  2.164E-04  2.067E-04  1.974E-04  1.885E-04  1.801E-04  1.720E-04  1.644E-04  1.571E-04  1.502E-04  1.436E-04  1.373E-04  1.314E-04  1.257E-04  1.203E-04  1.152E-04  1.104E-04  1.058E-04  1.014E-04  9.730E-05  9.337E-05  8.965E-05  8.611E-05  8.275E-05  7.956E-05  7.653E-05  7.366E-05  7.092E-05  6.831E-05  6.584E-05  6.348E-05  6.123E-05  5.909E-05  5.704E-05  5.509E-05  5.322E-05  5.143E-05  4.971E-05  4.807E-05
  303.5000  1.504E-03  1.447E-03  1.391E-03  1.337E-03  1.285E-03  1.235E-03  1.186E-03  1.138E-03  1.092E-03  1.048E-03  1.005E-03  9.640E-04  9.241E-04  8.856E-04  8.484E-04  8.127E-04  7.782E-04  7.449E-04  7.129E-04  6.822E-04  6.527E-04  6.243E-04  5.970E-04  5.708E-04  5.457E-04  5.216E-04  4.986E-04  4.765E-04  4.553E-04  4.351E-04  4.157E-04  3.973E-04  3.796E-04  3.627E-04  3.467E-04  3.313E-04  3.167E-04  3.028E-04  2.895E-04  2.769E-04  2.648E-04  2.534E-04  2.425E-04  2.322E-04  2.224E-04  2.130E-04  2.041E-04  1.957E-04  1.877E-04  1.801E-04  1.728E-04  1.660E-04  1.594E-04  1.532E-04  1.473E-04  1.417E-04  1.363E-04  1.312E-04  1.263E-04  1.217E-04  1.173E-04
  304.5000  2.051E-03  1.976E-03  1.904E-03  1.835E-03  1.767E-03  1.701E-03  1.636E-03  1.574E-03  1.514E-03  1.455E-03  1.399E-03  1.344E-03  1.290E-03  1.239E-03  1.189E-03  1.141E-03  1.094E-03  1.049E-03  1.006E-03  9.638E-04  9.235E-04  8.845E-04  8.469E-04  8.108E-04  7.760E-04  7.425E-04  7.104E-04  6.795E-04  6.498E-04  6.213E-04  5.940E-04  5.679E-04  5.428E-04  5.188E-04  4.958E-04  4.738E-04  4.528E-04  4.328E-04  4.136E-04  3.953E-04  3.778E-04  3.612E-04  3.453E-04  3.302E-04  3.158E-04  3.021E-04  2.890E-04  2.766E-04  2.648E-04  2.536E-04  2.429E-04  2.328E-04  2.231E-04  2.139E-04  2.052E-04  1.969E-04  1.891E-04  1.815E-04  1.744E-04  1.676E-04  1.611E-04
  305.5000  3.782E-03  3.657E-03  3.536E-03  3.418E-03  3.302E-03  3.189E-03  3.079E-03  2.972E-03  2.868E-03  2.766E-03  2.667E-03  2.571E-03  2.477E-03  2.386E-03  2.297E-03  2.211E-03  2.127E-03  2.046E-03  1.967E-03  1.891E-03  1.817E-03  1.745E-03  1.676E-03  1.608E-03  1.543E-03  1.480E-03  1.420E-03  1.361E-03  1.304E-03  1.250E-03  1.197E-03  1.146E-03  1.097E-03  1.050E-03  1.005E-03  9.611E-04  9.193E-04  8.791E-04  8.405E-04  8.035E-04  7.680E-04  7.339E-04  7.013E-04  6.702E-04  6.404E-04  6.119E-04  5.846E-04  5.586E-04  5.338E-04  5.101E-04  4.875E-04  4.659E-04  4.454E-04  4.258E-04  4.073E-04  3.895E-04  3.726E-04  3.566E-04  3.413E-04  3.268E-04  3.130E-04
  306.5000  4.561E-03  4.418E-03  4.278E-03  4.141E-03  4.007E-03  3.876E-03  3.748E-03  3.623E-03  3.501E-03  3.382E-03  3.266E-03  3.153E-03  3.042E-03  2.934E-03  2.830E-03  2.728E-03  2.628E-03  2.532E-03  2.438E-03  2.346E-03  2.258E-03  2.172E-03  2.088E-03  2.007E-03  1.928E-03  1.852E-03  1.779E-03  1.707E-03  1.638E-03  1.571E-03  1.506E-03  1.444E-03  1.384E-03  1.326E-03  1.269E-03  1.215E-03  1.163E-03  1.113E-03  1.065E-03  1.019E-03  9.739E-04  9.311E-04  8.899E-04  8.506E-04  8.128E-04  7.765E-04  7.418E-04  7.086E-04  6.769E-04  6.465E-04  6.175E-04  5.898E-04  5.633E-04  5.381E-04  5.141E-04  4.911E-04  4.692E-04  4.484E-04  4.286E-04  4.097E-04  3.918E-04
  307.5000  8.710E-03  8.462E-03  8.219E-03  7.981E-03  7.747E-03  7.517E-03  7.292E-03  7.071E-03  6.854E-03  6.643E-03  6.435E-03  6.232E-03  6.033E-03  5.838E-03  5.648E-03  5.462E-03  5.281E-03  5.103E-03  4.929E-03  4.760E-03  4.595E-03  4.434E-03  4.277E-03  4.124E-03  3.974E-03  3.829E-03  3.688E-03  3.551E-03  3.417E-03  3.287E-03  3.161E-03  3.038E-03  2.919E-03  2.804E-03  2.692E-03  2.584E-03  2.479E-03  2.378E-03  2.279E-03  2.184E-03  2.092E-03  2.004E-03  1.918E-03  1.836E-03  1.756E-03  1.680E-03  1.606E-03  1.535E-03  1.467E-03  1.402E-03  1.339E-03  1.278E-03  1.220E-03  1.165E-03  1.112E-03  1.061E-03  1.012E-03  9.656E-04  9.211E-04  8.786E-04  8.382E-04
  308.5000  1.086E-02  1.056E-02  1.027E-02  9.988E-03  9.706E-03  9.430E-03  9.159E-03  8.892E-03  8.631E-03  8.375E-03  8.123E-03  7.877E-03  7.635E-03  7.398E-03  7.166E-03  6.939E-03  6.717E-03  6.500E-03  6.287E-03  6.079E-03  5.876E-03  5.677E-03  5.483E-03  5.294E-03  5.109E-03  4.928E-03  4.753E-03  4.582E-03  4.415E-03  4.252E-03  4.094E-03  3.941E-03  3.791E-03  3.645E-03  3.504E-03  3.367E-03  3.234E-03  3.105E-03  2.980E-03  2.859E-03  2.741E-03  2.628E-03  2.518E-03  2.412E-03  2.309E-03  2.210E-03  2.115E-03  2.022E-03  1.934E-03  1.848E-03  1.766E-03  1.687E-03  1.611E-03  1.538E-03  1.468E-03  1.401E-03  1.336E-03  1.274E-03  1.215E-03  1.159E-03  1.105E-03
  309.5000  1.155E-02  1.125E-02  1.097E-02  1.069E-02  1.041E-02  1.013E-02  9.864E-03  9.599E-03  9.338E-03  9.082E-03  8.830E-03  8.581E-03  8.338E-03  8.098E-03  7.863E-03  7.633E-03  7.406E-03  7.184E-03  6.965E-03  6.751E-03  6.542E-03  6.337E-03  6.135E-03  5.938E-03  5.745E-03  5.556E-03  5.372E-03  5.191E-03  5.015E-03  4.842E-03  4.674E-03  4.510E-03  4.349E-03  4.193E-03  4.040E-03  3.891E-03  3.746E-03  3.606E-03  3.468E-03  3.335E-03  3.205E-03  3.079E-03  2.956E-03  2.838E-03  2.722E-03  2.611E-03  2.502E-03  2.397E-03  2.296E-03  2.198E-03  2.103E-03  2.011E-03  1.923E-03  1.838E-03  1.756E-03  1.676E-03  1.600E-03  1.527E-03  1.456E-03  1.389E-03  1.324E-03
  310.5000  1.799E-02  1.756E-02  1.714E-02  1.672E-02  1.632E-02  1.591E-02  1.551E-02  1.512E-02  1.473E-02  1.435E-02  1.398E-02  1.361E-02  1.325E-02  1.289E-02  1.254E-02  1.219E-02  1.185E-02  1.152E-02  1.119E-02  1.086E-02  1.055E-02  1.023E-02  9.927E-03  9.626E-03  9.331E-03  9.042E-03  8.759E-03  8.481E-03  8.208E-03  7.941E-03  7.680E-03  7.425E-03  7.175E-03  6.930E-03  6.691E-03  6.457E-03  6.229E-03  6.007E-03  5.789E-03  5.577E-03  5.370E-03  5.169E-03  4.972E-03  4.782E-03  4.596E-03  4.415E-03  4.239E-03  4.068E-03  3.903E-03  3.742E-03  3.586E-03  3.435E-03  3.289E-03  3.147E-03  3.010E-03  2.878E-03  2.750E-03  2.626E-03  2.507E-03  2.392E-03  2.282E-03
  311.5000  2.530E-02  2.472E-02  2.415E-02  2.360E-02  2.304E-02  2.250E-02  2.196E-02  2.143E-02  2.090E-02  2.038E-02  1.987E-02  1.937E-02  1.888E-02  1.839E-02  1.791E-02  1.743E-02  1.697E-02  1.651E-02  1.605E-02  1.561E-02  1.517E-02  1.474E-02  1.432E-02  1.390E-02  1.350E-02  1.309E-02  1.270E-02  1.231E-02  1.193E-02  1.156E-02  1.120E-02  1.084E-02  1.049E-02  1.014E-02  9.808E-03  9.478E-03  9.156E-03  8.841E-03  8.533E-03  8.232E-03  7.937E-03  7.650E-03  7.369E-03  7.096E-03  6.829E-03  6.569E-03  6.316E-03  6.069E-03  5.830E-03  5.597E-03  5.370E-03  5.150E-03  4.936E-03  4.729E-03  4.528E-03  4.333E-03  4.145E-03  3.962E-03  3.785E-03  3.615E-03  3.451E-03
  312.5000  2.893E-02  2.833E-02  2.773E-02  2.714E-02  2.656E-02  2.598E-02  2.541E-02  2.484E-02  2.429E-02  2.374E-02  2.319E-02  2.265E-02  2.212E-02  2.160E-02  2.108E-02  2.057E-02  2.006E-02  1.956E-02  1.907E-02  1.859E-02  1.811E-02  1.764E-02  1.717E-02  1.672E-02  1.627E-02  1.582E-02  1.538E-02  1.495E-02  1.453E-02  1.411E-02  1.370E-02  1.330E-02  1.291E-02  1.252E-02  1.213E-02  1.176E-02  1.139E-02  1.103E-02  1.067E-02  1.033E-02  9.985E-03  9.651E-03  9.323E-03  9.004E-03  8.690E-03  8.382E-03  8.082E-03  7.788E-03  7.503E-03  7.222E-03  6.949E-03  6.682E-03  6.422E-03  6.169E-03  5.923E-03  5.682E-03  5.449E-03  5.221E-03  5.001E-03  4.786E-03  4.579E-03
  313.5000  3.408E-02  3.339E-02  3.270E-02  3.202E-02  3.134E-02  3.067E-02  3.001E-02  2.936E-02  2.871E-02  2.808E-02  2.745E-02  2.682E-02  2.620E-02  2.560E-02  2.499E-02  2.440E-02  2.381E-02  2.323E-02  2.266E-02  2.210E-02  2.154E-02  2.099E-02  2.045E-02  1.992E-02  1.939E-02  1.887E-02  1.836E-02  1.786E-02  1.736E-02  1.688E-02  1.640E-02  1.593E-02  1.546E-02  1.500E-02  1.455E-02  1.411E-02  1.368E-02  1.326E-02  1.284E-02  1.243E-02  1.202E-02  1.163E-02  1.124E-02  1.086E-02  1.049E-02  1.013E-02  9.772E-03  9.423E-03  9.084E-03  8.751E-03  8.425E-03  8.107E-03  7.797E-03  7.494E-03  7.200E-03  6.913E-03  6.633E-03  6.360E-03  6.095E-03  5.837E-03  5.588E-03
  314.5000  3.903E-02  3.829E-02  3.757E-02  3.685E-02  3.613E-02  3.542E-02  3.472E-02  3.403E-02  3.334E-02  3.266E-02  3.198E-02  3.132E-02  3.065E-02  3.000E-02  2.935E-02  2.871E-02  2.808E-02  2.745E-02  2.683E-02  2.622E-02  2.561E-02  2.501E-02  2.442E-02  2.384E-02  2.326E-02  2.269E-02  2.213E-02  2.157E-02  2.102E-02  2.048E-02  1.995E-02  1.942E-02  1.890E-02  1.839E-02  1.788E-02  1.739E-02  1.690E-02  1.642E-02  1.594E-02  1.547E-02  1.501E-02  1.456E-02  1.411E-02  1.368E-02  1.325E-02  1.282E-02  1.241E-02  1.200E-02  1.160E-02  1.121E-02  1.082E-02  1.044E-02  1.007E-02  9.712E-03  9.359E-03  9.012E-03  8.672E-03  8.341E-03  8.016E-03  7.700E-03  7.392E-03
  315.5000  4.125E-02  4.048E-02  3.972E-02  3.897E-02  3.823E-02  3.749E-02  3.675E-02  3.603E-02  3.531E-02  3.460E-02  3.389E-02  3.320E-02  3.250E-02  3.182E-02  3.114E-02  3.047E-02  2.981E-02  2.915E-02  2.850E-02  2.786E-02  2.723E-02  2.660E-02  2.598E-02  2.537E-02  2.476E-02  2.416E-02  2.357E-02  2.299E-02  2.241E-02  2.184E-02  2.128E-02  2.073E-02  2.018E-02  1.964E-02  1.911E-02  1.858E-02  1.807E-02  1.756E-02  1.706E-02  1.657E-02  1.608E-02  1.560E-02  1.513E-02  1.467E-02  1.421E-02  1.377E-02  1.333E-02  1.289E-02  1.247E-02  1.205E-02  1.165E-02  1.124E-02  1.085E-02  1.047E-02  1.009E-02  9.721E-03  9.360E-03  9.006E-03  8.661E-03  8.323E-03  7.994E-03
  316.5000  4.564E-02  4.485E-02  4.407E-02  4.329E-02  4.252E-02  4.176E-02  4.100E-02  4.025E-02  3.950E-02  3.876E-02  3.803E-02  3.730E-02  3.658E-02  3.586E-02  3.515E-02  3.445E-02  3.375E-02  3.307E-02  3.238E-02  3.170E-02  3.104E-02  3.037E-02  2.972E-02  2.907E-02  2.842E-02  2.779E-02  2.716E-02  2.653E-02  2.592E-02  2.531E-02  2.471E-02  2.411E-02  2.352E-02  2.294E-02  2.237E-02  2.180E-02  2.124E-02  2.069E-02  2.014E-02  1.960E-02  1.907E-02  1.855E-02  1.803E-02  1.752E-02  1.702E-02  1.652E-02  1.603E-02  1.555E-02  1.508E-02  1.461E-02  1.415E-02  1.370E-02  1.326E-02  1.282E-02  1.240E-02  1.197E-02  1.156E-02  1.116E-02  1.076E-02  1.037E-02  9.985E-03
  317.5000  6.464E-02  6.352E-02  6.241E-02  6.131E-02  6.022E-02  5.914E-02  5.806E-02  5.699E-02  5.594E-02  5.489E-02  5.385E-02  5.282E-02  5.179E-02  5.078E-02  4.977E-02  4.878E-02  4.780E-02  4.682E-02  4.585E-02  4.489E-02  4.394E-02  4.300E-02  4.207E-02  4.115E-02  4.024E-02  3.934E-02  3.845E-02  3.756E-02  3.669E-02  3.583E-02  3.497E-02  3.413E-02  3.330E-02  3.248E-02  3.166E-02  3.086E-02  3.006E-02  2.928E-02  2.851E-02  2.774E-02  2.699E-02  2.625E-02  2.551E-02  2.479E-02  2.408E-02  2.338E-02  2.269E-02  2.201E-02  2.134E-02  2.068E-02  2.003E-02  1.939E-02  1.876E-02  1.814E-02  1.754E-02  1.694E-02  1.636E-02  1.578E-02  1.522E-02  1.466E-02  1.412E-02
  318.5000  5.599E-02  5.508E-02  5.419E-02  5.330E-02  5.242E-02  5.154E-02  5.066E-02  4.980E-02  4.894E-02  4.809E-02  4.724E-02  4.640E-02  4.556E-02  4.474E-02  4.391E-02  4.310E-02  4.229E-02  4.149E-02  4.070E-02  3.991E-02  3.913E-02  3.835E-02  3.758E-02  3.682E-02  3.607E-02  3.532E-02  3.458E-02  3.384E-02  3.312E-02  3.240E-02  3.168E-02  3.098E-02  3.028E-02  2.959E-02  2.891E-02  2.823E-02  2.756E-02  2.690E-02  2.624E-02  2.559E-02  2.495E-02  2.432E-02  2.369E-02  2.308E-02  2.247E-02  2.186E-02  2.127E-02  2.068E-02  2.010E-02  1.953E-02  1.896E-02  1.841E-02  1.786E-02  1.732E-02  1.678E-02  1.626E-02  1.574E-02  1.523E-02  1.473E-02  1.423E-02  1.375E-02
  319.5000  6.963E-02  6.852E-02  6.742E-02  6.633E-02  6.524E-02  6.416E-02  6.309E-02  6.203E-02  6.097E-02  5.993E-02  5.889E-02  5.785E-02  5.683E-02  5.581E-02  5.480E-02  5.380E-02  5.280E-02  5.181E-02  5.083E-02  4.986E-02  4.890E-02  4.795E-02  4.700E-02  4.606E-02  4.513E-02  4.421E-02  4.330E-02  4.239E-02  4.149E-02  4.061E-02  3.973E-02  3.886E-02  3.799E-02  3.714E-02  3.629E-02  3.546E-02  3.463E-02  3.381E-02  3.300E-02  3.220E-02  3.140E-02  3.062E-02  2.984E-02  2.908E-02  2.832E-02  2.757E-02  2.683E-02  2.610E-02  2.539E-02  2.467E-02  2.397E-02  2.328E-02  2.260E-02  2.192E-02  2.126E-02  2.060E-02  1.996E-02  1.932E-02  1.870E-02  1.808E-02  1.747E-02
  320.5000  8.668E-02  8.532E-02  8.397E-02  8.264E-02  8.131E-02  7.999E-02  7.867E-02  7.737E-02  7.608E-02  7.479E-02  7.352E-02  7.225E-02  7.099E-02  6.974E-02  6.850E-02  6.727E-02  6.605E-02  6.483E-02  6.363E-02  6.244E-02  6.126E-02  6.008E-02  5.892E-02  5.776E-02  5.662E-02  5.548E-02  5.436E-02  5.324E-02  5.214E-02  5.104E-02  4.996E-02  4.888E-02  4.782E-02  4.676E-02  4.572E-02  4.468E-02  4.366E-02  4.265E-02  4.165E-02  4.066E-02  3.967E-02  3.870E-02  3.774E-02  3.679E-02  3.586E-02  3.493E-02  3.401E-02  3.310E-02  3.221E-02  3.133E-02  3.045E-02  2.959E-02  2.874E-02  2.790E-02  2.707E-02  2.626E-02  2.545E-02  2.466E-02  2.387E-02  2.310E-02  2.235E-02
  321.5000  8.030E-02  7.913E-02  7.797E-02  7.681E-02  7.566E-02  7.452E-02  7.338E-02  7.225E-02  7.113E-02  7.002E-02  6.891E-02  6.781E-02  6.671E-02  6.562E-02  6.454E-02  6.347E-02  6.240E-02  6.134E-02  6.029E-02  5.925E-02  5.821E-02  5.718E-02  5.616E-02  5.514E-02  5.413E-02  5.313E-02  5.214E-02  5.116E-02  5.018E-02  4.921E-02  4.825E-02  4.730E-02  4.635E-02  4.541E-02  4.448E-02  4.356E-02  4.264E-02  4.174E-02  4.084E-02  3.995E-02  3.906E-02  3.819E-02  3.732E-02  3.647E-02  3.562E-02  3.477E-02  3.394E-02  3.311E-02  3.230E-02  3.149E-02  3.069E-02  2.990E-02  2.911E-02  2.834E-02  2.758E-02  2.682E-02  2.607E-02  2.533E-02  2.460E-02  2.388E-02  2.317E-02
  322.5000  7.574E-02  7.458E-02  7.342E-02  7.227E-02  7.112E-02  6.998E-02  6.885E-02  6.773E-02  6.661E-02  6.551E-02  6.440E-02  6.331E-02  6.222E-02  6.114E-02  6.007E-02  5.901E-02  5.796E-02  5.691E-02  5.587E-02  5.484E-02  5.382E-02  5.280E-02  5.179E-02  5.080E-02  4.980E-02  4.882E-02  4.785E-02  4.688E-02  4.593E-02  4.498E-02  4.404E-02  4.311E-02  4.219E-02  4.127E-02  4.036E-02  3.947E-02  3.858E-02  3.770E-02  3.683E-02  3.597E-02  3.511E-02  3.427E-02  3.343E-02  3.261E-02  3.179E-02  3.098E-02  3.019E-02  2.940E-02  2.862E-02  2.785E-02  2.708E-02  2.633E-02  2.559E-02  2.485E-02  2.413E-02  2.342E-02  2.271E-02  2.202E-02  2.133E-02  2.065E-02  1.999E-02
  323.5000  8.667E-02  8.544E-02  8.423E-02  8.303E-02  8.182E-02  8.063E-02  7.944E-02  7.826E-02  7.708E-02  7.592E-02  7.476E-02  7.360E-02  7.245E-02  7.131E-02  7.018E-02  6.905E-02  6.793E-02  6.682E-02  6.571E-02  6.462E-02  6.353E-02  6.244E-02  6.137E-02  6.030E-02  5.924E-02  5.818E-02  5.714E-02  5.610E-02  5.507E-02  5.404E-02  5.303E-02  5.202E-02  5.102E-02  5.003E-02  4.904E-02  4.807E-02  4.710E-02  4.614E-02  4.518E-02  4.424E-02  4.330E-02  4.237E-02  4.145E-02  4.054E-02  3.963E-02  3.873E-02  3.785E-02  3.696E-02  3.609E-02  3.523E-02  3.437E-02  3.353E-02  3.269E-02  3.186E-02  3.103E-02  3.022E-02  2.941E-02  2.862E-02  2.783E-02  2.705E-02  2.628E-02
  324.5000  1.014E-01  9.999E-02  9.856E-02  9.715E-02  9.574E-02  9.433E-02  9.293E-02  9.155E-02  9.016E-02  8.880E-02  8.743E-02  8.607E-02  8.472E-02  8.338E-02  8.205E-02  8.073E-02  7.942E-02  7.811E-02  7.681E-02  7.552E-02  7.424E-02  7.297E-02  7.170E-02  7.045E-02  6.920E-02  6.796E-02  6.674E-02  6.552E-02  6.431E-02  6.311E-02  6.191E-02  6.073E-02  5.956E-02  5.839E-02  5.724E-02  5.609E-02  5.495E-02  5.383E-02  5.271E-02  5.160E-02  5.050E-02  4.941E-02  4.833E-02  4.726E-02  4.620E-02  4.515E-02  4.411E-02  4.308E-02  4.206E-02  4.104E-02  4.004E-02  3.905E-02  3.806E-02  3.709E-02  3.613E-02  3.518E-02  3.423E-02  3.330E-02  3.238E-02  3.146E-02  3.057E-02
  325.5000  1.123E-01  1.107E-01  1.091E-01  1.075E-01  1.059E-01  1.043E-01  1.028E-01  1.012E-01  9.967E-02  9.814E-02  9.661E-02  9.509E-02  9.358E-02  9.208E-02  9.058E-02  8.911E-02  8.763E-02  8.617E-02  8.472E-02  8.327E-02  8.185E-02  8.042E-02  7.901E-02  7.760E-02  7.621E-02  7.483E-02  7.346E-02  7.209E-02  7.074E-02  6.940E-02  6.807E-02  6.675E-02  6.544E-02  6.414E-02  6.285E-02  6.157E-02  6.030E-02  5.905E-02  5.780E-02  5.657E-02  5.534E-02  5.413E-02  5.292E-02  5.173E-02  5.055E-02  4.938E-02  4.822E-02  4.708E-02  4.594E-02  4.482E-02  4.370E-02  4.260E-02  4.151E-02  4.043E-02  3.936E-02  3.830E-02  3.726E-02  3.623E-02  3.520E-02  3.419E-02  3.320E-02
  326.5000  1.458E-01  1.438E-01  1.419E-01  1.399E-01  1.380E-01  1.361E-01  1.342E-01  1.323E-01  1.304E-01  1.285E-01  1.266E-01  1.248E-01  1.229E-01  1.211E-01  1.192E-01  1.174E-01  1.156E-01  1.138E-01  1.120E-01  1.103E-01  1.085E-01  1.068E-01  1.050E-01  1.033E-01  1.016E-01  9.985E-02  9.815E-02  9.647E-02  9.479E-02  9.313E-02  9.147E-02  8.984E-02  8.821E-02  8.659E-02  8.498E-02  8.339E-02  8.180E-02  8.024E-02  7.868E-02  7.713E-02  7.559E-02  7.407E-02  7.256E-02  7.106E-02  6.957E-02  6.810E-02  6.663E-02  6.518E-02  6.374E-02  6.232E-02  6.090E-02  5.950E-02  5.811E-02  5.673E-02  5.536E-02  5.401E-02  5.267E-02  5.134E-02  5.002E-02  4.872E-02  4.743E-02
  327.5000  1.329E-01  1.311E-01  1.293E-01  1.275E-01  1.257E-01  1.239E-01  1.221E-01  1.203E-01  1.186E-01  1.168E-01  1.151E-01  1.134E-01  1.116E-01  1.099E-01  1.082E-01  1.065E-01  1.049E-01  1.032E-01  1.015E-01  9.988E-02  9.825E-02  9.662E-02  9.500E-02  9.339E-02  9.180E-02  9.021E-02  8.864E-02  8.707E-02  8.552E-02  8.398E-02  8.245E-02  8.093E-02  7.942E-02  7.793E-02  7.644E-02  7.496E-02  7.350E-02  7.205E-02  7.061E-02  6.918E-02  6.776E-02  6.636E-02  6.496E-02  6.358E-02  6.221E-02  6.085E-02  5.950E-02  5.816E-02  5.684E-02  5.553E-02  5.423E-02  5.294E-02  5.166E-02  5.040E-02  4.915E-02  4.791E-02  4.668E-02  4.546E-02  4.425E-02  4.306E-02  4.189E-02
  328.5000  1.230E-01  1.213E-01  1.196E-01  1.179E-01  1.163E-01  1.146E-01  1.130E-01  1.113E-01  1.097E-01  1.081E-01  1.065E-01  1.049E-01  1.033E-01  1.017E-01  1.001E-01  9.857E-02  9.701E-02  9.547E-02  9.393E-02  9.241E-02  9.090E-02  8.939E-02  8.789E-02  8.641E-02  8.493E-02  8.346E-02  8.201E-02  8.056E-02  7.913E-02  7.770E-02  7.628E-02  7.488E-02  7.349E-02  7.210E-02  7.073E-02  6.936E-02  6.801E-02  6.667E-02  6.534E-02  6.401E-02  6.270E-02  6.140E-02  6.011E-02  5.883E-02  5.757E-02  5.631E-02  5.506E-02  5.382E-02  5.260E-02  5.139E-02  5.018E-02  4.899E-02  4.781E-02  4.664E-02  4.548E-02  4.434E-02  4.320E-02  4.207E-02  4.096E-02  3.986E-02  3.877E-02
  329.5000  1.678E-01  1.656E-01  1.634E-01  1.613E-01  1.591E-01  1.569E-01  1.548E-01  1.527E-01  1.505E-01  1.484E-01  1.463E-01  1.443E-01  1.422E-01  1.401E-01  1.381E-01  1.360E-01  1.340E-01  1.320E-01  1.300E-01  1.280E-01  1.260E-01  1.240E-01  1.221E-01  1.201E-01  1.182E-01  1.162E-01  1.143E-01  1.124E-01  1.106E-01  1.087E-01  1.068E-01  1.050E-01  1.031E-01  1.013E-01  9.948E-02  9.768E-02  9.589E-02  9.412E-02  9.236E-02  9.061E-02  8.887E-02  8.715E-02  8.543E-02  8.374E-02  8.205E-02  8.038E-02  7.872E-02  7.707E-02  7.544E-02  7.382E-02  7.221E-02  7.061E-02  6.903E-02  6.746E-02  6.591E-02  6.437E-02  6.284E-02  6.132E-02  5.981E-02  5.832E-02  5.685E-02
  330.5000  1.496E-01  1.476E-01  1.456E-01  1.436E-01  1.417E-01  1.397E-01  1.377E-01  1.358E-01  1.339E-01  1.320E-01  1.301E-01  1.282E-01  1.263E-01  1.244E-01  1.225E-01  1.207E-01  1.188E-01  1.170E-01  1.152E-01  1.134E-01  1.116E-01  1.098E-01  1.080E-01  1.062E-01  1.045E-01  1.027E-01  1.010E-01  9.927E-02  9.755E-02  9.585E-02  9.417E-02  9.249E-02  9.083E-02  8.918E-02  8.753E-02  8.590E-02  8.429E-02  8.269E-02  8.109E-02  7.951E-02  7.794E-02  7.638E-02  7.484E-02  7.331E-02  7.179E-02  7.028E-02  6.878E-02  6.730E-02  6.583E-02  6.437E-02  6.292E-02  6.149E-02  6.006E-02  5.865E-02  5.726E-02  5.588E-02  5.450E-02  5.314E-02  5.179E-02  5.046E-02  4.914E-02
  331.5000  1.473E-01  1.454E-01  1.434E-01  1.415E-01  1.395E-01  1.376E-01  1.356E-01  1.337E-01  1.318E-01  1.299E-01  1.280E-01  1.262E-01  1.243E-01  1.224E-01  1.206E-01  1.188E-01  1.169E-01  1.151E-01  1.133E-01  1.115E-01  1.097E-01  1.080E-01  1.062E-01  1.045E-01  1.027E-01  1.010E-01  9.928E-02  9.758E-02  9.589E-02  9.421E-02  9.254E-02  9.089E-02  8.924E-02  8.761E-02  8.599E-02  8.438E-02  8.278E-02  8.120E-02  7.962E-02  7.806E-02  7.651E-02  7.497E-02  7.344E-02  7.193E-02  7.043E-02  6.894E-02  6.746E-02  6.600E-02  6.455E-02  6.311E-02  6.168E-02  6.026E-02  5.886E-02  5.747E-02  5.610E-02  5.473E-02  5.337E-02  5.203E-02  5.070E-02  4.939E-02  4.809E-02
  332.5000  1.506E-01  1.486E-01  1.467E-01  1.448E-01  1.428E-01  1.409E-01  1.390E-01  1.371E-01  1.353E-01  1.334E-01  1.315E-01  1.297E-01  1.278E-01  1.260E-01  1.242E-01  1.223E-01  1.205E-01  1.187E-01  1.170E-01  1.152E-01  1.134E-01  1.117E-01  1.099E-01  1.082E-01  1.065E-01  1.047E-01  1.030E-01  1.014E-01  9.967E-02  9.800E-02  9.634E-02  9.470E-02  9.306E-02  9.143E-02  8.982E-02  8.821E-02  8.662E-02  8.504E-02  8.347E-02  8.191E-02  8.036E-02  7.882E-02  7.730E-02  7.579E-02  7.428E-02  7.279E-02  7.131E-02  6.984E-02  6.838E-02  6.694E-02  6.550E-02  6.408E-02  6.266E-02  6.126E-02  5.988E-02  5.850E-02  5.713E-02  5.578E-02  5.443E-02  5.310E-02  5.178E-02
  333.5000  1.395E-01  1.376E-01  1.358E-01  1.340E-01  1.322E-01  1.304E-01  1.286E-01  1.268E-01  1.251E-01  1.233E-01  1.216E-01  1.198E-01  1.181E-01  1.163E-01  1.146E-01  1.129E-01  1.112E-01  1.095E-01  1.079E-01  1.062E-01  1.045E-01  1.029E-01  1.012E-01  9.962E-02  9.800E-02  9.639E-02  9.480E-02  9.321E-02  9.163E-02  9.006E-02  8.851E-02  8.696E-02  8.543E-02  8.390E-02  8.239E-02  8.089E-02  7.939E-02  7.792E-02  7.644E-02  7.498E-02  7.353E-02  7.209E-02  7.067E-02  6.925E-02  6.785E-02  6.645E-02  6.507E-02  6.370E-02  6.234E-02  6.099E-02  5.965E-02  5.832E-02  5.700E-02  5.570E-02  5.440E-02  5.312E-02  5.185E-02  5.058E-02  4.933E-02  4.809E-02  4.687E-02
  334.5000  1.572E-01  1.552E-01  1.532E-01  1.511E-01  1.491E-01  1.471E-01  1.451E-01  1.431E-01  1.411E-01  1.391E-01  1.372E-01  1.352E-01  1.333E-01  1.314E-01  1.294E-01  1.275E-01  1.256E-01  1.237E-01  1.219E-01  1.200E-01  1.181E-01  1.163E-01  1.144E-01  1.126E-01  1.108E-01  1.090E-01  1.072E-01  1.054E-01  1.037E-01  1.019E-01  1.002E-01  9.845E-02  9.673E-02  9.502E-02  9.332E-02  9.163E-02  8.996E-02  8.830E-02  8.665E-02  8.502E-02  8.339E-02  8.177E-02  8.017E-02  7.859E-02  7.701E-02  7.545E-02  7.389E-02  7.235E-02  7.083E-02  6.931E-02  6.780E-02  6.631E-02  6.483E-02  6.336E-02  6.191E-02  6.047E-02  5.904E-02  5.762E-02  5.621E-02  5.482E-02  5.344E-02
  335.5000  1.623E-01  1.602E-01  1.581E-01  1.561E-01  1.540E-01  1.520E-01  1.500E-01  1.479E-01  1.459E-01  1.439E-01  1.419E-01  1.400E-01  1.380E-01  1.360E-01  1.341E-01  1.321E-01  1.302E-01  1.283E-01  1.264E-01  1.245E-01  1.226E-01  1.207E-01  1.188E-01  1.170E-01  1.151E-01  1.133E-01  1.115E-01  1.097E-01  1.079E-01  1.061E-01  1.043E-01  1.025E-01  1.008E-01  9.905E-02  9.732E-02  9.560E-02  9.389E-02  9.221E-02  9.052E-02  8.885E-02  8.719E-02  8.554E-02  8.391E-02  8.229E-02  8.068E-02  7.908E-02  7.749E-02  7.592E-02  7.436E-02  7.281E-02  7.127E-02  6.974E-02  6.823E-02  6.673E-02  6.524E-02  6.376E-02  6.229E-02  6.084E-02  5.940E-02  5.797E-02  5.655E-02
  336.5000  1.264E-01  1.248E-01  1.231E-01  1.215E-01  1.199E-01  1.183E-01  1.167E-01  1.151E-01  1.136E-01  1.120E-01  1.104E-01  1.089E-01  1.073E-01  1.058E-01  1.043E-01  1.028E-01  1.013E-01  9.975E-02  9.825E-02  9.677E-02  9.529E-02  9.382E-02  9.236E-02  9.091E-02  8.947E-02  8.803E-02  8.661E-02  8.519E-02  8.379E-02  8.239E-02  8.100E-02  7.962E-02  7.825E-02  7.689E-02  7.553E-02  7.419E-02  7.286E-02  7.154E-02  7.022E-02  6.891E-02  6.762E-02  6.633E-02  6.505E-02  6.379E-02  6.253E-02  6.128E-02  6.004E-02  5.881E-02  5.759E-02  5.638E-02  5.518E-02  5.399E-02  5.281E-02  5.163E-02  5.047E-02  4.932E-02  4.817E-02  4.704E-02  4.591E-02  4.480E-02  4.370E-02
  337.5000  1.372E-01  1.355E-01  1.337E-01  1.319E-01  1.301E-01  1.284E-01  1.266E-01  1.249E-01  1.232E-01  1.214E-01  1.197E-01  1.180E-01  1.163E-01  1.146E-01  1.129E-01  1.113E-01  1.096E-01  1.080E-01  1.063E-01  1.047E-01  1.031E-01  1.015E-01  9.985E-02  9.826E-02  9.667E-02  9.510E-02  9.354E-02  9.199E-02  9.044E-02  8.891E-02  8.738E-02  8.587E-02  8.437E-02  8.288E-02  8.139E-02  7.992E-02  7.846E-02  7.701E-02  7.557E-02  7.414E-02  7.272E-02  7.131E-02  6.991E-02  6.853E-02  6.715E-02  6.579E-02  6.443E-02  6.309E-02  6.176E-02  6.043E-02  5.912E-02  5.782E-02  5.653E-02  5.524E-02  5.398E-02  5.272E-02  5.147E-02  5.023E-02  4.901E-02  4.779E-02  4.659E-02
  338.5000  1.476E-01  1.457E-01  1.438E-01  1.420E-01  1.401E-01  1.382E-01  1.364E-01  1.346E-01  1.327E-01  1.309E-01  1.291E-01  1.273E-01  1.255E-01  1.237E-01  1.219E-01  1.202E-01  1.184E-01  1.167E-01  1.149E-01  1.132E-01  1.115E-01  1.098E-01  1.081E-01  1.064E-01  1.047E-01  1.030E-01  1.014E-01  9.974E-02  9.810E-02  9.648E-02  9.486E-02  9.326E-02  9.166E-02  9.008E-02  8.851E-02  8.694E-02  8.539E-02  8.386E-02  8.233E-02  8.081E-02  7.930E-02  7.780E-02  7.631E-02  7.484E-02  7.338E-02  7.192E-02  7.048E-02  6.905E-02  6.763E-02  6.622E-02  6.482E-02  6.344E-02  6.206E-02  6.069E-02  5.934E-02  5.800E-02  5.667E-02  5.535E-02  5.403E-02  5.274E-02  5.145E-02
  339.5000  1.610E-01  1.590E-01  1.569E-01  1.549E-01  1.528E-01  1.508E-01  1.488E-01  1.468E-01  1.448E-01  1.428E-01  1.409E-01  1.389E-01  1.369E-01  1.350E-01  1.331E-01  1.311E-01  1.292E-01  1.273E-01  1.254E-01  1.236E-01  1.217E-01  1.198E-01  1.180E-01  1.161E-01  1.143E-01  1.125E-01  1.107E-01  1.089E-01  1.071E-01  1.053E-01  1.036E-01  1.018E-01  1.001E-01  9.838E-02  9.667E-02  9.497E-02  9.328E-02  9.160E-02  8.994E-02  8.828E-02  8.664E-02  8.501E-02  8.339E-02  8.179E-02  8.019E-02  7.861E-02  7.704E-02  7.548E-02  7.393E-02  7.240E-02  7.088E-02  6.936E-02  6.786E-02  6.638E-02  6.491E-02  6.344E-02  6.199E-02  6.055E-02  5.912E-02  5.771E-02  5.631E-02
  340.5000  1.712E-01  1.690E-01  1.668E-01  1.646E-01  1.625E-01  1.603E-01  1.582E-01  1.560E-01  1.539E-01  1.518E-01  1.496E-01  1.475E-01  1.454E-01  1.434E-01  1.413E-01  1.392E-01  1.372E-01  1.352E-01  1.331E-01  1.311E-01  1.291E-01  1.271E-01  1.251E-01  1.232E-01  1.212E-01  1.193E-01  1.174E-01  1.154E-01  1.135E-01  1.116E-01  1.098E-01  1.079E-01  1.060E-01  1.042E-01  1.024E-01  1.005E-01  9.873E-02  9.694E-02  9.516E-02  9.339E-02  9.164E-02  8.989E-02  8.816E-02  8.645E-02  8.475E-02  8.306E-02  8.138E-02  7.971E-02  7.807E-02  7.643E-02  7.480E-02  7.319E-02  7.159E-02  7.000E-02  6.843E-02  6.687E-02  6.532E-02  6.379E-02  6.227E-02  6.076E-02  5.927E-02
  341.5000  1.536E-01  1.517E-01  1.497E-01  1.478E-01  1.458E-01  1.439E-01  1.420E-01  1.401E-01  1.382E-01  1.363E-01  1.344E-01  1.326E-01  1.307E-01  1.288E-01  1.270E-01  1.252E-01  1.234E-01  1.215E-01  1.197E-01  1.179E-01  1.162E-01  1.144E-01  1.126E-01  1.109E-01  1.091E-01  1.074E-01  1.057E-01  1.040E-01  1.023E-01  1.006E-01  9.893E-02  9.727E-02  9.561E-02  9.397E-02  9.233E-02  9.071E-02  8.910E-02  8.751E-02  8.592E-02  8.435E-02  8.278E-02  8.123E-02  7.968E-02  7.816E-02  7.664E-02  7.513E-02  7.363E-02  7.215E-02  7.068E-02  6.922E-02  6.776E-02  6.632E-02  6.490E-02  6.348E-02  6.208E-02  6.068E-02  5.930E-02  5.793E-02  5.657E-02  5.522E-02  5.389E-02
  342.5000  1.706E-01  1.685E-01  1.663E-01  1.641E-01  1.620E-01  1.599E-01  1.577E-01  1.556E-01  1.535E-01  1.514E-01  1.493E-01  1.473E-01  1.452E-01  1.432E-01  1.411E-01  1.391E-01  1.371E-01  1.351E-01  1.331E-01  1.311E-01  1.291E-01  1.271E-01  1.252E-01  1.232E-01  1.213E-01  1.194E-01  1.175E-01  1.156E-01  1.137E-01  1.118E-01  1.100E-01  1.081E-01  1.063E-01  1.045E-01  1.026E-01  1.009E-01  9.906E-02  9.730E-02  9.553E-02  9.378E-02  9.205E-02  9.032E-02  8.861E-02  8.692E-02  8.523E-02  8.356E-02  8.190E-02  8.025E-02  7.862E-02  7.700E-02  7.539E-02  7.379E-02  7.220E-02  7.063E-02  6.908E-02  6.753E-02  6.599E-02  6.447E-02  6.296E-02  6.147E-02  5.999E-02
  343.5000  1.769E-01  1.746E-01  1.724E-01  1.701E-01  1.679E-01  1.657E-01  1.635E-01  1.613E-01  1.591E-01  1.569E-01  1.547E-01  1.526E-01  1.504E-01  1.483E-01  1.462E-01  1.441E-01  1.420E-01  1.399E-01  1.378E-01  1.357E-01  1.337E-01  1.316E-01  1.296E-01  1.276E-01  1.256E-01  1.236E-01  1.216E-01  1.196E-01  1.177E-01  1.157E-01  1.138E-01  1.119E-01  1.100E-01  1.081E-01  1.062E-01  1.043E-01  1.025E-01  1.006E-01  9.878E-02  9.697E-02  9.516E-02  9.337E-02  9.159E-02  8.983E-02  8.808E-02  8.634E-02  8.462E-02  8.290E-02  8.121E-02  7.952E-02  7.785E-02  7.619E-02  7.455E-02  7.292E-02  7.130E-02  6.970E-02  6.810E-02  6.652E-02  6.496E-02  6.340E-02  6.187E-02
  344.5000  1.237E-01  1.221E-01  1.205E-01  1.190E-01  1.174E-01  1.158E-01  1.143E-01  1.127E-01  1.112E-01  1.097E-01  1.081E-01  1.066E-01  1.051E-01  1.036E-01  1.021E-01  1.007E-01  9.918E-02  9.771E-02  9.625E-02  9.480E-02  9.336E-02  9.193E-02  9.050E-02  8.908E-02  8.767E-02  8.627E-02  8.488E-02  8.350E-02  8.213E-02  8.076E-02  7.940E-02  7.806E-02  7.672E-02  7.539E-02  7.407E-02  7.276E-02  7.146E-02  7.017E-02  6.888E-02  6.761E-02  6.634E-02  6.509E-02  6.384E-02  6.261E-02  6.138E-02  6.016E-02  5.895E-02  5.775E-02  5.656E-02  5.538E-02  5.421E-02  5.305E-02  5.190E-02  5.075E-02  4.962E-02  4.850E-02  4.738E-02  4.628E-02  4.518E-02  4.409E-02  4.302E-02
  345.5000  1.711E-01  1.689E-01  1.668E-01  1.646E-01  1.625E-01  1.603E-01  1.582E-01  1.561E-01  1.540E-01  1.519E-01  1.498E-01  1.477E-01  1.457E-01  1.436E-01  1.416E-01  1.395E-01  1.375E-01  1.355E-01  1.335E-01  1.315E-01  1.295E-01  1.275E-01  1.256E-01  1.236E-01  1.217E-01  1.198E-01  1.179E-01  1.160E-01  1.141E-01  1.122E-01  1.103E-01  1.085E-01  1.067E-01  1.048E-01  1.030E-01  1.012E-01  9.943E-02  9.766E-02  9.589E-02  9.414E-02  9.240E-02  9.067E-02  8.896E-02  8.726E-02  8.557E-02  8.390E-02  8.223E-02  8.058E-02  7.895E-02  7.732E-02  7.571E-02  7.411E-02  7.252E-02  7.095E-02  6.939E-02  6.784E-02  6.631E-02  6.478E-02  6.327E-02  6.178E-02  6.029E-02
  346.5000  1.594E-01  1.574E-01  1.553E-01  1.533E-01  1.513E-01  1.493E-01  1.473E-01  1.453E-01  1.434E-01  1.414E-01  1.394E-01  1.375E-01  1.356E-01  1.336E-01  1.317E-01  1.298E-01  1.279E-01  1.260E-01  1.241E-01  1.223E-01  1.204E-01  1.186E-01  1.167E-01  1.149E-01  1.131E-01  1.113E-01  1.095E-01  1.078E-01  1.060E-01  1.042E-01  1.025E-01  1.008E-01  9.903E-02  9.732E-02  9.562E-02  9.394E-02  9.226E-02  9.061E-02  8.895E-02  8.732E-02  8.569E-02  8.407E-02  8.247E-02  8.088E-02  7.930E-02  7.774E-02  7.618E-02  7.464E-02  7.311E-02  7.159E-02  7.009E-02  6.859E-02  6.711E-02  6.564E-02  6.418E-02  6.274E-02  6.130E-02  5.988E-02  5.847E-02  5.707E-02  5.569E-02
  347.5000  1.560E-01  1.540E-01  1.520E-01  1.501E-01  1.481E-01  1.461E-01  1.442E-01  1.422E-01  1.403E-01  1.384E-01  1.365E-01  1.346E-01  1.327E-01  1.308E-01  1.289E-01  1.270E-01  1.252E-01  1.233E-01  1.215E-01  1.197E-01  1.179E-01  1.161E-01  1.143E-01  1.125E-01  1.107E-01  1.090E-01  1.072E-01  1.055E-01  1.037E-01  1.020E-01  1.003E-01  9.862E-02  9.694E-02  9.526E-02  9.360E-02  9.195E-02  9.031E-02  8.869E-02  8.708E-02  8.547E-02  8.388E-02  8.230E-02  8.073E-02  7.918E-02  7.763E-02  7.610E-02  7.458E-02  7.307E-02  7.158E-02  7.009E-02  6.862E-02  6.715E-02  6.570E-02  6.426E-02  6.284E-02  6.143E-02  6.002E-02  5.863E-02  5.725E-02  5.589E-02  5.453E-02
  348.5000  1.720E-01  1.698E-01  1.676E-01  1.654E-01  1.632E-01  1.611E-01  1.589E-01  1.568E-01  1.547E-01  1.526E-01  1.505E-01  1.484E-01  1.463E-01  1.442E-01  1.421E-01  1.401E-01  1.380E-01  1.360E-01  1.340E-01  1.320E-01  1.300E-01  1.280E-01  1.260E-01  1.241E-01  1.221E-01  1.202E-01  1.183E-01  1.163E-01  1.144E-01  1.125E-01  1.107E-01  1.088E-01  1.069E-01  1.051E-01  1.033E-01  1.015E-01  9.965E-02  9.787E-02  9.609E-02  9.432E-02  9.257E-02  9.083E-02  8.910E-02  8.739E-02  8.569E-02  8.401E-02  8.233E-02  8.067E-02  7.902E-02  7.739E-02  7.577E-02  7.416E-02  7.256E-02  7.098E-02  6.941E-02  6.785E-02  6.631E-02  6.477E-02  6.326E-02  6.175E-02  6.026E-02
  349.5000  1.442E-01  1.424E-01  1.405E-01  1.387E-01  1.369E-01  1.351E-01  1.333E-01  1.315E-01  1.297E-01  1.279E-01  1.262E-01  1.244E-01  1.227E-01  1.209E-01  1.192E-01  1.175E-01  1.158E-01  1.141E-01  1.124E-01  1.107E-01  1.090E-01  1.073E-01  1.057E-01  1.040E-01  1.024E-01  1.008E-01  9.915E-02  9.754E-02  9.594E-02  9.436E-02  9.278E-02  9.122E-02  8.966E-02  8.812E-02  8.658E-02  8.506E-02  8.354E-02  8.204E-02  8.055E-02  7.907E-02  7.760E-02  7.614E-02  7.469E-02  7.326E-02  7.183E-02  7.041E-02  6.901E-02  6.761E-02  6.624E-02  6.486E-02  6.350E-02  6.215E-02  6.081E-02  5.948E-02  5.817E-02  5.686E-02  5.557E-02  5.428E-02  5.301E-02  5.175E-02  5.050E-02
  350.5000  2.022E-01  1.996E-01  1.971E-01  1.945E-01  1.920E-01  1.894E-01  1.869E-01  1.844E-01  1.819E-01  1.794E-01  1.769E-01  1.745E-01  1.720E-01  1.696E-01  1.671E-01  1.647E-01  1.623E-01  1.599E-01  1.575E-01  1.552E-01  1.528E-01  1.505E-01  1.482E-01  1.459E-01  1.436E-01  1.413E-01  1.390E-01  1.368E-01  1.345E-01  1.323E-01  1.301E-01  1.279E-01  1.257E-01  1.236E-01  1.214E-01  1.193E-01  1.171E-01  1.150E-01  1.130E-01  1.109E-01  1.088E-01  1.068E-01  1.047E-01  1.027E-01  1.007E-01  9.874E-02  9.677E-02  9.482E-02  9.288E-02  9.096E-02  8.905E-02  8.716E-02  8.528E-02  8.342E-02  8.158E-02  7.975E-02  7.793E-02  7.613E-02  7.434E-02  7.257E-02  7.082E-02
  351.5000  1.743E-01  1.721E-01  1.699E-01  1.677E-01  1.655E-01  1.633E-01  1.611E-01  1.589E-01  1.568E-01  1.546E-01  1.525E-01  1.504E-01  1.483E-01  1.462E-01  1.441E-01  1.420E-01  1.399E-01  1.378E-01  1.358E-01  1.337E-01  1.317E-01  1.297E-01  1.277E-01  1.257E-01  1.237E-01  1.218E-01  1.198E-01  1.179E-01  1.159E-01  1.140E-01  1.121E-01  1.102E-01  1.083E-01  1.065E-01  1.046E-01  1.028E-01  1.009E-01  9.911E-02  9.730E-02  9.551E-02  9.373E-02  9.197E-02  9.021E-02  8.848E-02  8.675E-02  8.504E-02  8.334E-02  8.166E-02  7.999E-02  7.833E-02  7.668E-02  7.505E-02  7.343E-02  7.183E-02  7.024E-02  6.866E-02  6.709E-02  6.554E-02  6.400E-02  6.248E-02  6.097E-02
  352.5000  1.575E-01  1.555E-01  1.535E-01  1.515E-01  1.495E-01  1.475E-01  1.455E-01  1.436E-01  1.416E-01  1.397E-01  1.378E-01  1.358E-01  1.339E-01  1.320E-01  1.301E-01  1.283E-01  1.264E-01  1.245E-01  1.227E-01  1.208E-01  1.190E-01  1.172E-01  1.154E-01  1.136E-01  1.118E-01  1.100E-01  1.082E-01  1.065E-01  1.047E-01  1.030E-01  1.013E-01  9.957E-02  9.787E-02  9.618E-02  9.450E-02  9.283E-02  9.118E-02  8.954E-02  8.791E-02  8.630E-02  8.469E-02  8.309E-02  8.151E-02  7.995E-02  7.839E-02  7.684E-02  7.531E-02  7.378E-02  7.228E-02  7.078E-02  6.929E-02  6.782E-02  6.636E-02  6.491E-02  6.347E-02  6.205E-02  6.063E-02  5.923E-02  5.784E-02  5.646E-02  5.510E-02
  353.5000  1.899E-01  1.875E-01  1.851E-01  1.827E-01  1.803E-01  1.779E-01  1.756E-01  1.732E-01  1.708E-01  1.685E-01  1.662E-01  1.639E-01  1.616E-01  1.593E-01  1.570E-01  1.547E-01  1.525E-01  1.502E-01  1.480E-01  1.458E-01  1.436E-01  1.414E-01  1.392E-01  1.370E-01  1.348E-01  1.327E-01  1.306E-01  1.285E-01  1.264E-01  1.243E-01  1.222E-01  1.201E-01  1.181E-01  1.160E-01  1.140E-01  1.120E-01  1.100E-01  1.080E-01  1.061E-01  1.041E-01  1.022E-01  1.003E-01  9.836E-02  9.648E-02  9.460E-02  9.273E-02  9.088E-02  8.905E-02  8.723E-02  8.543E-02  8.364E-02  8.186E-02  8.010E-02  7.835E-02  7.662E-02  7.490E-02  7.320E-02  7.151E-02  6.983E-02  6.817E-02  6.653E-02
  354.5000  2.059E-01  2.033E-01  2.007E-01  1.981E-01  1.955E-01  1.929E-01  1.903E-01  1.878E-01  1.852E-01  1.827E-01  1.802E-01  1.777E-01  1.752E-01  1.727E-01  1.702E-01  1.678E-01  1.653E-01  1.629E-01  1.605E-01  1.581E-01  1.557E-01  1.533E-01  1.509E-01  1.486E-01  1.462E-01  1.439E-01  1.416E-01  1.393E-01  1.370E-01  1.348E-01  1.325E-01  1.303E-01  1.281E-01  1.259E-01  1.237E-01  1.215E-01  1.193E-01  1.172E-01  1.151E-01  1.129E-01  1.108E-01  1.088E-01  1.067E-01  1.046E-01  1.026E-01  1.006E-01  9.858E-02  9.659E-02  9.463E-02  9.267E-02  9.073E-02  8.880E-02  8.689E-02  8.500E-02  8.313E-02  8.126E-02  7.942E-02  7.759E-02  7.577E-02  7.397E-02  7.219E-02
  355.5000  1.926E-01  1.902E-01  1.877E-01  1.853E-01  1.829E-01  1.805E-01  1.781E-01  1.757E-01  1.733E-01  1.709E-01  1.686E-01  1.662E-01  1.639E-01  1.616E-01  1.592E-01  1.570E-01  1.547E-01  1.524E-01  1.501E-01  1.479E-01  1.456E-01  1.434E-01  1.412E-01  1.390E-01  1.368E-01  1.346E-01  1.325E-01  1.303E-01  1.282E-01  1.261E-01  1.240E-01  1.219E-01  1.198E-01  1.177E-01  1.157E-01  1.136E-01  1.116E-01  1.096E-01  1.076E-01  1.056E-01  1.037E-01  1.017E-01  9.979E-02  9.788E-02  9.597E-02  9.408E-02  9.220E-02  9.034E-02  8.850E-02  8.667E-02  8.486E-02  8.305E-02  8.127E-02  7.950E-02  7.774E-02  7.600E-02  7.427E-02  7.256E-02  7.086E-02  6.918E-02  6.752E-02
  356.5000  1.790E-01  1.767E-01  1.744E-01  1.721E-01  1.699E-01  1.676E-01  1.654E-01  1.632E-01  1.610E-01  1.588E-01  1.566E-01  1.544E-01  1.522E-01  1.501E-01  1.479E-01  1.458E-01  1.437E-01  1.415E-01  1.394E-01  1.373E-01  1.353E-01  1.332E-01  1.311E-01  1.291E-01  1.271E-01  1.250E-01  1.230E-01  1.210E-01  1.190E-01  1.171E-01  1.151E-01  1.132E-01  1.112E-01  1.093E-01  1.074E-01  1.055E-01  1.036E-01  1.018E-01  9.994E-02  9.810E-02  9.627E-02  9.446E-02  9.266E-02  9.088E-02  8.911E-02  8.736E-02  8.561E-02  8.389E-02  8.218E-02  8.047E-02  7.879E-02  7.711E-02  7.545E-02  7.381E-02  7.218E-02  7.056E-02  6.896E-02  6.737E-02  6.579E-02  6.423E-02  6.268E-02
  357.5000  1.523E-01  1.504E-01  1.484E-01  1.465E-01  1.446E-01  1.427E-01  1.408E-01  1.389E-01  1.370E-01  1.351E-01  1.333E-01  1.314E-01  1.295E-01  1.277E-01  1.259E-01  1.241E-01  1.222E-01  1.204E-01  1.187E-01  1.169E-01  1.151E-01  1.133E-01  1.116E-01  1.098E-01  1.081E-01  1.064E-01  1.047E-01  1.030E-01  1.013E-01  9.961E-02  9.795E-02  9.630E-02  9.465E-02  9.302E-02  9.139E-02  8.978E-02  8.818E-02  8.660E-02  8.502E-02  8.345E-02  8.190E-02  8.036E-02  7.883E-02  7.731E-02  7.581E-02  7.431E-02  7.283E-02  7.136E-02  6.990E-02  6.845E-02  6.702E-02  6.559E-02  6.418E-02  6.278E-02  6.139E-02  6.002E-02  5.865E-02  5.730E-02  5.596E-02  5.463E-02  5.331E-02
  358.5000  1.177E-01  1.162E-01  1.147E-01  1.132E-01  1.117E-01  1.103E-01  1.088E-01  1.073E-01  1.059E-01  1.044E-01  1.030E-01  1.015E-01  1.001E-01  9.869E-02  9.727E-02  9.587E-02  9.447E-02  9.308E-02  9.169E-02  9.031E-02  8.895E-02  8.758E-02  8.623E-02  8.488E-02  8.354E-02  8.221E-02  8.090E-02  7.958E-02  7.828E-02  7.698E-02  7.569E-02  7.442E-02  7.314E-02  7.188E-02  7.063E-02  6.938E-02  6.815E-02  6.692E-02  6.570E-02  6.449E-02  6.329E-02  6.210E-02  6.092E-02  5.975E-02  5.858E-02  5.743E-02  5.628E-02  5.514E-02  5.402E-02  5.290E-02  5.179E-02  5.069E-02  4.960E-02  4.852E-02  4.745E-02  4.638E-02  4.533E-02  4.428E-02  4.325E-02  4.222E-02  4.120E-02
  359.5000  1.983E-01  1.957E-01  1.932E-01  1.907E-01  1.882E-01  1.857E-01  1.833E-01  1.808E-01  1.783E-01  1.759E-01  1.735E-01  1.711E-01  1.686E-01  1.662E-01  1.639E-01  1.615E-01  1.591E-01  1.568E-01  1.545E-01  1.521E-01  1.498E-01  1.475E-01  1.453E-01  1.430E-01  1.407E-01  1.385E-01  1.363E-01  1.341E-01  1.318E-01  1.297E-01  1.275E-01  1.253E-01  1.232E-01  1.211E-01  1.190E-01  1.169E-01  1.148E-01  1.127E-01  1.107E-01  1.086E-01  1.066E-01  1.046E-01  1.026E-01  1.006E-01  9.866E-02  9.671E-02  9.478E-02  9.287E-02  9.097E-02  8.909E-02  8.722E-02  8.536E-02  8.352E-02  8.170E-02  7.990E-02  7.811E-02  7.633E-02  7.457E-02  7.282E-02  7.109E-02  6.938E-02
  360.5000  1.840E-01  1.816E-01  1.793E-01  1.770E-01  1.746E-01  1.723E-01  1.700E-01  1.678E-01  1.655E-01  1.632E-01  1.610E-01  1.587E-01  1.565E-01  1.543E-01  1.520E-01  1.498E-01  1.477E-01  1.455E-01  1.433E-01  1.412E-01  1.390E-01  1.369E-01  1.348E-01  1.327E-01  1.306E-01  1.285E-01  1.264E-01  1.244E-01  1.223E-01  1.203E-01  1.183E-01  1.163E-01  1.143E-01  1.123E-01  1.104E-01  1.084E-01  1.065E-01  1.046E-01  1.027E-01  1.008E-01  9.888E-02  9.702E-02  9.517E-02  9.334E-02  9.152E-02  8.971E-02  8.792E-02  8.614E-02  8.438E-02  8.263E-02  8.090E-02  7.918E-02  7.747E-02  7.578E-02  7.411E-02  7.245E-02  7.080E-02  6.916E-02  6.754E-02  6.594E-02  6.435E-02
  361.5000  1.661E-01  1.639E-01  1.618E-01  1.597E-01  1.577E-01  1.556E-01  1.535E-01  1.514E-01  1.494E-01  1.473E-01  1.453E-01  1.433E-01  1.412E-01  1.392E-01  1.372E-01  1.353E-01  1.333E-01  1.313E-01  1.294E-01  1.274E-01  1.255E-01  1.236E-01  1.216E-01  1.197E-01  1.179E-01  1.160E-01  1.141E-01  1.123E-01  1.104E-01  1.086E-01  1.068E-01  1.050E-01  1.032E-01  1.014E-01  9.961E-02  9.786E-02  9.611E-02  9.438E-02  9.266E-02  9.095E-02  8.926E-02  8.757E-02  8.590E-02  8.425E-02  8.261E-02  8.098E-02  7.936E-02  7.775E-02  7.617E-02  7.459E-02  7.302E-02  7.147E-02  6.993E-02  6.840E-02  6.689E-02  6.539E-02  6.390E-02  6.243E-02  6.097E-02  5.952E-02  5.809E-02
  362.5000  1.952E-01  1.927E-01  1.903E-01  1.878E-01  1.853E-01  1.829E-01  1.805E-01  1.780E-01  1.756E-01  1.732E-01  1.708E-01  1.684E-01  1.661E-01  1.637E-01  1.613E-01  1.590E-01  1.567E-01  1.544E-01  1.521E-01  1.498E-01  1.475E-01  1.453E-01  1.430E-01  1.408E-01  1.386E-01  1.363E-01  1.342E-01  1.320E-01  1.298E-01  1.276E-01  1.255E-01  1.234E-01  1.213E-01  1.192E-01  1.171E-01  1.150E-01  1.130E-01  1.109E-01  1.089E-01  1.069E-01  1.049E-01  1.029E-01  1.010E-01  9.903E-02  9.710E-02  9.518E-02  9.328E-02  9.139E-02  8.953E-02  8.767E-02  8.583E-02  8.400E-02  8.219E-02  8.040E-02  7.862E-02  7.686E-02  7.511E-02  7.338E-02  7.166E-02  6.996E-02  6.828E-02
  363.5000  1.738E-01  1.716E-01  1.694E-01  1.672E-01  1.650E-01  1.629E-01  1.607E-01  1.585E-01  1.564E-01  1.542E-01  1.521E-01  1.500E-01  1.479E-01  1.458E-01  1.437E-01  1.416E-01  1.395E-01  1.375E-01  1.354E-01  1.334E-01  1.314E-01  1.293E-01  1.273E-01  1.253E-01  1.234E-01  1.214E-01  1.194E-01  1.175E-01  1.156E-01  1.137E-01  1.117E-01  1.099E-01  1.080E-01  1.061E-01  1.043E-01  1.024E-01  1.006E-01  9.877E-02  9.697E-02  9.518E-02  9.341E-02  9.164E-02  8.989E-02  8.816E-02  8.644E-02  8.473E-02  8.304E-02  8.136E-02  7.970E-02  7.804E-02  7.641E-02  7.478E-02  7.317E-02  7.157E-02  6.999E-02  6.842E-02  6.686E-02  6.532E-02  6.379E-02  6.227E-02  6.078E-02
  364.5000  1.898E-01  1.874E-01  1.850E-01  1.826E-01  1.802E-01  1.778E-01  1.754E-01  1.731E-01  1.707E-01  1.684E-01  1.661E-01  1.638E-01  1.614E-01  1.591E-01  1.569E-01  1.546E-01  1.523E-01  1.501E-01  1.478E-01  1.456E-01  1.434E-01  1.412E-01  1.390E-01  1.368E-01  1.347E-01  1.325E-01  1.304E-01  1.283E-01  1.262E-01  1.241E-01  1.220E-01  1.199E-01  1.179E-01  1.158E-01  1.138E-01  1.118E-01  1.098E-01  1.078E-01  1.058E-01  1.039E-01  1.020E-01  1.000E-01  9.812E-02  9.623E-02  9.435E-02  9.248E-02  9.063E-02  8.880E-02  8.698E-02  8.518E-02  8.339E-02  8.161E-02  7.985E-02  7.811E-02  7.638E-02  7.467E-02  7.297E-02  7.128E-02  6.961E-02  6.796E-02  6.632E-02
  365.5000  2.315E-01  2.285E-01  2.256E-01  2.227E-01  2.198E-01  2.169E-01  2.140E-01  2.111E-01  2.082E-01  2.054E-01  2.025E-01  1.997E-01  1.969E-01  1.941E-01  1.913E-01  1.885E-01  1.858E-01  1.830E-01  1.803E-01  1.776E-01  1.749E-01  1.722E-01  1.695E-01  1.669E-01  1.642E-01  1.616E-01  1.590E-01  1.564E-01  1.538E-01  1.513E-01  1.487E-01  1.462E-01  1.437E-01  1.412E-01  1.388E-01  1.363E-01  1.339E-01  1.314E-01  1.290E-01  1.267E-01  1.243E-01  1.219E-01  1.196E-01  1.173E-01  1.150E-01  1.127E-01  1.105E-01  1.082E-01  1.060E-01  1.038E-01  1.016E-01  9.948E-02  9.733E-02  9.520E-02  9.310E-02  9.100E-02  8.893E-02  8.688E-02  8.484E-02  8.282E-02  8.083E-02
  366.5000  2.453E-01  2.422E-01  2.390E-01  2.359E-01  2.328E-01  2.298E-01  2.267E-01  2.236E-01  2.206E-01  2.176E-01  2.146E-01  2.116E-01  2.086E-01  2.056E-01  2.027E-01  1.997E-01  1.968E-01  1.939E-01  1.910E-01  1.881E-01  1.853E-01  1.824E-01  1.796E-01  1.768E-01  1.740E-01  1.712E-01  1.685E-01  1.657E-01  1.630E-01  1.603E-01  1.576E-01  1.549E-01  1.523E-01  1.496E-01  1.470E-01  1.444E-01  1.418E-01  1.393E-01  1.367E-01  1.342E-01  1.317E-01  1.292E-01  1.267E-01  1.243E-01  1.218E-01  1.194E-01  1.170E-01  1.147E-01  1.123E-01  1.100E-01  1.077E-01  1.054E-01  1.031E-01  1.008E-01  9.861E-02  9.640E-02  9.420E-02  9.202E-02  8.987E-02  8.773E-02  8.562E-02
  367.5000  2.332E-01  2.302E-01  2.272E-01  2.243E-01  2.213E-01  2.184E-01  2.155E-01  2.126E-01  2.097E-01  2.068E-01  2.040E-01  2.011E-01  1.983E-01  1.955E-01  1.926E-01  1.899E-01  1.871E-01  1.843E-01  1.816E-01  1.788E-01  1.761E-01  1.734E-01  1.707E-01  1.680E-01  1.654E-01  1.627E-01  1.601E-01  1.575E-01  1.549E-01  1.523E-01  1.498E-01  1.472E-01  1.447E-01  1.422E-01  1.397E-01  1.372E-01  1.348E-01  1.323E-01  1.299E-01  1.275E-01  1.251E-01  1.228E-01  1.204E-01  1.181E-01  1.158E-01  1.135E-01  1.112E-01  1.090E-01  1.067E-01  1.045E-01  1.023E-01  1.001E-01  9.798E-02  9.583E-02  9.372E-02  9.161E-02  8.952E-02  8.745E-02  8.540E-02  8.337E-02  8.136E-02
  368.5000  2.050E-01  2.024E-01  1.998E-01  1.972E-01  1.946E-01  1.921E-01  1.895E-01  1.869E-01  1.844E-01  1.819E-01  1.794E-01  1.768E-01  1.744E-01  1.719E-01  1.694E-01  1.669E-01  1.645E-01  1.621E-01  1.596E-01  1.572E-01  1.549E-01  1.525E-01  1.501E-01  1.478E-01  1.454E-01  1.431E-01  1.408E-01  1.385E-01  1.362E-01  1.339E-01  1.317E-01  1.295E-01  1.272E-01  1.250E-01  1.228E-01  1.207E-01  1.185E-01  1.164E-01  1.142E-01  1.121E-01  1.100E-01  1.079E-01  1.059E-01  1.038E-01  1.018E-01  9.977E-02  9.777E-02  9.579E-02  9.383E-02  9.188E-02  8.994E-02  8.802E-02  8.612E-02  8.424E-02  8.237E-02  8.052E-02  7.868E-02  7.687E-02  7.506E-02  7.328E-02  7.151E-02
  369.5000  2.462E-01  2.430E-01  2.399E-01  2.368E-01  2.337E-01  2.306E-01  2.275E-01  2.245E-01  2.214E-01  2.184E-01  2.154E-01  2.123E-01  2.093E-01  2.064E-01  2.034E-01  2.004E-01  1.975E-01  1.946E-01  1.917E-01  1.888E-01  1.859E-01  1.831E-01  1.802E-01  1.774E-01  1.746E-01  1.718E-01  1.690E-01  1.663E-01  1.635E-01  1.608E-01  1.581E-01  1.554E-01  1.527E-01  1.501E-01  1.475E-01  1.448E-01  1.422E-01  1.397E-01  1.371E-01  1.346E-01  1.321E-01  1.296E-01  1.271E-01  1.246E-01  1.222E-01  1.198E-01  1.174E-01  1.150E-01  1.126E-01  1.103E-01  1.080E-01  1.056E-01  1.034E-01  1.011E-01  9.887E-02  9.664E-02  9.444E-02  9.225E-02  9.009E-02  8.794E-02  8.582E-02
  370.5000  2.236E-01  2.207E-01  2.179E-01  2.151E-01  2.122E-01  2.094E-01  2.066E-01  2.038E-01  2.011E-01  1.983E-01  1.956E-01  1.928E-01  1.901E-01  1.874E-01  1.847E-01  1.820E-01  1.794E-01  1.767E-01  1.741E-01  1.714E-01  1.688E-01  1.662E-01  1.637E-01  1.611E-01  1.585E-01  1.560E-01  1.535E-01  1.510E-01  1.485E-01  1.460E-01  1.436E-01  1.411E-01  1.387E-01  1.363E-01  1.339E-01  1.315E-01  1.292E-01  1.268E-01  1.245E-01  1.222E-01  1.199E-01  1.176E-01  1.154E-01  1.131E-01  1.109E-01  1.087E-01  1.065E-01  1.044E-01  1.022E-01  1.001E-01  9.800E-02  9.591E-02  9.383E-02  9.178E-02  8.975E-02  8.773E-02  8.573E-02  8.374E-02  8.178E-02  7.983E-02  7.790E-02
  371.5000  2.561E-01  2.528E-01  2.495E-01  2.463E-01  2.431E-01  2.399E-01  2.367E-01  2.335E-01  2.303E-01  2.271E-01  2.240E-01  2.209E-01  2.177E-01  2.146E-01  2.116E-01  2.085E-01  2.054E-01  2.024E-01  1.994E-01  1.964E-01  1.934E-01  1.904E-01  1.874E-01  1.845E-01  1.816E-01  1.787E-01  1.758E-01  1.729E-01  1.700E-01  1.672E-01  1.644E-01  1.616E-01  1.588E-01  1.561E-01  1.533E-01  1.506E-01  1.479E-01  1.452E-01  1.426E-01  1.399E-01  1.373E-01  1.347E-01  1.321E-01  1.296E-01  1.270E-01  1.245E-01  1.220E-01  1.195E-01  1.171E-01  1.146E-01  1.122E-01  1.098E-01  1.074E-01  1.051E-01  1.028E-01  1.004E-01  9.815E-02  9.588E-02  9.362E-02  9.139E-02  8.919E-02
  372.5000  1.893E-01  1.869E-01  1.845E-01  1.821E-01  1.797E-01  1.774E-01  1.750E-01  1.726E-01  1.703E-01  1.680E-01  1.656E-01  1.633E-01  1.610E-01  1.587E-01  1.564E-01  1.542E-01  1.519E-01  1.496E-01  1.474E-01  1.452E-01  1.430E-01  1.408E-01  1.386E-01  1.364E-01  1.342E-01  1.321E-01  1.300E-01  1.278E-01  1.257E-01  1.236E-01  1.215E-01  1.195E-01  1.174E-01  1.154E-01  1.134E-01  1.113E-01  1.093E-01  1.074E-01  1.054E-01  1.034E-01  1.015E-01  9.957E-02  9.766E-02  9.577E-02  9.389E-02  9.203E-02  9.018E-02  8.835E-02  8.653E-02  8.473E-02  8.294E-02  8.117E-02  7.941E-02  7.767E-02  7.595E-02  7.424E-02  7.254E-02  7.086E-02  6.920E-02  6.755E-02  6.592E-02
  373.5000  1.713E-01  1.691E-01  1.669E-01  1.648E-01  1.626E-01  1.605E-01  1.583E-01  1.562E-01  1.541E-01  1.520E-01  1.498E-01  1.477E-01  1.457E-01  1.436E-01  1.415E-01  1.395E-01  1.374E-01  1.354E-01  1.334E-01  1.313E-01  1.293E-01  1.273E-01  1.254E-01  1.234E-01  1.214E-01  1.195E-01  1.176E-01  1.156E-01  1.137E-01  1.118E-01  1.099E-01  1.081E-01  1.062E-01  1.044E-01  1.025E-01  1.007E-01  9.890E-02  9.711E-02  9.533E-02  9.356E-02  9.180E-02  9.006E-02  8.833E-02  8.662E-02  8.492E-02  8.323E-02  8.156E-02  7.990E-02  7.826E-02  7.663E-02  7.501E-02  7.340E-02  7.181E-02  7.024E-02  6.868E-02  6.713E-02  6.560E-02  6.408E-02  6.257E-02  6.108E-02  5.961E-02
  374.5000  1.882E-01  1.858E-01  1.834E-01  1.810E-01  1.787E-01  1.763E-01  1.739E-01  1.716E-01  1.692E-01  1.669E-01  1.646E-01  1.623E-01  1.600E-01  1.577E-01  1.555E-01  1.532E-01  1.510E-01  1.487E-01  1.465E-01  1.443E-01  1.421E-01  1.399E-01  1.377E-01  1.356E-01  1.334E-01  1.313E-01  1.291E-01  1.270E-01  1.249E-01  1.228E-01  1.208E-01  1.187E-01  1.167E-01  1.146E-01  1.126E-01  1.106E-01  1.086E-01  1.067E-01  1.047E-01  1.028E-01  1.008E-01  9.891E-02  9.701E-02  9.513E-02  9.326E-02  9.141E-02  8.957E-02  8.774E-02  8.594E-02  8.415E-02  8.237E-02  8.061E-02  7.886E-02  7.713E-02  7.542E-02  7.372E-02  7.203E-02  7.036E-02  6.871E-02  6.707E-02  6.545E-02
  375.5000  2.126E-01  2.098E-01  2.071E-01  2.045E-01  2.018E-01  1.991E-01  1.964E-01  1.938E-01  1.912E-01  1.885E-01  1.859E-01  1.833E-01  1.807E-01  1.781E-01  1.756E-01  1.730E-01  1.705E-01  1.680E-01  1.654E-01  1.629E-01  1.605E-01  1.580E-01  1.555E-01  1.531E-01  1.507E-01  1.482E-01  1.458E-01  1.435E-01  1.411E-01  1.387E-01  1.364E-01  1.341E-01  1.318E-01  1.295E-01  1.272E-01  1.249E-01  1.227E-01  1.204E-01  1.182E-01  1.160E-01  1.139E-01  1.117E-01  1.095E-01  1.074E-01  1.053E-01  1.032E-01  1.011E-01  9.907E-02  9.704E-02  9.501E-02  9.300E-02  9.101E-02  8.904E-02  8.708E-02  8.515E-02  8.323E-02  8.132E-02  7.944E-02  7.757E-02  7.572E-02  7.389E-02
  376.5000  2.125E-01  2.098E-01  2.071E-01  2.044E-01  2.017E-01  1.990E-01  1.964E-01  1.937E-01  1.911E-01  1.885E-01  1.859E-01  1.832E-01  1.807E-01  1.781E-01  1.755E-01  1.730E-01  1.704E-01  1.679E-01  1.654E-01  1.629E-01  1.604E-01  1.579E-01  1.555E-01  1.530E-01  1.506E-01  1.482E-01  1.458E-01  1.434E-01  1.410E-01  1.387E-01  1.363E-01  1.340E-01  1.317E-01  1.294E-01  1.271E-01  1.248E-01  1.226E-01  1.204E-01  1.182E-01  1.160E-01  1.138E-01  1.116E-01  1.095E-01  1.074E-01  1.052E-01  1.031E-01  1.011E-01  9.900E-02  9.697E-02  9.494E-02  9.293E-02  9.094E-02  8.897E-02  8.701E-02  8.508E-02  8.316E-02  8.126E-02  7.937E-02  7.751E-02  7.566E-02  7.383E-02
  377.5000  2.533E-01  2.500E-01  2.468E-01  2.436E-01  2.404E-01  2.372E-01  2.341E-01  2.309E-01  2.278E-01  2.247E-01  2.215E-01  2.184E-01  2.153E-01  2.123E-01  2.092E-01  2.062E-01  2.031E-01  2.001E-01  1.971E-01  1.941E-01  1.912E-01  1.882E-01  1.853E-01  1.824E-01  1.795E-01  1.766E-01  1.737E-01  1.709E-01  1.681E-01  1.653E-01  1.625E-01  1.597E-01  1.569E-01  1.542E-01  1.515E-01  1.488E-01  1.461E-01  1.435E-01  1.408E-01  1.382E-01  1.356E-01  1.330E-01  1.305E-01  1.279E-01  1.254E-01  1.229E-01  1.204E-01  1.180E-01  1.155E-01  1.131E-01  1.107E-01  1.084E-01  1.060E-01  1.037E-01  1.014E-01  9.909E-02  9.682E-02  9.457E-02  9.235E-02  9.014E-02  8.796E-02
  378.5000  2.763E-01  2.728E-01  2.693E-01  2.658E-01  2.623E-01  2.588E-01  2.554E-01  2.519E-01  2.485E-01  2.451E-01  2.417E-01  2.383E-01  2.349E-01  2.316E-01  2.282E-01  2.249E-01  2.216E-01  2.183E-01  2.151E-01  2.118E-01  2.086E-01  2.054E-01  2.022E-01  1.990E-01  1.958E-01  1.927E-01  1.895E-01  1.864E-01  1.833E-01  1.803E-01  1.772E-01  1.742E-01  1.712E-01  1.682E-01  1.652E-01  1.623E-01  1.594E-01  1.565E-01  1.536E-01  1.507E-01  1.479E-01  1.451E-01  1.423E-01  1.395E-01  1.368E-01  1.341E-01  1.314E-01  1.287E-01  1.260E-01  1.234E-01  1.208E-01  1.182E-01  1.156E-01  1.131E-01  1.106E-01  1.081E-01  1.056E-01  1.031E-01  1.007E-01  9.830E-02  9.592E-02
  379.5000  2.046E-01  2.020E-01  1.994E-01  1.968E-01  1.943E-01  1.917E-01  1.891E-01  1.866E-01  1.840E-01  1.815E-01  1.790E-01  1.765E-01  1.740E-01  1.715E-01  1.690E-01  1.666E-01  1.641E-01  1.617E-01  1.593E-01  1.569E-01  1.545E-01  1.521E-01  1.497E-01  1.473E-01  1.450E-01  1.427E-01  1.404E-01  1.381E-01  1.358E-01  1.335E-01  1.312E-01  1.290E-01  1.268E-01  1.246E-01  1.224E-01  1.202E-01  1.180E-01  1.159E-01  1.137E-01  1.116E-01  1.095E-01  1.074E-01  1.054E-01  1.033E-01  1.013E-01  9.925E-02  9.724E-02  9.526E-02  9.329E-02  9.134E-02  8.941E-02  8.749E-02  8.559E-02  8.370E-02  8.184E-02  7.999E-02  7.816E-02  7.634E-02  7.454E-02  7.276E-02  7.100E-02
  380.5000  2.464E-01  2.432E-01  2.401E-01  2.370E-01  2.339E-01  2.308E-01  2.277E-01  2.246E-01  2.216E-01  2.185E-01  2.155E-01  2.125E-01  2.095E-01  2.065E-01  2.035E-01  2.005E-01  1.976E-01  1.946E-01  1.917E-01  1.888E-01  1.859E-01  1.831E-01  1.802E-01  1.774E-01  1.745E-01  1.717E-01  1.690E-01  1.662E-01  1.634E-01  1.607E-01  1.580E-01  1.553E-01  1.526E-01  1.499E-01  1.473E-01  1.447E-01  1.420E-01  1.395E-01  1.369E-01  1.343E-01  1.318E-01  1.293E-01  1.268E-01  1.243E-01  1.219E-01  1.194E-01  1.170E-01  1.146E-01  1.123E-01  1.099E-01  1.076E-01  1.053E-01  1.030E-01  1.007E-01  9.848E-02  9.626E-02  9.405E-02  9.186E-02  8.970E-02  8.755E-02  8.543E-02
  381.5000  2.317E-01  2.288E-01  2.258E-01  2.229E-01  2.200E-01  2.171E-01  2.142E-01  2.113E-01  2.084E-01  2.055E-01  2.027E-01  1.998E-01  1.970E-01  1.942E-01  1.914E-01  1.886E-01  1.858E-01  1.831E-01  1.803E-01  1.776E-01  1.749E-01  1.722E-01  1.695E-01  1.668E-01  1.642E-01  1.615E-01  1.589E-01  1.563E-01  1.537E-01  1.511E-01  1.486E-01  1.460E-01  1.435E-01  1.410E-01  1.385E-01  1.360E-01  1.336E-01  1.312E-01  1.287E-01  1.263E-01  1.240E-01  1.216E-01  1.192E-01  1.169E-01  1.146E-01  1.123E-01  1.101E-01  1.078E-01  1.056E-01  1.034E-01  1.012E-01  9.900E-02  9.684E-02  9.471E-02  9.260E-02  9.050E-02  8.843E-02  8.637E-02  8.433E-02  8.232E-02  8.032E-02
  382.5000  1.546E-01  1.526E-01  1.506E-01  1.487E-01  1.467E-01  1.448E-01  1.429E-01  1.409E-01  1.390E-01  1.371E-01  1.352E-01  1.333E-01  1.314E-01  1.295E-01  1.277E-01  1.258E-01  1.240E-01  1.221E-01  1.203E-01  1.185E-01  1.167E-01  1.148E-01  1.131E-01  1.113E-01  1.095E-01  1.077E-01  1.060E-01  1.042E-01  1.025E-01  1.008E-01  9.909E-02  9.740E-02  9.571E-02  9.404E-02  9.238E-02  9.073E-02  8.909E-02  8.747E-02  8.585E-02  8.425E-02  8.266E-02  8.108E-02  7.951E-02  7.797E-02  7.643E-02  7.490E-02  7.338E-02  7.188E-02  7.040E-02  6.892E-02  6.746E-02  6.601E-02  6.457E-02  6.315E-02  6.174E-02  6.034E-02  5.896E-02  5.758E-02  5.623E-02  5.488E-02  5.355E-02
  383.5000  1.359E-01  1.341E-01  1.324E-01  1.307E-01  1.290E-01  1.273E-01  1.256E-01  1.239E-01  1.222E-01  1.205E-01  1.188E-01  1.172E-01  1.155E-01  1.139E-01  1.122E-01  1.106E-01  1.090E-01  1.073E-01  1.057E-01  1.041E-01  1.025E-01  1.009E-01  9.937E-02  9.780E-02  9.624E-02  9.469E-02  9.316E-02  9.163E-02  9.010E-02  8.859E-02  8.709E-02  8.560E-02  8.412E-02  8.265E-02  8.119E-02  7.973E-02  7.829E-02  7.687E-02  7.545E-02  7.404E-02  7.264E-02  7.125E-02  6.987E-02  6.851E-02  6.716E-02  6.582E-02  6.448E-02  6.316E-02  6.186E-02  6.056E-02  5.927E-02  5.800E-02  5.673E-02  5.548E-02  5.425E-02  5.302E-02  5.180E-02  5.059E-02  4.940E-02  4.821E-02  4.705E-02
  384.5000  2.041E-01  2.015E-01  1.989E-01  1.963E-01  1.938E-01  1.912E-01  1.886E-01  1.861E-01  1.836E-01  1.810E-01  1.785E-01  1.760E-01  1.735E-01  1.710E-01  1.686E-01  1.661E-01  1.637E-01  1.612E-01  1.588E-01  1.564E-01  1.540E-01  1.516E-01  1.493E-01  1.469E-01  1.446E-01  1.422E-01  1.399E-01  1.376E-01  1.353E-01  1.331E-01  1.308E-01  1.286E-01  1.264E-01  1.241E-01  1.219E-01  1.198E-01  1.176E-01  1.155E-01  1.133E-01  1.112E-01  1.091E-01  1.070E-01  1.049E-01  1.029E-01  1.009E-01  9.884E-02  9.684E-02  9.486E-02  9.290E-02  9.094E-02  8.901E-02  8.709E-02  8.520E-02  8.331E-02  8.146E-02  7.961E-02  7.778E-02  7.597E-02  7.417E-02  7.240E-02  7.064E-02
  385.5000  2.021E-01  1.996E-01  1.970E-01  1.944E-01  1.919E-01  1.894E-01  1.868E-01  1.843E-01  1.818E-01  1.793E-01  1.768E-01  1.743E-01  1.718E-01  1.694E-01  1.669E-01  1.645E-01  1.621E-01  1.597E-01  1.573E-01  1.549E-01  1.525E-01  1.502E-01  1.478E-01  1.455E-01  1.432E-01  1.409E-01  1.386E-01  1.363E-01  1.340E-01  1.318E-01  1.295E-01  1.273E-01  1.251E-01  1.229E-01  1.207E-01  1.186E-01  1.164E-01  1.143E-01  1.122E-01  1.101E-01  1.080E-01  1.060E-01  1.039E-01  1.019E-01  9.986E-02  9.786E-02  9.588E-02  9.391E-02  9.197E-02  9.004E-02  8.812E-02  8.622E-02  8.434E-02  8.248E-02  8.064E-02  7.881E-02  7.700E-02  7.520E-02  7.342E-02  7.166E-02  6.993E-02
  386.5000  2.063E-01  2.036E-01  2.010E-01  1.984E-01  1.958E-01  1.932E-01  1.906E-01  1.880E-01  1.855E-01  1.829E-01  1.804E-01  1.779E-01  1.753E-01  1.728E-01  1.703E-01  1.679E-01  1.654E-01  1.629E-01  1.605E-01  1.580E-01  1.556E-01  1.532E-01  1.508E-01  1.484E-01  1.461E-01  1.437E-01  1.414E-01  1.391E-01  1.367E-01  1.344E-01  1.322E-01  1.299E-01  1.276E-01  1.254E-01  1.232E-01  1.210E-01  1.188E-01  1.166E-01  1.145E-01  1.123E-01  1.102E-01  1.081E-01  1.060E-01  1.039E-01  1.019E-01  9.983E-02  9.780E-02  9.579E-02  9.381E-02  9.184E-02  8.988E-02  8.795E-02  8.603E-02  8.412E-02  8.225E-02  8.038E-02  7.853E-02  7.670E-02  7.488E-02  7.309E-02  7.131E-02
  387.5000  1.919E-01  1.894E-01  1.870E-01  1.846E-01  1.822E-01  1.797E-01  1.773E-01  1.749E-01  1.726E-01  1.702E-01  1.678E-01  1.655E-01  1.631E-01  1.608E-01  1.585E-01  1.562E-01  1.539E-01  1.516E-01  1.493E-01  1.470E-01  1.448E-01  1.425E-01  1.403E-01  1.381E-01  1.359E-01  1.337E-01  1.315E-01  1.294E-01  1.272E-01  1.251E-01  1.229E-01  1.208E-01  1.187E-01  1.167E-01  1.146E-01  1.125E-01  1.105E-01  1.085E-01  1.065E-01  1.045E-01  1.025E-01  1.005E-01  9.858E-02  9.666E-02  9.474E-02  9.284E-02  9.096E-02  8.909E-02  8.724E-02  8.541E-02  8.359E-02  8.179E-02  8.000E-02  7.823E-02  7.648E-02  7.474E-02  7.302E-02  7.132E-02  6.963E-02  6.796E-02  6.631E-02
  388.5000  1.925E-01  1.901E-01  1.876E-01  1.852E-01  1.828E-01  1.803E-01  1.779E-01  1.755E-01  1.731E-01  1.708E-01  1.684E-01  1.660E-01  1.637E-01  1.613E-01  1.590E-01  1.567E-01  1.544E-01  1.521E-01  1.498E-01  1.475E-01  1.453E-01  1.430E-01  1.408E-01  1.385E-01  1.363E-01  1.341E-01  1.319E-01  1.298E-01  1.276E-01  1.255E-01  1.233E-01  1.212E-01  1.191E-01  1.170E-01  1.149E-01  1.129E-01  1.108E-01  1.088E-01  1.068E-01  1.048E-01  1.028E-01  1.008E-01  9.889E-02  9.695E-02  9.503E-02  9.312E-02  9.123E-02  8.936E-02  8.750E-02  8.566E-02  8.384E-02  8.203E-02  8.023E-02  7.846E-02  7.670E-02  7.496E-02  7.323E-02  7.152E-02  6.983E-02  6.815E-02  6.650E-02
  389.5000  2.430E-01  2.399E-01  2.368E-01  2.338E-01  2.307E-01  2.276E-01  2.246E-01  2.216E-01  2.185E-01  2.155E-01  2.126E-01  2.096E-01  2.066E-01  2.036E-01  2.007E-01  1.978E-01  1.949E-01  1.920E-01  1.891E-01  1.862E-01  1.834E-01  1.805E-01  1.777E-01  1.749E-01  1.721E-01  1.693E-01  1.665E-01  1.638E-01  1.611E-01  1.584E-01  1.557E-01  1.530E-01  1.503E-01  1.477E-01  1.451E-01  1.425E-01  1.399E-01  1.373E-01  1.348E-01  1.323E-01  1.298E-01  1.273E-01  1.248E-01  1.224E-01  1.199E-01  1.175E-01  1.151E-01  1.128E-01  1.104E-01  1.081E-01  1.058E-01  1.035E-01  1.012E-01  9.900E-02  9.679E-02  9.458E-02  9.240E-02  9.024E-02  8.811E-02  8.599E-02  8.390E-02
  390.5000  2.390E-01  2.359E-01  2.329E-01  2.299E-01  2.268E-01  2.238E-01  2.208E-01  2.179E-01  2.149E-01  2.119E-01  2.090E-01  2.061E-01  2.031E-01  2.002E-01  1.973E-01  1.945E-01  1.916E-01  1.887E-01  1.859E-01  1.831E-01  1.803E-01  1.775E-01  1.747E-01  1.719E-01  1.692E-01  1.665E-01  1.637E-01  1.610E-01  1.584E-01  1.557E-01  1.530E-01  1.504E-01  1.478E-01  1.452E-01  1.426E-01  1.401E-01  1.375E-01  1.350E-01  1.325E-01  1.300E-01  1.276E-01  1.251E-01  1.227E-01  1.203E-01  1.179E-01  1.155E-01  1.132E-01  1.108E-01  1.085E-01  1.063E-01  1.040E-01  1.017E-01  9.951E-02  9.730E-02  9.513E-02  9.296E-02  9.082E-02  8.869E-02  8.659E-02  8.451E-02  8.245E-02
  391.5000  2.838E-01  2.802E-01  2.766E-01  2.730E-01  2.694E-01  2.658E-01  2.623E-01  2.587E-01  2.552E-01  2.517E-01  2.482E-01  2.447E-01  2.412E-01  2.378E-01  2.344E-01  2.309E-01  2.275E-01  2.241E-01  2.208E-01  2.174E-01  2.141E-01  2.108E-01  2.075E-01  2.042E-01  2.009E-01  1.977E-01  1.945E-01  1.912E-01  1.881E-01  1.849E-01  1.817E-01  1.786E-01  1.755E-01  1.724E-01  1.694E-01  1.663E-01  1.633E-01  1.603E-01  1.573E-01  1.544E-01  1.515E-01  1.485E-01  1.457E-01  1.428E-01  1.400E-01  1.372E-01  1.344E-01  1.316E-01  1.289E-01  1.261E-01  1.235E-01  1.208E-01  1.181E-01  1.155E-01  1.129E-01  1.104E-01  1.078E-01  1.053E-01  1.028E-01  1.003E-01  9.788E-02
  392.5000  2.130E-01  2.103E-01  2.076E-01  2.049E-01  2.022E-01  1.996E-01  1.969E-01  1.942E-01  1.916E-01  1.890E-01  1.863E-01  1.837E-01  1.811E-01  1.785E-01  1.759E-01  1.734E-01  1.708E-01  1.683E-01  1.657E-01  1.632E-01  1.607E-01  1.582E-01  1.557E-01  1.533E-01  1.508E-01  1.484E-01  1.460E-01  1.436E-01  1.412E-01  1.388E-01  1.364E-01  1.341E-01  1.317E-01  1.294E-01  1.271E-01  1.248E-01  1.226E-01  1.203E-01  1.181E-01  1.159E-01  1.137E-01  1.115E-01  1.093E-01  1.072E-01  1.051E-01  1.029E-01  1.008E-01  9.876E-02  9.671E-02  9.467E-02  9.264E-02  9.064E-02  8.865E-02  8.668E-02  8.474E-02  8.281E-02  8.090E-02  7.900E-02  7.713E-02  7.527E-02  7.344E-02
  393.5000  9.272E-02  9.154E-02  9.036E-02  8.919E-02  8.802E-02  8.685E-02  8.569E-02  8.453E-02  8.338E-02  8.224E-02  8.109E-02  7.995E-02  7.882E-02  7.769E-02  7.657E-02  7.545E-02  7.434E-02  7.323E-02  7.213E-02  7.103E-02  6.994E-02  6.886E-02  6.778E-02  6.670E-02  6.564E-02  6.458E-02  6.352E-02  6.248E-02  6.143E-02  6.040E-02  5.937E-02  5.835E-02  5.733E-02  5.632E-02  5.532E-02  5.433E-02  5.334E-02  5.236E-02  5.139E-02  5.042E-02  4.946E-02  4.851E-02  4.757E-02  4.664E-02  4.571E-02  4.479E-02  4.387E-02  4.297E-02  4.208E-02  4.119E-02  4.031E-02  3.943E-02  3.857E-02  3.771E-02  3.687E-02  3.602E-02  3.519E-02  3.437E-02  3.355E-02  3.274E-02  3.195E-02
  394.5000  2.184E-01  2.156E-01  2.129E-01  2.101E-01  2.073E-01  2.046E-01  2.019E-01  1.991E-01  1.964E-01  1.937E-01  1.910E-01  1.883E-01  1.857E-01  1.830E-01  1.804E-01  1.777E-01  1.751E-01  1.725E-01  1.699E-01  1.673E-01  1.648E-01  1.622E-01  1.597E-01  1.571E-01  1.546E-01  1.521E-01  1.496E-01  1.472E-01  1.447E-01  1.423E-01  1.398E-01  1.374E-01  1.350E-01  1.327E-01  1.303E-01  1.280E-01  1.256E-01  1.233E-01  1.210E-01  1.188E-01  1.165E-01  1.143E-01  1.120E-01  1.098E-01  1.076E-01  1.055E-01  1.033E-01  1.012E-01  9.908E-02  9.699E-02  9.491E-02  9.285E-02  9.082E-02  8.880E-02  8.680E-02  8.482E-02  8.286E-02  8.092E-02  7.900E-02  7.709E-02  7.521E-02
  395.5000  2.813E-01  2.777E-01  2.741E-01  2.706E-01  2.670E-01  2.635E-01  2.600E-01  2.565E-01  2.530E-01  2.495E-01  2.460E-01  2.426E-01  2.391E-01  2.357E-01  2.323E-01  2.289E-01  2.255E-01  2.222E-01  2.188E-01  2.155E-01  2.122E-01  2.089E-01  2.056E-01  2.024E-01  1.991E-01  1.959E-01  1.927E-01  1.895E-01  1.864E-01  1.832E-01  1.801E-01  1.770E-01  1.739E-01  1.708E-01  1.678E-01  1.648E-01  1.618E-01  1.588E-01  1.559E-01  1.529E-01  1.500E-01  1.471E-01  1.443E-01  1.414E-01  1.386E-01  1.358E-01  1.330E-01  1.303E-01  1.276E-01  1.249E-01  1.222E-01  1.196E-01  1.169E-01  1.143E-01  1.118E-01  1.092E-01  1.067E-01  1.042E-01  1.017E-01  9.925E-02  9.683E-02
  396.5000  1.653E-01  1.632E-01  1.611E-01  1.591E-01  1.570E-01  1.549E-01  1.528E-01  1.507E-01  1.487E-01  1.467E-01  1.446E-01  1.426E-01  1.406E-01  1.385E-01  1.365E-01  1.345E-01  1.326E-01  1.306E-01  1.286E-01  1.267E-01  1.247E-01  1.228E-01  1.209E-01  1.189E-01  1.170E-01  1.151E-01  1.133E-01  1.114E-01  1.095E-01  1.077E-01  1.058E-01  1.040E-01  1.022E-01  1.004E-01  9.862E-02  9.684E-02  9.508E-02  9.333E-02  9.159E-02  8.987E-02  8.816E-02  8.646E-02  8.477E-02  8.311E-02  8.145E-02  7.981E-02  7.818E-02  7.656E-02  7.496E-02  7.338E-02  7.180E-02  7.025E-02  6.870E-02  6.717E-02  6.566E-02  6.416E-02  6.268E-02  6.121E-02  5.975E-02  5.831E-02  5.689E-02
  397.5000  1.910E-01  1.886E-01  1.861E-01  1.837E-01  1.813E-01  1.789E-01  1.765E-01  1.741E-01  1.718E-01  1.694E-01  1.670E-01  1.647E-01  1.624E-01  1.600E-01  1.577E-01  1.554E-01  1.531E-01  1.508E-01  1.486E-01  1.463E-01  1.441E-01  1.418E-01  1.396E-01  1.374E-01  1.352E-01  1.330E-01  1.308E-01  1.287E-01  1.265E-01  1.244E-01  1.222E-01  1.201E-01  1.180E-01  1.160E-01  1.139E-01  1.118E-01  1.098E-01  1.078E-01  1.058E-01  1.038E-01  1.018E-01  9.985E-02  9.790E-02  9.597E-02  9.406E-02  9.216E-02  9.028E-02  8.841E-02  8.657E-02  8.473E-02  8.291E-02  8.111E-02  7.933E-02  7.756E-02  7.582E-02  7.408E-02  7.237E-02  7.067E-02  6.899E-02  6.732E-02  6.568E-02
  398.5000  3.285E-01  3.243E-01  3.202E-01  3.160E-01  3.119E-01  3.077E-01  3.036E-01  2.995E-01  2.954E-01  2.914E-01  2.873E-01  2.833E-01  2.793E-01  2.753E-01  2.713E-01  2.673E-01  2.634E-01  2.594E-01  2.555E-01  2.516E-01  2.478E-01  2.439E-01  2.401E-01  2.363E-01  2.325E-01  2.287E-01  2.250E-01  2.213E-01  2.176E-01  2.139E-01  2.103E-01  2.066E-01  2.030E-01  1.994E-01  1.959E-01  1.924E-01  1.888E-01  1.854E-01  1.819E-01  1.785E-01  1.751E-01  1.717E-01  1.684E-01  1.650E-01  1.617E-01  1.585E-01  1.552E-01  1.520E-01  1.489E-01  1.457E-01  1.426E-01  1.395E-01  1.364E-01  1.334E-01  1.304E-01  1.274E-01  1.244E-01  1.215E-01  1.186E-01  1.157E-01  1.129E-01
  399.5000  3.420E-01  3.377E-01  3.333E-01  3.290E-01  3.247E-01  3.204E-01  3.161E-01  3.118E-01  3.076E-01  3.034E-01  2.991E-01  2.949E-01  2.908E-01  2.866E-01  2.824E-01  2.783E-01  2.742E-01  2.701E-01  2.660E-01  2.620E-01  2.580E-01  2.540E-01  2.500E-01  2.460E-01  2.421E-01  2.381E-01  2.343E-01  2.304E-01  2.265E-01  2.227E-01  2.189E-01  2.151E-01  2.114E-01  2.076E-01  2.039E-01  2.002E-01  1.966E-01  1.930E-01  1.894E-01  1.858E-01  1.823E-01  1.787E-01  1.753E-01  1.718E-01  1.684E-01  1.650E-01  1.616E-01  1.582E-01  1.549E-01  1.516E-01  1.484E-01  1.452E-01  1.420E-01  1.388E-01  1.357E-01  1.326E-01  1.295E-01  1.264E-01  1.234E-01  1.204E-01  1.175E-01
------------------------------------------------------------
Dose rates,W m-2
   1 = UV index (WMO, 1994; Webb et al., 2011)           
   2 = Previtamin-D3 (CIE 2006)                          
values at z =      0.025 km
Columns: time,sza,weighting spectra
time,hrs.  sza,deg.          1          2
   18.0000     68.850  1.050E+00  3.698E-02
   18.0167     69.055  1.029E+00  3.604E-02
   18.0333     69.261  1.009E+00  3.511E-02
   18.0500     69.466  9.882E-01  3.419E-02
   18.0667     69.671  9.680E-01  3.330E-02
   18.0833     69.876  9.480E-01  3.241E-02
   18.1000     70.081  9.284E-01  3.155E-02
   18.1167     70.286  9.090E-01  3.070E-02
   18.1333     70.491  8.899E-01  2.986E-02
   18.1500     70.696  8.711E-01  2.905E-02
   18.1667     70.900  8.526E-01  2.824E-02
   18.1833     71.105  8.343E-01  2.746E-02
   18.2000     71.310  8.162E-01  2.668E-02
   18.2167     71.514  7.985E-01  2.593E-02
   18.2333     71.719  7.810E-01  2.519E-02
   18.2500     71.922  7.638E-01  2.446E-02
   18.2667     72.126  7.468E-01  2.375E-02
   18.2833     72.331  7.301E-01  2.305E-02
   18.3000     72.534  7.137E-01  2.237E-02
   18.3167     72.738  6.975E-01  2.171E-02
   18.3333     72.942  6.816E-01  2.105E-02
   18.3500     73.145  6.659E-01  2.042E-02
   18.3667     73.349  6.504E-01  1.979E-02
   18.3833     73.552  6.352E-01  1.918E-02
   18.4000     73.756  6.203E-01  1.858E-02
   18.4167     73.959  6.055E-01  1.800E-02
   18.4333     74.161  5.911E-01  1.743E-02
   18.4500     74.364  5.769E-01  1.687E-02
   18.4667     74.567  5.629E-01  1.633E-02
   18.4833     74.770  5.491E-01  1.580E-02
   18.5000     74.973  5.356E-01  1.528E-02
   18.5167     75.175  5.223E-01  1.478E-02
   18.5333     75.377  5.093E-01  1.428E-02
   18.5500     75.579  4.964E-01  1.380E-02
   18.5667     75.781  4.838E-01  1.333E-02
   18.5833     75.984  4.714E-01  1.288E-02
   18.6000     76.186  4.592E-01  1.243E-02
   18.6167     76.387  4.473E-01  1.200E-02
   18.6333     76.588  4.356E-01  1.158E-02
   18.6500     76.790  4.240E-01  1.117E-02
   18.6667     76.991  4.127E-01  1.077E-02
   18.6833     77.193  4.016E-01  1.038E-02
   18.7000     77.394  3.907E-01  1.000E-02
   18.7167     77.594  3.800E-01  9.638E-03
   18.7333     77.795  3.695E-01  9.282E-03
   18.7500     77.996  3.592E-01  8.936E-03
   18.7667     78.197  3.491E-01  8.600E-03
   18.7833     78.397  3.392E-01  8.274E-03
   18.8000     78.597  3.295E-01  7.959E-03
   18.8167     78.798  3.200E-01  7.652E-03
   18.8333     78.998  3.106E-01  7.354E-03
   18.8500     79.198  3.015E-01  7.066E-03
   18.8667     79.398  2.925E-01  6.787E-03
   18.8833     79.597  2.837E-01  6.516E-03
   18.9000     79.796  2.751E-01  6.255E-03
   18.9167     79.996  2.667E-01  6.002E-03
   18.9333     80.195  2.584E-01  5.757E-03
   18.9500     80.394  2.503E-01  5.520E-03
   18.9667     80.593  2.424E-01  5.291E-03
   18.9833     80.792  2.347E-01  5.070E-03
   19.0000     80.990  2.271E-01  4.857E-03
------------------------------------------------------------
