Spectral Irradiance,W m-2 nm-1
values at z =      0.025 km
Columns: wavelength (nm),times (hrs.) or sza (deg.)
    wc,nm     18.000     18.017     18.033     18.050     18.067     18.083     18.100     18.117     18.133     18.150     18.167     18.183     18.200     18.217     18.233     18.250     18.267     18.283     18.300     18.317     18.333     18.350     18.367     18.383     18.400     18.417     18.433     18.450     18.467     18.483     18.500     18.517     18.533     18.550     18.567     18.583     18.600     18.617     18.633     18.650     18.667     18.683     18.700     18.717     18.733     18.750     18.767     18.783     18.800     18.817     18.833     18.850     18.867     18.883     18.900     18.917     18.933     18.950     18.967     18.983     19.000
    sza =      72.176     72.384     72.592     72.800     73.008     73.216     73.424     73.632     73.840     74.047     74.255     74.463     74.670     74.878     75.086     75.292     75.500     75.707     75.914     76.121     76.328     76.535     76.742     76.949     77.155     77.362     77.568     77.775     77.981     78.187     78.394     78.599     78.805     79.011     79.217     79.423     79.629     79.834     80.039     80.245     80.450     80.655     80.860     81.065     81.270     81.475     81.679     81.884     82.088     82.292     82.497     82.701     82.905     83.109     83.312     83.516     83.719     83.923     84.126     84.330     84.532
  280.5000  1.725E-26  1.698E-26  1.673E-26  1.647E-26  1.622E-26  1.598E-26  1.574E-26  1.551E-26  1.528E-26  1.505E-26  1.483E-26  1.461E-26  1.440E-26  1.419E-26  1.398E-26  1.378E-26  1.357E-26  1.338E-26  1.318E-26  1.299E-26  1.280E-26  1.261E-26  1.243E-26  1.225E-26  1.207E-26  1.189E-26  1.171E-26  1.154E-26  1.137E-26  1.120E-26  1.103E-26  1.087E-26  1.070E-26  1.054E-26  1.038E-26  1.022E-26  1.006E-26  9.905E-27  9.749E-27  9.595E-27  9.442E-27  9.290E-27  9.139E-27  8.990E-27  8.841E-27  8.693E-27  8.545E-27  8.399E-27  8.253E-27  8.108E-27  7.964E-27  7.820E-27  7.676E-27  7.533E-27  7.391E-27  7.248E-27  7.106E-27  6.964E-27  6.823E-27  6.681E-27  6.540E-27
  281.5000  4.190E-24  4.124E-24  4.060E-24  3.997E-24  3.936E-24  3.875E-24  3.816E-24  3.758E-24  3.701E-24  3.646E-24  3.591E-24  3.537E-24  3.484E-24  3.432E-24  3.381E-24  3.331E-24  3.282E-24  3.233E-24  3.185E-24  3.138E-24  3.091E-24  3.045E-24  3.000E-24  2.956E-24  2.912E-24  2.868E-24  2.825E-24  2.783E-24  2.741E-24  2.700E-24  2.659E-24  2.618E-24  2.578E-24  2.539E-24  2.500E-24  2.461E-24  2.422E-24  2.384E-24  2.346E-24  2.309E-24  2.272E-24  2.235E-24  2.198E-24  2.162E-24  2.126E-24  2.090E-24  2.054E-24  2.019E-24  1.984E-24  1.949E-24  1.914E-24  1.879E-24  1.844E-24  1.810E-24  1.775E-24  1.741E-24  1.706E-24  1.672E-24  1.638E-24  1.604E-24  1.570E-24
  282.5000  3.222E-22  3.170E-22  3.120E-22  3.071E-22  3.022E-22  2.975E-22  2.929E-22  2.883E-22  2.839E-22  2.795E-22  2.753E-22  2.711E-22  2.669E-22  2.629E-22  2.589E-22  2.550E-22  2.511E-22  2.474E-22  2.436E-22  2.400E-22  2.364E-22  2.328E-22  2.293E-22  2.258E-22  2.224E-22  2.190E-22  2.157E-22  2.125E-22  2.092E-22  2.060E-22  2.029E-22  1.997E-22  1.966E-22  1.936E-22  1.906E-22  1.876E-22  1.846E-22  1.817E-22  1.788E-22  1.759E-22  1.730E-22  1.702E-22  1.674E-22  1.646E-22  1.618E-22  1.590E-22  1.563E-22  1.536E-22  1.509E-22  1.482E-22  1.455E-22  1.429E-22  1.402E-22  1.376E-22  1.349E-22  1.323E-22  1.297E-22  1.271E-22  1.245E-22  1.219E-22  1.193E-22
  283.5000  4.887E-21  4.808E-21  4.730E-21  4.654E-21  4.580E-21  4.507E-21  4.436E-21  4.366E-21  4.298E-21  4.231E-21  4.165E-21  4.101E-21  4.038E-21  3.976E-21  3.915E-21  3.855E-21  3.796E-21  3.738E-21  3.681E-21  3.625E-21  3.570E-21  3.515E-21  3.462E-21  3.409E-21  3.357E-21  3.306E-21  3.255E-21  3.205E-21  3.156E-21  3.107E-21  3.059E-21  3.011E-21  2.964E-21  2.918E-21  2.872E-21  2.826E-21  2.781E-21  2.737E-21  2.693E-21  2.649E-21  2.605E-21  2.562E-21  2.520E-21  2.477E-21  2.435E-21  2.394E-21  2.352E-21  2.311E-21  2.270E-21  2.229E-21  2.189E-21  2.149E-21  2.109E-21  2.069E-21  2.029E-21  1.989E-21  1.950E-21  1.910E-21  1.871E-21  1.832E-21  1.792E-21
  284.5000  4.276E-19  4.204E-19  4.134E-19  4.066E-19  3.999E-19  3.933E-19  3.869E-19  3.806E-19  3.745E-19  3.685E-19  3.626E-19  3.568E-19  3.511E-19  3.456E-19  3.401E-19  3.348E-19  3.295E-19  3.244E-19  3.193E-19  3.143E-19  3.094E-19  3.046E-19  2.998E-19  2.951E-19  2.905E-19  2.860E-19  2.815E-19  2.771E-19  2.727E-19  2.684E-19  2.642E-19  2.600E-19  2.558E-19  2.518E-19  2.477E-19  2.437E-19  2.398E-19  2.359E-19  2.320E-19  2.281E-19  2.243E-19  2.206E-19  2.168E-19  2.132E-19  2.095E-19  2.058E-19  2.022E-19  1.986E-19  1.951E-19  1.916E-19  1.880E-19  1.845E-19  1.810E-19  1.776E-19  1.741E-19  1.707E-19  1.673E-19  1.639E-19  1.605E-19  1.571E-19  1.537E-19
  285.5000  7.361E-18  7.234E-18  7.109E-18  6.988E-18  6.869E-18  6.753E-18  6.640E-18  6.529E-18  6.421E-18  6.315E-18  6.212E-18  6.110E-18  6.011E-18  5.913E-18  5.817E-18  5.724E-18  5.632E-18  5.541E-18  5.452E-18  5.365E-18  5.280E-18  5.195E-18  5.112E-18  5.031E-18  4.951E-18  4.872E-18  4.794E-18  4.717E-18  4.641E-18  4.567E-18  4.493E-18  4.421E-18  4.349E-18  4.278E-18  4.208E-18  4.139E-18  4.071E-18  4.004E-18  3.937E-18  3.871E-18  3.805E-18  3.741E-18  3.676E-18  3.613E-18  3.550E-18  3.487E-18  3.425E-18  3.364E-18  3.303E-18  3.242E-18  3.182E-18  3.122E-18  3.063E-18  3.003E-18  2.945E-18  2.886E-18  2.827E-18  2.769E-18  2.711E-18  2.653E-18  2.596E-18
  286.5000  2.970E-16  2.917E-16  2.866E-16  2.815E-16  2.766E-16  2.719E-16  2.672E-16  2.626E-16  2.582E-16  2.538E-16  2.495E-16  2.454E-16  2.413E-16  2.373E-16  2.333E-16  2.295E-16  2.257E-16  2.220E-16  2.184E-16  2.148E-16  2.113E-16  2.079E-16  2.045E-16  2.012E-16  1.979E-16  1.947E-16  1.915E-16  1.884E-16  1.853E-16  1.823E-16  1.793E-16  1.764E-16  1.735E-16  1.706E-16  1.678E-16  1.650E-16  1.622E-16  1.595E-16  1.568E-16  1.541E-16  1.515E-16  1.488E-16  1.463E-16  1.437E-16  1.412E-16  1.386E-16  1.362E-16  1.337E-16  1.312E-16  1.288E-16  1.264E-16  1.240E-16  1.216E-16  1.192E-16  1.169E-16  1.145E-16  1.122E-16  1.098E-16  1.075E-16  1.052E-16  1.029E-16
  287.5000  6.724E-15  6.600E-15  6.480E-15  6.363E-15  6.248E-15  6.136E-15  6.027E-15  5.921E-15  5.817E-15  5.716E-15  5.617E-15  5.520E-15  5.425E-15  5.332E-15  5.241E-15  5.153E-15  5.065E-15  4.980E-15  4.896E-15  4.814E-15  4.733E-15  4.654E-15  4.576E-15  4.500E-15  4.425E-15  4.351E-15  4.279E-15  4.207E-15  4.137E-15  4.068E-15  3.999E-15  3.933E-15  3.866E-15  3.801E-15  3.736E-15  3.673E-15  3.610E-15  3.548E-15  3.487E-15  3.427E-15  3.367E-15  3.308E-15  3.249E-15  3.191E-15  3.134E-15  3.077E-15  3.021E-15  2.965E-15  2.910E-15  2.855E-15  2.801E-15  2.747E-15  2.693E-15  2.640E-15  2.587E-15  2.534E-15  2.482E-15  2.430E-15  2.378E-15  2.326E-15  2.275E-15
  288.5000  1.525E-13  1.496E-13  1.467E-13  1.440E-13  1.413E-13  1.386E-13  1.361E-13  1.335E-13  1.311E-13  1.287E-13  1.264E-13  1.241E-13  1.219E-13  1.197E-13  1.176E-13  1.156E-13  1.135E-13  1.115E-13  1.096E-13  1.077E-13  1.058E-13  1.040E-13  1.022E-13  1.004E-13  9.868E-14  9.698E-14  9.531E-14  9.367E-14  9.205E-14  9.046E-14  8.890E-14  8.736E-14  8.585E-14  8.436E-14  8.288E-14  8.143E-14  8.000E-14  7.860E-14  7.720E-14  7.583E-14  7.447E-14  7.313E-14  7.181E-14  7.050E-14  6.920E-14  6.792E-14  6.665E-14  6.539E-14  6.415E-14  6.292E-14  6.170E-14  6.048E-14  5.928E-14  5.808E-14  5.690E-14  5.572E-14  5.455E-14  5.339E-14  5.223E-14  5.108E-14  4.994E-14
  289.5000  2.490E-12  2.440E-12  2.392E-12  2.345E-12  2.299E-12  2.255E-12  2.212E-12  2.170E-12  2.129E-12  2.089E-12  2.050E-12  2.012E-12  1.974E-12  1.938E-12  1.903E-12  1.868E-12  1.834E-12  1.801E-12  1.769E-12  1.737E-12  1.706E-12  1.675E-12  1.645E-12  1.616E-12  1.587E-12  1.559E-12  1.532E-12  1.505E-12  1.478E-12  1.452E-12  1.426E-12  1.401E-12  1.376E-12  1.351E-12  1.327E-12  1.303E-12  1.280E-12  1.257E-12  1.234E-12  1.211E-12  1.189E-12  1.167E-12  1.146E-12  1.125E-12  1.103E-12  1.083E-12  1.062E-12  1.042E-12  1.021E-12  1.001E-12  9.816E-13  9.620E-13  9.425E-13  9.232E-13  9.041E-13  8.851E-13  8.662E-13  8.475E-13  8.289E-13  8.103E-13  7.920E-13
  290.5000  2.514E-11  2.462E-11  2.412E-11  2.363E-11  2.315E-11  2.269E-11  2.224E-11  2.180E-11  2.137E-11  2.096E-11  2.055E-11  2.016E-11  1.977E-11  1.940E-11  1.903E-11  1.867E-11  1.832E-11  1.798E-11  1.765E-11  1.732E-11  1.700E-11  1.669E-11  1.638E-11  1.608E-11  1.579E-11  1.550E-11  1.522E-11  1.494E-11  1.467E-11  1.440E-11  1.414E-11  1.388E-11  1.363E-11  1.338E-11  1.313E-11  1.289E-11  1.265E-11  1.242E-11  1.219E-11  1.196E-11  1.174E-11  1.152E-11  1.130E-11  1.109E-11  1.087E-11  1.066E-11  1.046E-11  1.025E-11  1.005E-11  9.850E-12  9.652E-12  9.455E-12  9.261E-12  9.068E-12  8.877E-12  8.688E-12  8.500E-12  8.313E-12  8.128E-12  7.944E-12  7.761E-12
  291.5000  2.299E-10  2.248E-10  2.200E-10  2.153E-10  2.107E-10  2.063E-10  2.020E-10  1.978E-10  1.937E-10  1.898E-10  1.860E-10  1.822E-10  1.786E-10  1.751E-10  1.716E-10  1.682E-10  1.649E-10  1.617E-10  1.586E-10  1.555E-10  1.526E-10  1.496E-10  1.468E-10  1.440E-10  1.412E-10  1.385E-10  1.359E-10  1.333E-10  1.308E-10  1.283E-10  1.259E-10  1.235E-10  1.212E-10  1.189E-10  1.166E-10  1.144E-10  1.122E-10  1.101E-10  1.080E-10  1.059E-10  1.039E-10  1.019E-10  9.987E-11  9.792E-11  9.599E-11  9.408E-11  9.220E-11  9.034E-11  8.852E-11  8.670E-11  8.491E-11  8.314E-11  8.139E-11  7.965E-11  7.794E-11  7.624E-11  7.455E-11  7.288E-11  7.122E-11  6.958E-11  6.795E-11
  292.5000  1.337E-09  1.306E-09  1.277E-09  1.248E-09  1.220E-09  1.193E-09  1.167E-09  1.142E-09  1.117E-09  1.093E-09  1.070E-09  1.048E-09  1.026E-09  1.005E-09  9.840E-10  9.639E-10  9.442E-10  9.251E-10  9.064E-10  8.882E-10  8.705E-10  8.531E-10  8.361E-10  8.196E-10  8.033E-10  7.875E-10  7.720E-10  7.568E-10  7.420E-10  7.274E-10  7.132E-10  6.992E-10  6.855E-10  6.720E-10  6.588E-10  6.459E-10  6.331E-10  6.207E-10  6.084E-10  5.963E-10  5.844E-10  5.727E-10  5.612E-10  5.499E-10  5.388E-10  5.278E-10  5.169E-10  5.062E-10  4.957E-10  4.853E-10  4.750E-10  4.648E-10  4.548E-10  4.449E-10  4.351E-10  4.254E-10  4.158E-10  4.062E-10  3.968E-10  3.874E-10  3.782E-10
  293.5000  9.042E-09  8.817E-09  8.601E-09  8.394E-09  8.194E-09  8.002E-09  7.815E-09  7.636E-09  7.462E-09  7.294E-09  7.131E-09  6.973E-09  6.820E-09  6.672E-09  6.527E-09  6.387E-09  6.250E-09  6.118E-09  5.988E-09  5.862E-09  5.740E-09  5.620E-09  5.503E-09  5.389E-09  5.278E-09  5.169E-09  5.063E-09  4.960E-09  4.858E-09  4.759E-09  4.661E-09  4.567E-09  4.473E-09  4.382E-09  4.292E-09  4.205E-09  4.119E-09  4.034E-09  3.951E-09  3.870E-09  3.790E-09  3.711E-09  3.634E-09  3.558E-09  3.484E-09  3.410E-09  3.338E-09  3.266E-09  3.196E-09  3.127E-09  3.059E-09  2.992E-09  2.925E-09  2.859E-09  2.795E-09  2.731E-09  2.667E-09  2.605E-09  2.543E-09  2.481E-09  2.421E-09
  294.5000  3.417E-08  3.325E-08  3.238E-08  3.154E-08  3.073E-08  2.996E-08  2.922E-08  2.850E-08  2.781E-08  2.715E-08  2.651E-08  2.589E-08  2.529E-08  2.471E-08  2.415E-08  2.361E-08  2.308E-08  2.257E-08  2.207E-08  2.158E-08  2.111E-08  2.066E-08  2.021E-08  1.977E-08  1.935E-08  1.893E-08  1.853E-08  1.813E-08  1.775E-08  1.737E-08  1.700E-08  1.664E-08  1.629E-08  1.595E-08  1.561E-08  1.528E-08  1.495E-08  1.464E-08  1.433E-08  1.402E-08  1.372E-08  1.343E-08  1.314E-08  1.286E-08  1.258E-08  1.230E-08  1.203E-08  1.177E-08  1.151E-08  1.125E-08  1.100E-08  1.075E-08  1.050E-08  1.026E-08  1.002E-08  9.788E-09  9.556E-09  9.325E-09  9.098E-09  8.873E-09  8.652E-09
  295.5000  1.841E-07  1.786E-07  1.733E-07  1.683E-07  1.635E-07  1.590E-07  1.547E-07  1.505E-07  1.465E-07  1.427E-07  1.391E-07  1.356E-07  1.322E-07  1.289E-07  1.258E-07  1.228E-07  1.198E-07  1.170E-07  1.143E-07  1.116E-07  1.090E-07  1.065E-07  1.041E-07  1.017E-07  9.940E-08  9.716E-08  9.498E-08  9.285E-08  9.078E-08  8.875E-08  8.678E-08  8.486E-08  8.298E-08  8.114E-08  7.934E-08  7.758E-08  7.586E-08  7.418E-08  7.253E-08  7.092E-08  6.934E-08  6.779E-08  6.627E-08  6.478E-08  6.332E-08  6.188E-08  6.047E-08  5.909E-08  5.773E-08  5.639E-08  5.508E-08  5.378E-08  5.251E-08  5.126E-08  5.002E-08  4.881E-08  4.761E-08  4.642E-08  4.525E-08  4.410E-08  4.297E-08
  296.5000  6.297E-07  6.083E-07  5.882E-07  5.692E-07  5.511E-07  5.341E-07  5.178E-07  5.024E-07  4.878E-07  4.739E-07  4.605E-07  4.478E-07  4.356E-07  4.239E-07  4.127E-07  4.020E-07  3.917E-07  3.817E-07  3.721E-07  3.628E-07  3.539E-07  3.452E-07  3.369E-07  3.287E-07  3.209E-07  3.132E-07  3.058E-07  2.986E-07  2.916E-07  2.847E-07  2.781E-07  2.716E-07  2.653E-07  2.592E-07  2.531E-07  2.473E-07  2.415E-07  2.360E-07  2.305E-07  2.251E-07  2.199E-07  2.148E-07  2.097E-07  2.048E-07  2.000E-07  1.953E-07  1.907E-07  1.861E-07  1.817E-07  1.773E-07  1.730E-07  1.688E-07  1.647E-07  1.606E-07  1.566E-07  1.526E-07  1.488E-07  1.449E-07  1.412E-07  1.374E-07  1.338E-07
  297.5000  2.272E-06  2.185E-06  2.104E-06  2.027E-06  1.955E-06  1.887E-06  1.823E-06  1.762E-06  1.704E-06  1.650E-06  1.598E-06  1.549E-06  1.502E-06  1.458E-06  1.415E-06  1.375E-06  1.336E-06  1.299E-06  1.264E-06  1.229E-06  1.197E-06  1.165E-06  1.135E-06  1.105E-06  1.077E-06  1.050E-06  1.023E-06  9.975E-07  9.727E-07  9.486E-07  9.252E-07  9.025E-07  8.804E-07  8.588E-07  8.379E-07  8.175E-07  7.976E-07  7.783E-07  7.594E-07  7.409E-07  7.228E-07  7.052E-07  6.880E-07  6.712E-07  6.547E-07  6.386E-07  6.228E-07  6.074E-07  5.923E-07  5.774E-07  5.628E-07  5.486E-07  5.346E-07  5.208E-07  5.073E-07  4.941E-07  4.810E-07  4.682E-07  4.556E-07  4.432E-07  4.310E-07
  298.5000  4.816E-06  4.615E-06  4.425E-06  4.248E-06  4.080E-06  3.922E-06  3.774E-06  3.634E-06  3.501E-06  3.377E-06  3.259E-06  3.147E-06  3.042E-06  2.941E-06  2.846E-06  2.756E-06  2.671E-06  2.589E-06  2.511E-06  2.437E-06  2.366E-06  2.298E-06  2.233E-06  2.170E-06  2.110E-06  2.052E-06  1.997E-06  1.943E-06  1.891E-06  1.841E-06  1.793E-06  1.746E-06  1.701E-06  1.657E-06  1.615E-06  1.573E-06  1.533E-06  1.494E-06  1.456E-06  1.419E-06  1.382E-06  1.347E-06  1.313E-06  1.279E-06  1.246E-06  1.214E-06  1.183E-06  1.153E-06  1.123E-06  1.093E-06  1.065E-06  1.037E-06  1.009E-06  9.820E-07  9.557E-07  9.297E-07  9.043E-07  8.793E-07  8.547E-07  8.306E-07  8.070E-07
  299.5000  1.933E-05  1.846E-05  1.765E-05  1.688E-05  1.615E-05  1.546E-05  1.482E-05  1.421E-05  1.364E-05  1.310E-05  1.259E-05  1.210E-05  1.165E-05  1.122E-05  1.081E-05  1.043E-05  1.007E-05  9.722E-06  9.394E-06  9.083E-06  8.789E-06  8.508E-06  8.240E-06  7.985E-06  7.741E-06  7.508E-06  7.285E-06  7.071E-06  6.866E-06  6.669E-06  6.479E-06  6.297E-06  6.121E-06  5.951E-06  5.787E-06  5.629E-06  5.475E-06  5.327E-06  5.182E-06  5.042E-06  4.906E-06  4.774E-06  4.645E-06  4.521E-06  4.399E-06  4.280E-06  4.164E-06  4.051E-06  3.941E-06  3.833E-06  3.727E-06  3.624E-06  3.524E-06  3.425E-06  3.329E-06  3.235E-06  3.142E-06  3.052E-06  2.963E-06  2.876E-06  2.791E-06
  300.5000  2.940E-05  2.803E-05  2.673E-05  2.552E-05  2.436E-05  2.327E-05  2.224E-05  2.127E-05  2.035E-05  1.948E-05  1.867E-05  1.789E-05  1.716E-05  1.648E-05  1.582E-05  1.521E-05  1.463E-05  1.408E-05  1.356E-05  1.307E-05  1.260E-05  1.216E-05  1.174E-05  1.134E-05  1.096E-05  1.060E-05  1.026E-05  9.928E-06  9.614E-06  9.315E-06  9.028E-06  8.754E-06  8.491E-06  8.238E-06  7.994E-06  7.760E-06  7.534E-06  7.317E-06  7.107E-06  6.903E-06  6.707E-06  6.516E-06  6.331E-06  6.152E-06  5.978E-06  5.808E-06  5.644E-06  5.483E-06  5.328E-06  5.175E-06  5.027E-06  4.882E-06  4.741E-06  4.603E-06  4.469E-06  4.337E-06  4.208E-06  4.082E-06  3.959E-06  3.838E-06  3.720E-06
  301.5000  1.023E-04  9.749E-05  9.291E-05  8.858E-05  8.445E-05  8.054E-05  7.683E-05  7.331E-05  6.998E-05  6.683E-05  6.385E-05  6.102E-05  5.834E-05  5.581E-05  5.342E-05  5.116E-05  4.901E-05  4.699E-05  4.507E-05  4.325E-05  4.154E-05  3.991E-05  3.838E-05  3.692E-05  3.554E-05  3.422E-05  3.299E-05  3.180E-05  3.068E-05  2.961E-05  2.860E-05  2.763E-05  2.671E-05  2.583E-05  2.499E-05  2.418E-05  2.341E-05  2.267E-05  2.196E-05  2.127E-05  2.062E-05  1.998E-05  1.937E-05  1.878E-05  1.821E-05  1.766E-05  1.713E-05  1.661E-05  1.611E-05  1.562E-05  1.514E-05  1.468E-05  1.423E-05  1.380E-05  1.337E-05  1.296E-05  1.255E-05  1.216E-05  1.177E-05  1.140E-05  1.103E-05
  302.5000  1.878E-04  1.790E-04  1.707E-04  1.627E-04  1.552E-04  1.479E-04  1.411E-04  1.345E-04  1.283E-04  1.225E-04  1.168E-04  1.115E-04  1.065E-04  1.017E-04  9.715E-05  9.286E-05  8.878E-05  8.491E-05  8.125E-05  7.778E-05  7.451E-05  7.140E-05  6.845E-05  6.566E-05  6.302E-05  6.052E-05  5.815E-05  5.590E-05  5.377E-05  5.174E-05  4.982E-05  4.800E-05  4.626E-05  4.461E-05  4.304E-05  4.154E-05  4.010E-05  3.874E-05  3.744E-05  3.619E-05  3.499E-05  3.384E-05  3.274E-05  3.168E-05  3.066E-05  2.967E-05  2.872E-05  2.781E-05  2.693E-05  2.607E-05  2.524E-05  2.443E-05  2.365E-05  2.290E-05  2.216E-05  2.144E-05  2.075E-05  2.007E-05  1.941E-05  1.876E-05  1.814E-05
  303.5000  5.174E-04  4.941E-04  4.718E-04  4.505E-04  4.301E-04  4.105E-04  3.917E-04  3.738E-04  3.567E-04  3.404E-04  3.248E-04  3.099E-04  2.957E-04  2.821E-04  2.692E-04  2.570E-04  2.453E-04  2.342E-04  2.237E-04  2.137E-04  2.042E-04  1.951E-04  1.865E-04  1.784E-04  1.707E-04  1.633E-04  1.564E-04  1.498E-04  1.435E-04  1.376E-04  1.320E-04  1.267E-04  1.216E-04  1.168E-04  1.122E-04  1.079E-04  1.038E-04  9.989E-05  9.616E-05  9.261E-05  8.922E-05  8.599E-05  8.291E-05  7.997E-05  7.715E-05  7.445E-05  7.186E-05  6.937E-05  6.699E-05  6.469E-05  6.247E-05  6.033E-05  5.827E-05  5.627E-05  5.435E-05  5.249E-05  5.068E-05  4.892E-05  4.722E-05  4.556E-05  4.396E-05
  304.5000  7.526E-04  7.199E-04  6.884E-04  6.582E-04  6.290E-04  6.011E-04  5.742E-04  5.485E-04  5.238E-04  5.002E-04  4.775E-04  4.559E-04  4.351E-04  4.153E-04  3.963E-04  3.783E-04  3.610E-04  3.446E-04  3.289E-04  3.139E-04  2.997E-04  2.861E-04  2.732E-04  2.610E-04  2.493E-04  2.382E-04  2.277E-04  2.177E-04  2.083E-04  1.992E-04  1.907E-04  1.826E-04  1.749E-04  1.676E-04  1.607E-04  1.541E-04  1.478E-04  1.419E-04  1.363E-04  1.309E-04  1.258E-04  1.210E-04  1.164E-04  1.120E-04  1.078E-04  1.038E-04  9.992E-05  9.626E-05  9.276E-05  8.940E-05  8.617E-05  8.307E-05  8.008E-05  7.721E-05  7.445E-05  7.178E-05  6.919E-05  6.670E-05  6.428E-05  6.194E-05  5.968E-05
  305.5000  1.543E-03  1.480E-03  1.420E-03  1.361E-03  1.305E-03  1.250E-03  1.197E-03  1.146E-03  1.097E-03  1.050E-03  1.004E-03  9.606E-04  9.184E-04  8.778E-04  8.388E-04  8.015E-04  7.656E-04  7.312E-04  6.982E-04  6.666E-04  6.364E-04  6.074E-04  5.797E-04  5.533E-04  5.280E-04  5.039E-04  4.810E-04  4.591E-04  4.382E-04  4.183E-04  3.993E-04  3.813E-04  3.642E-04  3.479E-04  3.324E-04  3.176E-04  3.037E-04  2.904E-04  2.778E-04  2.658E-04  2.544E-04  2.436E-04  2.333E-04  2.235E-04  2.143E-04  2.054E-04  1.970E-04  1.890E-04  1.814E-04  1.741E-04  1.672E-04  1.606E-04  1.542E-04  1.482E-04  1.424E-04  1.368E-04  1.315E-04  1.263E-04  1.214E-04  1.166E-04  1.121E-04
  306.5000  1.952E-03  1.875E-03  1.801E-03  1.729E-03  1.660E-03  1.593E-03  1.527E-03  1.464E-03  1.403E-03  1.345E-03  1.288E-03  1.233E-03  1.180E-03  1.129E-03  1.080E-03  1.033E-03  9.874E-04  9.437E-04  9.016E-04  8.613E-04  8.227E-04  7.855E-04  7.499E-04  7.158E-04  6.831E-04  6.519E-04  6.221E-04  5.936E-04  5.663E-04  5.403E-04  5.155E-04  4.919E-04  4.694E-04  4.479E-04  4.275E-04  4.080E-04  3.895E-04  3.720E-04  3.553E-04  3.394E-04  3.243E-04  3.099E-04  2.963E-04  2.834E-04  2.711E-04  2.594E-04  2.483E-04  2.377E-04  2.277E-04  2.181E-04  2.090E-04  2.004E-04  1.921E-04  1.842E-04  1.767E-04  1.695E-04  1.625E-04  1.559E-04  1.496E-04  1.435E-04  1.377E-04
  307.5000  4.108E-03  3.960E-03  3.817E-03  3.677E-03  3.541E-03  3.408E-03  3.280E-03  3.154E-03  3.033E-03  2.915E-03  2.800E-03  2.689E-03  2.581E-03  2.476E-03  2.375E-03  2.277E-03  2.183E-03  2.091E-03  2.002E-03  1.917E-03  1.835E-03  1.755E-03  1.678E-03  1.604E-03  1.533E-03  1.464E-03  1.399E-03  1.335E-03  1.275E-03  1.216E-03  1.160E-03  1.107E-03  1.056E-03  1.007E-03  9.597E-04  9.148E-04  8.719E-04  8.311E-04  7.921E-04  7.549E-04  7.194E-04  6.856E-04  6.534E-04  6.229E-04  5.938E-04  5.661E-04  5.398E-04  5.147E-04  4.910E-04  4.684E-04  4.469E-04  4.265E-04  4.071E-04  3.887E-04  3.712E-04  3.544E-04  3.385E-04  3.234E-04  3.089E-04  2.951E-04  2.820E-04
  308.5000  5.321E-03  5.137E-03  4.957E-03  4.783E-03  4.612E-03  4.446E-03  4.283E-03  4.125E-03  3.972E-03  3.823E-03  3.677E-03  3.536E-03  3.398E-03  3.265E-03  3.135E-03  3.010E-03  2.888E-03  2.770E-03  2.656E-03  2.545E-03  2.438E-03  2.335E-03  2.235E-03  2.138E-03  2.045E-03  1.955E-03  1.869E-03  1.786E-03  1.705E-03  1.628E-03  1.554E-03  1.483E-03  1.415E-03  1.349E-03  1.286E-03  1.226E-03  1.168E-03  1.113E-03  1.061E-03  1.010E-03  9.622E-04  9.164E-04  8.726E-04  8.311E-04  7.914E-04  7.537E-04  7.177E-04  6.835E-04  6.511E-04  6.202E-04  5.908E-04  5.629E-04  5.364E-04  5.112E-04  4.873E-04  4.645E-04  4.428E-04  4.222E-04  4.026E-04  3.839E-04  3.662E-04
  309.5000  6.056E-03  5.862E-03  5.672E-03  5.487E-03  5.305E-03  5.127E-03  4.953E-03  4.783E-03  4.617E-03  4.456E-03  4.298E-03  4.143E-03  3.993E-03  3.846E-03  3.703E-03  3.564E-03  3.428E-03  3.296E-03  3.168E-03  3.043E-03  2.923E-03  2.805E-03  2.691E-03  2.580E-03  2.473E-03  2.369E-03  2.269E-03  2.172E-03  2.078E-03  1.987E-03  1.899E-03  1.815E-03  1.734E-03  1.655E-03  1.579E-03  1.506E-03  1.436E-03  1.369E-03  1.305E-03  1.243E-03  1.184E-03  1.127E-03  1.072E-03  1.020E-03  9.705E-04  9.230E-04  8.776E-04  8.343E-04  7.932E-04  7.539E-04  7.165E-04  6.808E-04  6.470E-04  6.147E-04  5.842E-04  5.551E-04  5.274E-04  5.012E-04  4.762E-04  4.525E-04  4.300E-04
  310.5000  9.916E-03  9.618E-03  9.325E-03  9.038E-03  8.756E-03  8.480E-03  8.209E-03  7.944E-03  7.684E-03  7.430E-03  7.181E-03  6.938E-03  6.699E-03  6.466E-03  6.239E-03  6.017E-03  5.801E-03  5.589E-03  5.383E-03  5.181E-03  4.986E-03  4.795E-03  4.609E-03  4.428E-03  4.253E-03  4.082E-03  3.916E-03  3.755E-03  3.599E-03  3.448E-03  3.301E-03  3.159E-03  3.022E-03  2.889E-03  2.760E-03  2.636E-03  2.517E-03  2.402E-03  2.290E-03  2.183E-03  2.080E-03  1.981E-03  1.886E-03  1.795E-03  1.708E-03  1.624E-03  1.544E-03  1.467E-03  1.393E-03  1.323E-03  1.256E-03  1.192E-03  1.131E-03  1.073E-03  1.018E-03  9.656E-04  9.156E-04  8.680E-04  8.228E-04  7.799E-04  7.392E-04
  311.5000  1.442E-02  1.400E-02  1.359E-02  1.319E-02  1.280E-02  1.241E-02  1.203E-02  1.166E-02  1.129E-02  1.094E-02  1.058E-02  1.024E-02  9.903E-03  9.573E-03  9.250E-03  8.934E-03  8.625E-03  8.322E-03  8.027E-03  7.738E-03  7.457E-03  7.182E-03  6.913E-03  6.652E-03  6.397E-03  6.148E-03  5.907E-03  5.672E-03  5.444E-03  5.221E-03  5.006E-03  4.797E-03  4.594E-03  4.397E-03  4.206E-03  4.022E-03  3.843E-03  3.671E-03  3.504E-03  3.343E-03  3.188E-03  3.038E-03  2.894E-03  2.756E-03  2.622E-03  2.494E-03  2.371E-03  2.253E-03  2.141E-03  2.032E-03  1.929E-03  1.830E-03  1.735E-03  1.645E-03  1.559E-03  1.477E-03  1.399E-03  1.324E-03  1.254E-03  1.187E-03  1.123E-03
  312.5000  1.752E-02  1.706E-02  1.661E-02  1.616E-02  1.572E-02  1.528E-02  1.485E-02  1.443E-02  1.402E-02  1.361E-02  1.321E-02  1.282E-02  1.243E-02  1.205E-02  1.168E-02  1.131E-02  1.095E-02  1.060E-02  1.025E-02  9.912E-03  9.581E-03  9.255E-03  8.936E-03  8.623E-03  8.318E-03  8.019E-03  7.728E-03  7.442E-03  7.164E-03  6.892E-03  6.626E-03  6.368E-03  6.116E-03  5.871E-03  5.632E-03  5.399E-03  5.173E-03  4.954E-03  4.741E-03  4.534E-03  4.333E-03  4.139E-03  3.951E-03  3.770E-03  3.594E-03  3.424E-03  3.260E-03  3.102E-03  2.950E-03  2.803E-03  2.662E-03  2.526E-03  2.396E-03  2.271E-03  2.152E-03  2.038E-03  1.928E-03  1.824E-03  1.724E-03  1.628E-03  1.538E-03
  313.5000  2.094E-02  2.040E-02  1.986E-02  1.934E-02  1.882E-02  1.831E-02  1.781E-02  1.732E-02  1.683E-02  1.635E-02  1.588E-02  1.542E-02  1.496E-02  1.451E-02  1.407E-02  1.364E-02  1.322E-02  1.280E-02  1.239E-02  1.199E-02  1.160E-02  1.121E-02  1.083E-02  1.046E-02  1.010E-02  9.740E-03  9.393E-03  9.053E-03  8.720E-03  8.395E-03  8.078E-03  7.769E-03  7.467E-03  7.172E-03  6.885E-03  6.605E-03  6.333E-03  6.069E-03  5.812E-03  5.562E-03  5.320E-03  5.084E-03  4.856E-03  4.636E-03  4.422E-03  4.215E-03  4.015E-03  3.822E-03  3.637E-03  3.457E-03  3.284E-03  3.118E-03  2.958E-03  2.805E-03  2.658E-03  2.517E-03  2.381E-03  2.252E-03  2.128E-03  2.010E-03  1.898E-03
  314.5000  2.528E-02  2.469E-02  2.410E-02  2.352E-02  2.294E-02  2.237E-02  2.181E-02  2.126E-02  2.072E-02  2.018E-02  1.965E-02  1.912E-02  1.861E-02  1.810E-02  1.759E-02  1.710E-02  1.661E-02  1.613E-02  1.566E-02  1.520E-02  1.474E-02  1.429E-02  1.385E-02  1.341E-02  1.298E-02  1.256E-02  1.215E-02  1.175E-02  1.135E-02  1.096E-02  1.058E-02  1.021E-02  9.842E-03  9.484E-03  9.133E-03  8.789E-03  8.453E-03  8.127E-03  7.806E-03  7.494E-03  7.189E-03  6.891E-03  6.602E-03  6.321E-03  6.046E-03  5.779E-03  5.520E-03  5.269E-03  5.025E-03  4.789E-03  4.560E-03  4.338E-03  4.124E-03  3.917E-03  3.717E-03  3.525E-03  3.339E-03  3.161E-03  2.989E-03  2.825E-03  2.667E-03
  315.5000  2.695E-02  2.632E-02  2.570E-02  2.509E-02  2.449E-02  2.389E-02  2.330E-02  2.272E-02  2.214E-02  2.158E-02  2.102E-02  2.047E-02  1.992E-02  1.938E-02  1.885E-02  1.833E-02  1.782E-02  1.731E-02  1.681E-02  1.632E-02  1.584E-02  1.536E-02  1.489E-02  1.443E-02  1.398E-02  1.353E-02  1.310E-02  1.267E-02  1.224E-02  1.183E-02  1.142E-02  1.103E-02  1.064E-02  1.025E-02  9.880E-03  9.514E-03  9.155E-03  8.806E-03  8.463E-03  8.129E-03  7.802E-03  7.483E-03  7.173E-03  6.871E-03  6.576E-03  6.289E-03  6.010E-03  5.739E-03  5.477E-03  5.222E-03  4.974E-03  4.734E-03  4.502E-03  4.278E-03  4.062E-03  3.853E-03  3.652E-03  3.458E-03  3.271E-03  3.092E-03  2.920E-03
  316.5000  3.109E-02  3.042E-02  2.976E-02  2.911E-02  2.846E-02  2.782E-02  2.719E-02  2.656E-02  2.594E-02  2.533E-02  2.472E-02  2.412E-02  2.353E-02  2.294E-02  2.236E-02  2.180E-02  2.123E-02  2.067E-02  2.012E-02  1.958E-02  1.905E-02  1.852E-02  1.800E-02  1.748E-02  1.698E-02  1.648E-02  1.599E-02  1.551E-02  1.503E-02  1.456E-02  1.410E-02  1.365E-02  1.320E-02  1.276E-02  1.233E-02  1.191E-02  1.149E-02  1.109E-02  1.069E-02  1.029E-02  9.911E-03  9.534E-03  9.166E-03  8.807E-03  8.454E-03  8.110E-03  7.774E-03  7.445E-03  7.126E-03  6.814E-03  6.509E-03  6.213E-03  5.925E-03  5.646E-03  5.375E-03  5.111E-03  4.856E-03  4.608E-03  4.369E-03  4.138E-03  3.916E-03
  317.5000  4.402E-02  4.308E-02  4.214E-02  4.122E-02  4.030E-02  3.939E-02  3.849E-02  3.761E-02  3.673E-02  3.586E-02  3.500E-02  3.415E-02  3.331E-02  3.248E-02  3.166E-02  3.086E-02  3.006E-02  2.927E-02  2.849E-02  2.772E-02  2.696E-02  2.621E-02  2.548E-02  2.475E-02  2.403E-02  2.333E-02  2.263E-02  2.195E-02  2.127E-02  2.061E-02  1.995E-02  1.931E-02  1.868E-02  1.806E-02  1.745E-02  1.685E-02  1.626E-02  1.569E-02  1.512E-02  1.457E-02  1.402E-02  1.349E-02  1.297E-02  1.246E-02  1.196E-02  1.147E-02  1.100E-02  1.053E-02  1.008E-02  9.636E-03  9.206E-03  8.787E-03  8.379E-03  7.983E-03  7.600E-03  7.227E-03  6.866E-03  6.516E-03  6.177E-03  5.850E-03  5.536E-03
  318.5000  3.963E-02  3.885E-02  3.807E-02  3.730E-02  3.653E-02  3.577E-02  3.502E-02  3.428E-02  3.354E-02  3.281E-02  3.209E-02  3.137E-02  3.066E-02  2.996E-02  2.926E-02  2.858E-02  2.790E-02  2.722E-02  2.656E-02  2.590E-02  2.525E-02  2.461E-02  2.397E-02  2.334E-02  2.272E-02  2.211E-02  2.150E-02  2.091E-02  2.032E-02  1.974E-02  1.916E-02  1.860E-02  1.804E-02  1.749E-02  1.695E-02  1.641E-02  1.589E-02  1.537E-02  1.486E-02  1.436E-02  1.386E-02  1.338E-02  1.290E-02  1.244E-02  1.198E-02  1.153E-02  1.109E-02  1.065E-02  1.023E-02  9.814E-03  9.407E-03  9.010E-03  8.621E-03  8.242E-03  7.872E-03  7.511E-03  7.159E-03  6.816E-03  6.483E-03  6.159E-03  5.846E-03
  319.5000  4.964E-02  4.867E-02  4.771E-02  4.676E-02  4.582E-02  4.488E-02  4.395E-02  4.303E-02  4.212E-02  4.122E-02  4.032E-02  3.944E-02  3.856E-02  3.769E-02  3.683E-02  3.598E-02  3.514E-02  3.430E-02  3.348E-02  3.266E-02  3.186E-02  3.106E-02  3.027E-02  2.949E-02  2.872E-02  2.796E-02  2.720E-02  2.646E-02  2.573E-02  2.500E-02  2.429E-02  2.358E-02  2.289E-02  2.220E-02  2.152E-02  2.086E-02  2.020E-02  1.956E-02  1.892E-02  1.829E-02  1.767E-02  1.707E-02  1.647E-02  1.588E-02  1.531E-02  1.474E-02  1.418E-02  1.364E-02  1.311E-02  1.258E-02  1.207E-02  1.157E-02  1.108E-02  1.060E-02  1.013E-02  9.671E-03  9.225E-03  8.790E-03  8.366E-03  7.954E-03  7.554E-03
  320.5000  6.234E-02  6.115E-02  5.997E-02  5.879E-02  5.763E-02  5.647E-02  5.533E-02  5.419E-02  5.307E-02  5.195E-02  5.085E-02  4.975E-02  4.867E-02  4.759E-02  4.653E-02  4.548E-02  4.443E-02  4.340E-02  4.238E-02  4.136E-02  4.037E-02  3.938E-02  3.840E-02  3.743E-02  3.647E-02  3.552E-02  3.459E-02  3.366E-02  3.275E-02  3.185E-02  3.096E-02  3.008E-02  2.921E-02  2.835E-02  2.751E-02  2.667E-02  2.585E-02  2.504E-02  2.424E-02  2.346E-02  2.268E-02  2.192E-02  2.117E-02  2.043E-02  1.971E-02  1.899E-02  1.829E-02  1.760E-02  1.693E-02  1.627E-02  1.562E-02  1.498E-02  1.436E-02  1.375E-02  1.315E-02  1.257E-02  1.200E-02  1.144E-02  1.090E-02  1.037E-02  9.862E-03
  321.5000  5.985E-02  5.879E-02  5.774E-02  5.671E-02  5.568E-02  5.465E-02  5.363E-02  5.262E-02  5.162E-02  5.063E-02  4.964E-02  4.866E-02  4.769E-02  4.673E-02  4.577E-02  4.483E-02  4.389E-02  4.296E-02  4.204E-02  4.112E-02  4.022E-02  3.932E-02  3.843E-02  3.754E-02  3.667E-02  3.580E-02  3.495E-02  3.410E-02  3.326E-02  3.243E-02  3.160E-02  3.079E-02  2.998E-02  2.919E-02  2.840E-02  2.762E-02  2.685E-02  2.609E-02  2.533E-02  2.459E-02  2.386E-02  2.313E-02  2.241E-02  2.171E-02  2.101E-02  2.032E-02  1.964E-02  1.898E-02  1.832E-02  1.767E-02  1.703E-02  1.640E-02  1.578E-02  1.518E-02  1.458E-02  1.399E-02  1.342E-02  1.285E-02  1.230E-02  1.175E-02  1.122E-02
  322.5000  5.491E-02  5.387E-02  5.285E-02  5.183E-02  5.082E-02  4.982E-02  4.883E-02  4.784E-02  4.687E-02  4.590E-02  4.494E-02  4.399E-02  4.305E-02  4.211E-02  4.119E-02  4.028E-02  3.937E-02  3.847E-02  3.758E-02  3.670E-02  3.583E-02  3.497E-02  3.411E-02  3.327E-02  3.243E-02  3.161E-02  3.079E-02  2.998E-02  2.918E-02  2.840E-02  2.762E-02  2.685E-02  2.609E-02  2.534E-02  2.460E-02  2.386E-02  2.314E-02  2.243E-02  2.173E-02  2.104E-02  2.036E-02  1.969E-02  1.903E-02  1.838E-02  1.774E-02  1.711E-02  1.649E-02  1.588E-02  1.528E-02  1.470E-02  1.412E-02  1.356E-02  1.300E-02  1.246E-02  1.193E-02  1.141E-02  1.090E-02  1.041E-02  9.922E-03  9.449E-03  8.990E-03
  323.5000  6.561E-02  6.450E-02  6.340E-02  6.230E-02  6.121E-02  6.013E-02  5.905E-02  5.799E-02  5.693E-02  5.588E-02  5.483E-02  5.379E-02  5.276E-02  5.174E-02  5.073E-02  4.972E-02  4.873E-02  4.774E-02  4.675E-02  4.578E-02  4.481E-02  4.386E-02  4.291E-02  4.196E-02  4.103E-02  4.010E-02  3.919E-02  3.828E-02  3.738E-02  3.649E-02  3.560E-02  3.473E-02  3.386E-02  3.300E-02  3.215E-02  3.131E-02  3.048E-02  2.966E-02  2.884E-02  2.804E-02  2.724E-02  2.645E-02  2.567E-02  2.490E-02  2.414E-02  2.339E-02  2.265E-02  2.192E-02  2.119E-02  2.048E-02  1.978E-02  1.908E-02  1.840E-02  1.773E-02  1.706E-02  1.641E-02  1.577E-02  1.514E-02  1.452E-02  1.391E-02  1.331E-02
  324.5000  7.665E-02  7.534E-02  7.405E-02  7.276E-02  7.148E-02  7.021E-02  6.895E-02  6.769E-02  6.645E-02  6.522E-02  6.399E-02  6.278E-02  6.157E-02  6.037E-02  5.918E-02  5.800E-02  5.683E-02  5.567E-02  5.452E-02  5.337E-02  5.224E-02  5.112E-02  5.001E-02  4.890E-02  4.781E-02  4.672E-02  4.565E-02  4.458E-02  4.353E-02  4.248E-02  4.145E-02  4.043E-02  3.941E-02  3.841E-02  3.741E-02  3.643E-02  3.545E-02  3.449E-02  3.354E-02  3.259E-02  3.166E-02  3.074E-02  2.983E-02  2.893E-02  2.804E-02  2.716E-02  2.629E-02  2.544E-02  2.460E-02  2.376E-02  2.294E-02  2.213E-02  2.133E-02  2.055E-02  1.978E-02  1.901E-02  1.826E-02  1.753E-02  1.680E-02  1.609E-02  1.540E-02
  325.5000  8.437E-02  8.291E-02  8.146E-02  8.003E-02  7.860E-02  7.718E-02  7.577E-02  7.437E-02  7.298E-02  7.161E-02  7.024E-02  6.888E-02  6.753E-02  6.620E-02  6.487E-02  6.356E-02  6.225E-02  6.096E-02  5.968E-02  5.840E-02  5.715E-02  5.590E-02  5.466E-02  5.343E-02  5.221E-02  5.101E-02  4.981E-02  4.863E-02  4.746E-02  4.630E-02  4.515E-02  4.402E-02  4.289E-02  4.178E-02  4.067E-02  3.958E-02  3.850E-02  3.744E-02  3.638E-02  3.534E-02  3.431E-02  3.329E-02  3.229E-02  3.129E-02  3.031E-02  2.934E-02  2.839E-02  2.745E-02  2.652E-02  2.560E-02  2.470E-02  2.381E-02  2.293E-02  2.207E-02  2.123E-02  2.039E-02  1.957E-02  1.877E-02  1.798E-02  1.720E-02  1.644E-02
  326.5000  1.128E-01  1.110E-01  1.092E-01  1.074E-01  1.056E-01  1.039E-01  1.021E-01  1.004E-01  9.865E-02  9.694E-02  9.523E-02  9.354E-02  9.185E-02  9.018E-02  8.852E-02  8.688E-02  8.524E-02  8.362E-02  8.200E-02  8.040E-02  7.882E-02  7.724E-02  7.567E-02  7.412E-02  7.258E-02  7.105E-02  6.954E-02  6.803E-02  6.654E-02  6.506E-02  6.359E-02  6.214E-02  6.069E-02  5.926E-02  5.784E-02  5.644E-02  5.504E-02  5.367E-02  5.230E-02  5.095E-02  4.960E-02  4.827E-02  4.696E-02  4.566E-02  4.437E-02  4.309E-02  4.183E-02  4.058E-02  3.935E-02  3.813E-02  3.692E-02  3.572E-02  3.454E-02  3.338E-02  3.223E-02  3.110E-02  2.997E-02  2.887E-02  2.778E-02  2.670E-02  2.565E-02
  327.5000  1.019E-01  1.002E-01  9.852E-02  9.687E-02  9.522E-02  9.359E-02  9.197E-02  9.036E-02  8.876E-02  8.718E-02  8.560E-02  8.403E-02  8.247E-02  8.093E-02  7.939E-02  7.788E-02  7.636E-02  7.486E-02  7.338E-02  7.190E-02  7.044E-02  6.898E-02  6.754E-02  6.611E-02  6.469E-02  6.329E-02  6.189E-02  6.051E-02  5.914E-02  5.778E-02  5.643E-02  5.510E-02  5.378E-02  5.247E-02  5.117E-02  4.988E-02  4.861E-02  4.735E-02  4.610E-02  4.486E-02  4.364E-02  4.243E-02  4.123E-02  4.005E-02  3.887E-02  3.771E-02  3.657E-02  3.543E-02  3.432E-02  3.321E-02  3.212E-02  3.104E-02  2.997E-02  2.892E-02  2.789E-02  2.687E-02  2.586E-02  2.487E-02  2.390E-02  2.294E-02  2.199E-02
  328.5000  9.424E-02  9.270E-02  9.116E-02  8.963E-02  8.811E-02  8.660E-02  8.510E-02  8.361E-02  8.213E-02  8.067E-02  7.921E-02  7.776E-02  7.632E-02  7.489E-02  7.347E-02  7.207E-02  7.067E-02  6.928E-02  6.790E-02  6.654E-02  6.519E-02  6.384E-02  6.251E-02  6.118E-02  5.987E-02  5.857E-02  5.728E-02  5.600E-02  5.474E-02  5.348E-02  5.223E-02  5.100E-02  4.978E-02  4.856E-02  4.736E-02  4.617E-02  4.499E-02  4.383E-02  4.267E-02  4.153E-02  4.040E-02  3.928E-02  3.817E-02  3.707E-02  3.599E-02  3.491E-02  3.385E-02  3.281E-02  3.177E-02  3.075E-02  2.974E-02  2.874E-02  2.775E-02  2.678E-02  2.583E-02  2.488E-02  2.395E-02  2.303E-02  2.213E-02  2.124E-02  2.037E-02
  329.5000  1.314E-01  1.294E-01  1.274E-01  1.254E-01  1.234E-01  1.214E-01  1.194E-01  1.175E-01  1.155E-01  1.136E-01  1.116E-01  1.097E-01  1.078E-01  1.059E-01  1.041E-01  1.022E-01  1.003E-01  9.850E-02  9.667E-02  9.485E-02  9.306E-02  9.127E-02  8.949E-02  8.773E-02  8.598E-02  8.424E-02  8.252E-02  8.081E-02  7.911E-02  7.742E-02  7.575E-02  7.409E-02  7.245E-02  7.082E-02  6.920E-02  6.759E-02  6.600E-02  6.442E-02  6.285E-02  6.130E-02  5.976E-02  5.824E-02  5.672E-02  5.523E-02  5.375E-02  5.228E-02  5.082E-02  4.938E-02  4.795E-02  4.654E-02  4.514E-02  4.375E-02  4.238E-02  4.103E-02  3.969E-02  3.837E-02  3.706E-02  3.576E-02  3.448E-02  3.322E-02  3.198E-02
  330.5000  1.161E-01  1.143E-01  1.124E-01  1.106E-01  1.088E-01  1.070E-01  1.052E-01  1.034E-01  1.017E-01  9.991E-02  9.816E-02  9.643E-02  9.471E-02  9.300E-02  9.130E-02  8.962E-02  8.795E-02  8.628E-02  8.463E-02  8.300E-02  8.138E-02  7.976E-02  7.816E-02  7.657E-02  7.499E-02  7.343E-02  7.188E-02  7.034E-02  6.881E-02  6.730E-02  6.579E-02  6.431E-02  6.283E-02  6.137E-02  5.991E-02  5.847E-02  5.705E-02  5.564E-02  5.423E-02  5.285E-02  5.147E-02  5.011E-02  4.876E-02  4.743E-02  4.610E-02  4.479E-02  4.350E-02  4.222E-02  4.095E-02  3.969E-02  3.845E-02  3.723E-02  3.601E-02  3.481E-02  3.363E-02  3.246E-02  3.131E-02  3.017E-02  2.905E-02  2.794E-02  2.685E-02
  331.5000  1.141E-01  1.123E-01  1.105E-01  1.087E-01  1.069E-01  1.051E-01  1.034E-01  1.016E-01  9.987E-02  9.814E-02  9.642E-02  9.470E-02  9.300E-02  9.131E-02  8.964E-02  8.798E-02  8.632E-02  8.468E-02  8.305E-02  8.143E-02  7.983E-02  7.824E-02  7.666E-02  7.509E-02  7.353E-02  7.199E-02  7.046E-02  6.894E-02  6.743E-02  6.594E-02  6.445E-02  6.299E-02  6.153E-02  6.009E-02  5.865E-02  5.723E-02  5.583E-02  5.444E-02  5.306E-02  5.169E-02  5.033E-02  4.899E-02  4.766E-02  4.635E-02  4.505E-02  4.376E-02  4.248E-02  4.122E-02  3.997E-02  3.874E-02  3.752E-02  3.631E-02  3.512E-02  3.394E-02  3.278E-02  3.163E-02  3.050E-02  2.938E-02  2.827E-02  2.719E-02  2.612E-02
  332.5000  1.185E-01  1.167E-01  1.149E-01  1.131E-01  1.113E-01  1.095E-01  1.078E-01  1.060E-01  1.043E-01  1.026E-01  1.009E-01  9.915E-02  9.745E-02  9.577E-02  9.409E-02  9.243E-02  9.078E-02  8.914E-02  8.751E-02  8.589E-02  8.429E-02  8.269E-02  8.111E-02  7.953E-02  7.797E-02  7.642E-02  7.488E-02  7.335E-02  7.184E-02  7.033E-02  6.884E-02  6.736E-02  6.589E-02  6.443E-02  6.298E-02  6.154E-02  6.012E-02  5.871E-02  5.731E-02  5.592E-02  5.454E-02  5.318E-02  5.182E-02  5.049E-02  4.916E-02  4.784E-02  4.653E-02  4.524E-02  4.396E-02  4.269E-02  4.143E-02  4.019E-02  3.896E-02  3.774E-02  3.654E-02  3.534E-02  3.416E-02  3.300E-02  3.184E-02  3.070E-02  2.958E-02
  333.5000  1.090E-01  1.073E-01  1.056E-01  1.039E-01  1.023E-01  1.006E-01  9.897E-02  9.733E-02  9.570E-02  9.408E-02  9.247E-02  9.087E-02  8.928E-02  8.770E-02  8.614E-02  8.458E-02  8.304E-02  8.150E-02  7.997E-02  7.846E-02  7.696E-02  7.547E-02  7.399E-02  7.252E-02  7.106E-02  6.961E-02  6.818E-02  6.675E-02  6.533E-02  6.393E-02  6.254E-02  6.116E-02  5.979E-02  5.843E-02  5.708E-02  5.574E-02  5.442E-02  5.311E-02  5.181E-02  5.052E-02  4.924E-02  4.797E-02  4.671E-02  4.547E-02  4.424E-02  4.302E-02  4.181E-02  4.061E-02  3.943E-02  3.826E-02  3.709E-02  3.595E-02  3.481E-02  3.369E-02  3.258E-02  3.148E-02  3.039E-02  2.932E-02  2.826E-02  2.722E-02  2.619E-02
  334.5000  1.233E-01  1.214E-01  1.195E-01  1.176E-01  1.158E-01  1.139E-01  1.121E-01  1.102E-01  1.084E-01  1.066E-01  1.048E-01  1.030E-01  1.012E-01  9.943E-02  9.767E-02  9.593E-02  9.419E-02  9.247E-02  9.076E-02  8.906E-02  8.738E-02  8.570E-02  8.404E-02  8.239E-02  8.075E-02  7.912E-02  7.751E-02  7.591E-02  7.432E-02  7.274E-02  7.118E-02  6.963E-02  6.809E-02  6.656E-02  6.505E-02  6.354E-02  6.205E-02  6.058E-02  5.911E-02  5.766E-02  5.622E-02  5.479E-02  5.338E-02  5.198E-02  5.059E-02  4.921E-02  4.785E-02  4.650E-02  4.517E-02  4.384E-02  4.253E-02  4.124E-02  3.995E-02  3.868E-02  3.743E-02  3.619E-02  3.496E-02  3.375E-02  3.255E-02  3.137E-02  3.020E-02
  335.5000  1.282E-01  1.263E-01  1.244E-01  1.225E-01  1.205E-01  1.187E-01  1.168E-01  1.149E-01  1.130E-01  1.112E-01  1.093E-01  1.075E-01  1.057E-01  1.039E-01  1.021E-01  1.003E-01  9.855E-02  9.679E-02  9.504E-02  9.331E-02  9.159E-02  8.988E-02  8.818E-02  8.649E-02  8.482E-02  8.315E-02  8.151E-02  7.987E-02  7.824E-02  7.662E-02  7.502E-02  7.343E-02  7.186E-02  7.029E-02  6.873E-02  6.719E-02  6.566E-02  6.415E-02  6.265E-02  6.115E-02  5.967E-02  5.820E-02  5.675E-02  5.531E-02  5.388E-02  5.246E-02  5.106E-02  4.966E-02  4.829E-02  4.692E-02  4.556E-02  4.422E-02  4.289E-02  4.158E-02  4.028E-02  3.899E-02  3.772E-02  3.646E-02  3.521E-02  3.398E-02  3.276E-02
  336.5000  9.963E-02  9.812E-02  9.661E-02  9.511E-02  9.362E-02  9.214E-02  9.066E-02  8.920E-02  8.774E-02  8.630E-02  8.486E-02  8.343E-02  8.201E-02  8.060E-02  7.919E-02  7.780E-02  7.642E-02  7.505E-02  7.368E-02  7.232E-02  7.098E-02  6.964E-02  6.831E-02  6.700E-02  6.569E-02  6.439E-02  6.310E-02  6.182E-02  6.055E-02  5.929E-02  5.804E-02  5.680E-02  5.557E-02  5.435E-02  5.313E-02  5.193E-02  5.074E-02  4.956E-02  4.839E-02  4.722E-02  4.607E-02  4.492E-02  4.379E-02  4.267E-02  4.155E-02  4.045E-02  3.935E-02  3.827E-02  3.720E-02  3.613E-02  3.508E-02  3.404E-02  3.300E-02  3.198E-02  3.097E-02  2.997E-02  2.898E-02  2.800E-02  2.703E-02  2.607E-02  2.513E-02
  337.5000  1.076E-01  1.059E-01  1.043E-01  1.027E-01  1.010E-01  9.939E-02  9.777E-02  9.617E-02  9.457E-02  9.299E-02  9.141E-02  8.984E-02  8.828E-02  8.674E-02  8.520E-02  8.368E-02  8.216E-02  8.066E-02  7.916E-02  7.768E-02  7.621E-02  7.475E-02  7.329E-02  7.185E-02  7.042E-02  6.900E-02  6.760E-02  6.620E-02  6.481E-02  6.343E-02  6.207E-02  6.072E-02  5.937E-02  5.804E-02  5.672E-02  5.540E-02  5.410E-02  5.282E-02  5.154E-02  5.027E-02  4.902E-02  4.777E-02  4.654E-02  4.532E-02  4.411E-02  4.291E-02  4.172E-02  4.054E-02  3.938E-02  3.822E-02  3.708E-02  3.595E-02  3.483E-02  3.372E-02  3.263E-02  3.155E-02  3.048E-02  2.942E-02  2.838E-02  2.735E-02  2.633E-02
  338.5000  1.167E-01  1.149E-01  1.131E-01  1.114E-01  1.097E-01  1.079E-01  1.062E-01  1.045E-01  1.028E-01  1.011E-01  9.947E-02  9.781E-02  9.615E-02  9.451E-02  9.288E-02  9.126E-02  8.965E-02  8.805E-02  8.646E-02  8.488E-02  8.332E-02  8.176E-02  8.021E-02  7.868E-02  7.716E-02  7.564E-02  7.415E-02  7.266E-02  7.118E-02  6.971E-02  6.825E-02  6.681E-02  6.537E-02  6.395E-02  6.254E-02  6.114E-02  5.975E-02  5.837E-02  5.700E-02  5.565E-02  5.430E-02  5.297E-02  5.164E-02  5.034E-02  4.904E-02  4.775E-02  4.647E-02  4.521E-02  4.396E-02  4.271E-02  4.148E-02  4.027E-02  3.906E-02  3.786E-02  3.668E-02  3.551E-02  3.435E-02  3.321E-02  3.207E-02  3.095E-02  2.985E-02
  339.5000  1.274E-01  1.255E-01  1.235E-01  1.216E-01  1.198E-01  1.179E-01  1.160E-01  1.142E-01  1.123E-01  1.105E-01  1.087E-01  1.068E-01  1.050E-01  1.033E-01  1.015E-01  9.972E-02  9.796E-02  9.622E-02  9.449E-02  9.277E-02  9.107E-02  8.937E-02  8.769E-02  8.601E-02  8.435E-02  8.271E-02  8.107E-02  7.945E-02  7.784E-02  7.624E-02  7.465E-02  7.308E-02  7.152E-02  6.997E-02  6.843E-02  6.690E-02  6.538E-02  6.389E-02  6.240E-02  6.092E-02  5.945E-02  5.800E-02  5.656E-02  5.513E-02  5.371E-02  5.231E-02  5.092E-02  4.954E-02  4.818E-02  4.682E-02  4.548E-02  4.415E-02  4.283E-02  4.153E-02  4.024E-02  3.896E-02  3.770E-02  3.645E-02  3.521E-02  3.399E-02  3.278E-02
  340.5000  1.350E-01  1.330E-01  1.309E-01  1.289E-01  1.269E-01  1.249E-01  1.229E-01  1.209E-01  1.189E-01  1.170E-01  1.150E-01  1.131E-01  1.112E-01  1.093E-01  1.074E-01  1.055E-01  1.036E-01  1.017E-01  9.989E-02  9.805E-02  9.623E-02  9.442E-02  9.262E-02  9.084E-02  8.906E-02  8.730E-02  8.556E-02  8.383E-02  8.211E-02  8.040E-02  7.871E-02  7.703E-02  7.537E-02  7.371E-02  7.207E-02  7.044E-02  6.883E-02  6.723E-02  6.564E-02  6.407E-02  6.251E-02  6.096E-02  5.943E-02  5.791E-02  5.640E-02  5.491E-02  5.343E-02  5.196E-02  5.051E-02  4.907E-02  4.764E-02  4.623E-02  4.483E-02  4.345E-02  4.208E-02  4.073E-02  3.939E-02  3.806E-02  3.675E-02  3.545E-02  3.417E-02
  341.5000  1.216E-01  1.198E-01  1.180E-01  1.162E-01  1.144E-01  1.126E-01  1.108E-01  1.090E-01  1.073E-01  1.055E-01  1.038E-01  1.021E-01  1.004E-01  9.866E-02  9.697E-02  9.529E-02  9.362E-02  9.196E-02  9.031E-02  8.867E-02  8.705E-02  8.543E-02  8.383E-02  8.223E-02  8.065E-02  7.908E-02  7.753E-02  7.598E-02  7.445E-02  7.292E-02  7.141E-02  6.991E-02  6.842E-02  6.694E-02  6.548E-02  6.402E-02  6.258E-02  6.115E-02  5.973E-02  5.832E-02  5.693E-02  5.554E-02  5.417E-02  5.281E-02  5.146E-02  5.012E-02  4.879E-02  4.748E-02  4.618E-02  4.489E-02  4.361E-02  4.234E-02  4.109E-02  3.984E-02  3.862E-02  3.740E-02  3.619E-02  3.500E-02  3.382E-02  3.265E-02  3.150E-02
  342.5000  1.352E-01  1.332E-01  1.312E-01  1.292E-01  1.272E-01  1.252E-01  1.232E-01  1.212E-01  1.193E-01  1.174E-01  1.154E-01  1.135E-01  1.116E-01  1.097E-01  1.078E-01  1.060E-01  1.041E-01  1.023E-01  1.004E-01  9.862E-02  9.682E-02  9.503E-02  9.325E-02  9.148E-02  8.972E-02  8.798E-02  8.625E-02  8.454E-02  8.283E-02  8.114E-02  7.946E-02  7.780E-02  7.615E-02  7.451E-02  7.288E-02  7.126E-02  6.966E-02  6.808E-02  6.650E-02  6.494E-02  6.339E-02  6.185E-02  6.033E-02  5.882E-02  5.732E-02  5.583E-02  5.436E-02  5.290E-02  5.146E-02  5.002E-02  4.860E-02  4.720E-02  4.580E-02  4.442E-02  4.306E-02  4.171E-02  4.037E-02  3.904E-02  3.773E-02  3.643E-02  3.515E-02
  343.5000  1.400E-01  1.378E-01  1.357E-01  1.337E-01  1.316E-01  1.295E-01  1.275E-01  1.254E-01  1.234E-01  1.214E-01  1.194E-01  1.174E-01  1.154E-01  1.135E-01  1.115E-01  1.096E-01  1.076E-01  1.057E-01  1.038E-01  1.019E-01  1.001E-01  9.819E-02  9.634E-02  9.450E-02  9.268E-02  9.087E-02  8.908E-02  8.729E-02  8.552E-02  8.377E-02  8.202E-02  8.030E-02  7.858E-02  7.688E-02  7.519E-02  7.351E-02  7.185E-02  7.021E-02  6.857E-02  6.695E-02  6.534E-02  6.375E-02  6.217E-02  6.060E-02  5.905E-02  5.751E-02  5.598E-02  5.447E-02  5.297E-02  5.149E-02  5.001E-02  4.856E-02  4.711E-02  4.568E-02  4.427E-02  4.287E-02  4.148E-02  4.011E-02  3.875E-02  3.741E-02  3.609E-02
  344.5000  9.771E-02  9.623E-02  9.476E-02  9.330E-02  9.184E-02  9.039E-02  8.895E-02  8.752E-02  8.610E-02  8.469E-02  8.328E-02  8.188E-02  8.050E-02  7.912E-02  7.775E-02  7.639E-02  7.504E-02  7.369E-02  7.236E-02  7.103E-02  6.972E-02  6.842E-02  6.712E-02  6.583E-02  6.455E-02  6.329E-02  6.203E-02  6.078E-02  5.954E-02  5.831E-02  5.709E-02  5.588E-02  5.468E-02  5.348E-02  5.230E-02  5.113E-02  4.996E-02  4.881E-02  4.767E-02  4.653E-02  4.541E-02  4.429E-02  4.319E-02  4.209E-02  4.100E-02  3.993E-02  3.886E-02  3.780E-02  3.676E-02  3.572E-02  3.469E-02  3.367E-02  3.266E-02  3.166E-02  3.068E-02  2.970E-02  2.873E-02  2.777E-02  2.682E-02  2.589E-02  2.496E-02
  345.5000  1.357E-01  1.337E-01  1.316E-01  1.296E-01  1.276E-01  1.256E-01  1.237E-01  1.217E-01  1.197E-01  1.178E-01  1.159E-01  1.140E-01  1.120E-01  1.101E-01  1.083E-01  1.064E-01  1.045E-01  1.027E-01  1.009E-01  9.903E-02  9.723E-02  9.543E-02  9.365E-02  9.188E-02  9.012E-02  8.837E-02  8.664E-02  8.492E-02  8.322E-02  8.152E-02  7.984E-02  7.818E-02  7.652E-02  7.488E-02  7.325E-02  7.163E-02  7.002E-02  6.844E-02  6.686E-02  6.529E-02  6.374E-02  6.220E-02  6.067E-02  5.917E-02  5.766E-02  5.618E-02  5.470E-02  5.324E-02  5.180E-02  5.036E-02  4.894E-02  4.753E-02  4.613E-02  4.475E-02  4.338E-02  4.203E-02  4.068E-02  3.935E-02  3.804E-02  3.674E-02  3.546E-02
  346.5000  1.261E-01  1.242E-01  1.223E-01  1.204E-01  1.186E-01  1.167E-01  1.148E-01  1.130E-01  1.112E-01  1.094E-01  1.075E-01  1.057E-01  1.040E-01  1.022E-01  1.004E-01  9.868E-02  9.694E-02  9.521E-02  9.350E-02  9.179E-02  9.010E-02  8.842E-02  8.676E-02  8.510E-02  8.346E-02  8.182E-02  8.021E-02  7.860E-02  7.700E-02  7.542E-02  7.385E-02  7.229E-02  7.075E-02  6.921E-02  6.769E-02  6.618E-02  6.468E-02  6.320E-02  6.173E-02  6.027E-02  5.882E-02  5.738E-02  5.596E-02  5.455E-02  5.315E-02  5.177E-02  5.039E-02  4.903E-02  4.768E-02  4.635E-02  4.502E-02  4.371E-02  4.241E-02  4.112E-02  3.985E-02  3.859E-02  3.734E-02  3.611E-02  3.488E-02  3.368E-02  3.249E-02
  347.5000  1.234E-01  1.216E-01  1.197E-01  1.179E-01  1.161E-01  1.142E-01  1.124E-01  1.106E-01  1.088E-01  1.071E-01  1.053E-01  1.035E-01  1.018E-01  1.000E-01  9.831E-02  9.661E-02  9.490E-02  9.321E-02  9.153E-02  8.987E-02  8.821E-02  8.657E-02  8.494E-02  8.332E-02  8.171E-02  8.011E-02  7.853E-02  7.696E-02  7.540E-02  7.385E-02  7.231E-02  7.079E-02  6.928E-02  6.777E-02  6.628E-02  6.481E-02  6.334E-02  6.189E-02  6.045E-02  5.902E-02  5.761E-02  5.620E-02  5.481E-02  5.343E-02  5.206E-02  5.071E-02  4.936E-02  4.803E-02  4.671E-02  4.540E-02  4.411E-02  4.282E-02  4.155E-02  4.029E-02  3.905E-02  3.782E-02  3.659E-02  3.539E-02  3.419E-02  3.301E-02  3.184E-02
  348.5000  1.362E-01  1.341E-01  1.321E-01  1.301E-01  1.280E-01  1.260E-01  1.240E-01  1.220E-01  1.201E-01  1.181E-01  1.162E-01  1.142E-01  1.123E-01  1.104E-01  1.085E-01  1.066E-01  1.047E-01  1.029E-01  1.010E-01  9.920E-02  9.738E-02  9.557E-02  9.378E-02  9.199E-02  9.022E-02  8.846E-02  8.672E-02  8.499E-02  8.327E-02  8.156E-02  7.987E-02  7.820E-02  7.653E-02  7.488E-02  7.324E-02  7.161E-02  7.000E-02  6.840E-02  6.681E-02  6.524E-02  6.368E-02  6.213E-02  6.060E-02  5.908E-02  5.757E-02  5.608E-02  5.460E-02  5.313E-02  5.168E-02  5.024E-02  4.881E-02  4.740E-02  4.599E-02  4.461E-02  4.324E-02  4.188E-02  4.053E-02  3.920E-02  3.788E-02  3.658E-02  3.529E-02
  349.5000  1.142E-01  1.125E-01  1.107E-01  1.090E-01  1.074E-01  1.057E-01  1.040E-01  1.023E-01  1.007E-01  9.904E-02  9.740E-02  9.578E-02  9.416E-02  9.256E-02  9.097E-02  8.939E-02  8.781E-02  8.625E-02  8.470E-02  8.316E-02  8.163E-02  8.012E-02  7.861E-02  7.711E-02  7.562E-02  7.415E-02  7.269E-02  7.123E-02  6.979E-02  6.836E-02  6.694E-02  6.554E-02  6.414E-02  6.275E-02  6.138E-02  6.001E-02  5.866E-02  5.732E-02  5.599E-02  5.467E-02  5.336E-02  5.206E-02  5.078E-02  4.951E-02  4.824E-02  4.699E-02  4.575E-02  4.452E-02  4.330E-02  4.209E-02  4.089E-02  3.971E-02  3.853E-02  3.737E-02  3.622E-02  3.508E-02  3.395E-02  3.284E-02  3.173E-02  3.064E-02  2.956E-02
  350.5000  1.601E-01  1.577E-01  1.553E-01  1.529E-01  1.505E-01  1.482E-01  1.458E-01  1.435E-01  1.412E-01  1.389E-01  1.366E-01  1.343E-01  1.320E-01  1.298E-01  1.276E-01  1.254E-01  1.231E-01  1.210E-01  1.188E-01  1.166E-01  1.145E-01  1.124E-01  1.102E-01  1.081E-01  1.061E-01  1.040E-01  1.019E-01  9.990E-02  9.788E-02  9.587E-02  9.388E-02  9.191E-02  8.995E-02  8.801E-02  8.608E-02  8.417E-02  8.227E-02  8.040E-02  7.853E-02  7.668E-02  7.485E-02  7.303E-02  7.122E-02  6.944E-02  6.767E-02  6.591E-02  6.417E-02  6.245E-02  6.075E-02  5.905E-02  5.737E-02  5.571E-02  5.407E-02  5.244E-02  5.083E-02  4.923E-02  4.765E-02  4.608E-02  4.453E-02  4.300E-02  4.149E-02
  351.5000  1.380E-01  1.359E-01  1.338E-01  1.318E-01  1.297E-01  1.277E-01  1.257E-01  1.236E-01  1.216E-01  1.197E-01  1.177E-01  1.157E-01  1.138E-01  1.118E-01  1.099E-01  1.080E-01  1.061E-01  1.042E-01  1.023E-01  1.005E-01  9.861E-02  9.677E-02  9.495E-02  9.314E-02  9.134E-02  8.955E-02  8.779E-02  8.603E-02  8.429E-02  8.255E-02  8.084E-02  7.914E-02  7.745E-02  7.577E-02  7.411E-02  7.246E-02  7.082E-02  6.921E-02  6.760E-02  6.600E-02  6.442E-02  6.285E-02  6.130E-02  5.976E-02  5.824E-02  5.672E-02  5.522E-02  5.374E-02  5.227E-02  5.081E-02  4.936E-02  4.793E-02  4.651E-02  4.511E-02  4.372E-02  4.234E-02  4.098E-02  3.963E-02  3.830E-02  3.698E-02  3.568E-02
  352.5000  1.247E-01  1.228E-01  1.209E-01  1.191E-01  1.172E-01  1.154E-01  1.135E-01  1.117E-01  1.099E-01  1.081E-01  1.063E-01  1.046E-01  1.028E-01  1.010E-01  9.930E-02  9.758E-02  9.586E-02  9.415E-02  9.246E-02  9.077E-02  8.911E-02  8.745E-02  8.580E-02  8.416E-02  8.254E-02  8.093E-02  7.933E-02  7.775E-02  7.617E-02  7.461E-02  7.306E-02  7.152E-02  7.000E-02  6.848E-02  6.698E-02  6.549E-02  6.401E-02  6.255E-02  6.110E-02  5.966E-02  5.823E-02  5.682E-02  5.541E-02  5.403E-02  5.265E-02  5.128E-02  4.993E-02  4.858E-02  4.726E-02  4.594E-02  4.463E-02  4.334E-02  4.206E-02  4.079E-02  3.954E-02  3.830E-02  3.707E-02  3.585E-02  3.464E-02  3.345E-02  3.228E-02
  353.5000  1.504E-01  1.482E-01  1.459E-01  1.437E-01  1.414E-01  1.392E-01  1.370E-01  1.348E-01  1.326E-01  1.305E-01  1.283E-01  1.262E-01  1.241E-01  1.219E-01  1.198E-01  1.178E-01  1.157E-01  1.136E-01  1.116E-01  1.096E-01  1.075E-01  1.055E-01  1.036E-01  1.016E-01  9.963E-02  9.768E-02  9.576E-02  9.385E-02  9.195E-02  9.006E-02  8.819E-02  8.635E-02  8.450E-02  8.268E-02  8.087E-02  7.907E-02  7.729E-02  7.553E-02  7.378E-02  7.205E-02  7.032E-02  6.862E-02  6.692E-02  6.525E-02  6.359E-02  6.194E-02  6.031E-02  5.869E-02  5.709E-02  5.551E-02  5.393E-02  5.237E-02  5.083E-02  4.930E-02  4.779E-02  4.629E-02  4.481E-02  4.334E-02  4.189E-02  4.045E-02  3.903E-02
  354.5000  1.631E-01  1.607E-01  1.582E-01  1.558E-01  1.534E-01  1.510E-01  1.486E-01  1.462E-01  1.439E-01  1.415E-01  1.392E-01  1.369E-01  1.346E-01  1.323E-01  1.300E-01  1.277E-01  1.255E-01  1.233E-01  1.210E-01  1.188E-01  1.167E-01  1.145E-01  1.123E-01  1.102E-01  1.081E-01  1.060E-01  1.039E-01  1.018E-01  9.976E-02  9.771E-02  9.569E-02  9.368E-02  9.169E-02  8.971E-02  8.775E-02  8.580E-02  8.387E-02  8.196E-02  8.007E-02  7.819E-02  7.632E-02  7.447E-02  7.264E-02  7.082E-02  6.902E-02  6.724E-02  6.547E-02  6.371E-02  6.198E-02  6.026E-02  5.856E-02  5.687E-02  5.519E-02  5.354E-02  5.190E-02  5.028E-02  4.867E-02  4.708E-02  4.550E-02  4.394E-02  4.241E-02
  355.5000  1.526E-01  1.503E-01  1.480E-01  1.458E-01  1.435E-01  1.412E-01  1.390E-01  1.368E-01  1.346E-01  1.324E-01  1.302E-01  1.280E-01  1.259E-01  1.237E-01  1.216E-01  1.195E-01  1.174E-01  1.153E-01  1.132E-01  1.112E-01  1.091E-01  1.071E-01  1.051E-01  1.031E-01  1.011E-01  9.912E-02  9.717E-02  9.523E-02  9.331E-02  9.139E-02  8.950E-02  8.762E-02  8.576E-02  8.391E-02  8.207E-02  8.025E-02  7.845E-02  7.666E-02  7.489E-02  7.313E-02  7.138E-02  6.965E-02  6.794E-02  6.624E-02  6.456E-02  6.289E-02  6.123E-02  5.959E-02  5.797E-02  5.636E-02  5.477E-02  5.319E-02  5.162E-02  5.007E-02  4.854E-02  4.702E-02  4.552E-02  4.403E-02  4.256E-02  4.110E-02  3.967E-02
  356.5000  1.418E-01  1.396E-01  1.375E-01  1.354E-01  1.333E-01  1.312E-01  1.291E-01  1.270E-01  1.250E-01  1.229E-01  1.209E-01  1.189E-01  1.169E-01  1.149E-01  1.129E-01  1.110E-01  1.090E-01  1.071E-01  1.051E-01  1.032E-01  1.013E-01  9.945E-02  9.758E-02  9.572E-02  9.387E-02  9.204E-02  9.023E-02  8.843E-02  8.664E-02  8.486E-02  8.310E-02  8.136E-02  7.962E-02  7.791E-02  7.620E-02  7.451E-02  7.283E-02  7.117E-02  6.953E-02  6.789E-02  6.627E-02  6.466E-02  6.307E-02  6.150E-02  5.993E-02  5.838E-02  5.685E-02  5.532E-02  5.382E-02  5.232E-02  5.084E-02  4.938E-02  4.792E-02  4.648E-02  4.506E-02  4.365E-02  4.226E-02  4.088E-02  3.951E-02  3.816E-02  3.682E-02
  357.5000  1.206E-01  1.188E-01  1.170E-01  1.152E-01  1.134E-01  1.116E-01  1.099E-01  1.081E-01  1.063E-01  1.046E-01  1.029E-01  1.012E-01  9.946E-02  9.776E-02  9.608E-02  9.441E-02  9.274E-02  9.109E-02  8.945E-02  8.782E-02  8.621E-02  8.460E-02  8.301E-02  8.143E-02  7.986E-02  7.830E-02  7.675E-02  7.522E-02  7.370E-02  7.218E-02  7.068E-02  6.920E-02  6.773E-02  6.626E-02  6.481E-02  6.337E-02  6.194E-02  6.053E-02  5.913E-02  5.774E-02  5.636E-02  5.499E-02  5.364E-02  5.230E-02  5.097E-02  4.965E-02  4.834E-02  4.705E-02  4.577E-02  4.449E-02  4.323E-02  4.199E-02  4.075E-02  3.953E-02  3.832E-02  3.712E-02  3.593E-02  3.476E-02  3.359E-02  3.244E-02  3.131E-02
  358.5000  9.322E-02  9.182E-02  9.042E-02  8.903E-02  8.765E-02  8.627E-02  8.490E-02  8.354E-02  8.219E-02  8.085E-02  7.951E-02  7.819E-02  7.687E-02  7.555E-02  7.425E-02  7.296E-02  7.168E-02  7.040E-02  6.913E-02  6.787E-02  6.663E-02  6.539E-02  6.415E-02  6.293E-02  6.172E-02  6.051E-02  5.932E-02  5.813E-02  5.696E-02  5.579E-02  5.463E-02  5.349E-02  5.235E-02  5.121E-02  5.009E-02  4.898E-02  4.788E-02  4.679E-02  4.570E-02  4.463E-02  4.356E-02  4.251E-02  4.146E-02  4.043E-02  3.940E-02  3.838E-02  3.737E-02  3.637E-02  3.538E-02  3.440E-02  3.342E-02  3.246E-02  3.151E-02  3.056E-02  2.963E-02  2.870E-02  2.778E-02  2.688E-02  2.598E-02  2.509E-02  2.421E-02
  359.5000  1.570E-01  1.547E-01  1.523E-01  1.500E-01  1.476E-01  1.453E-01  1.430E-01  1.407E-01  1.384E-01  1.362E-01  1.339E-01  1.317E-01  1.295E-01  1.273E-01  1.251E-01  1.229E-01  1.207E-01  1.186E-01  1.164E-01  1.143E-01  1.122E-01  1.101E-01  1.081E-01  1.060E-01  1.039E-01  1.019E-01  9.991E-02  9.791E-02  9.592E-02  9.395E-02  9.200E-02  9.007E-02  8.815E-02  8.625E-02  8.436E-02  8.248E-02  8.063E-02  7.879E-02  7.696E-02  7.515E-02  7.336E-02  7.158E-02  6.982E-02  6.807E-02  6.634E-02  6.463E-02  6.292E-02  6.124E-02  5.957E-02  5.792E-02  5.628E-02  5.466E-02  5.305E-02  5.146E-02  4.989E-02  4.833E-02  4.679E-02  4.526E-02  4.374E-02  4.225E-02  4.077E-02
  360.5000  1.457E-01  1.435E-01  1.413E-01  1.392E-01  1.370E-01  1.348E-01  1.327E-01  1.306E-01  1.284E-01  1.264E-01  1.243E-01  1.222E-01  1.201E-01  1.181E-01  1.160E-01  1.140E-01  1.120E-01  1.100E-01  1.080E-01  1.061E-01  1.041E-01  1.022E-01  1.002E-01  9.832E-02  9.642E-02  9.454E-02  9.268E-02  9.082E-02  8.898E-02  8.715E-02  8.534E-02  8.355E-02  8.177E-02  8.000E-02  7.825E-02  7.651E-02  7.479E-02  7.308E-02  7.139E-02  6.971E-02  6.804E-02  6.639E-02  6.476E-02  6.314E-02  6.153E-02  5.994E-02  5.836E-02  5.680E-02  5.526E-02  5.372E-02  5.220E-02  5.070E-02  4.921E-02  4.773E-02  4.628E-02  4.483E-02  4.340E-02  4.198E-02  4.058E-02  3.919E-02  3.782E-02
  361.5000  1.315E-01  1.296E-01  1.276E-01  1.256E-01  1.237E-01  1.217E-01  1.198E-01  1.179E-01  1.160E-01  1.141E-01  1.122E-01  1.103E-01  1.084E-01  1.066E-01  1.047E-01  1.029E-01  1.011E-01  9.930E-02  9.751E-02  9.573E-02  9.398E-02  9.222E-02  9.048E-02  8.876E-02  8.704E-02  8.534E-02  8.366E-02  8.198E-02  8.032E-02  7.867E-02  7.704E-02  7.542E-02  7.381E-02  7.222E-02  7.063E-02  6.906E-02  6.751E-02  6.597E-02  6.444E-02  6.293E-02  6.142E-02  5.993E-02  5.846E-02  5.700E-02  5.555E-02  5.411E-02  5.269E-02  5.128E-02  4.989E-02  4.850E-02  4.713E-02  4.577E-02  4.443E-02  4.310E-02  4.178E-02  4.048E-02  3.918E-02  3.791E-02  3.664E-02  3.539E-02  3.415E-02
  362.5000  1.546E-01  1.523E-01  1.500E-01  1.477E-01  1.454E-01  1.431E-01  1.408E-01  1.386E-01  1.363E-01  1.341E-01  1.319E-01  1.297E-01  1.275E-01  1.253E-01  1.231E-01  1.210E-01  1.189E-01  1.167E-01  1.146E-01  1.125E-01  1.105E-01  1.084E-01  1.064E-01  1.043E-01  1.023E-01  1.003E-01  9.834E-02  9.637E-02  9.442E-02  9.248E-02  9.055E-02  8.865E-02  8.676E-02  8.489E-02  8.303E-02  8.118E-02  7.935E-02  7.754E-02  7.575E-02  7.397E-02  7.220E-02  7.045E-02  6.871E-02  6.700E-02  6.530E-02  6.361E-02  6.193E-02  6.028E-02  5.864E-02  5.701E-02  5.540E-02  5.381E-02  5.223E-02  5.066E-02  4.912E-02  4.758E-02  4.606E-02  4.456E-02  4.308E-02  4.160E-02  4.015E-02
  363.5000  1.377E-01  1.356E-01  1.336E-01  1.315E-01  1.295E-01  1.274E-01  1.254E-01  1.234E-01  1.214E-01  1.194E-01  1.174E-01  1.155E-01  1.135E-01  1.116E-01  1.096E-01  1.077E-01  1.058E-01  1.039E-01  1.021E-01  1.002E-01  9.836E-02  9.652E-02  9.470E-02  9.289E-02  9.109E-02  8.931E-02  8.755E-02  8.580E-02  8.405E-02  8.233E-02  8.062E-02  7.892E-02  7.724E-02  7.557E-02  7.391E-02  7.227E-02  7.064E-02  6.903E-02  6.743E-02  6.584E-02  6.427E-02  6.271E-02  6.117E-02  5.964E-02  5.812E-02  5.662E-02  5.513E-02  5.366E-02  5.220E-02  5.075E-02  4.932E-02  4.790E-02  4.649E-02  4.510E-02  4.372E-02  4.236E-02  4.101E-02  3.967E-02  3.835E-02  3.704E-02  3.575E-02
  364.5000  1.503E-01  1.481E-01  1.458E-01  1.436E-01  1.413E-01  1.391E-01  1.369E-01  1.347E-01  1.325E-01  1.303E-01  1.282E-01  1.260E-01  1.239E-01  1.218E-01  1.197E-01  1.176E-01  1.155E-01  1.135E-01  1.114E-01  1.094E-01  1.074E-01  1.054E-01  1.034E-01  1.014E-01  9.943E-02  9.748E-02  9.556E-02  9.364E-02  9.174E-02  8.985E-02  8.798E-02  8.613E-02  8.429E-02  8.247E-02  8.066E-02  7.887E-02  7.709E-02  7.533E-02  7.358E-02  7.185E-02  7.014E-02  6.843E-02  6.675E-02  6.508E-02  6.343E-02  6.178E-02  6.016E-02  5.855E-02  5.696E-02  5.538E-02  5.381E-02  5.226E-02  5.073E-02  4.921E-02  4.771E-02  4.622E-02  4.474E-02  4.328E-02  4.184E-02  4.041E-02  3.900E-02
  365.5000  1.833E-01  1.806E-01  1.778E-01  1.751E-01  1.723E-01  1.696E-01  1.669E-01  1.642E-01  1.616E-01  1.589E-01  1.563E-01  1.537E-01  1.511E-01  1.485E-01  1.459E-01  1.434E-01  1.408E-01  1.383E-01  1.358E-01  1.333E-01  1.309E-01  1.284E-01  1.260E-01  1.236E-01  1.212E-01  1.188E-01  1.165E-01  1.141E-01  1.118E-01  1.095E-01  1.072E-01  1.050E-01  1.027E-01  1.005E-01  9.831E-02  9.613E-02  9.396E-02  9.181E-02  8.968E-02  8.757E-02  8.548E-02  8.340E-02  8.134E-02  7.931E-02  7.729E-02  7.529E-02  7.331E-02  7.135E-02  6.941E-02  6.748E-02  6.558E-02  6.369E-02  6.181E-02  5.996E-02  5.813E-02  5.632E-02  5.452E-02  5.274E-02  5.098E-02  4.924E-02  4.752E-02
  366.5000  1.942E-01  1.913E-01  1.884E-01  1.855E-01  1.826E-01  1.797E-01  1.769E-01  1.740E-01  1.712E-01  1.684E-01  1.656E-01  1.628E-01  1.601E-01  1.573E-01  1.546E-01  1.519E-01  1.492E-01  1.465E-01  1.439E-01  1.413E-01  1.387E-01  1.361E-01  1.335E-01  1.309E-01  1.284E-01  1.259E-01  1.234E-01  1.209E-01  1.185E-01  1.160E-01  1.136E-01  1.112E-01  1.088E-01  1.065E-01  1.041E-01  1.018E-01  9.953E-02  9.726E-02  9.500E-02  9.276E-02  9.055E-02  8.835E-02  8.617E-02  8.402E-02  8.188E-02  7.976E-02  7.766E-02  7.558E-02  7.353E-02  7.149E-02  6.947E-02  6.746E-02  6.548E-02  6.352E-02  6.158E-02  5.966E-02  5.776E-02  5.588E-02  5.401E-02  5.217E-02  5.035E-02
  367.5000  1.846E-01  1.818E-01  1.791E-01  1.763E-01  1.736E-01  1.708E-01  1.681E-01  1.654E-01  1.627E-01  1.601E-01  1.574E-01  1.548E-01  1.521E-01  1.495E-01  1.469E-01  1.444E-01  1.418E-01  1.393E-01  1.368E-01  1.343E-01  1.318E-01  1.293E-01  1.269E-01  1.245E-01  1.220E-01  1.196E-01  1.173E-01  1.149E-01  1.126E-01  1.103E-01  1.080E-01  1.057E-01  1.034E-01  1.012E-01  9.898E-02  9.678E-02  9.459E-02  9.243E-02  9.029E-02  8.816E-02  8.605E-02  8.396E-02  8.189E-02  7.985E-02  7.781E-02  7.580E-02  7.381E-02  7.183E-02  6.988E-02  6.794E-02  6.602E-02  6.412E-02  6.223E-02  6.037E-02  5.853E-02  5.670E-02  5.490E-02  5.311E-02  5.134E-02  4.959E-02  4.786E-02
  368.5000  1.624E-01  1.599E-01  1.575E-01  1.550E-01  1.526E-01  1.502E-01  1.478E-01  1.454E-01  1.431E-01  1.407E-01  1.384E-01  1.361E-01  1.338E-01  1.315E-01  1.292E-01  1.269E-01  1.247E-01  1.225E-01  1.202E-01  1.180E-01  1.159E-01  1.137E-01  1.115E-01  1.094E-01  1.073E-01  1.052E-01  1.031E-01  1.010E-01  9.898E-02  9.694E-02  9.492E-02  9.292E-02  9.093E-02  8.896E-02  8.700E-02  8.506E-02  8.314E-02  8.125E-02  7.936E-02  7.749E-02  7.563E-02  7.380E-02  7.198E-02  7.018E-02  6.839E-02  6.662E-02  6.487E-02  6.313E-02  6.142E-02  5.971E-02  5.802E-02  5.635E-02  5.470E-02  5.306E-02  5.144E-02  4.984E-02  4.825E-02  4.667E-02  4.512E-02  4.358E-02  4.206E-02
  369.5000  1.949E-01  1.920E-01  1.890E-01  1.861E-01  1.832E-01  1.803E-01  1.775E-01  1.746E-01  1.718E-01  1.690E-01  1.662E-01  1.634E-01  1.606E-01  1.578E-01  1.551E-01  1.524E-01  1.497E-01  1.470E-01  1.444E-01  1.417E-01  1.391E-01  1.365E-01  1.339E-01  1.313E-01  1.288E-01  1.263E-01  1.238E-01  1.213E-01  1.188E-01  1.164E-01  1.139E-01  1.115E-01  1.091E-01  1.068E-01  1.044E-01  1.021E-01  9.979E-02  9.751E-02  9.525E-02  9.300E-02  9.077E-02  8.857E-02  8.638E-02  8.423E-02  8.208E-02  7.996E-02  7.785E-02  7.576E-02  7.371E-02  7.166E-02  6.963E-02  6.763E-02  6.564E-02  6.368E-02  6.174E-02  5.981E-02  5.790E-02  5.602E-02  5.415E-02  5.230E-02  5.048E-02
  370.5000  1.770E-01  1.743E-01  1.717E-01  1.690E-01  1.664E-01  1.638E-01  1.612E-01  1.586E-01  1.560E-01  1.534E-01  1.509E-01  1.483E-01  1.458E-01  1.433E-01  1.408E-01  1.384E-01  1.359E-01  1.335E-01  1.311E-01  1.287E-01  1.263E-01  1.239E-01  1.216E-01  1.192E-01  1.169E-01  1.146E-01  1.124E-01  1.101E-01  1.079E-01  1.056E-01  1.034E-01  1.012E-01  9.908E-02  9.693E-02  9.480E-02  9.268E-02  9.059E-02  8.852E-02  8.646E-02  8.442E-02  8.240E-02  8.040E-02  7.841E-02  7.645E-02  7.450E-02  7.258E-02  7.066E-02  6.877E-02  6.690E-02  6.504E-02  6.321E-02  6.138E-02  5.958E-02  5.780E-02  5.604E-02  5.429E-02  5.256E-02  5.084E-02  4.915E-02  4.747E-02  4.582E-02
  371.5000  2.028E-01  1.997E-01  1.966E-01  1.936E-01  1.906E-01  1.876E-01  1.846E-01  1.816E-01  1.786E-01  1.757E-01  1.728E-01  1.699E-01  1.670E-01  1.641E-01  1.613E-01  1.585E-01  1.557E-01  1.529E-01  1.501E-01  1.473E-01  1.446E-01  1.419E-01  1.392E-01  1.365E-01  1.339E-01  1.313E-01  1.287E-01  1.261E-01  1.235E-01  1.210E-01  1.184E-01  1.159E-01  1.134E-01  1.110E-01  1.085E-01  1.061E-01  1.037E-01  1.013E-01  9.899E-02  9.665E-02  9.434E-02  9.205E-02  8.977E-02  8.753E-02  8.530E-02  8.309E-02  8.090E-02  7.873E-02  7.659E-02  7.447E-02  7.236E-02  7.028E-02  6.821E-02  6.617E-02  6.415E-02  6.215E-02  6.017E-02  5.821E-02  5.627E-02  5.435E-02  5.246E-02
  372.5000  1.499E-01  1.476E-01  1.454E-01  1.431E-01  1.409E-01  1.387E-01  1.365E-01  1.343E-01  1.321E-01  1.299E-01  1.278E-01  1.256E-01  1.235E-01  1.214E-01  1.192E-01  1.172E-01  1.151E-01  1.130E-01  1.110E-01  1.089E-01  1.069E-01  1.049E-01  1.029E-01  1.009E-01  9.898E-02  9.704E-02  9.511E-02  9.320E-02  9.130E-02  8.941E-02  8.754E-02  8.570E-02  8.386E-02  8.204E-02  8.023E-02  7.844E-02  7.666E-02  7.491E-02  7.317E-02  7.144E-02  6.973E-02  6.803E-02  6.635E-02  6.469E-02  6.304E-02  6.141E-02  5.979E-02  5.819E-02  5.661E-02  5.504E-02  5.348E-02  5.194E-02  5.041E-02  4.890E-02  4.741E-02  4.594E-02  4.447E-02  4.302E-02  4.159E-02  4.017E-02  3.877E-02
  373.5000  1.356E-01  1.336E-01  1.315E-01  1.295E-01  1.275E-01  1.255E-01  1.235E-01  1.215E-01  1.195E-01  1.175E-01  1.156E-01  1.136E-01  1.117E-01  1.098E-01  1.079E-01  1.060E-01  1.041E-01  1.022E-01  1.004E-01  9.853E-02  9.671E-02  9.489E-02  9.309E-02  9.130E-02  8.953E-02  8.776E-02  8.602E-02  8.429E-02  8.257E-02  8.086E-02  7.917E-02  7.750E-02  7.584E-02  7.419E-02  7.255E-02  7.093E-02  6.933E-02  6.774E-02  6.616E-02  6.460E-02  6.305E-02  6.152E-02  6.000E-02  5.850E-02  5.701E-02  5.553E-02  5.406E-02  5.262E-02  5.118E-02  4.976E-02  4.836E-02  4.696E-02  4.558E-02  4.422E-02  4.287E-02  4.153E-02  4.021E-02  3.890E-02  3.760E-02  3.632E-02  3.506E-02
  374.5000  1.490E-01  1.467E-01  1.445E-01  1.423E-01  1.400E-01  1.378E-01  1.356E-01  1.334E-01  1.312E-01  1.291E-01  1.269E-01  1.248E-01  1.227E-01  1.206E-01  1.185E-01  1.164E-01  1.143E-01  1.123E-01  1.102E-01  1.082E-01  1.062E-01  1.042E-01  1.022E-01  1.003E-01  9.832E-02  9.639E-02  9.447E-02  9.257E-02  9.068E-02  8.881E-02  8.695E-02  8.511E-02  8.328E-02  8.147E-02  7.967E-02  7.789E-02  7.613E-02  7.439E-02  7.265E-02  7.094E-02  6.923E-02  6.755E-02  6.588E-02  6.423E-02  6.259E-02  6.097E-02  5.936E-02  5.777E-02  5.620E-02  5.464E-02  5.309E-02  5.156E-02  5.005E-02  4.855E-02  4.707E-02  4.560E-02  4.415E-02  4.271E-02  4.128E-02  3.988E-02  3.849E-02
  375.5000  1.683E-01  1.657E-01  1.632E-01  1.607E-01  1.581E-01  1.556E-01  1.532E-01  1.507E-01  1.482E-01  1.458E-01  1.434E-01  1.410E-01  1.386E-01  1.362E-01  1.338E-01  1.315E-01  1.291E-01  1.268E-01  1.245E-01  1.222E-01  1.199E-01  1.177E-01  1.155E-01  1.132E-01  1.110E-01  1.088E-01  1.067E-01  1.045E-01  1.024E-01  1.003E-01  9.817E-02  9.610E-02  9.403E-02  9.199E-02  8.996E-02  8.795E-02  8.595E-02  8.398E-02  8.203E-02  8.009E-02  7.817E-02  7.626E-02  7.438E-02  7.251E-02  7.066E-02  6.883E-02  6.702E-02  6.522E-02  6.344E-02  6.168E-02  5.994E-02  5.821E-02  5.650E-02  5.481E-02  5.314E-02  5.148E-02  4.984E-02  4.821E-02  4.661E-02  4.502E-02  4.345E-02
  376.5000  1.682E-01  1.656E-01  1.631E-01  1.606E-01  1.581E-01  1.556E-01  1.531E-01  1.506E-01  1.482E-01  1.457E-01  1.433E-01  1.409E-01  1.385E-01  1.361E-01  1.337E-01  1.314E-01  1.291E-01  1.267E-01  1.244E-01  1.221E-01  1.199E-01  1.176E-01  1.154E-01  1.132E-01  1.110E-01  1.088E-01  1.066E-01  1.045E-01  1.023E-01  1.002E-01  9.811E-02  9.603E-02  9.397E-02  9.192E-02  8.989E-02  8.788E-02  8.589E-02  8.392E-02  8.196E-02  8.002E-02  7.810E-02  7.620E-02  7.431E-02  7.245E-02  7.060E-02  6.877E-02  6.696E-02  6.516E-02  6.339E-02  6.163E-02  5.988E-02  5.816E-02  5.645E-02  5.476E-02  5.309E-02  5.143E-02  4.979E-02  4.817E-02  4.657E-02  4.498E-02  4.342E-02
  377.5000  2.005E-01  1.975E-01  1.944E-01  1.914E-01  1.884E-01  1.854E-01  1.825E-01  1.795E-01  1.766E-01  1.737E-01  1.708E-01  1.679E-01  1.651E-01  1.622E-01  1.594E-01  1.566E-01  1.538E-01  1.510E-01  1.483E-01  1.456E-01  1.429E-01  1.402E-01  1.375E-01  1.349E-01  1.322E-01  1.296E-01  1.270E-01  1.245E-01  1.219E-01  1.194E-01  1.169E-01  1.144E-01  1.120E-01  1.095E-01  1.071E-01  1.047E-01  1.023E-01  9.999E-02  9.766E-02  9.535E-02  9.306E-02  9.079E-02  8.854E-02  8.632E-02  8.412E-02  8.194E-02  7.978E-02  7.764E-02  7.552E-02  7.342E-02  7.135E-02  6.929E-02  6.725E-02  6.524E-02  6.325E-02  6.128E-02  5.932E-02  5.739E-02  5.548E-02  5.359E-02  5.173E-02
  378.5000  2.187E-01  2.154E-01  2.121E-01  2.088E-01  2.056E-01  2.023E-01  1.991E-01  1.959E-01  1.927E-01  1.895E-01  1.863E-01  1.832E-01  1.801E-01  1.770E-01  1.739E-01  1.708E-01  1.678E-01  1.648E-01  1.618E-01  1.588E-01  1.558E-01  1.529E-01  1.500E-01  1.471E-01  1.442E-01  1.414E-01  1.386E-01  1.358E-01  1.330E-01  1.302E-01  1.275E-01  1.248E-01  1.221E-01  1.195E-01  1.168E-01  1.142E-01  1.116E-01  1.090E-01  1.065E-01  1.040E-01  1.015E-01  9.900E-02  9.655E-02  9.413E-02  9.173E-02  8.935E-02  8.699E-02  8.465E-02  8.235E-02  8.006E-02  7.779E-02  7.555E-02  7.333E-02  7.113E-02  6.897E-02  6.681E-02  6.468E-02  6.258E-02  6.049E-02  5.843E-02  5.640E-02
  379.5000  1.620E-01  1.595E-01  1.571E-01  1.546E-01  1.522E-01  1.498E-01  1.474E-01  1.450E-01  1.427E-01  1.403E-01  1.380E-01  1.356E-01  1.333E-01  1.310E-01  1.287E-01  1.265E-01  1.242E-01  1.220E-01  1.198E-01  1.176E-01  1.154E-01  1.132E-01  1.111E-01  1.089E-01  1.068E-01  1.047E-01  1.026E-01  1.005E-01  9.846E-02  9.642E-02  9.439E-02  9.239E-02  9.040E-02  8.843E-02  8.647E-02  8.454E-02  8.262E-02  8.072E-02  7.883E-02  7.697E-02  7.512E-02  7.328E-02  7.147E-02  6.968E-02  6.789E-02  6.613E-02  6.439E-02  6.266E-02  6.095E-02  5.926E-02  5.758E-02  5.592E-02  5.427E-02  5.265E-02  5.104E-02  4.945E-02  4.787E-02  4.631E-02  4.477E-02  4.325E-02  4.174E-02
  380.5000  1.950E-01  1.920E-01  1.891E-01  1.862E-01  1.832E-01  1.803E-01  1.775E-01  1.746E-01  1.717E-01  1.689E-01  1.661E-01  1.633E-01  1.605E-01  1.577E-01  1.550E-01  1.523E-01  1.495E-01  1.468E-01  1.442E-01  1.415E-01  1.389E-01  1.363E-01  1.337E-01  1.311E-01  1.285E-01  1.260E-01  1.235E-01  1.210E-01  1.185E-01  1.160E-01  1.136E-01  1.112E-01  1.088E-01  1.064E-01  1.041E-01  1.017E-01  9.942E-02  9.714E-02  9.487E-02  9.262E-02  9.039E-02  8.818E-02  8.600E-02  8.384E-02  8.170E-02  7.957E-02  7.747E-02  7.539E-02  7.334E-02  7.130E-02  6.928E-02  6.728E-02  6.530E-02  6.335E-02  6.142E-02  5.950E-02  5.760E-02  5.573E-02  5.387E-02  5.203E-02  5.022E-02
  381.5000  1.834E-01  1.806E-01  1.779E-01  1.751E-01  1.724E-01  1.696E-01  1.669E-01  1.642E-01  1.615E-01  1.589E-01  1.562E-01  1.536E-01  1.510E-01  1.483E-01  1.458E-01  1.432E-01  1.406E-01  1.381E-01  1.356E-01  1.331E-01  1.306E-01  1.282E-01  1.257E-01  1.233E-01  1.209E-01  1.185E-01  1.161E-01  1.138E-01  1.114E-01  1.091E-01  1.068E-01  1.046E-01  1.023E-01  1.001E-01  9.785E-02  9.566E-02  9.348E-02  9.133E-02  8.920E-02  8.708E-02  8.499E-02  8.291E-02  8.085E-02  7.883E-02  7.681E-02  7.481E-02  7.284E-02  7.088E-02  6.895E-02  6.703E-02  6.513E-02  6.325E-02  6.139E-02  5.955E-02  5.774E-02  5.594E-02  5.415E-02  5.239E-02  5.064E-02  4.892E-02  4.722E-02
  382.5000  1.223E-01  1.205E-01  1.186E-01  1.168E-01  1.150E-01  1.131E-01  1.113E-01  1.095E-01  1.077E-01  1.060E-01  1.042E-01  1.024E-01  1.007E-01  9.894E-02  9.721E-02  9.550E-02  9.380E-02  9.211E-02  9.043E-02  8.876E-02  8.711E-02  8.546E-02  8.383E-02  8.221E-02  8.060E-02  7.901E-02  7.743E-02  7.586E-02  7.430E-02  7.276E-02  7.123E-02  6.972E-02  6.821E-02  6.672E-02  6.524E-02  6.378E-02  6.233E-02  6.089E-02  5.947E-02  5.806E-02  5.666E-02  5.528E-02  5.390E-02  5.255E-02  5.121E-02  4.988E-02  4.856E-02  4.725E-02  4.596E-02  4.469E-02  4.342E-02  4.217E-02  4.093E-02  3.970E-02  3.849E-02  3.729E-02  3.610E-02  3.492E-02  3.376E-02  3.261E-02  3.148E-02
  383.5000  1.075E-01  1.059E-01  1.043E-01  1.027E-01  1.010E-01  9.944E-02  9.785E-02  9.627E-02  9.469E-02  9.313E-02  9.157E-02  9.002E-02  8.849E-02  8.696E-02  8.544E-02  8.393E-02  8.244E-02  8.095E-02  7.947E-02  7.800E-02  7.655E-02  7.510E-02  7.367E-02  7.224E-02  7.083E-02  6.943E-02  6.804E-02  6.666E-02  6.529E-02  6.394E-02  6.259E-02  6.126E-02  5.994E-02  5.863E-02  5.733E-02  5.604E-02  5.476E-02  5.350E-02  5.225E-02  5.101E-02  4.978E-02  4.856E-02  4.736E-02  4.617E-02  4.499E-02  4.382E-02  4.266E-02  4.151E-02  4.038E-02  3.926E-02  3.814E-02  3.704E-02  3.595E-02  3.488E-02  3.381E-02  3.276E-02  3.171E-02  3.068E-02  2.966E-02  2.865E-02  2.765E-02
  384.5000  1.615E-01  1.591E-01  1.566E-01  1.542E-01  1.518E-01  1.494E-01  1.470E-01  1.446E-01  1.422E-01  1.399E-01  1.376E-01  1.352E-01  1.329E-01  1.306E-01  1.283E-01  1.261E-01  1.238E-01  1.216E-01  1.194E-01  1.172E-01  1.150E-01  1.128E-01  1.106E-01  1.085E-01  1.064E-01  1.043E-01  1.022E-01  1.001E-01  9.806E-02  9.602E-02  9.400E-02  9.200E-02  9.001E-02  8.804E-02  8.609E-02  8.415E-02  8.223E-02  8.034E-02  7.846E-02  7.659E-02  7.475E-02  7.292E-02  7.111E-02  6.932E-02  6.755E-02  6.579E-02  6.405E-02  6.233E-02  6.063E-02  5.894E-02  5.727E-02  5.561E-02  5.398E-02  5.236E-02  5.076E-02  4.918E-02  4.761E-02  4.606E-02  4.453E-02  4.301E-02  4.151E-02
  385.5000  1.600E-01  1.575E-01  1.551E-01  1.527E-01  1.503E-01  1.479E-01  1.456E-01  1.432E-01  1.409E-01  1.385E-01  1.362E-01  1.339E-01  1.316E-01  1.293E-01  1.271E-01  1.248E-01  1.226E-01  1.204E-01  1.182E-01  1.160E-01  1.138E-01  1.117E-01  1.096E-01  1.074E-01  1.053E-01  1.032E-01  1.012E-01  9.912E-02  9.709E-02  9.507E-02  9.306E-02  9.108E-02  8.911E-02  8.716E-02  8.523E-02  8.331E-02  8.141E-02  7.953E-02  7.767E-02  7.582E-02  7.400E-02  7.218E-02  7.039E-02  6.862E-02  6.686E-02  6.512E-02  6.340E-02  6.169E-02  6.001E-02  5.834E-02  5.669E-02  5.505E-02  5.343E-02  5.183E-02  5.025E-02  4.868E-02  4.712E-02  4.559E-02  4.407E-02  4.257E-02  4.109E-02
  386.5000  1.632E-01  1.607E-01  1.583E-01  1.558E-01  1.534E-01  1.509E-01  1.485E-01  1.461E-01  1.437E-01  1.413E-01  1.390E-01  1.366E-01  1.343E-01  1.320E-01  1.297E-01  1.274E-01  1.251E-01  1.228E-01  1.206E-01  1.184E-01  1.161E-01  1.139E-01  1.118E-01  1.096E-01  1.075E-01  1.053E-01  1.032E-01  1.011E-01  9.903E-02  9.697E-02  9.493E-02  9.290E-02  9.089E-02  8.890E-02  8.693E-02  8.497E-02  8.303E-02  8.112E-02  7.922E-02  7.733E-02  7.547E-02  7.362E-02  7.179E-02  6.998E-02  6.819E-02  6.641E-02  6.466E-02  6.291E-02  6.120E-02  5.949E-02  5.781E-02  5.614E-02  5.448E-02  5.285E-02  5.124E-02  4.964E-02  4.806E-02  4.649E-02  4.494E-02  4.341E-02  4.190E-02
  387.5000  1.519E-01  1.495E-01  1.472E-01  1.450E-01  1.427E-01  1.404E-01  1.382E-01  1.359E-01  1.337E-01  1.315E-01  1.293E-01  1.271E-01  1.249E-01  1.227E-01  1.206E-01  1.185E-01  1.164E-01  1.142E-01  1.122E-01  1.101E-01  1.080E-01  1.060E-01  1.040E-01  1.019E-01  9.994E-02  9.795E-02  9.599E-02  9.404E-02  9.210E-02  9.018E-02  8.828E-02  8.640E-02  8.453E-02  8.268E-02  8.084E-02  7.902E-02  7.721E-02  7.543E-02  7.366E-02  7.191E-02  7.017E-02  6.845E-02  6.675E-02  6.507E-02  6.340E-02  6.175E-02  6.012E-02  5.850E-02  5.690E-02  5.531E-02  5.374E-02  5.219E-02  5.066E-02  4.914E-02  4.764E-02  4.615E-02  4.468E-02  4.322E-02  4.178E-02  4.036E-02  3.896E-02
  388.5000  1.524E-01  1.500E-01  1.477E-01  1.454E-01  1.431E-01  1.409E-01  1.386E-01  1.364E-01  1.341E-01  1.319E-01  1.297E-01  1.275E-01  1.253E-01  1.231E-01  1.210E-01  1.189E-01  1.167E-01  1.146E-01  1.125E-01  1.104E-01  1.084E-01  1.063E-01  1.043E-01  1.023E-01  1.002E-01  9.826E-02  9.629E-02  9.433E-02  9.238E-02  9.046E-02  8.855E-02  8.666E-02  8.478E-02  8.292E-02  8.108E-02  7.925E-02  7.744E-02  7.565E-02  7.388E-02  7.212E-02  7.037E-02  6.865E-02  6.694E-02  6.525E-02  6.358E-02  6.192E-02  6.028E-02  5.866E-02  5.706E-02  5.547E-02  5.389E-02  5.233E-02  5.079E-02  4.927E-02  4.777E-02  4.627E-02  4.480E-02  4.334E-02  4.190E-02  4.047E-02  3.906E-02
  389.5000  1.923E-01  1.894E-01  1.865E-01  1.836E-01  1.807E-01  1.778E-01  1.750E-01  1.721E-01  1.693E-01  1.665E-01  1.637E-01  1.609E-01  1.582E-01  1.554E-01  1.527E-01  1.500E-01  1.473E-01  1.447E-01  1.420E-01  1.394E-01  1.368E-01  1.342E-01  1.316E-01  1.291E-01  1.265E-01  1.240E-01  1.215E-01  1.190E-01  1.166E-01  1.142E-01  1.117E-01  1.094E-01  1.070E-01  1.046E-01  1.023E-01  1.000E-01  9.772E-02  9.546E-02  9.322E-02  9.099E-02  8.880E-02  8.662E-02  8.446E-02  8.233E-02  8.022E-02  7.813E-02  7.606E-02  7.401E-02  7.198E-02  6.998E-02  6.799E-02  6.603E-02  6.408E-02  6.216E-02  6.026E-02  5.838E-02  5.652E-02  5.467E-02  5.285E-02  5.105E-02  4.928E-02
  390.5000  1.891E-01  1.862E-01  1.833E-01  1.805E-01  1.777E-01  1.748E-01  1.720E-01  1.692E-01  1.665E-01  1.637E-01  1.610E-01  1.582E-01  1.555E-01  1.528E-01  1.501E-01  1.475E-01  1.448E-01  1.422E-01  1.396E-01  1.370E-01  1.345E-01  1.319E-01  1.294E-01  1.269E-01  1.244E-01  1.219E-01  1.195E-01  1.170E-01  1.146E-01  1.122E-01  1.098E-01  1.075E-01  1.052E-01  1.028E-01  1.006E-01  9.829E-02  9.604E-02  9.382E-02  9.162E-02  8.943E-02  8.727E-02  8.513E-02  8.301E-02  8.091E-02  7.883E-02  7.678E-02  7.474E-02  7.273E-02  7.074E-02  6.877E-02  6.681E-02  6.488E-02  6.297E-02  6.108E-02  5.922E-02  5.737E-02  5.554E-02  5.373E-02  5.194E-02  5.017E-02  4.842E-02
  391.5000  2.246E-01  2.211E-01  2.177E-01  2.144E-01  2.110E-01  2.076E-01  2.043E-01  2.010E-01  1.977E-01  1.944E-01  1.911E-01  1.879E-01  1.847E-01  1.815E-01  1.783E-01  1.751E-01  1.720E-01  1.689E-01  1.658E-01  1.627E-01  1.597E-01  1.566E-01  1.536E-01  1.506E-01  1.477E-01  1.447E-01  1.418E-01  1.389E-01  1.361E-01  1.332E-01  1.304E-01  1.276E-01  1.249E-01  1.221E-01  1.194E-01  1.167E-01  1.140E-01  1.114E-01  1.088E-01  1.062E-01  1.036E-01  1.011E-01  9.853E-02  9.605E-02  9.358E-02  9.114E-02  8.872E-02  8.633E-02  8.397E-02  8.162E-02  7.930E-02  7.701E-02  7.474E-02  7.250E-02  7.028E-02  6.809E-02  6.592E-02  6.377E-02  6.164E-02  5.954E-02  5.748E-02
  392.5000  1.686E-01  1.660E-01  1.635E-01  1.609E-01  1.584E-01  1.559E-01  1.534E-01  1.509E-01  1.484E-01  1.459E-01  1.435E-01  1.410E-01  1.386E-01  1.362E-01  1.338E-01  1.315E-01  1.291E-01  1.268E-01  1.244E-01  1.221E-01  1.198E-01  1.176E-01  1.153E-01  1.131E-01  1.108E-01  1.086E-01  1.064E-01  1.043E-01  1.021E-01  9.998E-02  9.787E-02  9.577E-02  9.369E-02  9.163E-02  8.959E-02  8.756E-02  8.556E-02  8.358E-02  8.161E-02  7.966E-02  7.773E-02  7.582E-02  7.393E-02  7.207E-02  7.021E-02  6.838E-02  6.656E-02  6.477E-02  6.300E-02  6.124E-02  5.950E-02  5.778E-02  5.607E-02  5.439E-02  5.273E-02  5.108E-02  4.945E-02  4.784E-02  4.625E-02  4.467E-02  4.312E-02
  393.5000  7.337E-02  7.225E-02  7.114E-02  7.003E-02  6.893E-02  6.783E-02  6.674E-02  6.566E-02  6.458E-02  6.351E-02  6.244E-02  6.138E-02  6.033E-02  5.928E-02  5.824E-02  5.721E-02  5.618E-02  5.516E-02  5.415E-02  5.314E-02  5.215E-02  5.116E-02  5.017E-02  4.920E-02  4.823E-02  4.727E-02  4.632E-02  4.537E-02  4.443E-02  4.350E-02  4.258E-02  4.167E-02  4.076E-02  3.987E-02  3.898E-02  3.809E-02  3.722E-02  3.636E-02  3.550E-02  3.465E-02  3.382E-02  3.298E-02  3.216E-02  3.135E-02  3.054E-02  2.974E-02  2.895E-02  2.817E-02  2.740E-02  2.664E-02  2.588E-02  2.513E-02  2.439E-02  2.366E-02  2.293E-02  2.222E-02  2.151E-02  2.081E-02  2.011E-02  1.943E-02  1.875E-02
  394.5000  1.728E-01  1.702E-01  1.676E-01  1.650E-01  1.624E-01  1.598E-01  1.572E-01  1.547E-01  1.521E-01  1.496E-01  1.471E-01  1.446E-01  1.421E-01  1.396E-01  1.372E-01  1.347E-01  1.323E-01  1.299E-01  1.275E-01  1.252E-01  1.228E-01  1.205E-01  1.182E-01  1.159E-01  1.136E-01  1.113E-01  1.091E-01  1.068E-01  1.046E-01  1.024E-01  1.003E-01  9.812E-02  9.599E-02  9.387E-02  9.178E-02  8.970E-02  8.764E-02  8.561E-02  8.359E-02  8.160E-02  7.962E-02  7.766E-02  7.572E-02  7.381E-02  7.191E-02  7.003E-02  6.816E-02  6.632E-02  6.451E-02  6.271E-02  6.092E-02  5.916E-02  5.741E-02  5.569E-02  5.399E-02  5.230E-02  5.063E-02  4.898E-02  4.735E-02  4.574E-02  4.415E-02
  395.5000  2.226E-01  2.192E-01  2.158E-01  2.125E-01  2.091E-01  2.058E-01  2.025E-01  1.992E-01  1.959E-01  1.927E-01  1.894E-01  1.862E-01  1.830E-01  1.798E-01  1.767E-01  1.735E-01  1.704E-01  1.673E-01  1.642E-01  1.612E-01  1.582E-01  1.551E-01  1.522E-01  1.492E-01  1.463E-01  1.433E-01  1.404E-01  1.376E-01  1.347E-01  1.319E-01  1.291E-01  1.263E-01  1.236E-01  1.209E-01  1.182E-01  1.155E-01  1.128E-01  1.102E-01  1.076E-01  1.050E-01  1.025E-01  9.997E-02  9.748E-02  9.501E-02  9.256E-02  9.014E-02  8.775E-02  8.537E-02  8.304E-02  8.072E-02  7.842E-02  7.615E-02  7.390E-02  7.168E-02  6.949E-02  6.732E-02  6.517E-02  6.304E-02  6.094E-02  5.887E-02  5.682E-02
  396.5000  1.308E-01  1.288E-01  1.268E-01  1.249E-01  1.229E-01  1.210E-01  1.190E-01  1.171E-01  1.151E-01  1.132E-01  1.113E-01  1.094E-01  1.076E-01  1.057E-01  1.038E-01  1.020E-01  1.002E-01  9.833E-02  9.652E-02  9.473E-02  9.295E-02  9.118E-02  8.942E-02  8.768E-02  8.595E-02  8.423E-02  8.254E-02  8.085E-02  7.917E-02  7.751E-02  7.587E-02  7.424E-02  7.262E-02  7.102E-02  6.943E-02  6.786E-02  6.630E-02  6.476E-02  6.323E-02  6.172E-02  6.022E-02  5.874E-02  5.727E-02  5.582E-02  5.438E-02  5.296E-02  5.155E-02  5.015E-02  4.878E-02  4.742E-02  4.607E-02  4.473E-02  4.341E-02  4.211E-02  4.082E-02  3.954E-02  3.828E-02  3.703E-02  3.580E-02  3.458E-02  3.338E-02
  397.5000  1.511E-01  1.488E-01  1.465E-01  1.442E-01  1.420E-01  1.397E-01  1.375E-01  1.352E-01  1.330E-01  1.308E-01  1.286E-01  1.264E-01  1.242E-01  1.221E-01  1.199E-01  1.178E-01  1.157E-01  1.136E-01  1.115E-01  1.094E-01  1.073E-01  1.053E-01  1.033E-01  1.013E-01  9.926E-02  9.728E-02  9.532E-02  9.336E-02  9.143E-02  8.951E-02  8.761E-02  8.573E-02  8.386E-02  8.201E-02  8.017E-02  7.835E-02  7.655E-02  7.478E-02  7.301E-02  7.126E-02  6.953E-02  6.782E-02  6.612E-02  6.445E-02  6.278E-02  6.114E-02  5.951E-02  5.790E-02  5.632E-02  5.474E-02  5.318E-02  5.164E-02  5.012E-02  4.861E-02  4.712E-02  4.565E-02  4.419E-02  4.275E-02  4.133E-02  3.992E-02  3.853E-02
  398.5000  2.599E-01  2.560E-01  2.520E-01  2.481E-01  2.442E-01  2.403E-01  2.364E-01  2.326E-01  2.287E-01  2.250E-01  2.212E-01  2.174E-01  2.137E-01  2.099E-01  2.063E-01  2.026E-01  1.989E-01  1.953E-01  1.917E-01  1.882E-01  1.846E-01  1.811E-01  1.776E-01  1.741E-01  1.707E-01  1.673E-01  1.639E-01  1.606E-01  1.572E-01  1.539E-01  1.506E-01  1.474E-01  1.442E-01  1.410E-01  1.379E-01  1.347E-01  1.316E-01  1.286E-01  1.255E-01  1.225E-01  1.195E-01  1.166E-01  1.137E-01  1.108E-01  1.079E-01  1.051E-01  1.023E-01  9.954E-02  9.681E-02  9.410E-02  9.142E-02  8.877E-02  8.615E-02  8.356E-02  8.101E-02  7.847E-02  7.597E-02  7.349E-02  7.104E-02  6.862E-02  6.624E-02
  399.5000  2.706E-01  2.665E-01  2.624E-01  2.583E-01  2.542E-01  2.502E-01  2.461E-01  2.421E-01  2.382E-01  2.342E-01  2.303E-01  2.263E-01  2.224E-01  2.186E-01  2.147E-01  2.109E-01  2.071E-01  2.033E-01  1.996E-01  1.959E-01  1.922E-01  1.885E-01  1.849E-01  1.813E-01  1.777E-01  1.741E-01  1.706E-01  1.671E-01  1.637E-01  1.602E-01  1.568E-01  1.534E-01  1.501E-01  1.468E-01  1.435E-01  1.402E-01  1.370E-01  1.338E-01  1.306E-01  1.275E-01  1.244E-01  1.213E-01  1.183E-01  1.153E-01  1.123E-01  1.094E-01  1.065E-01  1.036E-01  1.007E-01  9.792E-02  9.513E-02  9.237E-02  8.964E-02  8.695E-02  8.429E-02  8.165E-02  7.904E-02  7.647E-02  7.392E-02  7.140E-02  6.892E-02
------------------------------------------------------------
Dose rates,W m-2
   1 = UV index (WMO, 1994; Webb et al., 2011)           
   2 = Previtamin-D3 (CIE 2006)                          
values at z =      0.025 km
Columns: time,sza,weighting spectra
time,hrs.  sza,deg.          1          2
   18.0000     72.176  6.722E-01  1.955E-02
   18.0167     72.384  6.570E-01  1.895E-02
   18.0333     72.592  6.420E-01  1.837E-02
   18.0500     72.800  6.273E-01  1.780E-02
   18.0667     73.008  6.128E-01  1.725E-02
   18.0833     73.216  5.985E-01  1.670E-02
   18.1000     73.424  5.844E-01  1.617E-02
   18.1167     73.632  5.705E-01  1.565E-02
   18.1333     73.840  5.569E-01  1.514E-02
   18.1500     74.047  5.435E-01  1.465E-02
   18.1667     74.255  5.304E-01  1.417E-02
   18.1833     74.463  5.174E-01  1.369E-02
   18.2000     74.670  5.046E-01  1.323E-02
   18.2167     74.878  4.921E-01  1.279E-02
   18.2333     75.086  4.798E-01  1.235E-02
   18.2500     75.292  4.677E-01  1.192E-02
   18.2667     75.500  4.558E-01  1.151E-02
   18.2833     75.707  4.441E-01  1.111E-02
   18.3000     75.914  4.326E-01  1.071E-02
   18.3167     76.121  4.213E-01  1.033E-02
   18.3333     76.328  4.102E-01  9.960E-03
   18.3500     76.535  3.993E-01  9.598E-03
   18.3667     76.742  3.886E-01  9.246E-03
   18.3833     76.949  3.781E-01  8.904E-03
   18.4000     77.155  3.678E-01  8.572E-03
   18.4167     77.362  3.577E-01  8.249E-03
   18.4333     77.568  3.477E-01  7.937E-03
   18.4500     77.775  3.380E-01  7.633E-03
   18.4667     77.981  3.284E-01  7.339E-03
   18.4833     78.187  3.190E-01  7.053E-03
   18.5000     78.394  3.098E-01  6.776E-03
   18.5167     78.599  3.008E-01  6.508E-03
   18.5333     78.805  2.920E-01  6.248E-03
   18.5500     79.011  2.833E-01  5.997E-03
   18.5667     79.217  2.748E-01  5.753E-03
   18.5833     79.423  2.665E-01  5.517E-03
   18.6000     79.629  2.583E-01  5.290E-03
   18.6167     79.834  2.503E-01  5.070E-03
   18.6333     80.039  2.425E-01  4.857E-03
   18.6500     80.245  2.348E-01  4.652E-03
   18.6667     80.450  2.273E-01  4.453E-03
   18.6833     80.655  2.199E-01  4.262E-03
   18.7000     80.860  2.127E-01  4.077E-03
   18.7167     81.065  2.057E-01  3.899E-03
   18.7333     81.270  1.988E-01  3.728E-03
   18.7500     81.475  1.921E-01  3.562E-03
   18.7667     81.679  1.854E-01  3.403E-03
   18.7833     81.884  1.790E-01  3.250E-03
   18.8000     82.088  1.727E-01  3.103E-03
   18.8167     82.292  1.665E-01  2.961E-03
   18.8333     82.497  1.605E-01  2.824E-03
   18.8500     82.701  1.546E-01  2.693E-03
   18.8667     82.905  1.488E-01  2.567E-03
   18.8833     83.109  1.432E-01  2.446E-03
   18.9000     83.312  1.377E-01  2.330E-03
   18.9167     83.516  1.323E-01  2.219E-03
   18.9333     83.719  1.271E-01  2.112E-03
   18.9500     83.923  1.220E-01  2.009E-03
   18.9667     84.126  1.170E-01  1.911E-03
   18.9833     84.330  1.121E-01  1.816E-03
   19.0000     84.532  1.074E-01  1.726E-03
------------------------------------------------------------
