Spectral Irradiance,W m-2 nm-1
values at z =      0.025 km
Columns: wavelength (nm),times (hrs.) or sza (deg.)
    wc,nm     18.000     18.017     18.033     18.050     18.067     18.083     18.100     18.117     18.133     18.150     18.167     18.183     18.200     18.217     18.233     18.250     18.267     18.283     18.300     18.317     18.333     18.350     18.367     18.383     18.400     18.417     18.433     18.450     18.467     18.483     18.500     18.517     18.533     18.550     18.567     18.583     18.600     18.617     18.633     18.650     18.667     18.683     18.700     18.717     18.733     18.750     18.767     18.783     18.800     18.817     18.833     18.850     18.867     18.883     18.900     18.917     18.933     18.950     18.967     18.983     19.000
    sza =      70.270     70.477     70.684     70.890     71.096     71.303     71.509     71.715     71.921     72.127     72.333     72.539     72.745     72.950     73.156     73.361     73.566     73.772     73.977     74.182     74.387     74.592     74.797     75.001     75.206     75.411     75.614     75.819     76.023     76.227     76.431     76.635     76.839     77.042     77.246     77.450     77.653     77.856     78.059     78.262     78.465     78.668     78.870     79.072     79.275     79.477     79.679     79.882     80.083     80.285     80.487     80.688     80.890     81.091     81.292     81.493     81.694     81.895     82.095     82.296     82.496
  280.5000  1.760E-24  1.731E-24  1.702E-24  1.674E-24  1.647E-24  1.621E-24  1.595E-24  1.570E-24  1.545E-24  1.521E-24  1.498E-24  1.475E-24  1.452E-24  1.430E-24  1.408E-24  1.387E-24  1.366E-24  1.346E-24  1.326E-24  1.306E-24  1.287E-24  1.268E-24  1.249E-24  1.231E-24  1.213E-24  1.195E-24  1.178E-24  1.161E-24  1.144E-24  1.127E-24  1.111E-24  1.094E-24  1.078E-24  1.063E-24  1.047E-24  1.032E-24  1.016E-24  1.001E-24  9.866E-25  9.719E-25  9.574E-25  9.430E-25  9.288E-25  9.148E-25  9.009E-25  8.871E-25  8.735E-25  8.600E-25  8.466E-25  8.333E-25  8.201E-25  8.070E-25  7.940E-25  7.811E-25  7.683E-25  7.555E-25  7.429E-25  7.303E-25  7.177E-25  7.053E-25  6.929E-25
  281.5000  2.857E-22  2.809E-22  2.761E-22  2.715E-22  2.670E-22  2.626E-22  2.583E-22  2.541E-22  2.501E-22  2.461E-22  2.422E-22  2.384E-22  2.346E-22  2.310E-22  2.274E-22  2.239E-22  2.205E-22  2.171E-22  2.138E-22  2.106E-22  2.074E-22  2.043E-22  2.012E-22  1.982E-22  1.953E-22  1.924E-22  1.895E-22  1.867E-22  1.839E-22  1.812E-22  1.785E-22  1.758E-22  1.732E-22  1.707E-22  1.681E-22  1.656E-22  1.631E-22  1.607E-22  1.583E-22  1.559E-22  1.535E-22  1.512E-22  1.489E-22  1.466E-22  1.444E-22  1.421E-22  1.399E-22  1.377E-22  1.356E-22  1.334E-22  1.313E-22  1.292E-22  1.271E-22  1.250E-22  1.229E-22  1.208E-22  1.188E-22  1.168E-22  1.148E-22  1.127E-22  1.107E-22
  282.5000  1.556E-20  1.529E-20  1.502E-20  1.476E-20  1.451E-20  1.427E-20  1.403E-20  1.380E-20  1.357E-20  1.335E-20  1.313E-20  1.292E-20  1.271E-20  1.251E-20  1.231E-20  1.212E-20  1.193E-20  1.175E-20  1.156E-20  1.139E-20  1.121E-20  1.104E-20  1.087E-20  1.070E-20  1.054E-20  1.038E-20  1.022E-20  1.007E-20  9.918E-21  9.768E-21  9.621E-21  9.476E-21  9.333E-21  9.192E-21  9.053E-21  8.916E-21  8.780E-21  8.647E-21  8.515E-21  8.385E-21  8.257E-21  8.130E-21  8.004E-21  7.880E-21  7.758E-21  7.636E-21  7.516E-21  7.397E-21  7.279E-21  7.162E-21  7.046E-21  6.931E-21  6.817E-21  6.704E-21  6.592E-21  6.481E-21  6.370E-21  6.260E-21  6.151E-21  6.043E-21  5.935E-21
  283.5000  1.888E-19  1.854E-19  1.821E-19  1.789E-19  1.758E-19  1.728E-19  1.699E-19  1.670E-19  1.642E-19  1.615E-19  1.588E-19  1.562E-19  1.537E-19  1.512E-19  1.488E-19  1.464E-19  1.441E-19  1.418E-19  1.396E-19  1.374E-19  1.352E-19  1.331E-19  1.311E-19  1.290E-19  1.271E-19  1.251E-19  1.232E-19  1.213E-19  1.194E-19  1.176E-19  1.158E-19  1.141E-19  1.123E-19  1.106E-19  1.089E-19  1.072E-19  1.056E-19  1.040E-19  1.024E-19  1.008E-19  9.923E-20  9.769E-20  9.616E-20  9.466E-20  9.317E-20  9.170E-20  9.024E-20  8.880E-20  8.738E-20  8.596E-20  8.456E-20  8.317E-20  8.179E-20  8.042E-20  7.907E-20  7.773E-20  7.639E-20  7.507E-20  7.375E-20  7.244E-20  7.114E-20
  284.5000  1.100E-17  1.080E-17  1.060E-17  1.041E-17  1.022E-17  1.004E-17  9.862E-18  9.689E-18  9.520E-18  9.357E-18  9.197E-18  9.041E-18  8.889E-18  8.740E-18  8.594E-18  8.453E-18  8.314E-18  8.178E-18  8.045E-18  7.915E-18  7.788E-18  7.663E-18  7.540E-18  7.420E-18  7.302E-18  7.187E-18  7.074E-18  6.962E-18  6.853E-18  6.745E-18  6.639E-18  6.535E-18  6.433E-18  6.332E-18  6.233E-18  6.135E-18  6.039E-18  5.944E-18  5.850E-18  5.758E-18  5.667E-18  5.577E-18  5.488E-18  5.400E-18  5.314E-18  5.228E-18  5.143E-18  5.059E-18  4.977E-18  4.895E-18  4.813E-18  4.733E-18  4.653E-18  4.574E-18  4.496E-18  4.419E-18  4.342E-18  4.265E-18  4.189E-18  4.114E-18  4.039E-18
  285.5000  1.405E-16  1.378E-16  1.351E-16  1.326E-16  1.301E-16  1.277E-16  1.254E-16  1.231E-16  1.209E-16  1.188E-16  1.167E-16  1.147E-16  1.127E-16  1.107E-16  1.088E-16  1.070E-16  1.052E-16  1.034E-16  1.017E-16  9.998E-17  9.833E-17  9.671E-17  9.513E-17  9.357E-17  9.204E-17  9.055E-17  8.909E-17  8.765E-17  8.623E-17  8.484E-17  8.348E-17  8.215E-17  8.083E-17  7.953E-17  7.826E-17  7.700E-17  7.577E-17  7.455E-17  7.335E-17  7.217E-17  7.101E-17  6.986E-17  6.872E-17  6.761E-17  6.650E-17  6.541E-17  6.433E-17  6.326E-17  6.221E-17  6.117E-17  6.014E-17  5.912E-17  5.811E-17  5.710E-17  5.612E-17  5.513E-17  5.416E-17  5.319E-17  5.223E-17  5.128E-17  5.034E-17
  286.5000  4.509E-15  4.420E-15  4.333E-15  4.250E-15  4.168E-15  4.089E-15  4.012E-15  3.938E-15  3.865E-15  3.795E-15  3.726E-15  3.659E-15  3.594E-15  3.530E-15  3.468E-15  3.408E-15  3.348E-15  3.291E-15  3.234E-15  3.179E-15  3.125E-15  3.073E-15  3.021E-15  2.970E-15  2.921E-15  2.872E-15  2.825E-15  2.778E-15  2.732E-15  2.687E-15  2.643E-15  2.600E-15  2.557E-15  2.515E-15  2.474E-15  2.434E-15  2.394E-15  2.355E-15  2.316E-15  2.278E-15  2.241E-15  2.204E-15  2.168E-15  2.132E-15  2.096E-15  2.061E-15  2.027E-15  1.993E-15  1.959E-15  1.926E-15  1.893E-15  1.860E-15  1.828E-15  1.796E-15  1.764E-15  1.733E-15  1.702E-15  1.671E-15  1.641E-15  1.610E-15  1.580E-15
  287.5000  7.933E-14  7.770E-14  7.612E-14  7.460E-14  7.312E-14  7.168E-14  7.028E-14  6.893E-14  6.761E-14  6.633E-14  6.509E-14  6.388E-14  6.270E-14  6.155E-14  6.043E-14  5.934E-14  5.828E-14  5.724E-14  5.622E-14  5.523E-14  5.427E-14  5.332E-14  5.239E-14  5.149E-14  5.060E-14  4.974E-14  4.889E-14  4.806E-14  4.724E-14  4.644E-14  4.566E-14  4.489E-14  4.413E-14  4.339E-14  4.266E-14  4.195E-14  4.124E-14  4.055E-14  3.987E-14  3.920E-14  3.854E-14  3.789E-14  3.725E-14  3.662E-14  3.600E-14  3.538E-14  3.478E-14  3.418E-14  3.359E-14  3.301E-14  3.243E-14  3.186E-14  3.130E-14  3.074E-14  3.019E-14  2.964E-14  2.910E-14  2.857E-14  2.804E-14  2.751E-14  2.699E-14
  288.5000  1.372E-12  1.342E-12  1.314E-12  1.286E-12  1.259E-12  1.233E-12  1.208E-12  1.183E-12  1.160E-12  1.137E-12  1.114E-12  1.093E-12  1.072E-12  1.051E-12  1.031E-12  1.012E-12  9.927E-13  9.743E-13  9.563E-13  9.387E-13  9.216E-13  9.048E-13  8.885E-13  8.725E-13  8.569E-13  8.416E-13  8.267E-13  8.121E-13  7.978E-13  7.837E-13  7.700E-13  7.565E-13  7.433E-13  7.304E-13  7.177E-13  7.052E-13  6.929E-13  6.809E-13  6.691E-13  6.575E-13  6.460E-13  6.348E-13  6.237E-13  6.128E-13  6.021E-13  5.915E-13  5.811E-13  5.708E-13  5.607E-13  5.507E-13  5.408E-13  5.310E-13  5.214E-13  5.119E-13  5.025E-13  4.932E-13  4.840E-13  4.749E-13  4.659E-13  4.570E-13  4.482E-13
  289.5000  1.849E-11  1.807E-11  1.767E-11  1.728E-11  1.690E-11  1.654E-11  1.618E-11  1.584E-11  1.551E-11  1.519E-11  1.488E-11  1.458E-11  1.429E-11  1.401E-11  1.373E-11  1.346E-11  1.320E-11  1.295E-11  1.270E-11  1.246E-11  1.222E-11  1.199E-11  1.177E-11  1.155E-11  1.133E-11  1.113E-11  1.092E-11  1.072E-11  1.053E-11  1.034E-11  1.015E-11  9.967E-12  9.787E-12  9.611E-12  9.439E-12  9.270E-12  9.104E-12  8.942E-12  8.782E-12  8.625E-12  8.470E-12  8.319E-12  8.170E-12  8.023E-12  7.879E-12  7.737E-12  7.597E-12  7.459E-12  7.324E-12  7.190E-12  7.058E-12  6.928E-12  6.800E-12  6.673E-12  6.548E-12  6.424E-12  6.302E-12  6.181E-12  6.061E-12  5.943E-12  5.826E-12
  290.5000  1.595E-10  1.556E-10  1.520E-10  1.485E-10  1.451E-10  1.418E-10  1.386E-10  1.356E-10  1.326E-10  1.298E-10  1.270E-10  1.244E-10  1.218E-10  1.193E-10  1.168E-10  1.145E-10  1.121E-10  1.099E-10  1.077E-10  1.056E-10  1.035E-10  1.015E-10  9.956E-11  9.765E-11  9.578E-11  9.395E-11  9.218E-11  9.044E-11  8.874E-11  8.708E-11  8.545E-11  8.386E-11  8.231E-11  8.078E-11  7.929E-11  7.782E-11  7.639E-11  7.499E-11  7.361E-11  7.225E-11  7.093E-11  6.962E-11  6.834E-11  6.708E-11  6.584E-11  6.462E-11  6.343E-11  6.225E-11  6.109E-11  5.995E-11  5.882E-11  5.771E-11  5.661E-11  5.553E-11  5.447E-11  5.342E-11  5.238E-11  5.135E-11  5.034E-11  4.934E-11  4.835E-11
  291.5000  1.226E-09  1.194E-09  1.164E-09  1.135E-09  1.107E-09  1.080E-09  1.054E-09  1.030E-09  1.006E-09  9.829E-10  9.607E-10  9.393E-10  9.186E-10  8.986E-10  8.792E-10  8.605E-10  8.422E-10  8.245E-10  8.074E-10  7.907E-10  7.745E-10  7.587E-10  7.433E-10  7.283E-10  7.138E-10  6.995E-10  6.857E-10  6.722E-10  6.590E-10  6.461E-10  6.335E-10  6.213E-10  6.092E-10  5.975E-10  5.860E-10  5.747E-10  5.637E-10  5.529E-10  5.423E-10  5.319E-10  5.218E-10  5.118E-10  5.020E-10  4.924E-10  4.830E-10  4.737E-10  4.646E-10  4.557E-10  4.469E-10  4.383E-10  4.297E-10  4.214E-10  4.131E-10  4.050E-10  3.970E-10  3.891E-10  3.813E-10  3.736E-10  3.660E-10  3.585E-10  3.511E-10
  292.5000  6.242E-09  6.063E-09  5.894E-09  5.733E-09  5.580E-09  5.434E-09  5.294E-09  5.161E-09  5.032E-09  4.910E-09  4.792E-09  4.678E-09  4.569E-09  4.463E-09  4.361E-09  4.263E-09  4.168E-09  4.076E-09  3.986E-09  3.900E-09  3.816E-09  3.735E-09  3.655E-09  3.578E-09  3.504E-09  3.431E-09  3.360E-09  3.291E-09  3.223E-09  3.158E-09  3.094E-09  3.031E-09  2.970E-09  2.910E-09  2.852E-09  2.795E-09  2.739E-09  2.685E-09  2.632E-09  2.579E-09  2.528E-09  2.478E-09  2.429E-09  2.381E-09  2.334E-09  2.287E-09  2.242E-09  2.197E-09  2.153E-09  2.110E-09  2.068E-09  2.026E-09  1.985E-09  1.945E-09  1.905E-09  1.866E-09  1.828E-09  1.790E-09  1.752E-09  1.716E-09  1.679E-09
  293.5000  3.765E-08  3.644E-08  3.530E-08  3.423E-08  3.321E-08  3.224E-08  3.133E-08  3.046E-08  2.963E-08  2.884E-08  2.808E-08  2.736E-08  2.667E-08  2.600E-08  2.536E-08  2.475E-08  2.416E-08  2.359E-08  2.304E-08  2.251E-08  2.199E-08  2.150E-08  2.101E-08  2.055E-08  2.009E-08  1.965E-08  1.923E-08  1.881E-08  1.841E-08  1.801E-08  1.763E-08  1.726E-08  1.689E-08  1.654E-08  1.619E-08  1.585E-08  1.552E-08  1.520E-08  1.489E-08  1.458E-08  1.428E-08  1.398E-08  1.369E-08  1.341E-08  1.313E-08  1.286E-08  1.260E-08  1.234E-08  1.208E-08  1.183E-08  1.158E-08  1.134E-08  1.110E-08  1.087E-08  1.064E-08  1.041E-08  1.019E-08  9.972E-09  9.757E-09  9.545E-09  9.336E-09
  294.5000  1.316E-07  1.269E-07  1.225E-07  1.183E-07  1.144E-07  1.107E-07  1.072E-07  1.039E-07  1.008E-07  9.789E-08  9.508E-08  9.241E-08  8.987E-08  8.744E-08  8.512E-08  8.291E-08  8.078E-08  7.874E-08  7.678E-08  7.489E-08  7.308E-08  7.132E-08  6.963E-08  6.799E-08  6.641E-08  6.488E-08  6.340E-08  6.196E-08  6.057E-08  5.921E-08  5.789E-08  5.662E-08  5.537E-08  5.416E-08  5.297E-08  5.182E-08  5.070E-08  4.960E-08  4.853E-08  4.749E-08  4.647E-08  4.547E-08  4.449E-08  4.354E-08  4.261E-08  4.170E-08  4.080E-08  3.993E-08  3.907E-08  3.823E-08  3.740E-08  3.659E-08  3.580E-08  3.502E-08  3.426E-08  3.351E-08  3.277E-08  3.204E-08  3.133E-08  3.062E-08  2.994E-08
  295.5000  6.612E-07  6.345E-07  6.095E-07  5.862E-07  5.642E-07  5.435E-07  5.241E-07  5.059E-07  4.887E-07  4.725E-07  4.572E-07  4.427E-07  4.290E-07  4.160E-07  4.037E-07  3.920E-07  3.808E-07  3.701E-07  3.600E-07  3.502E-07  3.410E-07  3.320E-07  3.235E-07  3.152E-07  3.073E-07  2.997E-07  2.923E-07  2.852E-07  2.783E-07  2.717E-07  2.652E-07  2.590E-07  2.530E-07  2.471E-07  2.414E-07  2.358E-07  2.304E-07  2.252E-07  2.201E-07  2.151E-07  2.102E-07  2.055E-07  2.009E-07  1.964E-07  1.920E-07  1.877E-07  1.834E-07  1.793E-07  1.753E-07  1.713E-07  1.675E-07  1.637E-07  1.600E-07  1.564E-07  1.528E-07  1.493E-07  1.459E-07  1.425E-07  1.392E-07  1.360E-07  1.328E-07
  296.5000  2.151E-06  2.056E-06  1.967E-06  1.884E-06  1.805E-06  1.732E-06  1.663E-06  1.598E-06  1.537E-06  1.480E-06  1.426E-06  1.375E-06  1.327E-06  1.282E-06  1.240E-06  1.199E-06  1.161E-06  1.125E-06  1.090E-06  1.058E-06  1.027E-06  9.970E-07  9.687E-07  9.417E-07  9.158E-07  8.910E-07  8.673E-07  8.444E-07  8.225E-07  8.013E-07  7.809E-07  7.613E-07  7.423E-07  7.239E-07  7.062E-07  6.889E-07  6.722E-07  6.561E-07  6.403E-07  6.250E-07  6.102E-07  5.957E-07  5.816E-07  5.679E-07  5.545E-07  5.415E-07  5.287E-07  5.163E-07  5.042E-07  4.923E-07  4.807E-07  4.694E-07  4.583E-07  4.474E-07  4.368E-07  4.264E-07  4.162E-07  4.062E-07  3.964E-07  3.868E-07  3.774E-07
  297.5000  7.431E-06  7.082E-06  6.753E-06  6.446E-06  6.156E-06  5.884E-06  5.628E-06  5.388E-06  5.162E-06  4.950E-06  4.750E-06  4.562E-06  4.385E-06  4.218E-06  4.061E-06  3.914E-06  3.774E-06  3.642E-06  3.517E-06  3.399E-06  3.287E-06  3.181E-06  3.081E-06  2.985E-06  2.894E-06  2.807E-06  2.725E-06  2.646E-06  2.570E-06  2.498E-06  2.429E-06  2.362E-06  2.298E-06  2.237E-06  2.178E-06  2.121E-06  2.066E-06  2.013E-06  1.961E-06  1.911E-06  1.863E-06  1.816E-06  1.771E-06  1.727E-06  1.684E-06  1.642E-06  1.601E-06  1.562E-06  1.523E-06  1.486E-06  1.449E-06  1.413E-06  1.378E-06  1.344E-06  1.311E-06  1.278E-06  1.246E-06  1.215E-06  1.184E-06  1.154E-06  1.125E-06
  298.5000  1.507E-05  1.434E-05  1.365E-05  1.301E-05  1.240E-05  1.182E-05  1.128E-05  1.077E-05  1.028E-05  9.832E-06  9.405E-06  9.002E-06  8.622E-06  8.265E-06  7.928E-06  7.611E-06  7.312E-06  7.029E-06  6.763E-06  6.511E-06  6.274E-06  6.049E-06  5.836E-06  5.635E-06  5.444E-06  5.263E-06  5.092E-06  4.929E-06  4.773E-06  4.626E-06  4.484E-06  4.350E-06  4.222E-06  4.098E-06  3.980E-06  3.867E-06  3.759E-06  3.654E-06  3.554E-06  3.457E-06  3.364E-06  3.273E-06  3.186E-06  3.102E-06  3.020E-06  2.941E-06  2.864E-06  2.789E-06  2.717E-06  2.647E-06  2.578E-06  2.511E-06  2.446E-06  2.383E-06  2.321E-06  2.260E-06  2.201E-06  2.144E-06  2.087E-06  2.032E-06  1.979E-06
  299.5000  5.723E-05  5.447E-05  5.184E-05  4.936E-05  4.700E-05  4.477E-05  4.266E-05  4.066E-05  3.877E-05  3.698E-05  3.529E-05  3.370E-05  3.219E-05  3.076E-05  2.941E-05  2.815E-05  2.694E-05  2.581E-05  2.474E-05  2.373E-05  2.278E-05  2.187E-05  2.102E-05  2.022E-05  1.945E-05  1.873E-05  1.805E-05  1.741E-05  1.679E-05  1.621E-05  1.566E-05  1.514E-05  1.464E-05  1.416E-05  1.371E-05  1.328E-05  1.287E-05  1.248E-05  1.210E-05  1.174E-05  1.139E-05  1.106E-05  1.074E-05  1.043E-05  1.014E-05  9.850E-06  9.573E-06  9.306E-06  9.049E-06  8.798E-06  8.556E-06  8.320E-06  8.092E-06  7.870E-06  7.655E-06  7.444E-06  7.240E-06  7.040E-06  6.846E-06  6.656E-06  6.472E-06
  300.5000  8.224E-05  7.835E-05  7.463E-05  7.111E-05  6.774E-05  6.454E-05  6.150E-05  5.860E-05  5.586E-05  5.326E-05  5.078E-05  4.843E-05  4.621E-05  4.410E-05  4.210E-05  4.021E-05  3.842E-05  3.672E-05  3.512E-05  3.360E-05  3.216E-05  3.080E-05  2.952E-05  2.830E-05  2.715E-05  2.606E-05  2.503E-05  2.406E-05  2.314E-05  2.226E-05  2.143E-05  2.065E-05  1.991E-05  1.920E-05  1.853E-05  1.789E-05  1.728E-05  1.671E-05  1.616E-05  1.563E-05  1.513E-05  1.465E-05  1.419E-05  1.376E-05  1.333E-05  1.293E-05  1.254E-05  1.217E-05  1.181E-05  1.146E-05  1.112E-05  1.080E-05  1.049E-05  1.018E-05  9.888E-06  9.602E-06  9.325E-06  9.056E-06  8.794E-06  8.539E-06  8.292E-06
  301.5000  2.648E-04  2.528E-04  2.413E-04  2.303E-04  2.198E-04  2.097E-04  2.001E-04  1.909E-04  1.821E-04  1.737E-04  1.657E-04  1.581E-04  1.508E-04  1.438E-04  1.372E-04  1.310E-04  1.250E-04  1.193E-04  1.139E-04  1.088E-04  1.040E-04  9.934E-05  9.495E-05  9.080E-05  8.685E-05  8.312E-05  7.959E-05  7.623E-05  7.305E-05  7.003E-05  6.717E-05  6.447E-05  6.191E-05  5.948E-05  5.717E-05  5.498E-05  5.291E-05  5.095E-05  4.907E-05  4.730E-05  4.561E-05  4.400E-05  4.247E-05  4.101E-05  3.962E-05  3.829E-05  3.702E-05  3.580E-05  3.464E-05  3.352E-05  3.245E-05  3.142E-05  3.043E-05  2.948E-05  2.856E-05  2.767E-05  2.681E-05  2.598E-05  2.518E-05  2.440E-05  2.365E-05
  302.5000  4.573E-04  4.374E-04  4.184E-04  4.001E-04  3.824E-04  3.655E-04  3.492E-04  3.336E-04  3.187E-04  3.044E-04  2.907E-04  2.775E-04  2.649E-04  2.529E-04  2.414E-04  2.305E-04  2.200E-04  2.100E-04  2.005E-04  1.914E-04  1.828E-04  1.745E-04  1.667E-04  1.592E-04  1.521E-04  1.453E-04  1.390E-04  1.329E-04  1.271E-04  1.216E-04  1.164E-04  1.114E-04  1.068E-04  1.023E-04  9.809E-05  9.408E-05  9.028E-05  8.669E-05  8.327E-05  8.003E-05  7.695E-05  7.402E-05  7.124E-05  6.860E-05  6.609E-05  6.369E-05  6.141E-05  5.924E-05  5.717E-05  5.519E-05  5.329E-05  5.148E-05  4.974E-05  4.808E-05  4.648E-05  4.495E-05  4.347E-05  4.204E-05  4.067E-05  3.935E-05  3.807E-05
  303.5000  1.160E-03  1.113E-03  1.067E-03  1.024E-03  9.814E-04  9.404E-04  9.010E-04  8.629E-04  8.262E-04  7.910E-04  7.569E-04  7.242E-04  6.927E-04  6.624E-04  6.333E-04  6.055E-04  5.787E-04  5.530E-04  5.284E-04  5.048E-04  4.822E-04  4.606E-04  4.399E-04  4.202E-04  4.013E-04  3.833E-04  3.661E-04  3.497E-04  3.341E-04  3.192E-04  3.050E-04  2.915E-04  2.786E-04  2.664E-04  2.548E-04  2.437E-04  2.332E-04  2.232E-04  2.137E-04  2.047E-04  1.962E-04  1.880E-04  1.803E-04  1.730E-04  1.661E-04  1.594E-04  1.532E-04  1.472E-04  1.415E-04  1.361E-04  1.309E-04  1.260E-04  1.213E-04  1.169E-04  1.126E-04  1.085E-04  1.046E-04  1.009E-04  9.732E-05  9.388E-05  9.059E-05
  304.5000  1.601E-03  1.539E-03  1.479E-03  1.421E-03  1.365E-03  1.311E-03  1.258E-03  1.207E-03  1.158E-03  1.110E-03  1.064E-03  1.020E-03  9.770E-04  9.357E-04  8.958E-04  8.576E-04  8.207E-04  7.851E-04  7.510E-04  7.181E-04  6.867E-04  6.564E-04  6.274E-04  5.995E-04  5.728E-04  5.473E-04  5.229E-04  4.995E-04  4.771E-04  4.557E-04  4.352E-04  4.158E-04  3.972E-04  3.794E-04  3.625E-04  3.464E-04  3.311E-04  3.165E-04  3.026E-04  2.894E-04  2.768E-04  2.649E-04  2.535E-04  2.427E-04  2.325E-04  2.227E-04  2.135E-04  2.047E-04  1.963E-04  1.884E-04  1.808E-04  1.736E-04  1.668E-04  1.602E-04  1.540E-04  1.481E-04  1.425E-04  1.371E-04  1.319E-04  1.270E-04  1.223E-04
  305.5000  3.014E-03  2.907E-03  2.804E-03  2.703E-03  2.605E-03  2.509E-03  2.416E-03  2.326E-03  2.238E-03  2.153E-03  2.070E-03  1.990E-03  1.912E-03  1.836E-03  1.763E-03  1.692E-03  1.624E-03  1.558E-03  1.494E-03  1.432E-03  1.372E-03  1.314E-03  1.259E-03  1.205E-03  1.153E-03  1.104E-03  1.056E-03  1.010E-03  9.655E-04  9.230E-04  8.822E-04  8.431E-04  8.055E-04  7.695E-04  7.350E-04  7.020E-04  6.704E-04  6.403E-04  6.114E-04  5.839E-04  5.576E-04  5.325E-04  5.085E-04  4.858E-04  4.640E-04  4.433E-04  4.236E-04  4.049E-04  3.871E-04  3.701E-04  3.540E-04  3.386E-04  3.240E-04  3.101E-04  2.970E-04  2.844E-04  2.724E-04  2.611E-04  2.502E-04  2.399E-04  2.301E-04
  306.5000  3.669E-03  3.545E-03  3.424E-03  3.306E-03  3.190E-03  3.078E-03  2.968E-03  2.861E-03  2.757E-03  2.657E-03  2.558E-03  2.463E-03  2.370E-03  2.279E-03  2.192E-03  2.107E-03  2.024E-03  1.944E-03  1.867E-03  1.792E-03  1.719E-03  1.649E-03  1.581E-03  1.515E-03  1.452E-03  1.391E-03  1.332E-03  1.275E-03  1.220E-03  1.167E-03  1.116E-03  1.067E-03  1.020E-03  9.749E-04  9.315E-04  8.899E-04  8.500E-04  8.118E-04  7.752E-04  7.401E-04  7.065E-04  6.745E-04  6.438E-04  6.146E-04  5.867E-04  5.600E-04  5.346E-04  5.104E-04  4.874E-04  4.654E-04  4.445E-04  4.246E-04  4.057E-04  3.876E-04  3.706E-04  3.543E-04  3.388E-04  3.240E-04  3.100E-04  2.966E-04  2.840E-04
  307.5000  7.142E-03  6.923E-03  6.707E-03  6.497E-03  6.291E-03  6.089E-03  5.891E-03  5.698E-03  5.509E-03  5.324E-03  5.144E-03  4.968E-03  4.796E-03  4.628E-03  4.464E-03  4.305E-03  4.150E-03  3.998E-03  3.851E-03  3.708E-03  3.568E-03  3.433E-03  3.301E-03  3.173E-03  3.049E-03  2.928E-03  2.811E-03  2.698E-03  2.588E-03  2.482E-03  2.379E-03  2.280E-03  2.184E-03  2.091E-03  2.001E-03  1.915E-03  1.831E-03  1.751E-03  1.674E-03  1.599E-03  1.528E-03  1.459E-03  1.393E-03  1.330E-03  1.269E-03  1.211E-03  1.155E-03  1.101E-03  1.050E-03  1.001E-03  9.548E-04  9.102E-04  8.676E-04  8.270E-04  7.884E-04  7.515E-04  7.163E-04  6.828E-04  6.510E-04  6.207E-04  5.919E-04
  308.5000  8.973E-03  8.708E-03  8.448E-03  8.193E-03  7.943E-03  7.698E-03  7.457E-03  7.222E-03  6.992E-03  6.767E-03  6.546E-03  6.330E-03  6.119E-03  5.913E-03  5.711E-03  5.515E-03  5.323E-03  5.135E-03  4.952E-03  4.774E-03  4.601E-03  4.432E-03  4.267E-03  4.107E-03  3.951E-03  3.799E-03  3.652E-03  3.509E-03  3.370E-03  3.236E-03  3.105E-03  2.979E-03  2.856E-03  2.737E-03  2.622E-03  2.511E-03  2.404E-03  2.301E-03  2.201E-03  2.104E-03  2.011E-03  1.922E-03  1.836E-03  1.753E-03  1.673E-03  1.597E-03  1.524E-03  1.453E-03  1.386E-03  1.321E-03  1.259E-03  1.200E-03  1.143E-03  1.089E-03  1.037E-03  9.881E-04  9.410E-04  8.962E-04  8.534E-04  8.127E-04  7.741E-04
  309.5000  9.670E-03  9.405E-03  9.145E-03  8.891E-03  8.639E-03  8.392E-03  8.150E-03  7.911E-03  7.677E-03  7.449E-03  7.223E-03  7.002E-03  6.786E-03  6.573E-03  6.365E-03  6.162E-03  5.962E-03  5.767E-03  5.575E-03  5.388E-03  5.206E-03  5.027E-03  4.853E-03  4.682E-03  4.515E-03  4.353E-03  4.195E-03  4.041E-03  3.890E-03  3.744E-03  3.601E-03  3.463E-03  3.328E-03  3.197E-03  3.069E-03  2.946E-03  2.826E-03  2.710E-03  2.597E-03  2.488E-03  2.382E-03  2.280E-03  2.181E-03  2.085E-03  1.993E-03  1.904E-03  1.819E-03  1.736E-03  1.657E-03  1.580E-03  1.506E-03  1.436E-03  1.368E-03  1.303E-03  1.241E-03  1.181E-03  1.124E-03  1.069E-03  1.017E-03  9.667E-04  9.191E-04
  310.5000  1.521E-02  1.482E-02  1.444E-02  1.406E-02  1.369E-02  1.332E-02  1.296E-02  1.260E-02  1.225E-02  1.190E-02  1.157E-02  1.123E-02  1.091E-02  1.058E-02  1.027E-02  9.959E-03  9.654E-03  9.356E-03  9.063E-03  8.776E-03  8.496E-03  8.220E-03  7.950E-03  7.686E-03  7.427E-03  7.175E-03  6.928E-03  6.686E-03  6.450E-03  6.219E-03  5.994E-03  5.775E-03  5.561E-03  5.352E-03  5.149E-03  4.951E-03  4.758E-03  4.571E-03  4.388E-03  4.211E-03  4.039E-03  3.872E-03  3.710E-03  3.554E-03  3.402E-03  3.254E-03  3.112E-03  2.974E-03  2.842E-03  2.713E-03  2.589E-03  2.470E-03  2.355E-03  2.244E-03  2.138E-03  2.035E-03  1.937E-03  1.843E-03  1.752E-03  1.666E-03  1.583E-03
  311.5000  2.154E-02  2.101E-02  2.049E-02  1.997E-02  1.946E-02  1.896E-02  1.847E-02  1.798E-02  1.750E-02  1.703E-02  1.657E-02  1.611E-02  1.566E-02  1.522E-02  1.478E-02  1.436E-02  1.393E-02  1.352E-02  1.312E-02  1.272E-02  1.233E-02  1.194E-02  1.157E-02  1.120E-02  1.084E-02  1.048E-02  1.014E-02  9.795E-03  9.462E-03  9.136E-03  8.818E-03  8.508E-03  8.203E-03  7.906E-03  7.616E-03  7.333E-03  7.057E-03  6.789E-03  6.527E-03  6.272E-03  6.023E-03  5.782E-03  5.547E-03  5.319E-03  5.098E-03  4.883E-03  4.674E-03  4.472E-03  4.277E-03  4.088E-03  3.905E-03  3.728E-03  3.557E-03  3.392E-03  3.233E-03  3.080E-03  2.932E-03  2.791E-03  2.654E-03  2.523E-03  2.398E-03
  312.5000  2.494E-02  2.438E-02  2.382E-02  2.327E-02  2.273E-02  2.219E-02  2.166E-02  2.114E-02  2.062E-02  2.011E-02  1.961E-02  1.911E-02  1.862E-02  1.814E-02  1.766E-02  1.719E-02  1.673E-02  1.628E-02  1.583E-02  1.539E-02  1.495E-02  1.452E-02  1.410E-02  1.369E-02  1.328E-02  1.288E-02  1.249E-02  1.211E-02  1.173E-02  1.135E-02  1.099E-02  1.063E-02  1.028E-02  9.938E-03  9.600E-03  9.270E-03  8.947E-03  8.632E-03  8.322E-03  8.020E-03  7.724E-03  7.435E-03  7.153E-03  6.879E-03  6.611E-03  6.349E-03  6.094E-03  5.846E-03  5.606E-03  5.371E-03  5.143E-03  4.922E-03  4.707E-03  4.498E-03  4.297E-03  4.101E-03  3.912E-03  3.729E-03  3.552E-03  3.382E-03  3.218E-03
  313.5000  2.946E-02  2.881E-02  2.817E-02  2.753E-02  2.690E-02  2.628E-02  2.566E-02  2.505E-02  2.445E-02  2.386E-02  2.328E-02  2.270E-02  2.213E-02  2.157E-02  2.101E-02  2.047E-02  1.993E-02  1.940E-02  1.888E-02  1.836E-02  1.785E-02  1.735E-02  1.686E-02  1.638E-02  1.590E-02  1.543E-02  1.497E-02  1.452E-02  1.407E-02  1.363E-02  1.320E-02  1.278E-02  1.237E-02  1.196E-02  1.157E-02  1.118E-02  1.079E-02  1.042E-02  1.005E-02  9.695E-03  9.344E-03  9.001E-03  8.665E-03  8.339E-03  8.019E-03  7.707E-03  7.403E-03  7.107E-03  6.819E-03  6.538E-03  6.264E-03  5.998E-03  5.740E-03  5.489E-03  5.247E-03  5.011E-03  4.782E-03  4.561E-03  4.347E-03  4.140E-03  3.941E-03
  314.5000  3.410E-02  3.341E-02  3.272E-02  3.204E-02  3.137E-02  3.070E-02  3.004E-02  2.939E-02  2.874E-02  2.810E-02  2.747E-02  2.685E-02  2.623E-02  2.562E-02  2.501E-02  2.442E-02  2.383E-02  2.324E-02  2.267E-02  2.210E-02  2.154E-02  2.099E-02  2.044E-02  1.990E-02  1.937E-02  1.885E-02  1.833E-02  1.782E-02  1.732E-02  1.683E-02  1.634E-02  1.586E-02  1.539E-02  1.493E-02  1.447E-02  1.402E-02  1.358E-02  1.315E-02  1.272E-02  1.230E-02  1.189E-02  1.149E-02  1.109E-02  1.071E-02  1.033E-02  9.956E-03  9.591E-03  9.235E-03  8.887E-03  8.547E-03  8.213E-03  7.888E-03  7.571E-03  7.261E-03  6.960E-03  6.666E-03  6.379E-03  6.100E-03  5.830E-03  5.566E-03  5.312E-03
  315.5000  3.610E-02  3.538E-02  3.466E-02  3.395E-02  3.324E-02  3.255E-02  3.186E-02  3.117E-02  3.050E-02  2.983E-02  2.917E-02  2.851E-02  2.786E-02  2.722E-02  2.659E-02  2.597E-02  2.535E-02  2.474E-02  2.413E-02  2.354E-02  2.295E-02  2.237E-02  2.179E-02  2.123E-02  2.067E-02  2.012E-02  1.957E-02  1.904E-02  1.851E-02  1.799E-02  1.748E-02  1.697E-02  1.647E-02  1.599E-02  1.550E-02  1.503E-02  1.456E-02  1.411E-02  1.365E-02  1.321E-02  1.278E-02  1.235E-02  1.193E-02  1.152E-02  1.112E-02  1.072E-02  1.034E-02  9.957E-03  9.587E-03  9.224E-03  8.869E-03  8.522E-03  8.183E-03  7.852E-03  7.531E-03  7.216E-03  6.909E-03  6.611E-03  6.320E-03  6.038E-03  5.764E-03
  316.5000  4.029E-02  3.953E-02  3.879E-02  3.805E-02  3.732E-02  3.659E-02  3.587E-02  3.515E-02  3.445E-02  3.375E-02  3.305E-02  3.236E-02  3.168E-02  3.100E-02  3.034E-02  2.968E-02  2.902E-02  2.837E-02  2.773E-02  2.710E-02  2.647E-02  2.585E-02  2.523E-02  2.463E-02  2.403E-02  2.343E-02  2.285E-02  2.227E-02  2.170E-02  2.113E-02  2.058E-02  2.003E-02  1.948E-02  1.895E-02  1.842E-02  1.790E-02  1.739E-02  1.688E-02  1.638E-02  1.589E-02  1.541E-02  1.493E-02  1.446E-02  1.400E-02  1.355E-02  1.310E-02  1.266E-02  1.223E-02  1.181E-02  1.139E-02  1.099E-02  1.059E-02  1.019E-02  9.809E-03  9.434E-03  9.066E-03  8.706E-03  8.354E-03  8.010E-03  7.674E-03  7.347E-03
  317.5000  5.705E-02  5.598E-02  5.493E-02  5.388E-02  5.284E-02  5.181E-02  5.079E-02  4.978E-02  4.877E-02  4.778E-02  4.680E-02  4.582E-02  4.485E-02  4.390E-02  4.295E-02  4.202E-02  4.109E-02  4.017E-02  3.926E-02  3.836E-02  3.747E-02  3.659E-02  3.572E-02  3.486E-02  3.401E-02  3.317E-02  3.234E-02  3.152E-02  3.071E-02  2.991E-02  2.912E-02  2.835E-02  2.758E-02  2.682E-02  2.607E-02  2.533E-02  2.460E-02  2.389E-02  2.318E-02  2.249E-02  2.180E-02  2.112E-02  2.046E-02  1.981E-02  1.917E-02  1.853E-02  1.791E-02  1.730E-02  1.671E-02  1.612E-02  1.554E-02  1.497E-02  1.442E-02  1.388E-02  1.334E-02  1.282E-02  1.231E-02  1.181E-02  1.133E-02  1.085E-02  1.039E-02
  318.5000  4.980E-02  4.894E-02  4.808E-02  4.723E-02  4.638E-02  4.554E-02  4.470E-02  4.388E-02  4.306E-02  4.224E-02  4.144E-02  4.064E-02  3.984E-02  3.905E-02  3.827E-02  3.750E-02  3.673E-02  3.597E-02  3.522E-02  3.447E-02  3.374E-02  3.300E-02  3.228E-02  3.156E-02  3.085E-02  3.014E-02  2.945E-02  2.876E-02  2.808E-02  2.740E-02  2.674E-02  2.608E-02  2.543E-02  2.478E-02  2.414E-02  2.351E-02  2.289E-02  2.228E-02  2.167E-02  2.107E-02  2.048E-02  1.990E-02  1.932E-02  1.875E-02  1.819E-02  1.764E-02  1.709E-02  1.656E-02  1.603E-02  1.551E-02  1.500E-02  1.449E-02  1.400E-02  1.351E-02  1.303E-02  1.256E-02  1.210E-02  1.165E-02  1.120E-02  1.077E-02  1.034E-02
  319.5000  6.202E-02  6.096E-02  5.990E-02  5.886E-02  5.782E-02  5.678E-02  5.576E-02  5.474E-02  5.373E-02  5.273E-02  5.174E-02  5.075E-02  4.977E-02  4.880E-02  4.784E-02  4.689E-02  4.594E-02  4.501E-02  4.408E-02  4.316E-02  4.225E-02  4.135E-02  4.045E-02  3.956E-02  3.869E-02  3.782E-02  3.696E-02  3.611E-02  3.526E-02  3.443E-02  3.360E-02  3.279E-02  3.198E-02  3.118E-02  3.039E-02  2.961E-02  2.884E-02  2.808E-02  2.733E-02  2.658E-02  2.585E-02  2.512E-02  2.441E-02  2.370E-02  2.301E-02  2.232E-02  2.164E-02  2.097E-02  2.032E-02  1.967E-02  1.903E-02  1.840E-02  1.778E-02  1.717E-02  1.657E-02  1.599E-02  1.541E-02  1.484E-02  1.428E-02  1.373E-02  1.320E-02
  320.5000  7.735E-02  7.604E-02  7.475E-02  7.347E-02  7.219E-02  7.092E-02  6.966E-02  6.841E-02  6.717E-02  6.595E-02  6.473E-02  6.351E-02  6.231E-02  6.112E-02  5.994E-02  5.877E-02  5.760E-02  5.645E-02  5.531E-02  5.417E-02  5.305E-02  5.194E-02  5.084E-02  4.974E-02  4.866E-02  4.759E-02  4.653E-02  4.548E-02  4.444E-02  4.341E-02  4.238E-02  4.138E-02  4.038E-02  3.939E-02  3.841E-02  3.745E-02  3.649E-02  3.555E-02  3.461E-02  3.369E-02  3.278E-02  3.188E-02  3.099E-02  3.011E-02  2.924E-02  2.839E-02  2.754E-02  2.671E-02  2.589E-02  2.508E-02  2.428E-02  2.350E-02  2.272E-02  2.196E-02  2.121E-02  2.047E-02  1.975E-02  1.903E-02  1.833E-02  1.764E-02  1.697E-02
  321.5000  7.217E-02  7.104E-02  6.992E-02  6.881E-02  6.770E-02  6.659E-02  6.550E-02  6.441E-02  6.333E-02  6.226E-02  6.119E-02  6.013E-02  5.908E-02  5.804E-02  5.700E-02  5.597E-02  5.495E-02  5.394E-02  5.293E-02  5.193E-02  5.094E-02  4.996E-02  4.898E-02  4.801E-02  4.705E-02  4.610E-02  4.516E-02  4.422E-02  4.329E-02  4.237E-02  4.145E-02  4.055E-02  3.966E-02  3.877E-02  3.789E-02  3.701E-02  3.615E-02  3.530E-02  3.445E-02  3.361E-02  3.278E-02  3.196E-02  3.114E-02  3.034E-02  2.955E-02  2.876E-02  2.798E-02  2.721E-02  2.645E-02  2.570E-02  2.495E-02  2.422E-02  2.349E-02  2.277E-02  2.207E-02  2.137E-02  2.068E-02  2.000E-02  1.933E-02  1.867E-02  1.802E-02
  322.5000  6.769E-02  6.657E-02  6.545E-02  6.435E-02  6.325E-02  6.215E-02  6.107E-02  5.999E-02  5.892E-02  5.786E-02  5.680E-02  5.576E-02  5.472E-02  5.369E-02  5.267E-02  5.165E-02  5.065E-02  4.965E-02  4.866E-02  4.768E-02  4.671E-02  4.575E-02  4.479E-02  4.384E-02  4.291E-02  4.198E-02  4.106E-02  4.015E-02  3.924E-02  3.835E-02  3.746E-02  3.659E-02  3.572E-02  3.486E-02  3.401E-02  3.317E-02  3.234E-02  3.152E-02  3.070E-02  2.990E-02  2.910E-02  2.832E-02  2.754E-02  2.678E-02  2.602E-02  2.527E-02  2.454E-02  2.381E-02  2.309E-02  2.238E-02  2.168E-02  2.099E-02  2.031E-02  1.965E-02  1.899E-02  1.834E-02  1.770E-02  1.707E-02  1.646E-02  1.585E-02  1.525E-02
  323.5000  7.814E-02  7.696E-02  7.578E-02  7.462E-02  7.345E-02  7.230E-02  7.115E-02  7.001E-02  6.888E-02  6.775E-02  6.663E-02  6.552E-02  6.441E-02  6.332E-02  6.222E-02  6.115E-02  6.007E-02  5.900E-02  5.794E-02  5.689E-02  5.584E-02  5.481E-02  5.377E-02  5.275E-02  5.174E-02  5.073E-02  4.973E-02  4.874E-02  4.776E-02  4.678E-02  4.582E-02  4.486E-02  4.391E-02  4.296E-02  4.203E-02  4.110E-02  4.018E-02  3.927E-02  3.837E-02  3.747E-02  3.659E-02  3.571E-02  3.484E-02  3.398E-02  3.313E-02  3.228E-02  3.145E-02  3.062E-02  2.980E-02  2.899E-02  2.819E-02  2.740E-02  2.662E-02  2.584E-02  2.508E-02  2.432E-02  2.357E-02  2.283E-02  2.211E-02  2.139E-02  2.068E-02
  324.5000  9.141E-02  9.002E-02  8.864E-02  8.727E-02  8.590E-02  8.455E-02  8.320E-02  8.186E-02  8.053E-02  7.921E-02  7.789E-02  7.658E-02  7.529E-02  7.400E-02  7.271E-02  7.145E-02  7.018E-02  6.893E-02  6.768E-02  6.645E-02  6.522E-02  6.400E-02  6.279E-02  6.159E-02  6.040E-02  5.922E-02  5.805E-02  5.689E-02  5.573E-02  5.459E-02  5.345E-02  5.233E-02  5.122E-02  5.011E-02  4.901E-02  4.792E-02  4.685E-02  4.578E-02  4.472E-02  4.368E-02  4.264E-02  4.161E-02  4.059E-02  3.958E-02  3.858E-02  3.759E-02  3.662E-02  3.565E-02  3.469E-02  3.374E-02  3.280E-02  3.188E-02  3.096E-02  3.005E-02  2.916E-02  2.828E-02  2.740E-02  2.654E-02  2.569E-02  2.484E-02  2.402E-02
  325.5000  1.011E-01  9.952E-02  9.798E-02  9.644E-02  9.491E-02  9.339E-02  9.188E-02  9.038E-02  8.889E-02  8.741E-02  8.594E-02  8.448E-02  8.303E-02  8.158E-02  8.015E-02  7.873E-02  7.732E-02  7.592E-02  7.453E-02  7.314E-02  7.178E-02  7.042E-02  6.906E-02  6.772E-02  6.639E-02  6.507E-02  6.377E-02  6.247E-02  6.118E-02  5.991E-02  5.864E-02  5.739E-02  5.615E-02  5.491E-02  5.369E-02  5.248E-02  5.128E-02  5.010E-02  4.892E-02  4.775E-02  4.660E-02  4.545E-02  4.432E-02  4.320E-02  4.209E-02  4.100E-02  3.991E-02  3.884E-02  3.778E-02  3.672E-02  3.569E-02  3.466E-02  3.364E-02  3.264E-02  3.165E-02  3.067E-02  2.971E-02  2.875E-02  2.781E-02  2.688E-02  2.597E-02
  326.5000  1.320E-01  1.301E-01  1.282E-01  1.263E-01  1.245E-01  1.226E-01  1.207E-01  1.189E-01  1.171E-01  1.153E-01  1.135E-01  1.117E-01  1.099E-01  1.081E-01  1.063E-01  1.046E-01  1.028E-01  1.011E-01  9.939E-02  9.768E-02  9.599E-02  9.430E-02  9.262E-02  9.096E-02  8.931E-02  8.767E-02  8.605E-02  8.443E-02  8.282E-02  8.123E-02  7.965E-02  7.809E-02  7.653E-02  7.498E-02  7.345E-02  7.193E-02  7.042E-02  6.892E-02  6.744E-02  6.597E-02  6.451E-02  6.306E-02  6.162E-02  6.020E-02  5.879E-02  5.739E-02  5.600E-02  5.463E-02  5.327E-02  5.192E-02  5.058E-02  4.926E-02  4.795E-02  4.665E-02  4.537E-02  4.410E-02  4.284E-02  4.159E-02  4.036E-02  3.914E-02  3.794E-02
  327.5000  1.201E-01  1.184E-01  1.166E-01  1.148E-01  1.131E-01  1.114E-01  1.097E-01  1.079E-01  1.062E-01  1.046E-01  1.029E-01  1.012E-01  9.954E-02  9.789E-02  9.625E-02  9.463E-02  9.301E-02  9.141E-02  8.981E-02  8.823E-02  8.666E-02  8.509E-02  8.354E-02  8.200E-02  8.047E-02  7.895E-02  7.745E-02  7.595E-02  7.447E-02  7.300E-02  7.153E-02  7.009E-02  6.865E-02  6.722E-02  6.581E-02  6.440E-02  6.301E-02  6.164E-02  6.027E-02  5.891E-02  5.757E-02  5.623E-02  5.491E-02  5.361E-02  5.231E-02  5.103E-02  4.975E-02  4.849E-02  4.725E-02  4.601E-02  4.479E-02  4.358E-02  4.238E-02  4.119E-02  4.002E-02  3.886E-02  3.771E-02  3.658E-02  3.546E-02  3.435E-02  3.325E-02
  328.5000  1.111E-01  1.095E-01  1.079E-01  1.062E-01  1.046E-01  1.030E-01  1.014E-01  9.986E-02  9.829E-02  9.673E-02  9.517E-02  9.363E-02  9.209E-02  9.057E-02  8.905E-02  8.755E-02  8.605E-02  8.457E-02  8.309E-02  8.163E-02  8.017E-02  7.873E-02  7.729E-02  7.587E-02  7.445E-02  7.305E-02  7.166E-02  7.028E-02  6.890E-02  6.754E-02  6.619E-02  6.485E-02  6.352E-02  6.220E-02  6.089E-02  5.959E-02  5.831E-02  5.703E-02  5.577E-02  5.451E-02  5.327E-02  5.204E-02  5.082E-02  4.961E-02  4.841E-02  4.722E-02  4.604E-02  4.488E-02  4.373E-02  4.258E-02  4.145E-02  4.033E-02  3.922E-02  3.812E-02  3.704E-02  3.597E-02  3.491E-02  3.386E-02  3.282E-02  3.179E-02  3.078E-02
  329.5000  1.523E-01  1.502E-01  1.481E-01  1.460E-01  1.439E-01  1.418E-01  1.397E-01  1.376E-01  1.356E-01  1.335E-01  1.315E-01  1.295E-01  1.275E-01  1.255E-01  1.235E-01  1.215E-01  1.196E-01  1.176E-01  1.157E-01  1.138E-01  1.119E-01  1.100E-01  1.081E-01  1.062E-01  1.043E-01  1.025E-01  1.006E-01  9.882E-02  9.701E-02  9.521E-02  9.342E-02  9.165E-02  8.989E-02  8.814E-02  8.640E-02  8.468E-02  8.297E-02  8.128E-02  7.960E-02  7.793E-02  7.627E-02  7.462E-02  7.299E-02  7.138E-02  6.977E-02  6.818E-02  6.660E-02  6.504E-02  6.349E-02  6.195E-02  6.042E-02  5.891E-02  5.741E-02  5.593E-02  5.446E-02  5.300E-02  5.156E-02  5.012E-02  4.871E-02  4.730E-02  4.592E-02
  330.5000  1.355E-01  1.336E-01  1.317E-01  1.297E-01  1.278E-01  1.259E-01  1.240E-01  1.222E-01  1.203E-01  1.184E-01  1.166E-01  1.148E-01  1.129E-01  1.111E-01  1.093E-01  1.075E-01  1.058E-01  1.040E-01  1.022E-01  1.005E-01  9.876E-02  9.704E-02  9.533E-02  9.363E-02  9.195E-02  9.027E-02  8.861E-02  8.696E-02  8.532E-02  8.369E-02  8.208E-02  8.048E-02  7.889E-02  7.731E-02  7.574E-02  7.419E-02  7.264E-02  7.112E-02  6.960E-02  6.809E-02  6.660E-02  6.512E-02  6.365E-02  6.220E-02  6.076E-02  5.932E-02  5.791E-02  5.650E-02  5.511E-02  5.373E-02  5.236E-02  5.101E-02  4.966E-02  4.833E-02  4.702E-02  4.572E-02  4.443E-02  4.315E-02  4.189E-02  4.064E-02  3.941E-02
  331.5000  1.334E-01  1.315E-01  1.296E-01  1.277E-01  1.258E-01  1.240E-01  1.221E-01  1.202E-01  1.184E-01  1.166E-01  1.147E-01  1.129E-01  1.111E-01  1.093E-01  1.075E-01  1.058E-01  1.040E-01  1.023E-01  1.005E-01  9.880E-02  9.709E-02  9.539E-02  9.370E-02  9.202E-02  9.035E-02  8.869E-02  8.706E-02  8.542E-02  8.380E-02  8.220E-02  8.060E-02  7.902E-02  7.745E-02  7.589E-02  7.434E-02  7.280E-02  7.128E-02  6.977E-02  6.828E-02  6.679E-02  6.531E-02  6.385E-02  6.240E-02  6.097E-02  5.955E-02  5.813E-02  5.674E-02  5.535E-02  5.398E-02  5.262E-02  5.127E-02  4.993E-02  4.861E-02  4.730E-02  4.601E-02  4.472E-02  4.345E-02  4.219E-02  4.095E-02  3.972E-02  3.850E-02
  332.5000  1.368E-01  1.349E-01  1.330E-01  1.312E-01  1.293E-01  1.274E-01  1.256E-01  1.237E-01  1.219E-01  1.201E-01  1.183E-01  1.165E-01  1.147E-01  1.129E-01  1.112E-01  1.094E-01  1.077E-01  1.059E-01  1.042E-01  1.025E-01  1.008E-01  9.912E-02  9.744E-02  9.577E-02  9.411E-02  9.246E-02  9.083E-02  8.921E-02  8.759E-02  8.599E-02  8.440E-02  8.282E-02  8.125E-02  7.969E-02  7.815E-02  7.661E-02  7.509E-02  7.358E-02  7.208E-02  7.059E-02  6.911E-02  6.764E-02  6.618E-02  6.474E-02  6.331E-02  6.189E-02  6.048E-02  5.908E-02  5.770E-02  5.633E-02  5.496E-02  5.361E-02  5.227E-02  5.094E-02  4.963E-02  4.833E-02  4.703E-02  4.575E-02  4.448E-02  4.323E-02  4.199E-02
  333.5000  1.265E-01  1.248E-01  1.230E-01  1.212E-01  1.195E-01  1.177E-01  1.160E-01  1.143E-01  1.125E-01  1.108E-01  1.091E-01  1.075E-01  1.058E-01  1.041E-01  1.025E-01  1.008E-01  9.917E-02  9.754E-02  9.592E-02  9.432E-02  9.272E-02  9.114E-02  8.956E-02  8.799E-02  8.644E-02  8.489E-02  8.336E-02  8.184E-02  8.033E-02  7.882E-02  7.733E-02  7.586E-02  7.439E-02  7.293E-02  7.148E-02  7.005E-02  6.862E-02  6.721E-02  6.581E-02  6.441E-02  6.303E-02  6.166E-02  6.030E-02  5.896E-02  5.762E-02  5.630E-02  5.498E-02  5.368E-02  5.239E-02  5.111E-02  4.984E-02  4.859E-02  4.734E-02  4.611E-02  4.489E-02  4.367E-02  4.247E-02  4.129E-02  4.011E-02  3.894E-02  3.780E-02
  334.5000  1.428E-01  1.408E-01  1.388E-01  1.368E-01  1.348E-01  1.329E-01  1.309E-01  1.290E-01  1.271E-01  1.252E-01  1.233E-01  1.214E-01  1.195E-01  1.176E-01  1.158E-01  1.139E-01  1.121E-01  1.103E-01  1.085E-01  1.067E-01  1.049E-01  1.031E-01  1.013E-01  9.959E-02  9.785E-02  9.611E-02  9.440E-02  9.269E-02  9.099E-02  8.931E-02  8.764E-02  8.598E-02  8.434E-02  8.270E-02  8.108E-02  7.946E-02  7.786E-02  7.628E-02  7.471E-02  7.315E-02  7.159E-02  7.006E-02  6.853E-02  6.702E-02  6.552E-02  6.403E-02  6.256E-02  6.109E-02  5.964E-02  5.820E-02  5.678E-02  5.536E-02  5.396E-02  5.257E-02  5.120E-02  4.984E-02  4.849E-02  4.715E-02  4.582E-02  4.451E-02  4.322E-02
  335.5000  1.476E-01  1.455E-01  1.435E-01  1.415E-01  1.395E-01  1.375E-01  1.356E-01  1.336E-01  1.317E-01  1.297E-01  1.278E-01  1.259E-01  1.240E-01  1.221E-01  1.202E-01  1.183E-01  1.164E-01  1.146E-01  1.127E-01  1.109E-01  1.091E-01  1.073E-01  1.055E-01  1.037E-01  1.019E-01  1.001E-01  9.839E-02  9.665E-02  9.492E-02  9.321E-02  9.150E-02  8.981E-02  8.813E-02  8.646E-02  8.481E-02  8.316E-02  8.153E-02  7.991E-02  7.830E-02  7.671E-02  7.512E-02  7.355E-02  7.199E-02  7.045E-02  6.891E-02  6.739E-02  6.587E-02  6.438E-02  6.289E-02  6.142E-02  5.995E-02  5.850E-02  5.707E-02  5.564E-02  5.423E-02  5.283E-02  5.144E-02  5.006E-02  4.870E-02  4.735E-02  4.601E-02
  336.5000  1.149E-01  1.133E-01  1.117E-01  1.101E-01  1.086E-01  1.070E-01  1.055E-01  1.039E-01  1.024E-01  1.009E-01  9.938E-02  9.787E-02  9.638E-02  9.489E-02  9.341E-02  9.195E-02  9.049E-02  8.903E-02  8.759E-02  8.616E-02  8.474E-02  8.332E-02  8.191E-02  8.051E-02  7.913E-02  7.775E-02  7.638E-02  7.502E-02  7.367E-02  7.233E-02  7.099E-02  6.967E-02  6.836E-02  6.705E-02  6.576E-02  6.447E-02  6.320E-02  6.194E-02  6.068E-02  5.943E-02  5.819E-02  5.697E-02  5.575E-02  5.454E-02  5.334E-02  5.215E-02  5.097E-02  4.980E-02  4.865E-02  4.750E-02  4.635E-02  4.522E-02  4.410E-02  4.299E-02  4.189E-02  4.080E-02  3.972E-02  3.864E-02  3.758E-02  3.653E-02  3.549E-02
  337.5000  1.246E-01  1.228E-01  1.211E-01  1.194E-01  1.177E-01  1.160E-01  1.143E-01  1.126E-01  1.109E-01  1.092E-01  1.076E-01  1.059E-01  1.043E-01  1.026E-01  1.010E-01  9.941E-02  9.781E-02  9.622E-02  9.463E-02  9.306E-02  9.150E-02  8.995E-02  8.840E-02  8.687E-02  8.535E-02  8.383E-02  8.234E-02  8.084E-02  7.936E-02  7.789E-02  7.643E-02  7.499E-02  7.355E-02  7.212E-02  7.070E-02  6.930E-02  6.790E-02  6.652E-02  6.514E-02  6.378E-02  6.243E-02  6.108E-02  5.975E-02  5.844E-02  5.713E-02  5.583E-02  5.454E-02  5.326E-02  5.200E-02  5.074E-02  4.950E-02  4.827E-02  4.704E-02  4.583E-02  4.464E-02  4.345E-02  4.227E-02  4.110E-02  3.995E-02  3.880E-02  3.767E-02
  338.5000  1.342E-01  1.324E-01  1.305E-01  1.287E-01  1.269E-01  1.251E-01  1.233E-01  1.215E-01  1.197E-01  1.180E-01  1.162E-01  1.145E-01  1.127E-01  1.110E-01  1.093E-01  1.076E-01  1.059E-01  1.042E-01  1.025E-01  1.009E-01  9.920E-02  9.755E-02  9.592E-02  9.429E-02  9.267E-02  9.107E-02  8.948E-02  8.790E-02  8.633E-02  8.477E-02  8.321E-02  8.168E-02  8.015E-02  7.863E-02  7.713E-02  7.563E-02  7.415E-02  7.268E-02  7.122E-02  6.976E-02  6.832E-02  6.689E-02  6.548E-02  6.407E-02  6.268E-02  6.129E-02  5.992E-02  5.856E-02  5.721E-02  5.587E-02  5.454E-02  5.322E-02  5.192E-02  5.062E-02  4.934E-02  4.807E-02  4.681E-02  4.556E-02  4.432E-02  4.309E-02  4.188E-02
  339.5000  1.464E-01  1.444E-01  1.424E-01  1.404E-01  1.385E-01  1.365E-01  1.346E-01  1.326E-01  1.307E-01  1.288E-01  1.268E-01  1.249E-01  1.230E-01  1.212E-01  1.193E-01  1.174E-01  1.156E-01  1.138E-01  1.119E-01  1.101E-01  1.083E-01  1.065E-01  1.047E-01  1.030E-01  1.012E-01  9.946E-02  9.773E-02  9.600E-02  9.429E-02  9.259E-02  9.090E-02  8.923E-02  8.757E-02  8.591E-02  8.427E-02  8.264E-02  8.103E-02  7.943E-02  7.783E-02  7.625E-02  7.468E-02  7.313E-02  7.158E-02  7.005E-02  6.853E-02  6.703E-02  6.553E-02  6.405E-02  6.258E-02  6.112E-02  5.967E-02  5.823E-02  5.681E-02  5.540E-02  5.400E-02  5.262E-02  5.124E-02  4.988E-02  4.853E-02  4.719E-02  4.587E-02
  340.5000  1.556E-01  1.535E-01  1.513E-01  1.492E-01  1.471E-01  1.450E-01  1.429E-01  1.408E-01  1.387E-01  1.367E-01  1.346E-01  1.326E-01  1.306E-01  1.286E-01  1.266E-01  1.246E-01  1.226E-01  1.206E-01  1.187E-01  1.167E-01  1.148E-01  1.129E-01  1.110E-01  1.091E-01  1.072E-01  1.053E-01  1.035E-01  1.017E-01  9.982E-02  9.801E-02  9.620E-02  9.442E-02  9.264E-02  9.087E-02  8.912E-02  8.738E-02  8.565E-02  8.394E-02  8.224E-02  8.055E-02  7.888E-02  7.722E-02  7.557E-02  7.394E-02  7.231E-02  7.070E-02  6.911E-02  6.753E-02  6.596E-02  6.440E-02  6.286E-02  6.133E-02  5.981E-02  5.831E-02  5.682E-02  5.535E-02  5.388E-02  5.243E-02  5.099E-02  4.957E-02  4.817E-02
  341.5000  1.397E-01  1.378E-01  1.359E-01  1.340E-01  1.321E-01  1.303E-01  1.284E-01  1.266E-01  1.247E-01  1.229E-01  1.211E-01  1.193E-01  1.175E-01  1.157E-01  1.139E-01  1.121E-01  1.104E-01  1.086E-01  1.069E-01  1.051E-01  1.034E-01  1.017E-01  1.000E-01  9.833E-02  9.665E-02  9.499E-02  9.334E-02  9.170E-02  9.007E-02  8.845E-02  8.684E-02  8.525E-02  8.366E-02  8.208E-02  8.052E-02  7.897E-02  7.743E-02  7.591E-02  7.439E-02  7.288E-02  7.139E-02  6.991E-02  6.843E-02  6.698E-02  6.553E-02  6.409E-02  6.267E-02  6.126E-02  5.986E-02  5.847E-02  5.709E-02  5.572E-02  5.436E-02  5.302E-02  5.169E-02  5.037E-02  4.906E-02  4.776E-02  4.647E-02  4.520E-02  4.394E-02
  342.5000  1.552E-01  1.531E-01  1.510E-01  1.489E-01  1.468E-01  1.447E-01  1.427E-01  1.406E-01  1.386E-01  1.366E-01  1.345E-01  1.325E-01  1.305E-01  1.285E-01  1.266E-01  1.246E-01  1.226E-01  1.207E-01  1.188E-01  1.168E-01  1.149E-01  1.130E-01  1.112E-01  1.093E-01  1.074E-01  1.056E-01  1.038E-01  1.019E-01  1.001E-01  9.833E-02  9.655E-02  9.478E-02  9.302E-02  9.127E-02  8.954E-02  8.782E-02  8.611E-02  8.442E-02  8.273E-02  8.106E-02  7.940E-02  7.776E-02  7.613E-02  7.451E-02  7.291E-02  7.131E-02  6.973E-02  6.816E-02  6.661E-02  6.507E-02  6.354E-02  6.202E-02  6.051E-02  5.902E-02  5.755E-02  5.608E-02  5.463E-02  5.319E-02  5.176E-02  5.034E-02  4.894E-02
  343.5000  1.609E-01  1.587E-01  1.565E-01  1.543E-01  1.521E-01  1.500E-01  1.478E-01  1.457E-01  1.435E-01  1.414E-01  1.393E-01  1.372E-01  1.352E-01  1.331E-01  1.310E-01  1.290E-01  1.270E-01  1.249E-01  1.229E-01  1.209E-01  1.190E-01  1.170E-01  1.150E-01  1.131E-01  1.112E-01  1.092E-01  1.073E-01  1.054E-01  1.036E-01  1.017E-01  9.984E-02  9.801E-02  9.618E-02  9.436E-02  9.256E-02  9.077E-02  8.899E-02  8.724E-02  8.549E-02  8.375E-02  8.203E-02  8.032E-02  7.863E-02  7.695E-02  7.528E-02  7.363E-02  7.198E-02  7.036E-02  6.875E-02  6.714E-02  6.556E-02  6.398E-02  6.242E-02  6.087E-02  5.934E-02  5.782E-02  5.631E-02  5.482E-02  5.334E-02  5.187E-02  5.042E-02
  344.5000  1.124E-01  1.109E-01  1.094E-01  1.078E-01  1.063E-01  1.048E-01  1.033E-01  1.018E-01  1.003E-01  9.882E-02  9.734E-02  9.587E-02  9.441E-02  9.296E-02  9.152E-02  9.009E-02  8.866E-02  8.724E-02  8.583E-02  8.443E-02  8.305E-02  8.166E-02  8.029E-02  7.893E-02  7.757E-02  7.622E-02  7.489E-02  7.356E-02  7.224E-02  7.093E-02  6.963E-02  6.834E-02  6.706E-02  6.579E-02  6.452E-02  6.327E-02  6.202E-02  6.079E-02  5.957E-02  5.835E-02  5.714E-02  5.595E-02  5.476E-02  5.358E-02  5.242E-02  5.126E-02  5.011E-02  4.897E-02  4.784E-02  4.672E-02  4.560E-02  4.450E-02  4.341E-02  4.232E-02  4.125E-02  4.019E-02  3.913E-02  3.809E-02  3.705E-02  3.603E-02  3.501E-02
  345.5000  1.557E-01  1.536E-01  1.514E-01  1.494E-01  1.473E-01  1.452E-01  1.431E-01  1.411E-01  1.390E-01  1.370E-01  1.350E-01  1.329E-01  1.309E-01  1.289E-01  1.270E-01  1.250E-01  1.230E-01  1.211E-01  1.192E-01  1.172E-01  1.153E-01  1.134E-01  1.115E-01  1.097E-01  1.078E-01  1.060E-01  1.041E-01  1.023E-01  1.005E-01  9.869E-02  9.690E-02  9.513E-02  9.337E-02  9.162E-02  8.988E-02  8.816E-02  8.645E-02  8.475E-02  8.307E-02  8.139E-02  7.973E-02  7.809E-02  7.645E-02  7.483E-02  7.322E-02  7.163E-02  7.005E-02  6.847E-02  6.692E-02  6.538E-02  6.384E-02  6.233E-02  6.082E-02  5.933E-02  5.785E-02  5.638E-02  5.493E-02  5.348E-02  5.205E-02  5.064E-02  4.924E-02
  346.5000  1.449E-01  1.430E-01  1.410E-01  1.390E-01  1.371E-01  1.351E-01  1.332E-01  1.313E-01  1.293E-01  1.274E-01  1.255E-01  1.237E-01  1.218E-01  1.199E-01  1.181E-01  1.162E-01  1.144E-01  1.126E-01  1.107E-01  1.089E-01  1.072E-01  1.054E-01  1.036E-01  1.019E-01  1.001E-01  9.839E-02  9.667E-02  9.496E-02  9.327E-02  9.158E-02  8.991E-02  8.825E-02  8.660E-02  8.497E-02  8.334E-02  8.173E-02  8.013E-02  7.855E-02  7.697E-02  7.540E-02  7.385E-02  7.231E-02  7.078E-02  6.927E-02  6.777E-02  6.628E-02  6.480E-02  6.333E-02  6.188E-02  6.044E-02  5.901E-02  5.759E-02  5.619E-02  5.479E-02  5.341E-02  5.205E-02  5.069E-02  4.934E-02  4.801E-02  4.669E-02  4.539E-02
  347.5000  1.419E-01  1.399E-01  1.380E-01  1.361E-01  1.342E-01  1.322E-01  1.304E-01  1.285E-01  1.266E-01  1.247E-01  1.229E-01  1.210E-01  1.192E-01  1.174E-01  1.155E-01  1.137E-01  1.120E-01  1.102E-01  1.084E-01  1.066E-01  1.049E-01  1.032E-01  1.014E-01  9.970E-02  9.800E-02  9.630E-02  9.463E-02  9.295E-02  9.129E-02  8.965E-02  8.801E-02  8.639E-02  8.478E-02  8.317E-02  8.158E-02  8.001E-02  7.844E-02  7.689E-02  7.535E-02  7.382E-02  7.230E-02  7.079E-02  6.930E-02  6.782E-02  6.635E-02  6.489E-02  6.344E-02  6.201E-02  6.059E-02  5.918E-02  5.778E-02  5.639E-02  5.502E-02  5.365E-02  5.231E-02  5.097E-02  4.964E-02  4.832E-02  4.702E-02  4.573E-02  4.445E-02
  348.5000  1.564E-01  1.542E-01  1.521E-01  1.500E-01  1.479E-01  1.458E-01  1.437E-01  1.416E-01  1.396E-01  1.375E-01  1.355E-01  1.335E-01  1.314E-01  1.294E-01  1.274E-01  1.254E-01  1.235E-01  1.215E-01  1.196E-01  1.176E-01  1.157E-01  1.138E-01  1.119E-01  1.100E-01  1.081E-01  1.062E-01  1.044E-01  1.026E-01  1.007E-01  9.891E-02  9.711E-02  9.533E-02  9.355E-02  9.179E-02  9.004E-02  8.830E-02  8.658E-02  8.487E-02  8.317E-02  8.149E-02  7.982E-02  7.816E-02  7.651E-02  7.489E-02  7.327E-02  7.166E-02  7.007E-02  6.849E-02  6.693E-02  6.537E-02  6.383E-02  6.231E-02  6.079E-02  5.929E-02  5.781E-02  5.633E-02  5.487E-02  5.342E-02  5.198E-02  5.056E-02  4.916E-02
  349.5000  1.312E-01  1.294E-01  1.276E-01  1.258E-01  1.240E-01  1.223E-01  1.205E-01  1.188E-01  1.170E-01  1.153E-01  1.136E-01  1.119E-01  1.102E-01  1.085E-01  1.068E-01  1.052E-01  1.035E-01  1.019E-01  1.002E-01  9.862E-02  9.700E-02  9.540E-02  9.380E-02  9.221E-02  9.064E-02  8.907E-02  8.752E-02  8.598E-02  8.445E-02  8.292E-02  8.141E-02  7.992E-02  7.842E-02  7.695E-02  7.548E-02  7.402E-02  7.257E-02  7.114E-02  6.972E-02  6.830E-02  6.690E-02  6.551E-02  6.413E-02  6.277E-02  6.141E-02  6.006E-02  5.872E-02  5.740E-02  5.609E-02  5.479E-02  5.349E-02  5.221E-02  5.094E-02  4.969E-02  4.844E-02  4.720E-02  4.598E-02  4.476E-02  4.356E-02  4.237E-02  4.119E-02
  350.5000  1.839E-01  1.814E-01  1.789E-01  1.764E-01  1.739E-01  1.714E-01  1.690E-01  1.665E-01  1.641E-01  1.617E-01  1.593E-01  1.569E-01  1.545E-01  1.522E-01  1.498E-01  1.475E-01  1.452E-01  1.429E-01  1.406E-01  1.383E-01  1.360E-01  1.338E-01  1.315E-01  1.293E-01  1.271E-01  1.249E-01  1.227E-01  1.206E-01  1.184E-01  1.163E-01  1.142E-01  1.121E-01  1.100E-01  1.079E-01  1.058E-01  1.038E-01  1.018E-01  9.976E-02  9.776E-02  9.578E-02  9.382E-02  9.186E-02  8.993E-02  8.802E-02  8.611E-02  8.423E-02  8.235E-02  8.050E-02  7.866E-02  7.683E-02  7.502E-02  7.323E-02  7.145E-02  6.968E-02  6.794E-02  6.621E-02  6.449E-02  6.279E-02  6.110E-02  5.943E-02  5.778E-02
  351.5000  1.585E-01  1.564E-01  1.542E-01  1.521E-01  1.499E-01  1.478E-01  1.457E-01  1.436E-01  1.415E-01  1.394E-01  1.373E-01  1.352E-01  1.332E-01  1.311E-01  1.291E-01  1.271E-01  1.251E-01  1.231E-01  1.211E-01  1.192E-01  1.172E-01  1.153E-01  1.133E-01  1.114E-01  1.095E-01  1.076E-01  1.057E-01  1.039E-01  1.020E-01  1.002E-01  9.834E-02  9.653E-02  9.473E-02  9.294E-02  9.116E-02  8.940E-02  8.765E-02  8.592E-02  8.420E-02  8.249E-02  8.079E-02  7.911E-02  7.744E-02  7.579E-02  7.415E-02  7.252E-02  7.091E-02  6.931E-02  6.772E-02  6.615E-02  6.459E-02  6.304E-02  6.151E-02  5.998E-02  5.848E-02  5.699E-02  5.551E-02  5.404E-02  5.259E-02  5.114E-02  4.972E-02
  352.5000  1.432E-01  1.412E-01  1.393E-01  1.374E-01  1.354E-01  1.335E-01  1.316E-01  1.297E-01  1.278E-01  1.259E-01  1.240E-01  1.222E-01  1.203E-01  1.185E-01  1.166E-01  1.148E-01  1.130E-01  1.112E-01  1.094E-01  1.077E-01  1.059E-01  1.041E-01  1.024E-01  1.007E-01  9.894E-02  9.722E-02  9.553E-02  9.384E-02  9.217E-02  9.050E-02  8.885E-02  8.722E-02  8.559E-02  8.397E-02  8.237E-02  8.078E-02  7.920E-02  7.764E-02  7.608E-02  7.454E-02  7.300E-02  7.149E-02  6.998E-02  6.849E-02  6.701E-02  6.554E-02  6.408E-02  6.263E-02  6.120E-02  5.978E-02  5.837E-02  5.697E-02  5.559E-02  5.421E-02  5.286E-02  5.151E-02  5.017E-02  4.885E-02  4.753E-02  4.623E-02  4.495E-02
  353.5000  1.727E-01  1.704E-01  1.680E-01  1.657E-01  1.634E-01  1.610E-01  1.587E-01  1.564E-01  1.542E-01  1.519E-01  1.496E-01  1.474E-01  1.452E-01  1.429E-01  1.407E-01  1.385E-01  1.363E-01  1.342E-01  1.320E-01  1.299E-01  1.278E-01  1.256E-01  1.235E-01  1.214E-01  1.194E-01  1.173E-01  1.153E-01  1.132E-01  1.112E-01  1.092E-01  1.072E-01  1.052E-01  1.033E-01  1.013E-01  9.940E-02  9.748E-02  9.557E-02  9.369E-02  9.181E-02  8.995E-02  8.811E-02  8.628E-02  8.446E-02  8.266E-02  8.088E-02  7.910E-02  7.735E-02  7.560E-02  7.388E-02  7.217E-02  7.047E-02  6.878E-02  6.711E-02  6.546E-02  6.382E-02  6.220E-02  6.059E-02  5.899E-02  5.741E-02  5.584E-02  5.429E-02
  354.5000  1.873E-01  1.847E-01  1.822E-01  1.797E-01  1.771E-01  1.746E-01  1.721E-01  1.696E-01  1.672E-01  1.647E-01  1.623E-01  1.598E-01  1.574E-01  1.550E-01  1.526E-01  1.502E-01  1.479E-01  1.455E-01  1.432E-01  1.408E-01  1.385E-01  1.362E-01  1.340E-01  1.317E-01  1.295E-01  1.272E-01  1.250E-01  1.228E-01  1.206E-01  1.184E-01  1.163E-01  1.141E-01  1.120E-01  1.099E-01  1.078E-01  1.057E-01  1.037E-01  1.016E-01  9.959E-02  9.757E-02  9.557E-02  9.359E-02  9.162E-02  8.967E-02  8.774E-02  8.582E-02  8.391E-02  8.202E-02  8.016E-02  7.830E-02  7.646E-02  7.463E-02  7.282E-02  7.103E-02  6.926E-02  6.750E-02  6.575E-02  6.402E-02  6.231E-02  6.061E-02  5.893E-02
  355.5000  1.752E-01  1.728E-01  1.704E-01  1.681E-01  1.657E-01  1.634E-01  1.610E-01  1.587E-01  1.564E-01  1.541E-01  1.518E-01  1.495E-01  1.472E-01  1.450E-01  1.428E-01  1.405E-01  1.383E-01  1.361E-01  1.339E-01  1.318E-01  1.296E-01  1.275E-01  1.253E-01  1.232E-01  1.211E-01  1.190E-01  1.169E-01  1.149E-01  1.128E-01  1.108E-01  1.088E-01  1.068E-01  1.048E-01  1.028E-01  1.008E-01  9.889E-02  9.696E-02  9.505E-02  9.315E-02  9.126E-02  8.939E-02  8.753E-02  8.569E-02  8.387E-02  8.206E-02  8.026E-02  7.848E-02  7.671E-02  7.497E-02  7.323E-02  7.151E-02  6.980E-02  6.811E-02  6.643E-02  6.477E-02  6.313E-02  6.149E-02  5.987E-02  5.827E-02  5.668E-02  5.511E-02
  356.5000  1.628E-01  1.605E-01  1.583E-01  1.561E-01  1.539E-01  1.517E-01  1.496E-01  1.474E-01  1.452E-01  1.431E-01  1.410E-01  1.389E-01  1.368E-01  1.347E-01  1.326E-01  1.305E-01  1.285E-01  1.264E-01  1.244E-01  1.224E-01  1.204E-01  1.184E-01  1.164E-01  1.144E-01  1.125E-01  1.105E-01  1.086E-01  1.067E-01  1.048E-01  1.029E-01  1.010E-01  9.914E-02  9.729E-02  9.546E-02  9.364E-02  9.183E-02  9.003E-02  8.826E-02  8.649E-02  8.474E-02  8.300E-02  8.127E-02  7.956E-02  7.787E-02  7.619E-02  7.452E-02  7.286E-02  7.122E-02  6.960E-02  6.799E-02  6.639E-02  6.480E-02  6.323E-02  6.167E-02  6.014E-02  5.861E-02  5.709E-02  5.559E-02  5.410E-02  5.262E-02  5.117E-02
  357.5000  1.385E-01  1.366E-01  1.347E-01  1.329E-01  1.310E-01  1.291E-01  1.273E-01  1.254E-01  1.236E-01  1.218E-01  1.200E-01  1.182E-01  1.164E-01  1.146E-01  1.128E-01  1.111E-01  1.093E-01  1.076E-01  1.058E-01  1.041E-01  1.024E-01  1.007E-01  9.903E-02  9.735E-02  9.568E-02  9.403E-02  9.239E-02  9.076E-02  8.913E-02  8.753E-02  8.593E-02  8.435E-02  8.277E-02  8.121E-02  7.966E-02  7.812E-02  7.659E-02  7.508E-02  7.357E-02  7.208E-02  7.060E-02  6.913E-02  6.768E-02  6.624E-02  6.480E-02  6.338E-02  6.197E-02  6.058E-02  5.920E-02  5.782E-02  5.646E-02  5.511E-02  5.378E-02  5.245E-02  5.114E-02  4.984E-02  4.855E-02  4.727E-02  4.601E-02  4.475E-02  4.351E-02
  358.5000  1.070E-01  1.056E-01  1.041E-01  1.027E-01  1.012E-01  9.979E-02  9.836E-02  9.693E-02  9.552E-02  9.411E-02  9.271E-02  9.132E-02  8.994E-02  8.856E-02  8.719E-02  8.583E-02  8.447E-02  8.313E-02  8.179E-02  8.046E-02  7.914E-02  7.783E-02  7.653E-02  7.523E-02  7.394E-02  7.266E-02  7.140E-02  7.013E-02  6.888E-02  6.764E-02  6.640E-02  6.518E-02  6.396E-02  6.276E-02  6.156E-02  6.037E-02  5.919E-02  5.802E-02  5.686E-02  5.570E-02  5.456E-02  5.343E-02  5.230E-02  5.119E-02  5.008E-02  4.898E-02  4.790E-02  4.682E-02  4.575E-02  4.469E-02  4.364E-02  4.260E-02  4.156E-02  4.054E-02  3.953E-02  3.852E-02  3.753E-02  3.654E-02  3.556E-02  3.459E-02  3.363E-02
  359.5000  1.803E-01  1.778E-01  1.754E-01  1.730E-01  1.705E-01  1.681E-01  1.657E-01  1.633E-01  1.609E-01  1.585E-01  1.562E-01  1.538E-01  1.515E-01  1.492E-01  1.469E-01  1.446E-01  1.423E-01  1.400E-01  1.378E-01  1.355E-01  1.333E-01  1.311E-01  1.289E-01  1.267E-01  1.245E-01  1.224E-01  1.203E-01  1.181E-01  1.160E-01  1.139E-01  1.118E-01  1.098E-01  1.077E-01  1.057E-01  1.037E-01  1.017E-01  9.968E-02  9.771E-02  9.575E-02  9.381E-02  9.188E-02  8.997E-02  8.808E-02  8.620E-02  8.434E-02  8.249E-02  8.065E-02  7.884E-02  7.704E-02  7.525E-02  7.348E-02  7.173E-02  6.999E-02  6.826E-02  6.656E-02  6.487E-02  6.319E-02  6.153E-02  5.988E-02  5.825E-02  5.663E-02
  360.5000  1.673E-01  1.650E-01  1.627E-01  1.605E-01  1.582E-01  1.560E-01  1.537E-01  1.515E-01  1.493E-01  1.471E-01  1.449E-01  1.427E-01  1.406E-01  1.384E-01  1.363E-01  1.341E-01  1.320E-01  1.299E-01  1.278E-01  1.257E-01  1.237E-01  1.216E-01  1.196E-01  1.176E-01  1.155E-01  1.135E-01  1.116E-01  1.096E-01  1.076E-01  1.057E-01  1.037E-01  1.018E-01  9.993E-02  9.805E-02  9.617E-02  9.431E-02  9.246E-02  9.064E-02  8.882E-02  8.702E-02  8.523E-02  8.346E-02  8.170E-02  7.996E-02  7.823E-02  7.651E-02  7.481E-02  7.312E-02  7.146E-02  6.980E-02  6.816E-02  6.653E-02  6.491E-02  6.332E-02  6.174E-02  6.016E-02  5.861E-02  5.707E-02  5.554E-02  5.402E-02  5.253E-02
  361.5000  1.510E-01  1.490E-01  1.469E-01  1.449E-01  1.428E-01  1.408E-01  1.388E-01  1.368E-01  1.348E-01  1.328E-01  1.308E-01  1.288E-01  1.269E-01  1.249E-01  1.230E-01  1.211E-01  1.192E-01  1.173E-01  1.154E-01  1.135E-01  1.116E-01  1.098E-01  1.079E-01  1.061E-01  1.043E-01  1.025E-01  1.007E-01  9.892E-02  9.715E-02  9.539E-02  9.365E-02  9.192E-02  9.020E-02  8.850E-02  8.681E-02  8.513E-02  8.346E-02  8.181E-02  8.017E-02  7.854E-02  7.693E-02  7.533E-02  7.374E-02  7.217E-02  7.061E-02  6.906E-02  6.753E-02  6.600E-02  6.450E-02  6.300E-02  6.152E-02  6.005E-02  5.860E-02  5.715E-02  5.573E-02  5.431E-02  5.290E-02  5.151E-02  5.013E-02  4.877E-02  4.742E-02
  362.5000  1.775E-01  1.751E-01  1.727E-01  1.703E-01  1.679E-01  1.655E-01  1.631E-01  1.608E-01  1.584E-01  1.561E-01  1.538E-01  1.515E-01  1.492E-01  1.469E-01  1.446E-01  1.423E-01  1.401E-01  1.379E-01  1.356E-01  1.334E-01  1.312E-01  1.291E-01  1.269E-01  1.247E-01  1.226E-01  1.205E-01  1.184E-01  1.163E-01  1.142E-01  1.121E-01  1.101E-01  1.081E-01  1.060E-01  1.040E-01  1.020E-01  1.001E-01  9.810E-02  9.616E-02  9.424E-02  9.232E-02  9.042E-02  8.854E-02  8.667E-02  8.483E-02  8.299E-02  8.117E-02  7.937E-02  7.758E-02  7.581E-02  7.405E-02  7.231E-02  7.058E-02  6.887E-02  6.717E-02  6.550E-02  6.383E-02  6.218E-02  6.055E-02  5.893E-02  5.732E-02  5.574E-02
  363.5000  1.581E-01  1.559E-01  1.538E-01  1.516E-01  1.495E-01  1.474E-01  1.453E-01  1.432E-01  1.411E-01  1.390E-01  1.369E-01  1.349E-01  1.328E-01  1.308E-01  1.288E-01  1.267E-01  1.247E-01  1.227E-01  1.208E-01  1.188E-01  1.169E-01  1.149E-01  1.130E-01  1.111E-01  1.092E-01  1.073E-01  1.054E-01  1.035E-01  1.017E-01  9.983E-02  9.801E-02  9.620E-02  9.440E-02  9.261E-02  9.084E-02  8.908E-02  8.734E-02  8.561E-02  8.389E-02  8.219E-02  8.050E-02  7.882E-02  7.716E-02  7.552E-02  7.388E-02  7.226E-02  7.065E-02  6.906E-02  6.749E-02  6.592E-02  6.437E-02  6.283E-02  6.131E-02  5.980E-02  5.830E-02  5.682E-02  5.535E-02  5.390E-02  5.245E-02  5.103E-02  4.962E-02
  364.5000  1.726E-01  1.703E-01  1.679E-01  1.656E-01  1.632E-01  1.609E-01  1.586E-01  1.563E-01  1.540E-01  1.518E-01  1.495E-01  1.472E-01  1.450E-01  1.428E-01  1.406E-01  1.384E-01  1.362E-01  1.340E-01  1.318E-01  1.297E-01  1.276E-01  1.254E-01  1.233E-01  1.212E-01  1.192E-01  1.171E-01  1.150E-01  1.130E-01  1.110E-01  1.090E-01  1.070E-01  1.050E-01  1.030E-01  1.011E-01  9.915E-02  9.723E-02  9.532E-02  9.344E-02  9.156E-02  8.970E-02  8.786E-02  8.602E-02  8.421E-02  8.241E-02  8.063E-02  7.886E-02  7.710E-02  7.536E-02  7.365E-02  7.194E-02  7.024E-02  6.856E-02  6.690E-02  6.525E-02  6.362E-02  6.200E-02  6.040E-02  5.881E-02  5.724E-02  5.568E-02  5.414E-02
  365.5000  2.105E-01  2.076E-01  2.048E-01  2.019E-01  1.991E-01  1.962E-01  1.934E-01  1.906E-01  1.878E-01  1.851E-01  1.823E-01  1.796E-01  1.768E-01  1.741E-01  1.714E-01  1.687E-01  1.661E-01  1.634E-01  1.608E-01  1.581E-01  1.555E-01  1.530E-01  1.504E-01  1.478E-01  1.453E-01  1.428E-01  1.403E-01  1.378E-01  1.353E-01  1.329E-01  1.304E-01  1.280E-01  1.256E-01  1.232E-01  1.209E-01  1.185E-01  1.162E-01  1.139E-01  1.116E-01  1.093E-01  1.071E-01  1.049E-01  1.026E-01  1.005E-01  9.828E-02  9.612E-02  9.398E-02  9.186E-02  8.976E-02  8.768E-02  8.561E-02  8.356E-02  8.153E-02  7.952E-02  7.754E-02  7.556E-02  7.361E-02  7.167E-02  6.975E-02  6.785E-02  6.598E-02
  366.5000  2.231E-01  2.200E-01  2.170E-01  2.139E-01  2.109E-01  2.079E-01  2.049E-01  2.020E-01  1.990E-01  1.961E-01  1.932E-01  1.902E-01  1.873E-01  1.845E-01  1.816E-01  1.788E-01  1.759E-01  1.731E-01  1.703E-01  1.675E-01  1.648E-01  1.620E-01  1.593E-01  1.566E-01  1.539E-01  1.512E-01  1.486E-01  1.460E-01  1.433E-01  1.407E-01  1.382E-01  1.356E-01  1.331E-01  1.306E-01  1.280E-01  1.256E-01  1.231E-01  1.207E-01  1.182E-01  1.158E-01  1.134E-01  1.111E-01  1.087E-01  1.064E-01  1.041E-01  1.018E-01  9.955E-02  9.730E-02  9.508E-02  9.287E-02  9.068E-02  8.851E-02  8.637E-02  8.424E-02  8.213E-02  8.004E-02  7.797E-02  7.592E-02  7.389E-02  7.187E-02  6.989E-02
  367.5000  2.120E-01  2.091E-01  2.062E-01  2.034E-01  2.005E-01  1.976E-01  1.948E-01  1.920E-01  1.892E-01  1.864E-01  1.836E-01  1.808E-01  1.781E-01  1.753E-01  1.726E-01  1.699E-01  1.672E-01  1.646E-01  1.619E-01  1.593E-01  1.566E-01  1.540E-01  1.514E-01  1.489E-01  1.463E-01  1.438E-01  1.412E-01  1.387E-01  1.362E-01  1.338E-01  1.313E-01  1.289E-01  1.265E-01  1.241E-01  1.217E-01  1.193E-01  1.170E-01  1.147E-01  1.124E-01  1.101E-01  1.078E-01  1.056E-01  1.033E-01  1.011E-01  9.893E-02  9.676E-02  9.460E-02  9.247E-02  9.036E-02  8.826E-02  8.618E-02  8.412E-02  8.207E-02  8.005E-02  7.805E-02  7.606E-02  7.410E-02  7.215E-02  7.022E-02  6.830E-02  6.642E-02
  368.5000  1.864E-01  1.839E-01  1.813E-01  1.788E-01  1.763E-01  1.738E-01  1.713E-01  1.688E-01  1.663E-01  1.639E-01  1.614E-01  1.590E-01  1.566E-01  1.542E-01  1.518E-01  1.494E-01  1.470E-01  1.447E-01  1.423E-01  1.400E-01  1.377E-01  1.354E-01  1.331E-01  1.309E-01  1.286E-01  1.264E-01  1.242E-01  1.220E-01  1.198E-01  1.176E-01  1.154E-01  1.133E-01  1.112E-01  1.091E-01  1.070E-01  1.049E-01  1.028E-01  1.008E-01  9.878E-02  9.677E-02  9.477E-02  9.279E-02  9.083E-02  8.889E-02  8.696E-02  8.505E-02  8.315E-02  8.128E-02  7.942E-02  7.757E-02  7.574E-02  7.393E-02  7.214E-02  7.036E-02  6.860E-02  6.685E-02  6.512E-02  6.341E-02  6.171E-02  6.003E-02  5.837E-02
  369.5000  2.239E-01  2.208E-01  2.177E-01  2.147E-01  2.117E-01  2.087E-01  2.057E-01  2.027E-01  1.997E-01  1.968E-01  1.938E-01  1.909E-01  1.880E-01  1.851E-01  1.822E-01  1.794E-01  1.765E-01  1.737E-01  1.709E-01  1.681E-01  1.653E-01  1.626E-01  1.598E-01  1.571E-01  1.544E-01  1.517E-01  1.491E-01  1.464E-01  1.438E-01  1.412E-01  1.386E-01  1.360E-01  1.335E-01  1.309E-01  1.284E-01  1.259E-01  1.235E-01  1.210E-01  1.186E-01  1.162E-01  1.138E-01  1.114E-01  1.090E-01  1.067E-01  1.044E-01  1.021E-01  9.980E-02  9.755E-02  9.532E-02  9.310E-02  9.091E-02  8.873E-02  8.658E-02  8.444E-02  8.233E-02  8.023E-02  7.816E-02  7.610E-02  7.406E-02  7.204E-02  7.005E-02
  370.5000  2.033E-01  2.005E-01  1.977E-01  1.950E-01  1.922E-01  1.895E-01  1.868E-01  1.841E-01  1.814E-01  1.787E-01  1.760E-01  1.734E-01  1.707E-01  1.681E-01  1.655E-01  1.629E-01  1.603E-01  1.577E-01  1.552E-01  1.527E-01  1.501E-01  1.476E-01  1.451E-01  1.427E-01  1.402E-01  1.378E-01  1.354E-01  1.330E-01  1.306E-01  1.282E-01  1.258E-01  1.235E-01  1.212E-01  1.189E-01  1.166E-01  1.143E-01  1.121E-01  1.099E-01  1.076E-01  1.054E-01  1.033E-01  1.011E-01  9.897E-02  9.686E-02  9.475E-02  9.267E-02  9.060E-02  8.855E-02  8.653E-02  8.451E-02  8.252E-02  8.054E-02  7.859E-02  7.665E-02  7.473E-02  7.283E-02  7.094E-02  6.907E-02  6.722E-02  6.539E-02  6.358E-02
  371.5000  2.329E-01  2.297E-01  2.265E-01  2.233E-01  2.202E-01  2.170E-01  2.139E-01  2.108E-01  2.077E-01  2.047E-01  2.016E-01  1.986E-01  1.955E-01  1.925E-01  1.895E-01  1.866E-01  1.836E-01  1.807E-01  1.777E-01  1.748E-01  1.719E-01  1.691E-01  1.662E-01  1.634E-01  1.606E-01  1.578E-01  1.550E-01  1.523E-01  1.495E-01  1.468E-01  1.441E-01  1.414E-01  1.388E-01  1.361E-01  1.335E-01  1.309E-01  1.283E-01  1.258E-01  1.233E-01  1.207E-01  1.182E-01  1.158E-01  1.133E-01  1.109E-01  1.085E-01  1.061E-01  1.037E-01  1.014E-01  9.907E-02  9.676E-02  9.448E-02  9.221E-02  8.997E-02  8.775E-02  8.556E-02  8.338E-02  8.122E-02  7.908E-02  7.696E-02  7.486E-02  7.279E-02
  372.5000  1.722E-01  1.698E-01  1.675E-01  1.651E-01  1.628E-01  1.605E-01  1.582E-01  1.559E-01  1.536E-01  1.513E-01  1.491E-01  1.468E-01  1.446E-01  1.423E-01  1.401E-01  1.379E-01  1.357E-01  1.336E-01  1.314E-01  1.293E-01  1.271E-01  1.250E-01  1.229E-01  1.208E-01  1.187E-01  1.166E-01  1.146E-01  1.126E-01  1.105E-01  1.085E-01  1.065E-01  1.046E-01  1.026E-01  1.006E-01  9.870E-02  9.678E-02  9.487E-02  9.299E-02  9.111E-02  8.925E-02  8.741E-02  8.558E-02  8.376E-02  8.197E-02  8.019E-02  7.842E-02  7.667E-02  7.494E-02  7.322E-02  7.152E-02  6.983E-02  6.816E-02  6.650E-02  6.486E-02  6.323E-02  6.162E-02  6.003E-02  5.845E-02  5.688E-02  5.533E-02  5.380E-02
  373.5000  1.558E-01  1.536E-01  1.515E-01  1.494E-01  1.473E-01  1.452E-01  1.431E-01  1.410E-01  1.390E-01  1.369E-01  1.349E-01  1.328E-01  1.308E-01  1.288E-01  1.268E-01  1.248E-01  1.228E-01  1.208E-01  1.189E-01  1.169E-01  1.150E-01  1.131E-01  1.112E-01  1.093E-01  1.074E-01  1.055E-01  1.037E-01  1.018E-01  9.998E-02  9.816E-02  9.635E-02  9.457E-02  9.279E-02  9.102E-02  8.927E-02  8.753E-02  8.580E-02  8.410E-02  8.240E-02  8.072E-02  7.905E-02  7.739E-02  7.575E-02  7.413E-02  7.252E-02  7.092E-02  6.934E-02  6.776E-02  6.621E-02  6.467E-02  6.314E-02  6.163E-02  6.013E-02  5.864E-02  5.718E-02  5.572E-02  5.428E-02  5.285E-02  5.143E-02  5.003E-02  4.865E-02
  374.5000  1.711E-01  1.688E-01  1.664E-01  1.641E-01  1.618E-01  1.595E-01  1.572E-01  1.549E-01  1.526E-01  1.504E-01  1.481E-01  1.459E-01  1.437E-01  1.415E-01  1.393E-01  1.371E-01  1.349E-01  1.327E-01  1.306E-01  1.284E-01  1.263E-01  1.242E-01  1.221E-01  1.200E-01  1.180E-01  1.159E-01  1.139E-01  1.118E-01  1.098E-01  1.078E-01  1.058E-01  1.039E-01  1.019E-01  9.997E-02  9.804E-02  9.613E-02  9.423E-02  9.236E-02  9.050E-02  8.865E-02  8.681E-02  8.499E-02  8.319E-02  8.141E-02  7.963E-02  7.788E-02  7.614E-02  7.441E-02  7.271E-02  7.101E-02  6.933E-02  6.767E-02  6.602E-02  6.439E-02  6.278E-02  6.118E-02  5.959E-02  5.802E-02  5.647E-02  5.493E-02  5.341E-02
  375.5000  1.933E-01  1.906E-01  1.880E-01  1.854E-01  1.827E-01  1.801E-01  1.775E-01  1.750E-01  1.724E-01  1.699E-01  1.673E-01  1.648E-01  1.623E-01  1.598E-01  1.573E-01  1.548E-01  1.523E-01  1.499E-01  1.475E-01  1.451E-01  1.427E-01  1.403E-01  1.379E-01  1.355E-01  1.332E-01  1.309E-01  1.286E-01  1.263E-01  1.240E-01  1.217E-01  1.195E-01  1.173E-01  1.151E-01  1.129E-01  1.107E-01  1.085E-01  1.064E-01  1.043E-01  1.022E-01  1.001E-01  9.802E-02  9.596E-02  9.393E-02  9.191E-02  8.991E-02  8.793E-02  8.596E-02  8.401E-02  8.209E-02  8.017E-02  7.828E-02  7.640E-02  7.454E-02  7.270E-02  7.088E-02  6.907E-02  6.728E-02  6.550E-02  6.375E-02  6.201E-02  6.029E-02
  376.5000  1.932E-01  1.906E-01  1.879E-01  1.853E-01  1.827E-01  1.801E-01  1.775E-01  1.749E-01  1.723E-01  1.698E-01  1.672E-01  1.647E-01  1.622E-01  1.597E-01  1.572E-01  1.547E-01  1.523E-01  1.498E-01  1.474E-01  1.450E-01  1.426E-01  1.402E-01  1.378E-01  1.355E-01  1.331E-01  1.308E-01  1.285E-01  1.262E-01  1.239E-01  1.217E-01  1.194E-01  1.172E-01  1.150E-01  1.128E-01  1.106E-01  1.085E-01  1.063E-01  1.042E-01  1.021E-01  1.000E-01  9.795E-02  9.589E-02  9.386E-02  9.185E-02  8.984E-02  8.786E-02  8.589E-02  8.395E-02  8.202E-02  8.011E-02  7.821E-02  7.634E-02  7.448E-02  7.263E-02  7.082E-02  6.901E-02  6.722E-02  6.545E-02  6.369E-02  6.196E-02  6.024E-02
  377.5000  2.303E-01  2.271E-01  2.240E-01  2.209E-01  2.178E-01  2.146E-01  2.116E-01  2.085E-01  2.054E-01  2.024E-01  1.993E-01  1.963E-01  1.933E-01  1.903E-01  1.874E-01  1.844E-01  1.815E-01  1.786E-01  1.757E-01  1.728E-01  1.700E-01  1.671E-01  1.643E-01  1.615E-01  1.587E-01  1.559E-01  1.532E-01  1.504E-01  1.477E-01  1.450E-01  1.423E-01  1.397E-01  1.371E-01  1.344E-01  1.318E-01  1.293E-01  1.267E-01  1.242E-01  1.217E-01  1.192E-01  1.167E-01  1.143E-01  1.118E-01  1.094E-01  1.071E-01  1.047E-01  1.023E-01  1.000E-01  9.773E-02  9.545E-02  9.319E-02  9.095E-02  8.874E-02  8.654E-02  8.437E-02  8.222E-02  8.009E-02  7.797E-02  7.588E-02  7.381E-02  7.177E-02
  378.5000  2.513E-01  2.478E-01  2.444E-01  2.410E-01  2.376E-01  2.342E-01  2.308E-01  2.274E-01  2.241E-01  2.208E-01  2.175E-01  2.142E-01  2.109E-01  2.077E-01  2.044E-01  2.012E-01  1.980E-01  1.948E-01  1.917E-01  1.885E-01  1.854E-01  1.823E-01  1.792E-01  1.761E-01  1.731E-01  1.701E-01  1.671E-01  1.641E-01  1.611E-01  1.582E-01  1.553E-01  1.524E-01  1.495E-01  1.466E-01  1.438E-01  1.410E-01  1.382E-01  1.355E-01  1.327E-01  1.300E-01  1.273E-01  1.246E-01  1.220E-01  1.194E-01  1.168E-01  1.142E-01  1.116E-01  1.091E-01  1.066E-01  1.041E-01  1.016E-01  9.918E-02  9.676E-02  9.437E-02  9.200E-02  8.965E-02  8.733E-02  8.502E-02  8.274E-02  8.049E-02  7.826E-02
  379.5000  1.861E-01  1.835E-01  1.810E-01  1.785E-01  1.759E-01  1.734E-01  1.709E-01  1.684E-01  1.660E-01  1.635E-01  1.611E-01  1.586E-01  1.562E-01  1.538E-01  1.514E-01  1.490E-01  1.466E-01  1.443E-01  1.419E-01  1.396E-01  1.373E-01  1.350E-01  1.327E-01  1.304E-01  1.282E-01  1.259E-01  1.237E-01  1.215E-01  1.193E-01  1.171E-01  1.150E-01  1.128E-01  1.107E-01  1.086E-01  1.065E-01  1.044E-01  1.023E-01  1.003E-01  9.825E-02  9.624E-02  9.424E-02  9.226E-02  9.030E-02  8.836E-02  8.643E-02  8.452E-02  8.262E-02  8.075E-02  7.889E-02  7.705E-02  7.522E-02  7.342E-02  7.162E-02  6.985E-02  6.810E-02  6.636E-02  6.464E-02  6.293E-02  6.124E-02  5.957E-02  5.792E-02
  380.5000  2.240E-01  2.209E-01  2.179E-01  2.148E-01  2.118E-01  2.088E-01  2.058E-01  2.028E-01  1.998E-01  1.968E-01  1.939E-01  1.909E-01  1.880E-01  1.851E-01  1.822E-01  1.794E-01  1.765E-01  1.737E-01  1.708E-01  1.680E-01  1.653E-01  1.625E-01  1.597E-01  1.570E-01  1.543E-01  1.516E-01  1.489E-01  1.462E-01  1.436E-01  1.410E-01  1.384E-01  1.358E-01  1.332E-01  1.307E-01  1.281E-01  1.256E-01  1.232E-01  1.207E-01  1.182E-01  1.158E-01  1.134E-01  1.110E-01  1.087E-01  1.063E-01  1.040E-01  1.017E-01  9.943E-02  9.717E-02  9.493E-02  9.272E-02  9.052E-02  8.834E-02  8.618E-02  8.405E-02  8.194E-02  7.985E-02  7.777E-02  7.572E-02  7.369E-02  7.168E-02  6.969E-02
  381.5000  2.107E-01  2.078E-01  2.049E-01  2.021E-01  1.992E-01  1.964E-01  1.936E-01  1.907E-01  1.879E-01  1.851E-01  1.824E-01  1.796E-01  1.769E-01  1.741E-01  1.714E-01  1.687E-01  1.660E-01  1.634E-01  1.607E-01  1.581E-01  1.554E-01  1.528E-01  1.502E-01  1.477E-01  1.451E-01  1.426E-01  1.400E-01  1.375E-01  1.351E-01  1.326E-01  1.301E-01  1.277E-01  1.253E-01  1.229E-01  1.205E-01  1.182E-01  1.158E-01  1.135E-01  1.112E-01  1.089E-01  1.067E-01  1.044E-01  1.022E-01  9.998E-02  9.780E-02  9.563E-02  9.349E-02  9.136E-02  8.926E-02  8.717E-02  8.511E-02  8.306E-02  8.103E-02  7.902E-02  7.704E-02  7.507E-02  7.312E-02  7.119E-02  6.928E-02  6.739E-02  6.552E-02
  382.5000  1.406E-01  1.386E-01  1.367E-01  1.348E-01  1.329E-01  1.310E-01  1.291E-01  1.272E-01  1.253E-01  1.235E-01  1.216E-01  1.198E-01  1.180E-01  1.161E-01  1.143E-01  1.125E-01  1.107E-01  1.090E-01  1.072E-01  1.054E-01  1.037E-01  1.019E-01  1.002E-01  9.848E-02  9.677E-02  9.508E-02  9.340E-02  9.173E-02  9.007E-02  8.842E-02  8.678E-02  8.516E-02  8.355E-02  8.195E-02  8.036E-02  7.879E-02  7.723E-02  7.568E-02  7.415E-02  7.262E-02  7.111E-02  6.962E-02  6.813E-02  6.667E-02  6.521E-02  6.376E-02  6.233E-02  6.091E-02  5.951E-02  5.812E-02  5.674E-02  5.537E-02  5.402E-02  5.268E-02  5.136E-02  5.005E-02  4.875E-02  4.746E-02  4.618E-02  4.492E-02  4.368E-02
  383.5000  1.235E-01  1.218E-01  1.202E-01  1.185E-01  1.168E-01  1.151E-01  1.135E-01  1.118E-01  1.102E-01  1.085E-01  1.069E-01  1.053E-01  1.037E-01  1.021E-01  1.005E-01  9.891E-02  9.733E-02  9.576E-02  9.420E-02  9.265E-02  9.112E-02  8.959E-02  8.806E-02  8.655E-02  8.505E-02  8.356E-02  8.209E-02  8.061E-02  7.915E-02  7.771E-02  7.627E-02  7.484E-02  7.342E-02  7.202E-02  7.062E-02  6.924E-02  6.786E-02  6.651E-02  6.516E-02  6.382E-02  6.249E-02  6.117E-02  5.987E-02  5.858E-02  5.730E-02  5.602E-02  5.477E-02  5.352E-02  5.229E-02  5.106E-02  4.985E-02  4.865E-02  4.746E-02  4.628E-02  4.512E-02  4.397E-02  4.282E-02  4.169E-02  4.057E-02  3.946E-02  3.837E-02
  384.5000  1.856E-01  1.830E-01  1.805E-01  1.780E-01  1.755E-01  1.730E-01  1.705E-01  1.680E-01  1.655E-01  1.631E-01  1.606E-01  1.582E-01  1.558E-01  1.533E-01  1.509E-01  1.486E-01  1.462E-01  1.438E-01  1.415E-01  1.392E-01  1.369E-01  1.346E-01  1.323E-01  1.300E-01  1.278E-01  1.255E-01  1.233E-01  1.211E-01  1.189E-01  1.167E-01  1.145E-01  1.124E-01  1.103E-01  1.082E-01  1.061E-01  1.040E-01  1.019E-01  9.988E-02  9.785E-02  9.584E-02  9.384E-02  9.186E-02  8.990E-02  8.797E-02  8.604E-02  8.413E-02  8.224E-02  8.036E-02  7.851E-02  7.668E-02  7.485E-02  7.305E-02  7.126E-02  6.950E-02  6.775E-02  6.602E-02  6.430E-02  6.260E-02  6.092E-02  5.925E-02  5.761E-02
  385.5000  1.838E-01  1.813E-01  1.788E-01  1.763E-01  1.738E-01  1.713E-01  1.688E-01  1.664E-01  1.639E-01  1.615E-01  1.591E-01  1.566E-01  1.542E-01  1.519E-01  1.495E-01  1.471E-01  1.448E-01  1.424E-01  1.401E-01  1.378E-01  1.355E-01  1.333E-01  1.310E-01  1.287E-01  1.265E-01  1.243E-01  1.221E-01  1.199E-01  1.177E-01  1.156E-01  1.134E-01  1.113E-01  1.092E-01  1.071E-01  1.050E-01  1.030E-01  1.009E-01  9.889E-02  9.688E-02  9.489E-02  9.291E-02  9.095E-02  8.901E-02  8.709E-02  8.518E-02  8.329E-02  8.141E-02  7.956E-02  7.772E-02  7.590E-02  7.410E-02  7.231E-02  7.054E-02  6.879E-02  6.706E-02  6.535E-02  6.365E-02  6.196E-02  6.030E-02  5.865E-02  5.702E-02
  386.5000  1.875E-01  1.850E-01  1.824E-01  1.799E-01  1.773E-01  1.748E-01  1.723E-01  1.697E-01  1.672E-01  1.648E-01  1.623E-01  1.598E-01  1.574E-01  1.549E-01  1.525E-01  1.501E-01  1.477E-01  1.453E-01  1.430E-01  1.406E-01  1.383E-01  1.360E-01  1.336E-01  1.313E-01  1.291E-01  1.268E-01  1.246E-01  1.223E-01  1.201E-01  1.179E-01  1.157E-01  1.135E-01  1.114E-01  1.093E-01  1.071E-01  1.050E-01  1.029E-01  1.009E-01  9.882E-02  9.679E-02  9.477E-02  9.277E-02  9.079E-02  8.883E-02  8.688E-02  8.495E-02  8.304E-02  8.114E-02  7.927E-02  7.741E-02  7.557E-02  7.375E-02  7.194E-02  7.016E-02  6.839E-02  6.664E-02  6.491E-02  6.319E-02  6.149E-02  5.981E-02  5.815E-02
  387.5000  1.745E-01  1.721E-01  1.697E-01  1.673E-01  1.650E-01  1.626E-01  1.602E-01  1.579E-01  1.556E-01  1.533E-01  1.510E-01  1.487E-01  1.464E-01  1.441E-01  1.419E-01  1.396E-01  1.374E-01  1.352E-01  1.330E-01  1.308E-01  1.286E-01  1.265E-01  1.243E-01  1.222E-01  1.201E-01  1.179E-01  1.159E-01  1.138E-01  1.117E-01  1.097E-01  1.076E-01  1.056E-01  1.036E-01  1.016E-01  9.964E-02  9.768E-02  9.574E-02  9.382E-02  9.191E-02  9.001E-02  8.814E-02  8.627E-02  8.443E-02  8.260E-02  8.079E-02  7.900E-02  7.722E-02  7.545E-02  7.371E-02  7.198E-02  7.027E-02  6.858E-02  6.690E-02  6.523E-02  6.359E-02  6.196E-02  6.035E-02  5.875E-02  5.717E-02  5.561E-02  5.407E-02
  388.5000  1.751E-01  1.726E-01  1.703E-01  1.679E-01  1.655E-01  1.631E-01  1.608E-01  1.584E-01  1.561E-01  1.538E-01  1.515E-01  1.492E-01  1.469E-01  1.446E-01  1.423E-01  1.401E-01  1.379E-01  1.356E-01  1.334E-01  1.312E-01  1.290E-01  1.269E-01  1.247E-01  1.226E-01  1.204E-01  1.183E-01  1.162E-01  1.141E-01  1.121E-01  1.100E-01  1.080E-01  1.059E-01  1.039E-01  1.019E-01  9.995E-02  9.798E-02  9.603E-02  9.411E-02  9.219E-02  9.029E-02  8.840E-02  8.653E-02  8.468E-02  8.285E-02  8.103E-02  7.923E-02  7.744E-02  7.567E-02  7.393E-02  7.219E-02  7.047E-02  6.877E-02  6.709E-02  6.542E-02  6.377E-02  6.214E-02  6.052E-02  5.892E-02  5.733E-02  5.576E-02  5.421E-02
  389.5000  2.210E-01  2.179E-01  2.149E-01  2.119E-01  2.089E-01  2.059E-01  2.030E-01  2.000E-01  1.970E-01  1.941E-01  1.912E-01  1.883E-01  1.854E-01  1.825E-01  1.797E-01  1.769E-01  1.740E-01  1.712E-01  1.684E-01  1.656E-01  1.629E-01  1.601E-01  1.574E-01  1.547E-01  1.520E-01  1.493E-01  1.467E-01  1.441E-01  1.414E-01  1.388E-01  1.363E-01  1.337E-01  1.312E-01  1.286E-01  1.261E-01  1.237E-01  1.212E-01  1.188E-01  1.163E-01  1.139E-01  1.116E-01  1.092E-01  1.069E-01  1.045E-01  1.022E-01  9.997E-02  9.772E-02  9.548E-02  9.328E-02  9.109E-02  8.892E-02  8.677E-02  8.464E-02  8.254E-02  8.046E-02  7.839E-02  7.635E-02  7.433E-02  7.233E-02  7.035E-02  6.840E-02
  390.5000  2.173E-01  2.143E-01  2.113E-01  2.084E-01  2.054E-01  2.025E-01  1.996E-01  1.966E-01  1.937E-01  1.909E-01  1.880E-01  1.851E-01  1.823E-01  1.795E-01  1.767E-01  1.739E-01  1.711E-01  1.683E-01  1.656E-01  1.629E-01  1.601E-01  1.575E-01  1.548E-01  1.521E-01  1.495E-01  1.468E-01  1.442E-01  1.416E-01  1.391E-01  1.365E-01  1.340E-01  1.314E-01  1.289E-01  1.265E-01  1.240E-01  1.216E-01  1.191E-01  1.167E-01  1.144E-01  1.120E-01  1.097E-01  1.073E-01  1.050E-01  1.028E-01  1.005E-01  9.826E-02  9.604E-02  9.385E-02  9.168E-02  8.952E-02  8.739E-02  8.528E-02  8.319E-02  8.111E-02  7.907E-02  7.704E-02  7.503E-02  7.305E-02  7.108E-02  6.913E-02  6.721E-02
  391.5000  2.580E-01  2.545E-01  2.510E-01  2.475E-01  2.440E-01  2.405E-01  2.370E-01  2.335E-01  2.301E-01  2.267E-01  2.233E-01  2.199E-01  2.165E-01  2.132E-01  2.098E-01  2.065E-01  2.032E-01  1.999E-01  1.966E-01  1.934E-01  1.902E-01  1.870E-01  1.838E-01  1.806E-01  1.775E-01  1.744E-01  1.713E-01  1.682E-01  1.651E-01  1.621E-01  1.591E-01  1.561E-01  1.531E-01  1.502E-01  1.472E-01  1.443E-01  1.415E-01  1.386E-01  1.358E-01  1.330E-01  1.302E-01  1.274E-01  1.247E-01  1.220E-01  1.193E-01  1.167E-01  1.140E-01  1.114E-01  1.088E-01  1.063E-01  1.037E-01  1.012E-01  9.875E-02  9.629E-02  9.386E-02  9.145E-02  8.906E-02  8.670E-02  8.437E-02  8.206E-02  7.978E-02
  392.5000  1.937E-01  1.911E-01  1.884E-01  1.858E-01  1.831E-01  1.805E-01  1.779E-01  1.753E-01  1.727E-01  1.702E-01  1.676E-01  1.651E-01  1.625E-01  1.600E-01  1.575E-01  1.550E-01  1.525E-01  1.501E-01  1.476E-01  1.452E-01  1.428E-01  1.404E-01  1.380E-01  1.356E-01  1.332E-01  1.309E-01  1.285E-01  1.262E-01  1.239E-01  1.217E-01  1.194E-01  1.171E-01  1.149E-01  1.127E-01  1.105E-01  1.083E-01  1.062E-01  1.040E-01  1.019E-01  9.979E-02  9.770E-02  9.563E-02  9.358E-02  9.155E-02  8.954E-02  8.754E-02  8.556E-02  8.360E-02  8.167E-02  7.974E-02  7.784E-02  7.596E-02  7.409E-02  7.224E-02  7.042E-02  6.861E-02  6.682E-02  6.505E-02  6.330E-02  6.156E-02  5.985E-02
  393.5000  8.431E-02  8.315E-02  8.200E-02  8.085E-02  7.970E-02  7.856E-02  7.743E-02  7.630E-02  7.518E-02  7.406E-02  7.295E-02  7.184E-02  7.073E-02  6.964E-02  6.854E-02  6.746E-02  6.638E-02  6.531E-02  6.424E-02  6.318E-02  6.213E-02  6.108E-02  6.004E-02  5.900E-02  5.797E-02  5.695E-02  5.594E-02  5.493E-02  5.393E-02  5.294E-02  5.195E-02  5.097E-02  5.000E-02  4.904E-02  4.808E-02  4.713E-02  4.619E-02  4.526E-02  4.434E-02  4.342E-02  4.251E-02  4.161E-02  4.071E-02  3.983E-02  3.895E-02  3.808E-02  3.722E-02  3.637E-02  3.553E-02  3.469E-02  3.386E-02  3.304E-02  3.223E-02  3.143E-02  3.063E-02  2.985E-02  2.907E-02  2.830E-02  2.753E-02  2.678E-02  2.603E-02
  394.5000  1.986E-01  1.959E-01  1.931E-01  1.904E-01  1.878E-01  1.851E-01  1.824E-01  1.797E-01  1.771E-01  1.745E-01  1.718E-01  1.692E-01  1.666E-01  1.640E-01  1.615E-01  1.589E-01  1.564E-01  1.538E-01  1.513E-01  1.488E-01  1.463E-01  1.439E-01  1.414E-01  1.390E-01  1.365E-01  1.341E-01  1.318E-01  1.294E-01  1.270E-01  1.247E-01  1.224E-01  1.201E-01  1.178E-01  1.155E-01  1.132E-01  1.110E-01  1.088E-01  1.066E-01  1.044E-01  1.022E-01  1.001E-01  9.798E-02  9.587E-02  9.379E-02  9.172E-02  8.967E-02  8.765E-02  8.564E-02  8.365E-02  8.168E-02  7.973E-02  7.780E-02  7.588E-02  7.399E-02  7.212E-02  7.027E-02  6.843E-02  6.661E-02  6.482E-02  6.304E-02  6.129E-02
  395.5000  2.558E-01  2.523E-01  2.488E-01  2.453E-01  2.418E-01  2.384E-01  2.349E-01  2.315E-01  2.281E-01  2.247E-01  2.213E-01  2.179E-01  2.146E-01  2.113E-01  2.079E-01  2.047E-01  2.014E-01  1.981E-01  1.949E-01  1.917E-01  1.885E-01  1.853E-01  1.821E-01  1.790E-01  1.759E-01  1.727E-01  1.697E-01  1.666E-01  1.636E-01  1.606E-01  1.576E-01  1.546E-01  1.516E-01  1.487E-01  1.458E-01  1.429E-01  1.401E-01  1.373E-01  1.344E-01  1.317E-01  1.289E-01  1.262E-01  1.234E-01  1.208E-01  1.181E-01  1.155E-01  1.128E-01  1.103E-01  1.077E-01  1.052E-01  1.026E-01  1.002E-01  9.769E-02  9.525E-02  9.284E-02  9.045E-02  8.809E-02  8.575E-02  8.344E-02  8.115E-02  7.889E-02
  396.5000  1.503E-01  1.483E-01  1.462E-01  1.442E-01  1.421E-01  1.401E-01  1.381E-01  1.361E-01  1.341E-01  1.321E-01  1.301E-01  1.281E-01  1.261E-01  1.242E-01  1.222E-01  1.203E-01  1.184E-01  1.164E-01  1.145E-01  1.126E-01  1.108E-01  1.089E-01  1.070E-01  1.052E-01  1.034E-01  1.015E-01  9.972E-02  9.792E-02  9.613E-02  9.436E-02  9.260E-02  9.086E-02  8.912E-02  8.740E-02  8.569E-02  8.400E-02  8.232E-02  8.065E-02  7.900E-02  7.736E-02  7.574E-02  7.413E-02  7.253E-02  7.096E-02  6.939E-02  6.784E-02  6.630E-02  6.478E-02  6.327E-02  6.178E-02  6.030E-02  5.884E-02  5.739E-02  5.596E-02  5.454E-02  5.314E-02  5.175E-02  5.038E-02  4.901E-02  4.767E-02  4.634E-02
  397.5000  1.737E-01  1.713E-01  1.689E-01  1.665E-01  1.642E-01  1.618E-01  1.595E-01  1.572E-01  1.548E-01  1.525E-01  1.502E-01  1.480E-01  1.457E-01  1.434E-01  1.412E-01  1.389E-01  1.367E-01  1.345E-01  1.323E-01  1.301E-01  1.279E-01  1.258E-01  1.236E-01  1.215E-01  1.194E-01  1.173E-01  1.152E-01  1.131E-01  1.110E-01  1.090E-01  1.069E-01  1.049E-01  1.029E-01  1.009E-01  9.896E-02  9.700E-02  9.506E-02  9.314E-02  9.123E-02  8.934E-02  8.746E-02  8.560E-02  8.376E-02  8.193E-02  8.012E-02  7.833E-02  7.655E-02  7.480E-02  7.306E-02  7.133E-02  6.963E-02  6.794E-02  6.626E-02  6.461E-02  6.297E-02  6.135E-02  5.975E-02  5.816E-02  5.659E-02  5.503E-02  5.350E-02
  398.5000  2.987E-01  2.946E-01  2.905E-01  2.865E-01  2.824E-01  2.784E-01  2.743E-01  2.703E-01  2.663E-01  2.624E-01  2.584E-01  2.545E-01  2.506E-01  2.467E-01  2.428E-01  2.390E-01  2.352E-01  2.313E-01  2.276E-01  2.238E-01  2.201E-01  2.163E-01  2.126E-01  2.090E-01  2.053E-01  2.017E-01  1.981E-01  1.945E-01  1.910E-01  1.874E-01  1.839E-01  1.805E-01  1.770E-01  1.736E-01  1.702E-01  1.668E-01  1.635E-01  1.602E-01  1.569E-01  1.536E-01  1.504E-01  1.472E-01  1.440E-01  1.409E-01  1.378E-01  1.347E-01  1.316E-01  1.286E-01  1.256E-01  1.226E-01  1.197E-01  1.168E-01  1.139E-01  1.111E-01  1.083E-01  1.055E-01  1.027E-01  9.998E-02  9.728E-02  9.461E-02  9.197E-02
  399.5000  3.110E-01  3.067E-01  3.025E-01  2.983E-01  2.940E-01  2.898E-01  2.856E-01  2.815E-01  2.773E-01  2.732E-01  2.691E-01  2.650E-01  2.609E-01  2.568E-01  2.528E-01  2.488E-01  2.448E-01  2.409E-01  2.369E-01  2.330E-01  2.291E-01  2.252E-01  2.214E-01  2.175E-01  2.137E-01  2.100E-01  2.062E-01  2.025E-01  1.988E-01  1.951E-01  1.915E-01  1.879E-01  1.843E-01  1.807E-01  1.772E-01  1.736E-01  1.702E-01  1.667E-01  1.633E-01  1.599E-01  1.565E-01  1.532E-01  1.499E-01  1.466E-01  1.434E-01  1.402E-01  1.370E-01  1.338E-01  1.307E-01  1.276E-01  1.246E-01  1.216E-01  1.186E-01  1.156E-01  1.127E-01  1.098E-01  1.069E-01  1.040E-01  1.012E-01  9.844E-02  9.570E-02
------------------------------------------------------------
Dose rates,W m-2
   1 = UV index (WMO, 1994; Webb et al., 2011)           
   2 = Previtamin-D3 (CIE 2006)                          
values at z =      0.025 km
Columns: time,sza,weighting spectra
time,hrs.  sza,deg.          1          2
   18.0000     70.270  9.117E-01  3.093E-02
   18.0167     70.477  8.924E-01  3.009E-02
   18.0333     70.684  8.734E-01  2.926E-02
   18.0500     70.890  8.547E-01  2.844E-02
   18.0667     71.096  8.361E-01  2.764E-02
   18.0833     71.303  8.179E-01  2.686E-02
   18.1000     71.509  8.000E-01  2.609E-02
   18.1167     71.715  7.823E-01  2.534E-02
   18.1333     71.921  7.648E-01  2.461E-02
   18.1500     72.127  7.477E-01  2.389E-02
   18.1667     72.333  7.308E-01  2.318E-02
   18.1833     72.539  7.142E-01  2.249E-02
   18.2000     72.745  6.978E-01  2.181E-02
   18.2167     72.950  6.817E-01  2.115E-02
   18.2333     73.156  6.658E-01  2.050E-02
   18.2500     73.361  6.503E-01  1.987E-02
   18.2667     73.566  6.349E-01  1.925E-02
   18.2833     73.772  6.198E-01  1.865E-02
   18.3000     73.977  6.049E-01  1.805E-02
   18.3167     74.182  5.903E-01  1.748E-02
   18.3333     74.387  5.760E-01  1.691E-02
   18.3500     74.592  5.618E-01  1.636E-02
   18.3667     74.797  5.479E-01  1.582E-02
   18.3833     75.001  5.343E-01  1.530E-02
   18.4000     75.206  5.208E-01  1.479E-02
   18.4167     75.411  5.076E-01  1.429E-02
   18.4333     75.614  4.947E-01  1.380E-02
   18.4500     75.819  4.820E-01  1.333E-02
   18.4667     76.023  4.695E-01  1.287E-02
   18.4833     76.227  4.572E-01  1.242E-02
   18.5000     76.431  4.451E-01  1.198E-02
   18.5167     76.635  4.333E-01  1.156E-02
   18.5333     76.839  4.217E-01  1.114E-02
   18.5500     77.042  4.102E-01  1.074E-02
   18.5667     77.246  3.990E-01  1.035E-02
   18.5833     77.450  3.880E-01  9.965E-03
   18.6000     77.653  3.773E-01  9.595E-03
   18.6167     77.856  3.667E-01  9.236E-03
   18.6333     78.059  3.563E-01  8.887E-03
   18.6500     78.262  3.461E-01  8.548E-03
   18.6667     78.465  3.362E-01  8.220E-03
   18.6833     78.668  3.264E-01  7.901E-03
   18.7000     78.870  3.168E-01  7.592E-03
   18.7167     79.072  3.074E-01  7.293E-03
   18.7333     79.275  2.982E-01  7.003E-03
   18.7500     79.477  2.892E-01  6.722E-03
   18.7667     79.679  2.803E-01  6.450E-03
   18.7833     79.882  2.717E-01  6.187E-03
   18.8000     80.083  2.632E-01  5.933E-03
   18.8167     80.285  2.549E-01  5.687E-03
   18.8333     80.487  2.468E-01  5.449E-03
   18.8500     80.688  2.388E-01  5.219E-03
   18.8667     80.890  2.310E-01  4.997E-03
   18.8833     81.091  2.234E-01  4.783E-03
   18.9000     81.292  2.160E-01  4.577E-03
   18.9167     81.493  2.087E-01  4.378E-03
   18.9333     81.694  2.016E-01  4.186E-03
   18.9500     81.895  1.946E-01  4.001E-03
   18.9667     82.095  1.878E-01  3.822E-03
   18.9833     82.296  1.811E-01  3.651E-03
   19.0000     82.496  1.746E-01  3.486E-03
------------------------------------------------------------
