Spectral Irradiance,W m-2 nm-1
values at z =      0.025 km
Columns: wavelength (nm),times (hrs.) or sza (deg.)
    wc,nm     18.000     18.017     18.033     18.050     18.067     18.083     18.100     18.117     18.133     18.150     18.167     18.183     18.200     18.217     18.233     18.250     18.267     18.283     18.300     18.317     18.333     18.350     18.367     18.383     18.400     18.417     18.433     18.450     18.467     18.483     18.500     18.517     18.533     18.550     18.567     18.583     18.600     18.617     18.633     18.650     18.667     18.683     18.700     18.717     18.733     18.750     18.767     18.783     18.800     18.817     18.833     18.850     18.867     18.883     18.900     18.917     18.933     18.950     18.967     18.983     19.000
    sza =      68.540     68.745     68.951     69.155     69.360     69.565     69.770     69.975     70.180     70.384     70.588     70.793     70.997     71.201     71.406     71.609     71.813     72.017     72.221     72.424     72.627     72.831     73.034     73.237     73.440     73.643     73.845     74.048     74.251     74.453     74.656     74.857     75.060     75.262     75.463     75.665     75.867     76.068     76.269     76.471     76.672     76.873     77.074     77.274     77.475     77.675     77.876     78.076     78.275     78.475     78.675     78.875     79.075     79.274     79.473     79.672     79.871     80.070     80.269     80.467     80.665
  280.5000  1.418E-25  1.393E-25  1.368E-25  1.344E-25  1.321E-25  1.299E-25  1.277E-25  1.256E-25  1.235E-25  1.215E-25  1.196E-25  1.176E-25  1.158E-25  1.140E-25  1.122E-25  1.105E-25  1.088E-25  1.071E-25  1.055E-25  1.039E-25  1.023E-25  1.008E-25  9.930E-26  9.784E-26  9.640E-26  9.499E-26  9.361E-26  9.225E-26  9.091E-26  8.960E-26  8.831E-26  8.704E-26  8.579E-26  8.456E-26  8.335E-26  8.216E-26  8.099E-26  7.984E-26  7.870E-26  7.757E-26  7.646E-26  7.537E-26  7.429E-26  7.323E-26  7.217E-26  7.113E-26  7.010E-26  6.909E-26  6.808E-26  6.709E-26  6.610E-26  6.513E-26  6.417E-26  6.321E-26  6.227E-26  6.133E-26  6.040E-26  5.948E-26  5.856E-26  5.766E-26  5.676E-26
  281.5000  2.945E-23  2.891E-23  2.839E-23  2.788E-23  2.739E-23  2.691E-23  2.645E-23  2.600E-23  2.556E-23  2.513E-23  2.472E-23  2.431E-23  2.392E-23  2.353E-23  2.315E-23  2.279E-23  2.243E-23  2.208E-23  2.174E-23  2.140E-23  2.107E-23  2.075E-23  2.044E-23  2.013E-23  1.983E-23  1.953E-23  1.924E-23  1.896E-23  1.868E-23  1.840E-23  1.813E-23  1.787E-23  1.761E-23  1.735E-23  1.710E-23  1.685E-23  1.660E-23  1.636E-23  1.613E-23  1.589E-23  1.566E-23  1.543E-23  1.521E-23  1.499E-23  1.477E-23  1.455E-23  1.434E-23  1.413E-23  1.392E-23  1.372E-23  1.351E-23  1.331E-23  1.311E-23  1.291E-23  1.272E-23  1.253E-23  1.233E-23  1.214E-23  1.195E-23  1.177E-23  1.158E-23
  282.5000  1.982E-21  1.945E-21  1.909E-21  1.874E-21  1.840E-21  1.807E-21  1.775E-21  1.744E-21  1.714E-21  1.684E-21  1.656E-21  1.628E-21  1.601E-21  1.574E-21  1.549E-21  1.524E-21  1.499E-21  1.475E-21  1.452E-21  1.429E-21  1.406E-21  1.385E-21  1.363E-21  1.342E-21  1.322E-21  1.301E-21  1.282E-21  1.262E-21  1.243E-21  1.225E-21  1.206E-21  1.189E-21  1.171E-21  1.153E-21  1.136E-21  1.120E-21  1.103E-21  1.087E-21  1.071E-21  1.055E-21  1.039E-21  1.024E-21  1.009E-21  9.941E-22  9.794E-22  9.649E-22  9.505E-22  9.364E-22  9.224E-22  9.086E-22  8.949E-22  8.814E-22  8.681E-22  8.548E-22  8.418E-22  8.288E-22  8.160E-22  8.032E-22  7.906E-22  7.781E-22  7.658E-22
  283.5000  2.760E-20  2.707E-20  2.655E-20  2.606E-20  2.558E-20  2.511E-20  2.466E-20  2.422E-20  2.379E-20  2.338E-20  2.297E-20  2.258E-20  2.220E-20  2.183E-20  2.146E-20  2.111E-20  2.076E-20  2.042E-20  2.010E-20  1.977E-20  1.946E-20  1.915E-20  1.885E-20  1.856E-20  1.827E-20  1.799E-20  1.771E-20  1.744E-20  1.717E-20  1.691E-20  1.665E-20  1.640E-20  1.616E-20  1.591E-20  1.567E-20  1.544E-20  1.521E-20  1.498E-20  1.476E-20  1.454E-20  1.432E-20  1.411E-20  1.390E-20  1.369E-20  1.349E-20  1.328E-20  1.308E-20  1.289E-20  1.269E-20  1.250E-20  1.231E-20  1.212E-20  1.194E-20  1.175E-20  1.157E-20  1.139E-20  1.122E-20  1.104E-20  1.086E-20  1.069E-20  1.052E-20
  284.5000  2.070E-18  2.029E-18  1.989E-18  1.950E-18  1.912E-18  1.876E-18  1.841E-18  1.807E-18  1.774E-18  1.742E-18  1.710E-18  1.680E-18  1.650E-18  1.621E-18  1.593E-18  1.566E-18  1.540E-18  1.514E-18  1.488E-18  1.464E-18  1.440E-18  1.416E-18  1.393E-18  1.371E-18  1.349E-18  1.327E-18  1.306E-18  1.285E-18  1.265E-18  1.245E-18  1.226E-18  1.207E-18  1.188E-18  1.170E-18  1.152E-18  1.134E-18  1.117E-18  1.100E-18  1.083E-18  1.066E-18  1.050E-18  1.034E-18  1.018E-18  1.002E-18  9.871E-19  9.719E-19  9.570E-19  9.423E-19  9.278E-19  9.135E-19  8.993E-19  8.853E-19  8.715E-19  8.578E-19  8.444E-19  8.310E-19  8.178E-19  8.047E-19  7.918E-19  7.789E-19  7.663E-19
  285.5000  3.186E-17  3.120E-17  3.056E-17  2.995E-17  2.935E-17  2.877E-17  2.822E-17  2.767E-17  2.715E-17  2.664E-17  2.615E-17  2.567E-17  2.520E-17  2.475E-17  2.431E-17  2.388E-17  2.346E-17  2.305E-17  2.265E-17  2.227E-17  2.189E-17  2.152E-17  2.116E-17  2.081E-17  2.047E-17  2.013E-17  1.980E-17  1.948E-17  1.916E-17  1.886E-17  1.855E-17  1.826E-17  1.797E-17  1.768E-17  1.740E-17  1.713E-17  1.686E-17  1.660E-17  1.634E-17  1.608E-17  1.583E-17  1.558E-17  1.534E-17  1.510E-17  1.486E-17  1.463E-17  1.440E-17  1.417E-17  1.395E-17  1.373E-17  1.352E-17  1.330E-17  1.309E-17  1.288E-17  1.268E-17  1.247E-17  1.227E-17  1.207E-17  1.187E-17  1.168E-17  1.149E-17
  286.5000  1.182E-15  1.156E-15  1.132E-15  1.108E-15  1.086E-15  1.064E-15  1.042E-15  1.022E-15  1.002E-15  9.825E-16  9.638E-16  9.456E-16  9.279E-16  9.107E-16  8.940E-16  8.778E-16  8.620E-16  8.466E-16  8.316E-16  8.170E-16  8.028E-16  7.889E-16  7.754E-16  7.622E-16  7.492E-16  7.366E-16  7.243E-16  7.123E-16  7.005E-16  6.889E-16  6.776E-16  6.666E-16  6.557E-16  6.451E-16  6.347E-16  6.244E-16  6.144E-16  6.046E-16  5.949E-16  5.854E-16  5.760E-16  5.668E-16  5.578E-16  5.489E-16  5.402E-16  5.316E-16  5.231E-16  5.147E-16  5.065E-16  4.984E-16  4.904E-16  4.825E-16  4.747E-16  4.670E-16  4.594E-16  4.519E-16  4.445E-16  4.372E-16  4.299E-16  4.228E-16  4.157E-16
  287.5000  2.443E-14  2.389E-14  2.336E-14  2.285E-14  2.236E-14  2.189E-14  2.144E-14  2.100E-14  2.057E-14  2.016E-14  1.976E-14  1.937E-14  1.900E-14  1.863E-14  1.828E-14  1.793E-14  1.760E-14  1.727E-14  1.696E-14  1.665E-14  1.635E-14  1.606E-14  1.577E-14  1.549E-14  1.522E-14  1.496E-14  1.470E-14  1.445E-14  1.420E-14  1.396E-14  1.372E-14  1.349E-14  1.327E-14  1.304E-14  1.283E-14  1.261E-14  1.240E-14  1.220E-14  1.200E-14  1.180E-14  1.161E-14  1.142E-14  1.123E-14  1.105E-14  1.087E-14  1.069E-14  1.052E-14  1.034E-14  1.018E-14  1.001E-14  9.844E-15  9.682E-15  9.522E-15  9.364E-15  9.209E-15  9.055E-15  8.904E-15  8.754E-15  8.606E-15  8.459E-15  8.315E-15
  288.5000  5.045E-13  4.925E-13  4.809E-13  4.699E-13  4.593E-13  4.490E-13  4.392E-13  4.297E-13  4.205E-13  4.116E-13  4.030E-13  3.948E-13  3.867E-13  3.789E-13  3.714E-13  3.641E-13  3.570E-13  3.501E-13  3.434E-13  3.368E-13  3.305E-13  3.243E-13  3.183E-13  3.124E-13  3.067E-13  3.012E-13  2.958E-13  2.905E-13  2.853E-13  2.802E-13  2.753E-13  2.705E-13  2.658E-13  2.611E-13  2.566E-13  2.522E-13  2.479E-13  2.436E-13  2.395E-13  2.354E-13  2.314E-13  2.275E-13  2.236E-13  2.198E-13  2.161E-13  2.125E-13  2.089E-13  2.054E-13  2.019E-13  1.985E-13  1.951E-13  1.918E-13  1.885E-13  1.853E-13  1.822E-13  1.790E-13  1.760E-13  1.729E-13  1.699E-13  1.669E-13  1.640E-13
  289.5000  7.737E-12  7.542E-12  7.355E-12  7.176E-12  7.005E-12  6.840E-12  6.683E-12  6.531E-12  6.384E-12  6.244E-12  6.108E-12  5.977E-12  5.850E-12  5.727E-12  5.608E-12  5.494E-12  5.382E-12  5.274E-12  5.169E-12  5.067E-12  4.968E-12  4.872E-12  4.778E-12  4.687E-12  4.598E-12  4.512E-12  4.428E-12  4.346E-12  4.266E-12  4.188E-12  4.111E-12  4.037E-12  3.964E-12  3.893E-12  3.823E-12  3.755E-12  3.689E-12  3.624E-12  3.560E-12  3.497E-12  3.436E-12  3.376E-12  3.317E-12  3.260E-12  3.203E-12  3.147E-12  3.092E-12  3.039E-12  2.986E-12  2.934E-12  2.883E-12  2.833E-12  2.783E-12  2.735E-12  2.687E-12  2.640E-12  2.593E-12  2.547E-12  2.502E-12  2.457E-12  2.414E-12
  290.5000  7.459E-11  7.257E-11  7.065E-11  6.882E-11  6.708E-11  6.541E-11  6.381E-11  6.228E-11  6.081E-11  5.941E-11  5.805E-11  5.675E-11  5.549E-11  5.427E-11  5.310E-11  5.196E-11  5.087E-11  4.980E-11  4.877E-11  4.777E-11  4.681E-11  4.587E-11  4.495E-11  4.406E-11  4.320E-11  4.236E-11  4.154E-11  4.074E-11  3.997E-11  3.921E-11  3.847E-11  3.775E-11  3.705E-11  3.636E-11  3.569E-11  3.503E-11  3.439E-11  3.377E-11  3.315E-11  3.255E-11  3.197E-11  3.139E-11  3.083E-11  3.028E-11  2.973E-11  2.920E-11  2.868E-11  2.817E-11  2.767E-11  2.717E-11  2.669E-11  2.621E-11  2.574E-11  2.528E-11  2.482E-11  2.438E-11  2.394E-11  2.350E-11  2.308E-11  2.265E-11  2.224E-11
  291.5000  6.546E-10  6.348E-10  6.162E-10  5.986E-10  5.819E-10  5.660E-10  5.509E-10  5.365E-10  5.228E-10  5.098E-10  4.972E-10  4.852E-10  4.737E-10  4.626E-10  4.520E-10  4.417E-10  4.318E-10  4.222E-10  4.130E-10  4.041E-10  3.955E-10  3.871E-10  3.789E-10  3.711E-10  3.634E-10  3.560E-10  3.488E-10  3.418E-10  3.350E-10  3.283E-10  3.218E-10  3.155E-10  3.094E-10  3.034E-10  2.976E-10  2.918E-10  2.863E-10  2.808E-10  2.755E-10  2.703E-10  2.652E-10  2.603E-10  2.554E-10  2.506E-10  2.460E-10  2.414E-10  2.369E-10  2.325E-10  2.282E-10  2.240E-10  2.198E-10  2.157E-10  2.117E-10  2.078E-10  2.039E-10  2.001E-10  1.964E-10  1.927E-10  1.891E-10  1.855E-10  1.820E-10
  292.5000  3.738E-09  3.612E-09  3.493E-09  3.382E-09  3.276E-09  3.177E-09  3.084E-09  2.995E-09  2.912E-09  2.832E-09  2.756E-09  2.684E-09  2.615E-09  2.549E-09  2.486E-09  2.426E-09  2.368E-09  2.312E-09  2.258E-09  2.206E-09  2.156E-09  2.108E-09  2.062E-09  2.016E-09  1.973E-09  1.930E-09  1.889E-09  1.850E-09  1.811E-09  1.773E-09  1.737E-09  1.701E-09  1.667E-09  1.633E-09  1.600E-09  1.568E-09  1.537E-09  1.507E-09  1.477E-09  1.448E-09  1.419E-09  1.392E-09  1.365E-09  1.338E-09  1.312E-09  1.287E-09  1.262E-09  1.238E-09  1.214E-09  1.191E-09  1.168E-09  1.145E-09  1.123E-09  1.102E-09  1.081E-09  1.060E-09  1.039E-09  1.019E-09  9.994E-10  9.800E-10  9.609E-10
  293.5000  2.532E-08  2.435E-08  2.344E-08  2.259E-08  2.180E-08  2.105E-08  2.035E-08  1.970E-08  1.908E-08  1.849E-08  1.794E-08  1.742E-08  1.692E-08  1.645E-08  1.601E-08  1.558E-08  1.517E-08  1.478E-08  1.441E-08  1.405E-08  1.371E-08  1.338E-08  1.307E-08  1.276E-08  1.247E-08  1.218E-08  1.191E-08  1.164E-08  1.138E-08  1.113E-08  1.089E-08  1.066E-08  1.043E-08  1.021E-08  9.991E-09  9.781E-09  9.577E-09  9.379E-09  9.185E-09  8.996E-09  8.812E-09  8.632E-09  8.456E-09  8.286E-09  8.118E-09  7.954E-09  7.794E-09  7.638E-09  7.485E-09  7.335E-09  7.188E-09  7.044E-09  6.903E-09  6.765E-09  6.630E-09  6.497E-09  6.367E-09  6.239E-09  6.113E-09  5.990E-09  5.869E-09
  294.5000  9.739E-08  9.325E-08  8.938E-08  8.579E-08  8.243E-08  7.929E-08  7.635E-08  7.360E-08  7.102E-08  6.861E-08  6.633E-08  6.419E-08  6.217E-08  6.026E-08  5.845E-08  5.674E-08  5.512E-08  5.357E-08  5.210E-08  5.070E-08  4.936E-08  4.808E-08  4.686E-08  4.568E-08  4.455E-08  4.347E-08  4.243E-08  4.142E-08  4.045E-08  3.951E-08  3.860E-08  3.773E-08  3.688E-08  3.606E-08  3.526E-08  3.448E-08  3.373E-08  3.300E-08  3.229E-08  3.159E-08  3.092E-08  3.026E-08  2.962E-08  2.900E-08  2.839E-08  2.779E-08  2.721E-08  2.664E-08  2.609E-08  2.555E-08  2.502E-08  2.450E-08  2.399E-08  2.349E-08  2.300E-08  2.253E-08  2.206E-08  2.160E-08  2.115E-08  2.071E-08  2.027E-08
  295.5000  5.435E-07  5.180E-07  4.942E-07  4.721E-07  4.514E-07  4.321E-07  4.141E-07  3.972E-07  3.814E-07  3.667E-07  3.529E-07  3.399E-07  3.277E-07  3.162E-07  3.055E-07  2.953E-07  2.857E-07  2.767E-07  2.681E-07  2.600E-07  2.523E-07  2.450E-07  2.381E-07  2.315E-07  2.251E-07  2.191E-07  2.133E-07  2.078E-07  2.025E-07  1.974E-07  1.925E-07  1.878E-07  1.832E-07  1.788E-07  1.746E-07  1.705E-07  1.665E-07  1.627E-07  1.589E-07  1.553E-07  1.518E-07  1.484E-07  1.451E-07  1.419E-07  1.387E-07  1.356E-07  1.327E-07  1.298E-07  1.269E-07  1.241E-07  1.214E-07  1.188E-07  1.162E-07  1.137E-07  1.112E-07  1.088E-07  1.064E-07  1.041E-07  1.019E-07  9.964E-08  9.747E-08
  296.5000  1.924E-06  1.828E-06  1.739E-06  1.656E-06  1.578E-06  1.504E-06  1.436E-06  1.372E-06  1.312E-06  1.256E-06  1.203E-06  1.154E-06  1.108E-06  1.064E-06  1.024E-06  9.855E-07  9.495E-07  9.157E-07  8.838E-07  8.537E-07  8.253E-07  7.985E-07  7.731E-07  7.490E-07  7.262E-07  7.045E-07  6.839E-07  6.643E-07  6.456E-07  6.277E-07  6.106E-07  5.943E-07  5.786E-07  5.635E-07  5.491E-07  5.351E-07  5.217E-07  5.088E-07  4.963E-07  4.843E-07  4.726E-07  4.613E-07  4.504E-07  4.398E-07  4.295E-07  4.195E-07  4.097E-07  4.003E-07  3.911E-07  3.821E-07  3.734E-07  3.648E-07  3.565E-07  3.484E-07  3.405E-07  3.328E-07  3.252E-07  3.178E-07  3.106E-07  3.035E-07  2.966E-07
  297.5000  7.116E-06  6.754E-06  6.414E-06  6.096E-06  5.796E-06  5.514E-06  5.249E-06  5.000E-06  4.767E-06  4.548E-06  4.342E-06  4.149E-06  3.968E-06  3.797E-06  3.637E-06  3.487E-06  3.346E-06  3.213E-06  3.088E-06  2.971E-06  2.860E-06  2.756E-06  2.657E-06  2.565E-06  2.477E-06  2.394E-06  2.315E-06  2.241E-06  2.170E-06  2.103E-06  2.040E-06  1.979E-06  1.921E-06  1.866E-06  1.813E-06  1.763E-06  1.715E-06  1.668E-06  1.624E-06  1.581E-06  1.540E-06  1.500E-06  1.462E-06  1.425E-06  1.390E-06  1.355E-06  1.322E-06  1.289E-06  1.258E-06  1.227E-06  1.198E-06  1.169E-06  1.141E-06  1.113E-06  1.087E-06  1.061E-06  1.036E-06  1.011E-06  9.868E-07  9.633E-07  9.404E-07
  298.5000  1.517E-05  1.441E-05  1.368E-05  1.300E-05  1.235E-05  1.174E-05  1.117E-05  1.062E-05  1.011E-05  9.630E-06  9.175E-06  8.746E-06  8.342E-06  7.962E-06  7.604E-06  7.269E-06  6.951E-06  6.653E-06  6.371E-06  6.107E-06  5.858E-06  5.623E-06  5.402E-06  5.193E-06  4.996E-06  4.810E-06  4.635E-06  4.469E-06  4.313E-06  4.164E-06  4.024E-06  3.891E-06  3.765E-06  3.645E-06  3.531E-06  3.423E-06  3.319E-06  3.221E-06  3.127E-06  3.037E-06  2.950E-06  2.868E-06  2.788E-06  2.712E-06  2.639E-06  2.569E-06  2.501E-06  2.435E-06  2.372E-06  2.310E-06  2.251E-06  2.193E-06  2.138E-06  2.084E-06  2.031E-06  1.980E-06  1.930E-06  1.882E-06  1.835E-06  1.789E-06  1.745E-06
  299.5000  5.998E-05  5.703E-05  5.423E-05  5.158E-05  4.906E-05  4.666E-05  4.438E-05  4.222E-05  4.018E-05  3.825E-05  3.641E-05  3.468E-05  3.303E-05  3.148E-05  3.001E-05  2.863E-05  2.731E-05  2.607E-05  2.490E-05  2.380E-05  2.276E-05  2.177E-05  2.084E-05  1.997E-05  1.914E-05  1.836E-05  1.762E-05  1.692E-05  1.626E-05  1.564E-05  1.505E-05  1.450E-05  1.397E-05  1.348E-05  1.300E-05  1.256E-05  1.213E-05  1.173E-05  1.135E-05  1.098E-05  1.064E-05  1.030E-05  9.988E-06  9.688E-06  9.399E-06  9.123E-06  8.858E-06  8.604E-06  8.361E-06  8.126E-06  7.900E-06  7.682E-06  7.472E-06  7.269E-06  7.073E-06  6.883E-06  6.699E-06  6.521E-06  6.348E-06  6.179E-06  6.016E-06
  300.5000  8.834E-05  8.417E-05  8.019E-05  7.641E-05  7.278E-05  6.932E-05  6.603E-05  6.289E-05  5.990E-05  5.706E-05  5.435E-05  5.177E-05  4.933E-05  4.700E-05  4.479E-05  4.270E-05  4.072E-05  3.883E-05  3.705E-05  3.535E-05  3.375E-05  3.224E-05  3.080E-05  2.944E-05  2.815E-05  2.694E-05  2.579E-05  2.470E-05  2.367E-05  2.270E-05  2.178E-05  2.091E-05  2.009E-05  1.931E-05  1.857E-05  1.787E-05  1.721E-05  1.659E-05  1.599E-05  1.543E-05  1.489E-05  1.438E-05  1.390E-05  1.344E-05  1.301E-05  1.259E-05  1.219E-05  1.181E-05  1.145E-05  1.110E-05  1.076E-05  1.044E-05  1.014E-05  9.841E-06  9.557E-06  9.283E-06  9.018E-06  8.762E-06  8.515E-06  8.277E-06  8.046E-06
  301.5000  2.904E-04  2.776E-04  2.653E-04  2.535E-04  2.421E-04  2.312E-04  2.207E-04  2.107E-04  2.011E-04  1.920E-04  1.832E-04  1.748E-04  1.667E-04  1.590E-04  1.517E-04  1.447E-04  1.381E-04  1.317E-04  1.257E-04  1.199E-04  1.144E-04  1.092E-04  1.042E-04  9.949E-05  9.500E-05  9.074E-05  8.670E-05  8.286E-05  7.922E-05  7.576E-05  7.248E-05  6.939E-05  6.644E-05  6.365E-05  6.101E-05  5.850E-05  5.613E-05  5.389E-05  5.176E-05  4.973E-05  4.782E-05  4.600E-05  4.428E-05  4.265E-05  4.110E-05  3.963E-05  3.822E-05  3.689E-05  3.563E-05  3.442E-05  3.327E-05  3.217E-05  3.112E-05  3.011E-05  2.916E-05  2.824E-05  2.735E-05  2.650E-05  2.569E-05  2.491E-05  2.415E-05
  302.5000  5.069E-04  4.857E-04  4.652E-04  4.456E-04  4.266E-04  4.082E-04  3.906E-04  3.737E-04  3.574E-04  3.417E-04  3.267E-04  3.122E-04  2.983E-04  2.850E-04  2.723E-04  2.601E-04  2.484E-04  2.372E-04  2.265E-04  2.162E-04  2.064E-04  1.971E-04  1.882E-04  1.796E-04  1.715E-04  1.638E-04  1.564E-04  1.494E-04  1.427E-04  1.364E-04  1.303E-04  1.246E-04  1.191E-04  1.139E-04  1.090E-04  1.043E-04  9.987E-05  9.566E-05  9.166E-05  8.787E-05  8.427E-05  8.086E-05  7.762E-05  7.456E-05  7.164E-05  6.888E-05  6.625E-05  6.376E-05  6.140E-05  5.914E-05  5.700E-05  5.496E-05  5.302E-05  5.117E-05  4.942E-05  4.773E-05  4.612E-05  4.459E-05  4.312E-05  4.171E-05  4.036E-05
  303.5000  1.297E-03  1.247E-03  1.199E-03  1.152E-03  1.106E-03  1.062E-03  1.020E-03  9.785E-04  9.387E-04  9.003E-04  8.631E-04  8.272E-04  7.926E-04  7.592E-04  7.270E-04  6.961E-04  6.663E-04  6.376E-04  6.100E-04  5.835E-04  5.581E-04  5.336E-04  5.101E-04  4.876E-04  4.660E-04  4.453E-04  4.256E-04  4.066E-04  3.885E-04  3.712E-04  3.547E-04  3.389E-04  3.238E-04  3.094E-04  2.957E-04  2.826E-04  2.701E-04  2.583E-04  2.470E-04  2.363E-04  2.260E-04  2.163E-04  2.071E-04  1.983E-04  1.900E-04  1.821E-04  1.745E-04  1.674E-04  1.606E-04  1.541E-04  1.480E-04  1.422E-04  1.367E-04  1.314E-04  1.264E-04  1.216E-04  1.171E-04  1.128E-04  1.087E-04  1.048E-04  1.010E-04
  304.5000  1.798E-03  1.732E-03  1.669E-03  1.607E-03  1.546E-03  1.488E-03  1.431E-03  1.376E-03  1.323E-03  1.271E-03  1.221E-03  1.172E-03  1.125E-03  1.080E-03  1.036E-03  9.938E-04  9.529E-04  9.133E-04  8.752E-04  8.384E-04  8.031E-04  7.689E-04  7.360E-04  7.044E-04  6.740E-04  6.448E-04  6.168E-04  5.898E-04  5.639E-04  5.391E-04  5.153E-04  4.926E-04  4.708E-04  4.500E-04  4.300E-04  4.109E-04  3.927E-04  3.753E-04  3.587E-04  3.429E-04  3.277E-04  3.133E-04  2.996E-04  2.866E-04  2.742E-04  2.623E-04  2.511E-04  2.403E-04  2.302E-04  2.205E-04  2.113E-04  2.026E-04  1.942E-04  1.863E-04  1.789E-04  1.717E-04  1.649E-04  1.585E-04  1.523E-04  1.465E-04  1.409E-04
  305.5000  3.398E-03  3.285E-03  3.175E-03  3.068E-03  2.963E-03  2.861E-03  2.761E-03  2.664E-03  2.569E-03  2.477E-03  2.388E-03  2.301E-03  2.216E-03  2.133E-03  2.053E-03  1.976E-03  1.900E-03  1.827E-03  1.756E-03  1.688E-03  1.621E-03  1.557E-03  1.494E-03  1.434E-03  1.375E-03  1.319E-03  1.265E-03  1.212E-03  1.161E-03  1.113E-03  1.065E-03  1.020E-03  9.764E-04  9.343E-04  8.939E-04  8.551E-04  8.177E-04  7.820E-04  7.477E-04  7.147E-04  6.831E-04  6.529E-04  6.240E-04  5.964E-04  5.699E-04  5.446E-04  5.204E-04  4.974E-04  4.754E-04  4.544E-04  4.344E-04  4.153E-04  3.972E-04  3.799E-04  3.635E-04  3.478E-04  3.329E-04  3.187E-04  3.052E-04  2.923E-04  2.802E-04
  306.5000  4.142E-03  4.011E-03  3.882E-03  3.757E-03  3.634E-03  3.514E-03  3.397E-03  3.282E-03  3.170E-03  3.062E-03  2.956E-03  2.852E-03  2.751E-03  2.653E-03  2.557E-03  2.465E-03  2.374E-03  2.286E-03  2.201E-03  2.118E-03  2.037E-03  1.959E-03  1.883E-03  1.809E-03  1.738E-03  1.669E-03  1.602E-03  1.538E-03  1.475E-03  1.415E-03  1.356E-03  1.300E-03  1.245E-03  1.193E-03  1.142E-03  1.093E-03  1.046E-03  1.001E-03  9.580E-04  9.162E-04  8.761E-04  8.376E-04  8.006E-04  7.653E-04  7.313E-04  6.988E-04  6.677E-04  6.379E-04  6.095E-04  5.823E-04  5.563E-04  5.315E-04  5.078E-04  4.852E-04  4.637E-04  4.432E-04  4.236E-04  4.050E-04  3.873E-04  3.704E-04  3.544E-04
  307.5000  8.070E-03  7.838E-03  7.611E-03  7.389E-03  7.170E-03  6.955E-03  6.745E-03  6.539E-03  6.337E-03  6.140E-03  5.947E-03  5.757E-03  5.572E-03  5.391E-03  5.214E-03  5.042E-03  4.873E-03  4.707E-03  4.546E-03  4.389E-03  4.236E-03  4.087E-03  3.941E-03  3.799E-03  3.661E-03  3.527E-03  3.396E-03  3.269E-03  3.145E-03  3.025E-03  2.909E-03  2.796E-03  2.686E-03  2.580E-03  2.476E-03  2.377E-03  2.280E-03  2.187E-03  2.096E-03  2.009E-03  1.924E-03  1.843E-03  1.764E-03  1.689E-03  1.616E-03  1.545E-03  1.478E-03  1.413E-03  1.350E-03  1.290E-03  1.232E-03  1.177E-03  1.124E-03  1.073E-03  1.025E-03  9.781E-04  9.335E-04  8.909E-04  8.502E-04  8.114E-04  7.744E-04
  308.5000  1.014E-02  9.862E-03  9.588E-03  9.319E-03  9.054E-03  8.794E-03  8.539E-03  8.289E-03  8.043E-03  7.803E-03  7.567E-03  7.336E-03  7.109E-03  6.887E-03  6.670E-03  6.457E-03  6.249E-03  6.046E-03  5.846E-03  5.652E-03  5.462E-03  5.277E-03  5.095E-03  4.918E-03  4.746E-03  4.578E-03  4.414E-03  4.254E-03  4.099E-03  3.947E-03  3.800E-03  3.657E-03  3.518E-03  3.383E-03  3.251E-03  3.124E-03  3.000E-03  2.881E-03  2.764E-03  2.652E-03  2.543E-03  2.438E-03  2.336E-03  2.238E-03  2.143E-03  2.051E-03  1.962E-03  1.877E-03  1.795E-03  1.716E-03  1.640E-03  1.567E-03  1.497E-03  1.429E-03  1.365E-03  1.303E-03  1.243E-03  1.186E-03  1.131E-03  1.079E-03  1.029E-03
  309.5000  1.092E-02  1.065E-02  1.037E-02  1.011E-02  9.840E-03  9.580E-03  9.323E-03  9.071E-03  8.823E-03  8.579E-03  8.340E-03  8.104E-03  7.872E-03  7.645E-03  7.422E-03  7.203E-03  6.988E-03  6.778E-03  6.571E-03  6.368E-03  6.170E-03  5.975E-03  5.785E-03  5.598E-03  5.415E-03  5.237E-03  5.063E-03  4.892E-03  4.725E-03  4.562E-03  4.403E-03  4.248E-03  4.097E-03  3.949E-03  3.805E-03  3.665E-03  3.528E-03  3.396E-03  3.266E-03  3.141E-03  3.019E-03  2.900E-03  2.785E-03  2.673E-03  2.565E-03  2.460E-03  2.358E-03  2.259E-03  2.164E-03  2.072E-03  1.983E-03  1.897E-03  1.814E-03  1.734E-03  1.657E-03  1.583E-03  1.511E-03  1.443E-03  1.377E-03  1.313E-03  1.252E-03
  310.5000  1.718E-02  1.677E-02  1.637E-02  1.597E-02  1.557E-02  1.519E-02  1.481E-02  1.443E-02  1.406E-02  1.369E-02  1.334E-02  1.298E-02  1.263E-02  1.229E-02  1.195E-02  1.162E-02  1.130E-02  1.098E-02  1.066E-02  1.035E-02  1.005E-02  9.750E-03  9.457E-03  9.170E-03  8.888E-03  8.612E-03  8.342E-03  8.077E-03  7.817E-03  7.562E-03  7.313E-03  7.070E-03  6.832E-03  6.599E-03  6.371E-03  6.148E-03  5.931E-03  5.719E-03  5.513E-03  5.311E-03  5.114E-03  4.922E-03  4.736E-03  4.555E-03  4.378E-03  4.206E-03  4.039E-03  3.877E-03  3.720E-03  3.568E-03  3.420E-03  3.276E-03  3.137E-03  3.003E-03  2.874E-03  2.748E-03  2.627E-03  2.510E-03  2.397E-03  2.288E-03  2.183E-03
  311.5000  2.431E-02  2.376E-02  2.321E-02  2.267E-02  2.214E-02  2.161E-02  2.109E-02  2.058E-02  2.007E-02  1.957E-02  1.908E-02  1.860E-02  1.812E-02  1.765E-02  1.719E-02  1.673E-02  1.628E-02  1.584E-02  1.540E-02  1.498E-02  1.456E-02  1.414E-02  1.374E-02  1.334E-02  1.294E-02  1.256E-02  1.218E-02  1.181E-02  1.144E-02  1.109E-02  1.074E-02  1.039E-02  1.006E-02  9.728E-03  9.405E-03  9.090E-03  8.781E-03  8.480E-03  8.184E-03  7.896E-03  7.614E-03  7.339E-03  7.070E-03  6.809E-03  6.554E-03  6.305E-03  6.063E-03  5.828E-03  5.599E-03  5.376E-03  5.159E-03  4.949E-03  4.745E-03  4.547E-03  4.355E-03  4.169E-03  3.989E-03  3.815E-03  3.646E-03  3.483E-03  3.327E-03
  312.5000  2.811E-02  2.753E-02  2.695E-02  2.637E-02  2.580E-02  2.524E-02  2.469E-02  2.414E-02  2.359E-02  2.306E-02  2.253E-02  2.200E-02  2.149E-02  2.097E-02  2.047E-02  1.997E-02  1.948E-02  1.900E-02  1.852E-02  1.805E-02  1.759E-02  1.713E-02  1.668E-02  1.623E-02  1.579E-02  1.536E-02  1.494E-02  1.452E-02  1.411E-02  1.371E-02  1.331E-02  1.292E-02  1.254E-02  1.216E-02  1.179E-02  1.142E-02  1.107E-02  1.072E-02  1.037E-02  1.004E-02  9.705E-03  9.382E-03  9.065E-03  8.755E-03  8.451E-03  8.154E-03  7.863E-03  7.579E-03  7.303E-03  7.032E-03  6.767E-03  6.509E-03  6.258E-03  6.013E-03  5.775E-03  5.543E-03  5.317E-03  5.097E-03  4.884E-03  4.676E-03  4.476E-03
  313.5000  3.321E-02  3.253E-02  3.186E-02  3.119E-02  3.054E-02  2.988E-02  2.924E-02  2.860E-02  2.797E-02  2.735E-02  2.673E-02  2.613E-02  2.552E-02  2.493E-02  2.434E-02  2.377E-02  2.319E-02  2.263E-02  2.207E-02  2.152E-02  2.098E-02  2.045E-02  1.992E-02  1.940E-02  1.889E-02  1.838E-02  1.789E-02  1.740E-02  1.691E-02  1.644E-02  1.597E-02  1.552E-02  1.506E-02  1.462E-02  1.418E-02  1.375E-02  1.333E-02  1.292E-02  1.251E-02  1.212E-02  1.172E-02  1.134E-02  1.096E-02  1.060E-02  1.024E-02  9.884E-03  9.538E-03  9.200E-03  8.871E-03  8.547E-03  8.232E-03  7.923E-03  7.623E-03  7.329E-03  7.044E-03  6.765E-03  6.494E-03  6.230E-03  5.973E-03  5.723E-03  5.481E-03
  314.5000  3.839E-02  3.767E-02  3.695E-02  3.625E-02  3.554E-02  3.485E-02  3.416E-02  3.347E-02  3.280E-02  3.213E-02  3.147E-02  3.081E-02  3.016E-02  2.952E-02  2.888E-02  2.825E-02  2.763E-02  2.701E-02  2.640E-02  2.580E-02  2.521E-02  2.462E-02  2.404E-02  2.346E-02  2.290E-02  2.234E-02  2.178E-02  2.124E-02  2.070E-02  2.017E-02  1.964E-02  1.913E-02  1.862E-02  1.812E-02  1.762E-02  1.713E-02  1.665E-02  1.618E-02  1.571E-02  1.526E-02  1.480E-02  1.436E-02  1.392E-02  1.350E-02  1.307E-02  1.266E-02  1.225E-02  1.185E-02  1.146E-02  1.108E-02  1.070E-02  1.033E-02  9.967E-03  9.612E-03  9.266E-03  8.926E-03  8.594E-03  8.269E-03  7.951E-03  7.641E-03  7.339E-03
  315.5000  4.064E-02  3.989E-02  3.914E-02  3.840E-02  3.767E-02  3.694E-02  3.622E-02  3.550E-02  3.479E-02  3.410E-02  3.340E-02  3.271E-02  3.203E-02  3.136E-02  3.069E-02  3.003E-02  2.938E-02  2.874E-02  2.810E-02  2.747E-02  2.684E-02  2.623E-02  2.562E-02  2.501E-02  2.442E-02  2.383E-02  2.325E-02  2.267E-02  2.211E-02  2.155E-02  2.100E-02  2.045E-02  1.992E-02  1.939E-02  1.886E-02  1.835E-02  1.784E-02  1.734E-02  1.685E-02  1.636E-02  1.589E-02  1.542E-02  1.496E-02  1.450E-02  1.406E-02  1.362E-02  1.318E-02  1.276E-02  1.235E-02  1.194E-02  1.154E-02  1.114E-02  1.076E-02  1.038E-02  1.001E-02  9.648E-03  9.294E-03  8.947E-03  8.608E-03  8.276E-03  7.953E-03
  316.5000  4.530E-02  4.452E-02  4.374E-02  4.298E-02  4.221E-02  4.146E-02  4.070E-02  3.996E-02  3.922E-02  3.849E-02  3.776E-02  3.704E-02  3.633E-02  3.562E-02  3.492E-02  3.422E-02  3.354E-02  3.285E-02  3.218E-02  3.151E-02  3.085E-02  3.019E-02  2.954E-02  2.890E-02  2.826E-02  2.763E-02  2.701E-02  2.639E-02  2.578E-02  2.518E-02  2.458E-02  2.400E-02  2.342E-02  2.284E-02  2.227E-02  2.171E-02  2.116E-02  2.061E-02  2.007E-02  1.954E-02  1.901E-02  1.849E-02  1.798E-02  1.748E-02  1.698E-02  1.649E-02  1.601E-02  1.553E-02  1.507E-02  1.461E-02  1.415E-02  1.371E-02  1.327E-02  1.284E-02  1.241E-02  1.200E-02  1.159E-02  1.119E-02  1.079E-02  1.041E-02  1.003E-02
  317.5000  6.416E-02  6.305E-02  6.196E-02  6.087E-02  5.979E-02  5.871E-02  5.765E-02  5.659E-02  5.555E-02  5.451E-02  5.348E-02  5.246E-02  5.145E-02  5.044E-02  4.945E-02  4.847E-02  4.749E-02  4.652E-02  4.556E-02  4.461E-02  4.368E-02  4.275E-02  4.183E-02  4.092E-02  4.001E-02  3.912E-02  3.824E-02  3.737E-02  3.650E-02  3.565E-02  3.481E-02  3.397E-02  3.315E-02  3.233E-02  3.153E-02  3.073E-02  2.995E-02  2.918E-02  2.841E-02  2.766E-02  2.691E-02  2.618E-02  2.545E-02  2.474E-02  2.403E-02  2.334E-02  2.266E-02  2.198E-02  2.132E-02  2.067E-02  2.003E-02  1.939E-02  1.877E-02  1.816E-02  1.756E-02  1.697E-02  1.640E-02  1.583E-02  1.527E-02  1.472E-02  1.419E-02
  318.5000  5.595E-02  5.505E-02  5.416E-02  5.328E-02  5.240E-02  5.152E-02  5.066E-02  4.979E-02  4.894E-02  4.809E-02  4.725E-02  4.641E-02  4.558E-02  4.476E-02  4.394E-02  4.313E-02  4.233E-02  4.153E-02  4.074E-02  3.996E-02  3.918E-02  3.841E-02  3.764E-02  3.689E-02  3.614E-02  3.539E-02  3.466E-02  3.393E-02  3.320E-02  3.249E-02  3.178E-02  3.108E-02  3.038E-02  2.970E-02  2.901E-02  2.834E-02  2.767E-02  2.702E-02  2.637E-02  2.572E-02  2.508E-02  2.445E-02  2.383E-02  2.322E-02  2.261E-02  2.201E-02  2.142E-02  2.083E-02  2.026E-02  1.969E-02  1.912E-02  1.857E-02  1.802E-02  1.748E-02  1.696E-02  1.643E-02  1.592E-02  1.541E-02  1.491E-02  1.442E-02  1.394E-02
  319.5000  6.967E-02  6.857E-02  6.747E-02  6.639E-02  6.531E-02  6.423E-02  6.317E-02  6.211E-02  6.106E-02  6.002E-02  5.898E-02  5.795E-02  5.693E-02  5.591E-02  5.491E-02  5.391E-02  5.292E-02  5.194E-02  5.096E-02  5.000E-02  4.904E-02  4.809E-02  4.715E-02  4.621E-02  4.529E-02  4.437E-02  4.346E-02  4.256E-02  4.167E-02  4.078E-02  3.990E-02  3.904E-02  3.818E-02  3.733E-02  3.649E-02  3.565E-02  3.483E-02  3.401E-02  3.321E-02  3.241E-02  3.162E-02  3.084E-02  3.006E-02  2.930E-02  2.855E-02  2.780E-02  2.707E-02  2.634E-02  2.562E-02  2.492E-02  2.422E-02  2.353E-02  2.284E-02  2.217E-02  2.151E-02  2.086E-02  2.022E-02  1.958E-02  1.896E-02  1.834E-02  1.774E-02
  320.5000  8.687E-02  8.552E-02  8.418E-02  8.285E-02  8.152E-02  8.021E-02  7.890E-02  7.760E-02  7.631E-02  7.503E-02  7.376E-02  7.249E-02  7.124E-02  6.999E-02  6.875E-02  6.753E-02  6.631E-02  6.510E-02  6.390E-02  6.271E-02  6.154E-02  6.037E-02  5.920E-02  5.805E-02  5.691E-02  5.578E-02  5.466E-02  5.355E-02  5.245E-02  5.135E-02  5.027E-02  4.920E-02  4.814E-02  4.709E-02  4.605E-02  4.502E-02  4.400E-02  4.299E-02  4.199E-02  4.100E-02  4.002E-02  3.905E-02  3.809E-02  3.715E-02  3.621E-02  3.529E-02  3.437E-02  3.347E-02  3.258E-02  3.170E-02  3.082E-02  2.996E-02  2.911E-02  2.828E-02  2.745E-02  2.664E-02  2.583E-02  2.504E-02  2.426E-02  2.349E-02  2.273E-02
  321.5000  8.097E-02  7.980E-02  7.864E-02  7.749E-02  7.634E-02  7.520E-02  7.406E-02  7.293E-02  7.181E-02  7.069E-02  6.958E-02  6.848E-02  6.738E-02  6.630E-02  6.521E-02  6.414E-02  6.307E-02  6.201E-02  6.096E-02  5.991E-02  5.888E-02  5.785E-02  5.682E-02  5.580E-02  5.480E-02  5.379E-02  5.280E-02  5.182E-02  5.084E-02  4.986E-02  4.890E-02  4.795E-02  4.700E-02  4.606E-02  4.513E-02  4.420E-02  4.329E-02  4.238E-02  4.148E-02  4.059E-02  3.970E-02  3.883E-02  3.796E-02  3.710E-02  3.625E-02  3.540E-02  3.457E-02  3.374E-02  3.292E-02  3.211E-02  3.131E-02  3.052E-02  2.973E-02  2.895E-02  2.819E-02  2.743E-02  2.668E-02  2.593E-02  2.520E-02  2.448E-02  2.376E-02
  322.5000  7.603E-02  7.486E-02  7.371E-02  7.256E-02  7.142E-02  7.028E-02  6.915E-02  6.803E-02  6.692E-02  6.581E-02  6.471E-02  6.362E-02  6.254E-02  6.146E-02  6.039E-02  5.934E-02  5.828E-02  5.724E-02  5.620E-02  5.517E-02  5.415E-02  5.314E-02  5.213E-02  5.114E-02  5.015E-02  4.917E-02  4.820E-02  4.723E-02  4.628E-02  4.533E-02  4.439E-02  4.346E-02  4.254E-02  4.163E-02  4.073E-02  3.983E-02  3.894E-02  3.807E-02  3.720E-02  3.634E-02  3.548E-02  3.464E-02  3.381E-02  3.298E-02  3.217E-02  3.136E-02  3.056E-02  2.977E-02  2.900E-02  2.823E-02  2.746E-02  2.671E-02  2.597E-02  2.524E-02  2.452E-02  2.380E-02  2.310E-02  2.240E-02  2.172E-02  2.104E-02  2.038E-02
  323.5000  8.764E-02  8.642E-02  8.520E-02  8.399E-02  8.279E-02  8.159E-02  8.040E-02  7.922E-02  7.804E-02  7.687E-02  7.571E-02  7.455E-02  7.340E-02  7.226E-02  7.112E-02  6.999E-02  6.887E-02  6.775E-02  6.665E-02  6.554E-02  6.445E-02  6.337E-02  6.229E-02  6.121E-02  6.015E-02  5.909E-02  5.805E-02  5.700E-02  5.597E-02  5.494E-02  5.392E-02  5.291E-02  5.191E-02  5.091E-02  4.992E-02  4.894E-02  4.797E-02  4.701E-02  4.605E-02  4.510E-02  4.416E-02  4.322E-02  4.230E-02  4.138E-02  4.047E-02  3.957E-02  3.868E-02  3.780E-02  3.692E-02  3.605E-02  3.519E-02  3.434E-02  3.350E-02  3.266E-02  3.184E-02  3.102E-02  3.021E-02  2.941E-02  2.861E-02  2.783E-02  2.706E-02
  324.5000  1.025E-01  1.011E-01  9.967E-02  9.826E-02  9.684E-02  9.544E-02  9.404E-02  9.265E-02  9.126E-02  8.989E-02  8.852E-02  8.716E-02  8.581E-02  8.447E-02  8.313E-02  8.181E-02  8.049E-02  7.918E-02  7.788E-02  7.658E-02  7.530E-02  7.403E-02  7.276E-02  7.150E-02  7.025E-02  6.901E-02  6.778E-02  6.656E-02  6.534E-02  6.413E-02  6.294E-02  6.175E-02  6.058E-02  5.941E-02  5.825E-02  5.710E-02  5.595E-02  5.483E-02  5.370E-02  5.259E-02  5.149E-02  5.039E-02  4.931E-02  4.823E-02  4.717E-02  4.611E-02  4.507E-02  4.403E-02  4.300E-02  4.199E-02  4.098E-02  3.998E-02  3.899E-02  3.802E-02  3.705E-02  3.609E-02  3.514E-02  3.421E-02  3.328E-02  3.236E-02  3.146E-02
  325.5000  1.134E-01  1.118E-01  1.102E-01  1.086E-01  1.070E-01  1.055E-01  1.039E-01  1.023E-01  1.008E-01  9.925E-02  9.772E-02  9.620E-02  9.468E-02  9.318E-02  9.168E-02  9.020E-02  8.873E-02  8.726E-02  8.581E-02  8.436E-02  8.293E-02  8.150E-02  8.008E-02  7.868E-02  7.728E-02  7.589E-02  7.452E-02  7.316E-02  7.180E-02  7.045E-02  6.912E-02  6.780E-02  6.648E-02  6.518E-02  6.389E-02  6.260E-02  6.133E-02  6.007E-02  5.882E-02  5.758E-02  5.635E-02  5.514E-02  5.393E-02  5.274E-02  5.155E-02  5.038E-02  4.921E-02  4.806E-02  4.692E-02  4.579E-02  4.467E-02  4.357E-02  4.247E-02  4.139E-02  4.032E-02  3.925E-02  3.820E-02  3.716E-02  3.614E-02  3.512E-02  3.412E-02
  326.5000  1.480E-01  1.460E-01  1.441E-01  1.421E-01  1.402E-01  1.382E-01  1.363E-01  1.344E-01  1.325E-01  1.306E-01  1.288E-01  1.269E-01  1.250E-01  1.232E-01  1.214E-01  1.195E-01  1.177E-01  1.159E-01  1.141E-01  1.123E-01  1.106E-01  1.088E-01  1.070E-01  1.053E-01  1.036E-01  1.019E-01  1.002E-01  9.846E-02  9.677E-02  9.510E-02  9.343E-02  9.179E-02  9.015E-02  8.852E-02  8.690E-02  8.530E-02  8.370E-02  8.213E-02  8.056E-02  7.900E-02  7.745E-02  7.592E-02  7.440E-02  7.289E-02  7.139E-02  6.991E-02  6.843E-02  6.697E-02  6.552E-02  6.408E-02  6.266E-02  6.124E-02  5.984E-02  5.845E-02  5.708E-02  5.571E-02  5.436E-02  5.302E-02  5.169E-02  5.038E-02  4.908E-02
  327.5000  1.347E-01  1.329E-01  1.311E-01  1.293E-01  1.275E-01  1.257E-01  1.239E-01  1.221E-01  1.203E-01  1.186E-01  1.168E-01  1.151E-01  1.134E-01  1.117E-01  1.100E-01  1.083E-01  1.066E-01  1.049E-01  1.032E-01  1.016E-01  9.993E-02  9.829E-02  9.667E-02  9.505E-02  9.345E-02  9.186E-02  9.028E-02  8.871E-02  8.715E-02  8.560E-02  8.406E-02  8.254E-02  8.102E-02  7.951E-02  7.802E-02  7.654E-02  7.506E-02  7.361E-02  7.216E-02  7.072E-02  6.930E-02  6.788E-02  6.648E-02  6.509E-02  6.371E-02  6.234E-02  6.098E-02  5.964E-02  5.831E-02  5.699E-02  5.568E-02  5.438E-02  5.310E-02  5.182E-02  5.056E-02  4.931E-02  4.808E-02  4.685E-02  4.564E-02  4.443E-02  4.325E-02
  328.5000  1.246E-01  1.229E-01  1.213E-01  1.196E-01  1.179E-01  1.163E-01  1.146E-01  1.130E-01  1.113E-01  1.097E-01  1.081E-01  1.065E-01  1.049E-01  1.033E-01  1.017E-01  1.002E-01  9.860E-02  9.705E-02  9.551E-02  9.398E-02  9.246E-02  9.095E-02  8.944E-02  8.795E-02  8.647E-02  8.499E-02  8.353E-02  8.208E-02  8.064E-02  7.920E-02  7.778E-02  7.637E-02  7.497E-02  7.358E-02  7.219E-02  7.082E-02  6.946E-02  6.811E-02  6.677E-02  6.544E-02  6.412E-02  6.282E-02  6.152E-02  6.024E-02  5.896E-02  5.769E-02  5.644E-02  5.519E-02  5.397E-02  5.274E-02  5.153E-02  5.033E-02  4.914E-02  4.796E-02  4.680E-02  4.564E-02  4.450E-02  4.336E-02  4.224E-02  4.113E-02  4.003E-02
  329.5000  1.707E-01  1.685E-01  1.663E-01  1.641E-01  1.620E-01  1.598E-01  1.577E-01  1.555E-01  1.534E-01  1.513E-01  1.492E-01  1.471E-01  1.450E-01  1.429E-01  1.408E-01  1.388E-01  1.367E-01  1.347E-01  1.327E-01  1.307E-01  1.287E-01  1.267E-01  1.247E-01  1.228E-01  1.208E-01  1.189E-01  1.170E-01  1.151E-01  1.132E-01  1.113E-01  1.094E-01  1.075E-01  1.057E-01  1.038E-01  1.020E-01  1.002E-01  9.839E-02  9.660E-02  9.483E-02  9.306E-02  9.131E-02  8.957E-02  8.784E-02  8.613E-02  8.443E-02  8.275E-02  8.107E-02  7.941E-02  7.777E-02  7.613E-02  7.451E-02  7.289E-02  7.130E-02  6.971E-02  6.815E-02  6.659E-02  6.504E-02  6.351E-02  6.199E-02  6.049E-02  5.900E-02
  330.5000  1.519E-01  1.499E-01  1.479E-01  1.460E-01  1.440E-01  1.420E-01  1.401E-01  1.381E-01  1.362E-01  1.343E-01  1.324E-01  1.304E-01  1.285E-01  1.267E-01  1.248E-01  1.229E-01  1.211E-01  1.192E-01  1.174E-01  1.156E-01  1.138E-01  1.120E-01  1.102E-01  1.084E-01  1.066E-01  1.049E-01  1.031E-01  1.014E-01  9.967E-02  9.796E-02  9.626E-02  9.458E-02  9.290E-02  9.124E-02  8.959E-02  8.795E-02  8.632E-02  8.471E-02  8.310E-02  8.151E-02  7.993E-02  7.836E-02  7.680E-02  7.526E-02  7.373E-02  7.221E-02  7.070E-02  6.920E-02  6.773E-02  6.625E-02  6.479E-02  6.335E-02  6.191E-02  6.049E-02  5.909E-02  5.769E-02  5.630E-02  5.493E-02  5.357E-02  5.222E-02  5.089E-02
  331.5000  1.496E-01  1.477E-01  1.457E-01  1.437E-01  1.418E-01  1.398E-01  1.379E-01  1.360E-01  1.340E-01  1.321E-01  1.303E-01  1.284E-01  1.265E-01  1.246E-01  1.228E-01  1.209E-01  1.191E-01  1.173E-01  1.155E-01  1.137E-01  1.119E-01  1.101E-01  1.083E-01  1.066E-01  1.048E-01  1.031E-01  1.014E-01  9.964E-02  9.794E-02  9.625E-02  9.457E-02  9.290E-02  9.125E-02  8.960E-02  8.797E-02  8.635E-02  8.474E-02  8.315E-02  8.156E-02  7.999E-02  7.843E-02  7.688E-02  7.534E-02  7.382E-02  7.231E-02  7.081E-02  6.932E-02  6.784E-02  6.638E-02  6.493E-02  6.349E-02  6.206E-02  6.065E-02  5.925E-02  5.786E-02  5.648E-02  5.512E-02  5.376E-02  5.242E-02  5.110E-02  4.978E-02
  332.5000  1.533E-01  1.514E-01  1.494E-01  1.475E-01  1.456E-01  1.436E-01  1.417E-01  1.398E-01  1.379E-01  1.361E-01  1.342E-01  1.323E-01  1.305E-01  1.286E-01  1.268E-01  1.249E-01  1.231E-01  1.213E-01  1.195E-01  1.177E-01  1.160E-01  1.142E-01  1.124E-01  1.107E-01  1.090E-01  1.072E-01  1.055E-01  1.038E-01  1.021E-01  1.004E-01  9.876E-02  9.711E-02  9.546E-02  9.382E-02  9.219E-02  9.057E-02  8.896E-02  8.737E-02  8.579E-02  8.421E-02  8.265E-02  8.110E-02  7.956E-02  7.804E-02  7.652E-02  7.501E-02  7.352E-02  7.204E-02  7.057E-02  6.911E-02  6.766E-02  6.622E-02  6.479E-02  6.338E-02  6.198E-02  6.059E-02  5.921E-02  5.784E-02  5.648E-02  5.513E-02  5.380E-02
  333.5000  1.419E-01  1.400E-01  1.382E-01  1.364E-01  1.346E-01  1.328E-01  1.310E-01  1.292E-01  1.274E-01  1.256E-01  1.239E-01  1.221E-01  1.204E-01  1.186E-01  1.169E-01  1.152E-01  1.135E-01  1.118E-01  1.101E-01  1.084E-01  1.067E-01  1.051E-01  1.034E-01  1.018E-01  1.002E-01  9.855E-02  9.694E-02  9.535E-02  9.376E-02  9.218E-02  9.061E-02  8.906E-02  8.751E-02  8.598E-02  8.445E-02  8.294E-02  8.143E-02  7.994E-02  7.846E-02  7.699E-02  7.553E-02  7.408E-02  7.264E-02  7.121E-02  6.979E-02  6.839E-02  6.699E-02  6.561E-02  6.424E-02  6.287E-02  6.152E-02  6.018E-02  5.885E-02  5.753E-02  5.623E-02  5.493E-02  5.365E-02  5.237E-02  5.111E-02  4.986E-02  4.862E-02
  334.5000  1.600E-01  1.580E-01  1.559E-01  1.539E-01  1.519E-01  1.498E-01  1.478E-01  1.458E-01  1.438E-01  1.419E-01  1.399E-01  1.379E-01  1.360E-01  1.340E-01  1.321E-01  1.302E-01  1.283E-01  1.264E-01  1.245E-01  1.226E-01  1.207E-01  1.189E-01  1.170E-01  1.152E-01  1.133E-01  1.115E-01  1.097E-01  1.079E-01  1.062E-01  1.044E-01  1.026E-01  1.009E-01  9.916E-02  9.743E-02  9.572E-02  9.402E-02  9.234E-02  9.067E-02  8.900E-02  8.735E-02  8.571E-02  8.408E-02  8.247E-02  8.087E-02  7.928E-02  7.770E-02  7.613E-02  7.458E-02  7.304E-02  7.151E-02  6.999E-02  6.848E-02  6.699E-02  6.551E-02  6.404E-02  6.258E-02  6.114E-02  5.971E-02  5.828E-02  5.688E-02  5.548E-02
  335.5000  1.654E-01  1.633E-01  1.612E-01  1.592E-01  1.571E-01  1.550E-01  1.530E-01  1.510E-01  1.489E-01  1.469E-01  1.449E-01  1.429E-01  1.409E-01  1.390E-01  1.370E-01  1.350E-01  1.331E-01  1.312E-01  1.292E-01  1.273E-01  1.254E-01  1.235E-01  1.217E-01  1.198E-01  1.179E-01  1.161E-01  1.143E-01  1.124E-01  1.106E-01  1.088E-01  1.070E-01  1.053E-01  1.035E-01  1.017E-01  9.998E-02  9.825E-02  9.653E-02  9.482E-02  9.312E-02  9.144E-02  8.976E-02  8.810E-02  8.645E-02  8.482E-02  8.319E-02  8.158E-02  7.997E-02  7.838E-02  7.681E-02  7.524E-02  7.369E-02  7.215E-02  7.062E-02  6.910E-02  6.760E-02  6.610E-02  6.462E-02  6.315E-02  6.169E-02  6.024E-02  5.881E-02
  336.5000  1.287E-01  1.271E-01  1.255E-01  1.239E-01  1.223E-01  1.206E-01  1.190E-01  1.175E-01  1.159E-01  1.143E-01  1.127E-01  1.112E-01  1.096E-01  1.081E-01  1.065E-01  1.050E-01  1.035E-01  1.020E-01  1.005E-01  9.896E-02  9.748E-02  9.600E-02  9.453E-02  9.306E-02  9.161E-02  9.016E-02  8.873E-02  8.730E-02  8.588E-02  8.448E-02  8.307E-02  8.169E-02  8.030E-02  7.893E-02  7.757E-02  7.621E-02  7.487E-02  7.353E-02  7.221E-02  7.089E-02  6.958E-02  6.828E-02  6.699E-02  6.572E-02  6.445E-02  6.319E-02  6.193E-02  6.069E-02  5.946E-02  5.824E-02  5.703E-02  5.582E-02  5.463E-02  5.344E-02  5.227E-02  5.111E-02  4.995E-02  4.880E-02  4.766E-02  4.654E-02  4.542E-02
  337.5000  1.397E-01  1.379E-01  1.361E-01  1.343E-01  1.325E-01  1.308E-01  1.290E-01  1.273E-01  1.255E-01  1.238E-01  1.221E-01  1.204E-01  1.187E-01  1.170E-01  1.153E-01  1.136E-01  1.119E-01  1.103E-01  1.086E-01  1.070E-01  1.053E-01  1.037E-01  1.021E-01  1.005E-01  9.889E-02  9.731E-02  9.573E-02  9.417E-02  9.261E-02  9.107E-02  8.953E-02  8.801E-02  8.650E-02  8.499E-02  8.350E-02  8.201E-02  8.054E-02  7.908E-02  7.763E-02  7.618E-02  7.475E-02  7.333E-02  7.192E-02  7.053E-02  6.914E-02  6.776E-02  6.639E-02  6.503E-02  6.369E-02  6.235E-02  6.103E-02  5.971E-02  5.841E-02  5.712E-02  5.584E-02  5.457E-02  5.330E-02  5.205E-02  5.082E-02  4.959E-02  4.837E-02
  338.5000  1.504E-01  1.485E-01  1.466E-01  1.448E-01  1.429E-01  1.410E-01  1.392E-01  1.373E-01  1.355E-01  1.336E-01  1.318E-01  1.300E-01  1.282E-01  1.264E-01  1.246E-01  1.228E-01  1.211E-01  1.193E-01  1.176E-01  1.158E-01  1.141E-01  1.124E-01  1.107E-01  1.090E-01  1.073E-01  1.056E-01  1.039E-01  1.023E-01  1.006E-01  9.898E-02  9.735E-02  9.573E-02  9.413E-02  9.253E-02  9.094E-02  8.936E-02  8.780E-02  8.625E-02  8.470E-02  8.317E-02  8.165E-02  8.014E-02  7.864E-02  7.715E-02  7.567E-02  7.420E-02  7.275E-02  7.130E-02  6.987E-02  6.845E-02  6.703E-02  6.563E-02  6.424E-02  6.286E-02  6.150E-02  6.014E-02  5.879E-02  5.745E-02  5.613E-02  5.481E-02  5.352E-02
  339.5000  1.641E-01  1.621E-01  1.600E-01  1.580E-01  1.559E-01  1.539E-01  1.519E-01  1.498E-01  1.478E-01  1.459E-01  1.439E-01  1.419E-01  1.399E-01  1.380E-01  1.360E-01  1.341E-01  1.322E-01  1.303E-01  1.283E-01  1.264E-01  1.246E-01  1.227E-01  1.208E-01  1.190E-01  1.171E-01  1.153E-01  1.135E-01  1.117E-01  1.099E-01  1.081E-01  1.063E-01  1.046E-01  1.028E-01  1.011E-01  9.935E-02  9.763E-02  9.593E-02  9.424E-02  9.256E-02  9.089E-02  8.923E-02  8.758E-02  8.595E-02  8.433E-02  8.272E-02  8.112E-02  7.953E-02  7.796E-02  7.640E-02  7.485E-02  7.331E-02  7.178E-02  7.027E-02  6.876E-02  6.727E-02  6.580E-02  6.433E-02  6.287E-02  6.143E-02  6.000E-02  5.858E-02
  340.5000  1.745E-01  1.722E-01  1.700E-01  1.678E-01  1.657E-01  1.635E-01  1.613E-01  1.592E-01  1.570E-01  1.549E-01  1.528E-01  1.506E-01  1.485E-01  1.464E-01  1.444E-01  1.423E-01  1.402E-01  1.382E-01  1.361E-01  1.341E-01  1.321E-01  1.301E-01  1.281E-01  1.261E-01  1.242E-01  1.222E-01  1.203E-01  1.183E-01  1.164E-01  1.145E-01  1.126E-01  1.107E-01  1.088E-01  1.070E-01  1.051E-01  1.033E-01  1.015E-01  9.967E-02  9.788E-02  9.609E-02  9.432E-02  9.256E-02  9.081E-02  8.909E-02  8.737E-02  8.566E-02  8.397E-02  8.228E-02  8.062E-02  7.897E-02  7.732E-02  7.569E-02  7.408E-02  7.247E-02  7.089E-02  6.931E-02  6.775E-02  6.619E-02  6.466E-02  6.313E-02  6.162E-02
  341.5000  1.566E-01  1.547E-01  1.527E-01  1.507E-01  1.488E-01  1.469E-01  1.449E-01  1.430E-01  1.411E-01  1.392E-01  1.373E-01  1.354E-01  1.336E-01  1.317E-01  1.299E-01  1.280E-01  1.262E-01  1.244E-01  1.225E-01  1.207E-01  1.189E-01  1.172E-01  1.154E-01  1.136E-01  1.119E-01  1.101E-01  1.084E-01  1.067E-01  1.050E-01  1.033E-01  1.016E-01  9.990E-02  9.823E-02  9.657E-02  9.492E-02  9.329E-02  9.166E-02  9.005E-02  8.845E-02  8.686E-02  8.528E-02  8.371E-02  8.215E-02  8.061E-02  7.908E-02  7.755E-02  7.604E-02  7.454E-02  7.306E-02  7.158E-02  7.011E-02  6.866E-02  6.721E-02  6.578E-02  6.436E-02  6.295E-02  6.155E-02  6.017E-02  5.879E-02  5.743E-02  5.608E-02
  342.5000  1.740E-01  1.718E-01  1.696E-01  1.675E-01  1.653E-01  1.632E-01  1.610E-01  1.589E-01  1.568E-01  1.547E-01  1.526E-01  1.505E-01  1.484E-01  1.464E-01  1.443E-01  1.423E-01  1.402E-01  1.382E-01  1.362E-01  1.342E-01  1.322E-01  1.302E-01  1.283E-01  1.263E-01  1.243E-01  1.224E-01  1.205E-01  1.186E-01  1.167E-01  1.148E-01  1.129E-01  1.111E-01  1.092E-01  1.074E-01  1.055E-01  1.037E-01  1.019E-01  1.001E-01  9.836E-02  9.660E-02  9.484E-02  9.310E-02  9.137E-02  8.966E-02  8.796E-02  8.627E-02  8.459E-02  8.292E-02  8.128E-02  7.964E-02  7.801E-02  7.639E-02  7.479E-02  7.320E-02  7.163E-02  7.007E-02  6.851E-02  6.697E-02  6.545E-02  6.393E-02  6.244E-02
  343.5000  1.803E-01  1.781E-01  1.758E-01  1.736E-01  1.713E-01  1.691E-01  1.669E-01  1.646E-01  1.624E-01  1.603E-01  1.581E-01  1.559E-01  1.537E-01  1.516E-01  1.495E-01  1.473E-01  1.452E-01  1.431E-01  1.410E-01  1.389E-01  1.369E-01  1.348E-01  1.328E-01  1.307E-01  1.287E-01  1.267E-01  1.247E-01  1.227E-01  1.207E-01  1.188E-01  1.168E-01  1.149E-01  1.130E-01  1.110E-01  1.091E-01  1.073E-01  1.054E-01  1.035E-01  1.017E-01  9.984E-02  9.802E-02  9.621E-02  9.442E-02  9.264E-02  9.087E-02  8.912E-02  8.737E-02  8.564E-02  8.393E-02  8.223E-02  8.054E-02  7.886E-02  7.720E-02  7.555E-02  7.392E-02  7.229E-02  7.068E-02  6.908E-02  6.750E-02  6.593E-02  6.438E-02
  344.5000  1.261E-01  1.245E-01  1.229E-01  1.213E-01  1.197E-01  1.182E-01  1.166E-01  1.151E-01  1.135E-01  1.120E-01  1.104E-01  1.089E-01  1.074E-01  1.059E-01  1.044E-01  1.029E-01  1.014E-01  9.994E-02  9.847E-02  9.701E-02  9.556E-02  9.412E-02  9.268E-02  9.125E-02  8.983E-02  8.842E-02  8.702E-02  8.563E-02  8.424E-02  8.286E-02  8.150E-02  8.014E-02  7.879E-02  7.745E-02  7.612E-02  7.479E-02  7.348E-02  7.218E-02  7.088E-02  6.960E-02  6.832E-02  6.705E-02  6.579E-02  6.455E-02  6.331E-02  6.207E-02  6.085E-02  5.964E-02  5.844E-02  5.725E-02  5.607E-02  5.489E-02  5.373E-02  5.257E-02  5.143E-02  5.029E-02  4.916E-02  4.804E-02  4.694E-02  4.584E-02  4.475E-02
  345.5000  1.745E-01  1.723E-01  1.702E-01  1.680E-01  1.658E-01  1.637E-01  1.616E-01  1.594E-01  1.573E-01  1.552E-01  1.531E-01  1.510E-01  1.489E-01  1.468E-01  1.448E-01  1.427E-01  1.407E-01  1.387E-01  1.367E-01  1.347E-01  1.327E-01  1.307E-01  1.287E-01  1.267E-01  1.248E-01  1.229E-01  1.209E-01  1.190E-01  1.171E-01  1.152E-01  1.133E-01  1.115E-01  1.096E-01  1.078E-01  1.059E-01  1.041E-01  1.023E-01  1.005E-01  9.875E-02  9.698E-02  9.523E-02  9.348E-02  9.175E-02  9.004E-02  8.833E-02  8.664E-02  8.496E-02  8.329E-02  8.164E-02  8.000E-02  7.837E-02  7.675E-02  7.514E-02  7.355E-02  7.198E-02  7.041E-02  6.886E-02  6.732E-02  6.579E-02  6.427E-02  6.277E-02
  346.5000  1.625E-01  1.605E-01  1.584E-01  1.564E-01  1.544E-01  1.524E-01  1.504E-01  1.484E-01  1.464E-01  1.444E-01  1.424E-01  1.405E-01  1.385E-01  1.366E-01  1.347E-01  1.327E-01  1.308E-01  1.289E-01  1.270E-01  1.252E-01  1.233E-01  1.214E-01  1.196E-01  1.178E-01  1.159E-01  1.141E-01  1.123E-01  1.105E-01  1.087E-01  1.070E-01  1.052E-01  1.035E-01  1.017E-01  1.000E-01  9.830E-02  9.660E-02  9.491E-02  9.323E-02  9.157E-02  8.991E-02  8.827E-02  8.664E-02  8.502E-02  8.342E-02  8.182E-02  8.024E-02  7.867E-02  7.711E-02  7.557E-02  7.403E-02  7.251E-02  7.100E-02  6.950E-02  6.801E-02  6.654E-02  6.508E-02  6.363E-02  6.219E-02  6.076E-02  5.935E-02  5.795E-02
  347.5000  1.591E-01  1.571E-01  1.551E-01  1.531E-01  1.511E-01  1.491E-01  1.472E-01  1.452E-01  1.433E-01  1.413E-01  1.394E-01  1.375E-01  1.356E-01  1.337E-01  1.318E-01  1.299E-01  1.281E-01  1.262E-01  1.244E-01  1.225E-01  1.207E-01  1.189E-01  1.171E-01  1.153E-01  1.135E-01  1.117E-01  1.100E-01  1.082E-01  1.065E-01  1.047E-01  1.030E-01  1.013E-01  9.959E-02  9.791E-02  9.623E-02  9.456E-02  9.291E-02  9.127E-02  8.964E-02  8.802E-02  8.641E-02  8.482E-02  8.323E-02  8.167E-02  8.011E-02  7.856E-02  7.702E-02  7.549E-02  7.399E-02  7.248E-02  7.099E-02  6.951E-02  6.805E-02  6.659E-02  6.516E-02  6.372E-02  6.231E-02  6.090E-02  5.950E-02  5.812E-02  5.675E-02
  348.5000  1.753E-01  1.731E-01  1.709E-01  1.688E-01  1.666E-01  1.644E-01  1.623E-01  1.601E-01  1.580E-01  1.559E-01  1.537E-01  1.516E-01  1.495E-01  1.474E-01  1.454E-01  1.433E-01  1.412E-01  1.392E-01  1.372E-01  1.351E-01  1.331E-01  1.311E-01  1.291E-01  1.272E-01  1.252E-01  1.232E-01  1.213E-01  1.194E-01  1.174E-01  1.155E-01  1.136E-01  1.118E-01  1.099E-01  1.080E-01  1.062E-01  1.044E-01  1.025E-01  1.007E-01  9.894E-02  9.716E-02  9.539E-02  9.363E-02  9.188E-02  9.016E-02  8.844E-02  8.673E-02  8.504E-02  8.336E-02  8.170E-02  8.005E-02  7.841E-02  7.678E-02  7.516E-02  7.356E-02  7.198E-02  7.040E-02  6.884E-02  6.729E-02  6.575E-02  6.423E-02  6.272E-02
  349.5000  1.471E-01  1.452E-01  1.434E-01  1.415E-01  1.397E-01  1.379E-01  1.361E-01  1.343E-01  1.325E-01  1.307E-01  1.289E-01  1.272E-01  1.254E-01  1.236E-01  1.219E-01  1.202E-01  1.184E-01  1.167E-01  1.150E-01  1.133E-01  1.116E-01  1.100E-01  1.083E-01  1.066E-01  1.050E-01  1.033E-01  1.017E-01  1.001E-01  9.847E-02  9.687E-02  9.528E-02  9.370E-02  9.213E-02  9.057E-02  8.903E-02  8.749E-02  8.596E-02  8.445E-02  8.294E-02  8.144E-02  7.996E-02  7.848E-02  7.702E-02  7.557E-02  7.413E-02  7.270E-02  7.128E-02  6.987E-02  6.848E-02  6.709E-02  6.571E-02  6.435E-02  6.299E-02  6.165E-02  6.032E-02  5.900E-02  5.769E-02  5.639E-02  5.510E-02  5.382E-02  5.256E-02
  350.5000  2.062E-01  2.036E-01  2.010E-01  1.985E-01  1.959E-01  1.934E-01  1.908E-01  1.883E-01  1.858E-01  1.833E-01  1.808E-01  1.783E-01  1.758E-01  1.734E-01  1.709E-01  1.685E-01  1.661E-01  1.637E-01  1.613E-01  1.589E-01  1.565E-01  1.542E-01  1.518E-01  1.495E-01  1.472E-01  1.449E-01  1.426E-01  1.403E-01  1.381E-01  1.358E-01  1.336E-01  1.314E-01  1.292E-01  1.270E-01  1.248E-01  1.227E-01  1.205E-01  1.184E-01  1.163E-01  1.142E-01  1.121E-01  1.101E-01  1.080E-01  1.060E-01  1.040E-01  1.020E-01  9.996E-02  9.799E-02  9.603E-02  9.409E-02  9.216E-02  9.024E-02  8.835E-02  8.646E-02  8.460E-02  8.275E-02  8.091E-02  7.909E-02  7.728E-02  7.549E-02  7.372E-02
  351.5000  1.778E-01  1.755E-01  1.733E-01  1.711E-01  1.689E-01  1.667E-01  1.645E-01  1.623E-01  1.601E-01  1.580E-01  1.558E-01  1.537E-01  1.516E-01  1.494E-01  1.473E-01  1.452E-01  1.431E-01  1.411E-01  1.390E-01  1.369E-01  1.349E-01  1.329E-01  1.309E-01  1.288E-01  1.268E-01  1.249E-01  1.229E-01  1.209E-01  1.190E-01  1.170E-01  1.151E-01  1.132E-01  1.113E-01  1.094E-01  1.076E-01  1.057E-01  1.038E-01  1.020E-01  1.002E-01  9.838E-02  9.658E-02  9.480E-02  9.303E-02  9.128E-02  8.953E-02  8.780E-02  8.609E-02  8.438E-02  8.270E-02  8.102E-02  7.936E-02  7.770E-02  7.607E-02  7.444E-02  7.284E-02  7.124E-02  6.966E-02  6.809E-02  6.653E-02  6.498E-02  6.346E-02
  352.5000  1.606E-01  1.586E-01  1.566E-01  1.546E-01  1.526E-01  1.506E-01  1.486E-01  1.466E-01  1.447E-01  1.427E-01  1.408E-01  1.388E-01  1.369E-01  1.350E-01  1.331E-01  1.312E-01  1.293E-01  1.274E-01  1.256E-01  1.237E-01  1.219E-01  1.200E-01  1.182E-01  1.164E-01  1.146E-01  1.128E-01  1.110E-01  1.093E-01  1.075E-01  1.057E-01  1.040E-01  1.023E-01  1.006E-01  9.887E-02  9.718E-02  9.550E-02  9.383E-02  9.217E-02  9.053E-02  8.889E-02  8.727E-02  8.566E-02  8.406E-02  8.248E-02  8.090E-02  7.934E-02  7.779E-02  7.625E-02  7.473E-02  7.322E-02  7.171E-02  7.022E-02  6.874E-02  6.728E-02  6.583E-02  6.439E-02  6.295E-02  6.154E-02  6.013E-02  5.874E-02  5.736E-02
  353.5000  1.937E-01  1.913E-01  1.888E-01  1.864E-01  1.840E-01  1.816E-01  1.792E-01  1.769E-01  1.745E-01  1.722E-01  1.698E-01  1.675E-01  1.652E-01  1.629E-01  1.606E-01  1.583E-01  1.560E-01  1.538E-01  1.515E-01  1.493E-01  1.470E-01  1.448E-01  1.426E-01  1.404E-01  1.383E-01  1.361E-01  1.340E-01  1.318E-01  1.297E-01  1.276E-01  1.255E-01  1.234E-01  1.214E-01  1.193E-01  1.173E-01  1.152E-01  1.132E-01  1.112E-01  1.092E-01  1.073E-01  1.053E-01  1.034E-01  1.015E-01  9.955E-02  9.765E-02  9.576E-02  9.389E-02  9.204E-02  9.020E-02  8.838E-02  8.657E-02  8.477E-02  8.299E-02  8.122E-02  7.947E-02  7.773E-02  7.601E-02  7.430E-02  7.260E-02  7.092E-02  6.926E-02
  354.5000  2.100E-01  2.074E-01  2.048E-01  2.022E-01  1.995E-01  1.970E-01  1.944E-01  1.918E-01  1.892E-01  1.867E-01  1.842E-01  1.816E-01  1.791E-01  1.766E-01  1.741E-01  1.717E-01  1.692E-01  1.667E-01  1.643E-01  1.619E-01  1.595E-01  1.571E-01  1.547E-01  1.523E-01  1.500E-01  1.476E-01  1.453E-01  1.430E-01  1.407E-01  1.384E-01  1.361E-01  1.339E-01  1.316E-01  1.294E-01  1.272E-01  1.250E-01  1.228E-01  1.207E-01  1.185E-01  1.164E-01  1.142E-01  1.121E-01  1.101E-01  1.080E-01  1.059E-01  1.039E-01  1.019E-01  9.985E-02  9.786E-02  9.588E-02  9.391E-02  9.197E-02  9.004E-02  8.812E-02  8.623E-02  8.434E-02  8.247E-02  8.062E-02  7.878E-02  7.696E-02  7.516E-02
  355.5000  1.965E-01  1.940E-01  1.916E-01  1.891E-01  1.867E-01  1.843E-01  1.818E-01  1.794E-01  1.770E-01  1.747E-01  1.723E-01  1.699E-01  1.676E-01  1.652E-01  1.629E-01  1.606E-01  1.583E-01  1.560E-01  1.537E-01  1.514E-01  1.492E-01  1.469E-01  1.447E-01  1.425E-01  1.403E-01  1.381E-01  1.359E-01  1.338E-01  1.316E-01  1.295E-01  1.273E-01  1.252E-01  1.231E-01  1.210E-01  1.190E-01  1.169E-01  1.149E-01  1.129E-01  1.108E-01  1.088E-01  1.069E-01  1.049E-01  1.029E-01  1.010E-01  9.908E-02  9.717E-02  9.527E-02  9.339E-02  9.153E-02  8.968E-02  8.784E-02  8.602E-02  8.421E-02  8.242E-02  8.065E-02  7.888E-02  7.713E-02  7.540E-02  7.368E-02  7.198E-02  7.030E-02
  356.5000  1.825E-01  1.802E-01  1.779E-01  1.757E-01  1.734E-01  1.712E-01  1.689E-01  1.667E-01  1.644E-01  1.622E-01  1.600E-01  1.578E-01  1.556E-01  1.535E-01  1.513E-01  1.492E-01  1.470E-01  1.449E-01  1.428E-01  1.407E-01  1.386E-01  1.365E-01  1.344E-01  1.323E-01  1.303E-01  1.283E-01  1.262E-01  1.242E-01  1.222E-01  1.202E-01  1.183E-01  1.163E-01  1.143E-01  1.124E-01  1.105E-01  1.086E-01  1.067E-01  1.048E-01  1.029E-01  1.011E-01  9.923E-02  9.740E-02  9.559E-02  9.379E-02  9.200E-02  9.022E-02  8.846E-02  8.671E-02  8.499E-02  8.326E-02  8.156E-02  7.987E-02  7.819E-02  7.652E-02  7.488E-02  7.324E-02  7.161E-02  7.001E-02  6.841E-02  6.683E-02  6.526E-02
  357.5000  1.553E-01  1.534E-01  1.514E-01  1.495E-01  1.476E-01  1.457E-01  1.437E-01  1.418E-01  1.399E-01  1.381E-01  1.362E-01  1.343E-01  1.325E-01  1.306E-01  1.288E-01  1.269E-01  1.251E-01  1.233E-01  1.215E-01  1.197E-01  1.179E-01  1.161E-01  1.144E-01  1.126E-01  1.109E-01  1.091E-01  1.074E-01  1.057E-01  1.040E-01  1.023E-01  1.006E-01  9.895E-02  9.729E-02  9.564E-02  9.400E-02  9.238E-02  9.076E-02  8.916E-02  8.757E-02  8.599E-02  8.442E-02  8.286E-02  8.131E-02  7.978E-02  7.826E-02  7.675E-02  7.525E-02  7.376E-02  7.229E-02  7.083E-02  6.937E-02  6.793E-02  6.650E-02  6.509E-02  6.369E-02  6.229E-02  6.091E-02  5.954E-02  5.818E-02  5.683E-02  5.550E-02
  358.5000  1.200E-01  1.185E-01  1.170E-01  1.155E-01  1.140E-01  1.126E-01  1.111E-01  1.096E-01  1.082E-01  1.067E-01  1.052E-01  1.038E-01  1.024E-01  1.009E-01  9.951E-02  9.809E-02  9.668E-02  9.528E-02  9.389E-02  9.250E-02  9.112E-02  8.975E-02  8.839E-02  8.703E-02  8.568E-02  8.434E-02  8.301E-02  8.168E-02  8.037E-02  7.906E-02  7.776E-02  7.647E-02  7.519E-02  7.391E-02  7.265E-02  7.139E-02  7.014E-02  6.891E-02  6.768E-02  6.645E-02  6.524E-02  6.404E-02  6.284E-02  6.166E-02  6.048E-02  5.931E-02  5.816E-02  5.701E-02  5.587E-02  5.474E-02  5.362E-02  5.250E-02  5.140E-02  5.030E-02  4.922E-02  4.814E-02  4.708E-02  4.602E-02  4.497E-02  4.393E-02  4.290E-02
  359.5000  2.022E-01  1.997E-01  1.972E-01  1.946E-01  1.921E-01  1.896E-01  1.871E-01  1.847E-01  1.822E-01  1.797E-01  1.773E-01  1.749E-01  1.724E-01  1.700E-01  1.676E-01  1.652E-01  1.629E-01  1.605E-01  1.582E-01  1.558E-01  1.535E-01  1.512E-01  1.489E-01  1.466E-01  1.443E-01  1.421E-01  1.398E-01  1.376E-01  1.354E-01  1.332E-01  1.310E-01  1.288E-01  1.266E-01  1.245E-01  1.224E-01  1.202E-01  1.181E-01  1.161E-01  1.140E-01  1.119E-01  1.099E-01  1.079E-01  1.058E-01  1.038E-01  1.019E-01  9.989E-02  9.794E-02  9.600E-02  9.409E-02  9.218E-02  9.029E-02  8.841E-02  8.655E-02  8.471E-02  8.289E-02  8.107E-02  7.927E-02  7.749E-02  7.572E-02  7.397E-02  7.224E-02
  360.5000  1.876E-01  1.853E-01  1.829E-01  1.806E-01  1.783E-01  1.760E-01  1.736E-01  1.713E-01  1.691E-01  1.668E-01  1.645E-01  1.622E-01  1.600E-01  1.578E-01  1.555E-01  1.533E-01  1.511E-01  1.489E-01  1.467E-01  1.446E-01  1.424E-01  1.403E-01  1.381E-01  1.360E-01  1.339E-01  1.318E-01  1.297E-01  1.277E-01  1.256E-01  1.235E-01  1.215E-01  1.195E-01  1.175E-01  1.155E-01  1.135E-01  1.116E-01  1.096E-01  1.077E-01  1.057E-01  1.038E-01  1.019E-01  1.001E-01  9.818E-02  9.633E-02  9.449E-02  9.266E-02  9.085E-02  8.905E-02  8.728E-02  8.551E-02  8.375E-02  8.201E-02  8.029E-02  7.857E-02  7.688E-02  7.520E-02  7.353E-02  7.188E-02  7.024E-02  6.861E-02  6.701E-02
  361.5000  1.694E-01  1.673E-01  1.651E-01  1.630E-01  1.609E-01  1.588E-01  1.568E-01  1.547E-01  1.526E-01  1.506E-01  1.485E-01  1.465E-01  1.444E-01  1.424E-01  1.404E-01  1.384E-01  1.364E-01  1.344E-01  1.325E-01  1.305E-01  1.286E-01  1.266E-01  1.247E-01  1.228E-01  1.209E-01  1.190E-01  1.171E-01  1.152E-01  1.134E-01  1.115E-01  1.097E-01  1.079E-01  1.061E-01  1.043E-01  1.025E-01  1.007E-01  9.894E-02  9.719E-02  9.545E-02  9.373E-02  9.201E-02  9.031E-02  8.863E-02  8.696E-02  8.529E-02  8.365E-02  8.201E-02  8.039E-02  7.878E-02  7.718E-02  7.560E-02  7.403E-02  7.247E-02  7.093E-02  6.940E-02  6.788E-02  6.637E-02  6.488E-02  6.340E-02  6.193E-02  6.049E-02
  362.5000  1.991E-01  1.966E-01  1.941E-01  1.917E-01  1.892E-01  1.867E-01  1.843E-01  1.818E-01  1.794E-01  1.770E-01  1.746E-01  1.722E-01  1.698E-01  1.674E-01  1.651E-01  1.627E-01  1.604E-01  1.580E-01  1.557E-01  1.534E-01  1.511E-01  1.489E-01  1.466E-01  1.443E-01  1.421E-01  1.399E-01  1.377E-01  1.355E-01  1.333E-01  1.311E-01  1.289E-01  1.268E-01  1.247E-01  1.226E-01  1.205E-01  1.184E-01  1.163E-01  1.142E-01  1.122E-01  1.102E-01  1.082E-01  1.062E-01  1.042E-01  1.022E-01  1.003E-01  9.832E-02  9.640E-02  9.449E-02  9.260E-02  9.073E-02  8.886E-02  8.702E-02  8.518E-02  8.337E-02  8.157E-02  7.979E-02  7.802E-02  7.626E-02  7.452E-02  7.280E-02  7.109E-02
  363.5000  1.773E-01  1.751E-01  1.729E-01  1.707E-01  1.685E-01  1.663E-01  1.641E-01  1.619E-01  1.598E-01  1.576E-01  1.555E-01  1.533E-01  1.512E-01  1.491E-01  1.470E-01  1.449E-01  1.428E-01  1.407E-01  1.387E-01  1.366E-01  1.346E-01  1.326E-01  1.305E-01  1.285E-01  1.265E-01  1.245E-01  1.226E-01  1.206E-01  1.187E-01  1.167E-01  1.148E-01  1.129E-01  1.110E-01  1.091E-01  1.073E-01  1.054E-01  1.035E-01  1.017E-01  9.990E-02  9.809E-02  9.630E-02  9.452E-02  9.275E-02  9.100E-02  8.926E-02  8.753E-02  8.582E-02  8.412E-02  8.244E-02  8.077E-02  7.911E-02  7.746E-02  7.583E-02  7.421E-02  7.262E-02  7.103E-02  6.945E-02  6.789E-02  6.634E-02  6.480E-02  6.329E-02
  364.5000  1.936E-01  1.912E-01  1.888E-01  1.864E-01  1.840E-01  1.816E-01  1.792E-01  1.768E-01  1.744E-01  1.721E-01  1.697E-01  1.674E-01  1.651E-01  1.628E-01  1.605E-01  1.582E-01  1.559E-01  1.537E-01  1.514E-01  1.492E-01  1.469E-01  1.447E-01  1.425E-01  1.403E-01  1.381E-01  1.360E-01  1.338E-01  1.317E-01  1.296E-01  1.274E-01  1.253E-01  1.233E-01  1.212E-01  1.191E-01  1.171E-01  1.150E-01  1.130E-01  1.110E-01  1.090E-01  1.071E-01  1.051E-01  1.032E-01  1.012E-01  9.932E-02  9.742E-02  9.554E-02  9.367E-02  9.181E-02  8.997E-02  8.815E-02  8.634E-02  8.454E-02  8.276E-02  8.099E-02  7.925E-02  7.751E-02  7.579E-02  7.408E-02  7.239E-02  7.072E-02  6.906E-02
  365.5000  2.361E-01  2.332E-01  2.302E-01  2.273E-01  2.243E-01  2.214E-01  2.185E-01  2.156E-01  2.127E-01  2.099E-01  2.070E-01  2.042E-01  2.013E-01  1.985E-01  1.957E-01  1.929E-01  1.901E-01  1.874E-01  1.846E-01  1.819E-01  1.792E-01  1.765E-01  1.738E-01  1.711E-01  1.684E-01  1.658E-01  1.632E-01  1.606E-01  1.580E-01  1.554E-01  1.528E-01  1.503E-01  1.478E-01  1.452E-01  1.427E-01  1.403E-01  1.378E-01  1.354E-01  1.329E-01  1.305E-01  1.281E-01  1.258E-01  1.234E-01  1.211E-01  1.188E-01  1.165E-01  1.142E-01  1.119E-01  1.097E-01  1.074E-01  1.052E-01  1.030E-01  1.009E-01  9.872E-02  9.659E-02  9.447E-02  9.237E-02  9.029E-02  8.823E-02  8.619E-02  8.417E-02
  366.5000  2.502E-01  2.470E-01  2.439E-01  2.408E-01  2.377E-01  2.346E-01  2.315E-01  2.285E-01  2.254E-01  2.224E-01  2.193E-01  2.163E-01  2.133E-01  2.103E-01  2.073E-01  2.044E-01  2.015E-01  1.985E-01  1.956E-01  1.927E-01  1.898E-01  1.870E-01  1.841E-01  1.813E-01  1.785E-01  1.757E-01  1.729E-01  1.701E-01  1.674E-01  1.646E-01  1.619E-01  1.592E-01  1.565E-01  1.539E-01  1.512E-01  1.486E-01  1.460E-01  1.434E-01  1.408E-01  1.383E-01  1.358E-01  1.332E-01  1.307E-01  1.283E-01  1.258E-01  1.234E-01  1.210E-01  1.186E-01  1.162E-01  1.138E-01  1.115E-01  1.092E-01  1.069E-01  1.046E-01  1.023E-01  1.001E-01  9.785E-02  9.565E-02  9.346E-02  9.130E-02  8.916E-02
  367.5000  2.378E-01  2.348E-01  2.319E-01  2.289E-01  2.260E-01  2.230E-01  2.201E-01  2.172E-01  2.143E-01  2.114E-01  2.085E-01  2.056E-01  2.028E-01  1.999E-01  1.971E-01  1.943E-01  1.915E-01  1.887E-01  1.859E-01  1.832E-01  1.804E-01  1.777E-01  1.750E-01  1.723E-01  1.696E-01  1.670E-01  1.643E-01  1.617E-01  1.591E-01  1.565E-01  1.539E-01  1.513E-01  1.488E-01  1.463E-01  1.437E-01  1.412E-01  1.388E-01  1.363E-01  1.339E-01  1.314E-01  1.290E-01  1.266E-01  1.243E-01  1.219E-01  1.196E-01  1.173E-01  1.150E-01  1.127E-01  1.104E-01  1.082E-01  1.059E-01  1.037E-01  1.016E-01  9.938E-02  9.724E-02  9.511E-02  9.299E-02  9.090E-02  8.882E-02  8.676E-02  8.473E-02
  368.5000  2.091E-01  2.065E-01  2.039E-01  2.013E-01  1.987E-01  1.961E-01  1.935E-01  1.910E-01  1.884E-01  1.859E-01  1.833E-01  1.808E-01  1.783E-01  1.758E-01  1.733E-01  1.708E-01  1.684E-01  1.659E-01  1.635E-01  1.611E-01  1.587E-01  1.563E-01  1.539E-01  1.515E-01  1.492E-01  1.468E-01  1.445E-01  1.422E-01  1.399E-01  1.376E-01  1.353E-01  1.331E-01  1.308E-01  1.286E-01  1.264E-01  1.242E-01  1.220E-01  1.198E-01  1.177E-01  1.155E-01  1.134E-01  1.113E-01  1.092E-01  1.072E-01  1.051E-01  1.031E-01  1.011E-01  9.905E-02  9.706E-02  9.509E-02  9.313E-02  9.119E-02  8.927E-02  8.736E-02  8.547E-02  8.360E-02  8.174E-02  7.989E-02  7.807E-02  7.626E-02  7.447E-02
  369.5000  2.511E-01  2.480E-01  2.448E-01  2.417E-01  2.386E-01  2.355E-01  2.324E-01  2.293E-01  2.262E-01  2.232E-01  2.201E-01  2.171E-01  2.141E-01  2.111E-01  2.081E-01  2.051E-01  2.022E-01  1.992E-01  1.963E-01  1.934E-01  1.905E-01  1.876E-01  1.848E-01  1.819E-01  1.791E-01  1.763E-01  1.735E-01  1.707E-01  1.679E-01  1.652E-01  1.624E-01  1.597E-01  1.571E-01  1.544E-01  1.517E-01  1.491E-01  1.465E-01  1.439E-01  1.413E-01  1.387E-01  1.362E-01  1.336E-01  1.311E-01  1.287E-01  1.262E-01  1.237E-01  1.213E-01  1.189E-01  1.165E-01  1.141E-01  1.118E-01  1.095E-01  1.071E-01  1.049E-01  1.026E-01  1.003E-01  9.810E-02  9.589E-02  9.370E-02  9.153E-02  8.938E-02
  370.5000  2.280E-01  2.252E-01  2.223E-01  2.195E-01  2.167E-01  2.138E-01  2.110E-01  2.082E-01  2.054E-01  2.027E-01  1.999E-01  1.972E-01  1.944E-01  1.917E-01  1.890E-01  1.863E-01  1.836E-01  1.809E-01  1.783E-01  1.756E-01  1.730E-01  1.704E-01  1.678E-01  1.652E-01  1.626E-01  1.601E-01  1.575E-01  1.550E-01  1.525E-01  1.500E-01  1.475E-01  1.451E-01  1.426E-01  1.402E-01  1.378E-01  1.354E-01  1.330E-01  1.306E-01  1.283E-01  1.259E-01  1.236E-01  1.213E-01  1.191E-01  1.168E-01  1.146E-01  1.123E-01  1.101E-01  1.079E-01  1.058E-01  1.036E-01  1.015E-01  9.937E-02  9.727E-02  9.518E-02  9.313E-02  9.108E-02  8.905E-02  8.705E-02  8.505E-02  8.308E-02  8.113E-02
  371.5000  2.612E-01  2.579E-01  2.546E-01  2.514E-01  2.482E-01  2.449E-01  2.417E-01  2.385E-01  2.353E-01  2.321E-01  2.290E-01  2.258E-01  2.227E-01  2.196E-01  2.164E-01  2.134E-01  2.103E-01  2.072E-01  2.042E-01  2.011E-01  1.981E-01  1.951E-01  1.922E-01  1.892E-01  1.862E-01  1.833E-01  1.804E-01  1.775E-01  1.746E-01  1.718E-01  1.689E-01  1.661E-01  1.633E-01  1.605E-01  1.578E-01  1.550E-01  1.523E-01  1.496E-01  1.469E-01  1.442E-01  1.416E-01  1.389E-01  1.363E-01  1.337E-01  1.312E-01  1.286E-01  1.261E-01  1.236E-01  1.211E-01  1.186E-01  1.162E-01  1.138E-01  1.114E-01  1.090E-01  1.066E-01  1.043E-01  1.020E-01  9.966E-02  9.738E-02  9.512E-02  9.289E-02
  372.5000  1.931E-01  1.907E-01  1.883E-01  1.859E-01  1.835E-01  1.811E-01  1.787E-01  1.763E-01  1.740E-01  1.716E-01  1.693E-01  1.670E-01  1.646E-01  1.623E-01  1.600E-01  1.578E-01  1.555E-01  1.532E-01  1.510E-01  1.487E-01  1.465E-01  1.443E-01  1.421E-01  1.399E-01  1.377E-01  1.355E-01  1.334E-01  1.312E-01  1.291E-01  1.270E-01  1.249E-01  1.228E-01  1.207E-01  1.187E-01  1.166E-01  1.146E-01  1.126E-01  1.106E-01  1.086E-01  1.066E-01  1.047E-01  1.027E-01  1.008E-01  9.887E-02  9.697E-02  9.509E-02  9.322E-02  9.136E-02  8.953E-02  8.770E-02  8.589E-02  8.410E-02  8.232E-02  8.055E-02  7.881E-02  7.708E-02  7.536E-02  7.366E-02  7.197E-02  7.030E-02  6.865E-02
  373.5000  1.747E-01  1.725E-01  1.704E-01  1.682E-01  1.660E-01  1.638E-01  1.617E-01  1.595E-01  1.574E-01  1.553E-01  1.532E-01  1.511E-01  1.490E-01  1.469E-01  1.448E-01  1.427E-01  1.407E-01  1.386E-01  1.366E-01  1.345E-01  1.325E-01  1.305E-01  1.285E-01  1.265E-01  1.246E-01  1.226E-01  1.207E-01  1.187E-01  1.168E-01  1.149E-01  1.130E-01  1.111E-01  1.092E-01  1.074E-01  1.055E-01  1.037E-01  1.018E-01  1.000E-01  9.823E-02  9.644E-02  9.466E-02  9.290E-02  9.115E-02  8.943E-02  8.771E-02  8.600E-02  8.431E-02  8.263E-02  8.097E-02  7.932E-02  7.768E-02  7.605E-02  7.444E-02  7.285E-02  7.127E-02  6.970E-02  6.815E-02  6.661E-02  6.509E-02  6.357E-02  6.208E-02
  374.5000  1.920E-01  1.896E-01  1.872E-01  1.848E-01  1.824E-01  1.800E-01  1.776E-01  1.753E-01  1.729E-01  1.706E-01  1.683E-01  1.660E-01  1.636E-01  1.613E-01  1.591E-01  1.568E-01  1.545E-01  1.523E-01  1.500E-01  1.478E-01  1.456E-01  1.434E-01  1.412E-01  1.390E-01  1.368E-01  1.347E-01  1.325E-01  1.304E-01  1.283E-01  1.262E-01  1.241E-01  1.220E-01  1.200E-01  1.179E-01  1.159E-01  1.139E-01  1.119E-01  1.099E-01  1.079E-01  1.059E-01  1.040E-01  1.020E-01  1.001E-01  9.821E-02  9.632E-02  9.445E-02  9.259E-02  9.074E-02  8.892E-02  8.710E-02  8.530E-02  8.352E-02  8.175E-02  8.000E-02  7.827E-02  7.654E-02  7.484E-02  7.314E-02  7.147E-02  6.981E-02  6.817E-02
  375.5000  2.168E-01  2.141E-01  2.114E-01  2.087E-01  2.060E-01  2.033E-01  2.006E-01  1.980E-01  1.953E-01  1.927E-01  1.901E-01  1.874E-01  1.848E-01  1.822E-01  1.796E-01  1.771E-01  1.745E-01  1.720E-01  1.695E-01  1.669E-01  1.644E-01  1.619E-01  1.595E-01  1.570E-01  1.545E-01  1.521E-01  1.497E-01  1.473E-01  1.449E-01  1.425E-01  1.402E-01  1.378E-01  1.355E-01  1.332E-01  1.309E-01  1.286E-01  1.263E-01  1.241E-01  1.218E-01  1.196E-01  1.174E-01  1.152E-01  1.130E-01  1.109E-01  1.088E-01  1.066E-01  1.045E-01  1.025E-01  1.004E-01  9.835E-02  9.632E-02  9.430E-02  9.230E-02  9.032E-02  8.836E-02  8.642E-02  8.449E-02  8.258E-02  8.069E-02  7.881E-02  7.696E-02
  376.5000  2.167E-01  2.140E-01  2.113E-01  2.086E-01  2.059E-01  2.032E-01  2.006E-01  1.979E-01  1.952E-01  1.926E-01  1.900E-01  1.874E-01  1.848E-01  1.822E-01  1.796E-01  1.770E-01  1.745E-01  1.719E-01  1.694E-01  1.669E-01  1.644E-01  1.619E-01  1.594E-01  1.569E-01  1.545E-01  1.520E-01  1.496E-01  1.472E-01  1.448E-01  1.424E-01  1.401E-01  1.377E-01  1.354E-01  1.331E-01  1.308E-01  1.285E-01  1.262E-01  1.240E-01  1.218E-01  1.195E-01  1.173E-01  1.151E-01  1.130E-01  1.108E-01  1.087E-01  1.066E-01  1.045E-01  1.024E-01  1.003E-01  9.828E-02  9.625E-02  9.423E-02  9.223E-02  9.025E-02  8.830E-02  8.635E-02  8.442E-02  8.251E-02  8.062E-02  7.875E-02  7.690E-02
  377.5000  2.584E-01  2.551E-01  2.519E-01  2.487E-01  2.455E-01  2.423E-01  2.391E-01  2.359E-01  2.327E-01  2.296E-01  2.265E-01  2.233E-01  2.202E-01  2.171E-01  2.141E-01  2.110E-01  2.080E-01  2.049E-01  2.019E-01  1.989E-01  1.959E-01  1.929E-01  1.900E-01  1.871E-01  1.841E-01  1.812E-01  1.783E-01  1.755E-01  1.726E-01  1.698E-01  1.670E-01  1.642E-01  1.614E-01  1.586E-01  1.559E-01  1.532E-01  1.505E-01  1.478E-01  1.451E-01  1.425E-01  1.398E-01  1.372E-01  1.346E-01  1.321E-01  1.295E-01  1.270E-01  1.245E-01  1.220E-01  1.196E-01  1.171E-01  1.147E-01  1.123E-01  1.099E-01  1.075E-01  1.052E-01  1.029E-01  1.006E-01  9.832E-02  9.606E-02  9.383E-02  9.162E-02
  378.5000  2.819E-01  2.783E-01  2.748E-01  2.713E-01  2.678E-01  2.643E-01  2.608E-01  2.574E-01  2.539E-01  2.505E-01  2.471E-01  2.437E-01  2.403E-01  2.369E-01  2.335E-01  2.302E-01  2.269E-01  2.236E-01  2.203E-01  2.170E-01  2.137E-01  2.105E-01  2.073E-01  2.041E-01  2.009E-01  1.977E-01  1.946E-01  1.914E-01  1.883E-01  1.852E-01  1.821E-01  1.791E-01  1.761E-01  1.730E-01  1.700E-01  1.671E-01  1.641E-01  1.612E-01  1.583E-01  1.554E-01  1.525E-01  1.497E-01  1.469E-01  1.441E-01  1.413E-01  1.385E-01  1.358E-01  1.331E-01  1.304E-01  1.277E-01  1.251E-01  1.225E-01  1.199E-01  1.173E-01  1.147E-01  1.122E-01  1.097E-01  1.072E-01  1.048E-01  1.023E-01  9.991E-02
  379.5000  2.087E-01  2.061E-01  2.035E-01  2.009E-01  1.983E-01  1.957E-01  1.932E-01  1.906E-01  1.880E-01  1.855E-01  1.830E-01  1.804E-01  1.779E-01  1.754E-01  1.729E-01  1.705E-01  1.680E-01  1.656E-01  1.631E-01  1.607E-01  1.583E-01  1.559E-01  1.535E-01  1.511E-01  1.488E-01  1.464E-01  1.441E-01  1.418E-01  1.394E-01  1.372E-01  1.349E-01  1.326E-01  1.304E-01  1.281E-01  1.259E-01  1.237E-01  1.215E-01  1.194E-01  1.172E-01  1.151E-01  1.129E-01  1.108E-01  1.087E-01  1.067E-01  1.046E-01  1.026E-01  1.005E-01  9.852E-02  9.654E-02  9.456E-02  9.260E-02  9.066E-02  8.873E-02  8.682E-02  8.494E-02  8.306E-02  8.121E-02  7.937E-02  7.754E-02  7.574E-02  7.395E-02
  380.5000  2.513E-01  2.481E-01  2.450E-01  2.419E-01  2.388E-01  2.356E-01  2.325E-01  2.295E-01  2.264E-01  2.233E-01  2.203E-01  2.172E-01  2.142E-01  2.112E-01  2.082E-01  2.052E-01  2.023E-01  1.993E-01  1.964E-01  1.934E-01  1.905E-01  1.877E-01  1.848E-01  1.819E-01  1.791E-01  1.762E-01  1.734E-01  1.706E-01  1.679E-01  1.651E-01  1.624E-01  1.596E-01  1.569E-01  1.542E-01  1.516E-01  1.489E-01  1.463E-01  1.437E-01  1.411E-01  1.385E-01  1.359E-01  1.334E-01  1.309E-01  1.284E-01  1.259E-01  1.234E-01  1.210E-01  1.186E-01  1.162E-01  1.138E-01  1.114E-01  1.091E-01  1.068E-01  1.045E-01  1.022E-01  9.996E-02  9.772E-02  9.550E-02  9.331E-02  9.113E-02  8.899E-02
  381.5000  2.364E-01  2.334E-01  2.305E-01  2.275E-01  2.246E-01  2.217E-01  2.187E-01  2.158E-01  2.129E-01  2.101E-01  2.072E-01  2.043E-01  2.015E-01  1.987E-01  1.958E-01  1.930E-01  1.903E-01  1.875E-01  1.847E-01  1.820E-01  1.792E-01  1.765E-01  1.738E-01  1.711E-01  1.684E-01  1.658E-01  1.631E-01  1.605E-01  1.579E-01  1.553E-01  1.527E-01  1.501E-01  1.476E-01  1.451E-01  1.425E-01  1.400E-01  1.376E-01  1.351E-01  1.327E-01  1.302E-01  1.278E-01  1.254E-01  1.231E-01  1.207E-01  1.184E-01  1.161E-01  1.138E-01  1.115E-01  1.093E-01  1.070E-01  1.048E-01  1.026E-01  1.004E-01  9.825E-02  9.611E-02  9.399E-02  9.188E-02  8.980E-02  8.773E-02  8.569E-02  8.367E-02
  382.5000  1.577E-01  1.557E-01  1.537E-01  1.518E-01  1.498E-01  1.478E-01  1.459E-01  1.440E-01  1.420E-01  1.401E-01  1.382E-01  1.363E-01  1.344E-01  1.325E-01  1.306E-01  1.288E-01  1.269E-01  1.250E-01  1.232E-01  1.214E-01  1.195E-01  1.177E-01  1.159E-01  1.141E-01  1.123E-01  1.106E-01  1.088E-01  1.070E-01  1.053E-01  1.036E-01  1.018E-01  1.001E-01  9.843E-02  9.674E-02  9.507E-02  9.340E-02  9.174E-02  9.011E-02  8.848E-02  8.686E-02  8.525E-02  8.365E-02  8.207E-02  8.051E-02  7.895E-02  7.740E-02  7.587E-02  7.435E-02  7.285E-02  7.135E-02  6.987E-02  6.840E-02  6.695E-02  6.551E-02  6.408E-02  6.266E-02  6.126E-02  5.987E-02  5.849E-02  5.713E-02  5.578E-02
  383.5000  1.386E-01  1.369E-01  1.351E-01  1.334E-01  1.317E-01  1.300E-01  1.282E-01  1.265E-01  1.248E-01  1.232E-01  1.215E-01  1.198E-01  1.181E-01  1.165E-01  1.148E-01  1.132E-01  1.115E-01  1.099E-01  1.083E-01  1.067E-01  1.051E-01  1.035E-01  1.019E-01  1.003E-01  9.874E-02  9.717E-02  9.563E-02  9.408E-02  9.255E-02  9.102E-02  8.951E-02  8.801E-02  8.651E-02  8.503E-02  8.355E-02  8.208E-02  8.063E-02  7.919E-02  7.775E-02  7.633E-02  7.492E-02  7.351E-02  7.212E-02  7.075E-02  6.938E-02  6.802E-02  6.667E-02  6.533E-02  6.401E-02  6.270E-02  6.140E-02  6.011E-02  5.883E-02  5.756E-02  5.630E-02  5.506E-02  5.382E-02  5.260E-02  5.139E-02  5.019E-02  4.901E-02
  384.5000  2.082E-01  2.056E-01  2.030E-01  2.004E-01  1.978E-01  1.952E-01  1.927E-01  1.901E-01  1.876E-01  1.850E-01  1.825E-01  1.800E-01  1.775E-01  1.750E-01  1.725E-01  1.700E-01  1.676E-01  1.651E-01  1.627E-01  1.602E-01  1.578E-01  1.554E-01  1.531E-01  1.507E-01  1.483E-01  1.460E-01  1.436E-01  1.413E-01  1.390E-01  1.367E-01  1.345E-01  1.322E-01  1.299E-01  1.277E-01  1.255E-01  1.233E-01  1.211E-01  1.189E-01  1.168E-01  1.146E-01  1.125E-01  1.104E-01  1.083E-01  1.063E-01  1.042E-01  1.022E-01  1.001E-01  9.812E-02  9.613E-02  9.416E-02  9.220E-02  9.026E-02  8.834E-02  8.643E-02  8.455E-02  8.268E-02  8.082E-02  7.899E-02  7.717E-02  7.536E-02  7.359E-02
  385.5000  2.062E-01  2.036E-01  2.010E-01  1.985E-01  1.959E-01  1.933E-01  1.908E-01  1.883E-01  1.857E-01  1.832E-01  1.807E-01  1.782E-01  1.758E-01  1.733E-01  1.708E-01  1.684E-01  1.659E-01  1.635E-01  1.611E-01  1.587E-01  1.563E-01  1.539E-01  1.516E-01  1.492E-01  1.469E-01  1.446E-01  1.423E-01  1.400E-01  1.377E-01  1.354E-01  1.331E-01  1.309E-01  1.287E-01  1.265E-01  1.243E-01  1.221E-01  1.199E-01  1.178E-01  1.156E-01  1.135E-01  1.114E-01  1.093E-01  1.073E-01  1.052E-01  1.032E-01  1.011E-01  9.914E-02  9.715E-02  9.518E-02  9.322E-02  9.128E-02  8.936E-02  8.746E-02  8.557E-02  8.370E-02  8.185E-02  8.001E-02  7.819E-02  7.639E-02  7.460E-02  7.284E-02
  386.5000  2.104E-01  2.078E-01  2.051E-01  2.025E-01  1.999E-01  1.973E-01  1.947E-01  1.921E-01  1.895E-01  1.870E-01  1.844E-01  1.819E-01  1.793E-01  1.768E-01  1.743E-01  1.718E-01  1.693E-01  1.668E-01  1.644E-01  1.619E-01  1.595E-01  1.571E-01  1.547E-01  1.523E-01  1.499E-01  1.475E-01  1.451E-01  1.428E-01  1.405E-01  1.381E-01  1.358E-01  1.336E-01  1.313E-01  1.290E-01  1.268E-01  1.246E-01  1.223E-01  1.202E-01  1.180E-01  1.158E-01  1.137E-01  1.115E-01  1.094E-01  1.073E-01  1.052E-01  1.032E-01  1.011E-01  9.909E-02  9.709E-02  9.509E-02  9.311E-02  9.115E-02  8.920E-02  8.728E-02  8.537E-02  8.348E-02  8.161E-02  7.975E-02  7.791E-02  7.609E-02  7.429E-02
  387.5000  1.957E-01  1.933E-01  1.908E-01  1.884E-01  1.860E-01  1.835E-01  1.811E-01  1.787E-01  1.763E-01  1.739E-01  1.716E-01  1.692E-01  1.668E-01  1.645E-01  1.621E-01  1.598E-01  1.575E-01  1.552E-01  1.529E-01  1.506E-01  1.484E-01  1.461E-01  1.439E-01  1.416E-01  1.394E-01  1.372E-01  1.350E-01  1.328E-01  1.307E-01  1.285E-01  1.264E-01  1.242E-01  1.221E-01  1.200E-01  1.179E-01  1.159E-01  1.138E-01  1.118E-01  1.097E-01  1.077E-01  1.057E-01  1.037E-01  1.018E-01  9.982E-02  9.788E-02  9.596E-02  9.405E-02  9.216E-02  9.029E-02  8.843E-02  8.659E-02  8.476E-02  8.295E-02  8.116E-02  7.939E-02  7.763E-02  7.589E-02  7.416E-02  7.245E-02  7.075E-02  6.908E-02
  388.5000  1.964E-01  1.939E-01  1.915E-01  1.890E-01  1.866E-01  1.841E-01  1.817E-01  1.793E-01  1.769E-01  1.745E-01  1.721E-01  1.698E-01  1.674E-01  1.650E-01  1.627E-01  1.604E-01  1.580E-01  1.557E-01  1.534E-01  1.511E-01  1.489E-01  1.466E-01  1.443E-01  1.421E-01  1.399E-01  1.376E-01  1.355E-01  1.333E-01  1.311E-01  1.289E-01  1.268E-01  1.246E-01  1.225E-01  1.204E-01  1.183E-01  1.162E-01  1.142E-01  1.121E-01  1.101E-01  1.081E-01  1.060E-01  1.041E-01  1.021E-01  1.001E-01  9.818E-02  9.625E-02  9.434E-02  9.244E-02  9.056E-02  8.870E-02  8.685E-02  8.502E-02  8.320E-02  8.140E-02  7.962E-02  7.786E-02  7.611E-02  7.437E-02  7.265E-02  7.095E-02  6.928E-02
  389.5000  2.479E-01  2.448E-01  2.417E-01  2.386E-01  2.355E-01  2.325E-01  2.294E-01  2.263E-01  2.233E-01  2.203E-01  2.173E-01  2.143E-01  2.113E-01  2.083E-01  2.054E-01  2.024E-01  1.995E-01  1.966E-01  1.937E-01  1.908E-01  1.879E-01  1.850E-01  1.822E-01  1.794E-01  1.765E-01  1.737E-01  1.710E-01  1.682E-01  1.655E-01  1.627E-01  1.600E-01  1.573E-01  1.546E-01  1.520E-01  1.493E-01  1.467E-01  1.441E-01  1.415E-01  1.389E-01  1.364E-01  1.338E-01  1.313E-01  1.288E-01  1.264E-01  1.239E-01  1.215E-01  1.191E-01  1.167E-01  1.143E-01  1.119E-01  1.096E-01  1.073E-01  1.050E-01  1.027E-01  1.005E-01  9.824E-02  9.603E-02  9.384E-02  9.167E-02  8.953E-02  8.741E-02
  390.5000  2.437E-01  2.407E-01  2.376E-01  2.346E-01  2.316E-01  2.286E-01  2.256E-01  2.226E-01  2.196E-01  2.166E-01  2.136E-01  2.107E-01  2.078E-01  2.048E-01  2.019E-01  1.990E-01  1.961E-01  1.933E-01  1.904E-01  1.876E-01  1.848E-01  1.819E-01  1.791E-01  1.764E-01  1.736E-01  1.708E-01  1.681E-01  1.654E-01  1.627E-01  1.600E-01  1.573E-01  1.547E-01  1.520E-01  1.494E-01  1.468E-01  1.442E-01  1.417E-01  1.391E-01  1.366E-01  1.341E-01  1.316E-01  1.291E-01  1.266E-01  1.242E-01  1.218E-01  1.194E-01  1.170E-01  1.147E-01  1.123E-01  1.100E-01  1.077E-01  1.055E-01  1.032E-01  1.010E-01  9.875E-02  9.656E-02  9.438E-02  9.223E-02  9.010E-02  8.799E-02  8.590E-02
  391.5000  2.895E-01  2.859E-01  2.822E-01  2.786E-01  2.750E-01  2.714E-01  2.679E-01  2.643E-01  2.608E-01  2.572E-01  2.537E-01  2.502E-01  2.467E-01  2.433E-01  2.398E-01  2.364E-01  2.329E-01  2.295E-01  2.261E-01  2.228E-01  2.194E-01  2.161E-01  2.127E-01  2.094E-01  2.061E-01  2.029E-01  1.996E-01  1.964E-01  1.932E-01  1.900E-01  1.868E-01  1.837E-01  1.805E-01  1.774E-01  1.743E-01  1.713E-01  1.682E-01  1.652E-01  1.622E-01  1.592E-01  1.562E-01  1.533E-01  1.504E-01  1.475E-01  1.446E-01  1.418E-01  1.389E-01  1.361E-01  1.334E-01  1.306E-01  1.279E-01  1.252E-01  1.225E-01  1.199E-01  1.172E-01  1.146E-01  1.120E-01  1.095E-01  1.070E-01  1.044E-01  1.020E-01
  392.5000  2.173E-01  2.146E-01  2.119E-01  2.092E-01  2.065E-01  2.038E-01  2.011E-01  1.984E-01  1.958E-01  1.931E-01  1.905E-01  1.878E-01  1.852E-01  1.826E-01  1.800E-01  1.774E-01  1.749E-01  1.723E-01  1.698E-01  1.672E-01  1.647E-01  1.622E-01  1.597E-01  1.572E-01  1.547E-01  1.523E-01  1.499E-01  1.474E-01  1.450E-01  1.426E-01  1.402E-01  1.379E-01  1.355E-01  1.332E-01  1.309E-01  1.285E-01  1.263E-01  1.240E-01  1.217E-01  1.195E-01  1.173E-01  1.151E-01  1.129E-01  1.107E-01  1.085E-01  1.064E-01  1.043E-01  1.022E-01  1.001E-01  9.803E-02  9.598E-02  9.395E-02  9.194E-02  8.994E-02  8.797E-02  8.602E-02  8.408E-02  8.216E-02  8.026E-02  7.837E-02  7.651E-02
  393.5000  9.458E-02  9.339E-02  9.221E-02  9.103E-02  8.986E-02  8.869E-02  8.752E-02  8.636E-02  8.520E-02  8.405E-02  8.290E-02  8.175E-02  8.061E-02  7.948E-02  7.835E-02  7.723E-02  7.611E-02  7.499E-02  7.388E-02  7.278E-02  7.168E-02  7.059E-02  6.950E-02  6.842E-02  6.734E-02  6.628E-02  6.522E-02  6.416E-02  6.311E-02  6.206E-02  6.102E-02  6.000E-02  5.897E-02  5.795E-02  5.694E-02  5.594E-02  5.494E-02  5.395E-02  5.297E-02  5.199E-02  5.102E-02  5.006E-02  4.911E-02  4.817E-02  4.723E-02  4.630E-02  4.537E-02  4.446E-02  4.355E-02  4.265E-02  4.176E-02  4.088E-02  4.000E-02  3.913E-02  3.827E-02  3.742E-02  3.658E-02  3.574E-02  3.491E-02  3.409E-02  3.328E-02
  394.5000  2.228E-01  2.200E-01  2.172E-01  2.144E-01  2.117E-01  2.089E-01  2.062E-01  2.034E-01  2.007E-01  1.980E-01  1.953E-01  1.926E-01  1.899E-01  1.872E-01  1.846E-01  1.819E-01  1.793E-01  1.766E-01  1.740E-01  1.714E-01  1.689E-01  1.663E-01  1.637E-01  1.612E-01  1.586E-01  1.561E-01  1.536E-01  1.511E-01  1.486E-01  1.462E-01  1.437E-01  1.413E-01  1.389E-01  1.365E-01  1.341E-01  1.317E-01  1.294E-01  1.271E-01  1.248E-01  1.225E-01  1.202E-01  1.179E-01  1.157E-01  1.134E-01  1.112E-01  1.090E-01  1.069E-01  1.047E-01  1.026E-01  1.004E-01  9.834E-02  9.625E-02  9.419E-02  9.214E-02  9.012E-02  8.811E-02  8.612E-02  8.416E-02  8.220E-02  8.027E-02  7.837E-02
  395.5000  2.869E-01  2.833E-01  2.798E-01  2.762E-01  2.726E-01  2.691E-01  2.655E-01  2.620E-01  2.585E-01  2.550E-01  2.515E-01  2.480E-01  2.446E-01  2.411E-01  2.377E-01  2.343E-01  2.309E-01  2.275E-01  2.241E-01  2.208E-01  2.175E-01  2.142E-01  2.109E-01  2.076E-01  2.043E-01  2.011E-01  1.978E-01  1.946E-01  1.914E-01  1.883E-01  1.851E-01  1.820E-01  1.789E-01  1.758E-01  1.727E-01  1.697E-01  1.666E-01  1.636E-01  1.607E-01  1.577E-01  1.547E-01  1.518E-01  1.489E-01  1.461E-01  1.432E-01  1.404E-01  1.376E-01  1.348E-01  1.321E-01  1.293E-01  1.266E-01  1.239E-01  1.213E-01  1.186E-01  1.160E-01  1.134E-01  1.109E-01  1.083E-01  1.058E-01  1.033E-01  1.009E-01
  396.5000  1.687E-01  1.665E-01  1.644E-01  1.623E-01  1.602E-01  1.582E-01  1.561E-01  1.540E-01  1.519E-01  1.499E-01  1.478E-01  1.458E-01  1.438E-01  1.417E-01  1.397E-01  1.377E-01  1.357E-01  1.337E-01  1.317E-01  1.298E-01  1.278E-01  1.259E-01  1.239E-01  1.220E-01  1.201E-01  1.182E-01  1.163E-01  1.144E-01  1.125E-01  1.107E-01  1.088E-01  1.070E-01  1.051E-01  1.033E-01  1.015E-01  9.972E-02  9.793E-02  9.617E-02  9.442E-02  9.267E-02  9.094E-02  8.923E-02  8.752E-02  8.584E-02  8.416E-02  8.250E-02  8.085E-02  7.922E-02  7.760E-02  7.599E-02  7.440E-02  7.282E-02  7.126E-02  6.971E-02  6.818E-02  6.665E-02  6.515E-02  6.366E-02  6.218E-02  6.072E-02  5.927E-02
  397.5000  1.948E-01  1.924E-01  1.899E-01  1.875E-01  1.851E-01  1.827E-01  1.803E-01  1.779E-01  1.755E-01  1.731E-01  1.708E-01  1.684E-01  1.661E-01  1.637E-01  1.614E-01  1.591E-01  1.568E-01  1.545E-01  1.522E-01  1.499E-01  1.476E-01  1.454E-01  1.431E-01  1.409E-01  1.387E-01  1.365E-01  1.343E-01  1.321E-01  1.300E-01  1.278E-01  1.257E-01  1.235E-01  1.214E-01  1.193E-01  1.172E-01  1.152E-01  1.131E-01  1.111E-01  1.090E-01  1.070E-01  1.050E-01  1.030E-01  1.011E-01  9.913E-02  9.720E-02  9.527E-02  9.337E-02  9.148E-02  8.961E-02  8.775E-02  8.591E-02  8.409E-02  8.228E-02  8.049E-02  7.872E-02  7.696E-02  7.522E-02  7.350E-02  7.179E-02  7.010E-02  6.843E-02
  398.5000  3.351E-01  3.309E-01  3.267E-01  3.225E-01  3.184E-01  3.142E-01  3.101E-01  3.060E-01  3.019E-01  2.978E-01  2.937E-01  2.897E-01  2.856E-01  2.816E-01  2.776E-01  2.736E-01  2.696E-01  2.657E-01  2.618E-01  2.578E-01  2.540E-01  2.501E-01  2.462E-01  2.424E-01  2.386E-01  2.348E-01  2.310E-01  2.273E-01  2.235E-01  2.198E-01  2.161E-01  2.125E-01  2.088E-01  2.052E-01  2.016E-01  1.981E-01  1.945E-01  1.910E-01  1.875E-01  1.841E-01  1.806E-01  1.772E-01  1.738E-01  1.705E-01  1.671E-01  1.638E-01  1.606E-01  1.573E-01  1.541E-01  1.509E-01  1.477E-01  1.446E-01  1.415E-01  1.384E-01  1.354E-01  1.323E-01  1.293E-01  1.264E-01  1.234E-01  1.205E-01  1.177E-01
  399.5000  3.489E-01  3.445E-01  3.401E-01  3.358E-01  3.315E-01  3.272E-01  3.229E-01  3.186E-01  3.143E-01  3.100E-01  3.058E-01  3.016E-01  2.974E-01  2.932E-01  2.890E-01  2.849E-01  2.807E-01  2.766E-01  2.725E-01  2.684E-01  2.644E-01  2.604E-01  2.563E-01  2.524E-01  2.484E-01  2.444E-01  2.405E-01  2.366E-01  2.327E-01  2.289E-01  2.250E-01  2.212E-01  2.174E-01  2.137E-01  2.099E-01  2.062E-01  2.025E-01  1.989E-01  1.952E-01  1.916E-01  1.880E-01  1.845E-01  1.809E-01  1.775E-01  1.740E-01  1.705E-01  1.671E-01  1.637E-01  1.604E-01  1.571E-01  1.538E-01  1.505E-01  1.473E-01  1.440E-01  1.409E-01  1.377E-01  1.346E-01  1.315E-01  1.285E-01  1.254E-01  1.224E-01
------------------------------------------------------------
Dose rates,W m-2
   1 = UV index (WMO, 1994; Webb et al., 2011)           
   2 = Previtamin-D3 (CIE 2006)                          
values at z =      0.025 km
Columns: time,sza,weighting spectra
time,hrs.  sza,deg.          1          2
   18.0000     68.540  1.025E+00  3.485E-02
   18.0167     68.745  1.005E+00  3.396E-02
   18.0333     68.951  9.848E-01  3.309E-02
   18.0500     69.155  9.652E-01  3.223E-02
   18.0667     69.360  9.458E-01  3.139E-02
   18.0833     69.565  9.267E-01  3.056E-02
   18.1000     69.770  9.078E-01  2.975E-02
   18.1167     69.975  8.892E-01  2.895E-02
   18.1333     70.180  8.708E-01  2.817E-02
   18.1500     70.384  8.528E-01  2.740E-02
   18.1667     70.588  8.350E-01  2.665E-02
   18.1833     70.793  8.174E-01  2.591E-02
   18.2000     70.997  8.000E-01  2.518E-02
   18.2167     71.201  7.829E-01  2.447E-02
   18.2333     71.406  7.661E-01  2.378E-02
   18.2500     71.609  7.496E-01  2.310E-02
   18.2667     71.813  7.332E-01  2.243E-02
   18.2833     72.017  7.171E-01  2.178E-02
   18.3000     72.221  7.013E-01  2.114E-02
   18.3167     72.424  6.856E-01  2.051E-02
   18.3333     72.627  6.703E-01  1.990E-02
   18.3500     72.831  6.552E-01  1.930E-02
   18.3667     73.034  6.403E-01  1.871E-02
   18.3833     73.237  6.256E-01  1.814E-02
   18.4000     73.440  6.111E-01  1.757E-02
   18.4167     73.643  5.969E-01  1.703E-02
   18.4333     73.845  5.830E-01  1.649E-02
   18.4500     74.048  5.692E-01  1.597E-02
   18.4667     74.251  5.557E-01  1.546E-02
   18.4833     74.453  5.424E-01  1.496E-02
   18.5000     74.656  5.293E-01  1.447E-02
   18.5167     74.857  5.165E-01  1.400E-02
   18.5333     75.060  5.038E-01  1.354E-02
   18.5500     75.262  4.914E-01  1.308E-02
   18.5667     75.463  4.791E-01  1.264E-02
   18.5833     75.665  4.671E-01  1.221E-02
   18.6000     75.867  4.553E-01  1.180E-02
   18.6167     76.068  4.437E-01  1.139E-02
   18.6333     76.269  4.323E-01  1.099E-02
   18.6500     76.471  4.211E-01  1.061E-02
   18.6667     76.672  4.101E-01  1.023E-02
   18.6833     76.873  3.993E-01  9.867E-03
   18.7000     77.074  3.887E-01  9.512E-03
   18.7167     77.274  3.784E-01  9.168E-03
   18.7333     77.475  3.681E-01  8.832E-03
   18.7500     77.675  3.581E-01  8.506E-03
   18.7667     77.876  3.483E-01  8.190E-03
   18.7833     78.076  3.386E-01  7.882E-03
   18.8000     78.275  3.292E-01  7.585E-03
   18.8167     78.475  3.199E-01  7.296E-03
   18.8333     78.675  3.107E-01  7.016E-03
   18.8500     78.875  3.018E-01  6.744E-03
   18.8667     79.075  2.930E-01  6.480E-03
   18.8833     79.274  2.845E-01  6.225E-03
   18.9000     79.473  2.761E-01  5.979E-03
   18.9167     79.672  2.678E-01  5.740E-03
   18.9333     79.871  2.597E-01  5.508E-03
   18.9500     80.070  2.518E-01  5.285E-03
   18.9667     80.269  2.440E-01  5.068E-03
   18.9833     80.467  2.364E-01  4.859E-03
   19.0000     80.665  2.290E-01  4.658E-03
------------------------------------------------------------
