Spectral Irradiance,W m-2 nm-1
values at z =      0.025 km
Columns: wavelength (nm),times (hrs.) or sza (deg.)
    wc,nm     18.000     18.017     18.033     18.050     18.067     18.083     18.100     18.117     18.133     18.150     18.167     18.183     18.200     18.217     18.233     18.250     18.267     18.283     18.300     18.317     18.333     18.350     18.367     18.383     18.400     18.417     18.433     18.450     18.467     18.483     18.500     18.517     18.533     18.550     18.567     18.583     18.600     18.617     18.633     18.650     18.667     18.683     18.700     18.717     18.733     18.750     18.767     18.783     18.800     18.817     18.833     18.850     18.867     18.883     18.900     18.917     18.933     18.950     18.967     18.983     19.000
    sza =      70.589     70.796     71.003     71.209     71.416     71.623     71.829     72.036     72.242     72.448     72.654     72.860     73.067     73.273     73.479     73.684     73.890     74.095     74.301     74.506     74.711     74.916     75.122     75.327     75.532     75.737     75.941     76.146     76.350     76.555     76.759     76.963     77.167     77.371     77.575     77.779     77.983     78.186     78.390     78.593     78.796     79.000     79.203     79.405     79.608     79.811     80.013     80.216     80.418     80.620     80.822     81.024     81.226     81.428     81.629     81.830     82.032     82.233     82.434     82.635     82.835
  280.5000  6.739E-25  6.629E-25  6.521E-25  6.417E-25  6.315E-25  6.215E-25  6.117E-25  6.022E-25  5.929E-25  5.838E-25  5.748E-25  5.661E-25  5.575E-25  5.491E-25  5.409E-25  5.328E-25  5.249E-25  5.171E-25  5.095E-25  5.020E-25  4.946E-25  4.873E-25  4.802E-25  4.732E-25  4.663E-25  4.595E-25  4.528E-25  4.462E-25  4.397E-25  4.332E-25  4.269E-25  4.207E-25  4.145E-25  4.084E-25  4.024E-25  3.965E-25  3.906E-25  3.848E-25  3.791E-25  3.734E-25  3.678E-25  3.622E-25  3.567E-25  3.513E-25  3.459E-25  3.406E-25  3.353E-25  3.300E-25  3.248E-25  3.196E-25  3.145E-25  3.094E-25  3.043E-25  2.993E-25  2.943E-25  2.893E-25  2.843E-25  2.794E-25  2.745E-25  2.696E-25  2.648E-25
  281.5000  1.190E-22  1.170E-22  1.151E-22  1.132E-22  1.113E-22  1.095E-22  1.078E-22  1.060E-22  1.044E-22  1.027E-22  1.011E-22  9.954E-23  9.800E-23  9.649E-23  9.501E-23  9.357E-23  9.215E-23  9.075E-23  8.939E-23  8.804E-23  8.673E-23  8.543E-23  8.415E-23  8.290E-23  8.167E-23  8.046E-23  7.926E-23  7.809E-23  7.693E-23  7.579E-23  7.466E-23  7.356E-23  7.246E-23  7.138E-23  7.032E-23  6.927E-23  6.823E-23  6.720E-23  6.619E-23  6.518E-23  6.419E-23  6.321E-23  6.224E-23  6.128E-23  6.033E-23  5.938E-23  5.845E-23  5.752E-23  5.660E-23  5.569E-23  5.479E-23  5.389E-23  5.300E-23  5.211E-23  5.124E-23  5.036E-23  4.949E-23  4.863E-23  4.777E-23  4.691E-23  4.607E-23
  282.5000  6.964E-21  6.844E-21  6.728E-21  6.614E-21  6.504E-21  6.396E-21  6.291E-21  6.188E-21  6.087E-21  5.990E-21  5.894E-21  5.800E-21  5.708E-21  5.619E-21  5.531E-21  5.445E-21  5.360E-21  5.278E-21  5.197E-21  5.117E-21  5.039E-21  4.962E-21  4.887E-21  4.813E-21  4.740E-21  4.668E-21  4.598E-21  4.529E-21  4.460E-21  4.393E-21  4.327E-21  4.262E-21  4.197E-21  4.134E-21  4.071E-21  4.009E-21  3.948E-21  3.888E-21  3.829E-21  3.770E-21  3.712E-21  3.654E-21  3.597E-21  3.541E-21  3.486E-21  3.431E-21  3.376E-21  3.322E-21  3.268E-21  3.215E-21  3.162E-21  3.110E-21  3.058E-21  3.007E-21  2.956E-21  2.905E-21  2.854E-21  2.804E-21  2.754E-21  2.704E-21  2.655E-21
  283.5000  8.851E-20  8.696E-20  8.545E-20  8.399E-20  8.256E-20  8.117E-20  7.981E-20  7.848E-20  7.719E-20  7.593E-20  7.469E-20  7.349E-20  7.230E-20  7.115E-20  7.002E-20  6.892E-20  6.783E-20  6.677E-20  6.573E-20  6.471E-20  6.371E-20  6.272E-20  6.176E-20  6.081E-20  5.988E-20  5.896E-20  5.806E-20  5.717E-20  5.630E-20  5.544E-20  5.460E-20  5.376E-20  5.294E-20  5.213E-20  5.133E-20  5.055E-20  4.977E-20  4.900E-20  4.825E-20  4.750E-20  4.676E-20  4.603E-20  4.530E-20  4.459E-20  4.388E-20  4.318E-20  4.249E-20  4.180E-20  4.112E-20  4.045E-20  3.978E-20  3.912E-20  3.846E-20  3.781E-20  3.716E-20  3.652E-20  3.588E-20  3.524E-20  3.461E-20  3.398E-20  3.336E-20
  284.5000  5.616E-18  5.514E-18  5.415E-18  5.318E-18  5.224E-18  5.133E-18  5.044E-18  4.957E-18  4.872E-18  4.790E-18  4.709E-18  4.630E-18  4.553E-18  4.478E-18  4.404E-18  4.333E-18  4.262E-18  4.193E-18  4.126E-18  4.060E-18  3.995E-18  3.932E-18  3.869E-18  3.808E-18  3.748E-18  3.689E-18  3.631E-18  3.574E-18  3.518E-18  3.463E-18  3.409E-18  3.356E-18  3.303E-18  3.251E-18  3.200E-18  3.150E-18  3.101E-18  3.052E-18  3.004E-18  2.956E-18  2.909E-18  2.863E-18  2.817E-18  2.772E-18  2.727E-18  2.682E-18  2.638E-18  2.595E-18  2.552E-18  2.510E-18  2.467E-18  2.426E-18  2.384E-18  2.343E-18  2.303E-18  2.262E-18  2.222E-18  2.182E-18  2.142E-18  2.103E-18  2.064E-18
  285.5000  7.631E-17  7.487E-17  7.348E-17  7.213E-17  7.081E-17  6.953E-17  6.829E-17  6.707E-17  6.589E-17  6.474E-17  6.362E-17  6.252E-17  6.145E-17  6.040E-17  5.938E-17  5.839E-17  5.741E-17  5.646E-17  5.553E-17  5.461E-17  5.372E-17  5.284E-17  5.198E-17  5.114E-17  5.031E-17  4.950E-17  4.870E-17  4.792E-17  4.715E-17  4.639E-17  4.565E-17  4.492E-17  4.420E-17  4.350E-17  4.280E-17  4.211E-17  4.144E-17  4.077E-17  4.012E-17  3.947E-17  3.883E-17  3.820E-17  3.757E-17  3.696E-17  3.635E-17  3.575E-17  3.516E-17  3.457E-17  3.399E-17  3.341E-17  3.284E-17  3.228E-17  3.172E-17  3.116E-17  3.062E-17  3.007E-17  2.953E-17  2.899E-17  2.846E-17  2.793E-17  2.741E-17
  286.5000  2.569E-15  2.520E-15  2.471E-15  2.425E-15  2.379E-15  2.335E-15  2.292E-15  2.250E-15  2.209E-15  2.170E-15  2.131E-15  2.093E-15  2.056E-15  2.020E-15  1.985E-15  1.951E-15  1.918E-15  1.885E-15  1.853E-15  1.822E-15  1.791E-15  1.761E-15  1.732E-15  1.703E-15  1.675E-15  1.648E-15  1.621E-15  1.594E-15  1.568E-15  1.542E-15  1.517E-15  1.492E-15  1.468E-15  1.444E-15  1.420E-15  1.397E-15  1.374E-15  1.352E-15  1.330E-15  1.308E-15  1.286E-15  1.265E-15  1.244E-15  1.223E-15  1.203E-15  1.183E-15  1.163E-15  1.143E-15  1.123E-15  1.104E-15  1.085E-15  1.066E-15  1.047E-15  1.029E-15  1.011E-15  9.923E-16  9.742E-16  9.563E-16  9.385E-16  9.209E-16  9.034E-16
  287.5000  4.765E-14  4.669E-14  4.577E-14  4.487E-14  4.399E-14  4.315E-14  4.232E-14  4.152E-14  4.074E-14  3.999E-14  3.925E-14  3.853E-14  3.783E-14  3.715E-14  3.648E-14  3.583E-14  3.520E-14  3.458E-14  3.397E-14  3.338E-14  3.280E-14  3.224E-14  3.168E-14  3.114E-14  3.061E-14  3.009E-14  2.958E-14  2.908E-14  2.859E-14  2.811E-14  2.764E-14  2.718E-14  2.672E-14  2.627E-14  2.583E-14  2.540E-14  2.497E-14  2.456E-14  2.414E-14  2.374E-14  2.334E-14  2.294E-14  2.255E-14  2.217E-14  2.179E-14  2.142E-14  2.105E-14  2.068E-14  2.032E-14  1.997E-14  1.962E-14  1.927E-14  1.892E-14  1.858E-14  1.825E-14  1.791E-14  1.758E-14  1.725E-14  1.693E-14  1.660E-14  1.628E-14
  288.5000  8.720E-13  8.536E-13  8.358E-13  8.186E-13  8.019E-13  7.856E-13  7.699E-13  7.547E-13  7.398E-13  7.255E-13  7.115E-13  6.979E-13  6.846E-13  6.717E-13  6.591E-13  6.469E-13  6.350E-13  6.233E-13  6.119E-13  6.008E-13  5.900E-13  5.794E-13  5.691E-13  5.589E-13  5.490E-13  5.393E-13  5.299E-13  5.206E-13  5.115E-13  5.025E-13  4.938E-13  4.852E-13  4.768E-13  4.685E-13  4.604E-13  4.524E-13  4.446E-13  4.369E-13  4.293E-13  4.218E-13  4.145E-13  4.073E-13  4.001E-13  3.931E-13  3.862E-13  3.794E-13  3.727E-13  3.661E-13  3.595E-13  3.531E-13  3.467E-13  3.404E-13  3.341E-13  3.280E-13  3.219E-13  3.159E-13  3.099E-13  3.040E-13  2.981E-13  2.923E-13  2.866E-13
  289.5000  1.223E-11  1.196E-11  1.170E-11  1.145E-11  1.121E-11  1.097E-11  1.074E-11  1.052E-11  1.031E-11  1.010E-11  9.895E-12  9.699E-12  9.508E-12  9.322E-12  9.141E-12  8.966E-12  8.794E-12  8.627E-12  8.464E-12  8.305E-12  8.150E-12  7.999E-12  7.851E-12  7.707E-12  7.566E-12  7.428E-12  7.293E-12  7.161E-12  7.032E-12  6.905E-12  6.781E-12  6.660E-12  6.541E-12  6.424E-12  6.309E-12  6.196E-12  6.086E-12  5.978E-12  5.871E-12  5.766E-12  5.663E-12  5.562E-12  5.462E-12  5.364E-12  5.267E-12  5.172E-12  5.078E-12  4.986E-12  4.895E-12  4.805E-12  4.716E-12  4.628E-12  4.542E-12  4.456E-12  4.372E-12  4.288E-12  4.205E-12  4.123E-12  4.042E-12  3.962E-12  3.883E-12
  290.5000  1.090E-10  1.065E-10  1.040E-10  1.017E-10  9.943E-11  9.724E-11  9.513E-11  9.309E-11  9.111E-11  8.921E-11  8.735E-11  8.555E-11  8.380E-11  8.210E-11  8.045E-11  7.885E-11  7.728E-11  7.576E-11  7.428E-11  7.284E-11  7.144E-11  7.007E-11  6.873E-11  6.742E-11  6.615E-11  6.490E-11  6.369E-11  6.250E-11  6.133E-11  6.019E-11  5.908E-11  5.799E-11  5.692E-11  5.587E-11  5.484E-11  5.384E-11  5.285E-11  5.188E-11  5.093E-11  4.999E-11  4.908E-11  4.817E-11  4.729E-11  4.642E-11  4.556E-11  4.472E-11  4.388E-11  4.306E-11  4.226E-11  4.146E-11  4.068E-11  3.991E-11  3.914E-11  3.839E-11  3.765E-11  3.691E-11  3.619E-11  3.547E-11  3.476E-11  3.405E-11  3.336E-11
  291.5000  8.684E-10  8.467E-10  8.259E-10  8.060E-10  7.869E-10  7.684E-10  7.507E-10  7.336E-10  7.171E-10  7.012E-10  6.857E-10  6.708E-10  6.564E-10  6.424E-10  6.288E-10  6.156E-10  6.028E-10  5.904E-10  5.783E-10  5.665E-10  5.551E-10  5.439E-10  5.331E-10  5.225E-10  5.121E-10  5.021E-10  4.923E-10  4.826E-10  4.733E-10  4.641E-10  4.551E-10  4.464E-10  4.378E-10  4.294E-10  4.212E-10  4.132E-10  4.053E-10  3.976E-10  3.900E-10  3.826E-10  3.753E-10  3.681E-10  3.611E-10  3.542E-10  3.474E-10  3.407E-10  3.342E-10  3.277E-10  3.214E-10  3.151E-10  3.090E-10  3.029E-10  2.970E-10  2.911E-10  2.853E-10  2.795E-10  2.739E-10  2.683E-10  2.628E-10  2.573E-10  2.519E-10
  292.5000  4.542E-09  4.418E-09  4.300E-09  4.188E-09  4.081E-09  3.978E-09  3.880E-09  3.785E-09  3.694E-09  3.607E-09  3.523E-09  3.442E-09  3.364E-09  3.288E-09  3.214E-09  3.144E-09  3.075E-09  3.008E-09  2.944E-09  2.881E-09  2.820E-09  2.761E-09  2.703E-09  2.647E-09  2.593E-09  2.539E-09  2.488E-09  2.437E-09  2.388E-09  2.340E-09  2.293E-09  2.247E-09  2.202E-09  2.158E-09  2.115E-09  2.073E-09  2.032E-09  1.992E-09  1.953E-09  1.914E-09  1.876E-09  1.839E-09  1.803E-09  1.767E-09  1.732E-09  1.698E-09  1.664E-09  1.631E-09  1.598E-09  1.566E-09  1.534E-09  1.503E-09  1.473E-09  1.443E-09  1.413E-09  1.384E-09  1.355E-09  1.327E-09  1.299E-09  1.271E-09  1.244E-09
  293.5000  2.803E-08  2.718E-08  2.637E-08  2.561E-08  2.489E-08  2.420E-08  2.354E-08  2.291E-08  2.232E-08  2.175E-08  2.120E-08  2.067E-08  2.016E-08  1.968E-08  1.921E-08  1.876E-08  1.832E-08  1.790E-08  1.749E-08  1.710E-08  1.672E-08  1.635E-08  1.599E-08  1.564E-08  1.530E-08  1.497E-08  1.465E-08  1.434E-08  1.403E-08  1.374E-08  1.345E-08  1.317E-08  1.289E-08  1.262E-08  1.236E-08  1.210E-08  1.185E-08  1.161E-08  1.137E-08  1.114E-08  1.091E-08  1.068E-08  1.046E-08  1.025E-08  1.004E-08  9.828E-09  9.625E-09  9.426E-09  9.230E-09  9.038E-09  8.849E-09  8.664E-09  8.481E-09  8.302E-09  8.126E-09  7.952E-09  7.781E-09  7.612E-09  7.446E-09  7.282E-09  7.121E-09
  294.5000  9.952E-08  9.616E-08  9.300E-08  9.002E-08  8.721E-08  8.454E-08  8.202E-08  7.963E-08  7.735E-08  7.520E-08  7.314E-08  7.117E-08  6.929E-08  6.749E-08  6.576E-08  6.411E-08  6.252E-08  6.099E-08  5.952E-08  5.809E-08  5.672E-08  5.540E-08  5.411E-08  5.287E-08  5.166E-08  5.049E-08  4.936E-08  4.826E-08  4.719E-08  4.615E-08  4.514E-08  4.415E-08  4.319E-08  4.225E-08  4.134E-08  4.045E-08  3.958E-08  3.873E-08  3.790E-08  3.709E-08  3.630E-08  3.552E-08  3.476E-08  3.402E-08  3.330E-08  3.258E-08  3.189E-08  3.120E-08  3.053E-08  2.988E-08  2.923E-08  2.860E-08  2.797E-08  2.736E-08  2.676E-08  2.617E-08  2.559E-08  2.502E-08  2.446E-08  2.390E-08  2.336E-08
  295.5000  5.077E-07  4.883E-07  4.700E-07  4.529E-07  4.368E-07  4.217E-07  4.074E-07  3.939E-07  3.812E-07  3.692E-07  3.579E-07  3.471E-07  3.368E-07  3.271E-07  3.178E-07  3.090E-07  3.005E-07  2.924E-07  2.847E-07  2.773E-07  2.702E-07  2.633E-07  2.567E-07  2.504E-07  2.443E-07  2.383E-07  2.326E-07  2.271E-07  2.217E-07  2.165E-07  2.115E-07  2.066E-07  2.019E-07  1.972E-07  1.927E-07  1.884E-07  1.841E-07  1.800E-07  1.759E-07  1.720E-07  1.681E-07  1.643E-07  1.607E-07  1.571E-07  1.536E-07  1.501E-07  1.468E-07  1.435E-07  1.402E-07  1.371E-07  1.340E-07  1.310E-07  1.280E-07  1.251E-07  1.222E-07  1.194E-07  1.167E-07  1.139E-07  1.113E-07  1.087E-07  1.061E-07
  296.5000  1.673E-06  1.602E-06  1.535E-06  1.473E-06  1.414E-06  1.359E-06  1.308E-06  1.259E-06  1.213E-06  1.171E-06  1.130E-06  1.092E-06  1.056E-06  1.021E-06  9.889E-07  9.583E-07  9.292E-07  9.014E-07  8.750E-07  8.499E-07  8.259E-07  8.030E-07  7.811E-07  7.600E-07  7.398E-07  7.204E-07  7.018E-07  6.839E-07  6.665E-07  6.498E-07  6.337E-07  6.181E-07  6.030E-07  5.883E-07  5.741E-07  5.604E-07  5.470E-07  5.340E-07  5.213E-07  5.090E-07  4.970E-07  4.853E-07  4.739E-07  4.629E-07  4.520E-07  4.414E-07  4.311E-07  4.210E-07  4.111E-07  4.015E-07  3.920E-07  3.828E-07  3.737E-07  3.648E-07  3.562E-07  3.476E-07  3.393E-07  3.311E-07  3.230E-07  3.151E-07  3.074E-07
  297.5000  5.850E-06  5.582E-06  5.331E-06  5.096E-06  4.874E-06  4.666E-06  4.471E-06  4.287E-06  4.114E-06  3.952E-06  3.800E-06  3.656E-06  3.520E-06  3.392E-06  3.271E-06  3.158E-06  3.050E-06  2.948E-06  2.852E-06  2.760E-06  2.674E-06  2.591E-06  2.512E-06  2.437E-06  2.366E-06  2.298E-06  2.233E-06  2.170E-06  2.110E-06  2.053E-06  1.998E-06  1.945E-06  1.894E-06  1.844E-06  1.797E-06  1.750E-06  1.706E-06  1.663E-06  1.621E-06  1.580E-06  1.541E-06  1.503E-06  1.466E-06  1.430E-06  1.394E-06  1.360E-06  1.327E-06  1.294E-06  1.262E-06  1.231E-06  1.201E-06  1.171E-06  1.142E-06  1.114E-06  1.086E-06  1.059E-06  1.033E-06  1.007E-06  9.811E-07  9.561E-07  9.317E-07
  298.5000  1.202E-05  1.145E-05  1.091E-05  1.040E-05  9.922E-06  9.471E-06  9.047E-06  8.647E-06  8.271E-06  7.918E-06  7.585E-06  7.271E-06  6.975E-06  6.696E-06  6.433E-06  6.186E-06  5.953E-06  5.732E-06  5.523E-06  5.326E-06  5.141E-06  4.964E-06  4.797E-06  4.638E-06  4.488E-06  4.345E-06  4.209E-06  4.079E-06  3.956E-06  3.837E-06  3.725E-06  3.617E-06  3.513E-06  3.414E-06  3.319E-06  3.227E-06  3.139E-06  3.054E-06  2.972E-06  2.892E-06  2.816E-06  2.741E-06  2.670E-06  2.600E-06  2.532E-06  2.467E-06  2.403E-06  2.341E-06  2.280E-06  2.222E-06  2.164E-06  2.108E-06  2.054E-06  2.001E-06  1.949E-06  1.898E-06  1.848E-06  1.800E-06  1.752E-06  1.706E-06  1.660E-06
  299.5000  4.636E-05  4.412E-05  4.200E-05  4.001E-05  3.811E-05  3.632E-05  3.462E-05  3.302E-05  3.151E-05  3.008E-05  2.873E-05  2.746E-05  2.626E-05  2.512E-05  2.405E-05  2.304E-05  2.209E-05  2.119E-05  2.034E-05  1.953E-05  1.878E-05  1.806E-05  1.738E-05  1.674E-05  1.613E-05  1.556E-05  1.501E-05  1.450E-05  1.401E-05  1.354E-05  1.310E-05  1.267E-05  1.227E-05  1.189E-05  1.152E-05  1.117E-05  1.084E-05  1.052E-05  1.021E-05  9.911E-06  9.626E-06  9.352E-06  9.087E-06  8.833E-06  8.586E-06  8.348E-06  8.118E-06  7.894E-06  7.678E-06  7.468E-06  7.264E-06  7.066E-06  6.873E-06  6.685E-06  6.502E-06  6.324E-06  6.150E-06  5.981E-06  5.815E-06  5.654E-06  5.496E-06
  300.5000  6.758E-05  6.436E-05  6.129E-05  5.839E-05  5.562E-05  5.299E-05  5.050E-05  4.813E-05  4.588E-05  4.376E-05  4.174E-05  3.983E-05  3.802E-05  3.631E-05  3.469E-05  3.316E-05  3.171E-05  3.033E-05  2.904E-05  2.781E-05  2.665E-05  2.556E-05  2.452E-05  2.354E-05  2.261E-05  2.173E-05  2.091E-05  2.012E-05  1.937E-05  1.867E-05  1.800E-05  1.736E-05  1.676E-05  1.619E-05  1.564E-05  1.512E-05  1.463E-05  1.415E-05  1.370E-05  1.327E-05  1.286E-05  1.246E-05  1.208E-05  1.172E-05  1.137E-05  1.103E-05  1.071E-05  1.039E-05  1.009E-05  9.799E-06  9.516E-06  9.242E-06  8.976E-06  8.718E-06  8.468E-06  8.225E-06  7.988E-06  7.757E-06  7.533E-06  7.315E-06  7.102E-06
  301.5000  2.216E-04  2.114E-04  2.017E-04  1.924E-04  1.835E-04  1.750E-04  1.669E-04  1.591E-04  1.518E-04  1.448E-04  1.381E-04  1.317E-04  1.256E-04  1.198E-04  1.144E-04  1.092E-04  1.042E-04  9.951E-05  9.505E-05  9.082E-05  8.682E-05  8.301E-05  7.941E-05  7.599E-05  7.275E-05  6.969E-05  6.679E-05  6.404E-05  6.143E-05  5.896E-05  5.662E-05  5.441E-05  5.231E-05  5.032E-05  4.843E-05  4.663E-05  4.493E-05  4.331E-05  4.178E-05  4.031E-05  3.891E-05  3.758E-05  3.632E-05  3.511E-05  3.395E-05  3.284E-05  3.178E-05  3.076E-05  2.979E-05  2.884E-05  2.794E-05  2.707E-05  2.623E-05  2.542E-05  2.464E-05  2.388E-05  2.315E-05  2.243E-05  2.174E-05  2.108E-05  2.043E-05
  302.5000  3.878E-04  3.707E-04  3.542E-04  3.384E-04  3.233E-04  3.087E-04  2.948E-04  2.815E-04  2.687E-04  2.565E-04  2.448E-04  2.337E-04  2.230E-04  2.128E-04  2.031E-04  1.938E-04  1.850E-04  1.766E-04  1.686E-04  1.609E-04  1.537E-04  1.468E-04  1.402E-04  1.340E-04  1.281E-04  1.225E-04  1.172E-04  1.121E-04  1.073E-04  1.027E-04  9.842E-05  9.433E-05  9.045E-05  8.677E-05  8.327E-05  7.996E-05  7.682E-05  7.385E-05  7.101E-05  6.833E-05  6.577E-05  6.334E-05  6.103E-05  5.884E-05  5.674E-05  5.475E-05  5.284E-05  5.102E-05  4.928E-05  4.761E-05  4.602E-05  4.449E-05  4.302E-05  4.160E-05  4.025E-05  3.893E-05  3.767E-05  3.645E-05  3.527E-05  3.413E-05  3.303E-05
  303.5000  1.001E-03  9.593E-04  9.193E-04  8.808E-04  8.436E-04  8.077E-04  7.731E-04  7.398E-04  7.077E-04  6.770E-04  6.474E-04  6.189E-04  5.916E-04  5.653E-04  5.402E-04  5.161E-04  4.930E-04  4.709E-04  4.497E-04  4.294E-04  4.101E-04  3.916E-04  3.740E-04  3.571E-04  3.410E-04  3.257E-04  3.112E-04  2.972E-04  2.840E-04  2.714E-04  2.594E-04  2.480E-04  2.372E-04  2.269E-04  2.171E-04  2.078E-04  1.990E-04  1.907E-04  1.827E-04  1.752E-04  1.680E-04  1.612E-04  1.547E-04  1.486E-04  1.428E-04  1.372E-04  1.319E-04  1.269E-04  1.222E-04  1.176E-04  1.133E-04  1.091E-04  1.051E-04  1.014E-04  9.775E-05  9.428E-05  9.095E-05  8.775E-05  8.468E-05  8.173E-05  7.889E-05
  304.5000  1.396E-03  1.341E-03  1.287E-03  1.236E-03  1.186E-03  1.137E-03  1.091E-03  1.045E-03  1.002E-03  9.598E-04  9.192E-04  8.801E-04  8.424E-04  8.061E-04  7.711E-04  7.377E-04  7.054E-04  6.744E-04  6.446E-04  6.160E-04  5.887E-04  5.624E-04  5.373E-04  5.132E-04  4.902E-04  4.681E-04  4.471E-04  4.270E-04  4.078E-04  3.895E-04  3.720E-04  3.554E-04  3.396E-04  3.245E-04  3.101E-04  2.964E-04  2.834E-04  2.710E-04  2.593E-04  2.481E-04  2.375E-04  2.274E-04  2.178E-04  2.087E-04  2.000E-04  1.918E-04  1.840E-04  1.766E-04  1.695E-04  1.628E-04  1.564E-04  1.503E-04  1.445E-04  1.390E-04  1.338E-04  1.287E-04  1.239E-04  1.193E-04  1.149E-04  1.107E-04  1.066E-04
  305.5000  2.673E-03  2.576E-03  2.481E-03  2.390E-03  2.300E-03  2.214E-03  2.129E-03  2.048E-03  1.968E-03  1.892E-03  1.817E-03  1.745E-03  1.675E-03  1.607E-03  1.542E-03  1.479E-03  1.417E-03  1.358E-03  1.301E-03  1.246E-03  1.193E-03  1.142E-03  1.093E-03  1.045E-03  9.998E-04  9.560E-04  9.140E-04  8.736E-04  8.347E-04  7.975E-04  7.618E-04  7.277E-04  6.950E-04  6.637E-04  6.337E-04  6.051E-04  5.778E-04  5.518E-04  5.269E-04  5.031E-04  4.805E-04  4.589E-04  4.384E-04  4.189E-04  4.003E-04  3.826E-04  3.658E-04  3.497E-04  3.346E-04  3.201E-04  3.063E-04  2.932E-04  2.808E-04  2.690E-04  2.577E-04  2.470E-04  2.368E-04  2.271E-04  2.178E-04  2.090E-04  2.006E-04
  306.5000  3.278E-03  3.164E-03  3.052E-03  2.944E-03  2.839E-03  2.736E-03  2.636E-03  2.538E-03  2.444E-03  2.352E-03  2.263E-03  2.176E-03  2.091E-03  2.010E-03  1.930E-03  1.854E-03  1.779E-03  1.707E-03  1.638E-03  1.570E-03  1.505E-03  1.442E-03  1.382E-03  1.323E-03  1.267E-03  1.212E-03  1.160E-03  1.109E-03  1.061E-03  1.014E-03  9.690E-04  9.260E-04  8.847E-04  8.450E-04  8.069E-04  7.705E-04  7.356E-04  7.023E-04  6.704E-04  6.399E-04  6.108E-04  5.830E-04  5.564E-04  5.312E-04  5.071E-04  4.841E-04  4.623E-04  4.414E-04  4.217E-04  4.028E-04  3.849E-04  3.678E-04  3.516E-04  3.362E-04  3.216E-04  3.076E-04  2.944E-04  2.817E-04  2.697E-04  2.583E-04  2.474E-04
  307.5000  6.475E-03  6.270E-03  6.070E-03  5.874E-03  5.682E-03  5.494E-03  5.311E-03  5.132E-03  4.956E-03  4.786E-03  4.619E-03  4.457E-03  4.298E-03  4.143E-03  3.993E-03  3.847E-03  3.704E-03  3.565E-03  3.430E-03  3.299E-03  3.172E-03  3.048E-03  2.928E-03  2.811E-03  2.698E-03  2.589E-03  2.483E-03  2.381E-03  2.281E-03  2.185E-03  2.093E-03  2.004E-03  1.917E-03  1.834E-03  1.754E-03  1.677E-03  1.602E-03  1.531E-03  1.462E-03  1.396E-03  1.333E-03  1.272E-03  1.213E-03  1.158E-03  1.104E-03  1.053E-03  1.004E-03  9.572E-04  9.127E-04  8.700E-04  8.293E-04  7.904E-04  7.534E-04  7.182E-04  6.847E-04  6.528E-04  6.224E-04  5.935E-04  5.659E-04  5.398E-04  5.150E-04
  308.5000  8.182E-03  7.933E-03  7.689E-03  7.451E-03  7.217E-03  6.988E-03  6.763E-03  6.543E-03  6.329E-03  6.119E-03  5.914E-03  5.713E-03  5.517E-03  5.326E-03  5.139E-03  4.957E-03  4.780E-03  4.606E-03  4.438E-03  4.274E-03  4.114E-03  3.959E-03  3.807E-03  3.660E-03  3.518E-03  3.379E-03  3.245E-03  3.114E-03  2.988E-03  2.865E-03  2.747E-03  2.632E-03  2.521E-03  2.414E-03  2.310E-03  2.210E-03  2.114E-03  2.021E-03  1.932E-03  1.845E-03  1.762E-03  1.682E-03  1.606E-03  1.532E-03  1.462E-03  1.394E-03  1.329E-03  1.267E-03  1.207E-03  1.150E-03  1.096E-03  1.044E-03  9.945E-04  9.472E-04  9.022E-04  8.592E-04  8.182E-04  7.793E-04  7.421E-04  7.068E-04  6.733E-04
  309.5000  8.907E-03  8.657E-03  8.410E-03  8.169E-03  7.932E-03  7.698E-03  7.469E-03  7.245E-03  7.024E-03  6.808E-03  6.597E-03  6.389E-03  6.185E-03  5.986E-03  5.791E-03  5.600E-03  5.413E-03  5.231E-03  5.052E-03  4.877E-03  4.707E-03  4.541E-03  4.379E-03  4.220E-03  4.066E-03  3.915E-03  3.769E-03  3.626E-03  3.487E-03  3.352E-03  3.221E-03  3.094E-03  2.970E-03  2.849E-03  2.733E-03  2.620E-03  2.510E-03  2.404E-03  2.302E-03  2.202E-03  2.106E-03  2.014E-03  1.924E-03  1.838E-03  1.755E-03  1.675E-03  1.598E-03  1.524E-03  1.453E-03  1.385E-03  1.319E-03  1.256E-03  1.196E-03  1.138E-03  1.083E-03  1.030E-03  9.800E-04  9.318E-04  8.858E-04  8.420E-04  8.003E-04
  310.5000  1.412E-02  1.374E-02  1.338E-02  1.302E-02  1.266E-02  1.231E-02  1.197E-02  1.163E-02  1.129E-02  1.097E-02  1.065E-02  1.033E-02  1.002E-02  9.716E-03  9.417E-03  9.125E-03  8.838E-03  8.557E-03  8.281E-03  8.011E-03  7.747E-03  7.488E-03  7.235E-03  6.987E-03  6.745E-03  6.508E-03  6.278E-03  6.052E-03  5.832E-03  5.617E-03  5.407E-03  5.204E-03  5.005E-03  4.811E-03  4.623E-03  4.440E-03  4.262E-03  4.089E-03  3.921E-03  3.759E-03  3.601E-03  3.448E-03  3.299E-03  3.156E-03  3.018E-03  2.884E-03  2.754E-03  2.629E-03  2.509E-03  2.393E-03  2.281E-03  2.173E-03  2.070E-03  1.971E-03  1.875E-03  1.784E-03  1.696E-03  1.612E-03  1.532E-03  1.455E-03  1.382E-03
  311.5000  2.008E-02  1.958E-02  1.907E-02  1.858E-02  1.810E-02  1.762E-02  1.714E-02  1.668E-02  1.622E-02  1.577E-02  1.533E-02  1.489E-02  1.447E-02  1.404E-02  1.363E-02  1.323E-02  1.283E-02  1.244E-02  1.205E-02  1.167E-02  1.130E-02  1.094E-02  1.059E-02  1.024E-02  9.897E-03  9.563E-03  9.237E-03  8.918E-03  8.605E-03  8.300E-03  8.001E-03  7.711E-03  7.427E-03  7.149E-03  6.879E-03  6.615E-03  6.359E-03  6.109E-03  5.866E-03  5.630E-03  5.400E-03  5.177E-03  4.960E-03  4.751E-03  4.547E-03  4.350E-03  4.158E-03  3.974E-03  3.795E-03  3.623E-03  3.456E-03  3.295E-03  3.140E-03  2.991E-03  2.848E-03  2.710E-03  2.577E-03  2.450E-03  2.327E-03  2.210E-03  2.098E-03
  312.5000  2.346E-02  2.292E-02  2.238E-02  2.185E-02  2.132E-02  2.081E-02  2.030E-02  1.979E-02  1.929E-02  1.880E-02  1.832E-02  1.784E-02  1.737E-02  1.691E-02  1.645E-02  1.600E-02  1.556E-02  1.512E-02  1.469E-02  1.427E-02  1.386E-02  1.345E-02  1.305E-02  1.265E-02  1.226E-02  1.188E-02  1.151E-02  1.114E-02  1.078E-02  1.043E-02  1.009E-02  9.747E-03  9.415E-03  9.089E-03  8.771E-03  8.459E-03  8.155E-03  7.858E-03  7.567E-03  7.282E-03  7.005E-03  6.734E-03  6.471E-03  6.214E-03  5.964E-03  5.720E-03  5.483E-03  5.253E-03  5.029E-03  4.812E-03  4.601E-03  4.397E-03  4.198E-03  4.007E-03  3.822E-03  3.642E-03  3.469E-03  3.302E-03  3.141E-03  2.986E-03  2.837E-03
  313.5000  2.777E-02  2.714E-02  2.652E-02  2.590E-02  2.530E-02  2.469E-02  2.410E-02  2.351E-02  2.293E-02  2.236E-02  2.180E-02  2.124E-02  2.070E-02  2.015E-02  1.962E-02  1.910E-02  1.858E-02  1.807E-02  1.757E-02  1.707E-02  1.659E-02  1.611E-02  1.564E-02  1.517E-02  1.472E-02  1.427E-02  1.383E-02  1.340E-02  1.298E-02  1.256E-02  1.215E-02  1.175E-02  1.136E-02  1.097E-02  1.060E-02  1.023E-02  9.865E-03  9.512E-03  9.167E-03  8.828E-03  8.498E-03  8.176E-03  7.861E-03  7.555E-03  7.255E-03  6.963E-03  6.679E-03  6.403E-03  6.135E-03  5.873E-03  5.619E-03  5.373E-03  5.134E-03  4.902E-03  4.679E-03  4.461E-03  4.251E-03  4.048E-03  3.852E-03  3.663E-03  3.482E-03
  314.5000  3.240E-02  3.172E-02  3.105E-02  3.039E-02  2.973E-02  2.908E-02  2.844E-02  2.781E-02  2.718E-02  2.656E-02  2.595E-02  2.534E-02  2.474E-02  2.415E-02  2.356E-02  2.298E-02  2.241E-02  2.185E-02  2.129E-02  2.074E-02  2.020E-02  1.967E-02  1.914E-02  1.862E-02  1.811E-02  1.760E-02  1.711E-02  1.662E-02  1.613E-02  1.566E-02  1.519E-02  1.473E-02  1.428E-02  1.383E-02  1.340E-02  1.297E-02  1.255E-02  1.213E-02  1.173E-02  1.133E-02  1.094E-02  1.055E-02  1.018E-02  9.811E-03  9.450E-03  9.098E-03  8.753E-03  8.416E-03  8.088E-03  7.766E-03  7.452E-03  7.146E-03  6.848E-03  6.558E-03  6.276E-03  6.001E-03  5.733E-03  5.474E-03  5.222E-03  4.977E-03  4.741E-03
  315.5000  3.434E-02  3.363E-02  3.293E-02  3.224E-02  3.155E-02  3.087E-02  3.020E-02  2.954E-02  2.888E-02  2.823E-02  2.759E-02  2.695E-02  2.632E-02  2.570E-02  2.508E-02  2.448E-02  2.388E-02  2.329E-02  2.270E-02  2.212E-02  2.156E-02  2.099E-02  2.044E-02  1.989E-02  1.935E-02  1.882E-02  1.830E-02  1.778E-02  1.727E-02  1.677E-02  1.628E-02  1.579E-02  1.531E-02  1.484E-02  1.438E-02  1.393E-02  1.348E-02  1.304E-02  1.261E-02  1.219E-02  1.177E-02  1.137E-02  1.097E-02  1.058E-02  1.019E-02  9.818E-03  9.450E-03  9.091E-03  8.741E-03  8.398E-03  8.063E-03  7.736E-03  7.417E-03  7.106E-03  6.804E-03  6.509E-03  6.222E-03  5.943E-03  5.672E-03  5.409E-03  5.155E-03
  316.5000  3.855E-02  3.781E-02  3.708E-02  3.636E-02  3.564E-02  3.493E-02  3.422E-02  3.352E-02  3.283E-02  3.215E-02  3.147E-02  3.080E-02  3.013E-02  2.947E-02  2.882E-02  2.817E-02  2.753E-02  2.690E-02  2.628E-02  2.566E-02  2.505E-02  2.444E-02  2.385E-02  2.326E-02  2.267E-02  2.210E-02  2.153E-02  2.097E-02  2.041E-02  1.986E-02  1.932E-02  1.879E-02  1.827E-02  1.775E-02  1.724E-02  1.673E-02  1.624E-02  1.575E-02  1.527E-02  1.479E-02  1.433E-02  1.387E-02  1.342E-02  1.298E-02  1.254E-02  1.211E-02  1.169E-02  1.128E-02  1.088E-02  1.048E-02  1.009E-02  9.708E-03  9.334E-03  8.969E-03  8.613E-03  8.263E-03  7.922E-03  7.588E-03  7.263E-03  6.946E-03  6.638E-03
  317.5000  5.459E-02  5.355E-02  5.251E-02  5.149E-02  5.047E-02  4.946E-02  4.846E-02  4.747E-02  4.649E-02  4.552E-02  4.456E-02  4.360E-02  4.266E-02  4.173E-02  4.080E-02  3.989E-02  3.898E-02  3.809E-02  3.720E-02  3.632E-02  3.546E-02  3.460E-02  3.376E-02  3.292E-02  3.209E-02  3.128E-02  3.047E-02  2.968E-02  2.889E-02  2.812E-02  2.735E-02  2.660E-02  2.585E-02  2.512E-02  2.439E-02  2.368E-02  2.298E-02  2.229E-02  2.161E-02  2.093E-02  2.027E-02  1.962E-02  1.899E-02  1.836E-02  1.774E-02  1.714E-02  1.654E-02  1.596E-02  1.538E-02  1.482E-02  1.427E-02  1.373E-02  1.320E-02  1.269E-02  1.218E-02  1.169E-02  1.120E-02  1.073E-02  1.027E-02  9.823E-03  9.387E-03
  318.5000  4.792E-02  4.707E-02  4.622E-02  4.539E-02  4.455E-02  4.373E-02  4.291E-02  4.210E-02  4.129E-02  4.049E-02  3.970E-02  3.891E-02  3.813E-02  3.736E-02  3.659E-02  3.584E-02  3.508E-02  3.434E-02  3.360E-02  3.287E-02  3.215E-02  3.143E-02  3.072E-02  3.002E-02  2.932E-02  2.864E-02  2.796E-02  2.728E-02  2.662E-02  2.596E-02  2.531E-02  2.467E-02  2.403E-02  2.340E-02  2.278E-02  2.217E-02  2.156E-02  2.097E-02  2.038E-02  1.979E-02  1.922E-02  1.865E-02  1.809E-02  1.754E-02  1.700E-02  1.647E-02  1.594E-02  1.542E-02  1.491E-02  1.441E-02  1.392E-02  1.343E-02  1.295E-02  1.248E-02  1.202E-02  1.157E-02  1.113E-02  1.070E-02  1.027E-02  9.853E-03  9.447E-03
  319.5000  5.974E-02  5.869E-02  5.766E-02  5.663E-02  5.560E-02  5.459E-02  5.358E-02  5.258E-02  5.158E-02  5.060E-02  4.962E-02  4.866E-02  4.769E-02  4.674E-02  4.580E-02  4.487E-02  4.394E-02  4.302E-02  4.211E-02  4.121E-02  4.031E-02  3.943E-02  3.855E-02  3.768E-02  3.682E-02  3.597E-02  3.514E-02  3.430E-02  3.348E-02  3.266E-02  3.186E-02  3.106E-02  3.027E-02  2.949E-02  2.872E-02  2.796E-02  2.721E-02  2.647E-02  2.574E-02  2.501E-02  2.430E-02  2.359E-02  2.290E-02  2.222E-02  2.154E-02  2.087E-02  2.022E-02  1.957E-02  1.893E-02  1.831E-02  1.769E-02  1.708E-02  1.648E-02  1.590E-02  1.532E-02  1.476E-02  1.420E-02  1.366E-02  1.312E-02  1.260E-02  1.208E-02
  320.5000  7.460E-02  7.331E-02  7.204E-02  7.077E-02  6.952E-02  6.827E-02  6.703E-02  6.580E-02  6.458E-02  6.337E-02  6.217E-02  6.098E-02  5.980E-02  5.862E-02  5.746E-02  5.631E-02  5.517E-02  5.404E-02  5.292E-02  5.180E-02  5.070E-02  4.961E-02  4.853E-02  4.746E-02  4.640E-02  4.535E-02  4.431E-02  4.328E-02  4.226E-02  4.125E-02  4.025E-02  3.927E-02  3.829E-02  3.733E-02  3.637E-02  3.543E-02  3.450E-02  3.358E-02  3.267E-02  3.177E-02  3.088E-02  3.000E-02  2.913E-02  2.828E-02  2.744E-02  2.661E-02  2.579E-02  2.498E-02  2.418E-02  2.340E-02  2.263E-02  2.187E-02  2.112E-02  2.038E-02  1.966E-02  1.895E-02  1.825E-02  1.756E-02  1.689E-02  1.623E-02  1.558E-02
  321.5000  6.996E-02  6.884E-02  6.773E-02  6.663E-02  6.554E-02  6.445E-02  6.337E-02  6.229E-02  6.122E-02  6.017E-02  5.911E-02  5.807E-02  5.703E-02  5.600E-02  5.498E-02  5.396E-02  5.295E-02  5.195E-02  5.096E-02  4.998E-02  4.900E-02  4.803E-02  4.707E-02  4.612E-02  4.517E-02  4.423E-02  4.331E-02  4.238E-02  4.147E-02  4.056E-02  3.967E-02  3.878E-02  3.790E-02  3.702E-02  3.616E-02  3.530E-02  3.445E-02  3.362E-02  3.279E-02  3.196E-02  3.115E-02  3.034E-02  2.954E-02  2.876E-02  2.798E-02  2.721E-02  2.645E-02  2.569E-02  2.495E-02  2.421E-02  2.349E-02  2.277E-02  2.206E-02  2.136E-02  2.068E-02  2.000E-02  1.933E-02  1.867E-02  1.801E-02  1.737E-02  1.674E-02
  322.5000  6.536E-02  6.425E-02  6.315E-02  6.206E-02  6.098E-02  5.990E-02  5.883E-02  5.777E-02  5.671E-02  5.567E-02  5.463E-02  5.360E-02  5.258E-02  5.156E-02  5.056E-02  4.956E-02  4.858E-02  4.759E-02  4.662E-02  4.566E-02  4.471E-02  4.376E-02  4.282E-02  4.189E-02  4.097E-02  4.006E-02  3.916E-02  3.827E-02  3.738E-02  3.650E-02  3.564E-02  3.478E-02  3.393E-02  3.309E-02  3.226E-02  3.144E-02  3.062E-02  2.982E-02  2.903E-02  2.824E-02  2.747E-02  2.670E-02  2.595E-02  2.520E-02  2.446E-02  2.374E-02  2.302E-02  2.231E-02  2.161E-02  2.093E-02  2.025E-02  1.958E-02  1.892E-02  1.827E-02  1.764E-02  1.701E-02  1.640E-02  1.579E-02  1.520E-02  1.461E-02  1.404E-02
  323.5000  7.592E-02  7.475E-02  7.358E-02  7.243E-02  7.128E-02  7.014E-02  6.900E-02  6.787E-02  6.675E-02  6.564E-02  6.453E-02  6.343E-02  6.234E-02  6.125E-02  6.018E-02  5.911E-02  5.805E-02  5.699E-02  5.594E-02  5.490E-02  5.387E-02  5.285E-02  5.183E-02  5.082E-02  4.982E-02  4.883E-02  4.785E-02  4.687E-02  4.590E-02  4.494E-02  4.398E-02  4.304E-02  4.210E-02  4.117E-02  4.025E-02  3.934E-02  3.843E-02  3.754E-02  3.665E-02  3.577E-02  3.490E-02  3.404E-02  3.318E-02  3.234E-02  3.150E-02  3.067E-02  2.985E-02  2.904E-02  2.824E-02  2.745E-02  2.666E-02  2.588E-02  2.512E-02  2.436E-02  2.361E-02  2.287E-02  2.214E-02  2.142E-02  2.071E-02  2.001E-02  1.932E-02
  324.5000  8.879E-02  8.741E-02  8.605E-02  8.469E-02  8.334E-02  8.200E-02  8.066E-02  7.934E-02  7.802E-02  7.671E-02  7.541E-02  7.412E-02  7.284E-02  7.156E-02  7.030E-02  6.905E-02  6.780E-02  6.656E-02  6.533E-02  6.411E-02  6.290E-02  6.170E-02  6.050E-02  5.932E-02  5.815E-02  5.698E-02  5.583E-02  5.468E-02  5.354E-02  5.242E-02  5.130E-02  5.019E-02  4.909E-02  4.800E-02  4.692E-02  4.585E-02  4.479E-02  4.375E-02  4.270E-02  4.167E-02  4.065E-02  3.964E-02  3.864E-02  3.765E-02  3.667E-02  3.570E-02  3.474E-02  3.379E-02  3.285E-02  3.193E-02  3.101E-02  3.010E-02  2.920E-02  2.831E-02  2.744E-02  2.658E-02  2.572E-02  2.488E-02  2.405E-02  2.323E-02  2.242E-02
  325.5000  9.810E-02  9.656E-02  9.503E-02  9.351E-02  9.200E-02  9.050E-02  8.901E-02  8.752E-02  8.605E-02  8.459E-02  8.313E-02  8.169E-02  8.025E-02  7.883E-02  7.741E-02  7.601E-02  7.462E-02  7.324E-02  7.186E-02  7.050E-02  6.915E-02  6.781E-02  6.647E-02  6.515E-02  6.384E-02  6.254E-02  6.126E-02  5.998E-02  5.871E-02  5.745E-02  5.621E-02  5.498E-02  5.375E-02  5.254E-02  5.134E-02  5.015E-02  4.897E-02  4.780E-02  4.665E-02  4.550E-02  4.437E-02  4.324E-02  4.213E-02  4.104E-02  3.995E-02  3.887E-02  3.781E-02  3.675E-02  3.572E-02  3.469E-02  3.367E-02  3.267E-02  3.167E-02  3.069E-02  2.973E-02  2.878E-02  2.783E-02  2.690E-02  2.599E-02  2.508E-02  2.420E-02
  326.5000  1.286E-01  1.268E-01  1.249E-01  1.230E-01  1.212E-01  1.193E-01  1.175E-01  1.157E-01  1.139E-01  1.121E-01  1.103E-01  1.085E-01  1.067E-01  1.050E-01  1.032E-01  1.015E-01  9.975E-02  9.804E-02  9.634E-02  9.465E-02  9.297E-02  9.130E-02  8.965E-02  8.800E-02  8.637E-02  8.475E-02  8.314E-02  8.154E-02  7.996E-02  7.838E-02  7.682E-02  7.528E-02  7.374E-02  7.221E-02  7.070E-02  6.919E-02  6.770E-02  6.623E-02  6.476E-02  6.331E-02  6.187E-02  6.044E-02  5.902E-02  5.763E-02  5.623E-02  5.485E-02  5.349E-02  5.213E-02  5.080E-02  4.947E-02  4.815E-02  4.685E-02  4.556E-02  4.428E-02  4.302E-02  4.177E-02  4.054E-02  3.931E-02  3.810E-02  3.691E-02  3.573E-02
  327.5000  1.169E-01  1.152E-01  1.134E-01  1.117E-01  1.100E-01  1.082E-01  1.065E-01  1.048E-01  1.032E-01  1.015E-01  9.983E-02  9.817E-02  9.653E-02  9.490E-02  9.328E-02  9.167E-02  9.007E-02  8.848E-02  8.691E-02  8.534E-02  8.379E-02  8.224E-02  8.071E-02  7.919E-02  7.768E-02  7.618E-02  7.469E-02  7.321E-02  7.175E-02  7.029E-02  6.885E-02  6.743E-02  6.601E-02  6.460E-02  6.320E-02  6.182E-02  6.045E-02  5.909E-02  5.774E-02  5.641E-02  5.508E-02  5.377E-02  5.247E-02  5.118E-02  4.991E-02  4.864E-02  4.739E-02  4.615E-02  4.493E-02  4.371E-02  4.251E-02  4.132E-02  4.014E-02  3.898E-02  3.783E-02  3.669E-02  3.557E-02  3.446E-02  3.336E-02  3.227E-02  3.121E-02
  328.5000  1.082E-01  1.065E-01  1.049E-01  1.033E-01  1.017E-01  1.001E-01  9.857E-02  9.700E-02  9.544E-02  9.390E-02  9.236E-02  9.083E-02  8.931E-02  8.780E-02  8.630E-02  8.482E-02  8.334E-02  8.187E-02  8.041E-02  7.896E-02  7.752E-02  7.609E-02  7.468E-02  7.327E-02  7.187E-02  7.048E-02  6.911E-02  6.775E-02  6.639E-02  6.504E-02  6.371E-02  6.239E-02  6.108E-02  5.978E-02  5.849E-02  5.721E-02  5.594E-02  5.468E-02  5.344E-02  5.220E-02  5.097E-02  4.976E-02  4.856E-02  4.737E-02  4.619E-02  4.502E-02  4.386E-02  4.271E-02  4.158E-02  4.046E-02  3.935E-02  3.825E-02  3.716E-02  3.608E-02  3.502E-02  3.397E-02  3.293E-02  3.190E-02  3.088E-02  2.988E-02  2.889E-02
  329.5000  1.487E-01  1.466E-01  1.445E-01  1.424E-01  1.403E-01  1.382E-01  1.362E-01  1.341E-01  1.321E-01  1.301E-01  1.281E-01  1.261E-01  1.241E-01  1.221E-01  1.201E-01  1.182E-01  1.162E-01  1.143E-01  1.124E-01  1.105E-01  1.086E-01  1.067E-01  1.048E-01  1.030E-01  1.011E-01  9.930E-02  9.749E-02  9.568E-02  9.389E-02  9.211E-02  9.034E-02  8.859E-02  8.685E-02  8.512E-02  8.340E-02  8.170E-02  8.001E-02  7.834E-02  7.667E-02  7.502E-02  7.338E-02  7.176E-02  7.015E-02  6.855E-02  6.697E-02  6.540E-02  6.384E-02  6.229E-02  6.076E-02  5.924E-02  5.774E-02  5.625E-02  5.477E-02  5.331E-02  5.186E-02  5.042E-02  4.900E-02  4.759E-02  4.620E-02  4.481E-02  4.345E-02
  330.5000  1.321E-01  1.302E-01  1.283E-01  1.264E-01  1.245E-01  1.226E-01  1.208E-01  1.189E-01  1.170E-01  1.152E-01  1.134E-01  1.116E-01  1.098E-01  1.080E-01  1.062E-01  1.044E-01  1.026E-01  1.009E-01  9.916E-02  9.743E-02  9.572E-02  9.402E-02  9.232E-02  9.064E-02  8.897E-02  8.732E-02  8.568E-02  8.404E-02  8.242E-02  8.081E-02  7.922E-02  7.764E-02  7.607E-02  7.451E-02  7.296E-02  7.142E-02  6.990E-02  6.839E-02  6.689E-02  6.541E-02  6.393E-02  6.247E-02  6.102E-02  5.959E-02  5.817E-02  5.676E-02  5.536E-02  5.397E-02  5.260E-02  5.124E-02  4.990E-02  4.856E-02  4.724E-02  4.593E-02  4.464E-02  4.336E-02  4.209E-02  4.084E-02  3.960E-02  3.837E-02  3.716E-02
  331.5000  1.301E-01  1.282E-01  1.263E-01  1.244E-01  1.225E-01  1.207E-01  1.188E-01  1.170E-01  1.152E-01  1.133E-01  1.115E-01  1.097E-01  1.079E-01  1.062E-01  1.044E-01  1.027E-01  1.009E-01  9.918E-02  9.746E-02  9.576E-02  9.407E-02  9.238E-02  9.071E-02  8.905E-02  8.740E-02  8.576E-02  8.414E-02  8.253E-02  8.093E-02  7.934E-02  7.776E-02  7.620E-02  7.465E-02  7.311E-02  7.158E-02  7.006E-02  6.856E-02  6.707E-02  6.559E-02  6.412E-02  6.267E-02  6.123E-02  5.980E-02  5.839E-02  5.698E-02  5.559E-02  5.421E-02  5.284E-02  5.149E-02  5.015E-02  4.883E-02  4.751E-02  4.621E-02  4.492E-02  4.365E-02  4.239E-02  4.114E-02  3.990E-02  3.868E-02  3.747E-02  3.628E-02
  332.5000  1.337E-01  1.318E-01  1.299E-01  1.280E-01  1.262E-01  1.244E-01  1.225E-01  1.207E-01  1.189E-01  1.171E-01  1.153E-01  1.135E-01  1.117E-01  1.100E-01  1.082E-01  1.065E-01  1.048E-01  1.030E-01  1.013E-01  9.964E-02  9.796E-02  9.628E-02  9.461E-02  9.296E-02  9.132E-02  8.969E-02  8.807E-02  8.646E-02  8.486E-02  8.327E-02  8.170E-02  8.014E-02  7.859E-02  7.704E-02  7.551E-02  7.399E-02  7.249E-02  7.100E-02  6.951E-02  6.804E-02  6.658E-02  6.512E-02  6.369E-02  6.226E-02  6.085E-02  5.944E-02  5.805E-02  5.667E-02  5.530E-02  5.395E-02  5.260E-02  5.127E-02  4.994E-02  4.863E-02  4.734E-02  4.605E-02  4.478E-02  4.352E-02  4.227E-02  4.103E-02  3.981E-02
  333.5000  1.235E-01  1.217E-01  1.200E-01  1.182E-01  1.165E-01  1.148E-01  1.130E-01  1.113E-01  1.096E-01  1.079E-01  1.063E-01  1.046E-01  1.029E-01  1.013E-01  9.962E-02  9.799E-02  9.637E-02  9.475E-02  9.315E-02  9.156E-02  8.998E-02  8.841E-02  8.685E-02  8.530E-02  8.376E-02  8.223E-02  8.072E-02  7.921E-02  7.771E-02  7.623E-02  7.475E-02  7.329E-02  7.184E-02  7.040E-02  6.897E-02  6.755E-02  6.614E-02  6.474E-02  6.336E-02  6.198E-02  6.062E-02  5.926E-02  5.792E-02  5.660E-02  5.528E-02  5.397E-02  5.267E-02  5.139E-02  5.012E-02  4.885E-02  4.760E-02  4.636E-02  4.513E-02  4.392E-02  4.271E-02  4.152E-02  4.034E-02  3.917E-02  3.801E-02  3.687E-02  3.574E-02
  334.5000  1.394E-01  1.374E-01  1.355E-01  1.335E-01  1.316E-01  1.296E-01  1.277E-01  1.258E-01  1.239E-01  1.220E-01  1.201E-01  1.182E-01  1.163E-01  1.145E-01  1.127E-01  1.108E-01  1.090E-01  1.072E-01  1.054E-01  1.036E-01  1.019E-01  1.001E-01  9.834E-02  9.660E-02  9.488E-02  9.316E-02  9.147E-02  8.977E-02  8.810E-02  8.643E-02  8.478E-02  8.314E-02  8.151E-02  7.989E-02  7.828E-02  7.669E-02  7.511E-02  7.355E-02  7.199E-02  7.044E-02  6.891E-02  6.739E-02  6.588E-02  6.439E-02  6.291E-02  6.144E-02  5.998E-02  5.854E-02  5.711E-02  5.569E-02  5.428E-02  5.289E-02  5.150E-02  5.013E-02  4.878E-02  4.744E-02  4.611E-02  4.479E-02  4.348E-02  4.219E-02  4.092E-02
  335.5000  1.443E-01  1.422E-01  1.402E-01  1.383E-01  1.363E-01  1.343E-01  1.323E-01  1.304E-01  1.285E-01  1.265E-01  1.246E-01  1.227E-01  1.208E-01  1.189E-01  1.171E-01  1.152E-01  1.134E-01  1.115E-01  1.097E-01  1.079E-01  1.061E-01  1.043E-01  1.025E-01  1.007E-01  9.896E-02  9.721E-02  9.548E-02  9.376E-02  9.204E-02  9.034E-02  8.865E-02  8.698E-02  8.532E-02  8.367E-02  8.203E-02  8.040E-02  7.878E-02  7.719E-02  7.559E-02  7.401E-02  7.245E-02  7.089E-02  6.935E-02  6.782E-02  6.630E-02  6.480E-02  6.330E-02  6.182E-02  6.036E-02  5.890E-02  5.745E-02  5.602E-02  5.460E-02  5.319E-02  5.180E-02  5.042E-02  4.905E-02  4.769E-02  4.634E-02  4.501E-02  4.370E-02
  336.5000  1.122E-01  1.107E-01  1.091E-01  1.076E-01  1.060E-01  1.045E-01  1.029E-01  1.014E-01  9.988E-02  9.838E-02  9.688E-02  9.539E-02  9.390E-02  9.243E-02  9.096E-02  8.951E-02  8.806E-02  8.662E-02  8.519E-02  8.377E-02  8.236E-02  8.096E-02  7.956E-02  7.818E-02  7.680E-02  7.544E-02  7.408E-02  7.274E-02  7.140E-02  7.007E-02  6.875E-02  6.744E-02  6.614E-02  6.485E-02  6.357E-02  6.230E-02  6.104E-02  5.979E-02  5.855E-02  5.731E-02  5.609E-02  5.487E-02  5.367E-02  5.248E-02  5.129E-02  5.012E-02  4.895E-02  4.780E-02  4.665E-02  4.552E-02  4.439E-02  4.327E-02  4.217E-02  4.107E-02  3.998E-02  3.891E-02  3.784E-02  3.678E-02  3.573E-02  3.470E-02  3.367E-02
  337.5000  1.217E-01  1.199E-01  1.182E-01  1.165E-01  1.148E-01  1.131E-01  1.114E-01  1.097E-01  1.081E-01  1.064E-01  1.048E-01  1.031E-01  1.015E-01  9.989E-02  9.828E-02  9.669E-02  9.510E-02  9.352E-02  9.195E-02  9.039E-02  8.885E-02  8.731E-02  8.578E-02  8.426E-02  8.276E-02  8.126E-02  7.978E-02  7.830E-02  7.683E-02  7.538E-02  7.393E-02  7.250E-02  7.108E-02  6.967E-02  6.827E-02  6.687E-02  6.549E-02  6.413E-02  6.277E-02  6.142E-02  6.009E-02  5.876E-02  5.744E-02  5.614E-02  5.485E-02  5.357E-02  5.230E-02  5.104E-02  4.979E-02  4.855E-02  4.732E-02  4.611E-02  4.490E-02  4.371E-02  4.253E-02  4.136E-02  4.020E-02  3.905E-02  3.791E-02  3.678E-02  3.567E-02
  338.5000  1.312E-01  1.294E-01  1.276E-01  1.258E-01  1.240E-01  1.222E-01  1.204E-01  1.186E-01  1.168E-01  1.151E-01  1.133E-01  1.116E-01  1.099E-01  1.082E-01  1.065E-01  1.048E-01  1.031E-01  1.014E-01  9.976E-02  9.810E-02  9.646E-02  9.483E-02  9.321E-02  9.160E-02  9.000E-02  8.841E-02  8.684E-02  8.527E-02  8.371E-02  8.217E-02  8.063E-02  7.911E-02  7.760E-02  7.610E-02  7.460E-02  7.312E-02  7.166E-02  7.020E-02  6.876E-02  6.732E-02  6.590E-02  6.448E-02  6.308E-02  6.169E-02  6.031E-02  5.894E-02  5.759E-02  5.624E-02  5.491E-02  5.359E-02  5.227E-02  5.097E-02  4.968E-02  4.840E-02  4.714E-02  4.588E-02  4.464E-02  4.340E-02  4.218E-02  4.097E-02  3.977E-02
  339.5000  1.432E-01  1.412E-01  1.392E-01  1.372E-01  1.353E-01  1.333E-01  1.314E-01  1.294E-01  1.275E-01  1.256E-01  1.237E-01  1.218E-01  1.200E-01  1.181E-01  1.162E-01  1.144E-01  1.126E-01  1.107E-01  1.089E-01  1.071E-01  1.053E-01  1.036E-01  1.018E-01  1.000E-01  9.830E-02  9.657E-02  9.486E-02  9.315E-02  9.145E-02  8.977E-02  8.810E-02  8.644E-02  8.480E-02  8.316E-02  8.154E-02  7.992E-02  7.832E-02  7.674E-02  7.517E-02  7.360E-02  7.205E-02  7.051E-02  6.898E-02  6.747E-02  6.597E-02  6.448E-02  6.300E-02  6.153E-02  6.008E-02  5.864E-02  5.721E-02  5.579E-02  5.438E-02  5.299E-02  5.161E-02  5.024E-02  4.888E-02  4.754E-02  4.621E-02  4.489E-02  4.359E-02
  340.5000  1.521E-01  1.500E-01  1.478E-01  1.457E-01  1.436E-01  1.415E-01  1.395E-01  1.374E-01  1.353E-01  1.333E-01  1.313E-01  1.293E-01  1.272E-01  1.252E-01  1.233E-01  1.213E-01  1.193E-01  1.174E-01  1.154E-01  1.135E-01  1.116E-01  1.097E-01  1.078E-01  1.059E-01  1.041E-01  1.022E-01  1.004E-01  9.857E-02  9.676E-02  9.496E-02  9.318E-02  9.141E-02  8.965E-02  8.790E-02  8.616E-02  8.444E-02  8.273E-02  8.104E-02  7.936E-02  7.769E-02  7.604E-02  7.439E-02  7.276E-02  7.115E-02  6.955E-02  6.796E-02  6.638E-02  6.482E-02  6.327E-02  6.174E-02  6.021E-02  5.870E-02  5.720E-02  5.572E-02  5.425E-02  5.280E-02  5.135E-02  4.992E-02  4.850E-02  4.710E-02  4.571E-02
  341.5000  1.366E-01  1.347E-01  1.329E-01  1.310E-01  1.291E-01  1.273E-01  1.254E-01  1.236E-01  1.217E-01  1.199E-01  1.181E-01  1.163E-01  1.145E-01  1.127E-01  1.110E-01  1.092E-01  1.075E-01  1.057E-01  1.040E-01  1.023E-01  1.006E-01  9.891E-02  9.723E-02  9.556E-02  9.390E-02  9.225E-02  9.062E-02  8.899E-02  8.738E-02  8.577E-02  8.418E-02  8.260E-02  8.103E-02  7.947E-02  7.793E-02  7.639E-02  7.487E-02  7.336E-02  7.186E-02  7.037E-02  6.889E-02  6.742E-02  6.597E-02  6.453E-02  6.310E-02  6.168E-02  6.027E-02  5.887E-02  5.749E-02  5.611E-02  5.475E-02  5.340E-02  5.206E-02  5.073E-02  4.942E-02  4.812E-02  4.682E-02  4.554E-02  4.427E-02  4.301E-02  4.177E-02
  342.5000  1.518E-01  1.497E-01  1.476E-01  1.455E-01  1.435E-01  1.414E-01  1.393E-01  1.373E-01  1.353E-01  1.333E-01  1.313E-01  1.293E-01  1.273E-01  1.253E-01  1.233E-01  1.214E-01  1.195E-01  1.175E-01  1.156E-01  1.137E-01  1.118E-01  1.100E-01  1.081E-01  1.062E-01  1.044E-01  1.026E-01  1.007E-01  9.894E-02  9.715E-02  9.537E-02  9.360E-02  9.186E-02  9.011E-02  8.838E-02  8.667E-02  8.496E-02  8.327E-02  8.160E-02  7.993E-02  7.828E-02  7.664E-02  7.501E-02  7.340E-02  7.180E-02  7.021E-02  6.864E-02  6.707E-02  6.552E-02  6.399E-02  6.246E-02  6.095E-02  5.945E-02  5.796E-02  5.649E-02  5.503E-02  5.359E-02  5.215E-02  5.073E-02  4.932E-02  4.792E-02  4.654E-02
  343.5000  1.573E-01  1.551E-01  1.529E-01  1.508E-01  1.486E-01  1.465E-01  1.443E-01  1.422E-01  1.401E-01  1.380E-01  1.359E-01  1.338E-01  1.318E-01  1.297E-01  1.277E-01  1.257E-01  1.236E-01  1.216E-01  1.197E-01  1.177E-01  1.157E-01  1.138E-01  1.118E-01  1.099E-01  1.080E-01  1.061E-01  1.042E-01  1.023E-01  1.005E-01  9.861E-02  9.677E-02  9.495E-02  9.314E-02  9.134E-02  8.956E-02  8.779E-02  8.603E-02  8.430E-02  8.257E-02  8.085E-02  7.915E-02  7.746E-02  7.578E-02  7.412E-02  7.247E-02  7.084E-02  6.921E-02  6.760E-02  6.601E-02  6.443E-02  6.286E-02  6.130E-02  5.976E-02  5.823E-02  5.672E-02  5.522E-02  5.373E-02  5.226E-02  5.080E-02  4.935E-02  4.792E-02
  344.5000  1.099E-01  1.084E-01  1.069E-01  1.053E-01  1.038E-01  1.023E-01  1.008E-01  9.934E-02  9.786E-02  9.639E-02  9.493E-02  9.347E-02  9.202E-02  9.058E-02  8.915E-02  8.773E-02  8.632E-02  8.491E-02  8.352E-02  8.213E-02  8.075E-02  7.938E-02  7.802E-02  7.667E-02  7.533E-02  7.399E-02  7.267E-02  7.135E-02  7.005E-02  6.875E-02  6.746E-02  6.619E-02  6.492E-02  6.366E-02  6.241E-02  6.117E-02  5.994E-02  5.872E-02  5.751E-02  5.630E-02  5.511E-02  5.393E-02  5.275E-02  5.159E-02  5.044E-02  4.929E-02  4.815E-02  4.703E-02  4.591E-02  4.481E-02  4.371E-02  4.262E-02  4.154E-02  4.047E-02  3.941E-02  3.836E-02  3.732E-02  3.629E-02  3.527E-02  3.426E-02  3.326E-02
  345.5000  1.523E-01  1.502E-01  1.481E-01  1.460E-01  1.439E-01  1.419E-01  1.398E-01  1.378E-01  1.357E-01  1.337E-01  1.317E-01  1.297E-01  1.277E-01  1.257E-01  1.238E-01  1.218E-01  1.199E-01  1.179E-01  1.160E-01  1.141E-01  1.122E-01  1.103E-01  1.085E-01  1.066E-01  1.048E-01  1.029E-01  1.011E-01  9.932E-02  9.752E-02  9.574E-02  9.397E-02  9.221E-02  9.047E-02  8.874E-02  8.702E-02  8.531E-02  8.362E-02  8.194E-02  8.027E-02  7.862E-02  7.697E-02  7.534E-02  7.373E-02  7.213E-02  7.054E-02  6.896E-02  6.739E-02  6.584E-02  6.431E-02  6.278E-02  6.127E-02  5.976E-02  5.828E-02  5.680E-02  5.534E-02  5.389E-02  5.246E-02  5.103E-02  4.962E-02  4.822E-02  4.684E-02
  346.5000  1.417E-01  1.398E-01  1.378E-01  1.358E-01  1.339E-01  1.320E-01  1.300E-01  1.281E-01  1.262E-01  1.243E-01  1.225E-01  1.206E-01  1.187E-01  1.169E-01  1.150E-01  1.132E-01  1.114E-01  1.096E-01  1.078E-01  1.060E-01  1.042E-01  1.025E-01  1.007E-01  9.898E-02  9.725E-02  9.553E-02  9.384E-02  9.214E-02  9.046E-02  8.880E-02  8.714E-02  8.550E-02  8.387E-02  8.225E-02  8.064E-02  7.904E-02  7.746E-02  7.589E-02  7.433E-02  7.279E-02  7.125E-02  6.973E-02  6.822E-02  6.673E-02  6.524E-02  6.377E-02  6.230E-02  6.085E-02  5.942E-02  5.800E-02  5.658E-02  5.518E-02  5.379E-02  5.242E-02  5.106E-02  4.971E-02  4.837E-02  4.704E-02  4.572E-02  4.442E-02  4.314E-02
  347.5000  1.387E-01  1.368E-01  1.349E-01  1.330E-01  1.311E-01  1.292E-01  1.273E-01  1.254E-01  1.235E-01  1.217E-01  1.199E-01  1.180E-01  1.162E-01  1.144E-01  1.126E-01  1.108E-01  1.090E-01  1.073E-01  1.055E-01  1.038E-01  1.020E-01  1.003E-01  9.859E-02  9.689E-02  9.520E-02  9.352E-02  9.185E-02  9.020E-02  8.855E-02  8.692E-02  8.530E-02  8.370E-02  8.210E-02  8.052E-02  7.894E-02  7.738E-02  7.583E-02  7.430E-02  7.277E-02  7.126E-02  6.976E-02  6.827E-02  6.679E-02  6.533E-02  6.388E-02  6.243E-02  6.100E-02  5.959E-02  5.819E-02  5.679E-02  5.541E-02  5.404E-02  5.268E-02  5.133E-02  5.000E-02  4.868E-02  4.737E-02  4.607E-02  4.479E-02  4.351E-02  4.225E-02
  348.5000  1.529E-01  1.508E-01  1.487E-01  1.466E-01  1.445E-01  1.424E-01  1.404E-01  1.383E-01  1.362E-01  1.342E-01  1.322E-01  1.302E-01  1.282E-01  1.262E-01  1.242E-01  1.222E-01  1.203E-01  1.183E-01  1.164E-01  1.145E-01  1.126E-01  1.107E-01  1.088E-01  1.069E-01  1.050E-01  1.032E-01  1.014E-01  9.953E-02  9.772E-02  9.593E-02  9.414E-02  9.238E-02  9.062E-02  8.887E-02  8.714E-02  8.542E-02  8.372E-02  8.203E-02  8.035E-02  7.868E-02  7.703E-02  7.539E-02  7.376E-02  7.215E-02  7.055E-02  6.897E-02  6.739E-02  6.583E-02  6.429E-02  6.275E-02  6.123E-02  5.972E-02  5.823E-02  5.674E-02  5.528E-02  5.382E-02  5.238E-02  5.095E-02  4.953E-02  4.813E-02  4.674E-02
  349.5000  1.283E-01  1.265E-01  1.247E-01  1.229E-01  1.212E-01  1.194E-01  1.177E-01  1.160E-01  1.142E-01  1.125E-01  1.108E-01  1.091E-01  1.075E-01  1.058E-01  1.041E-01  1.025E-01  1.008E-01  9.920E-02  9.758E-02  9.596E-02  9.436E-02  9.277E-02  9.119E-02  8.962E-02  8.806E-02  8.651E-02  8.497E-02  8.344E-02  8.192E-02  8.041E-02  7.892E-02  7.744E-02  7.596E-02  7.450E-02  7.304E-02  7.160E-02  7.017E-02  6.876E-02  6.735E-02  6.595E-02  6.456E-02  6.319E-02  6.182E-02  6.047E-02  5.913E-02  5.780E-02  5.648E-02  5.517E-02  5.387E-02  5.259E-02  5.131E-02  5.005E-02  4.879E-02  4.755E-02  4.632E-02  4.510E-02  4.389E-02  4.269E-02  4.150E-02  4.033E-02  3.916E-02
  350.5000  1.798E-01  1.773E-01  1.749E-01  1.724E-01  1.699E-01  1.675E-01  1.650E-01  1.626E-01  1.602E-01  1.578E-01  1.554E-01  1.530E-01  1.507E-01  1.483E-01  1.460E-01  1.437E-01  1.414E-01  1.391E-01  1.368E-01  1.346E-01  1.323E-01  1.301E-01  1.279E-01  1.257E-01  1.235E-01  1.213E-01  1.191E-01  1.170E-01  1.149E-01  1.128E-01  1.107E-01  1.086E-01  1.065E-01  1.045E-01  1.024E-01  1.004E-01  9.840E-02  9.642E-02  9.444E-02  9.248E-02  9.054E-02  8.861E-02  8.670E-02  8.480E-02  8.292E-02  8.106E-02  7.921E-02  7.737E-02  7.556E-02  7.375E-02  7.196E-02  7.019E-02  6.843E-02  6.669E-02  6.497E-02  6.326E-02  6.156E-02  5.988E-02  5.822E-02  5.657E-02  5.494E-02
  351.5000  1.550E-01  1.529E-01  1.507E-01  1.486E-01  1.465E-01  1.444E-01  1.422E-01  1.402E-01  1.381E-01  1.360E-01  1.339E-01  1.319E-01  1.299E-01  1.278E-01  1.258E-01  1.238E-01  1.218E-01  1.199E-01  1.179E-01  1.159E-01  1.140E-01  1.121E-01  1.102E-01  1.083E-01  1.064E-01  1.045E-01  1.026E-01  1.008E-01  9.896E-02  9.714E-02  9.533E-02  9.353E-02  9.175E-02  8.998E-02  8.822E-02  8.648E-02  8.475E-02  8.303E-02  8.133E-02  7.964E-02  7.796E-02  7.630E-02  7.465E-02  7.302E-02  7.140E-02  6.979E-02  6.819E-02  6.661E-02  6.505E-02  6.349E-02  6.195E-02  6.042E-02  5.890E-02  5.740E-02  5.592E-02  5.444E-02  5.298E-02  5.153E-02  5.010E-02  4.868E-02  4.728E-02
  352.5000  1.400E-01  1.381E-01  1.362E-01  1.342E-01  1.323E-01  1.304E-01  1.285E-01  1.266E-01  1.247E-01  1.229E-01  1.210E-01  1.192E-01  1.173E-01  1.155E-01  1.137E-01  1.119E-01  1.101E-01  1.083E-01  1.065E-01  1.048E-01  1.030E-01  1.013E-01  9.954E-02  9.782E-02  9.612E-02  9.442E-02  9.274E-02  9.107E-02  8.941E-02  8.777E-02  8.613E-02  8.451E-02  8.290E-02  8.130E-02  7.971E-02  7.814E-02  7.658E-02  7.503E-02  7.349E-02  7.197E-02  7.045E-02  6.895E-02  6.746E-02  6.599E-02  6.452E-02  6.307E-02  6.163E-02  6.020E-02  5.879E-02  5.738E-02  5.599E-02  5.461E-02  5.324E-02  5.189E-02  5.055E-02  4.921E-02  4.790E-02  4.659E-02  4.529E-02  4.401E-02  4.274E-02
  353.5000  1.689E-01  1.666E-01  1.642E-01  1.619E-01  1.596E-01  1.573E-01  1.550E-01  1.527E-01  1.505E-01  1.482E-01  1.460E-01  1.438E-01  1.415E-01  1.393E-01  1.371E-01  1.350E-01  1.328E-01  1.307E-01  1.285E-01  1.264E-01  1.243E-01  1.222E-01  1.201E-01  1.180E-01  1.160E-01  1.139E-01  1.119E-01  1.099E-01  1.079E-01  1.059E-01  1.039E-01  1.020E-01  1.000E-01  9.811E-02  9.620E-02  9.430E-02  9.242E-02  9.056E-02  8.870E-02  8.686E-02  8.504E-02  8.322E-02  8.143E-02  7.965E-02  7.789E-02  7.614E-02  7.440E-02  7.268E-02  7.097E-02  6.928E-02  6.760E-02  6.594E-02  6.429E-02  6.266E-02  6.104E-02  5.944E-02  5.785E-02  5.627E-02  5.471E-02  5.316E-02  5.164E-02
  354.5000  1.832E-01  1.806E-01  1.781E-01  1.756E-01  1.731E-01  1.706E-01  1.681E-01  1.656E-01  1.632E-01  1.607E-01  1.583E-01  1.559E-01  1.535E-01  1.511E-01  1.487E-01  1.464E-01  1.440E-01  1.417E-01  1.394E-01  1.371E-01  1.348E-01  1.325E-01  1.303E-01  1.280E-01  1.258E-01  1.236E-01  1.214E-01  1.192E-01  1.170E-01  1.149E-01  1.127E-01  1.106E-01  1.085E-01  1.064E-01  1.043E-01  1.023E-01  1.002E-01  9.823E-02  9.622E-02  9.422E-02  9.225E-02  9.028E-02  8.834E-02  8.641E-02  8.450E-02  8.260E-02  8.072E-02  7.885E-02  7.701E-02  7.517E-02  7.336E-02  7.155E-02  6.977E-02  6.800E-02  6.625E-02  6.451E-02  6.278E-02  6.108E-02  5.939E-02  5.771E-02  5.605E-02
  355.5000  1.714E-01  1.690E-01  1.666E-01  1.643E-01  1.619E-01  1.596E-01  1.573E-01  1.550E-01  1.527E-01  1.504E-01  1.481E-01  1.458E-01  1.436E-01  1.414E-01  1.391E-01  1.369E-01  1.347E-01  1.325E-01  1.304E-01  1.282E-01  1.261E-01  1.240E-01  1.218E-01  1.197E-01  1.177E-01  1.156E-01  1.135E-01  1.115E-01  1.095E-01  1.074E-01  1.054E-01  1.035E-01  1.015E-01  9.954E-02  9.760E-02  9.567E-02  9.376E-02  9.187E-02  8.999E-02  8.813E-02  8.628E-02  8.444E-02  8.262E-02  8.082E-02  7.903E-02  7.726E-02  7.549E-02  7.375E-02  7.202E-02  7.031E-02  6.861E-02  6.692E-02  6.525E-02  6.359E-02  6.196E-02  6.033E-02  5.872E-02  5.712E-02  5.554E-02  5.397E-02  5.243E-02
  356.5000  1.592E-01  1.570E-01  1.548E-01  1.526E-01  1.504E-01  1.482E-01  1.461E-01  1.439E-01  1.418E-01  1.397E-01  1.376E-01  1.355E-01  1.334E-01  1.313E-01  1.292E-01  1.272E-01  1.251E-01  1.231E-01  1.211E-01  1.191E-01  1.171E-01  1.151E-01  1.132E-01  1.112E-01  1.093E-01  1.073E-01  1.054E-01  1.035E-01  1.016E-01  9.977E-02  9.792E-02  9.608E-02  9.425E-02  9.243E-02  9.063E-02  8.884E-02  8.706E-02  8.531E-02  8.356E-02  8.183E-02  8.011E-02  7.840E-02  7.671E-02  7.504E-02  7.338E-02  7.173E-02  7.009E-02  6.847E-02  6.687E-02  6.527E-02  6.370E-02  6.213E-02  6.058E-02  5.904E-02  5.752E-02  5.601E-02  5.451E-02  5.303E-02  5.156E-02  5.011E-02  4.867E-02
  357.5000  1.355E-01  1.336E-01  1.317E-01  1.298E-01  1.280E-01  1.261E-01  1.243E-01  1.225E-01  1.207E-01  1.189E-01  1.171E-01  1.153E-01  1.135E-01  1.117E-01  1.100E-01  1.082E-01  1.065E-01  1.047E-01  1.030E-01  1.013E-01  9.963E-02  9.795E-02  9.627E-02  9.461E-02  9.296E-02  9.132E-02  8.970E-02  8.808E-02  8.648E-02  8.488E-02  8.330E-02  8.174E-02  8.018E-02  7.863E-02  7.710E-02  7.557E-02  7.406E-02  7.257E-02  7.108E-02  6.960E-02  6.814E-02  6.669E-02  6.525E-02  6.383E-02  6.241E-02  6.101E-02  5.961E-02  5.823E-02  5.687E-02  5.552E-02  5.417E-02  5.284E-02  5.152E-02  5.021E-02  4.892E-02  4.763E-02  4.636E-02  4.510E-02  4.385E-02  4.261E-02  4.139E-02
  358.5000  1.047E-01  1.032E-01  1.018E-01  1.003E-01  9.891E-02  9.748E-02  9.606E-02  9.465E-02  9.324E-02  9.185E-02  9.046E-02  8.907E-02  8.770E-02  8.633E-02  8.497E-02  8.362E-02  8.228E-02  8.095E-02  7.962E-02  7.830E-02  7.699E-02  7.569E-02  7.440E-02  7.312E-02  7.184E-02  7.057E-02  6.932E-02  6.807E-02  6.683E-02  6.560E-02  6.437E-02  6.317E-02  6.196E-02  6.077E-02  5.958E-02  5.840E-02  5.723E-02  5.608E-02  5.493E-02  5.379E-02  5.266E-02  5.154E-02  5.043E-02  4.933E-02  4.823E-02  4.715E-02  4.607E-02  4.501E-02  4.395E-02  4.291E-02  4.187E-02  4.084E-02  3.982E-02  3.881E-02  3.781E-02  3.682E-02  3.583E-02  3.486E-02  3.390E-02  3.294E-02  3.200E-02
  359.5000  1.764E-01  1.739E-01  1.715E-01  1.690E-01  1.666E-01  1.642E-01  1.618E-01  1.594E-01  1.571E-01  1.547E-01  1.524E-01  1.500E-01  1.477E-01  1.454E-01  1.431E-01  1.409E-01  1.386E-01  1.363E-01  1.341E-01  1.319E-01  1.297E-01  1.275E-01  1.253E-01  1.232E-01  1.210E-01  1.189E-01  1.168E-01  1.146E-01  1.126E-01  1.105E-01  1.084E-01  1.064E-01  1.044E-01  1.023E-01  1.003E-01  9.836E-02  9.639E-02  9.444E-02  9.251E-02  9.059E-02  8.868E-02  8.679E-02  8.492E-02  8.307E-02  8.122E-02  7.940E-02  7.759E-02  7.579E-02  7.402E-02  7.225E-02  7.050E-02  6.877E-02  6.705E-02  6.535E-02  6.367E-02  6.200E-02  6.034E-02  5.870E-02  5.707E-02  5.546E-02  5.388E-02
  360.5000  1.636E-01  1.614E-01  1.591E-01  1.568E-01  1.546E-01  1.524E-01  1.501E-01  1.479E-01  1.457E-01  1.436E-01  1.414E-01  1.392E-01  1.371E-01  1.349E-01  1.328E-01  1.307E-01  1.286E-01  1.265E-01  1.244E-01  1.224E-01  1.203E-01  1.183E-01  1.163E-01  1.143E-01  1.123E-01  1.103E-01  1.083E-01  1.064E-01  1.044E-01  1.025E-01  1.006E-01  9.869E-02  9.680E-02  9.493E-02  9.308E-02  9.124E-02  8.941E-02  8.761E-02  8.581E-02  8.403E-02  8.226E-02  8.051E-02  7.877E-02  7.705E-02  7.534E-02  7.364E-02  7.196E-02  7.030E-02  6.865E-02  6.701E-02  6.539E-02  6.378E-02  6.219E-02  6.061E-02  5.905E-02  5.750E-02  5.597E-02  5.444E-02  5.294E-02  5.144E-02  4.997E-02
  361.5000  1.477E-01  1.457E-01  1.436E-01  1.416E-01  1.396E-01  1.375E-01  1.355E-01  1.335E-01  1.316E-01  1.296E-01  1.276E-01  1.257E-01  1.237E-01  1.218E-01  1.199E-01  1.180E-01  1.161E-01  1.142E-01  1.123E-01  1.105E-01  1.086E-01  1.068E-01  1.049E-01  1.031E-01  1.013E-01  9.954E-02  9.777E-02  9.600E-02  9.425E-02  9.251E-02  9.079E-02  8.908E-02  8.738E-02  8.569E-02  8.402E-02  8.236E-02  8.071E-02  7.908E-02  7.745E-02  7.585E-02  7.425E-02  7.267E-02  7.110E-02  6.955E-02  6.800E-02  6.647E-02  6.496E-02  6.345E-02  6.197E-02  6.049E-02  5.903E-02  5.758E-02  5.614E-02  5.471E-02  5.331E-02  5.191E-02  5.052E-02  4.915E-02  4.779E-02  4.644E-02  4.511E-02
  362.5000  1.737E-01  1.712E-01  1.688E-01  1.664E-01  1.641E-01  1.617E-01  1.593E-01  1.570E-01  1.547E-01  1.523E-01  1.500E-01  1.477E-01  1.455E-01  1.432E-01  1.409E-01  1.387E-01  1.365E-01  1.342E-01  1.320E-01  1.298E-01  1.277E-01  1.255E-01  1.234E-01  1.212E-01  1.191E-01  1.170E-01  1.149E-01  1.129E-01  1.108E-01  1.087E-01  1.067E-01  1.047E-01  1.027E-01  1.007E-01  9.876E-02  9.680E-02  9.487E-02  9.295E-02  9.104E-02  8.915E-02  8.727E-02  8.541E-02  8.357E-02  8.174E-02  7.993E-02  7.813E-02  7.635E-02  7.458E-02  7.284E-02  7.110E-02  6.938E-02  6.767E-02  6.598E-02  6.431E-02  6.266E-02  6.101E-02  5.938E-02  5.777E-02  5.617E-02  5.459E-02  5.303E-02
  363.5000  1.546E-01  1.525E-01  1.503E-01  1.482E-01  1.461E-01  1.440E-01  1.419E-01  1.398E-01  1.377E-01  1.357E-01  1.336E-01  1.315E-01  1.295E-01  1.275E-01  1.255E-01  1.235E-01  1.215E-01  1.195E-01  1.176E-01  1.156E-01  1.137E-01  1.118E-01  1.098E-01  1.079E-01  1.061E-01  1.042E-01  1.023E-01  1.005E-01  9.864E-02  9.682E-02  9.501E-02  9.322E-02  9.144E-02  8.967E-02  8.792E-02  8.618E-02  8.445E-02  8.275E-02  8.105E-02  7.936E-02  7.769E-02  7.604E-02  7.439E-02  7.277E-02  7.115E-02  6.955E-02  6.796E-02  6.639E-02  6.484E-02  6.329E-02  6.176E-02  6.024E-02  5.874E-02  5.725E-02  5.577E-02  5.431E-02  5.286E-02  5.142E-02  5.000E-02  4.859E-02  4.720E-02
  364.5000  1.688E-01  1.665E-01  1.641E-01  1.618E-01  1.595E-01  1.572E-01  1.549E-01  1.526E-01  1.504E-01  1.481E-01  1.459E-01  1.436E-01  1.414E-01  1.392E-01  1.370E-01  1.348E-01  1.326E-01  1.305E-01  1.283E-01  1.262E-01  1.241E-01  1.220E-01  1.199E-01  1.178E-01  1.158E-01  1.137E-01  1.117E-01  1.097E-01  1.077E-01  1.057E-01  1.037E-01  1.018E-01  9.981E-02  9.788E-02  9.596E-02  9.406E-02  9.218E-02  9.031E-02  8.846E-02  8.662E-02  8.479E-02  8.298E-02  8.119E-02  7.942E-02  7.765E-02  7.590E-02  7.417E-02  7.245E-02  7.075E-02  6.907E-02  6.739E-02  6.574E-02  6.409E-02  6.247E-02  6.086E-02  5.926E-02  5.768E-02  5.611E-02  5.456E-02  5.302E-02  5.151E-02
  365.5000  2.059E-01  2.030E-01  2.002E-01  1.973E-01  1.945E-01  1.917E-01  1.889E-01  1.861E-01  1.833E-01  1.806E-01  1.779E-01  1.751E-01  1.724E-01  1.697E-01  1.670E-01  1.644E-01  1.617E-01  1.591E-01  1.565E-01  1.539E-01  1.513E-01  1.487E-01  1.462E-01  1.437E-01  1.411E-01  1.386E-01  1.362E-01  1.337E-01  1.313E-01  1.288E-01  1.264E-01  1.240E-01  1.217E-01  1.193E-01  1.170E-01  1.147E-01  1.124E-01  1.101E-01  1.078E-01  1.056E-01  1.034E-01  1.011E-01  9.896E-02  9.680E-02  9.465E-02  9.251E-02  9.040E-02  8.830E-02  8.623E-02  8.418E-02  8.214E-02  8.012E-02  7.811E-02  7.613E-02  7.417E-02  7.222E-02  7.029E-02  6.838E-02  6.649E-02  6.462E-02  6.277E-02
  366.5000  2.181E-01  2.151E-01  2.121E-01  2.091E-01  2.061E-01  2.031E-01  2.001E-01  1.972E-01  1.943E-01  1.913E-01  1.884E-01  1.856E-01  1.827E-01  1.798E-01  1.770E-01  1.742E-01  1.714E-01  1.686E-01  1.658E-01  1.630E-01  1.603E-01  1.576E-01  1.549E-01  1.522E-01  1.495E-01  1.469E-01  1.443E-01  1.417E-01  1.391E-01  1.365E-01  1.339E-01  1.314E-01  1.289E-01  1.264E-01  1.239E-01  1.215E-01  1.190E-01  1.166E-01  1.142E-01  1.118E-01  1.095E-01  1.071E-01  1.048E-01  1.025E-01  1.003E-01  9.800E-02  9.576E-02  9.354E-02  9.134E-02  8.916E-02  8.700E-02  8.486E-02  8.274E-02  8.064E-02  7.857E-02  7.650E-02  7.446E-02  7.244E-02  7.043E-02  6.845E-02  6.649E-02
  367.5000  2.074E-01  2.045E-01  2.016E-01  1.988E-01  1.959E-01  1.931E-01  1.902E-01  1.874E-01  1.847E-01  1.819E-01  1.791E-01  1.764E-01  1.736E-01  1.709E-01  1.682E-01  1.655E-01  1.629E-01  1.602E-01  1.576E-01  1.550E-01  1.524E-01  1.498E-01  1.472E-01  1.447E-01  1.421E-01  1.396E-01  1.371E-01  1.346E-01  1.322E-01  1.297E-01  1.273E-01  1.249E-01  1.225E-01  1.201E-01  1.178E-01  1.154E-01  1.131E-01  1.108E-01  1.086E-01  1.063E-01  1.040E-01  1.018E-01  9.962E-02  9.744E-02  9.528E-02  9.313E-02  9.100E-02  8.889E-02  8.681E-02  8.473E-02  8.268E-02  8.065E-02  7.863E-02  7.663E-02  7.466E-02  7.270E-02  7.076E-02  6.884E-02  6.693E-02  6.505E-02  6.319E-02
  368.5000  1.823E-01  1.798E-01  1.773E-01  1.748E-01  1.723E-01  1.698E-01  1.673E-01  1.648E-01  1.624E-01  1.599E-01  1.575E-01  1.551E-01  1.527E-01  1.503E-01  1.479E-01  1.456E-01  1.432E-01  1.409E-01  1.386E-01  1.363E-01  1.340E-01  1.317E-01  1.294E-01  1.272E-01  1.250E-01  1.227E-01  1.205E-01  1.184E-01  1.162E-01  1.140E-01  1.119E-01  1.098E-01  1.077E-01  1.056E-01  1.035E-01  1.015E-01  9.944E-02  9.743E-02  9.542E-02  9.343E-02  9.146E-02  8.951E-02  8.757E-02  8.565E-02  8.375E-02  8.186E-02  7.999E-02  7.813E-02  7.630E-02  7.448E-02  7.267E-02  7.088E-02  6.911E-02  6.735E-02  6.562E-02  6.390E-02  6.219E-02  6.050E-02  5.883E-02  5.717E-02  5.553E-02
  369.5000  2.189E-01  2.159E-01  2.129E-01  2.098E-01  2.068E-01  2.038E-01  2.009E-01  1.979E-01  1.949E-01  1.920E-01  1.891E-01  1.862E-01  1.833E-01  1.804E-01  1.776E-01  1.748E-01  1.719E-01  1.691E-01  1.663E-01  1.636E-01  1.608E-01  1.581E-01  1.554E-01  1.527E-01  1.500E-01  1.474E-01  1.447E-01  1.421E-01  1.395E-01  1.369E-01  1.343E-01  1.318E-01  1.293E-01  1.268E-01  1.243E-01  1.218E-01  1.194E-01  1.169E-01  1.145E-01  1.121E-01  1.098E-01  1.074E-01  1.051E-01  1.028E-01  1.005E-01  9.825E-02  9.600E-02  9.377E-02  9.157E-02  8.938E-02  8.722E-02  8.507E-02  8.294E-02  8.083E-02  7.875E-02  7.669E-02  7.464E-02  7.261E-02  7.060E-02  6.861E-02  6.665E-02
  370.5000  1.988E-01  1.961E-01  1.933E-01  1.906E-01  1.878E-01  1.851E-01  1.824E-01  1.797E-01  1.770E-01  1.744E-01  1.717E-01  1.691E-01  1.665E-01  1.639E-01  1.613E-01  1.587E-01  1.561E-01  1.536E-01  1.511E-01  1.485E-01  1.460E-01  1.436E-01  1.411E-01  1.386E-01  1.362E-01  1.338E-01  1.314E-01  1.290E-01  1.267E-01  1.243E-01  1.220E-01  1.197E-01  1.174E-01  1.151E-01  1.128E-01  1.106E-01  1.084E-01  1.062E-01  1.040E-01  1.018E-01  9.966E-02  9.753E-02  9.541E-02  9.332E-02  9.125E-02  8.919E-02  8.714E-02  8.512E-02  8.312E-02  8.114E-02  7.917E-02  7.722E-02  7.529E-02  7.337E-02  7.148E-02  6.961E-02  6.775E-02  6.590E-02  6.408E-02  6.227E-02  6.049E-02
  371.5000  2.277E-01  2.246E-01  2.214E-01  2.183E-01  2.151E-01  2.120E-01  2.089E-01  2.058E-01  2.028E-01  1.997E-01  1.967E-01  1.937E-01  1.907E-01  1.877E-01  1.847E-01  1.817E-01  1.788E-01  1.759E-01  1.730E-01  1.701E-01  1.673E-01  1.644E-01  1.616E-01  1.588E-01  1.560E-01  1.532E-01  1.505E-01  1.477E-01  1.450E-01  1.423E-01  1.397E-01  1.370E-01  1.344E-01  1.318E-01  1.292E-01  1.266E-01  1.241E-01  1.216E-01  1.191E-01  1.166E-01  1.141E-01  1.117E-01  1.092E-01  1.069E-01  1.045E-01  1.021E-01  9.977E-02  9.746E-02  9.517E-02  9.289E-02  9.064E-02  8.841E-02  8.619E-02  8.400E-02  8.184E-02  7.969E-02  7.756E-02  7.545E-02  7.336E-02  7.129E-02  6.925E-02
  372.5000  1.684E-01  1.660E-01  1.637E-01  1.614E-01  1.591E-01  1.568E-01  1.545E-01  1.522E-01  1.499E-01  1.477E-01  1.454E-01  1.432E-01  1.410E-01  1.388E-01  1.366E-01  1.344E-01  1.322E-01  1.300E-01  1.279E-01  1.258E-01  1.237E-01  1.216E-01  1.195E-01  1.174E-01  1.153E-01  1.133E-01  1.112E-01  1.092E-01  1.072E-01  1.052E-01  1.033E-01  1.013E-01  9.935E-02  9.742E-02  9.551E-02  9.361E-02  9.172E-02  8.986E-02  8.801E-02  8.617E-02  8.435E-02  8.254E-02  8.075E-02  7.898E-02  7.722E-02  7.547E-02  7.375E-02  7.203E-02  7.034E-02  6.866E-02  6.699E-02  6.534E-02  6.370E-02  6.208E-02  6.049E-02  5.890E-02  5.732E-02  5.576E-02  5.422E-02  5.269E-02  5.118E-02
  373.5000  1.523E-01  1.502E-01  1.481E-01  1.460E-01  1.439E-01  1.418E-01  1.397E-01  1.377E-01  1.356E-01  1.336E-01  1.316E-01  1.295E-01  1.275E-01  1.255E-01  1.235E-01  1.216E-01  1.196E-01  1.176E-01  1.157E-01  1.138E-01  1.119E-01  1.100E-01  1.081E-01  1.062E-01  1.043E-01  1.025E-01  1.006E-01  9.880E-02  9.698E-02  9.518E-02  9.339E-02  9.162E-02  8.986E-02  8.812E-02  8.638E-02  8.466E-02  8.296E-02  8.127E-02  7.959E-02  7.793E-02  7.628E-02  7.465E-02  7.302E-02  7.142E-02  6.983E-02  6.825E-02  6.669E-02  6.514E-02  6.361E-02  6.208E-02  6.058E-02  5.908E-02  5.760E-02  5.614E-02  5.469E-02  5.325E-02  5.183E-02  5.042E-02  4.902E-02  4.764E-02  4.628E-02
  374.5000  1.674E-01  1.650E-01  1.627E-01  1.604E-01  1.581E-01  1.558E-01  1.535E-01  1.513E-01  1.490E-01  1.468E-01  1.445E-01  1.423E-01  1.401E-01  1.379E-01  1.357E-01  1.335E-01  1.314E-01  1.292E-01  1.271E-01  1.250E-01  1.229E-01  1.208E-01  1.187E-01  1.166E-01  1.146E-01  1.125E-01  1.105E-01  1.085E-01  1.065E-01  1.045E-01  1.026E-01  1.006E-01  9.870E-02  9.678E-02  9.487E-02  9.298E-02  9.111E-02  8.925E-02  8.741E-02  8.558E-02  8.377E-02  8.197E-02  8.019E-02  7.843E-02  7.668E-02  7.495E-02  7.323E-02  7.153E-02  6.984E-02  6.817E-02  6.652E-02  6.487E-02  6.325E-02  6.164E-02  6.005E-02  5.847E-02  5.691E-02  5.536E-02  5.383E-02  5.231E-02  5.081E-02
  375.5000  1.890E-01  1.864E-01  1.838E-01  1.812E-01  1.786E-01  1.760E-01  1.734E-01  1.708E-01  1.683E-01  1.657E-01  1.632E-01  1.607E-01  1.582E-01  1.557E-01  1.533E-01  1.508E-01  1.484E-01  1.459E-01  1.435E-01  1.411E-01  1.388E-01  1.364E-01  1.340E-01  1.317E-01  1.294E-01  1.271E-01  1.248E-01  1.225E-01  1.203E-01  1.180E-01  1.158E-01  1.136E-01  1.114E-01  1.093E-01  1.071E-01  1.050E-01  1.029E-01  1.008E-01  9.869E-02  9.663E-02  9.458E-02  9.255E-02  9.054E-02  8.855E-02  8.657E-02  8.462E-02  8.267E-02  8.075E-02  7.885E-02  7.696E-02  7.509E-02  7.324E-02  7.140E-02  6.959E-02  6.779E-02  6.601E-02  6.424E-02  6.250E-02  6.077E-02  5.905E-02  5.736E-02
  376.5000  1.890E-01  1.863E-01  1.837E-01  1.811E-01  1.785E-01  1.759E-01  1.733E-01  1.708E-01  1.682E-01  1.657E-01  1.632E-01  1.606E-01  1.581E-01  1.557E-01  1.532E-01  1.507E-01  1.483E-01  1.459E-01  1.435E-01  1.411E-01  1.387E-01  1.363E-01  1.340E-01  1.316E-01  1.293E-01  1.270E-01  1.247E-01  1.225E-01  1.202E-01  1.180E-01  1.158E-01  1.136E-01  1.114E-01  1.092E-01  1.071E-01  1.049E-01  1.028E-01  1.007E-01  9.863E-02  9.656E-02  9.451E-02  9.248E-02  9.047E-02  8.848E-02  8.651E-02  8.455E-02  8.261E-02  8.069E-02  7.879E-02  7.690E-02  7.503E-02  7.318E-02  7.134E-02  6.953E-02  6.773E-02  6.595E-02  6.419E-02  6.244E-02  6.071E-02  5.900E-02  5.731E-02
  377.5000  2.252E-01  2.221E-01  2.190E-01  2.159E-01  2.128E-01  2.097E-01  2.066E-01  2.035E-01  2.005E-01  1.975E-01  1.945E-01  1.915E-01  1.885E-01  1.855E-01  1.826E-01  1.797E-01  1.768E-01  1.739E-01  1.710E-01  1.681E-01  1.653E-01  1.625E-01  1.597E-01  1.569E-01  1.541E-01  1.514E-01  1.487E-01  1.460E-01  1.433E-01  1.406E-01  1.380E-01  1.353E-01  1.327E-01  1.301E-01  1.276E-01  1.250E-01  1.225E-01  1.200E-01  1.175E-01  1.151E-01  1.126E-01  1.102E-01  1.078E-01  1.054E-01  1.031E-01  1.007E-01  9.843E-02  9.614E-02  9.388E-02  9.163E-02  8.940E-02  8.719E-02  8.500E-02  8.284E-02  8.070E-02  7.858E-02  7.647E-02  7.439E-02  7.233E-02  7.029E-02  6.828E-02
  378.5000  2.457E-01  2.423E-01  2.389E-01  2.355E-01  2.321E-01  2.287E-01  2.254E-01  2.221E-01  2.187E-01  2.154E-01  2.122E-01  2.089E-01  2.056E-01  2.024E-01  1.992E-01  1.960E-01  1.928E-01  1.897E-01  1.865E-01  1.834E-01  1.803E-01  1.772E-01  1.742E-01  1.712E-01  1.681E-01  1.651E-01  1.622E-01  1.592E-01  1.563E-01  1.534E-01  1.505E-01  1.476E-01  1.448E-01  1.419E-01  1.391E-01  1.364E-01  1.336E-01  1.309E-01  1.282E-01  1.255E-01  1.228E-01  1.202E-01  1.176E-01  1.150E-01  1.124E-01  1.099E-01  1.073E-01  1.048E-01  1.024E-01  9.992E-02  9.748E-02  9.508E-02  9.269E-02  9.033E-02  8.800E-02  8.568E-02  8.339E-02  8.112E-02  7.887E-02  7.664E-02  7.445E-02
  379.5000  1.820E-01  1.794E-01  1.769E-01  1.744E-01  1.719E-01  1.694E-01  1.669E-01  1.644E-01  1.620E-01  1.595E-01  1.571E-01  1.547E-01  1.523E-01  1.499E-01  1.475E-01  1.451E-01  1.428E-01  1.405E-01  1.381E-01  1.358E-01  1.335E-01  1.312E-01  1.290E-01  1.267E-01  1.245E-01  1.223E-01  1.201E-01  1.179E-01  1.157E-01  1.136E-01  1.114E-01  1.093E-01  1.072E-01  1.051E-01  1.030E-01  1.010E-01  9.892E-02  9.690E-02  9.489E-02  9.290E-02  9.093E-02  8.897E-02  8.703E-02  8.512E-02  8.321E-02  8.133E-02  7.946E-02  7.761E-02  7.578E-02  7.396E-02  7.216E-02  7.037E-02  6.861E-02  6.686E-02  6.513E-02  6.342E-02  6.172E-02  6.004E-02  5.838E-02  5.673E-02  5.510E-02
  380.5000  2.191E-01  2.160E-01  2.130E-01  2.100E-01  2.069E-01  2.039E-01  2.009E-01  1.980E-01  1.950E-01  1.921E-01  1.891E-01  1.862E-01  1.833E-01  1.804E-01  1.776E-01  1.747E-01  1.719E-01  1.691E-01  1.663E-01  1.635E-01  1.607E-01  1.580E-01  1.553E-01  1.525E-01  1.499E-01  1.472E-01  1.445E-01  1.419E-01  1.393E-01  1.367E-01  1.341E-01  1.315E-01  1.290E-01  1.265E-01  1.240E-01  1.215E-01  1.191E-01  1.166E-01  1.142E-01  1.118E-01  1.094E-01  1.071E-01  1.047E-01  1.024E-01  1.001E-01  9.787E-02  9.562E-02  9.339E-02  9.118E-02  8.899E-02  8.683E-02  8.468E-02  8.255E-02  8.045E-02  7.837E-02  7.631E-02  7.426E-02  7.224E-02  7.024E-02  6.826E-02  6.630E-02
  381.5000  2.061E-01  2.032E-01  2.003E-01  1.975E-01  1.947E-01  1.918E-01  1.890E-01  1.862E-01  1.834E-01  1.807E-01  1.779E-01  1.752E-01  1.724E-01  1.697E-01  1.670E-01  1.643E-01  1.617E-01  1.590E-01  1.564E-01  1.538E-01  1.512E-01  1.486E-01  1.460E-01  1.435E-01  1.409E-01  1.384E-01  1.359E-01  1.334E-01  1.310E-01  1.285E-01  1.261E-01  1.237E-01  1.213E-01  1.190E-01  1.166E-01  1.143E-01  1.120E-01  1.097E-01  1.074E-01  1.051E-01  1.029E-01  1.007E-01  9.849E-02  9.632E-02  9.416E-02  9.202E-02  8.990E-02  8.780E-02  8.573E-02  8.367E-02  8.163E-02  7.962E-02  7.762E-02  7.564E-02  7.368E-02  7.174E-02  6.982E-02  6.792E-02  6.603E-02  6.417E-02  6.233E-02
  382.5000  1.375E-01  1.355E-01  1.336E-01  1.317E-01  1.298E-01  1.279E-01  1.261E-01  1.242E-01  1.223E-01  1.205E-01  1.187E-01  1.168E-01  1.150E-01  1.132E-01  1.114E-01  1.096E-01  1.078E-01  1.061E-01  1.043E-01  1.026E-01  1.008E-01  9.910E-02  9.739E-02  9.568E-02  9.399E-02  9.231E-02  9.065E-02  8.900E-02  8.735E-02  8.572E-02  8.410E-02  8.250E-02  8.090E-02  7.932E-02  7.775E-02  7.620E-02  7.465E-02  7.313E-02  7.161E-02  7.010E-02  6.861E-02  6.713E-02  6.567E-02  6.422E-02  6.278E-02  6.135E-02  5.994E-02  5.854E-02  5.716E-02  5.579E-02  5.443E-02  5.308E-02  5.174E-02  5.042E-02  4.912E-02  4.783E-02  4.654E-02  4.528E-02  4.402E-02  4.278E-02  4.155E-02
  383.5000  1.208E-01  1.191E-01  1.175E-01  1.158E-01  1.141E-01  1.125E-01  1.108E-01  1.092E-01  1.075E-01  1.059E-01  1.043E-01  1.027E-01  1.011E-01  9.950E-02  9.791E-02  9.634E-02  9.478E-02  9.322E-02  9.168E-02  9.014E-02  8.862E-02  8.710E-02  8.559E-02  8.409E-02  8.261E-02  8.113E-02  7.967E-02  7.821E-02  7.677E-02  7.533E-02  7.391E-02  7.250E-02  7.110E-02  6.971E-02  6.833E-02  6.696E-02  6.560E-02  6.426E-02  6.292E-02  6.160E-02  6.029E-02  5.899E-02  5.770E-02  5.643E-02  5.516E-02  5.391E-02  5.266E-02  5.143E-02  5.022E-02  4.901E-02  4.782E-02  4.663E-02  4.546E-02  4.430E-02  4.315E-02  4.202E-02  4.089E-02  3.977E-02  3.867E-02  3.758E-02  3.650E-02
  384.5000  1.815E-01  1.790E-01  1.764E-01  1.739E-01  1.714E-01  1.689E-01  1.665E-01  1.640E-01  1.615E-01  1.591E-01  1.567E-01  1.543E-01  1.519E-01  1.495E-01  1.471E-01  1.447E-01  1.424E-01  1.400E-01  1.377E-01  1.354E-01  1.331E-01  1.308E-01  1.286E-01  1.263E-01  1.241E-01  1.219E-01  1.197E-01  1.175E-01  1.153E-01  1.131E-01  1.110E-01  1.089E-01  1.068E-01  1.047E-01  1.026E-01  1.006E-01  9.852E-02  9.650E-02  9.449E-02  9.251E-02  9.054E-02  8.858E-02  8.664E-02  8.473E-02  8.283E-02  8.095E-02  7.908E-02  7.723E-02  7.541E-02  7.359E-02  7.180E-02  7.002E-02  6.826E-02  6.651E-02  6.479E-02  6.308E-02  6.139E-02  5.972E-02  5.806E-02  5.642E-02  5.480E-02
  385.5000  1.798E-01  1.772E-01  1.747E-01  1.723E-01  1.698E-01  1.673E-01  1.649E-01  1.624E-01  1.600E-01  1.576E-01  1.552E-01  1.528E-01  1.504E-01  1.480E-01  1.457E-01  1.433E-01  1.410E-01  1.387E-01  1.364E-01  1.341E-01  1.318E-01  1.296E-01  1.273E-01  1.251E-01  1.229E-01  1.207E-01  1.185E-01  1.163E-01  1.142E-01  1.120E-01  1.099E-01  1.078E-01  1.057E-01  1.037E-01  1.016E-01  9.956E-02  9.754E-02  9.554E-02  9.356E-02  9.159E-02  8.963E-02  8.770E-02  8.578E-02  8.388E-02  8.200E-02  8.013E-02  7.829E-02  7.645E-02  7.465E-02  7.285E-02  7.107E-02  6.931E-02  6.757E-02  6.584E-02  6.414E-02  6.244E-02  6.077E-02  5.911E-02  5.747E-02  5.585E-02  5.424E-02
  386.5000  1.834E-01  1.809E-01  1.783E-01  1.758E-01  1.732E-01  1.707E-01  1.682E-01  1.657E-01  1.632E-01  1.608E-01  1.583E-01  1.559E-01  1.534E-01  1.510E-01  1.486E-01  1.462E-01  1.438E-01  1.415E-01  1.391E-01  1.368E-01  1.345E-01  1.322E-01  1.299E-01  1.276E-01  1.254E-01  1.231E-01  1.209E-01  1.187E-01  1.165E-01  1.143E-01  1.121E-01  1.100E-01  1.079E-01  1.057E-01  1.036E-01  1.016E-01  9.950E-02  9.746E-02  9.543E-02  9.342E-02  9.143E-02  8.945E-02  8.749E-02  8.556E-02  8.364E-02  8.173E-02  7.984E-02  7.798E-02  7.613E-02  7.430E-02  7.248E-02  7.069E-02  6.891E-02  6.714E-02  6.541E-02  6.368E-02  6.197E-02  6.028E-02  5.861E-02  5.695E-02  5.532E-02
  387.5000  1.706E-01  1.682E-01  1.659E-01  1.635E-01  1.612E-01  1.588E-01  1.565E-01  1.542E-01  1.519E-01  1.496E-01  1.473E-01  1.450E-01  1.427E-01  1.405E-01  1.382E-01  1.360E-01  1.338E-01  1.316E-01  1.294E-01  1.272E-01  1.251E-01  1.230E-01  1.208E-01  1.187E-01  1.166E-01  1.145E-01  1.124E-01  1.104E-01  1.083E-01  1.063E-01  1.043E-01  1.023E-01  1.003E-01  9.834E-02  9.639E-02  9.446E-02  9.254E-02  9.064E-02  8.875E-02  8.688E-02  8.502E-02  8.318E-02  8.136E-02  7.956E-02  7.777E-02  7.600E-02  7.425E-02  7.251E-02  7.079E-02  6.909E-02  6.740E-02  6.572E-02  6.407E-02  6.243E-02  6.081E-02  5.921E-02  5.762E-02  5.605E-02  5.449E-02  5.295E-02  5.143E-02
  388.5000  1.712E-01  1.688E-01  1.664E-01  1.641E-01  1.617E-01  1.593E-01  1.570E-01  1.547E-01  1.524E-01  1.501E-01  1.478E-01  1.455E-01  1.432E-01  1.409E-01  1.387E-01  1.365E-01  1.342E-01  1.320E-01  1.298E-01  1.277E-01  1.255E-01  1.233E-01  1.212E-01  1.191E-01  1.170E-01  1.149E-01  1.128E-01  1.107E-01  1.087E-01  1.066E-01  1.046E-01  1.026E-01  1.006E-01  9.865E-02  9.669E-02  9.474E-02  9.282E-02  9.091E-02  8.902E-02  8.714E-02  8.528E-02  8.343E-02  8.160E-02  7.980E-02  7.800E-02  7.622E-02  7.446E-02  7.272E-02  7.099E-02  6.928E-02  6.759E-02  6.591E-02  6.425E-02  6.261E-02  6.098E-02  5.937E-02  5.778E-02  5.620E-02  5.464E-02  5.309E-02  5.157E-02
  389.5000  2.161E-01  2.131E-01  2.101E-01  2.071E-01  2.041E-01  2.011E-01  1.982E-01  1.952E-01  1.923E-01  1.894E-01  1.865E-01  1.836E-01  1.808E-01  1.779E-01  1.751E-01  1.723E-01  1.695E-01  1.667E-01  1.639E-01  1.611E-01  1.584E-01  1.557E-01  1.530E-01  1.503E-01  1.476E-01  1.450E-01  1.424E-01  1.398E-01  1.372E-01  1.346E-01  1.320E-01  1.295E-01  1.270E-01  1.245E-01  1.220E-01  1.196E-01  1.171E-01  1.147E-01  1.123E-01  1.100E-01  1.076E-01  1.053E-01  1.030E-01  1.007E-01  9.842E-02  9.618E-02  9.395E-02  9.175E-02  8.958E-02  8.742E-02  8.528E-02  8.316E-02  8.106E-02  7.899E-02  7.694E-02  7.491E-02  7.289E-02  7.090E-02  6.893E-02  6.698E-02  6.506E-02
  390.5000  2.125E-01  2.095E-01  2.066E-01  2.036E-01  2.007E-01  1.978E-01  1.949E-01  1.920E-01  1.891E-01  1.862E-01  1.834E-01  1.806E-01  1.777E-01  1.749E-01  1.721E-01  1.694E-01  1.666E-01  1.639E-01  1.611E-01  1.584E-01  1.557E-01  1.531E-01  1.504E-01  1.478E-01  1.451E-01  1.425E-01  1.400E-01  1.374E-01  1.348E-01  1.323E-01  1.298E-01  1.273E-01  1.248E-01  1.224E-01  1.199E-01  1.175E-01  1.151E-01  1.128E-01  1.104E-01  1.081E-01  1.058E-01  1.035E-01  1.012E-01  9.897E-02  9.674E-02  9.453E-02  9.234E-02  9.018E-02  8.804E-02  8.591E-02  8.381E-02  8.173E-02  7.966E-02  7.762E-02  7.561E-02  7.361E-02  7.163E-02  6.968E-02  6.774E-02  6.582E-02  6.393E-02
  391.5000  2.524E-01  2.488E-01  2.453E-01  2.418E-01  2.383E-01  2.349E-01  2.314E-01  2.280E-01  2.246E-01  2.212E-01  2.178E-01  2.144E-01  2.111E-01  2.077E-01  2.044E-01  2.011E-01  1.979E-01  1.946E-01  1.914E-01  1.881E-01  1.849E-01  1.818E-01  1.786E-01  1.755E-01  1.724E-01  1.693E-01  1.662E-01  1.631E-01  1.601E-01  1.571E-01  1.541E-01  1.512E-01  1.482E-01  1.453E-01  1.424E-01  1.396E-01  1.367E-01  1.339E-01  1.311E-01  1.283E-01  1.256E-01  1.229E-01  1.202E-01  1.175E-01  1.148E-01  1.122E-01  1.096E-01  1.070E-01  1.045E-01  1.020E-01  9.949E-02  9.701E-02  9.457E-02  9.214E-02  8.975E-02  8.738E-02  8.503E-02  8.270E-02  8.040E-02  7.813E-02  7.588E-02
  392.5000  1.894E-01  1.868E-01  1.842E-01  1.815E-01  1.789E-01  1.763E-01  1.737E-01  1.711E-01  1.686E-01  1.660E-01  1.635E-01  1.610E-01  1.584E-01  1.559E-01  1.535E-01  1.510E-01  1.485E-01  1.461E-01  1.436E-01  1.412E-01  1.388E-01  1.364E-01  1.341E-01  1.317E-01  1.294E-01  1.270E-01  1.247E-01  1.225E-01  1.202E-01  1.179E-01  1.157E-01  1.135E-01  1.113E-01  1.091E-01  1.069E-01  1.047E-01  1.026E-01  1.005E-01  9.839E-02  9.630E-02  9.424E-02  9.220E-02  9.017E-02  8.817E-02  8.618E-02  8.421E-02  8.226E-02  8.033E-02  7.842E-02  7.652E-02  7.465E-02  7.279E-02  7.095E-02  6.913E-02  6.734E-02  6.556E-02  6.379E-02  6.205E-02  6.032E-02  5.861E-02  5.693E-02
  393.5000  8.245E-02  8.130E-02  8.015E-02  7.901E-02  7.787E-02  7.674E-02  7.561E-02  7.449E-02  7.337E-02  7.226E-02  7.115E-02  7.005E-02  6.896E-02  6.787E-02  6.678E-02  6.571E-02  6.464E-02  6.357E-02  6.251E-02  6.146E-02  6.042E-02  5.938E-02  5.834E-02  5.732E-02  5.630E-02  5.529E-02  5.428E-02  5.328E-02  5.229E-02  5.131E-02  5.033E-02  4.937E-02  4.841E-02  4.745E-02  4.651E-02  4.557E-02  4.464E-02  4.372E-02  4.281E-02  4.190E-02  4.100E-02  4.011E-02  3.923E-02  3.836E-02  3.749E-02  3.663E-02  3.578E-02  3.494E-02  3.411E-02  3.329E-02  3.247E-02  3.166E-02  3.086E-02  3.007E-02  2.929E-02  2.852E-02  2.775E-02  2.699E-02  2.624E-02  2.549E-02  2.476E-02
  394.5000  1.942E-01  1.915E-01  1.888E-01  1.861E-01  1.834E-01  1.808E-01  1.781E-01  1.755E-01  1.728E-01  1.702E-01  1.676E-01  1.650E-01  1.624E-01  1.599E-01  1.573E-01  1.548E-01  1.522E-01  1.497E-01  1.472E-01  1.448E-01  1.423E-01  1.399E-01  1.374E-01  1.350E-01  1.326E-01  1.302E-01  1.279E-01  1.255E-01  1.232E-01  1.208E-01  1.185E-01  1.163E-01  1.140E-01  1.118E-01  1.095E-01  1.073E-01  1.051E-01  1.030E-01  1.008E-01  9.867E-02  9.655E-02  9.445E-02  9.237E-02  9.032E-02  8.828E-02  8.626E-02  8.426E-02  8.228E-02  8.032E-02  7.838E-02  7.645E-02  7.455E-02  7.266E-02  7.080E-02  6.896E-02  6.713E-02  6.533E-02  6.354E-02  6.177E-02  6.002E-02  5.829E-02
  395.5000  2.501E-01  2.467E-01  2.432E-01  2.397E-01  2.363E-01  2.328E-01  2.294E-01  2.260E-01  2.226E-01  2.192E-01  2.159E-01  2.125E-01  2.092E-01  2.059E-01  2.026E-01  1.993E-01  1.961E-01  1.928E-01  1.896E-01  1.864E-01  1.833E-01  1.801E-01  1.770E-01  1.739E-01  1.708E-01  1.677E-01  1.646E-01  1.616E-01  1.586E-01  1.556E-01  1.527E-01  1.497E-01  1.468E-01  1.439E-01  1.410E-01  1.382E-01  1.354E-01  1.326E-01  1.298E-01  1.270E-01  1.243E-01  1.216E-01  1.189E-01  1.163E-01  1.137E-01  1.111E-01  1.085E-01  1.059E-01  1.034E-01  1.009E-01  9.842E-02  9.597E-02  9.354E-02  9.114E-02  8.877E-02  8.642E-02  8.409E-02  8.179E-02  7.951E-02  7.725E-02  7.503E-02
  396.5000  1.470E-01  1.450E-01  1.429E-01  1.409E-01  1.389E-01  1.368E-01  1.348E-01  1.328E-01  1.308E-01  1.289E-01  1.269E-01  1.249E-01  1.230E-01  1.210E-01  1.191E-01  1.172E-01  1.152E-01  1.133E-01  1.115E-01  1.096E-01  1.077E-01  1.059E-01  1.040E-01  1.022E-01  1.004E-01  9.855E-02  9.676E-02  9.498E-02  9.321E-02  9.146E-02  8.971E-02  8.799E-02  8.627E-02  8.457E-02  8.288E-02  8.120E-02  7.954E-02  7.790E-02  7.627E-02  7.465E-02  7.305E-02  7.146E-02  6.988E-02  6.833E-02  6.678E-02  6.525E-02  6.373E-02  6.223E-02  6.075E-02  5.928E-02  5.782E-02  5.638E-02  5.495E-02  5.354E-02  5.215E-02  5.077E-02  4.940E-02  4.805E-02  4.671E-02  4.538E-02  4.408E-02
  397.5000  1.698E-01  1.675E-01  1.651E-01  1.627E-01  1.604E-01  1.581E-01  1.557E-01  1.534E-01  1.511E-01  1.488E-01  1.466E-01  1.443E-01  1.420E-01  1.398E-01  1.375E-01  1.353E-01  1.331E-01  1.309E-01  1.287E-01  1.266E-01  1.244E-01  1.223E-01  1.201E-01  1.180E-01  1.159E-01  1.138E-01  1.118E-01  1.097E-01  1.077E-01  1.056E-01  1.036E-01  1.016E-01  9.963E-02  9.767E-02  9.571E-02  9.378E-02  9.186E-02  8.996E-02  8.807E-02  8.620E-02  8.435E-02  8.251E-02  8.069E-02  7.890E-02  7.711E-02  7.534E-02  7.359E-02  7.186E-02  7.014E-02  6.844E-02  6.676E-02  6.510E-02  6.345E-02  6.182E-02  6.021E-02  5.861E-02  5.703E-02  5.547E-02  5.392E-02  5.239E-02  5.088E-02
  398.5000  2.921E-01  2.880E-01  2.840E-01  2.799E-01  2.759E-01  2.719E-01  2.679E-01  2.639E-01  2.599E-01  2.560E-01  2.521E-01  2.482E-01  2.443E-01  2.404E-01  2.366E-01  2.328E-01  2.290E-01  2.252E-01  2.214E-01  2.177E-01  2.140E-01  2.103E-01  2.066E-01  2.030E-01  1.994E-01  1.958E-01  1.922E-01  1.887E-01  1.851E-01  1.816E-01  1.782E-01  1.748E-01  1.713E-01  1.680E-01  1.646E-01  1.613E-01  1.580E-01  1.547E-01  1.515E-01  1.482E-01  1.450E-01  1.419E-01  1.388E-01  1.357E-01  1.326E-01  1.295E-01  1.265E-01  1.235E-01  1.206E-01  1.177E-01  1.148E-01  1.119E-01  1.091E-01  1.063E-01  1.035E-01  1.008E-01  9.804E-02  9.535E-02  9.269E-02  9.006E-02  8.747E-02
  399.5000  3.042E-01  2.999E-01  2.957E-01  2.915E-01  2.873E-01  2.831E-01  2.789E-01  2.748E-01  2.706E-01  2.665E-01  2.624E-01  2.584E-01  2.543E-01  2.503E-01  2.463E-01  2.423E-01  2.384E-01  2.344E-01  2.305E-01  2.266E-01  2.228E-01  2.189E-01  2.151E-01  2.113E-01  2.075E-01  2.038E-01  2.001E-01  1.964E-01  1.927E-01  1.891E-01  1.855E-01  1.819E-01  1.784E-01  1.748E-01  1.713E-01  1.679E-01  1.644E-01  1.610E-01  1.576E-01  1.543E-01  1.510E-01  1.477E-01  1.444E-01  1.412E-01  1.380E-01  1.348E-01  1.317E-01  1.286E-01  1.255E-01  1.225E-01  1.194E-01  1.165E-01  1.135E-01  1.106E-01  1.077E-01  1.048E-01  1.020E-01  9.922E-02  9.645E-02  9.372E-02  9.102E-02
------------------------------------------------------------
Dose rates,W m-2
   1 = UV index (WMO, 1994; Webb et al., 2011)           
   2 = Previtamin-D3 (CIE 2006)                          
values at z =      0.025 km
Columns: time,sza,weighting spectra
time,hrs.  sza,deg.          1          2
   18.0000     70.589  8.627E-01  2.847E-02
   18.0167     70.796  8.442E-01  2.768E-02
   18.0333     71.003  8.260E-01  2.690E-02
   18.0500     71.209  8.081E-01  2.614E-02
   18.0667     71.416  7.904E-01  2.539E-02
   18.0833     71.623  7.730E-01  2.466E-02
   18.1000     71.829  7.559E-01  2.394E-02
   18.1167     72.036  7.390E-01  2.323E-02
   18.1333     72.242  7.223E-01  2.255E-02
   18.1500     72.448  7.060E-01  2.187E-02
   18.1667     72.654  6.899E-01  2.122E-02
   18.1833     72.860  6.740E-01  2.057E-02
   18.2000     73.067  6.583E-01  1.994E-02
   18.2167     73.273  6.430E-01  1.932E-02
   18.2333     73.479  6.278E-01  1.872E-02
   18.2500     73.684  6.130E-01  1.813E-02
   18.2667     73.890  5.983E-01  1.755E-02
   18.2833     74.095  5.839E-01  1.699E-02
   18.3000     74.301  5.697E-01  1.644E-02
   18.3167     74.506  5.558E-01  1.591E-02
   18.3333     74.711  5.421E-01  1.538E-02
   18.3500     74.916  5.287E-01  1.487E-02
   18.3667     75.122  5.154E-01  1.437E-02
   18.3833     75.327  5.024E-01  1.389E-02
   18.4000     75.532  4.896E-01  1.341E-02
   18.4167     75.737  4.770E-01  1.295E-02
   18.4333     75.941  4.647E-01  1.251E-02
   18.4500     76.146  4.526E-01  1.207E-02
   18.4667     76.350  4.407E-01  1.164E-02
   18.4833     76.555  4.290E-01  1.123E-02
   18.5000     76.759  4.175E-01  1.082E-02
   18.5167     76.963  4.063E-01  1.043E-02
   18.5333     77.167  3.952E-01  1.005E-02
   18.5500     77.371  3.844E-01  9.680E-03
   18.5667     77.575  3.737E-01  9.319E-03
   18.5833     77.779  3.633E-01  8.970E-03
   18.6000     77.983  3.530E-01  8.630E-03
   18.6167     78.186  3.430E-01  8.302E-03
   18.6333     78.390  3.332E-01  7.982E-03
   18.6500     78.593  3.235E-01  7.672E-03
   18.6667     78.796  3.140E-01  7.371E-03
   18.6833     79.000  3.047E-01  7.080E-03
   18.7000     79.203  2.956E-01  6.798E-03
   18.7167     79.405  2.867E-01  6.526E-03
   18.7333     79.608  2.780E-01  6.261E-03
   18.7500     79.811  2.694E-01  6.005E-03
   18.7667     80.013  2.611E-01  5.758E-03
   18.7833     80.216  2.528E-01  5.519E-03
   18.8000     80.418  2.448E-01  5.289E-03
   18.8167     80.620  2.370E-01  5.065E-03
   18.8333     80.822  2.293E-01  4.850E-03
   18.8500     81.024  2.217E-01  4.642E-03
   18.8667     81.226  2.143E-01  4.441E-03
   18.8833     81.428  2.071E-01  4.248E-03
   18.9000     81.629  2.001E-01  4.062E-03
   18.9167     81.830  1.932E-01  3.882E-03
   18.9333     82.032  1.865E-01  3.709E-03
   18.9500     82.233  1.799E-01  3.542E-03
   18.9667     82.434  1.734E-01  3.381E-03
   18.9833     82.635  1.671E-01  3.227E-03
   19.0000     82.835  1.610E-01  3.079E-03
------------------------------------------------------------
