Spectral Irradiance,W m-2 nm-1
values at z =      0.025 km
Columns: wavelength (nm),times (hrs.) or sza (deg.)
    wc,nm     18.000     18.017     18.033     18.050     18.067     18.083     18.100     18.117     18.133     18.150     18.167     18.183     18.200     18.217     18.233     18.250     18.267     18.283     18.300     18.317     18.333     18.350     18.367     18.383     18.400     18.417     18.433     18.450     18.467     18.483     18.500     18.517     18.533     18.550     18.567     18.583     18.600     18.617     18.633     18.650     18.667     18.683     18.700     18.717     18.733     18.750     18.767     18.783     18.800     18.817     18.833     18.850     18.867     18.883     18.900     18.917     18.933     18.950     18.967     18.983     19.000
    sza =      71.226     71.433     71.641     71.848     72.055     72.262     72.469     72.677     72.884     73.090     73.297     73.504     73.710     73.917     74.124     74.330     74.536     74.742     74.949     75.155     75.360     75.566     75.772     75.978     76.184     76.389     76.594     76.800     77.005     77.210     77.415     77.620     77.825     78.029     78.234     78.439     78.643     78.847     79.052     79.256     79.460     79.664     79.868     80.071     80.275     80.478     80.682     80.885     81.088     81.291     81.494     81.697     81.899     82.102     82.304     82.506     82.709     82.911     83.113     83.315     83.516
  280.5000  4.977E-27  4.899E-27  4.823E-27  4.749E-27  4.676E-27  4.605E-27  4.535E-27  4.467E-27  4.400E-27  4.335E-27  4.271E-27  4.208E-27  4.146E-27  4.085E-27  4.025E-27  3.967E-27  3.909E-27  3.852E-27  3.796E-27  3.741E-27  3.687E-27  3.634E-27  3.582E-27  3.530E-27  3.479E-27  3.429E-27  3.379E-27  3.330E-27  3.282E-27  3.234E-27  3.187E-27  3.141E-27  3.095E-27  3.049E-27  3.004E-27  2.960E-27  2.916E-27  2.872E-27  2.829E-27  2.786E-27  2.744E-27  2.702E-27  2.660E-27  2.619E-27  2.578E-27  2.537E-27  2.497E-27  2.456E-27  2.417E-27  2.377E-27  2.338E-27  2.298E-27  2.259E-27  2.221E-27  2.182E-27  2.143E-27  2.105E-27  2.067E-27  2.029E-27  1.991E-27  1.953E-27
  281.5000  1.365E-24  1.343E-24  1.322E-24  1.301E-24  1.281E-24  1.261E-24  1.241E-24  1.222E-24  1.204E-24  1.185E-24  1.168E-24  1.150E-24  1.133E-24  1.116E-24  1.099E-24  1.083E-24  1.067E-24  1.051E-24  1.036E-24  1.020E-24  1.005E-24  9.906E-25  9.761E-25  9.618E-25  9.477E-25  9.338E-25  9.201E-25  9.066E-25  8.933E-25  8.801E-25  8.671E-25  8.543E-25  8.416E-25  8.291E-25  8.167E-25  8.044E-25  7.923E-25  7.803E-25  7.685E-25  7.567E-25  7.451E-25  7.335E-25  7.221E-25  7.108E-25  6.996E-25  6.884E-25  6.773E-25  6.663E-25  6.555E-25  6.446E-25  6.338E-25  6.231E-25  6.125E-25  6.019E-25  5.914E-25  5.809E-25  5.704E-25  5.600E-25  5.496E-25  5.393E-25  5.290E-25
  282.5000  1.166E-22  1.147E-22  1.128E-22  1.110E-22  1.092E-22  1.075E-22  1.058E-22  1.041E-22  1.025E-22  1.009E-22  9.935E-23  9.782E-23  9.632E-23  9.486E-23  9.342E-23  9.201E-23  9.062E-23  8.926E-23  8.792E-23  8.661E-23  8.532E-23  8.404E-23  8.279E-23  8.155E-23  8.034E-23  7.914E-23  7.797E-23  7.681E-23  7.566E-23  7.453E-23  7.341E-23  7.231E-23  7.123E-23  7.015E-23  6.909E-23  6.804E-23  6.700E-23  6.598E-23  6.496E-23  6.396E-23  6.296E-23  6.198E-23  6.100E-23  6.004E-23  5.908E-23  5.813E-23  5.718E-23  5.625E-23  5.532E-23  5.440E-23  5.348E-23  5.257E-23  5.166E-23  5.076E-23  4.987E-23  4.898E-23  4.809E-23  4.721E-23  4.633E-23  4.545E-23  4.458E-23
  283.5000  1.893E-21  1.861E-21  1.830E-21  1.800E-21  1.771E-21  1.743E-21  1.715E-21  1.687E-21  1.661E-21  1.635E-21  1.609E-21  1.584E-21  1.559E-21  1.535E-21  1.512E-21  1.489E-21  1.466E-21  1.443E-21  1.422E-21  1.400E-21  1.379E-21  1.358E-21  1.338E-21  1.317E-21  1.298E-21  1.278E-21  1.259E-21  1.240E-21  1.221E-21  1.203E-21  1.184E-21  1.167E-21  1.149E-21  1.131E-21  1.114E-21  1.097E-21  1.080E-21  1.063E-21  1.047E-21  1.031E-21  1.014E-21  9.984E-22  9.826E-22  9.669E-22  9.514E-22  9.359E-22  9.206E-22  9.054E-22  8.904E-22  8.755E-22  8.606E-22  8.459E-22  8.312E-22  8.166E-22  8.022E-22  7.878E-22  7.734E-22  7.592E-22  7.449E-22  7.308E-22  7.167E-22
  284.5000  1.875E-19  1.843E-19  1.812E-19  1.781E-19  1.751E-19  1.722E-19  1.693E-19  1.665E-19  1.638E-19  1.612E-19  1.586E-19  1.560E-19  1.535E-19  1.511E-19  1.487E-19  1.463E-19  1.440E-19  1.418E-19  1.396E-19  1.374E-19  1.353E-19  1.332E-19  1.311E-19  1.291E-19  1.271E-19  1.251E-19  1.232E-19  1.213E-19  1.194E-19  1.176E-19  1.158E-19  1.140E-19  1.122E-19  1.104E-19  1.087E-19  1.070E-19  1.053E-19  1.037E-19  1.021E-19  1.004E-19  9.883E-20  9.724E-20  9.567E-20  9.412E-20  9.258E-20  9.106E-20  8.954E-20  8.804E-20  8.656E-20  8.509E-20  8.363E-20  8.217E-20  8.073E-20  7.930E-20  7.788E-20  7.646E-20  7.506E-20  7.366E-20  7.226E-20  7.087E-20  6.949E-20
  285.5000  3.541E-18  3.478E-18  3.416E-18  3.357E-18  3.299E-18  3.242E-18  3.187E-18  3.133E-18  3.080E-18  3.028E-18  2.978E-18  2.929E-18  2.881E-18  2.834E-18  2.788E-18  2.743E-18  2.698E-18  2.655E-18  2.612E-18  2.571E-18  2.530E-18  2.490E-18  2.450E-18  2.412E-18  2.373E-18  2.336E-18  2.299E-18  2.263E-18  2.227E-18  2.192E-18  2.158E-18  2.124E-18  2.090E-18  2.057E-18  2.024E-18  1.992E-18  1.960E-18  1.929E-18  1.898E-18  1.867E-18  1.837E-18  1.807E-18  1.777E-18  1.748E-18  1.719E-18  1.690E-18  1.662E-18  1.634E-18  1.606E-18  1.578E-18  1.551E-18  1.523E-18  1.496E-18  1.469E-18  1.443E-18  1.416E-18  1.390E-18  1.364E-18  1.338E-18  1.312E-18  1.286E-18
  286.5000  1.534E-16  1.506E-16  1.479E-16  1.452E-16  1.426E-16  1.401E-16  1.377E-16  1.353E-16  1.329E-16  1.307E-16  1.284E-16  1.263E-16  1.241E-16  1.221E-16  1.200E-16  1.180E-16  1.161E-16  1.142E-16  1.123E-16  1.105E-16  1.087E-16  1.069E-16  1.052E-16  1.035E-16  1.018E-16  1.002E-16  9.858E-17  9.699E-17  9.543E-17  9.390E-17  9.239E-17  9.091E-17  8.945E-17  8.800E-17  8.658E-17  8.518E-17  8.380E-17  8.244E-17  8.109E-17  7.976E-17  7.844E-17  7.715E-17  7.586E-17  7.460E-17  7.334E-17  7.210E-17  7.087E-17  6.965E-17  6.845E-17  6.725E-17  6.607E-17  6.489E-17  6.372E-17  6.257E-17  6.142E-17  6.028E-17  5.915E-17  5.802E-17  5.690E-17  5.579E-17  5.468E-17
  287.5000  3.760E-15  3.689E-15  3.619E-15  3.552E-15  3.487E-15  3.423E-15  3.361E-15  3.301E-15  3.242E-15  3.185E-15  3.129E-15  3.074E-15  3.021E-15  2.968E-15  2.917E-15  2.868E-15  2.819E-15  2.771E-15  2.724E-15  2.679E-15  2.634E-15  2.590E-15  2.547E-15  2.505E-15  2.463E-15  2.422E-15  2.383E-15  2.343E-15  2.305E-15  2.267E-15  2.229E-15  2.193E-15  2.157E-15  2.121E-15  2.086E-15  2.051E-15  2.017E-15  1.984E-15  1.951E-15  1.918E-15  1.886E-15  1.854E-15  1.823E-15  1.792E-15  1.761E-15  1.730E-15  1.700E-15  1.671E-15  1.641E-15  1.612E-15  1.583E-15  1.555E-15  1.526E-15  1.498E-15  1.470E-15  1.443E-15  1.415E-15  1.388E-15  1.361E-15  1.334E-15  1.307E-15
  288.5000  9.301E-14  9.117E-14  8.938E-14  8.765E-14  8.597E-14  8.433E-14  8.273E-14  8.118E-14  7.967E-14  7.820E-14  7.676E-14  7.536E-14  7.400E-14  7.267E-14  7.137E-14  7.010E-14  6.886E-14  6.765E-14  6.646E-14  6.530E-14  6.417E-14  6.306E-14  6.197E-14  6.091E-14  5.986E-14  5.884E-14  5.783E-14  5.685E-14  5.588E-14  5.493E-14  5.399E-14  5.308E-14  5.217E-14  5.128E-14  5.041E-14  4.955E-14  4.870E-14  4.787E-14  4.705E-14  4.624E-14  4.544E-14  4.465E-14  4.387E-14  4.311E-14  4.235E-14  4.160E-14  4.086E-14  4.013E-14  3.941E-14  3.869E-14  3.799E-14  3.728E-14  3.659E-14  3.590E-14  3.522E-14  3.455E-14  3.388E-14  3.321E-14  3.255E-14  3.189E-14  3.124E-14
  289.5000  1.616E-12  1.583E-12  1.551E-12  1.520E-12  1.489E-12  1.460E-12  1.431E-12  1.403E-12  1.376E-12  1.350E-12  1.324E-12  1.299E-12  1.275E-12  1.251E-12  1.228E-12  1.206E-12  1.184E-12  1.162E-12  1.141E-12  1.121E-12  1.101E-12  1.081E-12  1.062E-12  1.043E-12  1.024E-12  1.006E-12  9.886E-13  9.712E-13  9.542E-13  9.375E-13  9.211E-13  9.050E-13  8.892E-13  8.736E-13  8.583E-13  8.433E-13  8.285E-13  8.140E-13  7.997E-13  7.856E-13  7.717E-13  7.580E-13  7.445E-13  7.312E-13  7.180E-13  7.051E-13  6.923E-13  6.796E-13  6.672E-13  6.548E-13  6.426E-13  6.305E-13  6.185E-13  6.067E-13  5.950E-13  5.834E-13  5.719E-13  5.604E-13  5.491E-13  5.379E-13  5.268E-13
  290.5000  1.722E-11  1.685E-11  1.649E-11  1.615E-11  1.581E-11  1.549E-11  1.517E-11  1.487E-11  1.457E-11  1.428E-11  1.400E-11  1.373E-11  1.346E-11  1.320E-11  1.295E-11  1.270E-11  1.246E-11  1.223E-11  1.200E-11  1.178E-11  1.156E-11  1.135E-11  1.114E-11  1.094E-11  1.074E-11  1.054E-11  1.035E-11  1.016E-11  9.979E-12  9.799E-12  9.623E-12  9.450E-12  9.281E-12  9.114E-12  8.950E-12  8.789E-12  8.631E-12  8.476E-12  8.323E-12  8.172E-12  8.024E-12  7.878E-12  7.735E-12  7.594E-12  7.454E-12  7.316E-12  7.180E-12  7.046E-12  6.915E-12  6.784E-12  6.655E-12  6.527E-12  6.401E-12  6.276E-12  6.153E-12  6.031E-12  5.910E-12  5.790E-12  5.671E-12  5.553E-12  5.436E-12
  291.5000  1.674E-10  1.636E-10  1.599E-10  1.564E-10  1.529E-10  1.496E-10  1.464E-10  1.433E-10  1.403E-10  1.374E-10  1.346E-10  1.318E-10  1.291E-10  1.265E-10  1.240E-10  1.215E-10  1.191E-10  1.168E-10  1.145E-10  1.123E-10  1.101E-10  1.080E-10  1.059E-10  1.039E-10  1.020E-10  1.000E-10  9.814E-11  9.629E-11  9.448E-11  9.271E-11  9.097E-11  8.928E-11  8.761E-11  8.598E-11  8.437E-11  8.280E-11  8.125E-11  7.974E-11  7.825E-11  7.679E-11  7.535E-11  7.393E-11  7.254E-11  7.117E-11  6.982E-11  6.849E-11  6.718E-11  6.589E-11  6.462E-11  6.336E-11  6.212E-11  6.090E-11  5.969E-11  5.849E-11  5.731E-11  5.615E-11  5.499E-11  5.385E-11  5.272E-11  5.160E-11  5.049E-11
  292.5000  1.026E-09  1.001E-09  9.769E-10  9.540E-10  9.319E-10  9.106E-10  8.900E-10  8.701E-10  8.509E-10  8.323E-10  8.143E-10  7.968E-10  7.799E-10  7.634E-10  7.474E-10  7.319E-10  7.169E-10  7.022E-10  6.879E-10  6.739E-10  6.604E-10  6.472E-10  6.342E-10  6.216E-10  6.094E-10  5.973E-10  5.857E-10  5.742E-10  5.630E-10  5.520E-10  5.413E-10  5.308E-10  5.206E-10  5.105E-10  5.006E-10  4.910E-10  4.815E-10  4.722E-10  4.631E-10  4.541E-10  4.453E-10  4.366E-10  4.281E-10  4.198E-10  4.116E-10  4.035E-10  3.956E-10  3.877E-10  3.800E-10  3.724E-10  3.649E-10  3.575E-10  3.502E-10  3.430E-10  3.360E-10  3.289E-10  3.220E-10  3.152E-10  3.084E-10  3.017E-10  2.951E-10
  293.5000  7.299E-09  7.106E-09  6.922E-09  6.747E-09  6.578E-09  6.416E-09  6.261E-09  6.111E-09  5.967E-09  5.829E-09  5.695E-09  5.565E-09  5.440E-09  5.319E-09  5.201E-09  5.088E-09  4.977E-09  4.870E-09  4.766E-09  4.664E-09  4.566E-09  4.470E-09  4.377E-09  4.286E-09  4.197E-09  4.111E-09  4.027E-09  3.944E-09  3.864E-09  3.785E-09  3.709E-09  3.634E-09  3.561E-09  3.489E-09  3.419E-09  3.350E-09  3.282E-09  3.217E-09  3.152E-09  3.089E-09  3.026E-09  2.965E-09  2.905E-09  2.847E-09  2.789E-09  2.732E-09  2.676E-09  2.622E-09  2.568E-09  2.515E-09  2.462E-09  2.411E-09  2.360E-09  2.310E-09  2.261E-09  2.212E-09  2.164E-09  2.117E-09  2.070E-09  2.024E-09  1.978E-09
  294.5000  2.879E-08  2.796E-08  2.717E-08  2.642E-08  2.571E-08  2.502E-08  2.437E-08  2.375E-08  2.315E-08  2.257E-08  2.202E-08  2.149E-08  2.097E-08  2.048E-08  2.000E-08  1.954E-08  1.910E-08  1.866E-08  1.824E-08  1.784E-08  1.744E-08  1.706E-08  1.669E-08  1.633E-08  1.597E-08  1.563E-08  1.530E-08  1.497E-08  1.466E-08  1.435E-08  1.404E-08  1.375E-08  1.346E-08  1.318E-08  1.290E-08  1.263E-08  1.237E-08  1.211E-08  1.186E-08  1.161E-08  1.137E-08  1.113E-08  1.090E-08  1.067E-08  1.045E-08  1.023E-08  1.001E-08  9.803E-09  9.595E-09  9.390E-09  9.189E-09  8.990E-09  8.795E-09  8.603E-09  8.415E-09  8.229E-09  8.045E-09  7.864E-09  7.686E-09  7.509E-09  7.336E-09
  295.5000  1.631E-07  1.577E-07  1.527E-07  1.480E-07  1.435E-07  1.392E-07  1.351E-07  1.313E-07  1.276E-07  1.241E-07  1.208E-07  1.176E-07  1.145E-07  1.116E-07  1.088E-07  1.061E-07  1.035E-07  1.009E-07  9.851E-08  9.616E-08  9.390E-08  9.170E-08  8.958E-08  8.752E-08  8.552E-08  8.357E-08  8.169E-08  7.986E-08  7.807E-08  7.634E-08  7.464E-08  7.300E-08  7.139E-08  6.982E-08  6.829E-08  6.680E-08  6.534E-08  6.392E-08  6.252E-08  6.116E-08  5.983E-08  5.852E-08  5.724E-08  5.599E-08  5.477E-08  5.357E-08  5.239E-08  5.123E-08  5.010E-08  4.899E-08  4.789E-08  4.682E-08  4.576E-08  4.473E-08  4.371E-08  4.271E-08  4.172E-08  4.075E-08  3.979E-08  3.884E-08  3.792E-08
  296.5000  5.837E-07  5.621E-07  5.419E-07  5.229E-07  5.050E-07  4.881E-07  4.721E-07  4.570E-07  4.427E-07  4.292E-07  4.164E-07  4.042E-07  3.925E-07  3.814E-07  3.709E-07  3.608E-07  3.511E-07  3.418E-07  3.329E-07  3.243E-07  3.161E-07  3.082E-07  3.006E-07  2.932E-07  2.860E-07  2.791E-07  2.725E-07  2.660E-07  2.597E-07  2.536E-07  2.477E-07  2.419E-07  2.363E-07  2.309E-07  2.255E-07  2.204E-07  2.153E-07  2.104E-07  2.056E-07  2.009E-07  1.963E-07  1.919E-07  1.875E-07  1.832E-07  1.790E-07  1.749E-07  1.709E-07  1.670E-07  1.631E-07  1.594E-07  1.557E-07  1.520E-07  1.485E-07  1.450E-07  1.416E-07  1.382E-07  1.349E-07  1.316E-07  1.284E-07  1.252E-07  1.222E-07
  297.5000  2.198E-06  2.107E-06  2.022E-06  1.943E-06  1.868E-06  1.798E-06  1.732E-06  1.669E-06  1.611E-06  1.555E-06  1.503E-06  1.454E-06  1.407E-06  1.362E-06  1.320E-06  1.280E-06  1.242E-06  1.206E-06  1.171E-06  1.138E-06  1.107E-06  1.076E-06  1.047E-06  1.019E-06  9.926E-07  9.668E-07  9.420E-07  9.180E-07  8.948E-07  8.723E-07  8.506E-07  8.297E-07  8.093E-07  7.895E-07  7.704E-07  7.517E-07  7.336E-07  7.160E-07  6.988E-07  6.820E-07  6.657E-07  6.498E-07  6.343E-07  6.192E-07  6.044E-07  5.899E-07  5.757E-07  5.619E-07  5.484E-07  5.352E-07  5.222E-07  5.095E-07  4.971E-07  4.849E-07  4.730E-07  4.612E-07  4.497E-07  4.384E-07  4.273E-07  4.164E-07  4.058E-07
  298.5000  4.830E-06  4.615E-06  4.414E-06  4.224E-06  4.046E-06  3.879E-06  3.721E-06  3.573E-06  3.434E-06  3.303E-06  3.179E-06  3.062E-06  2.952E-06  2.848E-06  2.750E-06  2.657E-06  2.569E-06  2.486E-06  2.407E-06  2.331E-06  2.260E-06  2.192E-06  2.127E-06  2.065E-06  2.005E-06  1.949E-06  1.894E-06  1.842E-06  1.792E-06  1.743E-06  1.697E-06  1.652E-06  1.609E-06  1.567E-06  1.526E-06  1.487E-06  1.449E-06  1.413E-06  1.377E-06  1.342E-06  1.308E-06  1.275E-06  1.243E-06  1.212E-06  1.182E-06  1.152E-06  1.123E-06  1.095E-06  1.068E-06  1.041E-06  1.015E-06  9.888E-07  9.637E-07  9.391E-07  9.150E-07  8.914E-07  8.683E-07  8.456E-07  8.234E-07  8.016E-07  7.802E-07
  299.5000  2.003E-05  1.909E-05  1.820E-05  1.737E-05  1.658E-05  1.584E-05  1.515E-05  1.449E-05  1.387E-05  1.329E-05  1.274E-05  1.222E-05  1.173E-05  1.127E-05  1.084E-05  1.043E-05  1.004E-05  9.676E-06  9.330E-06  9.003E-06  8.694E-06  8.400E-06  8.121E-06  7.856E-06  7.604E-06  7.364E-06  7.136E-06  6.918E-06  6.710E-06  6.511E-06  6.320E-06  6.138E-06  5.963E-06  5.794E-06  5.632E-06  5.475E-06  5.325E-06  5.180E-06  5.039E-06  4.903E-06  4.772E-06  4.644E-06  4.520E-06  4.401E-06  4.284E-06  4.171E-06  4.060E-06  3.953E-06  3.849E-06  3.747E-06  3.647E-06  3.550E-06  3.455E-06  3.363E-06  3.273E-06  3.184E-06  3.098E-06  3.013E-06  2.930E-06  2.849E-06  2.770E-06
  300.5000  3.111E-05  2.963E-05  2.822E-05  2.689E-05  2.564E-05  2.445E-05  2.332E-05  2.226E-05  2.126E-05  2.032E-05  1.943E-05  1.858E-05  1.779E-05  1.704E-05  1.633E-05  1.566E-05  1.503E-05  1.443E-05  1.387E-05  1.334E-05  1.283E-05  1.236E-05  1.191E-05  1.148E-05  1.107E-05  1.069E-05  1.033E-05  9.981E-06  9.651E-06  9.338E-06  9.039E-06  8.755E-06  8.483E-06  8.222E-06  7.973E-06  7.734E-06  7.505E-06  7.285E-06  7.074E-06  6.870E-06  6.673E-06  6.483E-06  6.300E-06  6.123E-06  5.952E-06  5.785E-06  5.624E-06  5.468E-06  5.316E-06  5.168E-06  5.025E-06  4.885E-06  4.748E-06  4.616E-06  4.487E-06  4.360E-06  4.237E-06  4.116E-06  3.999E-06  3.884E-06  3.772E-06
  301.5000  1.103E-04  1.051E-04  1.001E-04  9.541E-05  9.091E-05  8.664E-05  8.258E-05  7.873E-05  7.507E-05  7.162E-05  6.833E-05  6.522E-05  6.228E-05  5.948E-05  5.684E-05  5.435E-05  5.199E-05  4.975E-05  4.763E-05  4.563E-05  4.374E-05  4.195E-05  4.026E-05  3.865E-05  3.714E-05  3.570E-05  3.434E-05  3.305E-05  3.183E-05  3.067E-05  2.957E-05  2.853E-05  2.754E-05  2.660E-05  2.570E-05  2.484E-05  2.402E-05  2.324E-05  2.250E-05  2.178E-05  2.110E-05  2.044E-05  1.981E-05  1.920E-05  1.862E-05  1.806E-05  1.751E-05  1.699E-05  1.649E-05  1.599E-05  1.552E-05  1.506E-05  1.461E-05  1.418E-05  1.376E-05  1.335E-05  1.295E-05  1.256E-05  1.218E-05  1.181E-05  1.145E-05
  302.5000  2.044E-04  1.949E-04  1.858E-04  1.772E-04  1.690E-04  1.611E-04  1.536E-04  1.465E-04  1.397E-04  1.332E-04  1.270E-04  1.212E-04  1.156E-04  1.103E-04  1.053E-04  1.005E-04  9.602E-05  9.173E-05  8.766E-05  8.381E-05  8.017E-05  7.671E-05  7.343E-05  7.032E-05  6.738E-05  6.460E-05  6.197E-05  5.947E-05  5.710E-05  5.486E-05  5.274E-05  5.073E-05  4.882E-05  4.700E-05  4.528E-05  4.364E-05  4.208E-05  4.061E-05  3.919E-05  3.785E-05  3.657E-05  3.534E-05  3.417E-05  3.305E-05  3.197E-05  3.094E-05  2.995E-05  2.899E-05  2.808E-05  2.719E-05  2.634E-05  2.551E-05  2.472E-05  2.395E-05  2.320E-05  2.248E-05  2.177E-05  2.109E-05  2.043E-05  1.978E-05  1.916E-05
  303.5000  5.674E-04  5.423E-04  5.182E-04  4.952E-04  4.730E-04  4.518E-04  4.314E-04  4.118E-04  3.932E-04  3.753E-04  3.582E-04  3.418E-04  3.262E-04  3.113E-04  2.971E-04  2.835E-04  2.706E-04  2.583E-04  2.465E-04  2.354E-04  2.248E-04  2.147E-04  2.051E-04  1.959E-04  1.873E-04  1.790E-04  1.713E-04  1.638E-04  1.568E-04  1.501E-04  1.438E-04  1.378E-04  1.321E-04  1.268E-04  1.216E-04  1.168E-04  1.122E-04  1.078E-04  1.037E-04  9.970E-05  9.595E-05  9.238E-05  8.898E-05  8.576E-05  8.267E-05  7.972E-05  7.691E-05  7.422E-05  7.166E-05  6.919E-05  6.682E-05  6.455E-05  6.237E-05  6.026E-05  5.825E-05  5.629E-05  5.441E-05  5.258E-05  5.082E-05  4.911E-05  4.747E-05
  304.5000  8.275E-04  7.924E-04  7.585E-04  7.259E-04  6.945E-04  6.643E-04  6.352E-04  6.072E-04  5.804E-04  5.547E-04  5.299E-04  5.062E-04  4.834E-04  4.617E-04  4.408E-04  4.209E-04  4.018E-04  3.836E-04  3.661E-04  3.495E-04  3.337E-04  3.185E-04  3.041E-04  2.904E-04  2.773E-04  2.648E-04  2.530E-04  2.417E-04  2.310E-04  2.209E-04  2.112E-04  2.020E-04  1.933E-04  1.850E-04  1.772E-04  1.697E-04  1.627E-04  1.560E-04  1.496E-04  1.435E-04  1.378E-04  1.323E-04  1.271E-04  1.222E-04  1.175E-04  1.131E-04  1.088E-04  1.048E-04  1.009E-04  9.722E-05  9.369E-05  9.031E-05  8.708E-05  8.398E-05  8.101E-05  7.815E-05  7.540E-05  7.275E-05  7.019E-05  6.773E-05  6.535E-05
  305.5000  1.699E-03  1.632E-03  1.567E-03  1.505E-03  1.444E-03  1.386E-03  1.329E-03  1.274E-03  1.221E-03  1.170E-03  1.120E-03  1.073E-03  1.027E-03  9.827E-04  9.401E-04  8.993E-04  8.599E-04  8.220E-04  7.856E-04  7.507E-04  7.173E-04  6.852E-04  6.544E-04  6.249E-04  5.967E-04  5.697E-04  5.440E-04  5.193E-04  4.958E-04  4.733E-04  4.519E-04  4.315E-04  4.120E-04  3.935E-04  3.758E-04  3.590E-04  3.430E-04  3.279E-04  3.134E-04  2.997E-04  2.866E-04  2.742E-04  2.625E-04  2.513E-04  2.407E-04  2.306E-04  2.210E-04  2.119E-04  2.032E-04  1.949E-04  1.871E-04  1.796E-04  1.725E-04  1.657E-04  1.592E-04  1.530E-04  1.471E-04  1.414E-04  1.360E-04  1.308E-04  1.258E-04
  306.5000  2.149E-03  2.068E-03  1.989E-03  1.912E-03  1.838E-03  1.766E-03  1.696E-03  1.629E-03  1.563E-03  1.500E-03  1.438E-03  1.379E-03  1.322E-03  1.266E-03  1.213E-03  1.161E-03  1.112E-03  1.064E-03  1.018E-03  9.733E-04  9.307E-04  8.897E-04  8.502E-04  8.123E-04  7.760E-04  7.411E-04  7.078E-04  6.758E-04  6.452E-04  6.159E-04  5.879E-04  5.612E-04  5.356E-04  5.112E-04  4.880E-04  4.658E-04  4.446E-04  4.246E-04  4.054E-04  3.871E-04  3.698E-04  3.533E-04  3.376E-04  3.227E-04  3.085E-04  2.950E-04  2.822E-04  2.701E-04  2.586E-04  2.476E-04  2.371E-04  2.272E-04  2.177E-04  2.087E-04  2.002E-04  1.920E-04  1.842E-04  1.768E-04  1.697E-04  1.629E-04  1.564E-04
  307.5000  4.515E-03  4.359E-03  4.208E-03  4.060E-03  3.916E-03  3.775E-03  3.638E-03  3.505E-03  3.375E-03  3.249E-03  3.126E-03  3.007E-03  2.891E-03  2.778E-03  2.669E-03  2.564E-03  2.461E-03  2.362E-03  2.265E-03  2.172E-03  2.082E-03  1.995E-03  1.911E-03  1.830E-03  1.751E-03  1.675E-03  1.603E-03  1.533E-03  1.465E-03  1.400E-03  1.337E-03  1.277E-03  1.220E-03  1.164E-03  1.111E-03  1.060E-03  1.012E-03  9.652E-04  9.206E-04  8.780E-04  8.372E-04  7.984E-04  7.613E-04  7.260E-04  6.923E-04  6.601E-04  6.296E-04  6.004E-04  5.728E-04  5.464E-04  5.214E-04  4.975E-04  4.749E-04  4.533E-04  4.329E-04  4.135E-04  3.950E-04  3.773E-04  3.606E-04  3.446E-04  3.295E-04
  308.5000  5.843E-03  5.650E-03  5.460E-03  5.276E-03  5.096E-03  4.920E-03  4.748E-03  4.580E-03  4.416E-03  4.258E-03  4.102E-03  3.951E-03  3.804E-03  3.661E-03  3.522E-03  3.387E-03  3.256E-03  3.128E-03  3.004E-03  2.884E-03  2.768E-03  2.655E-03  2.546E-03  2.441E-03  2.338E-03  2.240E-03  2.144E-03  2.052E-03  1.963E-03  1.878E-03  1.795E-03  1.716E-03  1.639E-03  1.566E-03  1.495E-03  1.427E-03  1.362E-03  1.299E-03  1.239E-03  1.182E-03  1.127E-03  1.074E-03  1.024E-03  9.761E-04  9.302E-04  8.864E-04  8.446E-04  8.048E-04  7.670E-04  7.308E-04  6.964E-04  6.637E-04  6.326E-04  6.030E-04  5.750E-04  5.482E-04  5.228E-04  4.986E-04  4.756E-04  4.538E-04  4.330E-04
  309.5000  6.635E-03  6.432E-03  6.233E-03  6.038E-03  5.847E-03  5.660E-03  5.477E-03  5.297E-03  5.122E-03  4.951E-03  4.783E-03  4.619E-03  4.459E-03  4.303E-03  4.150E-03  4.002E-03  3.857E-03  3.715E-03  3.577E-03  3.443E-03  3.313E-03  3.186E-03  3.063E-03  2.943E-03  2.826E-03  2.713E-03  2.604E-03  2.497E-03  2.394E-03  2.294E-03  2.197E-03  2.104E-03  2.014E-03  1.927E-03  1.842E-03  1.761E-03  1.682E-03  1.607E-03  1.534E-03  1.464E-03  1.397E-03  1.332E-03  1.270E-03  1.211E-03  1.153E-03  1.099E-03  1.046E-03  9.960E-04  9.482E-04  9.023E-04  8.586E-04  8.168E-04  7.770E-04  7.390E-04  7.030E-04  6.686E-04  6.358E-04  6.046E-04  5.750E-04  5.468E-04  5.201E-04
  310.5000  1.084E-02  1.053E-02  1.022E-02  9.925E-03  9.630E-03  9.340E-03  9.056E-03  8.777E-03  8.503E-03  8.236E-03  7.973E-03  7.716E-03  7.464E-03  7.217E-03  6.976E-03  6.741E-03  6.510E-03  6.284E-03  6.064E-03  5.849E-03  5.639E-03  5.435E-03  5.235E-03  5.040E-03  4.850E-03  4.665E-03  4.486E-03  4.311E-03  4.141E-03  3.976E-03  3.815E-03  3.660E-03  3.509E-03  3.362E-03  3.221E-03  3.083E-03  2.950E-03  2.822E-03  2.698E-03  2.578E-03  2.462E-03  2.350E-03  2.242E-03  2.139E-03  2.039E-03  1.944E-03  1.851E-03  1.763E-03  1.678E-03  1.597E-03  1.519E-03  1.445E-03  1.373E-03  1.305E-03  1.240E-03  1.178E-03  1.119E-03  1.062E-03  1.008E-03  9.572E-04  9.086E-04
  311.5000  1.574E-02  1.531E-02  1.488E-02  1.446E-02  1.405E-02  1.365E-02  1.325E-02  1.286E-02  1.248E-02  1.210E-02  1.173E-02  1.137E-02  1.101E-02  1.067E-02  1.032E-02  9.989E-03  9.661E-03  9.340E-03  9.026E-03  8.718E-03  8.418E-03  8.124E-03  7.837E-03  7.557E-03  7.283E-03  7.015E-03  6.756E-03  6.502E-03  6.254E-03  6.013E-03  5.778E-03  5.551E-03  5.329E-03  5.113E-03  4.903E-03  4.700E-03  4.503E-03  4.312E-03  4.127E-03  3.948E-03  3.774E-03  3.606E-03  3.444E-03  3.288E-03  3.137E-03  2.992E-03  2.852E-03  2.717E-03  2.587E-03  2.463E-03  2.343E-03  2.228E-03  2.118E-03  2.012E-03  1.912E-03  1.815E-03  1.723E-03  1.635E-03  1.551E-03  1.470E-03  1.394E-03
  312.5000  1.907E-02  1.860E-02  1.812E-02  1.766E-02  1.720E-02  1.675E-02  1.630E-02  1.586E-02  1.543E-02  1.501E-02  1.459E-02  1.417E-02  1.377E-02  1.337E-02  1.298E-02  1.259E-02  1.221E-02  1.184E-02  1.148E-02  1.112E-02  1.077E-02  1.042E-02  1.008E-02  9.750E-03  9.425E-03  9.106E-03  8.795E-03  8.490E-03  8.191E-03  7.899E-03  7.613E-03  7.335E-03  7.063E-03  6.797E-03  6.538E-03  6.285E-03  6.038E-03  5.799E-03  5.565E-03  5.338E-03  5.117E-03  4.902E-03  4.694E-03  4.492E-03  4.296E-03  4.106E-03  3.922E-03  3.743E-03  3.572E-03  3.405E-03  3.244E-03  3.089E-03  2.940E-03  2.796E-03  2.658E-03  2.525E-03  2.397E-03  2.275E-03  2.157E-03  2.044E-03  1.937E-03
  313.5000  2.278E-02  2.222E-02  2.166E-02  2.112E-02  2.058E-02  2.005E-02  1.953E-02  1.902E-02  1.851E-02  1.801E-02  1.752E-02  1.704E-02  1.656E-02  1.609E-02  1.563E-02  1.517E-02  1.473E-02  1.429E-02  1.386E-02  1.343E-02  1.302E-02  1.261E-02  1.221E-02  1.181E-02  1.143E-02  1.105E-02  1.068E-02  1.031E-02  9.959E-03  9.611E-03  9.270E-03  8.938E-03  8.612E-03  8.294E-03  7.984E-03  7.680E-03  7.384E-03  7.097E-03  6.816E-03  6.542E-03  6.276E-03  6.016E-03  5.764E-03  5.520E-03  5.283E-03  5.052E-03  4.828E-03  4.612E-03  4.403E-03  4.200E-03  4.003E-03  3.814E-03  3.631E-03  3.455E-03  3.285E-03  3.122E-03  2.965E-03  2.814E-03  2.668E-03  2.529E-03  2.396E-03
  314.5000  2.742E-02  2.681E-02  2.620E-02  2.560E-02  2.500E-02  2.442E-02  2.384E-02  2.326E-02  2.270E-02  2.214E-02  2.159E-02  2.104E-02  2.050E-02  1.997E-02  1.945E-02  1.893E-02  1.842E-02  1.792E-02  1.743E-02  1.694E-02  1.646E-02  1.599E-02  1.552E-02  1.507E-02  1.462E-02  1.417E-02  1.374E-02  1.331E-02  1.289E-02  1.248E-02  1.207E-02  1.167E-02  1.128E-02  1.090E-02  1.052E-02  1.016E-02  9.795E-03  9.443E-03  9.098E-03  8.760E-03  8.429E-03  8.106E-03  7.791E-03  7.484E-03  7.184E-03  6.891E-03  6.605E-03  6.327E-03  6.058E-03  5.795E-03  5.539E-03  5.291E-03  5.050E-03  4.816E-03  4.591E-03  4.371E-03  4.159E-03  3.955E-03  3.757E-03  3.566E-03  3.383E-03
  315.5000  2.922E-02  2.857E-02  2.793E-02  2.730E-02  2.668E-02  2.606E-02  2.545E-02  2.485E-02  2.425E-02  2.366E-02  2.308E-02  2.251E-02  2.194E-02  2.138E-02  2.083E-02  2.028E-02  1.975E-02  1.922E-02  1.869E-02  1.818E-02  1.767E-02  1.717E-02  1.668E-02  1.620E-02  1.572E-02  1.525E-02  1.479E-02  1.434E-02  1.389E-02  1.345E-02  1.302E-02  1.260E-02  1.218E-02  1.177E-02  1.137E-02  1.098E-02  1.060E-02  1.022E-02  9.853E-03  9.492E-03  9.139E-03  8.794E-03  8.456E-03  8.127E-03  7.805E-03  7.491E-03  7.184E-03  6.886E-03  6.596E-03  6.312E-03  6.037E-03  5.769E-03  5.509E-03  5.257E-03  5.013E-03  4.776E-03  4.547E-03  4.325E-03  4.110E-03  3.903E-03  3.704E-03
  316.5000  3.363E-02  3.294E-02  3.226E-02  3.159E-02  3.092E-02  3.026E-02  2.960E-02  2.896E-02  2.831E-02  2.768E-02  2.705E-02  2.643E-02  2.582E-02  2.521E-02  2.461E-02  2.402E-02  2.344E-02  2.286E-02  2.228E-02  2.172E-02  2.116E-02  2.061E-02  2.007E-02  1.953E-02  1.900E-02  1.848E-02  1.796E-02  1.746E-02  1.696E-02  1.646E-02  1.598E-02  1.550E-02  1.503E-02  1.456E-02  1.411E-02  1.366E-02  1.322E-02  1.278E-02  1.236E-02  1.194E-02  1.153E-02  1.113E-02  1.073E-02  1.034E-02  9.963E-03  9.591E-03  9.226E-03  8.869E-03  8.521E-03  8.180E-03  7.846E-03  7.521E-03  7.203E-03  6.893E-03  6.593E-03  6.299E-03  6.013E-03  5.735E-03  5.465E-03  5.203E-03  4.949E-03
  317.5000  4.762E-02  4.665E-02  4.568E-02  4.473E-02  4.379E-02  4.285E-02  4.192E-02  4.100E-02  4.010E-02  3.920E-02  3.831E-02  3.743E-02  3.656E-02  3.570E-02  3.485E-02  3.401E-02  3.318E-02  3.236E-02  3.155E-02  3.075E-02  2.996E-02  2.918E-02  2.841E-02  2.765E-02  2.690E-02  2.616E-02  2.543E-02  2.471E-02  2.400E-02  2.330E-02  2.261E-02  2.194E-02  2.127E-02  2.061E-02  1.997E-02  1.933E-02  1.870E-02  1.809E-02  1.749E-02  1.690E-02  1.631E-02  1.574E-02  1.518E-02  1.463E-02  1.410E-02  1.357E-02  1.305E-02  1.255E-02  1.205E-02  1.157E-02  1.110E-02  1.064E-02  1.019E-02  9.750E-03  9.324E-03  8.908E-03  8.503E-03  8.110E-03  7.728E-03  7.357E-03  6.998E-03
  318.5000  4.277E-02  4.196E-02  4.116E-02  4.037E-02  3.959E-02  3.880E-02  3.803E-02  3.726E-02  3.650E-02  3.575E-02  3.500E-02  3.427E-02  3.353E-02  3.281E-02  3.209E-02  3.138E-02  3.067E-02  2.998E-02  2.929E-02  2.860E-02  2.793E-02  2.726E-02  2.660E-02  2.595E-02  2.530E-02  2.466E-02  2.403E-02  2.341E-02  2.279E-02  2.219E-02  2.158E-02  2.099E-02  2.041E-02  1.983E-02  1.926E-02  1.870E-02  1.814E-02  1.760E-02  1.706E-02  1.653E-02  1.601E-02  1.549E-02  1.499E-02  1.449E-02  1.400E-02  1.352E-02  1.305E-02  1.258E-02  1.213E-02  1.168E-02  1.124E-02  1.081E-02  1.039E-02  9.974E-03  9.570E-03  9.175E-03  8.787E-03  8.409E-03  8.040E-03  7.680E-03  7.329E-03
  319.5000  5.356E-02  5.256E-02  5.157E-02  5.060E-02  4.962E-02  4.866E-02  4.771E-02  4.676E-02  4.582E-02  4.489E-02  4.397E-02  4.305E-02  4.215E-02  4.125E-02  4.036E-02  3.948E-02  3.861E-02  3.775E-02  3.689E-02  3.605E-02  3.521E-02  3.438E-02  3.356E-02  3.275E-02  3.195E-02  3.116E-02  3.038E-02  2.960E-02  2.883E-02  2.808E-02  2.733E-02  2.659E-02  2.587E-02  2.515E-02  2.444E-02  2.373E-02  2.304E-02  2.236E-02  2.169E-02  2.103E-02  2.038E-02  1.973E-02  1.910E-02  1.848E-02  1.786E-02  1.726E-02  1.667E-02  1.608E-02  1.551E-02  1.495E-02  1.440E-02  1.385E-02  1.332E-02  1.280E-02  1.229E-02  1.179E-02  1.130E-02  1.082E-02  1.035E-02  9.897E-03  9.452E-03
  320.5000  6.723E-02  6.600E-02  6.478E-02  6.358E-02  6.238E-02  6.120E-02  6.002E-02  5.885E-02  5.769E-02  5.654E-02  5.540E-02  5.427E-02  5.316E-02  5.205E-02  5.095E-02  4.986E-02  4.878E-02  4.771E-02  4.665E-02  4.561E-02  4.457E-02  4.355E-02  4.253E-02  4.152E-02  4.053E-02  3.954E-02  3.857E-02  3.761E-02  3.666E-02  3.572E-02  3.478E-02  3.387E-02  3.296E-02  3.206E-02  3.118E-02  3.030E-02  2.944E-02  2.859E-02  2.775E-02  2.692E-02  2.610E-02  2.530E-02  2.450E-02  2.372E-02  2.295E-02  2.219E-02  2.144E-02  2.071E-02  1.999E-02  1.928E-02  1.858E-02  1.790E-02  1.722E-02  1.656E-02  1.592E-02  1.528E-02  1.466E-02  1.405E-02  1.346E-02  1.287E-02  1.231E-02
  321.5000  6.439E-02  6.331E-02  6.224E-02  6.117E-02  6.012E-02  5.906E-02  5.802E-02  5.698E-02  5.595E-02  5.494E-02  5.392E-02  5.291E-02  5.192E-02  5.092E-02  4.994E-02  4.897E-02  4.800E-02  4.704E-02  4.609E-02  4.514E-02  4.421E-02  4.328E-02  4.236E-02  4.145E-02  4.054E-02  3.965E-02  3.876E-02  3.788E-02  3.701E-02  3.615E-02  3.529E-02  3.445E-02  3.361E-02  3.278E-02  3.196E-02  3.115E-02  3.035E-02  2.955E-02  2.877E-02  2.799E-02  2.722E-02  2.646E-02  2.571E-02  2.497E-02  2.424E-02  2.351E-02  2.280E-02  2.209E-02  2.140E-02  2.071E-02  2.004E-02  1.937E-02  1.871E-02  1.806E-02  1.743E-02  1.680E-02  1.618E-02  1.557E-02  1.497E-02  1.439E-02  1.381E-02
  322.5000  5.919E-02  5.813E-02  5.707E-02  5.603E-02  5.499E-02  5.396E-02  5.294E-02  5.193E-02  5.092E-02  4.993E-02  4.894E-02  4.796E-02  4.699E-02  4.603E-02  4.507E-02  4.413E-02  4.319E-02  4.226E-02  4.134E-02  4.043E-02  3.953E-02  3.864E-02  3.775E-02  3.687E-02  3.601E-02  3.515E-02  3.430E-02  3.346E-02  3.263E-02  3.181E-02  3.100E-02  3.020E-02  2.940E-02  2.862E-02  2.784E-02  2.707E-02  2.632E-02  2.557E-02  2.484E-02  2.411E-02  2.339E-02  2.268E-02  2.198E-02  2.130E-02  2.062E-02  1.995E-02  1.929E-02  1.865E-02  1.801E-02  1.738E-02  1.677E-02  1.616E-02  1.556E-02  1.498E-02  1.441E-02  1.384E-02  1.329E-02  1.275E-02  1.222E-02  1.170E-02  1.119E-02
  323.5000  7.053E-02  6.939E-02  6.826E-02  6.714E-02  6.602E-02  6.491E-02  6.381E-02  6.271E-02  6.163E-02  6.055E-02  5.948E-02  5.841E-02  5.735E-02  5.630E-02  5.526E-02  5.423E-02  5.320E-02  5.218E-02  5.117E-02  5.016E-02  4.917E-02  4.818E-02  4.720E-02  4.623E-02  4.527E-02  4.431E-02  4.336E-02  4.242E-02  4.149E-02  4.057E-02  3.965E-02  3.875E-02  3.785E-02  3.696E-02  3.608E-02  3.520E-02  3.434E-02  3.348E-02  3.263E-02  3.179E-02  3.096E-02  3.014E-02  2.933E-02  2.852E-02  2.773E-02  2.694E-02  2.616E-02  2.539E-02  2.464E-02  2.388E-02  2.314E-02  2.241E-02  2.169E-02  2.097E-02  2.027E-02  1.958E-02  1.889E-02  1.822E-02  1.756E-02  1.690E-02  1.626E-02
  324.5000  8.241E-02  8.107E-02  7.974E-02  7.843E-02  7.711E-02  7.581E-02  7.452E-02  7.323E-02  7.196E-02  7.069E-02  6.943E-02  6.818E-02  6.694E-02  6.571E-02  6.448E-02  6.327E-02  6.207E-02  6.087E-02  5.968E-02  5.850E-02  5.734E-02  5.618E-02  5.503E-02  5.389E-02  5.276E-02  5.164E-02  5.053E-02  4.943E-02  4.834E-02  4.725E-02  4.618E-02  4.512E-02  4.407E-02  4.303E-02  4.199E-02  4.097E-02  3.996E-02  3.896E-02  3.796E-02  3.698E-02  3.601E-02  3.504E-02  3.409E-02  3.315E-02  3.222E-02  3.130E-02  3.039E-02  2.949E-02  2.861E-02  2.773E-02  2.686E-02  2.601E-02  2.516E-02  2.433E-02  2.351E-02  2.270E-02  2.190E-02  2.112E-02  2.034E-02  1.958E-02  1.883E-02
  325.5000  9.075E-02  8.925E-02  8.777E-02  8.630E-02  8.483E-02  8.338E-02  8.193E-02  8.050E-02  7.907E-02  7.766E-02  7.625E-02  7.486E-02  7.347E-02  7.210E-02  7.073E-02  6.938E-02  6.804E-02  6.670E-02  6.538E-02  6.407E-02  6.277E-02  6.148E-02  6.020E-02  5.893E-02  5.767E-02  5.643E-02  5.520E-02  5.397E-02  5.276E-02  5.155E-02  5.036E-02  4.918E-02  4.802E-02  4.686E-02  4.571E-02  4.458E-02  4.345E-02  4.235E-02  4.125E-02  4.016E-02  3.908E-02  3.802E-02  3.696E-02  3.593E-02  3.490E-02  3.388E-02  3.288E-02  3.188E-02  3.091E-02  2.994E-02  2.899E-02  2.804E-02  2.712E-02  2.620E-02  2.530E-02  2.441E-02  2.353E-02  2.267E-02  2.182E-02  2.099E-02  2.017E-02
  326.5000  1.211E-01  1.192E-01  1.174E-01  1.156E-01  1.138E-01  1.120E-01  1.102E-01  1.084E-01  1.066E-01  1.049E-01  1.031E-01  1.014E-01  9.964E-02  9.792E-02  9.622E-02  9.453E-02  9.285E-02  9.118E-02  8.952E-02  8.787E-02  8.624E-02  8.462E-02  8.301E-02  8.141E-02  7.982E-02  7.824E-02  7.668E-02  7.513E-02  7.359E-02  7.206E-02  7.054E-02  6.904E-02  6.755E-02  6.607E-02  6.460E-02  6.315E-02  6.171E-02  6.028E-02  5.886E-02  5.746E-02  5.607E-02  5.468E-02  5.332E-02  5.197E-02  5.062E-02  4.930E-02  4.798E-02  4.668E-02  4.539E-02  4.411E-02  4.285E-02  4.160E-02  4.036E-02  3.914E-02  3.793E-02  3.674E-02  3.556E-02  3.439E-02  3.324E-02  3.210E-02  3.098E-02
  327.5000  1.094E-01  1.077E-01  1.060E-01  1.043E-01  1.026E-01  1.010E-01  9.930E-02  9.765E-02  9.601E-02  9.438E-02  9.276E-02  9.116E-02  8.956E-02  8.797E-02  8.639E-02  8.483E-02  8.328E-02  8.174E-02  8.020E-02  7.868E-02  7.718E-02  7.568E-02  7.419E-02  7.272E-02  7.125E-02  6.980E-02  6.837E-02  6.694E-02  6.552E-02  6.411E-02  6.272E-02  6.134E-02  5.997E-02  5.862E-02  5.727E-02  5.594E-02  5.461E-02  5.331E-02  5.201E-02  5.073E-02  4.945E-02  4.819E-02  4.694E-02  4.571E-02  4.449E-02  4.328E-02  4.208E-02  4.089E-02  3.973E-02  3.857E-02  3.742E-02  3.629E-02  3.517E-02  3.406E-02  3.297E-02  3.189E-02  3.082E-02  2.977E-02  2.873E-02  2.771E-02  2.671E-02
  328.5000  1.012E-01  9.967E-02  9.809E-02  9.653E-02  9.497E-02  9.343E-02  9.189E-02  9.036E-02  8.884E-02  8.734E-02  8.584E-02  8.435E-02  8.287E-02  8.141E-02  7.995E-02  7.850E-02  7.707E-02  7.564E-02  7.422E-02  7.282E-02  7.142E-02  7.004E-02  6.866E-02  6.730E-02  6.594E-02  6.460E-02  6.327E-02  6.195E-02  6.064E-02  5.934E-02  5.805E-02  5.678E-02  5.551E-02  5.425E-02  5.301E-02  5.178E-02  5.055E-02  4.934E-02  4.814E-02  4.696E-02  4.578E-02  4.461E-02  4.346E-02  4.232E-02  4.119E-02  4.007E-02  3.896E-02  3.786E-02  3.678E-02  3.571E-02  3.465E-02  3.360E-02  3.256E-02  3.154E-02  3.053E-02  2.953E-02  2.854E-02  2.757E-02  2.661E-02  2.566E-02  2.473E-02
  329.5000  1.410E-01  1.389E-01  1.369E-01  1.348E-01  1.328E-01  1.307E-01  1.287E-01  1.267E-01  1.247E-01  1.227E-01  1.207E-01  1.188E-01  1.168E-01  1.149E-01  1.130E-01  1.111E-01  1.092E-01  1.073E-01  1.054E-01  1.035E-01  1.017E-01  9.983E-02  9.800E-02  9.618E-02  9.438E-02  9.259E-02  9.082E-02  8.906E-02  8.730E-02  8.557E-02  8.384E-02  8.213E-02  8.044E-02  7.875E-02  7.708E-02  7.542E-02  7.377E-02  7.214E-02  7.052E-02  6.891E-02  6.732E-02  6.574E-02  6.417E-02  6.262E-02  6.108E-02  5.956E-02  5.804E-02  5.654E-02  5.506E-02  5.359E-02  5.213E-02  5.069E-02  4.926E-02  4.784E-02  4.644E-02  4.506E-02  4.368E-02  4.232E-02  4.098E-02  3.965E-02  3.834E-02
  330.5000  1.246E-01  1.227E-01  1.209E-01  1.190E-01  1.172E-01  1.153E-01  1.135E-01  1.117E-01  1.098E-01  1.081E-01  1.063E-01  1.045E-01  1.027E-01  1.010E-01  9.922E-02  9.750E-02  9.578E-02  9.407E-02  9.237E-02  9.069E-02  8.902E-02  8.736E-02  8.571E-02  8.407E-02  8.245E-02  8.083E-02  7.924E-02  7.765E-02  7.607E-02  7.451E-02  7.296E-02  7.142E-02  6.989E-02  6.838E-02  6.688E-02  6.539E-02  6.391E-02  6.245E-02  6.100E-02  5.956E-02  5.813E-02  5.672E-02  5.531E-02  5.393E-02  5.255E-02  5.119E-02  4.984E-02  4.850E-02  4.719E-02  4.587E-02  4.458E-02  4.329E-02  4.202E-02  4.077E-02  3.953E-02  3.830E-02  3.708E-02  3.588E-02  3.470E-02  3.352E-02  3.237E-02
  331.5000  1.226E-01  1.207E-01  1.188E-01  1.170E-01  1.152E-01  1.133E-01  1.115E-01  1.097E-01  1.079E-01  1.062E-01  1.044E-01  1.026E-01  1.009E-01  9.916E-02  9.744E-02  9.573E-02  9.404E-02  9.235E-02  9.067E-02  8.901E-02  8.736E-02  8.572E-02  8.409E-02  8.247E-02  8.087E-02  7.927E-02  7.770E-02  7.613E-02  7.457E-02  7.303E-02  7.150E-02  6.998E-02  6.848E-02  6.698E-02  6.550E-02  6.403E-02  6.257E-02  6.113E-02  5.970E-02  5.828E-02  5.688E-02  5.548E-02  5.410E-02  5.274E-02  5.138E-02  5.004E-02  4.871E-02  4.739E-02  4.609E-02  4.480E-02  4.353E-02  4.226E-02  4.101E-02  3.978E-02  3.856E-02  3.735E-02  3.616E-02  3.498E-02  3.381E-02  3.266E-02  3.152E-02
  332.5000  1.271E-01  1.253E-01  1.234E-01  1.216E-01  1.198E-01  1.179E-01  1.161E-01  1.144E-01  1.126E-01  1.108E-01  1.090E-01  1.073E-01  1.056E-01  1.038E-01  1.021E-01  1.004E-01  9.871E-02  9.703E-02  9.535E-02  9.369E-02  9.204E-02  9.040E-02  8.877E-02  8.715E-02  8.554E-02  8.394E-02  8.236E-02  8.078E-02  7.922E-02  7.767E-02  7.613E-02  7.460E-02  7.309E-02  7.158E-02  7.008E-02  6.860E-02  6.713E-02  6.567E-02  6.423E-02  6.279E-02  6.136E-02  5.995E-02  5.855E-02  5.716E-02  5.578E-02  5.442E-02  5.306E-02  5.172E-02  5.039E-02  4.907E-02  4.776E-02  4.647E-02  4.518E-02  4.391E-02  4.266E-02  4.141E-02  4.017E-02  3.895E-02  3.774E-02  3.655E-02  3.537E-02
  333.5000  1.170E-01  1.153E-01  1.135E-01  1.118E-01  1.101E-01  1.084E-01  1.067E-01  1.050E-01  1.034E-01  1.017E-01  1.001E-01  9.841E-02  9.678E-02  9.516E-02  9.355E-02  9.196E-02  9.037E-02  8.879E-02  8.722E-02  8.566E-02  8.412E-02  8.258E-02  8.106E-02  7.954E-02  7.804E-02  7.655E-02  7.507E-02  7.360E-02  7.214E-02  7.069E-02  6.925E-02  6.783E-02  6.642E-02  6.501E-02  6.362E-02  6.224E-02  6.087E-02  5.951E-02  5.816E-02  5.683E-02  5.550E-02  5.419E-02  5.288E-02  5.159E-02  5.031E-02  4.905E-02  4.779E-02  4.654E-02  4.531E-02  4.409E-02  4.288E-02  4.168E-02  4.049E-02  3.932E-02  3.816E-02  3.701E-02  3.587E-02  3.474E-02  3.363E-02  3.253E-02  3.145E-02
  334.5000  1.323E-01  1.304E-01  1.284E-01  1.265E-01  1.246E-01  1.227E-01  1.208E-01  1.189E-01  1.170E-01  1.152E-01  1.133E-01  1.115E-01  1.097E-01  1.078E-01  1.060E-01  1.043E-01  1.025E-01  1.007E-01  9.894E-02  9.719E-02  9.546E-02  9.374E-02  9.203E-02  9.033E-02  8.864E-02  8.696E-02  8.531E-02  8.365E-02  8.201E-02  8.039E-02  7.877E-02  7.718E-02  7.558E-02  7.401E-02  7.244E-02  7.089E-02  6.935E-02  6.782E-02  6.631E-02  6.480E-02  6.331E-02  6.183E-02  6.036E-02  5.892E-02  5.747E-02  5.605E-02  5.463E-02  5.323E-02  5.184E-02  5.046E-02  4.910E-02  4.775E-02  4.641E-02  4.508E-02  4.377E-02  4.247E-02  4.119E-02  3.991E-02  3.866E-02  3.741E-02  3.618E-02
  335.5000  1.375E-01  1.355E-01  1.336E-01  1.316E-01  1.297E-01  1.277E-01  1.258E-01  1.239E-01  1.220E-01  1.201E-01  1.182E-01  1.163E-01  1.145E-01  1.126E-01  1.108E-01  1.089E-01  1.071E-01  1.053E-01  1.035E-01  1.017E-01  9.997E-02  9.821E-02  9.646E-02  9.472E-02  9.300E-02  9.128E-02  8.959E-02  8.790E-02  8.622E-02  8.456E-02  8.290E-02  8.127E-02  7.964E-02  7.802E-02  7.642E-02  7.483E-02  7.325E-02  7.168E-02  7.013E-02  6.859E-02  6.705E-02  6.554E-02  6.403E-02  6.254E-02  6.106E-02  5.959E-02  5.813E-02  5.669E-02  5.526E-02  5.384E-02  5.243E-02  5.103E-02  4.965E-02  4.828E-02  4.693E-02  4.558E-02  4.425E-02  4.293E-02  4.163E-02  4.034E-02  3.906E-02
  336.5000  1.069E-01  1.053E-01  1.038E-01  1.022E-01  1.007E-01  9.920E-02  9.769E-02  9.619E-02  9.470E-02  9.322E-02  9.175E-02  9.028E-02  8.882E-02  8.738E-02  8.594E-02  8.451E-02  8.309E-02  8.168E-02  8.027E-02  7.888E-02  7.750E-02  7.612E-02  7.476E-02  7.340E-02  7.205E-02  7.071E-02  6.939E-02  6.807E-02  6.676E-02  6.546E-02  6.417E-02  6.289E-02  6.162E-02  6.036E-02  5.911E-02  5.786E-02  5.663E-02  5.541E-02  5.420E-02  5.299E-02  5.180E-02  5.062E-02  4.944E-02  4.828E-02  4.712E-02  4.598E-02  4.484E-02  4.372E-02  4.261E-02  4.150E-02  4.040E-02  3.932E-02  3.824E-02  3.717E-02  3.612E-02  3.508E-02  3.404E-02  3.301E-02  3.200E-02  3.100E-02  3.000E-02
  337.5000  1.155E-01  1.138E-01  1.121E-01  1.104E-01  1.087E-01  1.071E-01  1.054E-01  1.038E-01  1.021E-01  1.005E-01  9.889E-02  9.728E-02  9.568E-02  9.409E-02  9.252E-02  9.095E-02  8.940E-02  8.785E-02  8.631E-02  8.479E-02  8.327E-02  8.177E-02  8.027E-02  7.879E-02  7.731E-02  7.585E-02  7.440E-02  7.296E-02  7.153E-02  7.011E-02  6.870E-02  6.730E-02  6.591E-02  6.454E-02  6.317E-02  6.181E-02  6.047E-02  5.914E-02  5.782E-02  5.650E-02  5.520E-02  5.391E-02  5.263E-02  5.137E-02  5.011E-02  4.887E-02  4.763E-02  4.641E-02  4.520E-02  4.400E-02  4.281E-02  4.163E-02  4.046E-02  3.930E-02  3.816E-02  3.703E-02  3.591E-02  3.480E-02  3.370E-02  3.262E-02  3.155E-02
  338.5000  1.251E-01  1.233E-01  1.215E-01  1.197E-01  1.180E-01  1.162E-01  1.144E-01  1.127E-01  1.110E-01  1.092E-01  1.075E-01  1.058E-01  1.041E-01  1.024E-01  1.008E-01  9.910E-02  9.745E-02  9.581E-02  9.417E-02  9.255E-02  9.094E-02  8.934E-02  8.775E-02  8.617E-02  8.460E-02  8.304E-02  8.150E-02  7.997E-02  7.844E-02  7.693E-02  7.542E-02  7.394E-02  7.246E-02  7.099E-02  6.953E-02  6.808E-02  6.664E-02  6.522E-02  6.381E-02  6.241E-02  6.102E-02  5.963E-02  5.827E-02  5.691E-02  5.557E-02  5.423E-02  5.291E-02  5.159E-02  5.030E-02  4.900E-02  4.773E-02  4.646E-02  4.520E-02  4.396E-02  4.273E-02  4.151E-02  4.030E-02  3.910E-02  3.791E-02  3.674E-02  3.558E-02
  339.5000  1.366E-01  1.346E-01  1.327E-01  1.308E-01  1.288E-01  1.269E-01  1.250E-01  1.231E-01  1.212E-01  1.193E-01  1.175E-01  1.156E-01  1.137E-01  1.119E-01  1.101E-01  1.083E-01  1.065E-01  1.047E-01  1.029E-01  1.011E-01  9.939E-02  9.765E-02  9.591E-02  9.419E-02  9.248E-02  9.079E-02  8.911E-02  8.743E-02  8.577E-02  8.412E-02  8.248E-02  8.086E-02  7.925E-02  7.765E-02  7.606E-02  7.448E-02  7.292E-02  7.137E-02  6.983E-02  6.830E-02  6.678E-02  6.528E-02  6.379E-02  6.231E-02  6.084E-02  5.939E-02  5.794E-02  5.651E-02  5.510E-02  5.369E-02  5.230E-02  5.092E-02  4.955E-02  4.819E-02  4.685E-02  4.552E-02  4.420E-02  4.289E-02  4.159E-02  4.031E-02  3.905E-02
  340.5000  1.449E-01  1.428E-01  1.407E-01  1.386E-01  1.365E-01  1.345E-01  1.324E-01  1.304E-01  1.284E-01  1.264E-01  1.244E-01  1.224E-01  1.204E-01  1.185E-01  1.165E-01  1.146E-01  1.126E-01  1.107E-01  1.088E-01  1.069E-01  1.051E-01  1.032E-01  1.014E-01  9.952E-02  9.770E-02  9.588E-02  9.409E-02  9.230E-02  9.053E-02  8.877E-02  8.702E-02  8.529E-02  8.357E-02  8.186E-02  8.017E-02  7.848E-02  7.682E-02  7.517E-02  7.352E-02  7.189E-02  7.028E-02  6.867E-02  6.708E-02  6.551E-02  6.395E-02  6.240E-02  6.086E-02  5.934E-02  5.784E-02  5.634E-02  5.486E-02  5.339E-02  5.193E-02  5.049E-02  4.906E-02  4.765E-02  4.625E-02  4.486E-02  4.349E-02  4.213E-02  4.079E-02
  341.5000  1.305E-01  1.286E-01  1.267E-01  1.249E-01  1.230E-01  1.212E-01  1.194E-01  1.176E-01  1.158E-01  1.140E-01  1.122E-01  1.104E-01  1.087E-01  1.069E-01  1.052E-01  1.035E-01  1.018E-01  1.000E-01  9.835E-02  9.667E-02  9.500E-02  9.334E-02  9.168E-02  9.004E-02  8.842E-02  8.680E-02  8.520E-02  8.360E-02  8.202E-02  8.045E-02  7.889E-02  7.734E-02  7.581E-02  7.428E-02  7.277E-02  7.126E-02  6.977E-02  6.830E-02  6.683E-02  6.537E-02  6.393E-02  6.249E-02  6.107E-02  5.967E-02  5.827E-02  5.688E-02  5.550E-02  5.414E-02  5.279E-02  5.145E-02  5.012E-02  4.880E-02  4.750E-02  4.621E-02  4.493E-02  4.366E-02  4.240E-02  4.115E-02  3.992E-02  3.870E-02  3.749E-02
  342.5000  1.450E-01  1.429E-01  1.409E-01  1.388E-01  1.368E-01  1.347E-01  1.327E-01  1.307E-01  1.287E-01  1.267E-01  1.248E-01  1.228E-01  1.208E-01  1.189E-01  1.170E-01  1.151E-01  1.132E-01  1.113E-01  1.094E-01  1.075E-01  1.057E-01  1.038E-01  1.020E-01  1.002E-01  9.835E-02  9.655E-02  9.478E-02  9.301E-02  9.125E-02  8.951E-02  8.777E-02  8.606E-02  8.435E-02  8.266E-02  8.098E-02  7.931E-02  7.766E-02  7.602E-02  7.439E-02  7.277E-02  7.117E-02  6.958E-02  6.800E-02  6.644E-02  6.489E-02  6.335E-02  6.182E-02  6.031E-02  5.881E-02  5.732E-02  5.584E-02  5.438E-02  5.293E-02  5.150E-02  5.008E-02  4.867E-02  4.727E-02  4.588E-02  4.451E-02  4.316E-02  4.182E-02
  343.5000  1.501E-01  1.480E-01  1.458E-01  1.437E-01  1.416E-01  1.394E-01  1.373E-01  1.353E-01  1.332E-01  1.311E-01  1.291E-01  1.270E-01  1.250E-01  1.230E-01  1.210E-01  1.190E-01  1.170E-01  1.150E-01  1.131E-01  1.111E-01  1.092E-01  1.073E-01  1.054E-01  1.035E-01  1.016E-01  9.976E-02  9.791E-02  9.607E-02  9.425E-02  9.243E-02  9.063E-02  8.885E-02  8.708E-02  8.532E-02  8.358E-02  8.185E-02  8.013E-02  7.843E-02  7.674E-02  7.506E-02  7.339E-02  7.174E-02  7.011E-02  6.849E-02  6.688E-02  6.528E-02  6.370E-02  6.213E-02  6.057E-02  5.903E-02  5.750E-02  5.598E-02  5.448E-02  5.299E-02  5.152E-02  5.006E-02  4.861E-02  4.718E-02  4.576E-02  4.436E-02  4.297E-02
  344.5000  1.048E-01  1.033E-01  1.018E-01  1.003E-01  9.881E-02  9.733E-02  9.586E-02  9.439E-02  9.293E-02  9.149E-02  9.005E-02  8.862E-02  8.719E-02  8.578E-02  8.437E-02  8.298E-02  8.159E-02  8.021E-02  7.884E-02  7.747E-02  7.612E-02  7.478E-02  7.344E-02  7.212E-02  7.080E-02  6.950E-02  6.820E-02  6.691E-02  6.563E-02  6.436E-02  6.310E-02  6.186E-02  6.061E-02  5.938E-02  5.816E-02  5.695E-02  5.574E-02  5.455E-02  5.337E-02  5.219E-02  5.103E-02  4.987E-02  4.873E-02  4.759E-02  4.647E-02  4.535E-02  4.424E-02  4.314E-02  4.206E-02  4.098E-02  3.991E-02  3.885E-02  3.780E-02  3.676E-02  3.573E-02  3.471E-02  3.370E-02  3.270E-02  3.170E-02  3.072E-02  2.975E-02
  345.5000  1.455E-01  1.435E-01  1.414E-01  1.393E-01  1.373E-01  1.352E-01  1.332E-01  1.312E-01  1.292E-01  1.272E-01  1.252E-01  1.233E-01  1.213E-01  1.194E-01  1.174E-01  1.155E-01  1.136E-01  1.117E-01  1.098E-01  1.080E-01  1.061E-01  1.043E-01  1.024E-01  1.006E-01  9.878E-02  9.698E-02  9.520E-02  9.343E-02  9.167E-02  8.992E-02  8.818E-02  8.647E-02  8.476E-02  8.306E-02  8.138E-02  7.970E-02  7.805E-02  7.641E-02  7.477E-02  7.315E-02  7.155E-02  6.995E-02  6.837E-02  6.681E-02  6.526E-02  6.371E-02  6.218E-02  6.067E-02  5.917E-02  5.768E-02  5.620E-02  5.474E-02  5.329E-02  5.185E-02  5.043E-02  4.901E-02  4.761E-02  4.623E-02  4.485E-02  4.349E-02  4.215E-02
  346.5000  1.353E-01  1.333E-01  1.314E-01  1.295E-01  1.275E-01  1.256E-01  1.237E-01  1.219E-01  1.200E-01  1.181E-01  1.163E-01  1.144E-01  1.126E-01  1.108E-01  1.090E-01  1.072E-01  1.054E-01  1.036E-01  1.019E-01  1.001E-01  9.836E-02  9.663E-02  9.492E-02  9.321E-02  9.152E-02  8.984E-02  8.817E-02  8.651E-02  8.487E-02  8.323E-02  8.161E-02  8.001E-02  7.841E-02  7.682E-02  7.525E-02  7.369E-02  7.214E-02  7.061E-02  6.909E-02  6.757E-02  6.607E-02  6.459E-02  6.311E-02  6.165E-02  6.020E-02  5.876E-02  5.734E-02  5.592E-02  5.453E-02  5.314E-02  5.176E-02  5.040E-02  4.904E-02  4.770E-02  4.638E-02  4.506E-02  4.376E-02  4.247E-02  4.119E-02  3.993E-02  3.868E-02
  347.5000  1.324E-01  1.305E-01  1.286E-01  1.267E-01  1.249E-01  1.230E-01  1.211E-01  1.193E-01  1.175E-01  1.156E-01  1.138E-01  1.120E-01  1.102E-01  1.085E-01  1.067E-01  1.049E-01  1.032E-01  1.014E-01  9.971E-02  9.800E-02  9.630E-02  9.461E-02  9.293E-02  9.126E-02  8.960E-02  8.796E-02  8.633E-02  8.470E-02  8.309E-02  8.150E-02  7.991E-02  7.834E-02  7.678E-02  7.522E-02  7.369E-02  7.216E-02  7.064E-02  6.914E-02  6.765E-02  6.617E-02  6.471E-02  6.325E-02  6.181E-02  6.038E-02  5.896E-02  5.756E-02  5.616E-02  5.478E-02  5.341E-02  5.205E-02  5.070E-02  4.937E-02  4.805E-02  4.673E-02  4.544E-02  4.415E-02  4.288E-02  4.162E-02  4.037E-02  3.913E-02  3.791E-02
  348.5000  1.461E-01  1.440E-01  1.419E-01  1.398E-01  1.377E-01  1.357E-01  1.337E-01  1.316E-01  1.296E-01  1.276E-01  1.256E-01  1.236E-01  1.216E-01  1.197E-01  1.177E-01  1.158E-01  1.139E-01  1.120E-01  1.101E-01  1.082E-01  1.063E-01  1.044E-01  1.026E-01  1.008E-01  9.893E-02  9.711E-02  9.532E-02  9.353E-02  9.176E-02  9.000E-02  8.825E-02  8.652E-02  8.480E-02  8.309E-02  8.140E-02  7.972E-02  7.805E-02  7.640E-02  7.476E-02  7.313E-02  7.151E-02  6.991E-02  6.832E-02  6.675E-02  6.518E-02  6.363E-02  6.210E-02  6.057E-02  5.907E-02  5.757E-02  5.609E-02  5.462E-02  5.316E-02  5.171E-02  5.029E-02  4.887E-02  4.747E-02  4.607E-02  4.470E-02  4.333E-02  4.199E-02
  349.5000  1.225E-01  1.207E-01  1.190E-01  1.172E-01  1.155E-01  1.138E-01  1.121E-01  1.104E-01  1.087E-01  1.070E-01  1.053E-01  1.036E-01  1.020E-01  1.003E-01  9.871E-02  9.709E-02  9.547E-02  9.387E-02  9.227E-02  9.069E-02  8.912E-02  8.755E-02  8.600E-02  8.446E-02  8.293E-02  8.141E-02  7.990E-02  7.840E-02  7.691E-02  7.544E-02  7.397E-02  7.252E-02  7.108E-02  6.964E-02  6.822E-02  6.681E-02  6.541E-02  6.403E-02  6.265E-02  6.128E-02  5.993E-02  5.858E-02  5.725E-02  5.593E-02  5.462E-02  5.332E-02  5.203E-02  5.076E-02  4.949E-02  4.824E-02  4.700E-02  4.576E-02  4.454E-02  4.333E-02  4.213E-02  4.094E-02  3.977E-02  3.860E-02  3.745E-02  3.630E-02  3.517E-02
  350.5000  1.718E-01  1.693E-01  1.668E-01  1.644E-01  1.620E-01  1.596E-01  1.572E-01  1.548E-01  1.524E-01  1.500E-01  1.477E-01  1.453E-01  1.430E-01  1.407E-01  1.384E-01  1.362E-01  1.339E-01  1.316E-01  1.294E-01  1.272E-01  1.250E-01  1.228E-01  1.206E-01  1.184E-01  1.163E-01  1.142E-01  1.121E-01  1.100E-01  1.079E-01  1.058E-01  1.037E-01  1.017E-01  9.968E-02  9.767E-02  9.568E-02  9.370E-02  9.174E-02  8.980E-02  8.787E-02  8.595E-02  8.405E-02  8.217E-02  8.030E-02  7.846E-02  7.662E-02  7.480E-02  7.299E-02  7.120E-02  6.943E-02  6.767E-02  6.593E-02  6.420E-02  6.249E-02  6.079E-02  5.911E-02  5.745E-02  5.580E-02  5.416E-02  5.254E-02  5.094E-02  4.936E-02
  351.5000  1.480E-01  1.459E-01  1.438E-01  1.417E-01  1.396E-01  1.375E-01  1.354E-01  1.334E-01  1.313E-01  1.293E-01  1.273E-01  1.252E-01  1.232E-01  1.212E-01  1.193E-01  1.173E-01  1.153E-01  1.134E-01  1.115E-01  1.096E-01  1.077E-01  1.058E-01  1.039E-01  1.020E-01  1.002E-01  9.833E-02  9.651E-02  9.470E-02  9.290E-02  9.111E-02  8.934E-02  8.758E-02  8.584E-02  8.410E-02  8.238E-02  8.068E-02  7.899E-02  7.731E-02  7.565E-02  7.400E-02  7.236E-02  7.073E-02  6.912E-02  6.753E-02  6.595E-02  6.437E-02  6.282E-02  6.127E-02  5.975E-02  5.823E-02  5.673E-02  5.524E-02  5.376E-02  5.230E-02  5.086E-02  4.942E-02  4.800E-02  4.659E-02  4.520E-02  4.382E-02  4.245E-02
  352.5000  1.337E-01  1.318E-01  1.299E-01  1.280E-01  1.261E-01  1.242E-01  1.224E-01  1.205E-01  1.186E-01  1.168E-01  1.150E-01  1.132E-01  1.114E-01  1.096E-01  1.078E-01  1.060E-01  1.042E-01  1.025E-01  1.007E-01  9.900E-02  9.728E-02  9.558E-02  9.388E-02  9.219E-02  9.052E-02  8.886E-02  8.721E-02  8.558E-02  8.395E-02  8.234E-02  8.074E-02  7.915E-02  7.758E-02  7.601E-02  7.446E-02  7.292E-02  7.139E-02  6.988E-02  6.837E-02  6.688E-02  6.540E-02  6.393E-02  6.248E-02  6.104E-02  5.961E-02  5.819E-02  5.679E-02  5.539E-02  5.402E-02  5.265E-02  5.129E-02  4.995E-02  4.861E-02  4.729E-02  4.599E-02  4.469E-02  4.341E-02  4.214E-02  4.088E-02  3.963E-02  3.840E-02
  353.5000  1.614E-01  1.591E-01  1.567E-01  1.545E-01  1.522E-01  1.499E-01  1.477E-01  1.454E-01  1.432E-01  1.410E-01  1.388E-01  1.366E-01  1.344E-01  1.322E-01  1.300E-01  1.279E-01  1.258E-01  1.237E-01  1.216E-01  1.195E-01  1.174E-01  1.154E-01  1.133E-01  1.113E-01  1.093E-01  1.073E-01  1.053E-01  1.033E-01  1.013E-01  9.939E-02  9.746E-02  9.555E-02  9.365E-02  9.176E-02  8.989E-02  8.803E-02  8.619E-02  8.437E-02  8.256E-02  8.076E-02  7.897E-02  7.720E-02  7.545E-02  7.372E-02  7.199E-02  7.028E-02  6.859E-02  6.691E-02  6.525E-02  6.360E-02  6.196E-02  6.034E-02  5.873E-02  5.714E-02  5.557E-02  5.401E-02  5.246E-02  5.092E-02  4.941E-02  4.790E-02  4.642E-02
  354.5000  1.750E-01  1.725E-01  1.700E-01  1.675E-01  1.650E-01  1.626E-01  1.601E-01  1.577E-01  1.553E-01  1.529E-01  1.505E-01  1.481E-01  1.458E-01  1.434E-01  1.411E-01  1.387E-01  1.364E-01  1.341E-01  1.319E-01  1.296E-01  1.274E-01  1.251E-01  1.229E-01  1.207E-01  1.185E-01  1.164E-01  1.142E-01  1.121E-01  1.099E-01  1.078E-01  1.057E-01  1.037E-01  1.016E-01  9.956E-02  9.753E-02  9.552E-02  9.352E-02  9.155E-02  8.958E-02  8.763E-02  8.570E-02  8.378E-02  8.188E-02  8.000E-02  7.813E-02  7.628E-02  7.445E-02  7.262E-02  7.083E-02  6.904E-02  6.726E-02  6.551E-02  6.376E-02  6.204E-02  6.034E-02  5.864E-02  5.696E-02  5.530E-02  5.366E-02  5.203E-02  5.042E-02
  355.5000  1.637E-01  1.614E-01  1.590E-01  1.567E-01  1.544E-01  1.521E-01  1.498E-01  1.475E-01  1.453E-01  1.430E-01  1.408E-01  1.386E-01  1.363E-01  1.341E-01  1.320E-01  1.298E-01  1.276E-01  1.255E-01  1.234E-01  1.212E-01  1.191E-01  1.171E-01  1.150E-01  1.129E-01  1.109E-01  1.088E-01  1.068E-01  1.048E-01  1.028E-01  1.009E-01  9.890E-02  9.697E-02  9.504E-02  9.312E-02  9.123E-02  8.934E-02  8.747E-02  8.563E-02  8.379E-02  8.196E-02  8.016E-02  7.836E-02  7.658E-02  7.483E-02  7.308E-02  7.135E-02  6.963E-02  6.792E-02  6.624E-02  6.457E-02  6.291E-02  6.127E-02  5.964E-02  5.802E-02  5.643E-02  5.485E-02  5.328E-02  5.173E-02  5.019E-02  4.866E-02  4.716E-02
  356.5000  1.521E-01  1.499E-01  1.477E-01  1.456E-01  1.434E-01  1.413E-01  1.391E-01  1.370E-01  1.349E-01  1.328E-01  1.308E-01  1.287E-01  1.266E-01  1.246E-01  1.226E-01  1.205E-01  1.185E-01  1.165E-01  1.146E-01  1.126E-01  1.106E-01  1.087E-01  1.068E-01  1.049E-01  1.030E-01  1.011E-01  9.920E-02  9.734E-02  9.549E-02  9.366E-02  9.184E-02  9.004E-02  8.825E-02  8.647E-02  8.470E-02  8.295E-02  8.122E-02  7.950E-02  7.779E-02  7.610E-02  7.442E-02  7.275E-02  7.110E-02  6.947E-02  6.785E-02  6.624E-02  6.464E-02  6.306E-02  6.150E-02  5.994E-02  5.840E-02  5.688E-02  5.537E-02  5.387E-02  5.239E-02  5.092E-02  4.946E-02  4.802E-02  4.659E-02  4.518E-02  4.378E-02
  357.5000  1.294E-01  1.276E-01  1.257E-01  1.239E-01  1.220E-01  1.202E-01  1.184E-01  1.166E-01  1.148E-01  1.130E-01  1.113E-01  1.095E-01  1.077E-01  1.060E-01  1.043E-01  1.026E-01  1.009E-01  9.916E-02  9.747E-02  9.579E-02  9.413E-02  9.248E-02  9.084E-02  8.921E-02  8.759E-02  8.598E-02  8.439E-02  8.281E-02  8.123E-02  7.967E-02  7.812E-02  7.659E-02  7.506E-02  7.355E-02  7.205E-02  7.056E-02  6.908E-02  6.762E-02  6.617E-02  6.473E-02  6.330E-02  6.188E-02  6.047E-02  5.908E-02  5.770E-02  5.633E-02  5.497E-02  5.363E-02  5.230E-02  5.098E-02  4.967E-02  4.837E-02  4.708E-02  4.581E-02  4.455E-02  4.330E-02  4.206E-02  4.083E-02  3.962E-02  3.841E-02  3.723E-02
  358.5000  1.000E-01  9.858E-02  9.715E-02  9.573E-02  9.432E-02  9.291E-02  9.151E-02  9.012E-02  8.873E-02  8.736E-02  8.599E-02  8.463E-02  8.328E-02  8.193E-02  8.059E-02  7.927E-02  7.795E-02  7.664E-02  7.533E-02  7.404E-02  7.275E-02  7.148E-02  7.021E-02  6.895E-02  6.770E-02  6.645E-02  6.522E-02  6.400E-02  6.278E-02  6.158E-02  6.038E-02  5.920E-02  5.802E-02  5.685E-02  5.569E-02  5.454E-02  5.339E-02  5.227E-02  5.114E-02  5.003E-02  4.892E-02  4.783E-02  4.674E-02  4.567E-02  4.460E-02  4.354E-02  4.249E-02  4.146E-02  4.043E-02  3.941E-02  3.839E-02  3.739E-02  3.640E-02  3.541E-02  3.444E-02  3.348E-02  3.252E-02  3.157E-02  3.063E-02  2.970E-02  2.879E-02
  359.5000  1.685E-01  1.661E-01  1.637E-01  1.613E-01  1.589E-01  1.565E-01  1.542E-01  1.518E-01  1.495E-01  1.472E-01  1.449E-01  1.426E-01  1.403E-01  1.380E-01  1.358E-01  1.335E-01  1.313E-01  1.291E-01  1.269E-01  1.247E-01  1.225E-01  1.204E-01  1.183E-01  1.161E-01  1.140E-01  1.119E-01  1.099E-01  1.078E-01  1.057E-01  1.037E-01  1.017E-01  9.969E-02  9.771E-02  9.574E-02  9.378E-02  9.184E-02  8.992E-02  8.802E-02  8.612E-02  8.425E-02  8.239E-02  8.054E-02  7.871E-02  7.690E-02  7.511E-02  7.332E-02  7.156E-02  6.981E-02  6.808E-02  6.636E-02  6.465E-02  6.296E-02  6.129E-02  5.963E-02  5.799E-02  5.637E-02  5.476E-02  5.316E-02  5.158E-02  5.001E-02  4.847E-02
  360.5000  1.563E-01  1.541E-01  1.519E-01  1.496E-01  1.474E-01  1.452E-01  1.430E-01  1.409E-01  1.387E-01  1.365E-01  1.344E-01  1.323E-01  1.301E-01  1.280E-01  1.260E-01  1.239E-01  1.218E-01  1.198E-01  1.177E-01  1.157E-01  1.137E-01  1.117E-01  1.097E-01  1.077E-01  1.058E-01  1.038E-01  1.019E-01  9.999E-02  9.809E-02  9.621E-02  9.433E-02  9.248E-02  9.064E-02  8.881E-02  8.699E-02  8.519E-02  8.341E-02  8.164E-02  7.989E-02  7.815E-02  7.642E-02  7.471E-02  7.301E-02  7.133E-02  6.967E-02  6.801E-02  6.637E-02  6.475E-02  6.314E-02  6.155E-02  5.997E-02  5.840E-02  5.685E-02  5.531E-02  5.379E-02  5.228E-02  5.079E-02  4.931E-02  4.784E-02  4.639E-02  4.496E-02
  361.5000  1.411E-01  1.391E-01  1.371E-01  1.351E-01  1.331E-01  1.311E-01  1.291E-01  1.272E-01  1.252E-01  1.233E-01  1.213E-01  1.194E-01  1.175E-01  1.156E-01  1.137E-01  1.118E-01  1.100E-01  1.081E-01  1.063E-01  1.044E-01  1.026E-01  1.008E-01  9.903E-02  9.725E-02  9.549E-02  9.373E-02  9.199E-02  9.027E-02  8.855E-02  8.685E-02  8.516E-02  8.348E-02  8.182E-02  8.017E-02  7.853E-02  7.691E-02  7.529E-02  7.370E-02  7.212E-02  7.054E-02  6.899E-02  6.744E-02  6.591E-02  6.440E-02  6.289E-02  6.140E-02  5.992E-02  5.845E-02  5.700E-02  5.556E-02  5.414E-02  5.272E-02  5.132E-02  4.994E-02  4.857E-02  4.720E-02  4.586E-02  4.452E-02  4.320E-02  4.189E-02  4.060E-02
  362.5000  1.659E-01  1.635E-01  1.612E-01  1.588E-01  1.565E-01  1.541E-01  1.518E-01  1.495E-01  1.472E-01  1.449E-01  1.426E-01  1.404E-01  1.381E-01  1.359E-01  1.337E-01  1.315E-01  1.293E-01  1.271E-01  1.249E-01  1.228E-01  1.206E-01  1.185E-01  1.164E-01  1.143E-01  1.122E-01  1.102E-01  1.081E-01  1.061E-01  1.041E-01  1.021E-01  1.001E-01  9.814E-02  9.618E-02  9.424E-02  9.231E-02  9.040E-02  8.851E-02  8.663E-02  8.477E-02  8.292E-02  8.109E-02  7.927E-02  7.747E-02  7.569E-02  7.392E-02  7.217E-02  7.043E-02  6.871E-02  6.701E-02  6.531E-02  6.364E-02  6.198E-02  6.033E-02  5.870E-02  5.709E-02  5.549E-02  5.390E-02  5.233E-02  5.078E-02  4.924E-02  4.772E-02
  363.5000  1.478E-01  1.456E-01  1.435E-01  1.414E-01  1.393E-01  1.372E-01  1.352E-01  1.331E-01  1.311E-01  1.290E-01  1.270E-01  1.250E-01  1.230E-01  1.210E-01  1.190E-01  1.171E-01  1.151E-01  1.132E-01  1.112E-01  1.093E-01  1.074E-01  1.055E-01  1.037E-01  1.018E-01  9.994E-02  9.810E-02  9.628E-02  9.447E-02  9.267E-02  9.089E-02  8.912E-02  8.737E-02  8.563E-02  8.390E-02  8.218E-02  8.048E-02  7.879E-02  7.712E-02  7.546E-02  7.382E-02  7.219E-02  7.057E-02  6.897E-02  6.738E-02  6.581E-02  6.424E-02  6.270E-02  6.116E-02  5.965E-02  5.814E-02  5.665E-02  5.517E-02  5.370E-02  5.225E-02  5.082E-02  4.939E-02  4.798E-02  4.659E-02  4.520E-02  4.384E-02  4.248E-02
  364.5000  1.613E-01  1.590E-01  1.567E-01  1.544E-01  1.521E-01  1.498E-01  1.476E-01  1.453E-01  1.431E-01  1.409E-01  1.387E-01  1.365E-01  1.343E-01  1.321E-01  1.299E-01  1.278E-01  1.257E-01  1.235E-01  1.214E-01  1.193E-01  1.173E-01  1.152E-01  1.131E-01  1.111E-01  1.091E-01  1.071E-01  1.051E-01  1.031E-01  1.012E-01  9.920E-02  9.727E-02  9.536E-02  9.345E-02  9.157E-02  8.969E-02  8.783E-02  8.599E-02  8.417E-02  8.236E-02  8.056E-02  7.878E-02  7.701E-02  7.526E-02  7.353E-02  7.181E-02  7.011E-02  6.842E-02  6.674E-02  6.509E-02  6.344E-02  6.181E-02  6.020E-02  5.860E-02  5.702E-02  5.545E-02  5.390E-02  5.236E-02  5.083E-02  4.932E-02  4.783E-02  4.635E-02
  365.5000  1.967E-01  1.939E-01  1.911E-01  1.883E-01  1.855E-01  1.827E-01  1.800E-01  1.772E-01  1.745E-01  1.718E-01  1.691E-01  1.664E-01  1.637E-01  1.611E-01  1.584E-01  1.558E-01  1.532E-01  1.506E-01  1.481E-01  1.455E-01  1.430E-01  1.404E-01  1.379E-01  1.355E-01  1.330E-01  1.305E-01  1.281E-01  1.257E-01  1.233E-01  1.209E-01  1.186E-01  1.162E-01  1.139E-01  1.116E-01  1.093E-01  1.071E-01  1.048E-01  1.026E-01  1.004E-01  9.819E-02  9.602E-02  9.386E-02  9.173E-02  8.962E-02  8.752E-02  8.544E-02  8.338E-02  8.134E-02  7.932E-02  7.731E-02  7.533E-02  7.336E-02  7.141E-02  6.948E-02  6.757E-02  6.568E-02  6.380E-02  6.194E-02  6.010E-02  5.828E-02  5.648E-02
  366.5000  2.084E-01  2.054E-01  2.025E-01  1.995E-01  1.965E-01  1.936E-01  1.907E-01  1.878E-01  1.849E-01  1.820E-01  1.791E-01  1.763E-01  1.735E-01  1.706E-01  1.679E-01  1.651E-01  1.623E-01  1.596E-01  1.569E-01  1.541E-01  1.515E-01  1.488E-01  1.461E-01  1.435E-01  1.409E-01  1.383E-01  1.357E-01  1.332E-01  1.306E-01  1.281E-01  1.256E-01  1.231E-01  1.207E-01  1.182E-01  1.158E-01  1.134E-01  1.110E-01  1.087E-01  1.063E-01  1.040E-01  1.017E-01  9.943E-02  9.717E-02  9.493E-02  9.271E-02  9.051E-02  8.832E-02  8.616E-02  8.402E-02  8.190E-02  7.980E-02  7.771E-02  7.565E-02  7.360E-02  7.158E-02  6.957E-02  6.759E-02  6.562E-02  6.367E-02  6.174E-02  5.984E-02
  367.5000  1.981E-01  1.953E-01  1.924E-01  1.896E-01  1.868E-01  1.840E-01  1.812E-01  1.785E-01  1.757E-01  1.730E-01  1.703E-01  1.676E-01  1.649E-01  1.622E-01  1.596E-01  1.569E-01  1.543E-01  1.517E-01  1.491E-01  1.465E-01  1.440E-01  1.414E-01  1.389E-01  1.364E-01  1.339E-01  1.315E-01  1.290E-01  1.266E-01  1.242E-01  1.218E-01  1.194E-01  1.170E-01  1.147E-01  1.124E-01  1.101E-01  1.078E-01  1.055E-01  1.033E-01  1.011E-01  9.886E-02  9.667E-02  9.450E-02  9.235E-02  9.022E-02  8.811E-02  8.602E-02  8.394E-02  8.188E-02  7.985E-02  7.784E-02  7.584E-02  7.385E-02  7.189E-02  6.995E-02  6.803E-02  6.612E-02  6.424E-02  6.237E-02  6.051E-02  5.868E-02  5.687E-02
  368.5000  1.742E-01  1.717E-01  1.692E-01  1.667E-01  1.643E-01  1.618E-01  1.594E-01  1.569E-01  1.545E-01  1.521E-01  1.497E-01  1.473E-01  1.450E-01  1.426E-01  1.403E-01  1.380E-01  1.357E-01  1.334E-01  1.311E-01  1.288E-01  1.266E-01  1.243E-01  1.221E-01  1.199E-01  1.177E-01  1.156E-01  1.134E-01  1.113E-01  1.092E-01  1.070E-01  1.050E-01  1.029E-01  1.008E-01  9.879E-02  9.676E-02  9.475E-02  9.276E-02  9.079E-02  8.884E-02  8.689E-02  8.497E-02  8.306E-02  8.117E-02  7.930E-02  7.744E-02  7.560E-02  7.378E-02  7.197E-02  7.019E-02  6.841E-02  6.665E-02  6.491E-02  6.319E-02  6.148E-02  5.979E-02  5.811E-02  5.646E-02  5.481E-02  5.318E-02  5.157E-02  4.999E-02
  369.5000  2.092E-01  2.062E-01  2.032E-01  2.002E-01  1.972E-01  1.943E-01  1.913E-01  1.884E-01  1.855E-01  1.826E-01  1.798E-01  1.769E-01  1.741E-01  1.712E-01  1.684E-01  1.656E-01  1.629E-01  1.601E-01  1.574E-01  1.547E-01  1.520E-01  1.493E-01  1.466E-01  1.440E-01  1.413E-01  1.387E-01  1.362E-01  1.336E-01  1.310E-01  1.285E-01  1.260E-01  1.235E-01  1.210E-01  1.186E-01  1.161E-01  1.137E-01  1.113E-01  1.090E-01  1.066E-01  1.043E-01  1.020E-01  9.969E-02  9.742E-02  9.518E-02  9.295E-02  9.074E-02  8.855E-02  8.638E-02  8.423E-02  8.210E-02  7.999E-02  7.790E-02  7.583E-02  7.378E-02  7.176E-02  6.975E-02  6.775E-02  6.578E-02  6.383E-02  6.190E-02  5.999E-02
  370.5000  1.900E-01  1.872E-01  1.845E-01  1.818E-01  1.791E-01  1.764E-01  1.738E-01  1.711E-01  1.685E-01  1.658E-01  1.632E-01  1.606E-01  1.581E-01  1.555E-01  1.529E-01  1.504E-01  1.479E-01  1.454E-01  1.429E-01  1.404E-01  1.380E-01  1.355E-01  1.331E-01  1.307E-01  1.283E-01  1.260E-01  1.236E-01  1.213E-01  1.190E-01  1.167E-01  1.144E-01  1.121E-01  1.099E-01  1.077E-01  1.054E-01  1.033E-01  1.011E-01  9.893E-02  9.680E-02  9.468E-02  9.258E-02  9.050E-02  8.844E-02  8.640E-02  8.437E-02  8.237E-02  8.038E-02  7.841E-02  7.646E-02  7.453E-02  7.261E-02  7.071E-02  6.883E-02  6.697E-02  6.513E-02  6.331E-02  6.150E-02  5.971E-02  5.794E-02  5.618E-02  5.445E-02
  371.5000  2.176E-01  2.145E-01  2.113E-01  2.082E-01  2.052E-01  2.021E-01  1.990E-01  1.960E-01  1.929E-01  1.899E-01  1.870E-01  1.840E-01  1.810E-01  1.781E-01  1.752E-01  1.723E-01  1.694E-01  1.665E-01  1.637E-01  1.608E-01  1.580E-01  1.552E-01  1.525E-01  1.497E-01  1.470E-01  1.442E-01  1.416E-01  1.389E-01  1.362E-01  1.336E-01  1.310E-01  1.284E-01  1.258E-01  1.233E-01  1.207E-01  1.182E-01  1.157E-01  1.133E-01  1.108E-01  1.084E-01  1.060E-01  1.036E-01  1.013E-01  9.892E-02  9.660E-02  9.430E-02  9.202E-02  8.977E-02  8.754E-02  8.532E-02  8.313E-02  8.096E-02  7.880E-02  7.667E-02  7.457E-02  7.248E-02  7.041E-02  6.836E-02  6.633E-02  6.432E-02  6.234E-02
  372.5000  1.609E-01  1.586E-01  1.563E-01  1.540E-01  1.517E-01  1.494E-01  1.472E-01  1.449E-01  1.427E-01  1.404E-01  1.382E-01  1.360E-01  1.338E-01  1.317E-01  1.295E-01  1.274E-01  1.252E-01  1.231E-01  1.210E-01  1.189E-01  1.168E-01  1.148E-01  1.127E-01  1.107E-01  1.086E-01  1.066E-01  1.047E-01  1.027E-01  1.007E-01  9.876E-02  9.683E-02  9.491E-02  9.301E-02  9.112E-02  8.925E-02  8.739E-02  8.555E-02  8.373E-02  8.192E-02  8.013E-02  7.835E-02  7.659E-02  7.484E-02  7.312E-02  7.140E-02  6.970E-02  6.802E-02  6.635E-02  6.470E-02  6.306E-02  6.144E-02  5.983E-02  5.824E-02  5.667E-02  5.511E-02  5.357E-02  5.204E-02  5.052E-02  4.902E-02  4.754E-02  4.607E-02
  373.5000  1.456E-01  1.435E-01  1.414E-01  1.393E-01  1.372E-01  1.352E-01  1.331E-01  1.311E-01  1.291E-01  1.271E-01  1.250E-01  1.231E-01  1.211E-01  1.191E-01  1.172E-01  1.152E-01  1.133E-01  1.114E-01  1.094E-01  1.076E-01  1.057E-01  1.038E-01  1.019E-01  1.001E-01  9.827E-02  9.646E-02  9.466E-02  9.286E-02  9.109E-02  8.932E-02  8.757E-02  8.584E-02  8.412E-02  8.241E-02  8.072E-02  7.904E-02  7.737E-02  7.573E-02  7.409E-02  7.246E-02  7.085E-02  6.926E-02  6.768E-02  6.612E-02  6.457E-02  6.303E-02  6.150E-02  5.999E-02  5.850E-02  5.702E-02  5.555E-02  5.410E-02  5.266E-02  5.124E-02  4.983E-02  4.843E-02  4.705E-02  4.568E-02  4.432E-02  4.298E-02  4.166E-02
  374.5000  1.599E-01  1.576E-01  1.553E-01  1.530E-01  1.508E-01  1.485E-01  1.462E-01  1.440E-01  1.418E-01  1.396E-01  1.374E-01  1.352E-01  1.330E-01  1.308E-01  1.287E-01  1.266E-01  1.244E-01  1.223E-01  1.202E-01  1.181E-01  1.161E-01  1.140E-01  1.120E-01  1.099E-01  1.079E-01  1.059E-01  1.040E-01  1.020E-01  1.000E-01  9.810E-02  9.618E-02  9.428E-02  9.238E-02  9.051E-02  8.864E-02  8.680E-02  8.497E-02  8.316E-02  8.136E-02  7.957E-02  7.781E-02  7.605E-02  7.432E-02  7.260E-02  7.090E-02  6.921E-02  6.753E-02  6.587E-02  6.424E-02  6.261E-02  6.100E-02  5.940E-02  5.782E-02  5.626E-02  5.471E-02  5.318E-02  5.166E-02  5.015E-02  4.866E-02  4.719E-02  4.574E-02
  375.5000  1.806E-01  1.780E-01  1.754E-01  1.728E-01  1.703E-01  1.677E-01  1.652E-01  1.626E-01  1.601E-01  1.576E-01  1.551E-01  1.527E-01  1.502E-01  1.478E-01  1.453E-01  1.429E-01  1.405E-01  1.381E-01  1.358E-01  1.334E-01  1.311E-01  1.288E-01  1.265E-01  1.242E-01  1.219E-01  1.196E-01  1.174E-01  1.152E-01  1.130E-01  1.108E-01  1.086E-01  1.065E-01  1.043E-01  1.022E-01  1.001E-01  9.800E-02  9.594E-02  9.389E-02  9.186E-02  8.984E-02  8.785E-02  8.587E-02  8.391E-02  8.197E-02  8.004E-02  7.813E-02  7.624E-02  7.437E-02  7.252E-02  7.068E-02  6.886E-02  6.706E-02  6.528E-02  6.351E-02  6.176E-02  6.003E-02  5.832E-02  5.662E-02  5.494E-02  5.327E-02  5.163E-02
  376.5000  1.805E-01  1.779E-01  1.753E-01  1.728E-01  1.702E-01  1.676E-01  1.651E-01  1.626E-01  1.601E-01  1.576E-01  1.551E-01  1.526E-01  1.501E-01  1.477E-01  1.453E-01  1.429E-01  1.405E-01  1.381E-01  1.357E-01  1.333E-01  1.310E-01  1.287E-01  1.264E-01  1.241E-01  1.218E-01  1.196E-01  1.173E-01  1.151E-01  1.129E-01  1.107E-01  1.085E-01  1.064E-01  1.042E-01  1.021E-01  1.000E-01  9.794E-02  9.587E-02  9.383E-02  9.179E-02  8.978E-02  8.778E-02  8.580E-02  8.384E-02  8.190E-02  7.998E-02  7.807E-02  7.618E-02  7.431E-02  7.246E-02  7.062E-02  6.881E-02  6.700E-02  6.522E-02  6.345E-02  6.171E-02  5.998E-02  5.827E-02  5.657E-02  5.489E-02  5.323E-02  5.159E-02
  377.5000  2.152E-01  2.121E-01  2.090E-01  2.059E-01  2.029E-01  1.998E-01  1.968E-01  1.938E-01  1.908E-01  1.878E-01  1.848E-01  1.819E-01  1.790E-01  1.760E-01  1.731E-01  1.703E-01  1.674E-01  1.646E-01  1.617E-01  1.589E-01  1.562E-01  1.534E-01  1.506E-01  1.479E-01  1.452E-01  1.425E-01  1.398E-01  1.372E-01  1.345E-01  1.319E-01  1.293E-01  1.268E-01  1.242E-01  1.217E-01  1.192E-01  1.167E-01  1.142E-01  1.118E-01  1.094E-01  1.070E-01  1.046E-01  1.022E-01  9.990E-02  9.759E-02  9.530E-02  9.302E-02  9.077E-02  8.854E-02  8.633E-02  8.415E-02  8.198E-02  7.983E-02  7.770E-02  7.560E-02  7.352E-02  7.146E-02  6.942E-02  6.740E-02  6.539E-02  6.341E-02  6.146E-02
  378.5000  2.348E-01  2.314E-01  2.280E-01  2.247E-01  2.213E-01  2.180E-01  2.147E-01  2.114E-01  2.081E-01  2.049E-01  2.016E-01  1.984E-01  1.952E-01  1.920E-01  1.889E-01  1.857E-01  1.826E-01  1.795E-01  1.764E-01  1.734E-01  1.703E-01  1.673E-01  1.643E-01  1.613E-01  1.584E-01  1.554E-01  1.525E-01  1.496E-01  1.468E-01  1.439E-01  1.411E-01  1.383E-01  1.355E-01  1.327E-01  1.300E-01  1.273E-01  1.246E-01  1.219E-01  1.193E-01  1.167E-01  1.141E-01  1.115E-01  1.089E-01  1.064E-01  1.039E-01  1.014E-01  9.898E-02  9.655E-02  9.414E-02  9.175E-02  8.939E-02  8.705E-02  8.473E-02  8.243E-02  8.017E-02  7.792E-02  7.569E-02  7.349E-02  7.130E-02  6.914E-02  6.701E-02
  379.5000  1.739E-01  1.714E-01  1.689E-01  1.664E-01  1.639E-01  1.614E-01  1.590E-01  1.566E-01  1.541E-01  1.517E-01  1.493E-01  1.469E-01  1.446E-01  1.422E-01  1.399E-01  1.375E-01  1.352E-01  1.329E-01  1.306E-01  1.284E-01  1.261E-01  1.239E-01  1.217E-01  1.195E-01  1.173E-01  1.151E-01  1.129E-01  1.108E-01  1.087E-01  1.065E-01  1.044E-01  1.024E-01  1.003E-01  9.827E-02  9.624E-02  9.423E-02  9.224E-02  9.027E-02  8.831E-02  8.637E-02  8.444E-02  8.253E-02  8.064E-02  7.878E-02  7.692E-02  7.509E-02  7.327E-02  7.146E-02  6.968E-02  6.791E-02  6.616E-02  6.443E-02  6.271E-02  6.101E-02  5.934E-02  5.767E-02  5.602E-02  5.439E-02  5.277E-02  5.117E-02  4.960E-02
  380.5000  2.093E-01  2.063E-01  2.033E-01  2.003E-01  1.973E-01  1.943E-01  1.914E-01  1.885E-01  1.855E-01  1.826E-01  1.798E-01  1.769E-01  1.740E-01  1.712E-01  1.684E-01  1.656E-01  1.628E-01  1.600E-01  1.573E-01  1.545E-01  1.518E-01  1.491E-01  1.464E-01  1.438E-01  1.411E-01  1.385E-01  1.359E-01  1.333E-01  1.308E-01  1.282E-01  1.257E-01  1.232E-01  1.207E-01  1.183E-01  1.158E-01  1.134E-01  1.110E-01  1.086E-01  1.063E-01  1.039E-01  1.016E-01  9.932E-02  9.705E-02  9.480E-02  9.256E-02  9.035E-02  8.816E-02  8.599E-02  8.385E-02  8.172E-02  7.961E-02  7.753E-02  7.546E-02  7.341E-02  7.139E-02  6.939E-02  6.741E-02  6.544E-02  6.350E-02  6.157E-02  5.968E-02
  381.5000  1.969E-01  1.940E-01  1.912E-01  1.884E-01  1.856E-01  1.828E-01  1.800E-01  1.773E-01  1.745E-01  1.718E-01  1.691E-01  1.664E-01  1.637E-01  1.610E-01  1.584E-01  1.557E-01  1.531E-01  1.505E-01  1.479E-01  1.453E-01  1.428E-01  1.402E-01  1.377E-01  1.352E-01  1.327E-01  1.303E-01  1.278E-01  1.254E-01  1.230E-01  1.206E-01  1.182E-01  1.159E-01  1.135E-01  1.112E-01  1.089E-01  1.066E-01  1.044E-01  1.021E-01  9.993E-02  9.773E-02  9.555E-02  9.339E-02  9.125E-02  8.913E-02  8.703E-02  8.495E-02  8.289E-02  8.085E-02  7.883E-02  7.683E-02  7.485E-02  7.289E-02  7.094E-02  6.902E-02  6.712E-02  6.524E-02  6.337E-02  6.152E-02  5.970E-02  5.789E-02  5.610E-02
  382.5000  1.313E-01  1.294E-01  1.275E-01  1.257E-01  1.238E-01  1.219E-01  1.201E-01  1.182E-01  1.164E-01  1.146E-01  1.128E-01  1.110E-01  1.092E-01  1.074E-01  1.056E-01  1.039E-01  1.021E-01  1.004E-01  9.865E-02  9.693E-02  9.523E-02  9.353E-02  9.185E-02  9.018E-02  8.852E-02  8.688E-02  8.525E-02  8.362E-02  8.201E-02  8.042E-02  7.883E-02  7.727E-02  7.571E-02  7.416E-02  7.263E-02  7.111E-02  6.960E-02  6.811E-02  6.663E-02  6.516E-02  6.371E-02  6.227E-02  6.084E-02  5.943E-02  5.803E-02  5.664E-02  5.526E-02  5.390E-02  5.256E-02  5.122E-02  4.990E-02  4.859E-02  4.729E-02  4.601E-02  4.475E-02  4.349E-02  4.224E-02  4.101E-02  3.979E-02  3.859E-02  3.740E-02
  383.5000  1.154E-01  1.138E-01  1.121E-01  1.105E-01  1.088E-01  1.072E-01  1.055E-01  1.039E-01  1.023E-01  1.007E-01  9.912E-02  9.754E-02  9.596E-02  9.439E-02  9.283E-02  9.129E-02  8.975E-02  8.822E-02  8.670E-02  8.519E-02  8.369E-02  8.220E-02  8.072E-02  7.926E-02  7.780E-02  7.635E-02  7.492E-02  7.349E-02  7.207E-02  7.067E-02  6.928E-02  6.790E-02  6.653E-02  6.517E-02  6.382E-02  6.248E-02  6.116E-02  5.985E-02  5.855E-02  5.725E-02  5.598E-02  5.471E-02  5.345E-02  5.221E-02  5.098E-02  4.976E-02  4.855E-02  4.736E-02  4.617E-02  4.500E-02  4.384E-02  4.269E-02  4.155E-02  4.042E-02  3.931E-02  3.820E-02  3.711E-02  3.603E-02  3.496E-02  3.390E-02  3.285E-02
  384.5000  1.734E-01  1.709E-01  1.684E-01  1.659E-01  1.635E-01  1.610E-01  1.586E-01  1.561E-01  1.537E-01  1.513E-01  1.489E-01  1.465E-01  1.441E-01  1.418E-01  1.394E-01  1.371E-01  1.348E-01  1.325E-01  1.302E-01  1.280E-01  1.257E-01  1.235E-01  1.212E-01  1.190E-01  1.168E-01  1.147E-01  1.125E-01  1.104E-01  1.082E-01  1.061E-01  1.040E-01  1.020E-01  9.991E-02  9.787E-02  9.584E-02  9.383E-02  9.184E-02  8.987E-02  8.792E-02  8.598E-02  8.406E-02  8.215E-02  8.026E-02  7.840E-02  7.655E-02  7.472E-02  7.290E-02  7.110E-02  6.933E-02  6.757E-02  6.582E-02  6.409E-02  6.238E-02  6.069E-02  5.902E-02  5.736E-02  5.572E-02  5.409E-02  5.249E-02  5.089E-02  4.933E-02
  385.5000  1.717E-01  1.693E-01  1.668E-01  1.643E-01  1.619E-01  1.594E-01  1.570E-01  1.546E-01  1.522E-01  1.498E-01  1.475E-01  1.451E-01  1.427E-01  1.404E-01  1.381E-01  1.358E-01  1.335E-01  1.312E-01  1.290E-01  1.267E-01  1.245E-01  1.223E-01  1.201E-01  1.179E-01  1.157E-01  1.135E-01  1.114E-01  1.093E-01  1.072E-01  1.051E-01  1.030E-01  1.010E-01  9.892E-02  9.690E-02  9.489E-02  9.290E-02  9.093E-02  8.898E-02  8.704E-02  8.512E-02  8.321E-02  8.133E-02  7.946E-02  7.761E-02  7.578E-02  7.396E-02  7.217E-02  7.039E-02  6.863E-02  6.688E-02  6.515E-02  6.344E-02  6.175E-02  6.007E-02  5.842E-02  5.678E-02  5.515E-02  5.354E-02  5.195E-02  5.038E-02  4.882E-02
  386.5000  1.752E-01  1.727E-01  1.702E-01  1.677E-01  1.652E-01  1.627E-01  1.602E-01  1.577E-01  1.553E-01  1.529E-01  1.504E-01  1.480E-01  1.456E-01  1.433E-01  1.409E-01  1.385E-01  1.362E-01  1.339E-01  1.316E-01  1.293E-01  1.270E-01  1.247E-01  1.225E-01  1.203E-01  1.180E-01  1.158E-01  1.137E-01  1.115E-01  1.093E-01  1.072E-01  1.051E-01  1.030E-01  1.009E-01  9.884E-02  9.679E-02  9.476E-02  9.275E-02  9.076E-02  8.878E-02  8.682E-02  8.487E-02  8.295E-02  8.104E-02  7.916E-02  7.729E-02  7.544E-02  7.360E-02  7.178E-02  6.999E-02  6.821E-02  6.644E-02  6.470E-02  6.297E-02  6.126E-02  5.957E-02  5.790E-02  5.624E-02  5.460E-02  5.298E-02  5.137E-02  4.979E-02
  387.5000  1.630E-01  1.607E-01  1.583E-01  1.560E-01  1.537E-01  1.513E-01  1.490E-01  1.467E-01  1.445E-01  1.422E-01  1.400E-01  1.377E-01  1.355E-01  1.333E-01  1.311E-01  1.289E-01  1.267E-01  1.245E-01  1.224E-01  1.202E-01  1.181E-01  1.160E-01  1.139E-01  1.119E-01  1.098E-01  1.077E-01  1.057E-01  1.037E-01  1.017E-01  9.971E-02  9.774E-02  9.579E-02  9.385E-02  9.192E-02  9.002E-02  8.813E-02  8.625E-02  8.440E-02  8.256E-02  8.073E-02  7.893E-02  7.714E-02  7.536E-02  7.361E-02  7.187E-02  7.014E-02  6.844E-02  6.675E-02  6.508E-02  6.342E-02  6.178E-02  6.016E-02  5.855E-02  5.696E-02  5.539E-02  5.383E-02  5.229E-02  5.076E-02  4.925E-02  4.776E-02  4.629E-02
  388.5000  1.636E-01  1.612E-01  1.588E-01  1.565E-01  1.542E-01  1.518E-01  1.495E-01  1.472E-01  1.449E-01  1.427E-01  1.404E-01  1.382E-01  1.359E-01  1.337E-01  1.315E-01  1.293E-01  1.271E-01  1.249E-01  1.228E-01  1.206E-01  1.185E-01  1.164E-01  1.143E-01  1.122E-01  1.101E-01  1.081E-01  1.060E-01  1.040E-01  1.020E-01  1.000E-01  9.804E-02  9.608E-02  9.413E-02  9.220E-02  9.029E-02  8.839E-02  8.651E-02  8.465E-02  8.280E-02  8.097E-02  7.916E-02  7.736E-02  7.558E-02  7.382E-02  7.207E-02  7.034E-02  6.863E-02  6.693E-02  6.526E-02  6.360E-02  6.195E-02  6.032E-02  5.871E-02  5.711E-02  5.554E-02  5.398E-02  5.243E-02  5.090E-02  4.939E-02  4.789E-02  4.641E-02
  389.5000  2.065E-01  2.035E-01  2.005E-01  1.975E-01  1.946E-01  1.917E-01  1.888E-01  1.858E-01  1.830E-01  1.801E-01  1.772E-01  1.744E-01  1.716E-01  1.688E-01  1.660E-01  1.632E-01  1.604E-01  1.577E-01  1.550E-01  1.523E-01  1.496E-01  1.469E-01  1.443E-01  1.416E-01  1.390E-01  1.364E-01  1.338E-01  1.313E-01  1.287E-01  1.262E-01  1.237E-01  1.213E-01  1.188E-01  1.164E-01  1.139E-01  1.115E-01  1.092E-01  1.068E-01  1.045E-01  1.022E-01  9.989E-02  9.762E-02  9.537E-02  9.315E-02  9.094E-02  8.876E-02  8.659E-02  8.445E-02  8.234E-02  8.024E-02  7.816E-02  7.611E-02  7.407E-02  7.206E-02  7.007E-02  6.810E-02  6.615E-02  6.422E-02  6.231E-02  6.042E-02  5.855E-02
  390.5000  2.030E-01  2.001E-01  1.971E-01  1.942E-01  1.913E-01  1.885E-01  1.856E-01  1.827E-01  1.799E-01  1.771E-01  1.743E-01  1.715E-01  1.687E-01  1.659E-01  1.632E-01  1.605E-01  1.577E-01  1.550E-01  1.524E-01  1.497E-01  1.471E-01  1.444E-01  1.418E-01  1.392E-01  1.367E-01  1.341E-01  1.316E-01  1.291E-01  1.266E-01  1.241E-01  1.216E-01  1.192E-01  1.168E-01  1.144E-01  1.120E-01  1.096E-01  1.073E-01  1.050E-01  1.027E-01  1.004E-01  9.818E-02  9.594E-02  9.373E-02  9.155E-02  8.938E-02  8.723E-02  8.510E-02  8.300E-02  8.092E-02  7.886E-02  7.681E-02  7.479E-02  7.279E-02  7.081E-02  6.886E-02  6.692E-02  6.500E-02  6.310E-02  6.123E-02  5.937E-02  5.754E-02
  391.5000  2.411E-01  2.376E-01  2.341E-01  2.307E-01  2.272E-01  2.238E-01  2.204E-01  2.170E-01  2.136E-01  2.103E-01  2.070E-01  2.036E-01  2.003E-01  1.970E-01  1.938E-01  1.905E-01  1.873E-01  1.841E-01  1.809E-01  1.778E-01  1.746E-01  1.715E-01  1.684E-01  1.653E-01  1.623E-01  1.592E-01  1.562E-01  1.532E-01  1.503E-01  1.473E-01  1.444E-01  1.415E-01  1.387E-01  1.358E-01  1.330E-01  1.302E-01  1.274E-01  1.247E-01  1.219E-01  1.192E-01  1.166E-01  1.139E-01  1.113E-01  1.087E-01  1.061E-01  1.036E-01  1.010E-01  9.852E-02  9.606E-02  9.360E-02  9.118E-02  8.878E-02  8.640E-02  8.405E-02  8.173E-02  7.943E-02  7.715E-02  7.490E-02  7.267E-02  7.047E-02  6.829E-02
  392.5000  1.810E-01  1.784E-01  1.758E-01  1.732E-01  1.706E-01  1.680E-01  1.655E-01  1.629E-01  1.604E-01  1.579E-01  1.554E-01  1.529E-01  1.504E-01  1.479E-01  1.455E-01  1.430E-01  1.406E-01  1.382E-01  1.358E-01  1.334E-01  1.311E-01  1.287E-01  1.264E-01  1.241E-01  1.218E-01  1.195E-01  1.173E-01  1.150E-01  1.128E-01  1.106E-01  1.084E-01  1.062E-01  1.041E-01  1.019E-01  9.980E-02  9.769E-02  9.561E-02  9.355E-02  9.150E-02  8.947E-02  8.746E-02  8.547E-02  8.350E-02  8.155E-02  7.962E-02  7.770E-02  7.580E-02  7.392E-02  7.207E-02  7.023E-02  6.841E-02  6.661E-02  6.482E-02  6.306E-02  6.132E-02  5.959E-02  5.788E-02  5.619E-02  5.452E-02  5.286E-02  5.123E-02
  393.5000  7.877E-02  7.763E-02  7.649E-02  7.536E-02  7.424E-02  7.312E-02  7.201E-02  7.090E-02  6.979E-02  6.870E-02  6.761E-02  6.652E-02  6.544E-02  6.437E-02  6.330E-02  6.225E-02  6.119E-02  6.014E-02  5.910E-02  5.807E-02  5.704E-02  5.602E-02  5.501E-02  5.400E-02  5.300E-02  5.201E-02  5.103E-02  5.005E-02  4.908E-02  4.811E-02  4.716E-02  4.622E-02  4.528E-02  4.434E-02  4.342E-02  4.250E-02  4.160E-02  4.070E-02  3.981E-02  3.893E-02  3.805E-02  3.718E-02  3.632E-02  3.548E-02  3.463E-02  3.380E-02  3.297E-02  3.216E-02  3.135E-02  3.055E-02  2.976E-02  2.897E-02  2.820E-02  2.743E-02  2.667E-02  2.592E-02  2.518E-02  2.444E-02  2.371E-02  2.299E-02  2.228E-02
  394.5000  1.855E-01  1.829E-01  1.802E-01  1.775E-01  1.749E-01  1.722E-01  1.696E-01  1.670E-01  1.644E-01  1.618E-01  1.593E-01  1.567E-01  1.542E-01  1.516E-01  1.491E-01  1.466E-01  1.441E-01  1.417E-01  1.392E-01  1.368E-01  1.344E-01  1.319E-01  1.296E-01  1.272E-01  1.248E-01  1.225E-01  1.202E-01  1.179E-01  1.156E-01  1.133E-01  1.111E-01  1.088E-01  1.066E-01  1.044E-01  1.023E-01  1.001E-01  9.795E-02  9.584E-02  9.374E-02  9.166E-02  8.960E-02  8.755E-02  8.553E-02  8.353E-02  8.155E-02  7.958E-02  7.764E-02  7.571E-02  7.381E-02  7.192E-02  7.006E-02  6.821E-02  6.638E-02  6.457E-02  6.279E-02  6.102E-02  5.927E-02  5.754E-02  5.582E-02  5.413E-02  5.246E-02
  395.5000  2.390E-01  2.355E-01  2.321E-01  2.286E-01  2.252E-01  2.218E-01  2.185E-01  2.151E-01  2.117E-01  2.084E-01  2.051E-01  2.018E-01  1.985E-01  1.953E-01  1.920E-01  1.888E-01  1.856E-01  1.824E-01  1.793E-01  1.761E-01  1.730E-01  1.699E-01  1.668E-01  1.638E-01  1.607E-01  1.577E-01  1.548E-01  1.518E-01  1.488E-01  1.459E-01  1.430E-01  1.401E-01  1.373E-01  1.345E-01  1.317E-01  1.289E-01  1.261E-01  1.234E-01  1.207E-01  1.180E-01  1.154E-01  1.127E-01  1.101E-01  1.075E-01  1.050E-01  1.025E-01  9.995E-02  9.747E-02  9.502E-02  9.259E-02  9.018E-02  8.780E-02  8.545E-02  8.312E-02  8.082E-02  7.854E-02  7.629E-02  7.406E-02  7.185E-02  6.967E-02  6.752E-02
  396.5000  1.405E-01  1.384E-01  1.364E-01  1.344E-01  1.324E-01  1.304E-01  1.284E-01  1.264E-01  1.245E-01  1.225E-01  1.206E-01  1.186E-01  1.167E-01  1.148E-01  1.129E-01  1.110E-01  1.091E-01  1.072E-01  1.054E-01  1.035E-01  1.017E-01  9.987E-02  9.806E-02  9.626E-02  9.447E-02  9.270E-02  9.095E-02  8.920E-02  8.747E-02  8.575E-02  8.404E-02  8.236E-02  8.068E-02  7.902E-02  7.737E-02  7.573E-02  7.411E-02  7.251E-02  7.092E-02  6.934E-02  6.778E-02  6.623E-02  6.470E-02  6.318E-02  6.168E-02  6.019E-02  5.872E-02  5.726E-02  5.582E-02  5.439E-02  5.298E-02  5.158E-02  5.020E-02  4.883E-02  4.748E-02  4.614E-02  4.481E-02  4.350E-02  4.221E-02  4.093E-02  3.966E-02
  397.5000  1.622E-01  1.599E-01  1.576E-01  1.552E-01  1.529E-01  1.506E-01  1.483E-01  1.460E-01  1.438E-01  1.415E-01  1.392E-01  1.370E-01  1.348E-01  1.326E-01  1.304E-01  1.282E-01  1.260E-01  1.238E-01  1.217E-01  1.196E-01  1.174E-01  1.153E-01  1.133E-01  1.112E-01  1.091E-01  1.071E-01  1.050E-01  1.030E-01  1.010E-01  9.903E-02  9.706E-02  9.511E-02  9.317E-02  9.125E-02  8.934E-02  8.745E-02  8.558E-02  8.373E-02  8.189E-02  8.007E-02  7.826E-02  7.647E-02  7.470E-02  7.295E-02  7.122E-02  6.950E-02  6.780E-02  6.611E-02  6.445E-02  6.280E-02  6.117E-02  5.955E-02  5.795E-02  5.637E-02  5.481E-02  5.327E-02  5.174E-02  5.022E-02  4.873E-02  4.725E-02  4.579E-02
  398.5000  2.791E-01  2.750E-01  2.710E-01  2.670E-01  2.630E-01  2.591E-01  2.551E-01  2.512E-01  2.473E-01  2.434E-01  2.395E-01  2.357E-01  2.318E-01  2.280E-01  2.242E-01  2.205E-01  2.167E-01  2.130E-01  2.093E-01  2.056E-01  2.020E-01  1.984E-01  1.948E-01  1.912E-01  1.876E-01  1.841E-01  1.806E-01  1.772E-01  1.737E-01  1.703E-01  1.669E-01  1.636E-01  1.602E-01  1.569E-01  1.536E-01  1.504E-01  1.472E-01  1.440E-01  1.408E-01  1.377E-01  1.346E-01  1.315E-01  1.284E-01  1.254E-01  1.224E-01  1.195E-01  1.166E-01  1.137E-01  1.108E-01  1.080E-01  1.052E-01  1.024E-01  9.963E-02  9.691E-02  9.423E-02  9.157E-02  8.894E-02  8.633E-02  8.376E-02  8.122E-02  7.871E-02
  399.5000  2.906E-01  2.864E-01  2.822E-01  2.780E-01  2.739E-01  2.697E-01  2.656E-01  2.615E-01  2.574E-01  2.534E-01  2.494E-01  2.453E-01  2.414E-01  2.374E-01  2.334E-01  2.295E-01  2.256E-01  2.218E-01  2.179E-01  2.141E-01  2.103E-01  2.065E-01  2.028E-01  1.990E-01  1.953E-01  1.917E-01  1.880E-01  1.844E-01  1.808E-01  1.773E-01  1.737E-01  1.702E-01  1.668E-01  1.633E-01  1.599E-01  1.565E-01  1.532E-01  1.499E-01  1.466E-01  1.433E-01  1.401E-01  1.369E-01  1.337E-01  1.305E-01  1.274E-01  1.244E-01  1.213E-01  1.183E-01  1.153E-01  1.124E-01  1.094E-01  1.065E-01  1.037E-01  1.008E-01  9.805E-02  9.528E-02  9.254E-02  8.983E-02  8.715E-02  8.451E-02  8.190E-02
------------------------------------------------------------
Dose rates,W m-2
   1 = UV index (WMO, 1994; Webb et al., 2011)           
   2 = Previtamin-D3 (CIE 2006)                          
values at z =      0.025 km
Columns: time,sza,weighting spectra
time,hrs.  sza,deg.          1          2
   18.0000     71.226  7.274E-01  2.134E-02
   18.0167     71.433  7.116E-01  2.072E-02
   18.0333     71.641  6.961E-01  2.011E-02
   18.0500     71.848  6.808E-01  1.951E-02
   18.0667     72.055  6.657E-01  1.892E-02
   18.0833     72.262  6.508E-01  1.835E-02
   18.1000     72.469  6.361E-01  1.779E-02
   18.1167     72.677  6.217E-01  1.724E-02
   18.1333     72.884  6.075E-01  1.671E-02
   18.1500     73.090  5.936E-01  1.618E-02
   18.1667     73.297  5.798E-01  1.567E-02
   18.1833     73.504  5.662E-01  1.517E-02
   18.2000     73.710  5.529E-01  1.468E-02
   18.2167     73.917  5.398E-01  1.421E-02
   18.2333     74.124  5.269E-01  1.374E-02
   18.2500     74.330  5.142E-01  1.329E-02
   18.2667     74.536  5.017E-01  1.285E-02
   18.2833     74.742  4.894E-01  1.242E-02
   18.3000     74.949  4.774E-01  1.199E-02
   18.3167     75.155  4.655E-01  1.158E-02
   18.3333     75.360  4.538E-01  1.119E-02
   18.3500     75.566  4.424E-01  1.080E-02
   18.3667     75.772  4.311E-01  1.042E-02
   18.3833     75.978  4.200E-01  1.005E-02
   18.4000     76.184  4.091E-01  9.692E-03
   18.4167     76.389  3.984E-01  9.343E-03
   18.4333     76.594  3.880E-01  9.005E-03
   18.4500     76.800  3.776E-01  8.675E-03
   18.4667     77.005  3.675E-01  8.355E-03
   18.4833     77.210  3.576E-01  8.044E-03
   18.5000     77.415  3.478E-01  7.742E-03
   18.5167     77.620  3.382E-01  7.450E-03
   18.5333     77.825  3.288E-01  7.166E-03
   18.5500     78.029  3.196E-01  6.890E-03
   18.5667     78.234  3.106E-01  6.622E-03
   18.5833     78.439  3.017E-01  6.363E-03
   18.6000     78.643  2.930E-01  6.112E-03
   18.6167     78.847  2.845E-01  5.870E-03
   18.6333     79.052  2.761E-01  5.634E-03
   18.6500     79.256  2.679E-01  5.406E-03
   18.6667     79.460  2.598E-01  5.186E-03
   18.6833     79.664  2.519E-01  4.973E-03
   18.7000     79.868  2.442E-01  4.767E-03
   18.7167     80.071  2.367E-01  4.569E-03
   18.7333     80.275  2.292E-01  4.377E-03
   18.7500     80.478  2.220E-01  4.191E-03
   18.7667     80.682  2.149E-01  4.012E-03
   18.7833     80.885  2.079E-01  3.839E-03
   18.8000     81.088  2.011E-01  3.673E-03
   18.8167     81.291  1.944E-01  3.513E-03
   18.8333     81.494  1.879E-01  3.358E-03
   18.8500     81.697  1.815E-01  3.209E-03
   18.8667     81.899  1.752E-01  3.066E-03
   18.8833     82.102  1.691E-01  2.928E-03
   18.9000     82.304  1.632E-01  2.795E-03
   18.9167     82.506  1.573E-01  2.668E-03
   18.9333     82.709  1.516E-01  2.545E-03
   18.9500     82.911  1.460E-01  2.427E-03
   18.9667     83.113  1.406E-01  2.314E-03
   18.9833     83.315  1.352E-01  2.205E-03
   19.0000     83.516  1.300E-01  2.101E-03
------------------------------------------------------------
