Spectral Irradiance,W m-2 nm-1
values at z =      0.025 km
Columns: wavelength (nm),times (hrs.) or sza (deg.)
    wc,nm     18.000     18.017     18.033     18.050     18.067     18.083     18.100     18.117     18.133     18.150     18.167     18.183     18.200     18.217     18.233     18.250     18.267     18.283     18.300     18.317     18.333     18.350     18.367     18.383     18.400     18.417     18.433     18.450     18.467     18.483     18.500     18.517     18.533     18.550     18.567     18.583     18.600     18.617     18.633     18.650     18.667     18.683     18.700     18.717     18.733     18.750     18.767     18.783     18.800     18.817     18.833     18.850     18.867     18.883     18.900     18.917     18.933     18.950     18.967     18.983     19.000
    sza =      69.319     69.525     69.731     69.936     70.142     70.348     70.553     70.759     70.964     71.169     71.374     71.579     71.784     71.989     72.194     72.398     72.602     72.807     73.011     73.215     73.419     73.623     73.827     74.031     74.234     74.438     74.641     74.844     75.048     75.251     75.454     75.656     75.859     76.062     76.265     76.467     76.670     76.871     77.073     77.276     77.477     77.679     77.881     78.082     78.283     78.485     78.686     78.887     79.087     79.288     79.488     79.689     79.889     80.090     80.289     80.489     80.689     80.888     81.088     81.287     81.486
  280.5000  1.803E-24  1.772E-24  1.741E-24  1.712E-24  1.683E-24  1.655E-24  1.628E-24  1.601E-24  1.576E-24  1.550E-24  1.526E-24  1.502E-24  1.478E-24  1.455E-24  1.433E-24  1.411E-24  1.389E-24  1.368E-24  1.347E-24  1.327E-24  1.307E-24  1.288E-24  1.269E-24  1.250E-24  1.232E-24  1.214E-24  1.196E-24  1.179E-24  1.161E-24  1.144E-24  1.128E-24  1.112E-24  1.095E-24  1.080E-24  1.064E-24  1.048E-24  1.033E-24  1.018E-24  1.004E-24  9.889E-25  9.745E-25  9.602E-25  9.462E-25  9.323E-25  9.185E-25  9.049E-25  8.915E-25  8.782E-25  8.650E-25  8.520E-25  8.391E-25  8.262E-25  8.136E-25  8.010E-25  7.885E-25  7.762E-25  7.639E-25  7.517E-25  7.396E-25  7.275E-25  7.156E-25
  281.5000  2.949E-22  2.897E-22  2.846E-22  2.796E-22  2.748E-22  2.701E-22  2.655E-22  2.611E-22  2.568E-22  2.526E-22  2.484E-22  2.444E-22  2.405E-22  2.367E-22  2.329E-22  2.293E-22  2.257E-22  2.222E-22  2.188E-22  2.154E-22  2.121E-22  2.089E-22  2.057E-22  2.026E-22  1.996E-22  1.966E-22  1.937E-22  1.908E-22  1.880E-22  1.852E-22  1.824E-22  1.798E-22  1.771E-22  1.745E-22  1.719E-22  1.694E-22  1.669E-22  1.644E-22  1.620E-22  1.596E-22  1.573E-22  1.549E-22  1.526E-22  1.504E-22  1.481E-22  1.459E-22  1.437E-22  1.415E-22  1.394E-22  1.372E-22  1.351E-22  1.330E-22  1.310E-22  1.289E-22  1.269E-22  1.249E-22  1.229E-22  1.209E-22  1.189E-22  1.170E-22  1.151E-22
  282.5000  1.617E-20  1.587E-20  1.558E-20  1.531E-20  1.504E-20  1.477E-20  1.452E-20  1.427E-20  1.402E-20  1.379E-20  1.356E-20  1.333E-20  1.311E-20  1.290E-20  1.269E-20  1.249E-20  1.229E-20  1.209E-20  1.190E-20  1.172E-20  1.153E-20  1.135E-20  1.118E-20  1.101E-20  1.084E-20  1.067E-20  1.051E-20  1.035E-20  1.020E-20  1.004E-20  9.891E-21  9.742E-21  9.596E-21  9.452E-21  9.310E-21  9.171E-21  9.033E-21  8.899E-21  8.765E-21  8.634E-21  8.504E-21  8.376E-21  8.250E-21  8.125E-21  8.002E-21  7.880E-21  7.760E-21  7.641E-21  7.524E-21  7.408E-21  7.292E-21  7.179E-21  7.066E-21  6.954E-21  6.844E-21  6.734E-21  6.625E-21  6.517E-21  6.410E-21  6.304E-21  6.199E-21
  283.5000  1.970E-19  1.933E-19  1.898E-19  1.863E-19  1.830E-19  1.797E-19  1.765E-19  1.734E-19  1.704E-19  1.675E-19  1.647E-19  1.619E-19  1.592E-19  1.565E-19  1.540E-19  1.515E-19  1.490E-19  1.466E-19  1.442E-19  1.419E-19  1.397E-19  1.375E-19  1.353E-19  1.332E-19  1.312E-19  1.291E-19  1.271E-19  1.252E-19  1.233E-19  1.214E-19  1.195E-19  1.177E-19  1.159E-19  1.142E-19  1.124E-19  1.107E-19  1.090E-19  1.074E-19  1.058E-19  1.042E-19  1.026E-19  1.010E-19  9.948E-20  9.797E-20  9.646E-20  9.498E-20  9.352E-20  9.207E-20  9.064E-20  8.923E-20  8.783E-20  8.645E-20  8.508E-20  8.372E-20  8.238E-20  8.105E-20  7.973E-20  7.842E-20  7.712E-20  7.583E-20  7.456E-20
  284.5000  1.159E-17  1.136E-17  1.114E-17  1.093E-17  1.073E-17  1.053E-17  1.033E-17  1.015E-17  9.964E-18  9.787E-18  9.614E-18  9.446E-18  9.282E-18  9.122E-18  8.966E-18  8.815E-18  8.666E-18  8.522E-18  8.380E-18  8.242E-18  8.108E-18  7.975E-18  7.846E-18  7.720E-18  7.596E-18  7.474E-18  7.356E-18  7.239E-18  7.125E-18  7.013E-18  6.902E-18  6.795E-18  6.688E-18  6.584E-18  6.481E-18  6.380E-18  6.281E-18  6.184E-18  6.088E-18  5.993E-18  5.900E-18  5.808E-18  5.717E-18  5.628E-18  5.540E-18  5.453E-18  5.367E-18  5.282E-18  5.199E-18  5.116E-18  5.034E-18  4.953E-18  4.873E-18  4.794E-18  4.716E-18  4.638E-18  4.561E-18  4.485E-18  4.410E-18  4.335E-18  4.261E-18
  285.5000  1.490E-16  1.460E-16  1.431E-16  1.403E-16  1.375E-16  1.349E-16  1.323E-16  1.298E-16  1.274E-16  1.251E-16  1.228E-16  1.206E-16  1.184E-16  1.163E-16  1.143E-16  1.123E-16  1.103E-16  1.084E-16  1.066E-16  1.048E-16  1.030E-16  1.013E-16  9.959E-17  9.793E-17  9.632E-17  9.474E-17  9.319E-17  9.168E-17  9.019E-17  8.873E-17  8.730E-17  8.590E-17  8.452E-17  8.317E-17  8.184E-17  8.054E-17  7.926E-17  7.800E-17  7.676E-17  7.554E-17  7.434E-17  7.315E-17  7.199E-17  7.084E-17  6.971E-17  6.859E-17  6.749E-17  6.640E-17  6.534E-17  6.428E-17  6.323E-17  6.220E-17  6.117E-17  6.016E-17  5.917E-17  5.818E-17  5.720E-17  5.623E-17  5.527E-17  5.432E-17  5.338E-17
  286.5000  4.810E-15  4.710E-15  4.613E-15  4.520E-15  4.430E-15  4.342E-15  4.257E-15  4.174E-15  4.094E-15  4.017E-15  3.942E-15  3.868E-15  3.797E-15  3.728E-15  3.660E-15  3.595E-15  3.531E-15  3.468E-15  3.407E-15  3.348E-15  3.290E-15  3.234E-15  3.178E-15  3.124E-15  3.071E-15  3.020E-15  2.969E-15  2.920E-15  2.871E-15  2.824E-15  2.777E-15  2.732E-15  2.687E-15  2.643E-15  2.600E-15  2.557E-15  2.516E-15  2.475E-15  2.435E-15  2.395E-15  2.357E-15  2.318E-15  2.281E-15  2.244E-15  2.207E-15  2.171E-15  2.136E-15  2.101E-15  2.066E-15  2.032E-15  1.999E-15  1.965E-15  1.933E-15  1.900E-15  1.868E-15  1.836E-15  1.805E-15  1.774E-15  1.743E-15  1.713E-15  1.683E-15
  287.5000  8.526E-14  8.341E-14  8.162E-14  7.991E-14  7.824E-14  7.663E-14  7.507E-14  7.356E-14  7.210E-14  7.068E-14  6.931E-14  6.797E-14  6.667E-14  6.541E-14  6.418E-14  6.299E-14  6.183E-14  6.070E-14  5.960E-14  5.852E-14  5.748E-14  5.645E-14  5.546E-14  5.448E-14  5.353E-14  5.260E-14  5.169E-14  5.080E-14  4.993E-14  4.908E-14  4.825E-14  4.743E-14  4.663E-14  4.585E-14  4.508E-14  4.432E-14  4.358E-14  4.285E-14  4.214E-14  4.144E-14  4.075E-14  4.007E-14  3.940E-14  3.875E-14  3.810E-14  3.746E-14  3.684E-14  3.622E-14  3.561E-14  3.501E-14  3.442E-14  3.383E-14  3.326E-14  3.269E-14  3.213E-14  3.157E-14  3.102E-14  3.048E-14  2.994E-14  2.941E-14  2.889E-14
  288.5000  1.488E-12  1.454E-12  1.421E-12  1.389E-12  1.359E-12  1.329E-12  1.301E-12  1.273E-12  1.247E-12  1.221E-12  1.196E-12  1.172E-12  1.148E-12  1.126E-12  1.104E-12  1.082E-12  1.061E-12  1.041E-12  1.021E-12  1.002E-12  9.833E-13  9.650E-13  9.472E-13  9.298E-13  9.129E-13  8.964E-13  8.803E-13  8.645E-13  8.491E-13  8.340E-13  8.192E-13  8.049E-13  7.907E-13  7.769E-13  7.634E-13  7.501E-13  7.371E-13  7.243E-13  7.118E-13  6.995E-13  6.875E-13  6.756E-13  6.640E-13  6.526E-13  6.413E-13  6.302E-13  6.194E-13  6.086E-13  5.981E-13  5.877E-13  5.775E-13  5.674E-13  5.574E-13  5.476E-13  5.380E-13  5.284E-13  5.190E-13  5.096E-13  5.004E-13  4.913E-13  4.823E-13
  289.5000  2.023E-11  1.973E-11  1.926E-11  1.881E-11  1.838E-11  1.796E-11  1.755E-11  1.716E-11  1.679E-11  1.643E-11  1.608E-11  1.574E-11  1.541E-11  1.509E-11  1.478E-11  1.449E-11  1.420E-11  1.391E-11  1.364E-11  1.337E-11  1.311E-11  1.286E-11  1.262E-11  1.238E-11  1.214E-11  1.192E-11  1.169E-11  1.148E-11  1.127E-11  1.106E-11  1.086E-11  1.066E-11  1.047E-11  1.028E-11  1.009E-11  9.912E-12  9.734E-12  9.561E-12  9.391E-12  9.223E-12  9.060E-12  8.899E-12  8.741E-12  8.586E-12  8.434E-12  8.284E-12  8.137E-12  7.993E-12  7.851E-12  7.711E-12  7.573E-12  7.437E-12  7.304E-12  7.172E-12  7.043E-12  6.914E-12  6.788E-12  6.663E-12  6.540E-12  6.419E-12  6.299E-12
  290.5000  1.760E-10  1.714E-10  1.671E-10  1.629E-10  1.589E-10  1.551E-10  1.514E-10  1.479E-10  1.445E-10  1.413E-10  1.381E-10  1.351E-10  1.321E-10  1.293E-10  1.265E-10  1.239E-10  1.213E-10  1.188E-10  1.164E-10  1.140E-10  1.117E-10  1.095E-10  1.073E-10  1.052E-10  1.032E-10  1.012E-10  9.921E-11  9.730E-11  9.545E-11  9.364E-11  9.187E-11  9.015E-11  8.846E-11  8.681E-11  8.520E-11  8.362E-11  8.208E-11  8.057E-11  7.909E-11  7.764E-11  7.622E-11  7.483E-11  7.346E-11  7.212E-11  7.081E-11  6.952E-11  6.825E-11  6.700E-11  6.578E-11  6.458E-11  6.339E-11  6.223E-11  6.108E-11  5.995E-11  5.884E-11  5.774E-11  5.666E-11  5.560E-11  5.455E-11  5.351E-11  5.249E-11
  291.5000  1.372E-09  1.333E-09  1.296E-09  1.260E-09  1.227E-09  1.195E-09  1.164E-09  1.135E-09  1.107E-09  1.080E-09  1.054E-09  1.029E-09  1.005E-09  9.823E-10  9.601E-10  9.387E-10  9.180E-10  8.980E-10  8.786E-10  8.598E-10  8.417E-10  8.240E-10  8.069E-10  7.902E-10  7.740E-10  7.583E-10  7.430E-10  7.281E-10  7.135E-10  6.994E-10  6.856E-10  6.721E-10  6.590E-10  6.462E-10  6.336E-10  6.214E-10  6.094E-10  5.978E-10  5.863E-10  5.751E-10  5.642E-10  5.534E-10  5.429E-10  5.326E-10  5.225E-10  5.126E-10  5.029E-10  4.934E-10  4.841E-10  4.749E-10  4.658E-10  4.570E-10  4.482E-10  4.397E-10  4.312E-10  4.229E-10  4.148E-10  4.067E-10  3.988E-10  3.910E-10  3.833E-10
  292.5000  7.100E-09  6.873E-09  6.659E-09  6.457E-09  6.267E-09  6.086E-09  5.915E-09  5.752E-09  5.597E-09  5.450E-09  5.309E-09  5.174E-09  5.045E-09  4.922E-09  4.803E-09  4.689E-09  4.579E-09  4.473E-09  4.371E-09  4.272E-09  4.177E-09  4.085E-09  3.995E-09  3.908E-09  3.824E-09  3.743E-09  3.664E-09  3.587E-09  3.512E-09  3.439E-09  3.368E-09  3.299E-09  3.232E-09  3.166E-09  3.102E-09  3.040E-09  2.979E-09  2.920E-09  2.862E-09  2.805E-09  2.749E-09  2.695E-09  2.642E-09  2.590E-09  2.539E-09  2.489E-09  2.440E-09  2.392E-09  2.345E-09  2.299E-09  2.254E-09  2.209E-09  2.166E-09  2.123E-09  2.081E-09  2.039E-09  1.999E-09  1.959E-09  1.919E-09  1.880E-09  1.842E-09
  293.5000  4.373E-08  4.214E-08  4.066E-08  3.927E-08  3.796E-08  3.673E-08  3.557E-08  3.447E-08  3.344E-08  3.246E-08  3.153E-08  3.065E-08  2.980E-08  2.900E-08  2.824E-08  2.751E-08  2.681E-08  2.614E-08  2.550E-08  2.488E-08  2.428E-08  2.371E-08  2.316E-08  2.262E-08  2.210E-08  2.160E-08  2.112E-08  2.065E-08  2.020E-08  1.976E-08  1.933E-08  1.891E-08  1.851E-08  1.811E-08  1.773E-08  1.735E-08  1.699E-08  1.664E-08  1.629E-08  1.595E-08  1.562E-08  1.530E-08  1.498E-08  1.468E-08  1.437E-08  1.408E-08  1.379E-08  1.351E-08  1.323E-08  1.296E-08  1.270E-08  1.244E-08  1.218E-08  1.193E-08  1.168E-08  1.144E-08  1.121E-08  1.097E-08  1.074E-08  1.052E-08  1.030E-08
  294.5000  1.559E-07  1.496E-07  1.437E-07  1.383E-07  1.331E-07  1.283E-07  1.238E-07  1.196E-07  1.156E-07  1.118E-07  1.083E-07  1.049E-07  1.018E-07  9.876E-08  9.591E-08  9.320E-08  9.062E-08  8.816E-08  8.581E-08  8.356E-08  8.141E-08  7.935E-08  7.737E-08  7.546E-08  7.362E-08  7.186E-08  7.015E-08  6.851E-08  6.691E-08  6.537E-08  6.388E-08  6.244E-08  6.103E-08  5.967E-08  5.835E-08  5.706E-08  5.581E-08  5.459E-08  5.341E-08  5.225E-08  5.112E-08  5.002E-08  4.895E-08  4.791E-08  4.689E-08  4.589E-08  4.491E-08  4.395E-08  4.302E-08  4.211E-08  4.121E-08  4.034E-08  3.948E-08  3.864E-08  3.782E-08  3.701E-08  3.621E-08  3.544E-08  3.467E-08  3.392E-08  3.319E-08
  295.5000  8.017E-07  7.659E-07  7.325E-07  7.013E-07  6.720E-07  6.447E-07  6.190E-07  5.950E-07  5.725E-07  5.514E-07  5.315E-07  5.129E-07  4.953E-07  4.787E-07  4.630E-07  4.483E-07  4.343E-07  4.210E-07  4.084E-07  3.965E-07  3.851E-07  3.743E-07  3.640E-07  3.541E-07  3.446E-07  3.356E-07  3.269E-07  3.186E-07  3.105E-07  3.028E-07  2.954E-07  2.882E-07  2.813E-07  2.746E-07  2.681E-07  2.618E-07  2.557E-07  2.498E-07  2.440E-07  2.384E-07  2.330E-07  2.277E-07  2.226E-07  2.176E-07  2.127E-07  2.079E-07  2.033E-07  1.987E-07  1.943E-07  1.900E-07  1.858E-07  1.816E-07  1.776E-07  1.736E-07  1.698E-07  1.660E-07  1.623E-07  1.586E-07  1.550E-07  1.515E-07  1.481E-07
  296.5000  2.655E-06  2.528E-06  2.409E-06  2.298E-06  2.194E-06  2.097E-06  2.005E-06  1.919E-06  1.839E-06  1.764E-06  1.693E-06  1.626E-06  1.564E-06  1.505E-06  1.450E-06  1.398E-06  1.349E-06  1.303E-06  1.259E-06  1.218E-06  1.179E-06  1.142E-06  1.106E-06  1.073E-06  1.041E-06  1.011E-06  9.822E-07  9.546E-07  9.283E-07  9.031E-07  8.789E-07  8.558E-07  8.334E-07  8.120E-07  7.913E-07  7.714E-07  7.521E-07  7.336E-07  7.156E-07  6.982E-07  6.813E-07  6.650E-07  6.491E-07  6.337E-07  6.187E-07  6.041E-07  5.899E-07  5.761E-07  5.626E-07  5.495E-07  5.367E-07  5.242E-07  5.119E-07  5.000E-07  4.884E-07  4.770E-07  4.658E-07  4.549E-07  4.442E-07  4.338E-07  4.236E-07
  297.5000  9.273E-06  8.815E-06  8.385E-06  7.981E-06  7.600E-06  7.242E-06  6.905E-06  6.589E-06  6.292E-06  6.013E-06  5.751E-06  5.504E-06  5.271E-06  5.053E-06  4.848E-06  4.655E-06  4.474E-06  4.302E-06  4.141E-06  3.989E-06  3.846E-06  3.710E-06  3.582E-06  3.461E-06  3.346E-06  3.237E-06  3.135E-06  3.037E-06  2.943E-06  2.855E-06  2.770E-06  2.690E-06  2.613E-06  2.539E-06  2.468E-06  2.401E-06  2.335E-06  2.273E-06  2.213E-06  2.155E-06  2.099E-06  2.045E-06  1.993E-06  1.942E-06  1.894E-06  1.846E-06  1.800E-06  1.756E-06  1.712E-06  1.670E-06  1.629E-06  1.589E-06  1.550E-06  1.512E-06  1.475E-06  1.439E-06  1.404E-06  1.370E-06  1.336E-06  1.303E-06  1.271E-06
  298.5000  1.888E-05  1.794E-05  1.706E-05  1.623E-05  1.544E-05  1.469E-05  1.399E-05  1.332E-05  1.270E-05  1.211E-05  1.155E-05  1.103E-05  1.053E-05  1.007E-05  9.628E-06  9.215E-06  8.825E-06  8.457E-06  8.111E-06  7.784E-06  7.477E-06  7.187E-06  6.912E-06  6.654E-06  6.409E-06  6.178E-06  5.960E-06  5.753E-06  5.557E-06  5.371E-06  5.195E-06  5.028E-06  4.868E-06  4.717E-06  4.572E-06  4.434E-06  4.302E-06  4.177E-06  4.056E-06  3.941E-06  3.830E-06  3.723E-06  3.621E-06  3.523E-06  3.428E-06  3.336E-06  3.247E-06  3.161E-06  3.079E-06  2.998E-06  2.920E-06  2.845E-06  2.771E-06  2.700E-06  2.631E-06  2.563E-06  2.497E-06  2.433E-06  2.370E-06  2.309E-06  2.250E-06
  299.5000  7.157E-05  6.810E-05  6.480E-05  6.167E-05  5.869E-05  5.586E-05  5.318E-05  5.063E-05  4.822E-05  4.594E-05  4.378E-05  4.173E-05  3.979E-05  3.796E-05  3.622E-05  3.458E-05  3.303E-05  3.157E-05  3.018E-05  2.888E-05  2.764E-05  2.648E-05  2.538E-05  2.433E-05  2.335E-05  2.242E-05  2.155E-05  2.072E-05  1.993E-05  1.919E-05  1.849E-05  1.782E-05  1.719E-05  1.659E-05  1.602E-05  1.549E-05  1.497E-05  1.449E-05  1.402E-05  1.358E-05  1.316E-05  1.275E-05  1.237E-05  1.200E-05  1.164E-05  1.130E-05  1.098E-05  1.066E-05  1.036E-05  1.007E-05  9.788E-06  9.516E-06  9.253E-06  8.998E-06  8.752E-06  8.513E-06  8.281E-06  8.056E-06  7.837E-06  7.624E-06  7.417E-06
  300.5000  1.022E-04  9.744E-05  9.287E-05  8.851E-05  8.434E-05  8.037E-05  7.658E-05  7.297E-05  6.953E-05  6.627E-05  6.316E-05  6.020E-05  5.739E-05  5.472E-05  5.218E-05  4.978E-05  4.750E-05  4.533E-05  4.328E-05  4.134E-05  3.950E-05  3.776E-05  3.610E-05  3.454E-05  3.306E-05  3.166E-05  3.034E-05  2.909E-05  2.790E-05  2.678E-05  2.572E-05  2.471E-05  2.376E-05  2.286E-05  2.201E-05  2.120E-05  2.043E-05  1.970E-05  1.901E-05  1.835E-05  1.773E-05  1.713E-05  1.657E-05  1.603E-05  1.551E-05  1.502E-05  1.455E-05  1.410E-05  1.367E-05  1.325E-05  1.285E-05  1.247E-05  1.210E-05  1.175E-05  1.141E-05  1.108E-05  1.076E-05  1.045E-05  1.015E-05  9.855E-06  9.574E-06
  301.5000  3.256E-04  3.112E-04  2.974E-04  2.842E-04  2.714E-04  2.592E-04  2.475E-04  2.363E-04  2.256E-04  2.153E-04  2.055E-04  1.961E-04  1.871E-04  1.786E-04  1.704E-04  1.626E-04  1.551E-04  1.480E-04  1.413E-04  1.348E-04  1.287E-04  1.229E-04  1.174E-04  1.121E-04  1.071E-04  1.024E-04  9.786E-05  9.358E-05  8.952E-05  8.567E-05  8.201E-05  7.856E-05  7.528E-05  7.217E-05  6.922E-05  6.643E-05  6.378E-05  6.127E-05  5.889E-05  5.663E-05  5.449E-05  5.245E-05  5.052E-05  4.869E-05  4.694E-05  4.528E-05  4.370E-05  4.219E-05  4.076E-05  3.939E-05  3.808E-05  3.683E-05  3.563E-05  3.448E-05  3.339E-05  3.233E-05  3.131E-05  3.033E-05  2.939E-05  2.848E-05  2.761E-05
  302.5000  5.569E-04  5.335E-04  5.110E-04  4.894E-04  4.684E-04  4.483E-04  4.289E-04  4.102E-04  3.923E-04  3.751E-04  3.586E-04  3.427E-04  3.275E-04  3.128E-04  2.988E-04  2.855E-04  2.726E-04  2.603E-04  2.486E-04  2.374E-04  2.267E-04  2.164E-04  2.067E-04  1.973E-04  1.885E-04  1.800E-04  1.720E-04  1.643E-04  1.570E-04  1.500E-04  1.434E-04  1.372E-04  1.312E-04  1.256E-04  1.202E-04  1.151E-04  1.102E-04  1.057E-04  1.013E-04  9.716E-05  9.323E-05  8.951E-05  8.597E-05  8.262E-05  7.943E-05  7.641E-05  7.353E-05  7.079E-05  6.820E-05  6.573E-05  6.337E-05  6.112E-05  5.898E-05  5.693E-05  5.498E-05  5.311E-05  5.132E-05  4.961E-05  4.796E-05  4.638E-05  4.487E-05
  303.5000  1.393E-03  1.339E-03  1.287E-03  1.236E-03  1.187E-03  1.139E-03  1.093E-03  1.049E-03  1.006E-03  9.643E-04  9.242E-04  8.855E-04  8.483E-04  8.123E-04  7.777E-04  7.445E-04  7.124E-04  6.815E-04  6.519E-04  6.234E-04  5.961E-04  5.699E-04  5.447E-04  5.206E-04  4.975E-04  4.753E-04  4.542E-04  4.340E-04  4.146E-04  3.961E-04  3.784E-04  3.616E-04  3.455E-04  3.302E-04  3.156E-04  3.017E-04  2.884E-04  2.758E-04  2.638E-04  2.524E-04  2.415E-04  2.312E-04  2.214E-04  2.121E-04  2.032E-04  1.948E-04  1.868E-04  1.792E-04  1.720E-04  1.652E-04  1.587E-04  1.525E-04  1.466E-04  1.410E-04  1.356E-04  1.306E-04  1.257E-04  1.211E-04  1.167E-04  1.124E-04  1.084E-04
  304.5000  1.906E-03  1.836E-03  1.767E-03  1.701E-03  1.637E-03  1.574E-03  1.514E-03  1.455E-03  1.398E-03  1.343E-03  1.290E-03  1.238E-03  1.188E-03  1.139E-03  1.093E-03  1.048E-03  1.004E-03  9.621E-04  9.216E-04  8.825E-04  8.450E-04  8.088E-04  7.739E-04  7.404E-04  7.082E-04  6.773E-04  6.477E-04  6.192E-04  5.919E-04  5.657E-04  5.406E-04  5.167E-04  4.937E-04  4.717E-04  4.507E-04  4.307E-04  4.115E-04  3.933E-04  3.759E-04  3.592E-04  3.434E-04  3.283E-04  3.140E-04  3.003E-04  2.873E-04  2.750E-04  2.632E-04  2.520E-04  2.414E-04  2.313E-04  2.217E-04  2.125E-04  2.039E-04  1.956E-04  1.878E-04  1.803E-04  1.732E-04  1.664E-04  1.600E-04  1.538E-04  1.480E-04
  305.5000  3.535E-03  3.416E-03  3.300E-03  3.188E-03  3.077E-03  2.970E-03  2.865E-03  2.763E-03  2.663E-03  2.567E-03  2.473E-03  2.381E-03  2.293E-03  2.206E-03  2.122E-03  2.041E-03  1.962E-03  1.886E-03  1.811E-03  1.739E-03  1.670E-03  1.603E-03  1.538E-03  1.475E-03  1.414E-03  1.355E-03  1.298E-03  1.244E-03  1.191E-03  1.140E-03  1.091E-03  1.044E-03  9.990E-04  9.555E-04  9.136E-04  8.735E-04  8.349E-04  7.981E-04  7.626E-04  7.287E-04  6.962E-04  6.651E-04  6.354E-04  6.071E-04  5.799E-04  5.540E-04  5.293E-04  5.057E-04  4.832E-04  4.618E-04  4.414E-04  4.219E-04  4.034E-04  3.858E-04  3.691E-04  3.531E-04  3.380E-04  3.235E-04  3.098E-04  2.967E-04  2.843E-04
  306.5000  4.275E-03  4.138E-03  4.003E-03  3.872E-03  3.744E-03  3.619E-03  3.496E-03  3.377E-03  3.260E-03  3.147E-03  3.036E-03  2.928E-03  2.823E-03  2.721E-03  2.621E-03  2.525E-03  2.430E-03  2.339E-03  2.250E-03  2.164E-03  2.080E-03  1.999E-03  1.920E-03  1.844E-03  1.770E-03  1.699E-03  1.630E-03  1.563E-03  1.498E-03  1.436E-03  1.376E-03  1.318E-03  1.262E-03  1.208E-03  1.156E-03  1.105E-03  1.057E-03  1.011E-03  9.666E-04  9.238E-04  8.828E-04  8.435E-04  8.058E-04  7.698E-04  7.352E-04  7.022E-04  6.705E-04  6.403E-04  6.115E-04  5.840E-04  5.577E-04  5.326E-04  5.087E-04  4.859E-04  4.642E-04  4.435E-04  4.239E-04  4.051E-04  3.873E-04  3.703E-04  3.543E-04
  307.5000  8.207E-03  7.968E-03  7.733E-03  7.504E-03  7.278E-03  7.057E-03  6.840E-03  6.627E-03  6.419E-03  6.216E-03  6.017E-03  5.822E-03  5.631E-03  5.444E-03  5.262E-03  5.085E-03  4.911E-03  4.742E-03  4.576E-03  4.415E-03  4.258E-03  4.105E-03  3.955E-03  3.810E-03  3.669E-03  3.531E-03  3.398E-03  3.268E-03  3.142E-03  3.019E-03  2.900E-03  2.785E-03  2.673E-03  2.565E-03  2.460E-03  2.359E-03  2.261E-03  2.166E-03  2.075E-03  1.986E-03  1.901E-03  1.819E-03  1.739E-03  1.663E-03  1.590E-03  1.519E-03  1.451E-03  1.386E-03  1.324E-03  1.264E-03  1.206E-03  1.151E-03  1.098E-03  1.047E-03  9.993E-04  9.531E-04  9.090E-04  8.668E-04  8.266E-04  7.883E-04  7.518E-04
  308.5000  1.026E-02  9.969E-03  9.687E-03  9.411E-03  9.139E-03  8.872E-03  8.610E-03  8.353E-03  8.101E-03  7.854E-03  7.612E-03  7.375E-03  7.142E-03  6.915E-03  6.692E-03  6.475E-03  6.262E-03  6.054E-03  5.850E-03  5.651E-03  5.458E-03  5.268E-03  5.083E-03  4.903E-03  4.727E-03  4.555E-03  4.389E-03  4.226E-03  4.068E-03  3.914E-03  3.765E-03  3.620E-03  3.479E-03  3.342E-03  3.209E-03  3.080E-03  2.955E-03  2.834E-03  2.717E-03  2.604E-03  2.494E-03  2.388E-03  2.286E-03  2.188E-03  2.092E-03  2.001E-03  1.912E-03  1.827E-03  1.746E-03  1.667E-03  1.591E-03  1.519E-03  1.449E-03  1.382E-03  1.318E-03  1.257E-03  1.198E-03  1.142E-03  1.089E-03  1.037E-03  9.887E-04
  309.5000  1.094E-02  1.066E-02  1.038E-02  1.011E-02  9.838E-03  9.572E-03  9.311E-03  9.054E-03  8.801E-03  8.553E-03  8.309E-03  8.069E-03  7.834E-03  7.602E-03  7.376E-03  7.154E-03  6.935E-03  6.721E-03  6.511E-03  6.305E-03  6.105E-03  5.907E-03  5.714E-03  5.525E-03  5.340E-03  5.160E-03  4.984E-03  4.811E-03  4.643E-03  4.478E-03  4.318E-03  4.162E-03  4.009E-03  3.861E-03  3.716E-03  3.575E-03  3.438E-03  3.305E-03  3.176E-03  3.050E-03  2.928E-03  2.809E-03  2.694E-03  2.583E-03  2.475E-03  2.371E-03  2.269E-03  2.172E-03  2.078E-03  1.986E-03  1.898E-03  1.814E-03  1.732E-03  1.653E-03  1.578E-03  1.505E-03  1.435E-03  1.367E-03  1.303E-03  1.241E-03  1.182E-03
  310.5000  1.709E-02  1.668E-02  1.627E-02  1.587E-02  1.547E-02  1.507E-02  1.469E-02  1.431E-02  1.393E-02  1.356E-02  1.320E-02  1.284E-02  1.249E-02  1.214E-02  1.180E-02  1.146E-02  1.113E-02  1.081E-02  1.049E-02  1.018E-02  9.875E-03  9.574E-03  9.279E-03  8.989E-03  8.706E-03  8.427E-03  8.156E-03  7.889E-03  7.628E-03  7.372E-03  7.122E-03  6.878E-03  6.639E-03  6.406E-03  6.178E-03  5.955E-03  5.738E-03  5.527E-03  5.320E-03  5.119E-03  4.923E-03  4.733E-03  4.547E-03  4.367E-03  4.192E-03  4.022E-03  3.857E-03  3.697E-03  3.542E-03  3.391E-03  3.245E-03  3.105E-03  2.968E-03  2.836E-03  2.710E-03  2.587E-03  2.469E-03  2.355E-03  2.245E-03  2.139E-03  2.038E-03
  311.5000  2.409E-02  2.353E-02  2.297E-02  2.243E-02  2.189E-02  2.135E-02  2.083E-02  2.031E-02  1.980E-02  1.930E-02  1.880E-02  1.831E-02  1.783E-02  1.736E-02  1.689E-02  1.643E-02  1.598E-02  1.553E-02  1.510E-02  1.466E-02  1.424E-02  1.383E-02  1.342E-02  1.302E-02  1.262E-02  1.223E-02  1.186E-02  1.148E-02  1.112E-02  1.076E-02  1.041E-02  1.007E-02  9.731E-03  9.402E-03  9.080E-03  8.765E-03  8.457E-03  8.157E-03  7.863E-03  7.576E-03  7.296E-03  7.023E-03  6.757E-03  6.498E-03  6.246E-03  6.000E-03  5.761E-03  5.528E-03  5.303E-03  5.084E-03  4.871E-03  4.664E-03  4.464E-03  4.270E-03  4.083E-03  3.902E-03  3.727E-03  3.557E-03  3.394E-03  3.236E-03  3.084E-03
  312.5000  2.764E-02  2.705E-02  2.647E-02  2.589E-02  2.532E-02  2.475E-02  2.419E-02  2.364E-02  2.310E-02  2.256E-02  2.203E-02  2.150E-02  2.098E-02  2.047E-02  1.996E-02  1.947E-02  1.898E-02  1.849E-02  1.801E-02  1.754E-02  1.708E-02  1.662E-02  1.617E-02  1.572E-02  1.529E-02  1.486E-02  1.443E-02  1.402E-02  1.361E-02  1.320E-02  1.281E-02  1.242E-02  1.204E-02  1.166E-02  1.129E-02  1.093E-02  1.058E-02  1.023E-02  9.891E-03  9.558E-03  9.231E-03  8.910E-03  8.597E-03  8.292E-03  7.992E-03  7.699E-03  7.413E-03  7.134E-03  6.862E-03  6.596E-03  6.337E-03  6.085E-03  5.839E-03  5.600E-03  5.368E-03  5.142E-03  4.922E-03  4.709E-03  4.503E-03  4.302E-03  4.109E-03
  313.5000  3.259E-02  3.191E-02  3.123E-02  3.057E-02  2.990E-02  2.925E-02  2.860E-02  2.796E-02  2.733E-02  2.671E-02  2.609E-02  2.548E-02  2.488E-02  2.428E-02  2.370E-02  2.312E-02  2.255E-02  2.198E-02  2.143E-02  2.088E-02  2.034E-02  1.980E-02  1.928E-02  1.876E-02  1.825E-02  1.774E-02  1.725E-02  1.676E-02  1.628E-02  1.581E-02  1.534E-02  1.489E-02  1.444E-02  1.400E-02  1.356E-02  1.314E-02  1.272E-02  1.231E-02  1.191E-02  1.152E-02  1.113E-02  1.075E-02  1.038E-02  1.002E-02  9.663E-03  9.316E-03  8.976E-03  8.644E-03  8.320E-03  8.003E-03  7.694E-03  7.393E-03  7.099E-03  6.813E-03  6.535E-03  6.264E-03  6.000E-03  5.744E-03  5.495E-03  5.254E-03  5.020E-03
  314.5000  3.743E-02  3.671E-02  3.599E-02  3.529E-02  3.458E-02  3.389E-02  3.320E-02  3.252E-02  3.184E-02  3.118E-02  3.051E-02  2.986E-02  2.921E-02  2.857E-02  2.793E-02  2.731E-02  2.669E-02  2.608E-02  2.547E-02  2.487E-02  2.428E-02  2.369E-02  2.312E-02  2.255E-02  2.198E-02  2.143E-02  2.088E-02  2.034E-02  1.980E-02  1.928E-02  1.876E-02  1.825E-02  1.774E-02  1.724E-02  1.675E-02  1.627E-02  1.580E-02  1.533E-02  1.487E-02  1.442E-02  1.397E-02  1.354E-02  1.311E-02  1.269E-02  1.227E-02  1.186E-02  1.146E-02  1.107E-02  1.069E-02  1.031E-02  9.944E-03  9.583E-03  9.230E-03  8.884E-03  8.547E-03  8.216E-03  7.894E-03  7.578E-03  7.271E-03  6.971E-03  6.680E-03
  315.5000  3.958E-02  3.882E-02  3.808E-02  3.734E-02  3.661E-02  3.588E-02  3.516E-02  3.445E-02  3.374E-02  3.305E-02  3.235E-02  3.167E-02  3.099E-02  3.032E-02  2.966E-02  2.900E-02  2.835E-02  2.771E-02  2.707E-02  2.644E-02  2.583E-02  2.521E-02  2.461E-02  2.401E-02  2.342E-02  2.283E-02  2.226E-02  2.169E-02  2.113E-02  2.057E-02  2.002E-02  1.949E-02  1.896E-02  1.843E-02  1.792E-02  1.741E-02  1.691E-02  1.641E-02  1.593E-02  1.545E-02  1.498E-02  1.452E-02  1.406E-02  1.362E-02  1.318E-02  1.275E-02  1.232E-02  1.191E-02  1.150E-02  1.110E-02  1.071E-02  1.033E-02  9.952E-03  9.584E-03  9.225E-03  8.873E-03  8.528E-03  8.192E-03  7.864E-03  7.543E-03  7.232E-03
  316.5000  4.390E-02  4.312E-02  4.235E-02  4.158E-02  4.083E-02  4.007E-02  3.932E-02  3.858E-02  3.785E-02  3.712E-02  3.640E-02  3.568E-02  3.497E-02  3.427E-02  3.357E-02  3.289E-02  3.220E-02  3.153E-02  3.086E-02  3.019E-02  2.954E-02  2.889E-02  2.824E-02  2.761E-02  2.698E-02  2.635E-02  2.574E-02  2.513E-02  2.453E-02  2.393E-02  2.334E-02  2.276E-02  2.219E-02  2.162E-02  2.106E-02  2.051E-02  1.996E-02  1.943E-02  1.889E-02  1.837E-02  1.785E-02  1.734E-02  1.684E-02  1.635E-02  1.586E-02  1.538E-02  1.491E-02  1.444E-02  1.399E-02  1.353E-02  1.309E-02  1.266E-02  1.223E-02  1.181E-02  1.140E-02  1.099E-02  1.060E-02  1.021E-02  9.827E-03  9.453E-03  9.089E-03
  317.5000  6.217E-02  6.106E-02  5.997E-02  5.889E-02  5.781E-02  5.675E-02  5.569E-02  5.464E-02  5.360E-02  5.257E-02  5.154E-02  5.053E-02  4.952E-02  4.853E-02  4.754E-02  4.656E-02  4.560E-02  4.464E-02  4.369E-02  4.275E-02  4.182E-02  4.090E-02  3.999E-02  3.908E-02  3.819E-02  3.731E-02  3.644E-02  3.557E-02  3.472E-02  3.388E-02  3.304E-02  3.222E-02  3.141E-02  3.060E-02  2.981E-02  2.903E-02  2.825E-02  2.749E-02  2.674E-02  2.600E-02  2.527E-02  2.454E-02  2.383E-02  2.313E-02  2.244E-02  2.176E-02  2.109E-02  2.043E-02  1.979E-02  1.915E-02  1.852E-02  1.791E-02  1.730E-02  1.671E-02  1.613E-02  1.555E-02  1.499E-02  1.444E-02  1.390E-02  1.337E-02  1.286E-02
  318.5000  5.396E-02  5.307E-02  5.219E-02  5.131E-02  5.044E-02  4.957E-02  4.871E-02  4.786E-02  4.701E-02  4.617E-02  4.534E-02  4.451E-02  4.369E-02  4.287E-02  4.206E-02  4.126E-02  4.046E-02  3.968E-02  3.889E-02  3.812E-02  3.735E-02  3.659E-02  3.583E-02  3.509E-02  3.435E-02  3.361E-02  3.289E-02  3.217E-02  3.145E-02  3.075E-02  3.005E-02  2.936E-02  2.868E-02  2.800E-02  2.733E-02  2.667E-02  2.601E-02  2.537E-02  2.473E-02  2.409E-02  2.347E-02  2.285E-02  2.224E-02  2.164E-02  2.104E-02  2.046E-02  1.988E-02  1.930E-02  1.874E-02  1.819E-02  1.764E-02  1.710E-02  1.656E-02  1.604E-02  1.552E-02  1.502E-02  1.452E-02  1.402E-02  1.354E-02  1.306E-02  1.260E-02
  319.5000  6.714E-02  6.604E-02  6.496E-02  6.388E-02  6.281E-02  6.174E-02  6.069E-02  5.964E-02  5.860E-02  5.756E-02  5.654E-02  5.552E-02  5.451E-02  5.350E-02  5.251E-02  5.152E-02  5.054E-02  4.957E-02  4.861E-02  4.765E-02  4.671E-02  4.577E-02  4.484E-02  4.392E-02  4.300E-02  4.210E-02  4.120E-02  4.032E-02  3.944E-02  3.856E-02  3.770E-02  3.685E-02  3.600E-02  3.517E-02  3.434E-02  3.352E-02  3.271E-02  3.191E-02  3.112E-02  3.033E-02  2.956E-02  2.879E-02  2.804E-02  2.729E-02  2.655E-02  2.582E-02  2.510E-02  2.439E-02  2.369E-02  2.300E-02  2.232E-02  2.165E-02  2.098E-02  2.033E-02  1.969E-02  1.905E-02  1.843E-02  1.781E-02  1.721E-02  1.661E-02  1.603E-02
  320.5000  8.362E-02  8.228E-02  8.095E-02  7.963E-02  7.832E-02  7.701E-02  7.572E-02  7.443E-02  7.315E-02  7.189E-02  7.063E-02  6.938E-02  6.813E-02  6.690E-02  6.568E-02  6.447E-02  6.327E-02  6.207E-02  6.089E-02  5.971E-02  5.855E-02  5.740E-02  5.625E-02  5.511E-02  5.399E-02  5.287E-02  5.177E-02  5.068E-02  4.959E-02  4.852E-02  4.745E-02  4.640E-02  4.535E-02  4.432E-02  4.330E-02  4.228E-02  4.128E-02  4.029E-02  3.931E-02  3.834E-02  3.738E-02  3.643E-02  3.549E-02  3.457E-02  3.365E-02  3.275E-02  3.185E-02  3.097E-02  3.010E-02  2.924E-02  2.839E-02  2.755E-02  2.672E-02  2.591E-02  2.511E-02  2.431E-02  2.353E-02  2.276E-02  2.201E-02  2.126E-02  2.053E-02
  321.5000  7.762E-02  7.646E-02  7.531E-02  7.417E-02  7.304E-02  7.190E-02  7.078E-02  6.967E-02  6.856E-02  6.746E-02  6.636E-02  6.527E-02  6.419E-02  6.312E-02  6.205E-02  6.099E-02  5.994E-02  5.889E-02  5.785E-02  5.682E-02  5.580E-02  5.479E-02  5.378E-02  5.278E-02  5.179E-02  5.080E-02  4.983E-02  4.886E-02  4.789E-02  4.694E-02  4.599E-02  4.506E-02  4.413E-02  4.320E-02  4.229E-02  4.138E-02  4.048E-02  3.960E-02  3.871E-02  3.784E-02  3.697E-02  3.611E-02  3.526E-02  3.442E-02  3.359E-02  3.277E-02  3.195E-02  3.114E-02  3.035E-02  2.955E-02  2.877E-02  2.800E-02  2.723E-02  2.648E-02  2.573E-02  2.499E-02  2.426E-02  2.354E-02  2.283E-02  2.213E-02  2.144E-02
  322.5000  7.310E-02  7.195E-02  7.080E-02  6.967E-02  6.853E-02  6.741E-02  6.629E-02  6.518E-02  6.408E-02  6.299E-02  6.190E-02  6.082E-02  5.975E-02  5.869E-02  5.763E-02  5.659E-02  5.555E-02  5.452E-02  5.349E-02  5.248E-02  5.147E-02  5.047E-02  4.948E-02  4.850E-02  4.752E-02  4.656E-02  4.560E-02  4.466E-02  4.371E-02  4.278E-02  4.186E-02  4.095E-02  4.004E-02  3.915E-02  3.826E-02  3.738E-02  3.651E-02  3.565E-02  3.479E-02  3.395E-02  3.312E-02  3.229E-02  3.147E-02  3.067E-02  2.987E-02  2.908E-02  2.830E-02  2.753E-02  2.677E-02  2.602E-02  2.528E-02  2.454E-02  2.382E-02  2.311E-02  2.241E-02  2.171E-02  2.103E-02  2.035E-02  1.969E-02  1.903E-02  1.839E-02
  323.5000  8.385E-02  8.264E-02  8.144E-02  8.024E-02  7.906E-02  7.787E-02  7.670E-02  7.553E-02  7.437E-02  7.321E-02  7.207E-02  7.092E-02  6.979E-02  6.866E-02  6.754E-02  6.643E-02  6.533E-02  6.423E-02  6.314E-02  6.205E-02  6.098E-02  5.991E-02  5.885E-02  5.779E-02  5.675E-02  5.571E-02  5.468E-02  5.365E-02  5.264E-02  5.163E-02  5.063E-02  4.964E-02  4.865E-02  4.768E-02  4.671E-02  4.575E-02  4.479E-02  4.385E-02  4.291E-02  4.198E-02  4.106E-02  4.015E-02  3.924E-02  3.835E-02  3.746E-02  3.658E-02  3.571E-02  3.485E-02  3.399E-02  3.315E-02  3.231E-02  3.148E-02  3.065E-02  2.984E-02  2.904E-02  2.824E-02  2.746E-02  2.668E-02  2.591E-02  2.515E-02  2.440E-02
  324.5000  9.812E-02  9.670E-02  9.528E-02  9.388E-02  9.248E-02  9.110E-02  8.971E-02  8.834E-02  8.697E-02  8.562E-02  8.427E-02  8.293E-02  8.160E-02  8.027E-02  7.896E-02  7.765E-02  7.635E-02  7.506E-02  7.378E-02  7.251E-02  7.125E-02  6.999E-02  6.875E-02  6.751E-02  6.628E-02  6.506E-02  6.385E-02  6.265E-02  6.146E-02  6.028E-02  5.910E-02  5.794E-02  5.678E-02  5.564E-02  5.450E-02  5.337E-02  5.225E-02  5.115E-02  5.005E-02  4.896E-02  4.788E-02  4.681E-02  4.575E-02  4.470E-02  4.366E-02  4.263E-02  4.161E-02  4.059E-02  3.959E-02  3.860E-02  3.762E-02  3.665E-02  3.569E-02  3.473E-02  3.379E-02  3.286E-02  3.194E-02  3.103E-02  3.013E-02  2.924E-02  2.836E-02
  325.5000  1.086E-01  1.070E-01  1.054E-01  1.038E-01  1.023E-01  1.007E-01  9.918E-02  9.764E-02  9.611E-02  9.459E-02  9.308E-02  9.158E-02  9.009E-02  8.860E-02  8.713E-02  8.567E-02  8.422E-02  8.277E-02  8.134E-02  7.992E-02  7.851E-02  7.710E-02  7.571E-02  7.433E-02  7.295E-02  7.159E-02  7.024E-02  6.890E-02  6.757E-02  6.625E-02  6.494E-02  6.364E-02  6.235E-02  6.107E-02  5.980E-02  5.855E-02  5.730E-02  5.607E-02  5.484E-02  5.363E-02  5.243E-02  5.124E-02  5.006E-02  4.889E-02  4.773E-02  4.658E-02  4.545E-02  4.432E-02  4.321E-02  4.211E-02  4.102E-02  3.994E-02  3.888E-02  3.782E-02  3.678E-02  3.575E-02  3.473E-02  3.372E-02  3.272E-02  3.174E-02  3.077E-02
  326.5000  1.412E-01  1.393E-01  1.373E-01  1.354E-01  1.335E-01  1.316E-01  1.297E-01  1.278E-01  1.260E-01  1.241E-01  1.222E-01  1.204E-01  1.186E-01  1.168E-01  1.150E-01  1.132E-01  1.114E-01  1.096E-01  1.078E-01  1.061E-01  1.043E-01  1.026E-01  1.009E-01  9.917E-02  9.748E-02  9.579E-02  9.412E-02  9.245E-02  9.080E-02  8.916E-02  8.753E-02  8.592E-02  8.431E-02  8.271E-02  8.113E-02  7.956E-02  7.800E-02  7.646E-02  7.492E-02  7.340E-02  7.189E-02  7.039E-02  6.890E-02  6.743E-02  6.597E-02  6.452E-02  6.308E-02  6.165E-02  6.024E-02  5.884E-02  5.745E-02  5.607E-02  5.470E-02  5.335E-02  5.201E-02  5.069E-02  4.937E-02  4.807E-02  4.678E-02  4.550E-02  4.424E-02
  327.5000  1.287E-01  1.269E-01  1.251E-01  1.233E-01  1.215E-01  1.197E-01  1.180E-01  1.162E-01  1.145E-01  1.128E-01  1.110E-01  1.093E-01  1.076E-01  1.059E-01  1.043E-01  1.026E-01  1.009E-01  9.928E-02  9.764E-02  9.601E-02  9.439E-02  9.279E-02  9.119E-02  8.960E-02  8.803E-02  8.646E-02  8.491E-02  8.337E-02  8.184E-02  8.032E-02  7.881E-02  7.732E-02  7.583E-02  7.436E-02  7.289E-02  7.144E-02  7.000E-02  6.858E-02  6.716E-02  6.575E-02  6.436E-02  6.298E-02  6.161E-02  6.025E-02  5.890E-02  5.757E-02  5.624E-02  5.493E-02  5.363E-02  5.235E-02  5.107E-02  4.981E-02  4.855E-02  4.731E-02  4.609E-02  4.487E-02  4.367E-02  4.248E-02  4.130E-02  4.013E-02  3.899E-02
  328.5000  1.190E-01  1.174E-01  1.157E-01  1.141E-01  1.124E-01  1.108E-01  1.091E-01  1.075E-01  1.059E-01  1.043E-01  1.027E-01  1.011E-01  9.957E-02  9.800E-02  9.645E-02  9.491E-02  9.337E-02  9.185E-02  9.033E-02  8.882E-02  8.733E-02  8.584E-02  8.437E-02  8.290E-02  8.144E-02  8.000E-02  7.856E-02  7.714E-02  7.572E-02  7.432E-02  7.292E-02  7.154E-02  7.016E-02  6.880E-02  6.745E-02  6.610E-02  6.477E-02  6.345E-02  6.214E-02  6.084E-02  5.955E-02  5.827E-02  5.701E-02  5.575E-02  5.451E-02  5.327E-02  5.205E-02  5.083E-02  4.963E-02  4.844E-02  4.726E-02  4.609E-02  4.493E-02  4.379E-02  4.266E-02  4.153E-02  4.042E-02  3.932E-02  3.823E-02  3.715E-02  3.609E-02
  329.5000  1.626E-01  1.605E-01  1.583E-01  1.562E-01  1.540E-01  1.519E-01  1.498E-01  1.477E-01  1.456E-01  1.435E-01  1.414E-01  1.393E-01  1.373E-01  1.352E-01  1.332E-01  1.312E-01  1.292E-01  1.272E-01  1.252E-01  1.232E-01  1.213E-01  1.193E-01  1.174E-01  1.155E-01  1.135E-01  1.116E-01  1.098E-01  1.079E-01  1.060E-01  1.042E-01  1.023E-01  1.005E-01  9.870E-02  9.690E-02  9.511E-02  9.333E-02  9.157E-02  8.983E-02  8.809E-02  8.636E-02  8.465E-02  8.295E-02  8.127E-02  7.960E-02  7.794E-02  7.629E-02  7.466E-02  7.304E-02  7.144E-02  6.984E-02  6.826E-02  6.669E-02  6.513E-02  6.359E-02  6.207E-02  6.055E-02  5.905E-02  5.756E-02  5.608E-02  5.462E-02  5.318E-02
  330.5000  1.449E-01  1.429E-01  1.410E-01  1.390E-01  1.371E-01  1.351E-01  1.332E-01  1.313E-01  1.294E-01  1.275E-01  1.256E-01  1.237E-01  1.218E-01  1.200E-01  1.181E-01  1.163E-01  1.145E-01  1.127E-01  1.109E-01  1.091E-01  1.073E-01  1.055E-01  1.038E-01  1.020E-01  1.003E-01  9.857E-02  9.686E-02  9.516E-02  9.347E-02  9.180E-02  9.013E-02  8.848E-02  8.684E-02  8.521E-02  8.360E-02  8.199E-02  8.040E-02  7.882E-02  7.725E-02  7.569E-02  7.415E-02  7.262E-02  7.110E-02  6.959E-02  6.810E-02  6.661E-02  6.514E-02  6.368E-02  6.224E-02  6.081E-02  5.939E-02  5.798E-02  5.658E-02  5.519E-02  5.383E-02  5.247E-02  5.112E-02  4.979E-02  4.847E-02  4.716E-02  4.587E-02
  331.5000  1.427E-01  1.408E-01  1.388E-01  1.369E-01  1.350E-01  1.330E-01  1.311E-01  1.292E-01  1.274E-01  1.255E-01  1.236E-01  1.218E-01  1.199E-01  1.181E-01  1.162E-01  1.144E-01  1.126E-01  1.108E-01  1.091E-01  1.073E-01  1.055E-01  1.038E-01  1.020E-01  1.003E-01  9.860E-02  9.689E-02  9.521E-02  9.353E-02  9.186E-02  9.020E-02  8.855E-02  8.693E-02  8.530E-02  8.369E-02  8.210E-02  8.051E-02  7.894E-02  7.738E-02  7.583E-02  7.429E-02  7.277E-02  7.125E-02  6.975E-02  6.827E-02  6.679E-02  6.533E-02  6.387E-02  6.243E-02  6.101E-02  5.960E-02  5.819E-02  5.680E-02  5.543E-02  5.406E-02  5.271E-02  5.137E-02  5.005E-02  4.873E-02  4.743E-02  4.614E-02  4.487E-02
  332.5000  1.460E-01  1.441E-01  1.421E-01  1.402E-01  1.383E-01  1.364E-01  1.345E-01  1.327E-01  1.308E-01  1.290E-01  1.271E-01  1.253E-01  1.234E-01  1.216E-01  1.198E-01  1.180E-01  1.162E-01  1.145E-01  1.127E-01  1.109E-01  1.092E-01  1.075E-01  1.057E-01  1.040E-01  1.023E-01  1.006E-01  9.896E-02  9.729E-02  9.563E-02  9.398E-02  9.234E-02  9.072E-02  8.911E-02  8.750E-02  8.591E-02  8.433E-02  8.276E-02  8.120E-02  7.965E-02  7.812E-02  7.659E-02  7.508E-02  7.357E-02  7.209E-02  7.060E-02  6.914E-02  6.768E-02  6.623E-02  6.480E-02  6.338E-02  6.197E-02  6.057E-02  5.918E-02  5.780E-02  5.644E-02  5.508E-02  5.374E-02  5.241E-02  5.109E-02  4.978E-02  4.849E-02
  333.5000  1.352E-01  1.334E-01  1.316E-01  1.298E-01  1.280E-01  1.262E-01  1.244E-01  1.226E-01  1.209E-01  1.192E-01  1.174E-01  1.157E-01  1.140E-01  1.123E-01  1.106E-01  1.089E-01  1.072E-01  1.055E-01  1.039E-01  1.022E-01  1.006E-01  9.896E-02  9.734E-02  9.574E-02  9.414E-02  9.255E-02  9.098E-02  8.941E-02  8.785E-02  8.631E-02  8.477E-02  8.325E-02  8.174E-02  8.023E-02  7.874E-02  7.726E-02  7.579E-02  7.433E-02  7.288E-02  7.145E-02  7.002E-02  6.860E-02  6.720E-02  6.581E-02  6.442E-02  6.305E-02  6.169E-02  6.034E-02  5.901E-02  5.768E-02  5.636E-02  5.506E-02  5.376E-02  5.248E-02  5.121E-02  4.995E-02  4.870E-02  4.746E-02  4.624E-02  4.502E-02  4.382E-02
  334.5000  1.524E-01  1.504E-01  1.484E-01  1.464E-01  1.444E-01  1.424E-01  1.404E-01  1.384E-01  1.364E-01  1.345E-01  1.326E-01  1.306E-01  1.287E-01  1.268E-01  1.249E-01  1.230E-01  1.211E-01  1.192E-01  1.174E-01  1.155E-01  1.137E-01  1.119E-01  1.101E-01  1.083E-01  1.065E-01  1.047E-01  1.029E-01  1.012E-01  9.944E-02  9.770E-02  9.598E-02  9.428E-02  9.258E-02  9.090E-02  8.922E-02  8.756E-02  8.591E-02  8.428E-02  8.265E-02  8.104E-02  7.944E-02  7.785E-02  7.627E-02  7.471E-02  7.316E-02  7.162E-02  7.009E-02  6.858E-02  6.708E-02  6.559E-02  6.411E-02  6.264E-02  6.119E-02  5.974E-02  5.832E-02  5.690E-02  5.550E-02  5.410E-02  5.272E-02  5.136E-02  5.001E-02
  335.5000  1.574E-01  1.553E-01  1.533E-01  1.512E-01  1.492E-01  1.472E-01  1.452E-01  1.432E-01  1.412E-01  1.392E-01  1.372E-01  1.352E-01  1.333E-01  1.313E-01  1.294E-01  1.275E-01  1.256E-01  1.237E-01  1.218E-01  1.199E-01  1.181E-01  1.162E-01  1.144E-01  1.125E-01  1.107E-01  1.089E-01  1.071E-01  1.053E-01  1.035E-01  1.018E-01  1.000E-01  9.828E-02  9.655E-02  9.483E-02  9.313E-02  9.143E-02  8.975E-02  8.809E-02  8.643E-02  8.478E-02  8.315E-02  8.152E-02  7.991E-02  7.832E-02  7.673E-02  7.516E-02  7.360E-02  7.205E-02  7.051E-02  6.899E-02  6.747E-02  6.597E-02  6.448E-02  6.300E-02  6.154E-02  6.009E-02  5.865E-02  5.722E-02  5.580E-02  5.440E-02  5.301E-02
  336.5000  1.225E-01  1.209E-01  1.193E-01  1.177E-01  1.161E-01  1.145E-01  1.130E-01  1.114E-01  1.098E-01  1.083E-01  1.068E-01  1.052E-01  1.037E-01  1.022E-01  1.007E-01  9.915E-02  9.766E-02  9.617E-02  9.469E-02  9.322E-02  9.176E-02  9.031E-02  8.887E-02  8.743E-02  8.601E-02  8.459E-02  8.319E-02  8.179E-02  8.040E-02  7.902E-02  7.765E-02  7.629E-02  7.494E-02  7.359E-02  7.226E-02  7.094E-02  6.962E-02  6.832E-02  6.702E-02  6.574E-02  6.446E-02  6.319E-02  6.193E-02  6.069E-02  5.945E-02  5.822E-02  5.700E-02  5.579E-02  5.459E-02  5.340E-02  5.222E-02  5.105E-02  4.988E-02  4.873E-02  4.759E-02  4.646E-02  4.533E-02  4.422E-02  4.311E-02  4.202E-02  4.094E-02
  337.5000  1.330E-01  1.313E-01  1.295E-01  1.277E-01  1.260E-01  1.242E-01  1.225E-01  1.208E-01  1.191E-01  1.174E-01  1.157E-01  1.140E-01  1.123E-01  1.106E-01  1.090E-01  1.073E-01  1.057E-01  1.040E-01  1.024E-01  1.008E-01  9.921E-02  9.761E-02  9.603E-02  9.445E-02  9.289E-02  9.133E-02  8.980E-02  8.826E-02  8.674E-02  8.522E-02  8.372E-02  8.223E-02  8.075E-02  7.928E-02  7.782E-02  7.636E-02  7.492E-02  7.350E-02  7.208E-02  7.067E-02  6.927E-02  6.789E-02  6.651E-02  6.515E-02  6.379E-02  6.245E-02  6.111E-02  5.979E-02  5.848E-02  5.718E-02  5.589E-02  5.461E-02  5.334E-02  5.209E-02  5.084E-02  4.961E-02  4.838E-02  4.717E-02  4.596E-02  4.477E-02  4.359E-02
  338.5000  1.431E-01  1.413E-01  1.394E-01  1.375E-01  1.357E-01  1.339E-01  1.320E-01  1.302E-01  1.284E-01  1.266E-01  1.248E-01  1.230E-01  1.212E-01  1.195E-01  1.177E-01  1.160E-01  1.142E-01  1.125E-01  1.108E-01  1.091E-01  1.074E-01  1.057E-01  1.040E-01  1.023E-01  1.007E-01  9.903E-02  9.740E-02  9.578E-02  9.416E-02  9.255E-02  9.096E-02  8.938E-02  8.781E-02  8.625E-02  8.469E-02  8.315E-02  8.162E-02  8.011E-02  7.860E-02  7.710E-02  7.562E-02  7.414E-02  7.268E-02  7.123E-02  6.979E-02  6.836E-02  6.694E-02  6.553E-02  6.413E-02  6.275E-02  6.137E-02  6.001E-02  5.865E-02  5.731E-02  5.598E-02  5.466E-02  5.335E-02  5.206E-02  5.077E-02  4.949E-02  4.823E-02
  339.5000  1.561E-01  1.541E-01  1.521E-01  1.501E-01  1.480E-01  1.460E-01  1.440E-01  1.421E-01  1.401E-01  1.381E-01  1.362E-01  1.342E-01  1.323E-01  1.304E-01  1.285E-01  1.266E-01  1.247E-01  1.228E-01  1.209E-01  1.191E-01  1.172E-01  1.154E-01  1.135E-01  1.117E-01  1.099E-01  1.081E-01  1.064E-01  1.046E-01  1.028E-01  1.011E-01  9.934E-02  9.762E-02  9.591E-02  9.420E-02  9.251E-02  9.084E-02  8.917E-02  8.752E-02  8.588E-02  8.425E-02  8.263E-02  8.102E-02  7.943E-02  7.785E-02  7.628E-02  7.472E-02  7.317E-02  7.164E-02  7.012E-02  6.861E-02  6.711E-02  6.563E-02  6.415E-02  6.269E-02  6.124E-02  5.980E-02  5.838E-02  5.696E-02  5.556E-02  5.417E-02  5.280E-02
  340.5000  1.660E-01  1.638E-01  1.617E-01  1.595E-01  1.573E-01  1.552E-01  1.531E-01  1.509E-01  1.488E-01  1.467E-01  1.446E-01  1.426E-01  1.405E-01  1.384E-01  1.364E-01  1.343E-01  1.323E-01  1.303E-01  1.283E-01  1.263E-01  1.243E-01  1.224E-01  1.204E-01  1.185E-01  1.165E-01  1.146E-01  1.127E-01  1.108E-01  1.089E-01  1.071E-01  1.052E-01  1.034E-01  1.015E-01  9.973E-02  9.792E-02  9.613E-02  9.435E-02  9.258E-02  9.083E-02  8.909E-02  8.736E-02  8.564E-02  8.394E-02  8.225E-02  8.058E-02  7.891E-02  7.726E-02  7.562E-02  7.400E-02  7.239E-02  7.079E-02  6.921E-02  6.763E-02  6.608E-02  6.453E-02  6.300E-02  6.148E-02  5.997E-02  5.848E-02  5.700E-02  5.553E-02
  341.5000  1.490E-01  1.470E-01  1.451E-01  1.432E-01  1.413E-01  1.394E-01  1.375E-01  1.356E-01  1.337E-01  1.318E-01  1.300E-01  1.281E-01  1.263E-01  1.244E-01  1.226E-01  1.208E-01  1.190E-01  1.172E-01  1.154E-01  1.137E-01  1.119E-01  1.101E-01  1.084E-01  1.067E-01  1.050E-01  1.033E-01  1.016E-01  9.987E-02  9.819E-02  9.653E-02  9.487E-02  9.324E-02  9.160E-02  8.998E-02  8.837E-02  8.678E-02  8.519E-02  8.362E-02  8.205E-02  8.050E-02  7.896E-02  7.743E-02  7.591E-02  7.441E-02  7.291E-02  7.143E-02  6.995E-02  6.849E-02  6.704E-02  6.561E-02  6.418E-02  6.276E-02  6.136E-02  5.996E-02  5.859E-02  5.722E-02  5.586E-02  5.451E-02  5.318E-02  5.185E-02  5.054E-02
  342.5000  1.655E-01  1.633E-01  1.612E-01  1.591E-01  1.569E-01  1.548E-01  1.527E-01  1.506E-01  1.485E-01  1.465E-01  1.444E-01  1.423E-01  1.403E-01  1.383E-01  1.362E-01  1.342E-01  1.322E-01  1.302E-01  1.283E-01  1.263E-01  1.244E-01  1.224E-01  1.205E-01  1.186E-01  1.167E-01  1.148E-01  1.129E-01  1.110E-01  1.091E-01  1.073E-01  1.055E-01  1.036E-01  1.018E-01  1.000E-01  9.825E-02  9.648E-02  9.472E-02  9.298E-02  9.124E-02  8.952E-02  8.781E-02  8.611E-02  8.442E-02  8.275E-02  8.109E-02  7.945E-02  7.781E-02  7.619E-02  7.459E-02  7.299E-02  7.140E-02  6.983E-02  6.827E-02  6.673E-02  6.520E-02  6.368E-02  6.217E-02  6.068E-02  5.919E-02  5.772E-02  5.627E-02
  343.5000  1.715E-01  1.693E-01  1.671E-01  1.648E-01  1.626E-01  1.604E-01  1.582E-01  1.561E-01  1.539E-01  1.517E-01  1.496E-01  1.475E-01  1.453E-01  1.432E-01  1.411E-01  1.390E-01  1.370E-01  1.349E-01  1.328E-01  1.308E-01  1.288E-01  1.267E-01  1.247E-01  1.227E-01  1.207E-01  1.188E-01  1.168E-01  1.149E-01  1.129E-01  1.110E-01  1.091E-01  1.072E-01  1.053E-01  1.035E-01  1.016E-01  9.977E-02  9.794E-02  9.613E-02  9.432E-02  9.253E-02  9.076E-02  8.899E-02  8.724E-02  8.551E-02  8.378E-02  8.207E-02  8.037E-02  7.869E-02  7.702E-02  7.537E-02  7.372E-02  7.209E-02  7.047E-02  6.887E-02  6.728E-02  6.570E-02  6.414E-02  6.259E-02  6.105E-02  5.952E-02  5.802E-02
  344.5000  1.199E-01  1.184E-01  1.168E-01  1.152E-01  1.137E-01  1.121E-01  1.106E-01  1.091E-01  1.076E-01  1.060E-01  1.045E-01  1.030E-01  1.015E-01  1.001E-01  9.859E-02  9.712E-02  9.566E-02  9.421E-02  9.277E-02  9.133E-02  8.991E-02  8.849E-02  8.708E-02  8.568E-02  8.429E-02  8.291E-02  8.154E-02  8.017E-02  7.882E-02  7.747E-02  7.613E-02  7.480E-02  7.348E-02  7.217E-02  7.087E-02  6.958E-02  6.829E-02  6.702E-02  6.576E-02  6.450E-02  6.326E-02  6.202E-02  6.079E-02  5.958E-02  5.837E-02  5.717E-02  5.598E-02  5.480E-02  5.363E-02  5.247E-02  5.132E-02  5.018E-02  4.905E-02  4.792E-02  4.681E-02  4.571E-02  4.461E-02  4.352E-02  4.245E-02  4.138E-02  4.033E-02
  345.5000  1.660E-01  1.638E-01  1.617E-01  1.595E-01  1.574E-01  1.553E-01  1.532E-01  1.511E-01  1.490E-01  1.469E-01  1.448E-01  1.428E-01  1.407E-01  1.387E-01  1.367E-01  1.347E-01  1.327E-01  1.307E-01  1.287E-01  1.267E-01  1.248E-01  1.228E-01  1.209E-01  1.190E-01  1.170E-01  1.151E-01  1.133E-01  1.114E-01  1.095E-01  1.077E-01  1.058E-01  1.040E-01  1.022E-01  1.004E-01  9.861E-02  9.684E-02  9.507E-02  9.333E-02  9.159E-02  8.986E-02  8.815E-02  8.645E-02  8.476E-02  8.309E-02  8.143E-02  7.978E-02  7.814E-02  7.651E-02  7.491E-02  7.331E-02  7.172E-02  7.015E-02  6.859E-02  6.704E-02  6.551E-02  6.399E-02  6.248E-02  6.098E-02  5.950E-02  5.803E-02  5.657E-02
  346.5000  1.546E-01  1.526E-01  1.505E-01  1.486E-01  1.466E-01  1.446E-01  1.426E-01  1.406E-01  1.387E-01  1.367E-01  1.348E-01  1.329E-01  1.309E-01  1.290E-01  1.271E-01  1.253E-01  1.234E-01  1.215E-01  1.197E-01  1.178E-01  1.160E-01  1.142E-01  1.124E-01  1.106E-01  1.088E-01  1.070E-01  1.052E-01  1.035E-01  1.017E-01  9.999E-02  9.827E-02  9.656E-02  9.487E-02  9.318E-02  9.151E-02  8.984E-02  8.819E-02  8.656E-02  8.493E-02  8.332E-02  8.172E-02  8.013E-02  7.855E-02  7.699E-02  7.543E-02  7.389E-02  7.236E-02  7.084E-02  6.934E-02  6.785E-02  6.636E-02  6.490E-02  6.344E-02  6.199E-02  6.056E-02  5.914E-02  5.773E-02  5.634E-02  5.495E-02  5.358E-02  5.222E-02
  347.5000  1.513E-01  1.493E-01  1.473E-01  1.454E-01  1.434E-01  1.415E-01  1.396E-01  1.376E-01  1.357E-01  1.338E-01  1.319E-01  1.300E-01  1.282E-01  1.263E-01  1.244E-01  1.226E-01  1.208E-01  1.189E-01  1.171E-01  1.153E-01  1.135E-01  1.117E-01  1.100E-01  1.082E-01  1.065E-01  1.047E-01  1.030E-01  1.013E-01  9.957E-02  9.787E-02  9.619E-02  9.452E-02  9.286E-02  9.121E-02  8.957E-02  8.795E-02  8.633E-02  8.473E-02  8.314E-02  8.156E-02  7.999E-02  7.844E-02  7.689E-02  7.537E-02  7.384E-02  7.234E-02  7.084E-02  6.935E-02  6.789E-02  6.642E-02  6.498E-02  6.354E-02  6.211E-02  6.070E-02  5.930E-02  5.791E-02  5.653E-02  5.517E-02  5.381E-02  5.247E-02  5.114E-02
  348.5000  1.668E-01  1.646E-01  1.624E-01  1.603E-01  1.581E-01  1.560E-01  1.539E-01  1.517E-01  1.496E-01  1.475E-01  1.455E-01  1.434E-01  1.413E-01  1.393E-01  1.372E-01  1.352E-01  1.332E-01  1.312E-01  1.292E-01  1.272E-01  1.252E-01  1.232E-01  1.213E-01  1.194E-01  1.174E-01  1.155E-01  1.136E-01  1.117E-01  1.098E-01  1.080E-01  1.061E-01  1.043E-01  1.025E-01  1.006E-01  9.883E-02  9.704E-02  9.527E-02  9.351E-02  9.175E-02  9.002E-02  8.829E-02  8.658E-02  8.488E-02  8.319E-02  8.152E-02  7.986E-02  7.821E-02  7.658E-02  7.496E-02  7.335E-02  7.176E-02  7.017E-02  6.860E-02  6.705E-02  6.551E-02  6.398E-02  6.246E-02  6.096E-02  5.946E-02  5.799E-02  5.652E-02
  349.5000  1.399E-01  1.380E-01  1.362E-01  1.344E-01  1.326E-01  1.308E-01  1.290E-01  1.273E-01  1.255E-01  1.237E-01  1.220E-01  1.202E-01  1.185E-01  1.168E-01  1.151E-01  1.134E-01  1.117E-01  1.100E-01  1.083E-01  1.066E-01  1.050E-01  1.033E-01  1.017E-01  1.001E-01  9.845E-02  9.685E-02  9.525E-02  9.367E-02  9.209E-02  9.052E-02  8.897E-02  8.743E-02  8.589E-02  8.437E-02  8.286E-02  8.135E-02  7.986E-02  7.839E-02  7.692E-02  7.546E-02  7.401E-02  7.257E-02  7.114E-02  6.973E-02  6.833E-02  6.694E-02  6.555E-02  6.418E-02  6.283E-02  6.148E-02  6.014E-02  5.881E-02  5.749E-02  5.619E-02  5.490E-02  5.362E-02  5.234E-02  5.108E-02  4.983E-02  4.859E-02  4.737E-02
  350.5000  1.961E-01  1.935E-01  1.910E-01  1.885E-01  1.859E-01  1.834E-01  1.809E-01  1.784E-01  1.759E-01  1.735E-01  1.710E-01  1.686E-01  1.662E-01  1.637E-01  1.613E-01  1.590E-01  1.566E-01  1.542E-01  1.519E-01  1.495E-01  1.472E-01  1.449E-01  1.426E-01  1.403E-01  1.381E-01  1.358E-01  1.336E-01  1.313E-01  1.291E-01  1.269E-01  1.248E-01  1.226E-01  1.204E-01  1.183E-01  1.162E-01  1.141E-01  1.120E-01  1.099E-01  1.079E-01  1.058E-01  1.038E-01  1.018E-01  9.976E-02  9.779E-02  9.582E-02  9.386E-02  9.193E-02  9.000E-02  8.810E-02  8.621E-02  8.434E-02  8.247E-02  8.063E-02  7.880E-02  7.699E-02  7.519E-02  7.341E-02  7.164E-02  6.989E-02  6.815E-02  6.643E-02
  351.5000  1.691E-01  1.668E-01  1.646E-01  1.625E-01  1.603E-01  1.581E-01  1.560E-01  1.538E-01  1.517E-01  1.495E-01  1.474E-01  1.453E-01  1.432E-01  1.411E-01  1.391E-01  1.370E-01  1.350E-01  1.329E-01  1.309E-01  1.289E-01  1.269E-01  1.249E-01  1.229E-01  1.209E-01  1.190E-01  1.170E-01  1.151E-01  1.132E-01  1.113E-01  1.094E-01  1.075E-01  1.056E-01  1.038E-01  1.019E-01  1.001E-01  9.827E-02  9.647E-02  9.468E-02  9.290E-02  9.114E-02  8.939E-02  8.765E-02  8.592E-02  8.422E-02  8.252E-02  8.084E-02  7.916E-02  7.751E-02  7.587E-02  7.424E-02  7.262E-02  7.101E-02  6.942E-02  6.784E-02  6.629E-02  6.473E-02  6.320E-02  6.167E-02  6.016E-02  5.866E-02  5.718E-02
  352.5000  1.527E-01  1.507E-01  1.487E-01  1.468E-01  1.448E-01  1.428E-01  1.409E-01  1.389E-01  1.370E-01  1.351E-01  1.332E-01  1.313E-01  1.294E-01  1.275E-01  1.256E-01  1.238E-01  1.219E-01  1.201E-01  1.182E-01  1.164E-01  1.146E-01  1.128E-01  1.110E-01  1.092E-01  1.075E-01  1.057E-01  1.040E-01  1.022E-01  1.005E-01  9.881E-02  9.711E-02  9.543E-02  9.375E-02  9.208E-02  9.043E-02  8.879E-02  8.716E-02  8.555E-02  8.394E-02  8.235E-02  8.077E-02  7.920E-02  7.764E-02  7.610E-02  7.456E-02  7.304E-02  7.153E-02  7.004E-02  6.856E-02  6.708E-02  6.562E-02  6.417E-02  6.274E-02  6.131E-02  5.990E-02  5.850E-02  5.711E-02  5.574E-02  5.437E-02  5.302E-02  5.169E-02
  353.5000  1.842E-01  1.818E-01  1.794E-01  1.770E-01  1.746E-01  1.723E-01  1.699E-01  1.676E-01  1.653E-01  1.630E-01  1.607E-01  1.584E-01  1.561E-01  1.538E-01  1.515E-01  1.493E-01  1.471E-01  1.449E-01  1.426E-01  1.404E-01  1.383E-01  1.361E-01  1.339E-01  1.318E-01  1.297E-01  1.275E-01  1.254E-01  1.234E-01  1.213E-01  1.192E-01  1.172E-01  1.151E-01  1.131E-01  1.111E-01  1.091E-01  1.071E-01  1.052E-01  1.032E-01  1.013E-01  9.937E-02  9.746E-02  9.557E-02  9.369E-02  9.184E-02  8.999E-02  8.815E-02  8.633E-02  8.453E-02  8.275E-02  8.097E-02  7.921E-02  7.746E-02  7.573E-02  7.401E-02  7.232E-02  7.063E-02  6.896E-02  6.730E-02  6.565E-02  6.402E-02  6.241E-02
  354.5000  1.997E-01  1.971E-01  1.945E-01  1.919E-01  1.894E-01  1.868E-01  1.843E-01  1.817E-01  1.792E-01  1.767E-01  1.742E-01  1.717E-01  1.692E-01  1.668E-01  1.643E-01  1.619E-01  1.595E-01  1.571E-01  1.547E-01  1.523E-01  1.499E-01  1.476E-01  1.452E-01  1.429E-01  1.406E-01  1.383E-01  1.360E-01  1.338E-01  1.315E-01  1.293E-01  1.271E-01  1.249E-01  1.227E-01  1.205E-01  1.183E-01  1.162E-01  1.141E-01  1.120E-01  1.099E-01  1.078E-01  1.057E-01  1.037E-01  1.016E-01  9.961E-02  9.761E-02  9.562E-02  9.365E-02  9.170E-02  8.976E-02  8.784E-02  8.593E-02  8.404E-02  8.216E-02  8.030E-02  7.846E-02  7.663E-02  7.482E-02  7.302E-02  7.124E-02  6.947E-02  6.773E-02
  355.5000  1.868E-01  1.844E-01  1.820E-01  1.796E-01  1.772E-01  1.748E-01  1.724E-01  1.700E-01  1.676E-01  1.653E-01  1.630E-01  1.606E-01  1.583E-01  1.560E-01  1.537E-01  1.515E-01  1.492E-01  1.469E-01  1.447E-01  1.425E-01  1.403E-01  1.381E-01  1.359E-01  1.337E-01  1.315E-01  1.294E-01  1.273E-01  1.251E-01  1.230E-01  1.209E-01  1.189E-01  1.168E-01  1.148E-01  1.127E-01  1.107E-01  1.087E-01  1.067E-01  1.047E-01  1.028E-01  1.008E-01  9.888E-02  9.696E-02  9.505E-02  9.317E-02  9.130E-02  8.944E-02  8.759E-02  8.576E-02  8.395E-02  8.215E-02  8.037E-02  7.860E-02  7.684E-02  7.510E-02  7.338E-02  7.167E-02  6.997E-02  6.829E-02  6.663E-02  6.497E-02  6.334E-02
  356.5000  1.735E-01  1.713E-01  1.690E-01  1.668E-01  1.646E-01  1.623E-01  1.601E-01  1.579E-01  1.557E-01  1.535E-01  1.514E-01  1.492E-01  1.471E-01  1.449E-01  1.428E-01  1.407E-01  1.386E-01  1.365E-01  1.344E-01  1.323E-01  1.303E-01  1.282E-01  1.262E-01  1.242E-01  1.222E-01  1.202E-01  1.182E-01  1.162E-01  1.143E-01  1.123E-01  1.104E-01  1.085E-01  1.066E-01  1.047E-01  1.028E-01  1.009E-01  9.908E-02  9.725E-02  9.542E-02  9.361E-02  9.181E-02  9.003E-02  8.826E-02  8.651E-02  8.477E-02  8.304E-02  8.133E-02  7.963E-02  7.795E-02  7.628E-02  7.462E-02  7.297E-02  7.134E-02  6.973E-02  6.813E-02  6.654E-02  6.496E-02  6.340E-02  6.186E-02  6.032E-02  5.881E-02
  357.5000  1.477E-01  1.458E-01  1.439E-01  1.419E-01  1.400E-01  1.382E-01  1.363E-01  1.344E-01  1.325E-01  1.307E-01  1.288E-01  1.270E-01  1.251E-01  1.233E-01  1.215E-01  1.197E-01  1.179E-01  1.161E-01  1.144E-01  1.126E-01  1.109E-01  1.091E-01  1.074E-01  1.057E-01  1.039E-01  1.022E-01  1.006E-01  9.888E-02  9.722E-02  9.556E-02  9.392E-02  9.229E-02  9.066E-02  8.905E-02  8.745E-02  8.587E-02  8.429E-02  8.273E-02  8.118E-02  7.964E-02  7.811E-02  7.659E-02  7.508E-02  7.359E-02  7.211E-02  7.064E-02  6.918E-02  6.773E-02  6.630E-02  6.488E-02  6.347E-02  6.207E-02  6.068E-02  5.930E-02  5.794E-02  5.659E-02  5.525E-02  5.392E-02  5.261E-02  5.130E-02  5.001E-02
  358.5000  1.141E-01  1.126E-01  1.112E-01  1.097E-01  1.082E-01  1.068E-01  1.053E-01  1.039E-01  1.024E-01  1.010E-01  9.955E-02  9.812E-02  9.671E-02  9.530E-02  9.390E-02  9.251E-02  9.113E-02  8.975E-02  8.838E-02  8.701E-02  8.566E-02  8.432E-02  8.298E-02  8.165E-02  8.033E-02  7.901E-02  7.771E-02  7.642E-02  7.513E-02  7.385E-02  7.258E-02  7.132E-02  7.006E-02  6.882E-02  6.758E-02  6.636E-02  6.514E-02  6.393E-02  6.273E-02  6.154E-02  6.036E-02  5.919E-02  5.802E-02  5.687E-02  5.573E-02  5.459E-02  5.346E-02  5.234E-02  5.124E-02  5.014E-02  4.905E-02  4.797E-02  4.690E-02  4.583E-02  4.478E-02  4.374E-02  4.270E-02  4.168E-02  4.066E-02  3.965E-02  3.865E-02
  359.5000  1.923E-01  1.898E-01  1.873E-01  1.848E-01  1.823E-01  1.798E-01  1.774E-01  1.749E-01  1.725E-01  1.701E-01  1.677E-01  1.653E-01  1.629E-01  1.605E-01  1.582E-01  1.558E-01  1.535E-01  1.512E-01  1.489E-01  1.466E-01  1.443E-01  1.420E-01  1.398E-01  1.375E-01  1.353E-01  1.331E-01  1.309E-01  1.287E-01  1.265E-01  1.244E-01  1.222E-01  1.201E-01  1.180E-01  1.159E-01  1.138E-01  1.118E-01  1.097E-01  1.077E-01  1.057E-01  1.036E-01  1.017E-01  9.968E-02  9.771E-02  9.578E-02  9.385E-02  9.193E-02  9.003E-02  8.815E-02  8.629E-02  8.443E-02  8.260E-02  8.078E-02  7.897E-02  7.718E-02  7.541E-02  7.365E-02  7.191E-02  7.018E-02  6.846E-02  6.677E-02  6.509E-02
  360.5000  1.784E-01  1.761E-01  1.738E-01  1.715E-01  1.692E-01  1.669E-01  1.646E-01  1.623E-01  1.601E-01  1.578E-01  1.556E-01  1.534E-01  1.512E-01  1.490E-01  1.468E-01  1.446E-01  1.424E-01  1.403E-01  1.381E-01  1.360E-01  1.339E-01  1.318E-01  1.297E-01  1.276E-01  1.255E-01  1.235E-01  1.214E-01  1.194E-01  1.174E-01  1.154E-01  1.134E-01  1.114E-01  1.095E-01  1.075E-01  1.056E-01  1.037E-01  1.018E-01  9.988E-02  9.801E-02  9.614E-02  9.430E-02  9.246E-02  9.064E-02  8.884E-02  8.705E-02  8.527E-02  8.351E-02  8.176E-02  8.004E-02  7.832E-02  7.661E-02  7.492E-02  7.325E-02  7.159E-02  6.994E-02  6.831E-02  6.669E-02  6.509E-02  6.350E-02  6.193E-02  6.037E-02
  361.5000  1.610E-01  1.589E-01  1.569E-01  1.548E-01  1.527E-01  1.506E-01  1.486E-01  1.465E-01  1.445E-01  1.425E-01  1.405E-01  1.384E-01  1.364E-01  1.345E-01  1.325E-01  1.305E-01  1.286E-01  1.266E-01  1.247E-01  1.228E-01  1.209E-01  1.189E-01  1.171E-01  1.152E-01  1.133E-01  1.115E-01  1.096E-01  1.078E-01  1.060E-01  1.042E-01  1.024E-01  1.006E-01  9.882E-02  9.706E-02  9.531E-02  9.358E-02  9.186E-02  9.016E-02  8.847E-02  8.678E-02  8.511E-02  8.346E-02  8.182E-02  8.019E-02  7.857E-02  7.697E-02  7.538E-02  7.380E-02  7.224E-02  7.069E-02  6.915E-02  6.763E-02  6.612E-02  6.462E-02  6.313E-02  6.166E-02  6.020E-02  5.875E-02  5.732E-02  5.590E-02  5.450E-02
  362.5000  1.893E-01  1.869E-01  1.844E-01  1.820E-01  1.795E-01  1.771E-01  1.747E-01  1.723E-01  1.699E-01  1.675E-01  1.651E-01  1.628E-01  1.604E-01  1.581E-01  1.557E-01  1.534E-01  1.511E-01  1.489E-01  1.466E-01  1.443E-01  1.421E-01  1.398E-01  1.376E-01  1.354E-01  1.332E-01  1.310E-01  1.289E-01  1.267E-01  1.246E-01  1.224E-01  1.203E-01  1.182E-01  1.162E-01  1.141E-01  1.120E-01  1.100E-01  1.080E-01  1.060E-01  1.040E-01  1.020E-01  1.000E-01  9.810E-02  9.617E-02  9.426E-02  9.236E-02  9.047E-02  8.860E-02  8.675E-02  8.491E-02  8.309E-02  8.128E-02  7.949E-02  7.771E-02  7.595E-02  7.421E-02  7.248E-02  7.076E-02  6.906E-02  6.737E-02  6.570E-02  6.405E-02
  363.5000  1.686E-01  1.664E-01  1.642E-01  1.620E-01  1.599E-01  1.577E-01  1.555E-01  1.534E-01  1.513E-01  1.491E-01  1.470E-01  1.449E-01  1.428E-01  1.408E-01  1.387E-01  1.366E-01  1.346E-01  1.325E-01  1.305E-01  1.285E-01  1.265E-01  1.245E-01  1.225E-01  1.206E-01  1.186E-01  1.167E-01  1.147E-01  1.128E-01  1.109E-01  1.090E-01  1.071E-01  1.053E-01  1.034E-01  1.016E-01  9.975E-02  9.794E-02  9.613E-02  9.435E-02  9.258E-02  9.082E-02  8.907E-02  8.733E-02  8.561E-02  8.391E-02  8.222E-02  8.054E-02  7.887E-02  7.722E-02  7.559E-02  7.397E-02  7.236E-02  7.076E-02  6.918E-02  6.761E-02  6.606E-02  6.451E-02  6.299E-02  6.147E-02  5.997E-02  5.849E-02  5.702E-02
  364.5000  1.841E-01  1.817E-01  1.793E-01  1.769E-01  1.745E-01  1.722E-01  1.698E-01  1.675E-01  1.652E-01  1.628E-01  1.605E-01  1.582E-01  1.559E-01  1.537E-01  1.514E-01  1.492E-01  1.469E-01  1.447E-01  1.425E-01  1.403E-01  1.381E-01  1.359E-01  1.338E-01  1.316E-01  1.295E-01  1.274E-01  1.253E-01  1.232E-01  1.211E-01  1.190E-01  1.170E-01  1.149E-01  1.129E-01  1.109E-01  1.089E-01  1.069E-01  1.049E-01  1.030E-01  1.010E-01  9.912E-02  9.722E-02  9.532E-02  9.344E-02  9.158E-02  8.974E-02  8.790E-02  8.608E-02  8.428E-02  8.250E-02  8.072E-02  7.896E-02  7.722E-02  7.549E-02  7.378E-02  7.209E-02  7.040E-02  6.873E-02  6.708E-02  6.544E-02  6.382E-02  6.222E-02
  365.5000  2.245E-01  2.216E-01  2.187E-01  2.158E-01  2.129E-01  2.100E-01  2.071E-01  2.042E-01  2.014E-01  1.986E-01  1.958E-01  1.930E-01  1.902E-01  1.874E-01  1.846E-01  1.819E-01  1.792E-01  1.765E-01  1.738E-01  1.711E-01  1.684E-01  1.657E-01  1.631E-01  1.605E-01  1.579E-01  1.553E-01  1.527E-01  1.502E-01  1.476E-01  1.451E-01  1.426E-01  1.401E-01  1.376E-01  1.352E-01  1.327E-01  1.303E-01  1.279E-01  1.256E-01  1.232E-01  1.208E-01  1.185E-01  1.162E-01  1.139E-01  1.116E-01  1.094E-01  1.071E-01  1.049E-01  1.027E-01  1.006E-01  9.839E-02  9.625E-02  9.412E-02  9.201E-02  8.992E-02  8.786E-02  8.581E-02  8.377E-02  8.176E-02  7.976E-02  7.778E-02  7.582E-02
  366.5000  2.379E-01  2.348E-01  2.317E-01  2.286E-01  2.255E-01  2.225E-01  2.194E-01  2.164E-01  2.134E-01  2.104E-01  2.074E-01  2.044E-01  2.015E-01  1.986E-01  1.956E-01  1.927E-01  1.898E-01  1.870E-01  1.841E-01  1.812E-01  1.784E-01  1.756E-01  1.728E-01  1.700E-01  1.673E-01  1.645E-01  1.618E-01  1.591E-01  1.564E-01  1.537E-01  1.511E-01  1.484E-01  1.458E-01  1.432E-01  1.406E-01  1.381E-01  1.355E-01  1.330E-01  1.305E-01  1.280E-01  1.255E-01  1.231E-01  1.207E-01  1.183E-01  1.159E-01  1.135E-01  1.112E-01  1.088E-01  1.065E-01  1.042E-01  1.020E-01  9.970E-02  9.746E-02  9.525E-02  9.306E-02  9.089E-02  8.873E-02  8.660E-02  8.448E-02  8.239E-02  8.032E-02
  367.5000  2.261E-01  2.232E-01  2.202E-01  2.173E-01  2.144E-01  2.115E-01  2.086E-01  2.057E-01  2.028E-01  2.000E-01  1.972E-01  1.943E-01  1.915E-01  1.887E-01  1.860E-01  1.832E-01  1.804E-01  1.777E-01  1.750E-01  1.723E-01  1.696E-01  1.669E-01  1.643E-01  1.616E-01  1.590E-01  1.564E-01  1.538E-01  1.512E-01  1.487E-01  1.461E-01  1.436E-01  1.411E-01  1.386E-01  1.361E-01  1.337E-01  1.312E-01  1.288E-01  1.264E-01  1.240E-01  1.217E-01  1.193E-01  1.170E-01  1.147E-01  1.124E-01  1.101E-01  1.079E-01  1.056E-01  1.034E-01  1.012E-01  9.905E-02  9.689E-02  9.475E-02  9.262E-02  9.052E-02  8.844E-02  8.637E-02  8.433E-02  8.230E-02  8.029E-02  7.829E-02  7.633E-02
  368.5000  1.988E-01  1.962E-01  1.936E-01  1.911E-01  1.885E-01  1.860E-01  1.834E-01  1.809E-01  1.784E-01  1.759E-01  1.734E-01  1.709E-01  1.684E-01  1.660E-01  1.635E-01  1.611E-01  1.587E-01  1.563E-01  1.539E-01  1.515E-01  1.491E-01  1.468E-01  1.444E-01  1.421E-01  1.398E-01  1.375E-01  1.352E-01  1.329E-01  1.307E-01  1.285E-01  1.262E-01  1.240E-01  1.218E-01  1.197E-01  1.175E-01  1.154E-01  1.132E-01  1.111E-01  1.090E-01  1.070E-01  1.049E-01  1.028E-01  1.008E-01  9.880E-02  9.680E-02  9.482E-02  9.285E-02  9.090E-02  8.898E-02  8.706E-02  8.516E-02  8.328E-02  8.141E-02  7.956E-02  7.773E-02  7.592E-02  7.412E-02  7.233E-02  7.056E-02  6.881E-02  6.708E-02
  369.5000  2.387E-01  2.356E-01  2.325E-01  2.294E-01  2.263E-01  2.233E-01  2.202E-01  2.172E-01  2.142E-01  2.112E-01  2.082E-01  2.052E-01  2.022E-01  1.993E-01  1.963E-01  1.934E-01  1.905E-01  1.876E-01  1.847E-01  1.819E-01  1.790E-01  1.762E-01  1.734E-01  1.706E-01  1.678E-01  1.651E-01  1.623E-01  1.596E-01  1.569E-01  1.542E-01  1.515E-01  1.489E-01  1.463E-01  1.437E-01  1.411E-01  1.385E-01  1.359E-01  1.334E-01  1.309E-01  1.284E-01  1.259E-01  1.234E-01  1.210E-01  1.186E-01  1.162E-01  1.138E-01  1.115E-01  1.091E-01  1.068E-01  1.045E-01  1.022E-01  9.995E-02  9.771E-02  9.549E-02  9.330E-02  9.111E-02  8.895E-02  8.681E-02  8.469E-02  8.259E-02  8.051E-02
  370.5000  2.168E-01  2.140E-01  2.112E-01  2.084E-01  2.056E-01  2.028E-01  2.000E-01  1.972E-01  1.945E-01  1.918E-01  1.890E-01  1.863E-01  1.836E-01  1.809E-01  1.783E-01  1.756E-01  1.730E-01  1.704E-01  1.677E-01  1.652E-01  1.626E-01  1.600E-01  1.575E-01  1.549E-01  1.524E-01  1.499E-01  1.474E-01  1.449E-01  1.425E-01  1.400E-01  1.376E-01  1.352E-01  1.328E-01  1.304E-01  1.281E-01  1.257E-01  1.234E-01  1.211E-01  1.188E-01  1.166E-01  1.143E-01  1.121E-01  1.099E-01  1.077E-01  1.055E-01  1.033E-01  1.012E-01  9.905E-02  9.695E-02  9.486E-02  9.279E-02  9.074E-02  8.870E-02  8.668E-02  8.469E-02  8.271E-02  8.074E-02  7.880E-02  7.687E-02  7.496E-02  7.308E-02
  371.5000  2.483E-01  2.451E-01  2.419E-01  2.386E-01  2.354E-01  2.322E-01  2.291E-01  2.259E-01  2.228E-01  2.196E-01  2.165E-01  2.134E-01  2.103E-01  2.072E-01  2.042E-01  2.012E-01  1.981E-01  1.951E-01  1.921E-01  1.891E-01  1.862E-01  1.833E-01  1.803E-01  1.774E-01  1.745E-01  1.717E-01  1.688E-01  1.660E-01  1.632E-01  1.604E-01  1.576E-01  1.548E-01  1.521E-01  1.494E-01  1.467E-01  1.440E-01  1.413E-01  1.387E-01  1.361E-01  1.335E-01  1.309E-01  1.283E-01  1.258E-01  1.233E-01  1.208E-01  1.183E-01  1.158E-01  1.134E-01  1.110E-01  1.086E-01  1.062E-01  1.039E-01  1.016E-01  9.924E-02  9.696E-02  9.469E-02  9.244E-02  9.022E-02  8.801E-02  8.582E-02  8.366E-02
  372.5000  1.836E-01  1.812E-01  1.788E-01  1.765E-01  1.741E-01  1.717E-01  1.694E-01  1.670E-01  1.647E-01  1.624E-01  1.601E-01  1.578E-01  1.555E-01  1.532E-01  1.510E-01  1.487E-01  1.465E-01  1.443E-01  1.421E-01  1.398E-01  1.377E-01  1.355E-01  1.333E-01  1.312E-01  1.290E-01  1.269E-01  1.248E-01  1.227E-01  1.206E-01  1.186E-01  1.165E-01  1.145E-01  1.124E-01  1.104E-01  1.084E-01  1.064E-01  1.045E-01  1.025E-01  1.006E-01  9.867E-02  9.676E-02  9.487E-02  9.299E-02  9.113E-02  8.928E-02  8.745E-02  8.563E-02  8.383E-02  8.205E-02  8.028E-02  7.853E-02  7.679E-02  7.506E-02  7.335E-02  7.167E-02  6.999E-02  6.832E-02  6.668E-02  6.505E-02  6.343E-02  6.183E-02
  373.5000  1.661E-01  1.640E-01  1.618E-01  1.596E-01  1.575E-01  1.554E-01  1.532E-01  1.511E-01  1.490E-01  1.469E-01  1.448E-01  1.428E-01  1.407E-01  1.386E-01  1.366E-01  1.346E-01  1.325E-01  1.305E-01  1.285E-01  1.265E-01  1.245E-01  1.226E-01  1.206E-01  1.187E-01  1.167E-01  1.148E-01  1.129E-01  1.110E-01  1.091E-01  1.072E-01  1.054E-01  1.035E-01  1.017E-01  9.989E-02  9.808E-02  9.628E-02  9.450E-02  9.274E-02  9.098E-02  8.924E-02  8.752E-02  8.580E-02  8.410E-02  8.242E-02  8.075E-02  7.909E-02  7.745E-02  7.581E-02  7.420E-02  7.260E-02  7.101E-02  6.944E-02  6.788E-02  6.633E-02  6.481E-02  6.329E-02  6.178E-02  6.029E-02  5.882E-02  5.736E-02  5.591E-02
  374.5000  1.825E-01  1.801E-01  1.777E-01  1.754E-01  1.730E-01  1.707E-01  1.683E-01  1.660E-01  1.637E-01  1.614E-01  1.591E-01  1.568E-01  1.546E-01  1.523E-01  1.500E-01  1.478E-01  1.456E-01  1.434E-01  1.412E-01  1.390E-01  1.368E-01  1.346E-01  1.325E-01  1.304E-01  1.282E-01  1.261E-01  1.240E-01  1.219E-01  1.199E-01  1.178E-01  1.158E-01  1.137E-01  1.117E-01  1.097E-01  1.077E-01  1.058E-01  1.038E-01  1.019E-01  9.993E-02  9.801E-02  9.611E-02  9.423E-02  9.236E-02  9.052E-02  8.868E-02  8.686E-02  8.505E-02  8.326E-02  8.149E-02  7.973E-02  7.798E-02  7.625E-02  7.454E-02  7.284E-02  7.116E-02  6.949E-02  6.784E-02  6.620E-02  6.458E-02  6.298E-02  6.139E-02
  375.5000  2.061E-01  2.034E-01  2.008E-01  1.981E-01  1.954E-01  1.928E-01  1.901E-01  1.875E-01  1.849E-01  1.823E-01  1.797E-01  1.771E-01  1.746E-01  1.720E-01  1.695E-01  1.669E-01  1.644E-01  1.619E-01  1.594E-01  1.570E-01  1.545E-01  1.521E-01  1.496E-01  1.472E-01  1.448E-01  1.424E-01  1.401E-01  1.377E-01  1.354E-01  1.330E-01  1.307E-01  1.284E-01  1.262E-01  1.239E-01  1.216E-01  1.194E-01  1.172E-01  1.150E-01  1.128E-01  1.107E-01  1.085E-01  1.064E-01  1.043E-01  1.022E-01  1.001E-01  9.807E-02  9.603E-02  9.400E-02  9.200E-02  9.001E-02  8.804E-02  8.609E-02  8.415E-02  8.223E-02  8.034E-02  7.846E-02  7.659E-02  7.474E-02  7.291E-02  7.110E-02  6.931E-02
  376.5000  2.061E-01  2.034E-01  2.007E-01  1.980E-01  1.954E-01  1.927E-01  1.901E-01  1.874E-01  1.848E-01  1.822E-01  1.796E-01  1.771E-01  1.745E-01  1.719E-01  1.694E-01  1.669E-01  1.644E-01  1.619E-01  1.594E-01  1.569E-01  1.544E-01  1.520E-01  1.496E-01  1.471E-01  1.447E-01  1.424E-01  1.400E-01  1.376E-01  1.353E-01  1.330E-01  1.307E-01  1.284E-01  1.261E-01  1.238E-01  1.216E-01  1.193E-01  1.171E-01  1.149E-01  1.128E-01  1.106E-01  1.085E-01  1.063E-01  1.042E-01  1.021E-01  1.001E-01  9.800E-02  9.596E-02  9.393E-02  9.194E-02  8.995E-02  8.798E-02  8.602E-02  8.409E-02  8.217E-02  8.027E-02  7.839E-02  7.653E-02  7.468E-02  7.285E-02  7.104E-02  6.925E-02
  377.5000  2.456E-01  2.424E-01  2.392E-01  2.360E-01  2.329E-01  2.297E-01  2.266E-01  2.234E-01  2.203E-01  2.172E-01  2.141E-01  2.110E-01  2.080E-01  2.049E-01  2.019E-01  1.989E-01  1.959E-01  1.929E-01  1.900E-01  1.870E-01  1.841E-01  1.812E-01  1.783E-01  1.754E-01  1.725E-01  1.697E-01  1.668E-01  1.640E-01  1.612E-01  1.585E-01  1.557E-01  1.530E-01  1.503E-01  1.476E-01  1.449E-01  1.422E-01  1.396E-01  1.370E-01  1.344E-01  1.318E-01  1.293E-01  1.267E-01  1.242E-01  1.217E-01  1.192E-01  1.168E-01  1.143E-01  1.119E-01  1.095E-01  1.072E-01  1.048E-01  1.025E-01  1.002E-01  9.790E-02  9.565E-02  9.340E-02  9.118E-02  8.898E-02  8.680E-02  8.464E-02  8.250E-02
  378.5000  2.680E-01  2.645E-01  2.610E-01  2.575E-01  2.541E-01  2.506E-01  2.472E-01  2.438E-01  2.404E-01  2.370E-01  2.336E-01  2.303E-01  2.269E-01  2.236E-01  2.203E-01  2.170E-01  2.137E-01  2.105E-01  2.072E-01  2.040E-01  2.008E-01  1.976E-01  1.945E-01  1.913E-01  1.882E-01  1.851E-01  1.820E-01  1.789E-01  1.759E-01  1.729E-01  1.699E-01  1.669E-01  1.639E-01  1.610E-01  1.580E-01  1.551E-01  1.523E-01  1.494E-01  1.466E-01  1.438E-01  1.410E-01  1.382E-01  1.355E-01  1.327E-01  1.300E-01  1.274E-01  1.247E-01  1.221E-01  1.195E-01  1.169E-01  1.143E-01  1.118E-01  1.093E-01  1.068E-01  1.043E-01  1.019E-01  9.943E-02  9.703E-02  9.465E-02  9.229E-02  8.996E-02
  379.5000  1.985E-01  1.959E-01  1.933E-01  1.907E-01  1.881E-01  1.856E-01  1.831E-01  1.805E-01  1.780E-01  1.755E-01  1.730E-01  1.705E-01  1.680E-01  1.656E-01  1.631E-01  1.607E-01  1.583E-01  1.559E-01  1.535E-01  1.511E-01  1.487E-01  1.464E-01  1.440E-01  1.417E-01  1.394E-01  1.371E-01  1.348E-01  1.325E-01  1.302E-01  1.280E-01  1.258E-01  1.236E-01  1.214E-01  1.192E-01  1.170E-01  1.149E-01  1.127E-01  1.106E-01  1.085E-01  1.064E-01  1.044E-01  1.023E-01  1.003E-01  9.828E-02  9.627E-02  9.429E-02  9.232E-02  9.037E-02  8.844E-02  8.653E-02  8.463E-02  8.275E-02  8.088E-02  7.903E-02  7.721E-02  7.539E-02  7.360E-02  7.182E-02  7.006E-02  6.831E-02  6.659E-02
  380.5000  2.389E-01  2.358E-01  2.327E-01  2.296E-01  2.265E-01  2.234E-01  2.204E-01  2.173E-01  2.143E-01  2.113E-01  2.083E-01  2.053E-01  2.023E-01  1.993E-01  1.964E-01  1.935E-01  1.905E-01  1.876E-01  1.847E-01  1.819E-01  1.790E-01  1.762E-01  1.734E-01  1.705E-01  1.678E-01  1.650E-01  1.622E-01  1.595E-01  1.568E-01  1.541E-01  1.514E-01  1.487E-01  1.461E-01  1.435E-01  1.409E-01  1.383E-01  1.357E-01  1.332E-01  1.306E-01  1.281E-01  1.256E-01  1.231E-01  1.207E-01  1.183E-01  1.159E-01  1.135E-01  1.111E-01  1.088E-01  1.064E-01  1.041E-01  1.018E-01  9.957E-02  9.733E-02  9.510E-02  9.291E-02  9.072E-02  8.856E-02  8.642E-02  8.430E-02  8.220E-02  8.012E-02
  381.5000  2.247E-01  2.218E-01  2.189E-01  2.160E-01  2.131E-01  2.102E-01  2.073E-01  2.044E-01  2.016E-01  1.987E-01  1.959E-01  1.931E-01  1.903E-01  1.875E-01  1.847E-01  1.820E-01  1.792E-01  1.765E-01  1.738E-01  1.711E-01  1.684E-01  1.657E-01  1.631E-01  1.604E-01  1.578E-01  1.552E-01  1.526E-01  1.500E-01  1.475E-01  1.449E-01  1.424E-01  1.399E-01  1.374E-01  1.349E-01  1.325E-01  1.300E-01  1.276E-01  1.252E-01  1.228E-01  1.205E-01  1.181E-01  1.158E-01  1.135E-01  1.112E-01  1.090E-01  1.067E-01  1.045E-01  1.023E-01  1.001E-01  9.791E-02  9.576E-02  9.363E-02  9.151E-02  8.942E-02  8.735E-02  8.530E-02  8.327E-02  8.125E-02  7.925E-02  7.728E-02  7.533E-02
  382.5000  1.499E-01  1.479E-01  1.460E-01  1.441E-01  1.421E-01  1.402E-01  1.383E-01  1.364E-01  1.344E-01  1.326E-01  1.307E-01  1.288E-01  1.269E-01  1.251E-01  1.232E-01  1.214E-01  1.195E-01  1.177E-01  1.159E-01  1.141E-01  1.123E-01  1.105E-01  1.088E-01  1.070E-01  1.052E-01  1.035E-01  1.018E-01  1.001E-01  9.834E-02  9.665E-02  9.496E-02  9.329E-02  9.163E-02  8.998E-02  8.834E-02  8.672E-02  8.510E-02  8.351E-02  8.192E-02  8.034E-02  7.878E-02  7.722E-02  7.569E-02  7.416E-02  7.265E-02  7.115E-02  6.966E-02  6.819E-02  6.673E-02  6.528E-02  6.385E-02  6.242E-02  6.101E-02  5.962E-02  5.824E-02  5.687E-02  5.551E-02  5.417E-02  5.284E-02  5.152E-02  5.022E-02
  383.5000  1.318E-01  1.300E-01  1.283E-01  1.266E-01  1.249E-01  1.232E-01  1.215E-01  1.199E-01  1.182E-01  1.165E-01  1.149E-01  1.132E-01  1.116E-01  1.099E-01  1.083E-01  1.067E-01  1.051E-01  1.035E-01  1.019E-01  1.003E-01  9.871E-02  9.714E-02  9.558E-02  9.403E-02  9.249E-02  9.096E-02  8.945E-02  8.793E-02  8.643E-02  8.494E-02  8.346E-02  8.199E-02  8.053E-02  7.908E-02  7.764E-02  7.621E-02  7.479E-02  7.339E-02  7.199E-02  7.060E-02  6.923E-02  6.786E-02  6.651E-02  6.517E-02  6.384E-02  6.252E-02  6.121E-02  5.992E-02  5.863E-02  5.736E-02  5.610E-02  5.485E-02  5.361E-02  5.238E-02  5.117E-02  4.996E-02  4.877E-02  4.759E-02  4.642E-02  4.526E-02  4.412E-02
  384.5000  1.979E-01  1.954E-01  1.928E-01  1.902E-01  1.877E-01  1.851E-01  1.826E-01  1.800E-01  1.775E-01  1.750E-01  1.725E-01  1.701E-01  1.676E-01  1.651E-01  1.627E-01  1.603E-01  1.578E-01  1.554E-01  1.530E-01  1.506E-01  1.483E-01  1.459E-01  1.436E-01  1.413E-01  1.389E-01  1.366E-01  1.344E-01  1.321E-01  1.298E-01  1.276E-01  1.254E-01  1.232E-01  1.210E-01  1.188E-01  1.166E-01  1.145E-01  1.123E-01  1.102E-01  1.081E-01  1.060E-01  1.040E-01  1.019E-01  9.988E-02  9.787E-02  9.587E-02  9.389E-02  9.192E-02  8.998E-02  8.805E-02  8.614E-02  8.424E-02  8.236E-02  8.050E-02  7.865E-02  7.683E-02  7.502E-02  7.323E-02  7.146E-02  6.970E-02  6.796E-02  6.624E-02
  385.5000  1.960E-01  1.935E-01  1.909E-01  1.884E-01  1.859E-01  1.833E-01  1.808E-01  1.783E-01  1.758E-01  1.733E-01  1.709E-01  1.684E-01  1.660E-01  1.635E-01  1.611E-01  1.587E-01  1.563E-01  1.539E-01  1.515E-01  1.492E-01  1.468E-01  1.445E-01  1.422E-01  1.399E-01  1.376E-01  1.353E-01  1.330E-01  1.308E-01  1.286E-01  1.263E-01  1.241E-01  1.219E-01  1.198E-01  1.176E-01  1.155E-01  1.133E-01  1.112E-01  1.091E-01  1.071E-01  1.050E-01  1.029E-01  1.009E-01  9.889E-02  9.690E-02  9.492E-02  9.296E-02  9.101E-02  8.908E-02  8.717E-02  8.527E-02  8.340E-02  8.153E-02  7.969E-02  7.786E-02  7.606E-02  7.427E-02  7.249E-02  7.073E-02  6.899E-02  6.727E-02  6.557E-02
  386.5000  2.000E-01  1.974E-01  1.948E-01  1.922E-01  1.896E-01  1.871E-01  1.845E-01  1.819E-01  1.794E-01  1.769E-01  1.744E-01  1.718E-01  1.693E-01  1.669E-01  1.644E-01  1.619E-01  1.595E-01  1.570E-01  1.546E-01  1.522E-01  1.498E-01  1.474E-01  1.451E-01  1.427E-01  1.404E-01  1.380E-01  1.357E-01  1.334E-01  1.312E-01  1.289E-01  1.266E-01  1.244E-01  1.222E-01  1.200E-01  1.178E-01  1.156E-01  1.135E-01  1.113E-01  1.092E-01  1.071E-01  1.050E-01  1.029E-01  1.009E-01  9.884E-02  9.682E-02  9.482E-02  9.283E-02  9.086E-02  8.891E-02  8.698E-02  8.506E-02  8.316E-02  8.128E-02  7.941E-02  7.757E-02  7.574E-02  7.393E-02  7.214E-02  7.036E-02  6.861E-02  6.687E-02
  387.5000  1.861E-01  1.836E-01  1.812E-01  1.788E-01  1.764E-01  1.740E-01  1.716E-01  1.693E-01  1.669E-01  1.645E-01  1.622E-01  1.599E-01  1.575E-01  1.552E-01  1.529E-01  1.506E-01  1.484E-01  1.461E-01  1.438E-01  1.416E-01  1.394E-01  1.372E-01  1.350E-01  1.328E-01  1.306E-01  1.284E-01  1.263E-01  1.241E-01  1.220E-01  1.199E-01  1.178E-01  1.157E-01  1.137E-01  1.116E-01  1.096E-01  1.075E-01  1.055E-01  1.035E-01  1.016E-01  9.961E-02  9.766E-02  9.573E-02  9.382E-02  9.193E-02  9.004E-02  8.818E-02  8.633E-02  8.450E-02  8.268E-02  8.088E-02  7.910E-02  7.733E-02  7.558E-02  7.385E-02  7.213E-02  7.043E-02  6.875E-02  6.708E-02  6.543E-02  6.379E-02  6.218E-02
  388.5000  1.867E-01  1.843E-01  1.818E-01  1.794E-01  1.770E-01  1.746E-01  1.722E-01  1.698E-01  1.674E-01  1.651E-01  1.627E-01  1.604E-01  1.581E-01  1.557E-01  1.534E-01  1.511E-01  1.489E-01  1.466E-01  1.443E-01  1.421E-01  1.398E-01  1.376E-01  1.354E-01  1.332E-01  1.310E-01  1.288E-01  1.267E-01  1.245E-01  1.224E-01  1.203E-01  1.182E-01  1.161E-01  1.140E-01  1.120E-01  1.099E-01  1.079E-01  1.059E-01  1.039E-01  1.019E-01  9.992E-02  9.796E-02  9.603E-02  9.411E-02  9.221E-02  9.032E-02  8.844E-02  8.659E-02  8.475E-02  8.293E-02  8.112E-02  7.933E-02  7.756E-02  7.580E-02  7.406E-02  7.234E-02  7.063E-02  6.894E-02  6.727E-02  6.561E-02  6.397E-02  6.235E-02
  389.5000  2.357E-01  2.326E-01  2.295E-01  2.265E-01  2.234E-01  2.204E-01  2.174E-01  2.144E-01  2.114E-01  2.084E-01  2.054E-01  2.025E-01  1.995E-01  1.966E-01  1.937E-01  1.908E-01  1.879E-01  1.850E-01  1.822E-01  1.793E-01  1.765E-01  1.737E-01  1.709E-01  1.681E-01  1.654E-01  1.626E-01  1.599E-01  1.572E-01  1.545E-01  1.518E-01  1.492E-01  1.465E-01  1.439E-01  1.413E-01  1.387E-01  1.362E-01  1.336E-01  1.311E-01  1.286E-01  1.261E-01  1.236E-01  1.212E-01  1.188E-01  1.164E-01  1.140E-01  1.116E-01  1.093E-01  1.069E-01  1.046E-01  1.024E-01  1.001E-01  9.786E-02  9.564E-02  9.345E-02  9.128E-02  8.912E-02  8.699E-02  8.487E-02  8.278E-02  8.071E-02  7.866E-02
  390.5000  2.317E-01  2.287E-01  2.257E-01  2.227E-01  2.197E-01  2.167E-01  2.137E-01  2.108E-01  2.078E-01  2.049E-01  2.020E-01  1.991E-01  1.962E-01  1.933E-01  1.904E-01  1.876E-01  1.847E-01  1.819E-01  1.791E-01  1.763E-01  1.735E-01  1.708E-01  1.680E-01  1.653E-01  1.626E-01  1.599E-01  1.572E-01  1.545E-01  1.519E-01  1.493E-01  1.466E-01  1.441E-01  1.415E-01  1.389E-01  1.364E-01  1.339E-01  1.313E-01  1.289E-01  1.264E-01  1.240E-01  1.215E-01  1.191E-01  1.167E-01  1.144E-01  1.120E-01  1.097E-01  1.074E-01  1.051E-01  1.029E-01  1.006E-01  9.839E-02  9.619E-02  9.400E-02  9.184E-02  8.971E-02  8.759E-02  8.549E-02  8.341E-02  8.135E-02  7.932E-02  7.731E-02
  391.5000  2.752E-01  2.716E-01  2.680E-01  2.645E-01  2.609E-01  2.574E-01  2.538E-01  2.503E-01  2.468E-01  2.434E-01  2.399E-01  2.364E-01  2.330E-01  2.296E-01  2.262E-01  2.228E-01  2.194E-01  2.160E-01  2.127E-01  2.094E-01  2.061E-01  2.028E-01  1.995E-01  1.963E-01  1.931E-01  1.899E-01  1.867E-01  1.835E-01  1.804E-01  1.772E-01  1.741E-01  1.711E-01  1.680E-01  1.650E-01  1.619E-01  1.589E-01  1.560E-01  1.530E-01  1.501E-01  1.472E-01  1.443E-01  1.414E-01  1.386E-01  1.358E-01  1.330E-01  1.303E-01  1.275E-01  1.248E-01  1.221E-01  1.194E-01  1.168E-01  1.142E-01  1.116E-01  1.090E-01  1.065E-01  1.040E-01  1.015E-01  9.901E-02  9.657E-02  9.415E-02  9.176E-02
  392.5000  2.066E-01  2.039E-01  2.012E-01  1.985E-01  1.959E-01  1.932E-01  1.906E-01  1.879E-01  1.853E-01  1.827E-01  1.801E-01  1.775E-01  1.749E-01  1.723E-01  1.698E-01  1.672E-01  1.647E-01  1.622E-01  1.597E-01  1.572E-01  1.547E-01  1.522E-01  1.498E-01  1.473E-01  1.449E-01  1.425E-01  1.401E-01  1.378E-01  1.354E-01  1.330E-01  1.307E-01  1.284E-01  1.261E-01  1.238E-01  1.215E-01  1.193E-01  1.171E-01  1.149E-01  1.127E-01  1.105E-01  1.083E-01  1.062E-01  1.040E-01  1.019E-01  9.983E-02  9.775E-02  9.569E-02  9.365E-02  9.164E-02  8.964E-02  8.765E-02  8.569E-02  8.374E-02  8.181E-02  7.991E-02  7.802E-02  7.615E-02  7.429E-02  7.246E-02  7.064E-02  6.885E-02
  393.5000  8.992E-02  8.874E-02  8.757E-02  8.641E-02  8.525E-02  8.409E-02  8.294E-02  8.179E-02  8.064E-02  7.951E-02  7.837E-02  7.724E-02  7.612E-02  7.500E-02  7.389E-02  7.278E-02  7.168E-02  7.058E-02  6.949E-02  6.840E-02  6.733E-02  6.625E-02  6.519E-02  6.413E-02  6.307E-02  6.202E-02  6.098E-02  5.995E-02  5.892E-02  5.790E-02  5.688E-02  5.587E-02  5.487E-02  5.388E-02  5.289E-02  5.191E-02  5.094E-02  4.998E-02  4.902E-02  4.807E-02  4.712E-02  4.619E-02  4.526E-02  4.435E-02  4.343E-02  4.253E-02  4.163E-02  4.075E-02  3.987E-02  3.900E-02  3.813E-02  3.728E-02  3.643E-02  3.559E-02  3.476E-02  3.394E-02  3.312E-02  3.232E-02  3.152E-02  3.073E-02  2.995E-02
  394.5000  2.118E-01  2.090E-01  2.063E-01  2.035E-01  2.008E-01  1.981E-01  1.954E-01  1.927E-01  1.900E-01  1.873E-01  1.846E-01  1.820E-01  1.793E-01  1.767E-01  1.740E-01  1.714E-01  1.688E-01  1.663E-01  1.637E-01  1.611E-01  1.586E-01  1.561E-01  1.535E-01  1.510E-01  1.486E-01  1.461E-01  1.436E-01  1.412E-01  1.388E-01  1.364E-01  1.340E-01  1.316E-01  1.292E-01  1.269E-01  1.246E-01  1.223E-01  1.200E-01  1.177E-01  1.154E-01  1.132E-01  1.110E-01  1.088E-01  1.066E-01  1.044E-01  1.023E-01  1.002E-01  9.804E-02  9.595E-02  9.388E-02  9.183E-02  8.979E-02  8.778E-02  8.578E-02  8.380E-02  8.185E-02  7.991E-02  7.799E-02  7.609E-02  7.421E-02  7.235E-02  7.051E-02
  395.5000  2.728E-01  2.692E-01  2.657E-01  2.622E-01  2.586E-01  2.551E-01  2.516E-01  2.481E-01  2.447E-01  2.412E-01  2.378E-01  2.343E-01  2.309E-01  2.275E-01  2.242E-01  2.208E-01  2.175E-01  2.141E-01  2.108E-01  2.075E-01  2.043E-01  2.010E-01  1.978E-01  1.945E-01  1.913E-01  1.881E-01  1.850E-01  1.818E-01  1.787E-01  1.756E-01  1.725E-01  1.695E-01  1.664E-01  1.634E-01  1.604E-01  1.574E-01  1.545E-01  1.516E-01  1.487E-01  1.458E-01  1.429E-01  1.401E-01  1.372E-01  1.345E-01  1.317E-01  1.290E-01  1.262E-01  1.235E-01  1.209E-01  1.182E-01  1.156E-01  1.130E-01  1.104E-01  1.079E-01  1.054E-01  1.029E-01  1.004E-01  9.795E-02  9.553E-02  9.313E-02  9.076E-02
  396.5000  1.604E-01  1.583E-01  1.562E-01  1.541E-01  1.520E-01  1.500E-01  1.479E-01  1.459E-01  1.438E-01  1.418E-01  1.398E-01  1.377E-01  1.357E-01  1.337E-01  1.318E-01  1.298E-01  1.278E-01  1.259E-01  1.239E-01  1.220E-01  1.201E-01  1.181E-01  1.162E-01  1.143E-01  1.125E-01  1.106E-01  1.087E-01  1.069E-01  1.050E-01  1.032E-01  1.014E-01  9.960E-02  9.781E-02  9.604E-02  9.428E-02  9.253E-02  9.079E-02  8.907E-02  8.736E-02  8.566E-02  8.398E-02  8.231E-02  8.065E-02  7.902E-02  7.739E-02  7.577E-02  7.417E-02  7.259E-02  7.102E-02  6.947E-02  6.793E-02  6.640E-02  6.489E-02  6.339E-02  6.191E-02  6.044E-02  5.899E-02  5.755E-02  5.612E-02  5.471E-02  5.332E-02
  397.5000  1.852E-01  1.828E-01  1.804E-01  1.780E-01  1.756E-01  1.732E-01  1.708E-01  1.685E-01  1.661E-01  1.638E-01  1.614E-01  1.591E-01  1.568E-01  1.545E-01  1.522E-01  1.499E-01  1.476E-01  1.454E-01  1.431E-01  1.409E-01  1.387E-01  1.365E-01  1.343E-01  1.321E-01  1.299E-01  1.277E-01  1.256E-01  1.234E-01  1.213E-01  1.192E-01  1.171E-01  1.150E-01  1.130E-01  1.109E-01  1.089E-01  1.069E-01  1.049E-01  1.029E-01  1.009E-01  9.893E-02  9.698E-02  9.505E-02  9.314E-02  9.125E-02  8.937E-02  8.750E-02  8.565E-02  8.382E-02  8.201E-02  8.021E-02  7.843E-02  7.667E-02  7.492E-02  7.319E-02  7.148E-02  6.978E-02  6.810E-02  6.644E-02  6.480E-02  6.317E-02  6.156E-02
  398.5000  3.186E-01  3.144E-01  3.103E-01  3.062E-01  3.020E-01  2.979E-01  2.939E-01  2.898E-01  2.857E-01  2.817E-01  2.777E-01  2.737E-01  2.697E-01  2.657E-01  2.618E-01  2.579E-01  2.539E-01  2.501E-01  2.462E-01  2.423E-01  2.385E-01  2.347E-01  2.309E-01  2.271E-01  2.234E-01  2.197E-01  2.160E-01  2.123E-01  2.087E-01  2.050E-01  2.014E-01  1.979E-01  1.943E-01  1.908E-01  1.873E-01  1.838E-01  1.803E-01  1.769E-01  1.735E-01  1.701E-01  1.668E-01  1.635E-01  1.602E-01  1.569E-01  1.537E-01  1.505E-01  1.473E-01  1.441E-01  1.410E-01  1.379E-01  1.349E-01  1.318E-01  1.288E-01  1.258E-01  1.229E-01  1.200E-01  1.171E-01  1.142E-01  1.114E-01  1.086E-01  1.058E-01
  399.5000  3.317E-01  3.274E-01  3.231E-01  3.188E-01  3.145E-01  3.102E-01  3.059E-01  3.017E-01  2.975E-01  2.933E-01  2.891E-01  2.849E-01  2.808E-01  2.767E-01  2.725E-01  2.685E-01  2.644E-01  2.603E-01  2.563E-01  2.523E-01  2.483E-01  2.443E-01  2.404E-01  2.365E-01  2.326E-01  2.287E-01  2.249E-01  2.210E-01  2.172E-01  2.134E-01  2.097E-01  2.060E-01  2.023E-01  1.986E-01  1.949E-01  1.913E-01  1.877E-01  1.842E-01  1.806E-01  1.771E-01  1.736E-01  1.701E-01  1.667E-01  1.633E-01  1.600E-01  1.566E-01  1.533E-01  1.500E-01  1.468E-01  1.436E-01  1.404E-01  1.372E-01  1.341E-01  1.310E-01  1.279E-01  1.249E-01  1.219E-01  1.189E-01  1.159E-01  1.130E-01  1.101E-01
------------------------------------------------------------
Dose rates,W m-2
   1 = UV index (WMO, 1994; Webb et al., 2011)           
   2 = Previtamin-D3 (CIE 2006)                          
values at z =      0.025 km
Columns: time,sza,weighting spectra
time,hrs.  sza,deg.          1          2
   18.0000     69.319  1.005E+00  3.504E-02
   18.0167     69.525  9.848E-01  3.412E-02
   18.0333     69.731  9.646E-01  3.322E-02
   18.0500     69.936  9.447E-01  3.234E-02
   18.0667     70.142  9.250E-01  3.147E-02
   18.0833     70.348  9.056E-01  3.062E-02
   18.1000     70.553  8.864E-01  2.978E-02
   18.1167     70.759  8.676E-01  2.896E-02
   18.1333     70.964  8.490E-01  2.816E-02
   18.1500     71.169  8.307E-01  2.737E-02
   18.1667     71.374  8.127E-01  2.660E-02
   18.1833     71.579  7.949E-01  2.584E-02
   18.2000     71.784  7.774E-01  2.510E-02
   18.2167     71.989  7.602E-01  2.437E-02
   18.2333     72.194  7.432E-01  2.366E-02
   18.2500     72.398  7.265E-01  2.296E-02
   18.2667     72.602  7.100E-01  2.228E-02
   18.2833     72.807  6.938E-01  2.161E-02
   18.3000     73.011  6.778E-01  2.096E-02
   18.3167     73.215  6.621E-01  2.032E-02
   18.3333     73.419  6.467E-01  1.969E-02
   18.3500     73.623  6.315E-01  1.908E-02
   18.3667     73.827  6.165E-01  1.849E-02
   18.3833     74.031  6.018E-01  1.790E-02
   18.4000     74.234  5.874E-01  1.733E-02
   18.4167     74.438  5.731E-01  1.677E-02
   18.4333     74.641  5.592E-01  1.623E-02
   18.4500     74.844  5.454E-01  1.570E-02
   18.4667     75.048  5.319E-01  1.518E-02
   18.4833     75.251  5.186E-01  1.468E-02
   18.5000     75.454  5.055E-01  1.418E-02
   18.5167     75.656  4.927E-01  1.371E-02
   18.5333     75.859  4.801E-01  1.324E-02
   18.5500     76.062  4.677E-01  1.278E-02
   18.5667     76.265  4.555E-01  1.234E-02
   18.5833     76.467  4.436E-01  1.190E-02
   18.6000     76.670  4.319E-01  1.148E-02
   18.6167     76.871  4.204E-01  1.108E-02
   18.6333     77.073  4.091E-01  1.068E-02
   18.6500     77.276  3.980E-01  1.029E-02
   18.6667     77.477  3.871E-01  9.913E-03
   18.6833     77.679  3.764E-01  9.547E-03
   18.7000     77.881  3.659E-01  9.191E-03
   18.7167     78.082  3.556E-01  8.847E-03
   18.7333     78.283  3.456E-01  8.512E-03
   18.7500     78.485  3.357E-01  8.187E-03
   18.7667     78.686  3.260E-01  7.872E-03
   18.7833     78.887  3.165E-01  7.566E-03
   18.8000     79.087  3.072E-01  7.271E-03
   18.8167     79.288  2.980E-01  6.984E-03
   18.8333     79.488  2.891E-01  6.706E-03
   18.8500     79.689  2.803E-01  6.436E-03
   18.8667     79.889  2.717E-01  6.176E-03
   18.8833     80.090  2.633E-01  5.924E-03
   18.9000     80.289  2.551E-01  5.681E-03
   18.9167     80.489  2.470E-01  5.445E-03
   18.9333     80.689  2.391E-01  5.218E-03
   18.9500     80.888  2.314E-01  4.998E-03
   18.9667     81.088  2.239E-01  4.786E-03
   18.9833     81.287  2.165E-01  4.581E-03
   19.0000     81.486  2.092E-01  4.384E-03
------------------------------------------------------------
