Spectral Irradiance,W m-2 nm-1
values at z =      0.025 km
Columns: wavelength (nm),times (hrs.) or sza (deg.)
    wc,nm     15.000     15.083     15.167     15.250     15.333     15.417     15.500     15.583     15.667     15.750     15.833     15.917     16.000
    sza =      59.251     59.841     60.449     61.074     61.715     62.372     63.045     63.733     64.436     65.153     65.884     66.628     67.385
  280.5000  3.820E-24  2.957E-24  2.420E-24  2.062E-24  1.805E-24  1.609E-24  1.451E-24  1.320E-24  1.209E-24  1.113E-24  1.029E-24  9.549E-25  8.889E-25
  281.5000  7.712E-22  5.812E-22  4.637E-22  3.873E-22  3.344E-22  2.954E-22  2.648E-22  2.399E-22  2.189E-22  2.010E-22  1.854E-22  1.716E-22  1.594E-22
  282.5000  5.167E-20  3.810E-20  2.967E-20  2.425E-20  2.060E-20  1.799E-20  1.600E-20  1.442E-20  1.311E-20  1.200E-20  1.104E-20  1.020E-20  9.456E-21
  283.5000  7.260E-19  5.286E-19  4.048E-19  3.256E-19  2.728E-19  2.359E-19  2.084E-19  1.869E-19  1.694E-19  1.547E-19  1.420E-19  1.310E-19  1.212E-19
  284.5000  5.646E-17  4.053E-17  3.023E-17  2.356E-17  1.916E-17  1.617E-17  1.402E-17  1.242E-17  1.115E-17  1.012E-17  9.245E-18  8.492E-18  7.834E-18
  285.5000  9.041E-16  6.474E-16  4.766E-16  3.635E-16  2.884E-16  2.376E-16  2.022E-16  1.764E-16  1.568E-16  1.412E-16  1.283E-16  1.174E-16  1.079E-16
  286.5000  3.478E-14  2.500E-14  1.831E-14  1.379E-14  1.074E-14  8.668E-15  7.236E-15  6.216E-15  5.460E-15  4.875E-15  4.404E-15  4.011E-15  3.676E-15
  287.5000  7.503E-13  5.452E-13  4.000E-13  2.987E-13  2.287E-13  1.806E-13  1.472E-13  1.237E-13  1.067E-13  9.393E-14  8.399E-14  7.594E-14  6.921E-14
  288.5000  1.610E-11  1.193E-11  8.855E-12  6.620E-12  5.021E-12  3.889E-12  3.090E-12  2.526E-12  2.123E-12  1.828E-12  1.606E-12  1.434E-12  1.294E-12
  289.5000  2.517E-10  1.899E-10  1.429E-10  1.077E-10  8.169E-11  6.280E-11  4.918E-11  3.943E-11  3.243E-11  2.736E-11  2.361E-11  2.077E-11  1.854E-11
  290.5000  2.438E-09  1.874E-09  1.431E-09  1.090E-09  8.320E-10  6.393E-10  4.970E-10  3.931E-10  3.176E-10  2.628E-10  2.226E-10  1.926E-10  1.696E-10
  291.5000  2.100E-08  1.651E-08  1.289E-08  9.993E-09  7.726E-09  5.976E-09  4.643E-09  3.642E-09  2.897E-09  2.347E-09  1.942E-09  1.641E-09  1.416E-09
  292.5000  1.146E-07  9.202E-08  7.324E-08  5.784E-08  4.541E-08  3.553E-08  2.778E-08  2.179E-08  1.723E-08  1.378E-08  1.120E-08  9.272E-09  7.830E-09
  293.5000  7.155E-07  5.867E-07  4.767E-07  3.840E-07  3.070E-07  2.440E-07  1.930E-07  1.525E-07  1.207E-07  9.601E-08  7.712E-08  6.277E-08  5.192E-08
  294.5000  2.486E-06  2.074E-06  1.714E-06  1.405E-06  1.141E-06  9.209E-07  7.382E-07  5.891E-07  4.692E-07  3.739E-07  2.993E-07  2.414E-07  1.970E-07
  295.5000  1.187E-05  1.010E-05  8.509E-06  7.110E-06  5.891E-06  4.842E-06  3.949E-06  3.200E-06  2.580E-06  2.073E-06  1.664E-06  1.339E-06  1.083E-06
  296.5000  3.531E-05  3.052E-05  2.616E-05  2.223E-05  1.874E-05  1.568E-05  1.300E-05  1.070E-05  8.752E-06  7.116E-06  5.762E-06  4.656E-06  3.764E-06
  297.5000  1.081E-04  9.476E-05  8.247E-05  7.121E-05  6.101E-05  5.186E-05  4.372E-05  3.657E-05  3.036E-05  2.503E-05  2.051E-05  1.672E-05  1.359E-05
  298.5000  1.911E-04  1.697E-04  1.496E-04  1.310E-04  1.138E-04  9.813E-05  8.395E-05  7.127E-05  6.003E-05  5.018E-05  4.165E-05  3.435E-05  2.818E-05
  299.5000  6.186E-04  5.559E-04  4.964E-04  4.403E-04  3.879E-04  3.393E-04  2.946E-04  2.539E-04  2.171E-04  1.842E-04  1.551E-04  1.297E-04  1.077E-04
  300.5000  7.711E-04  6.994E-04  6.307E-04  5.652E-04  5.033E-04  4.452E-04  3.911E-04  3.411E-04  2.953E-04  2.537E-04  2.163E-04  1.830E-04  1.537E-04
  301.5000  2.086E-03  1.912E-03  1.743E-03  1.580E-03  1.424E-03  1.275E-03  1.135E-03  1.003E-03  8.810E-04  7.680E-04  6.645E-04  5.707E-04  4.864E-04
  302.5000  3.186E-03  2.939E-03  2.698E-03  2.464E-03  2.238E-03  2.022E-03  1.815E-03  1.620E-03  1.436E-03  1.264E-03  1.105E-03  9.587E-04  8.256E-04
  303.5000  6.913E-03  6.429E-03  5.952E-03  5.485E-03  5.030E-03  4.590E-03  4.164E-03  3.757E-03  3.369E-03  3.003E-03  2.658E-03  2.337E-03  2.040E-03
  304.5000  8.691E-03  8.120E-03  7.556E-03  6.999E-03  6.454E-03  5.923E-03  5.407E-03  4.910E-03  4.434E-03  3.979E-03  3.549E-03  3.145E-03  2.767E-03
  305.5000  1.413E-02  1.329E-02  1.246E-02  1.164E-02  1.082E-02  1.002E-02  9.231E-03  8.466E-03  7.725E-03  7.010E-03  6.325E-03  5.673E-03  5.055E-03
  306.5000  1.614E-02  1.523E-02  1.432E-02  1.342E-02  1.252E-02  1.164E-02  1.077E-02  9.918E-03  9.090E-03  8.289E-03  7.516E-03  6.776E-03  6.072E-03
  307.5000  2.765E-02  2.624E-02  2.483E-02  2.342E-02  2.200E-02  2.060E-02  1.921E-02  1.785E-02  1.650E-02  1.519E-02  1.391E-02  1.267E-02  1.148E-02
  308.5000  3.308E-02  3.147E-02  2.984E-02  2.821E-02  2.658E-02  2.496E-02  2.335E-02  2.175E-02  2.018E-02  1.864E-02  1.714E-02  1.568E-02  1.427E-02
  309.5000  3.267E-02  3.120E-02  2.971E-02  2.821E-02  2.670E-02  2.520E-02  2.369E-02  2.220E-02  2.072E-02  1.926E-02  1.783E-02  1.642E-02  1.506E-02
  310.5000  4.826E-02  4.621E-02  4.414E-02  4.204E-02  3.993E-02  3.781E-02  3.569E-02  3.358E-02  3.147E-02  2.939E-02  2.733E-02  2.531E-02  2.333E-02
  311.5000  6.555E-02  6.288E-02  6.017E-02  5.743E-02  5.467E-02  5.189E-02  4.910E-02  4.631E-02  4.353E-02  4.077E-02  3.804E-02  3.535E-02  3.270E-02
  312.5000  7.033E-02  6.769E-02  6.500E-02  6.227E-02  5.951E-02  5.672E-02  5.392E-02  5.110E-02  4.828E-02  4.546E-02  4.266E-02  3.988E-02  3.714E-02
  313.5000  8.165E-02  7.865E-02  7.559E-02  7.248E-02  6.933E-02  6.615E-02  6.294E-02  5.971E-02  5.648E-02  5.326E-02  5.004E-02  4.685E-02  4.370E-02
  314.5000  8.848E-02  8.546E-02  8.238E-02  7.924E-02  7.605E-02  7.283E-02  6.956E-02  6.627E-02  6.296E-02  5.964E-02  5.632E-02  5.301E-02  4.973E-02
  315.5000  9.270E-02  8.958E-02  8.640E-02  8.315E-02  7.985E-02  7.651E-02  7.312E-02  6.971E-02  6.627E-02  6.283E-02  5.938E-02  5.594E-02  5.252E-02
  316.5000  9.826E-02  9.516E-02  9.199E-02  8.875E-02  8.545E-02  8.210E-02  7.871E-02  7.527E-02  7.181E-02  6.832E-02  6.482E-02  6.132E-02  5.782E-02
  317.5000  1.392E-01  1.348E-01  1.303E-01  1.257E-01  1.210E-01  1.163E-01  1.115E-01  1.066E-01  1.017E-01  9.679E-02  9.184E-02  8.687E-02  8.192E-02
  318.5000  1.159E-01  1.124E-01  1.089E-01  1.053E-01  1.017E-01  9.793E-02  9.414E-02  9.029E-02  8.641E-02  8.249E-02  7.855E-02  7.459E-02  7.062E-02
  319.5000  1.430E-01  1.389E-01  1.346E-01  1.302E-01  1.257E-01  1.212E-01  1.165E-01  1.118E-01  1.071E-01  1.023E-01  9.748E-02  9.263E-02  8.778E-02
  320.5000  1.765E-01  1.714E-01  1.662E-01  1.609E-01  1.554E-01  1.499E-01  1.443E-01  1.385E-01  1.328E-01  1.269E-01  1.210E-01  1.151E-01  1.092E-01
  321.5000  1.576E-01  1.534E-01  1.490E-01  1.445E-01  1.400E-01  1.353E-01  1.305E-01  1.257E-01  1.208E-01  1.158E-01  1.108E-01  1.058E-01  1.007E-01
  322.5000  1.530E-01  1.487E-01  1.442E-01  1.397E-01  1.350E-01  1.303E-01  1.255E-01  1.206E-01  1.156E-01  1.106E-01  1.056E-01  1.005E-01  9.538E-02
  323.5000  1.675E-01  1.631E-01  1.586E-01  1.539E-01  1.492E-01  1.444E-01  1.395E-01  1.345E-01  1.294E-01  1.242E-01  1.190E-01  1.138E-01  1.085E-01
  324.5000  1.963E-01  1.912E-01  1.859E-01  1.805E-01  1.749E-01  1.692E-01  1.635E-01  1.576E-01  1.516E-01  1.456E-01  1.394E-01  1.333E-01  1.271E-01
  325.5000  2.186E-01  2.129E-01  2.069E-01  2.008E-01  1.946E-01  1.882E-01  1.817E-01  1.751E-01  1.684E-01  1.616E-01  1.547E-01  1.478E-01  1.409E-01
  326.5000  2.754E-01  2.685E-01  2.615E-01  2.542E-01  2.467E-01  2.391E-01  2.313E-01  2.234E-01  2.153E-01  2.072E-01  1.989E-01  1.906E-01  1.822E-01
  327.5000  2.536E-01  2.472E-01  2.405E-01  2.337E-01  2.267E-01  2.196E-01  2.123E-01  2.049E-01  1.974E-01  1.898E-01  1.820E-01  1.742E-01  1.664E-01
  328.5000  2.346E-01  2.286E-01  2.225E-01  2.162E-01  2.097E-01  2.031E-01  1.964E-01  1.896E-01  1.826E-01  1.756E-01  1.684E-01  1.612E-01  1.540E-01
  329.5000  3.131E-01  3.054E-01  2.976E-01  2.895E-01  2.813E-01  2.728E-01  2.642E-01  2.554E-01  2.465E-01  2.374E-01  2.282E-01  2.189E-01  2.095E-01
  330.5000  2.817E-01  2.747E-01  2.675E-01  2.602E-01  2.526E-01  2.449E-01  2.370E-01  2.290E-01  2.208E-01  2.125E-01  2.041E-01  1.956E-01  1.871E-01
  331.5000  2.780E-01  2.711E-01  2.640E-01  2.567E-01  2.493E-01  2.416E-01  2.338E-01  2.259E-01  2.178E-01  2.096E-01  2.013E-01  1.929E-01  1.844E-01
  332.5000  2.796E-01  2.729E-01  2.659E-01  2.588E-01  2.515E-01  2.441E-01  2.365E-01  2.287E-01  2.208E-01  2.128E-01  2.046E-01  1.964E-01  1.881E-01
  333.5000  2.608E-01  2.544E-01  2.479E-01  2.412E-01  2.343E-01  2.273E-01  2.201E-01  2.128E-01  2.053E-01  1.977E-01  1.901E-01  1.823E-01  1.745E-01
  334.5000  2.929E-01  2.859E-01  2.786E-01  2.711E-01  2.634E-01  2.556E-01  2.476E-01  2.394E-01  2.311E-01  2.226E-01  2.141E-01  2.054E-01  1.966E-01
  335.5000  3.000E-01  2.929E-01  2.856E-01  2.780E-01  2.703E-01  2.624E-01  2.543E-01  2.460E-01  2.376E-01  2.291E-01  2.204E-01  2.117E-01  2.028E-01
  336.5000  2.342E-01  2.286E-01  2.229E-01  2.169E-01  2.109E-01  2.047E-01  1.983E-01  1.919E-01  1.853E-01  1.786E-01  1.718E-01  1.650E-01  1.580E-01
  337.5000  2.557E-01  2.495E-01  2.432E-01  2.367E-01  2.300E-01  2.232E-01  2.162E-01  2.091E-01  2.018E-01  1.945E-01  1.870E-01  1.794E-01  1.718E-01
  338.5000  2.728E-01  2.663E-01  2.597E-01  2.528E-01  2.458E-01  2.387E-01  2.313E-01  2.238E-01  2.162E-01  2.085E-01  2.006E-01  1.927E-01  1.846E-01
  339.5000  2.972E-01  2.902E-01  2.830E-01  2.756E-01  2.680E-01  2.602E-01  2.522E-01  2.441E-01  2.358E-01  2.274E-01  2.188E-01  2.102E-01  2.014E-01
  340.5000  3.170E-01  3.095E-01  3.017E-01  2.938E-01  2.856E-01  2.773E-01  2.688E-01  2.600E-01  2.512E-01  2.422E-01  2.330E-01  2.237E-01  2.144E-01
  341.5000  2.832E-01  2.765E-01  2.697E-01  2.627E-01  2.554E-01  2.481E-01  2.405E-01  2.328E-01  2.249E-01  2.169E-01  2.088E-01  2.006E-01  1.923E-01
  342.5000  3.143E-01  3.070E-01  2.994E-01  2.916E-01  2.836E-01  2.754E-01  2.670E-01  2.585E-01  2.498E-01  2.409E-01  2.319E-01  2.228E-01  2.136E-01
  343.5000  3.263E-01  3.186E-01  3.108E-01  3.027E-01  2.944E-01  2.858E-01  2.771E-01  2.682E-01  2.592E-01  2.500E-01  2.406E-01  2.312E-01  2.216E-01
  344.5000  2.285E-01  2.231E-01  2.176E-01  2.119E-01  2.061E-01  2.001E-01  1.940E-01  1.878E-01  1.814E-01  1.750E-01  1.684E-01  1.618E-01  1.550E-01
  345.5000  3.148E-01  3.075E-01  3.000E-01  2.922E-01  2.842E-01  2.761E-01  2.677E-01  2.592E-01  2.505E-01  2.417E-01  2.327E-01  2.236E-01  2.144E-01
  346.5000  2.940E-01  2.871E-01  2.801E-01  2.728E-01  2.653E-01  2.577E-01  2.499E-01  2.419E-01  2.337E-01  2.254E-01  2.170E-01  2.085E-01  1.999E-01
  347.5000  2.876E-01  2.809E-01  2.740E-01  2.669E-01  2.596E-01  2.522E-01  2.445E-01  2.367E-01  2.288E-01  2.207E-01  2.124E-01  2.041E-01  1.957E-01
  348.5000  3.167E-01  3.094E-01  3.018E-01  2.940E-01  2.860E-01  2.778E-01  2.694E-01  2.608E-01  2.521E-01  2.432E-01  2.342E-01  2.250E-01  2.157E-01
  349.5000  2.656E-01  2.595E-01  2.531E-01  2.466E-01  2.399E-01  2.330E-01  2.260E-01  2.188E-01  2.115E-01  2.040E-01  1.964E-01  1.888E-01  1.810E-01
  350.5000  3.723E-01  3.637E-01  3.548E-01  3.457E-01  3.363E-01  3.267E-01  3.168E-01  3.068E-01  2.965E-01  2.861E-01  2.755E-01  2.647E-01  2.539E-01
  351.5000  3.211E-01  3.137E-01  3.060E-01  2.981E-01  2.900E-01  2.817E-01  2.733E-01  2.646E-01  2.557E-01  2.467E-01  2.376E-01  2.283E-01  2.189E-01
  352.5000  2.899E-01  2.832E-01  2.763E-01  2.692E-01  2.619E-01  2.545E-01  2.468E-01  2.390E-01  2.310E-01  2.229E-01  2.147E-01  2.063E-01  1.978E-01
  353.5000  3.495E-01  3.414E-01  3.331E-01  3.246E-01  3.158E-01  3.068E-01  2.976E-01  2.882E-01  2.786E-01  2.689E-01  2.589E-01  2.489E-01  2.387E-01
  354.5000  3.787E-01  3.700E-01  3.611E-01  3.518E-01  3.423E-01  3.326E-01  3.226E-01  3.125E-01  3.021E-01  2.915E-01  2.808E-01  2.699E-01  2.588E-01
  355.5000  3.543E-01  3.462E-01  3.378E-01  3.291E-01  3.203E-01  3.112E-01  3.019E-01  2.924E-01  2.827E-01  2.728E-01  2.627E-01  2.525E-01  2.422E-01
  356.5000  3.291E-01  3.215E-01  3.137E-01  3.057E-01  2.975E-01  2.891E-01  2.804E-01  2.716E-01  2.626E-01  2.534E-01  2.441E-01  2.347E-01  2.251E-01
  357.5000  2.800E-01  2.736E-01  2.670E-01  2.602E-01  2.532E-01  2.461E-01  2.387E-01  2.312E-01  2.235E-01  2.157E-01  2.078E-01  1.998E-01  1.916E-01
  358.5000  2.163E-01  2.114E-01  2.063E-01  2.010E-01  1.957E-01  1.901E-01  1.845E-01  1.787E-01  1.728E-01  1.667E-01  1.606E-01  1.544E-01  1.481E-01
  359.5000  3.644E-01  3.561E-01  3.475E-01  3.387E-01  3.296E-01  3.203E-01  3.108E-01  3.010E-01  2.911E-01  2.810E-01  2.707E-01  2.602E-01  2.496E-01
  360.5000  3.381E-01  3.304E-01  3.224E-01  3.142E-01  3.058E-01  2.972E-01  2.884E-01  2.793E-01  2.701E-01  2.607E-01  2.512E-01  2.415E-01  2.317E-01
  361.5000  3.051E-01  2.982E-01  2.910E-01  2.836E-01  2.760E-01  2.683E-01  2.603E-01  2.522E-01  2.439E-01  2.354E-01  2.268E-01  2.180E-01  2.092E-01
  362.5000  3.586E-01  3.505E-01  3.421E-01  3.334E-01  3.245E-01  3.154E-01  3.060E-01  2.965E-01  2.867E-01  2.768E-01  2.667E-01  2.564E-01  2.460E-01
  363.5000  3.193E-01  3.120E-01  3.046E-01  2.969E-01  2.890E-01  2.808E-01  2.725E-01  2.640E-01  2.553E-01  2.465E-01  2.375E-01  2.284E-01  2.191E-01
  364.5000  3.486E-01  3.407E-01  3.325E-01  3.241E-01  3.155E-01  3.067E-01  2.976E-01  2.883E-01  2.788E-01  2.692E-01  2.594E-01  2.494E-01  2.393E-01
  365.5000  4.251E-01  4.154E-01  4.055E-01  3.953E-01  3.848E-01  3.740E-01  3.630E-01  3.517E-01  3.401E-01  3.284E-01  3.164E-01  3.043E-01  2.920E-01
  366.5000  4.503E-01  4.401E-01  4.296E-01  4.188E-01  4.077E-01  3.963E-01  3.846E-01  3.726E-01  3.604E-01  3.480E-01  3.353E-01  3.225E-01  3.094E-01
  367.5000  4.279E-01  4.183E-01  4.083E-01  3.980E-01  3.875E-01  3.767E-01  3.656E-01  3.542E-01  3.426E-01  3.308E-01  3.188E-01  3.066E-01  2.942E-01
  368.5000  3.762E-01  3.677E-01  3.590E-01  3.500E-01  3.407E-01  3.312E-01  3.215E-01  3.115E-01  3.013E-01  2.909E-01  2.804E-01  2.697E-01  2.588E-01
  369.5000  4.516E-01  4.415E-01  4.310E-01  4.202E-01  4.091E-01  3.977E-01  3.860E-01  3.741E-01  3.618E-01  3.494E-01  3.367E-01  3.239E-01  3.108E-01
  370.5000  4.101E-01  4.009E-01  3.914E-01  3.816E-01  3.715E-01  3.612E-01  3.506E-01  3.397E-01  3.286E-01  3.174E-01  3.059E-01  2.942E-01  2.824E-01
  371.5000  4.696E-01  4.591E-01  4.482E-01  4.370E-01  4.255E-01  4.137E-01  4.015E-01  3.891E-01  3.765E-01  3.635E-01  3.504E-01  3.370E-01  3.235E-01
  372.5000  3.472E-01  3.394E-01  3.314E-01  3.231E-01  3.146E-01  3.059E-01  2.969E-01  2.877E-01  2.784E-01  2.688E-01  2.591E-01  2.493E-01  2.393E-01
  373.5000  3.140E-01  3.070E-01  2.998E-01  2.923E-01  2.846E-01  2.767E-01  2.686E-01  2.604E-01  2.519E-01  2.433E-01  2.345E-01  2.256E-01  2.165E-01
  374.5000  3.449E-01  3.372E-01  3.293E-01  3.211E-01  3.127E-01  3.040E-01  2.951E-01  2.860E-01  2.768E-01  2.673E-01  2.577E-01  2.479E-01  2.379E-01
  375.5000  3.895E-01  3.808E-01  3.718E-01  3.626E-01  3.531E-01  3.433E-01  3.333E-01  3.231E-01  3.126E-01  3.019E-01  2.911E-01  2.800E-01  2.688E-01
  376.5000  3.893E-01  3.806E-01  3.716E-01  3.624E-01  3.529E-01  3.432E-01  3.332E-01  3.230E-01  3.125E-01  3.018E-01  2.910E-01  2.800E-01  2.688E-01
  377.5000  4.639E-01  4.536E-01  4.429E-01  4.320E-01  4.207E-01  4.091E-01  3.972E-01  3.850E-01  3.725E-01  3.599E-01  3.469E-01  3.338E-01  3.205E-01
  378.5000  5.060E-01  4.948E-01  4.832E-01  4.712E-01  4.589E-01  4.463E-01  4.333E-01  4.200E-01  4.065E-01  3.927E-01  3.786E-01  3.642E-01  3.497E-01
  379.5000  3.747E-01  3.664E-01  3.578E-01  3.489E-01  3.398E-01  3.305E-01  3.209E-01  3.111E-01  3.011E-01  2.908E-01  2.804E-01  2.698E-01  2.590E-01
  380.5000  4.510E-01  4.410E-01  4.307E-01  4.200E-01  4.091E-01  3.978E-01  3.863E-01  3.745E-01  3.625E-01  3.501E-01  3.376E-01  3.249E-01  3.119E-01
  381.5000  4.241E-01  4.147E-01  4.050E-01  3.950E-01  3.848E-01  3.742E-01  3.634E-01  3.523E-01  3.410E-01  3.294E-01  3.176E-01  3.056E-01  2.935E-01
  382.5000  2.828E-01  2.766E-01  2.701E-01  2.635E-01  2.566E-01  2.496E-01  2.424E-01  2.350E-01  2.274E-01  2.197E-01  2.119E-01  2.039E-01  1.958E-01
  383.5000  2.485E-01  2.430E-01  2.374E-01  2.315E-01  2.255E-01  2.194E-01  2.130E-01  2.066E-01  1.999E-01  1.932E-01  1.863E-01  1.793E-01  1.721E-01
  384.5000  3.733E-01  3.650E-01  3.565E-01  3.478E-01  3.388E-01  3.295E-01  3.200E-01  3.103E-01  3.003E-01  2.902E-01  2.799E-01  2.693E-01  2.587E-01
  385.5000  3.696E-01  3.614E-01  3.530E-01  3.444E-01  3.355E-01  3.263E-01  3.169E-01  3.073E-01  2.975E-01  2.874E-01  2.772E-01  2.668E-01  2.562E-01
  386.5000  3.770E-01  3.687E-01  3.602E-01  3.513E-01  3.423E-01  3.329E-01  3.234E-01  3.136E-01  3.035E-01  2.933E-01  2.829E-01  2.723E-01  2.615E-01
  387.5000  3.506E-01  3.429E-01  3.350E-01  3.268E-01  3.184E-01  3.097E-01  3.008E-01  2.917E-01  2.824E-01  2.729E-01  2.632E-01  2.533E-01  2.433E-01
  388.5000  3.517E-01  3.440E-01  3.360E-01  3.278E-01  3.194E-01  3.107E-01  3.018E-01  2.927E-01  2.833E-01  2.738E-01  2.641E-01  2.542E-01  2.442E-01
  389.5000  4.439E-01  4.341E-01  4.241E-01  4.138E-01  4.031E-01  3.922E-01  3.809E-01  3.694E-01  3.577E-01  3.456E-01  3.334E-01  3.209E-01  3.083E-01
  390.5000  4.363E-01  4.268E-01  4.169E-01  4.068E-01  3.963E-01  3.856E-01  3.745E-01  3.632E-01  3.517E-01  3.399E-01  3.279E-01  3.156E-01  3.032E-01
  391.5000  5.180E-01  5.067E-01  4.950E-01  4.830E-01  4.706E-01  4.578E-01  4.448E-01  4.314E-01  4.177E-01  4.037E-01  3.894E-01  3.749E-01  3.601E-01
  392.5000  3.888E-01  3.803E-01  3.715E-01  3.625E-01  3.532E-01  3.437E-01  3.339E-01  3.238E-01  3.135E-01  3.030E-01  2.923E-01  2.815E-01  2.704E-01
  393.5000  1.691E-01  1.655E-01  1.617E-01  1.577E-01  1.537E-01  1.495E-01  1.453E-01  1.409E-01  1.365E-01  1.319E-01  1.272E-01  1.225E-01  1.177E-01
  394.5000  3.983E-01  3.897E-01  3.807E-01  3.715E-01  3.620E-01  3.522E-01  3.422E-01  3.319E-01  3.214E-01  3.107E-01  2.998E-01  2.886E-01  2.773E-01
  395.5000  5.129E-01  5.018E-01  4.902E-01  4.784E-01  4.662E-01  4.536E-01  4.407E-01  4.275E-01  4.140E-01  4.002E-01  3.861E-01  3.718E-01  3.572E-01
  396.5000  3.014E-01  2.948E-01  2.881E-01  2.811E-01  2.740E-01  2.666E-01  2.590E-01  2.513E-01  2.433E-01  2.352E-01  2.270E-01  2.186E-01  2.100E-01
  397.5000  3.480E-01  3.405E-01  3.327E-01  3.247E-01  3.164E-01  3.079E-01  2.992E-01  2.902E-01  2.811E-01  2.717E-01  2.622E-01  2.525E-01  2.426E-01
  398.5000  5.984E-01  5.855E-01  5.721E-01  5.583E-01  5.441E-01  5.295E-01  5.145E-01  4.991E-01  4.834E-01  4.674E-01  4.510E-01  4.343E-01  4.174E-01
  399.5000  6.229E-01  6.094E-01  5.955E-01  5.812E-01  5.664E-01  5.512E-01  5.356E-01  5.197E-01  5.033E-01  4.866E-01  4.696E-01  4.522E-01  4.346E-01
------------------------------------------------------------
Dose rates,W m-2
   1 = UV index (WMO, 1994; Webb et al., 2011)           
   2 = Previtamin-D3 (CIE 2006)                          
values at z =      0.025 km
Columns: time,sza,weighting spectra
time,hrs.  sza,deg.          1          2
   15.0000     59.251  2.607E+00  1.102E-01
   15.0833     59.841  2.500E+00  1.047E-01
   15.1667     60.449  2.392E+00  9.924E-02
   15.2500     61.074  2.284E+00  9.379E-02
   15.3333     61.715  2.176E+00  8.836E-02
   15.4167     62.372  2.068E+00  8.299E-02
   15.5000     63.045  1.960E+00  7.767E-02
   15.5833     63.733  1.854E+00  7.245E-02
   15.6667     64.436  1.749E+00  6.733E-02
   15.7500     65.153  1.645E+00  6.234E-02
   15.8333     65.884  1.543E+00  5.748E-02
   15.9167     66.628  1.444E+00  5.278E-02
   16.0000     67.385  1.347E+00  4.825E-02
------------------------------------------------------------
