Spectral Irradiance,W m-2 nm-1
values at z =      0.025 km
Columns: wavelength (nm),times (hrs.) or sza (deg.)
    wc,nm     15.000     15.083     15.167     15.250     15.333     15.417     15.500     15.583     15.667     15.750     15.833     15.917     16.000
    sza =      61.419     61.983     62.565     63.163     63.778     64.409     65.056     65.719     66.395     67.087     67.792     68.510     69.241
  280.5000  7.656E-24  6.859E-24  6.215E-24  5.677E-24  5.216E-24  4.816E-24  4.464E-24  4.152E-24  3.872E-24  3.619E-24  3.391E-24  3.182E-24  2.992E-24
  281.5000  1.262E-21  1.119E-21  1.006E-21  9.138E-22  8.364E-22  7.698E-22  7.116E-22  6.602E-22  6.144E-22  5.732E-22  5.360E-22  5.022E-22  4.713E-22
  282.5000  7.054E-20  6.171E-20  5.497E-20  4.960E-20  4.518E-20  4.143E-20  3.819E-20  3.534E-20  3.282E-20  3.056E-20  2.853E-20  2.668E-20  2.500E-20
  283.5000  8.787E-19  7.605E-19  6.718E-19  6.025E-19  5.464E-19  4.995E-19  4.593E-19  4.243E-19  3.933E-19  3.657E-19  3.409E-19  3.184E-19  2.980E-19
  284.5000  5.542E-17  4.679E-17  4.048E-17  3.573E-17  3.201E-17  2.901E-17  2.651E-17  2.436E-17  2.249E-17  2.084E-17  1.937E-17  1.804E-17  1.684E-17
  285.5000  7.718E-16  6.379E-16  5.409E-16  4.693E-16  4.148E-16  3.721E-16  3.374E-16  3.084E-16  2.836E-16  2.618E-16  2.426E-16  2.254E-16  2.099E-16
  286.5000  2.707E-14  2.200E-14  1.833E-14  1.564E-14  1.363E-14  1.209E-14  1.087E-14  9.873E-15  9.034E-15  8.312E-15  7.680E-15  7.118E-15  6.614E-15
  287.5000  5.384E-13  4.307E-13  3.519E-13  2.940E-13  2.513E-13  2.191E-13  1.943E-13  1.746E-13  1.584E-13  1.449E-13  1.333E-13  1.231E-13  1.140E-13
  288.5000  1.090E-11  8.635E-12  6.933E-12  5.667E-12  4.726E-12  4.024E-12  3.493E-12  3.084E-12  2.761E-12  2.498E-12  2.279E-12  2.091E-12  1.927E-12
  289.5000  1.666E-10  1.318E-10  1.051E-10  8.480E-11  6.956E-11  5.812E-11  4.951E-11  4.295E-11  3.788E-11  3.387E-11  3.061E-11  2.789E-11  2.557E-11
  290.5000  1.604E-09  1.273E-09  1.014E-09  8.131E-10  6.596E-10  5.430E-10  4.547E-10  3.877E-10  3.364E-10  2.965E-10  2.649E-10  2.392E-10  2.178E-10
  291.5000  1.391E-08  1.115E-08  8.922E-09  7.153E-09  5.765E-09  4.688E-09  3.858E-09  3.223E-09  2.738E-09  2.364E-09  2.073E-09  1.843E-09  1.657E-09
  292.5000  7.700E-08  6.250E-08  5.050E-08  4.072E-08  3.285E-08  2.660E-08  2.168E-08  1.786E-08  1.491E-08  1.263E-08  1.087E-08  9.492E-09  8.406E-09
  293.5000  4.909E-07  4.045E-07  3.312E-07  2.698E-07  2.191E-07  1.778E-07  1.446E-07  1.182E-07  9.734E-08  8.108E-08  6.843E-08  5.859E-08  5.090E-08
  294.5000  1.740E-06  1.454E-06  1.206E-06  9.937E-07  8.146E-07  6.655E-07  5.427E-07  4.430E-07  3.630E-07  2.994E-07  2.494E-07  2.101E-07  1.794E-07
  295.5000  8.528E-06  7.242E-06  6.103E-06  5.106E-06  4.244E-06  3.507E-06  2.885E-06  2.367E-06  1.940E-06  1.593E-06  1.314E-06  1.092E-06  9.161E-07
  296.5000  2.597E-05  2.238E-05  1.915E-05  1.625E-05  1.370E-05  1.147E-05  9.543E-06  7.900E-06  6.515E-06  5.363E-06  4.415E-06  3.645E-06  3.025E-06
  297.5000  8.127E-05  7.102E-05  6.161E-05  5.305E-05  4.535E-05  3.849E-05  3.244E-05  2.716E-05  2.262E-05  1.875E-05  1.550E-05  1.279E-05  1.057E-05
  298.5000  1.466E-04  1.297E-04  1.139E-04  9.936E-05  8.604E-05  7.397E-05  6.314E-05  5.351E-05  4.506E-05  3.771E-05  3.140E-05  2.605E-05  2.155E-05
  299.5000  4.841E-04  4.334E-04  3.854E-04  3.405E-04  2.988E-04  2.603E-04  2.252E-04  1.934E-04  1.649E-04  1.397E-04  1.176E-04  9.836E-05  8.191E-05
  300.5000  6.129E-04  5.538E-04  4.974E-04  4.439E-04  3.936E-04  3.467E-04  3.032E-04  2.633E-04  2.271E-04  1.944E-04  1.653E-04  1.396E-04  1.172E-04
  301.5000  1.688E-03  1.541E-03  1.399E-03  1.263E-03  1.133E-03  1.011E-03  8.953E-04  7.879E-04  6.885E-04  5.975E-04  5.147E-04  4.403E-04  3.740E-04
  302.5000  2.608E-03  2.397E-03  2.192E-03  1.994E-03  1.804E-03  1.622E-03  1.450E-03  1.287E-03  1.135E-03  9.945E-04  8.650E-04  7.470E-04  6.404E-04
  303.5000  5.738E-03  5.319E-03  4.907E-03  4.505E-03  4.115E-03  3.738E-03  3.377E-03  3.032E-03  2.706E-03  2.399E-03  2.112E-03  1.847E-03  1.603E-03
  304.5000  7.275E-03  6.775E-03  6.283E-03  5.799E-03  5.326E-03  4.868E-03  4.425E-03  3.999E-03  3.594E-03  3.209E-03  2.847E-03  2.508E-03  2.194E-03
  305.5000  1.198E-02  1.124E-02  1.050E-02  9.771E-03  9.053E-03  8.350E-03  7.663E-03  6.997E-03  6.355E-03  5.739E-03  5.151E-03  4.594E-03  4.070E-03
  306.5000  1.376E-02  1.295E-02  1.214E-02  1.133E-02  1.054E-02  9.760E-03  8.995E-03  8.249E-03  7.527E-03  6.830E-03  6.161E-03  5.525E-03  4.922E-03
  307.5000  2.382E-02  2.255E-02  2.128E-02  2.001E-02  1.874E-02  1.749E-02  1.625E-02  1.504E-02  1.384E-02  1.269E-02  1.156E-02  1.048E-02  9.444E-03
  308.5000  2.861E-02  2.715E-02  2.568E-02  2.421E-02  2.275E-02  2.129E-02  1.984E-02  1.842E-02  1.702E-02  1.565E-02  1.432E-02  1.304E-02  1.180E-02
  309.5000  2.846E-02  2.712E-02  2.576E-02  2.440E-02  2.303E-02  2.167E-02  2.031E-02  1.896E-02  1.763E-02  1.632E-02  1.504E-02  1.379E-02  1.258E-02
  310.5000  4.226E-02  4.038E-02  3.848E-02  3.657E-02  3.464E-02  3.271E-02  3.078E-02  2.886E-02  2.696E-02  2.508E-02  2.323E-02  2.141E-02  1.965E-02
  311.5000  5.759E-02  5.514E-02  5.265E-02  5.014E-02  4.761E-02  4.507E-02  4.252E-02  3.998E-02  3.745E-02  3.495E-02  3.248E-02  3.005E-02  2.767E-02
  312.5000  6.218E-02  5.974E-02  5.725E-02  5.473E-02  5.219E-02  4.962E-02  4.704E-02  4.445E-02  4.187E-02  3.929E-02  3.674E-02  3.422E-02  3.173E-02
  313.5000  7.230E-02  6.951E-02  6.668E-02  6.380E-02  6.089E-02  5.796E-02  5.500E-02  5.204E-02  4.908E-02  4.612E-02  4.319E-02  4.028E-02  3.741E-02
  314.5000  7.875E-02  7.595E-02  7.308E-02  7.016E-02  6.720E-02  6.421E-02  6.119E-02  5.814E-02  5.509E-02  5.203E-02  4.898E-02  4.594E-02  4.293E-02
  315.5000  8.259E-02  7.968E-02  7.671E-02  7.369E-02  7.063E-02  6.752E-02  6.438E-02  6.122E-02  5.805E-02  5.487E-02  5.169E-02  4.853E-02  4.539E-02
  316.5000  8.790E-02  8.500E-02  8.204E-02  7.901E-02  7.593E-02  7.281E-02  6.965E-02  6.645E-02  6.324E-02  6.001E-02  5.677E-02  5.353E-02  5.031E-02
  317.5000  1.245E-01  1.204E-01  1.162E-01  1.119E-01  1.076E-01  1.031E-01  9.867E-02  9.414E-02  8.959E-02  8.501E-02  8.042E-02  7.584E-02  7.127E-02
  318.5000  1.040E-01  1.008E-01  9.753E-02  9.416E-02  9.073E-02  8.724E-02  8.369E-02  8.010E-02  7.648E-02  7.283E-02  6.916E-02  6.549E-02  6.181E-02
  319.5000  1.285E-01  1.246E-01  1.206E-01  1.165E-01  1.123E-01  1.080E-01  1.037E-01  9.931E-02  9.488E-02  9.041E-02  8.592E-02  8.142E-02  7.691E-02
  320.5000  1.587E-01  1.540E-01  1.491E-01  1.441E-01  1.390E-01  1.338E-01  1.285E-01  1.232E-01  1.177E-01  1.123E-01  1.068E-01  1.013E-01  9.579E-02
  321.5000  1.423E-01  1.383E-01  1.342E-01  1.300E-01  1.256E-01  1.212E-01  1.168E-01  1.122E-01  1.076E-01  1.030E-01  9.829E-02  9.358E-02  8.884E-02
  322.5000  1.377E-01  1.337E-01  1.295E-01  1.252E-01  1.208E-01  1.164E-01  1.119E-01  1.073E-01  1.026E-01  9.797E-02  9.326E-02  8.852E-02  8.378E-02
  323.5000  1.514E-01  1.473E-01  1.430E-01  1.387E-01  1.342E-01  1.296E-01  1.250E-01  1.203E-01  1.155E-01  1.107E-01  1.058E-01  1.009E-01  9.598E-02
  324.5000  1.775E-01  1.726E-01  1.676E-01  1.625E-01  1.573E-01  1.519E-01  1.465E-01  1.410E-01  1.353E-01  1.297E-01  1.239E-01  1.182E-01  1.124E-01
  325.5000  1.976E-01  1.921E-01  1.865E-01  1.807E-01  1.749E-01  1.689E-01  1.627E-01  1.565E-01  1.502E-01  1.438E-01  1.374E-01  1.309E-01  1.244E-01
  326.5000  2.496E-01  2.431E-01  2.364E-01  2.295E-01  2.224E-01  2.152E-01  2.079E-01  2.004E-01  1.928E-01  1.852E-01  1.774E-01  1.695E-01  1.617E-01
  327.5000  2.297E-01  2.236E-01  2.173E-01  2.108E-01  2.042E-01  1.975E-01  1.906E-01  1.836E-01  1.766E-01  1.694E-01  1.621E-01  1.548E-01  1.474E-01
  328.5000  2.124E-01  2.068E-01  2.010E-01  1.950E-01  1.889E-01  1.827E-01  1.764E-01  1.699E-01  1.634E-01  1.567E-01  1.500E-01  1.433E-01  1.364E-01
  329.5000  2.841E-01  2.769E-01  2.694E-01  2.618E-01  2.540E-01  2.460E-01  2.378E-01  2.295E-01  2.211E-01  2.125E-01  2.039E-01  1.951E-01  1.863E-01
  330.5000  2.555E-01  2.488E-01  2.420E-01  2.351E-01  2.279E-01  2.206E-01  2.132E-01  2.056E-01  1.979E-01  1.901E-01  1.821E-01  1.742E-01  1.661E-01
  331.5000  2.521E-01  2.456E-01  2.388E-01  2.319E-01  2.249E-01  2.176E-01  2.103E-01  2.027E-01  1.951E-01  1.874E-01  1.796E-01  1.717E-01  1.637E-01
  332.5000  2.539E-01  2.475E-01  2.410E-01  2.342E-01  2.273E-01  2.203E-01  2.130E-01  2.057E-01  1.982E-01  1.906E-01  1.830E-01  1.752E-01  1.674E-01
  333.5000  2.367E-01  2.307E-01  2.245E-01  2.181E-01  2.116E-01  2.050E-01  1.981E-01  1.912E-01  1.842E-01  1.770E-01  1.698E-01  1.625E-01  1.551E-01
  334.5000  2.660E-01  2.593E-01  2.524E-01  2.453E-01  2.380E-01  2.306E-01  2.230E-01  2.153E-01  2.074E-01  1.994E-01  1.913E-01  1.832E-01  1.749E-01
  335.5000  2.727E-01  2.659E-01  2.589E-01  2.518E-01  2.444E-01  2.369E-01  2.293E-01  2.214E-01  2.135E-01  2.054E-01  1.972E-01  1.890E-01  1.806E-01
  336.5000  2.128E-01  2.075E-01  2.020E-01  1.964E-01  1.907E-01  1.848E-01  1.788E-01  1.727E-01  1.665E-01  1.601E-01  1.537E-01  1.473E-01  1.407E-01
  337.5000  2.323E-01  2.264E-01  2.204E-01  2.142E-01  2.079E-01  2.014E-01  1.948E-01  1.880E-01  1.812E-01  1.742E-01  1.672E-01  1.601E-01  1.529E-01
  338.5000  2.480E-01  2.419E-01  2.355E-01  2.290E-01  2.224E-01  2.156E-01  2.086E-01  2.015E-01  1.943E-01  1.870E-01  1.796E-01  1.721E-01  1.645E-01
  339.5000  2.703E-01  2.636E-01  2.567E-01  2.497E-01  2.425E-01  2.351E-01  2.275E-01  2.198E-01  2.119E-01  2.040E-01  1.959E-01  1.877E-01  1.795E-01
  340.5000  2.882E-01  2.811E-01  2.737E-01  2.662E-01  2.584E-01  2.505E-01  2.424E-01  2.341E-01  2.257E-01  2.172E-01  2.085E-01  1.998E-01  1.909E-01
  341.5000  2.576E-01  2.513E-01  2.448E-01  2.381E-01  2.312E-01  2.242E-01  2.170E-01  2.097E-01  2.022E-01  1.947E-01  1.870E-01  1.792E-01  1.714E-01
  342.5000  2.860E-01  2.790E-01  2.718E-01  2.644E-01  2.568E-01  2.490E-01  2.410E-01  2.329E-01  2.246E-01  2.163E-01  2.078E-01  1.991E-01  1.904E-01
  343.5000  2.968E-01  2.896E-01  2.821E-01  2.744E-01  2.665E-01  2.584E-01  2.501E-01  2.417E-01  2.331E-01  2.244E-01  2.155E-01  2.065E-01  1.975E-01
  344.5000  2.079E-01  2.028E-01  1.975E-01  1.921E-01  1.866E-01  1.809E-01  1.751E-01  1.692E-01  1.631E-01  1.570E-01  1.508E-01  1.445E-01  1.382E-01
  345.5000  2.866E-01  2.796E-01  2.724E-01  2.650E-01  2.574E-01  2.497E-01  2.417E-01  2.336E-01  2.254E-01  2.170E-01  2.085E-01  1.999E-01  1.912E-01
  346.5000  2.676E-01  2.610E-01  2.543E-01  2.474E-01  2.403E-01  2.330E-01  2.256E-01  2.180E-01  2.102E-01  2.024E-01  1.944E-01  1.864E-01  1.782E-01
  347.5000  2.618E-01  2.554E-01  2.488E-01  2.421E-01  2.351E-01  2.280E-01  2.208E-01  2.133E-01  2.058E-01  1.981E-01  1.903E-01  1.824E-01  1.745E-01
  348.5000  2.883E-01  2.813E-01  2.741E-01  2.667E-01  2.591E-01  2.513E-01  2.433E-01  2.351E-01  2.268E-01  2.184E-01  2.098E-01  2.011E-01  1.924E-01
  349.5000  2.419E-01  2.360E-01  2.299E-01  2.237E-01  2.173E-01  2.108E-01  2.041E-01  1.972E-01  1.903E-01  1.832E-01  1.760E-01  1.688E-01  1.614E-01
  350.5000  3.391E-01  3.308E-01  3.224E-01  3.137E-01  3.047E-01  2.956E-01  2.862E-01  2.766E-01  2.669E-01  2.570E-01  2.469E-01  2.367E-01  2.264E-01
  351.5000  2.924E-01  2.853E-01  2.780E-01  2.705E-01  2.628E-01  2.549E-01  2.468E-01  2.386E-01  2.302E-01  2.216E-01  2.130E-01  2.042E-01  1.953E-01
  352.5000  2.641E-01  2.577E-01  2.511E-01  2.443E-01  2.374E-01  2.303E-01  2.230E-01  2.155E-01  2.080E-01  2.002E-01  1.924E-01  1.845E-01  1.765E-01
  353.5000  3.184E-01  3.107E-01  3.028E-01  2.946E-01  2.863E-01  2.777E-01  2.689E-01  2.600E-01  2.508E-01  2.416E-01  2.321E-01  2.226E-01  2.129E-01
  354.5000  3.451E-01  3.368E-01  3.282E-01  3.194E-01  3.103E-01  3.011E-01  2.916E-01  2.819E-01  2.720E-01  2.619E-01  2.517E-01  2.414E-01  2.310E-01
  355.5000  3.228E-01  3.151E-01  3.071E-01  2.988E-01  2.904E-01  2.817E-01  2.728E-01  2.638E-01  2.545E-01  2.451E-01  2.356E-01  2.259E-01  2.162E-01
  356.5000  2.999E-01  2.927E-01  2.853E-01  2.776E-01  2.698E-01  2.617E-01  2.535E-01  2.451E-01  2.365E-01  2.278E-01  2.189E-01  2.100E-01  2.009E-01
  357.5000  2.552E-01  2.491E-01  2.428E-01  2.363E-01  2.296E-01  2.228E-01  2.158E-01  2.086E-01  2.013E-01  1.939E-01  1.864E-01  1.788E-01  1.710E-01
  358.5000  1.972E-01  1.925E-01  1.876E-01  1.826E-01  1.774E-01  1.722E-01  1.668E-01  1.612E-01  1.556E-01  1.499E-01  1.441E-01  1.382E-01  1.322E-01
  359.5000  3.322E-01  3.243E-01  3.161E-01  3.076E-01  2.990E-01  2.901E-01  2.810E-01  2.717E-01  2.622E-01  2.526E-01  2.428E-01  2.329E-01  2.228E-01
  360.5000  3.083E-01  3.009E-01  2.933E-01  2.855E-01  2.774E-01  2.692E-01  2.608E-01  2.522E-01  2.434E-01  2.344E-01  2.254E-01  2.162E-01  2.068E-01
  361.5000  2.782E-01  2.716E-01  2.647E-01  2.577E-01  2.504E-01  2.430E-01  2.354E-01  2.277E-01  2.197E-01  2.117E-01  2.035E-01  1.952E-01  1.868E-01
  362.5000  3.271E-01  3.193E-01  3.112E-01  3.030E-01  2.945E-01  2.857E-01  2.768E-01  2.677E-01  2.584E-01  2.489E-01  2.393E-01  2.295E-01  2.197E-01
  363.5000  2.912E-01  2.843E-01  2.772E-01  2.698E-01  2.622E-01  2.545E-01  2.465E-01  2.384E-01  2.301E-01  2.217E-01  2.132E-01  2.045E-01  1.957E-01
  364.5000  3.180E-01  3.104E-01  3.026E-01  2.946E-01  2.864E-01  2.779E-01  2.692E-01  2.604E-01  2.514E-01  2.422E-01  2.328E-01  2.233E-01  2.137E-01
  365.5000  3.878E-01  3.786E-01  3.691E-01  3.593E-01  3.493E-01  3.390E-01  3.284E-01  3.176E-01  3.066E-01  2.954E-01  2.840E-01  2.725E-01  2.608E-01
  366.5000  4.108E-01  4.011E-01  3.911E-01  3.807E-01  3.701E-01  3.592E-01  3.480E-01  3.366E-01  3.249E-01  3.131E-01  3.010E-01  2.888E-01  2.764E-01
  367.5000  3.905E-01  3.813E-01  3.717E-01  3.619E-01  3.518E-01  3.415E-01  3.308E-01  3.200E-01  3.089E-01  2.977E-01  2.862E-01  2.746E-01  2.628E-01
  368.5000  3.434E-01  3.352E-01  3.269E-01  3.182E-01  3.094E-01  3.003E-01  2.910E-01  2.815E-01  2.717E-01  2.618E-01  2.518E-01  2.416E-01  2.312E-01
  369.5000  4.123E-01  4.025E-01  3.925E-01  3.821E-01  3.715E-01  3.606E-01  3.494E-01  3.380E-01  3.264E-01  3.145E-01  3.024E-01  2.901E-01  2.777E-01
  370.5000  3.744E-01  3.656E-01  3.564E-01  3.471E-01  3.374E-01  3.275E-01  3.174E-01  3.070E-01  2.964E-01  2.857E-01  2.747E-01  2.636E-01  2.523E-01
  371.5000  4.288E-01  4.187E-01  4.083E-01  3.975E-01  3.865E-01  3.752E-01  3.636E-01  3.517E-01  3.396E-01  3.273E-01  3.147E-01  3.020E-01  2.891E-01
  372.5000  3.170E-01  3.096E-01  3.019E-01  2.939E-01  2.858E-01  2.774E-01  2.689E-01  2.601E-01  2.512E-01  2.421E-01  2.328E-01  2.234E-01  2.139E-01
  373.5000  2.868E-01  2.801E-01  2.731E-01  2.659E-01  2.586E-01  2.510E-01  2.433E-01  2.354E-01  2.273E-01  2.191E-01  2.107E-01  2.022E-01  1.936E-01
  374.5000  3.150E-01  3.077E-01  3.000E-01  2.922E-01  2.841E-01  2.758E-01  2.673E-01  2.586E-01  2.498E-01  2.407E-01  2.315E-01  2.222E-01  2.127E-01
  375.5000  3.558E-01  3.475E-01  3.389E-01  3.300E-01  3.209E-01  3.115E-01  3.019E-01  2.921E-01  2.821E-01  2.719E-01  2.616E-01  2.510E-01  2.403E-01
  376.5000  3.556E-01  3.473E-01  3.387E-01  3.299E-01  3.208E-01  3.114E-01  3.019E-01  2.921E-01  2.821E-01  2.719E-01  2.615E-01  2.510E-01  2.403E-01
  377.5000  4.239E-01  4.140E-01  4.037E-01  3.932E-01  3.824E-01  3.713E-01  3.599E-01  3.482E-01  3.363E-01  3.242E-01  3.118E-01  2.993E-01  2.866E-01
  378.5000  4.624E-01  4.516E-01  4.405E-01  4.290E-01  4.172E-01  4.051E-01  3.927E-01  3.800E-01  3.670E-01  3.538E-01  3.403E-01  3.266E-01  3.128E-01
  379.5000  3.424E-01  3.344E-01  3.262E-01  3.177E-01  3.090E-01  3.000E-01  2.908E-01  2.814E-01  2.718E-01  2.621E-01  2.521E-01  2.420E-01  2.317E-01
  380.5000  4.122E-01  4.026E-01  3.927E-01  3.825E-01  3.720E-01  3.612E-01  3.502E-01  3.389E-01  3.273E-01  3.155E-01  3.036E-01  2.914E-01  2.790E-01
  381.5000  3.877E-01  3.787E-01  3.694E-01  3.598E-01  3.499E-01  3.398E-01  3.294E-01  3.188E-01  3.079E-01  2.969E-01  2.856E-01  2.742E-01  2.626E-01
  382.5000  2.585E-01  2.525E-01  2.463E-01  2.400E-01  2.334E-01  2.267E-01  2.197E-01  2.127E-01  2.054E-01  1.981E-01  1.906E-01  1.829E-01  1.752E-01
  383.5000  2.272E-01  2.220E-01  2.165E-01  2.109E-01  2.052E-01  1.992E-01  1.932E-01  1.870E-01  1.806E-01  1.741E-01  1.675E-01  1.608E-01  1.541E-01
  384.5000  3.413E-01  3.334E-01  3.253E-01  3.169E-01  3.082E-01  2.993E-01  2.902E-01  2.809E-01  2.714E-01  2.616E-01  2.518E-01  2.417E-01  2.315E-01
  385.5000  3.380E-01  3.302E-01  3.221E-01  3.138E-01  3.052E-01  2.964E-01  2.874E-01  2.782E-01  2.688E-01  2.592E-01  2.494E-01  2.394E-01  2.293E-01
  386.5000  3.448E-01  3.369E-01  3.286E-01  3.202E-01  3.114E-01  3.025E-01  2.933E-01  2.839E-01  2.743E-01  2.645E-01  2.545E-01  2.444E-01  2.341E-01
  387.5000  3.207E-01  3.133E-01  3.057E-01  2.978E-01  2.897E-01  2.814E-01  2.729E-01  2.641E-01  2.552E-01  2.461E-01  2.368E-01  2.274E-01  2.178E-01
  388.5000  3.217E-01  3.143E-01  3.067E-01  2.988E-01  2.907E-01  2.824E-01  2.738E-01  2.650E-01  2.561E-01  2.470E-01  2.377E-01  2.282E-01  2.186E-01
  389.5000  4.061E-01  3.968E-01  3.871E-01  3.772E-01  3.669E-01  3.564E-01  3.456E-01  3.346E-01  3.233E-01  3.118E-01  3.001E-01  2.882E-01  2.761E-01
  390.5000  3.992E-01  3.901E-01  3.806E-01  3.708E-01  3.608E-01  3.505E-01  3.399E-01  3.290E-01  3.180E-01  3.066E-01  2.951E-01  2.834E-01  2.715E-01
  391.5000  4.741E-01  4.632E-01  4.520E-01  4.404E-01  4.285E-01  4.162E-01  4.037E-01  3.908E-01  3.777E-01  3.642E-01  3.506E-01  3.367E-01  3.226E-01
  392.5000  3.558E-01  3.477E-01  3.392E-01  3.306E-01  3.216E-01  3.125E-01  3.030E-01  2.934E-01  2.835E-01  2.735E-01  2.632E-01  2.528E-01  2.422E-01
  393.5000  1.548E-01  1.513E-01  1.476E-01  1.439E-01  1.400E-01  1.360E-01  1.319E-01  1.277E-01  1.234E-01  1.190E-01  1.146E-01  1.101E-01  1.055E-01
  394.5000  3.647E-01  3.563E-01  3.477E-01  3.388E-01  3.297E-01  3.203E-01  3.107E-01  3.008E-01  2.908E-01  2.805E-01  2.700E-01  2.593E-01  2.485E-01
  395.5000  4.696E-01  4.589E-01  4.478E-01  4.364E-01  4.246E-01  4.126E-01  4.002E-01  3.875E-01  3.745E-01  3.613E-01  3.478E-01  3.341E-01  3.201E-01
  396.5000  2.760E-01  2.697E-01  2.632E-01  2.565E-01  2.496E-01  2.425E-01  2.352E-01  2.278E-01  2.202E-01  2.124E-01  2.045E-01  1.964E-01  1.882E-01
  397.5000  3.187E-01  3.114E-01  3.040E-01  2.962E-01  2.883E-01  2.801E-01  2.717E-01  2.631E-01  2.543E-01  2.454E-01  2.362E-01  2.269E-01  2.175E-01
  398.5000  5.481E-01  5.356E-01  5.227E-01  5.095E-01  4.958E-01  4.818E-01  4.673E-01  4.526E-01  4.375E-01  4.221E-01  4.064E-01  3.904E-01  3.741E-01
  399.5000  5.705E-01  5.576E-01  5.442E-01  5.304E-01  5.162E-01  5.016E-01  4.866E-01  4.712E-01  4.555E-01  4.395E-01  4.232E-01  4.065E-01  3.896E-01
------------------------------------------------------------
Dose rates,W m-2
   1 = UV index (WMO, 1994; Webb et al., 2011)           
   2 = Previtamin-D3 (CIE 2006)                          
values at z =      0.025 km
Columns: time,sza,weighting spectra
time,hrs.  sza,deg.          1          2
   15.0000     61.419  2.291E+00  9.518E-02
   15.0833     61.983  2.194E+00  9.029E-02
   15.1667     62.565  2.097E+00  8.540E-02
   15.2500     63.163  1.999E+00  8.052E-02
   15.3333     63.778  1.901E+00  7.568E-02
   15.4167     64.409  1.803E+00  7.089E-02
   15.5000     65.056  1.707E+00  6.617E-02
   15.5833     65.719  1.611E+00  6.154E-02
   15.6667     66.395  1.516E+00  5.701E-02
   15.7500     67.087  1.423E+00  5.261E-02
   15.8333     67.792  1.332E+00  4.834E-02
   15.9167     68.510  1.243E+00  4.422E-02
   16.0000     69.241  1.156E+00  4.026E-02
------------------------------------------------------------
