Spectral Irradiance,W m-2 nm-1
values at z =      0.025 km
Columns: wavelength (nm),times (hrs.) or sza (deg.)
    wc,nm     15.000     15.083     15.167     15.250     15.333     15.417     15.500     15.583     15.667     15.750     15.833     15.917     16.000
    sza =      61.544     62.106     62.686     63.282     63.896     64.525     65.170     65.831     66.506     67.195     67.898     68.615     69.344
  280.5000  6.866E-24  6.176E-24  5.612E-24  5.137E-24  4.729E-24  4.372E-24  4.058E-24  3.777E-24  3.525E-24  3.298E-24  3.092E-24  2.904E-24  2.731E-24
  281.5000  1.137E-21  1.013E-21  9.139E-22  8.324E-22  7.634E-22  7.037E-22  6.513E-22  6.049E-22  5.635E-22  5.261E-22  4.923E-22  4.616E-22  4.334E-22
  282.5000  6.373E-20  5.609E-20  5.018E-20  4.542E-20  4.146E-20  3.809E-20  3.516E-20  3.258E-20  3.028E-20  2.822E-20  2.636E-20  2.467E-20  2.313E-20
  283.5000  7.950E-19  6.927E-19  6.148E-19  5.534E-19  5.032E-19  4.609E-19  4.245E-19  3.926E-19  3.643E-19  3.390E-19  3.163E-19  2.956E-19  2.768E-19
  284.5000  5.021E-17  4.272E-17  3.719E-17  3.297E-17  2.965E-17  2.694E-17  2.466E-17  2.270E-17  2.098E-17  1.946E-17  1.810E-17  1.687E-17  1.576E-17
  285.5000  6.997E-16  5.829E-16  4.977E-16  4.342E-16  3.855E-16  3.469E-16  3.153E-16  2.887E-16  2.658E-16  2.457E-16  2.279E-16  2.119E-16  1.975E-16
  286.5000  2.455E-14  2.011E-14  1.687E-14  1.449E-14  1.269E-14  1.130E-14  1.019E-14  9.273E-15  8.499E-15  7.830E-15  7.241E-15  6.717E-15  6.246E-15
  287.5000  4.890E-13  3.939E-13  3.240E-13  2.725E-13  2.341E-13  2.051E-13  1.825E-13  1.645E-13  1.496E-13  1.370E-13  1.262E-13  1.166E-13  1.081E-13
  288.5000  9.939E-12  7.910E-12  6.388E-12  5.252E-12  4.405E-12  3.770E-12  3.287E-12  2.913E-12  2.615E-12  2.371E-12  2.166E-12  1.990E-12  1.836E-12
  289.5000  1.525E-10  1.210E-10  9.692E-11  7.862E-11  6.482E-11  5.445E-11  4.660E-11  4.059E-11  3.592E-11  3.221E-11  2.917E-11  2.662E-11  2.443E-11
  290.5000  1.474E-09  1.173E-09  9.373E-10  7.547E-10  6.149E-10  5.086E-10  4.279E-10  3.664E-10  3.192E-10  2.823E-10  2.528E-10  2.287E-10  2.085E-10
  291.5000  1.286E-08  1.033E-08  8.283E-09  6.658E-09  5.383E-09  4.393E-09  3.630E-09  3.045E-09  2.597E-09  2.251E-09  1.980E-09  1.765E-09  1.590E-09
  292.5000  7.166E-08  5.821E-08  4.709E-08  3.803E-08  3.074E-08  2.496E-08  2.041E-08  1.687E-08  1.413E-08  1.202E-08  1.038E-08  9.091E-09  8.071E-09
  293.5000  4.598E-07  3.790E-07  3.105E-07  2.532E-07  2.059E-07  1.673E-07  1.364E-07  1.117E-07  9.229E-08  7.712E-08  6.530E-08  5.609E-08  4.887E-08
  294.5000  1.639E-06  1.370E-06  1.136E-06  9.364E-07  7.681E-07  6.281E-07  5.130E-07  4.195E-07  3.444E-07  2.848E-07  2.379E-07  2.010E-07  1.722E-07
  295.5000  8.083E-06  6.863E-06  5.783E-06  4.838E-06  4.021E-06  3.325E-06  2.737E-06  2.247E-06  1.844E-06  1.517E-06  1.254E-06  1.044E-06  8.785E-07
  296.5000  2.475E-05  2.132E-05  1.823E-05  1.548E-05  1.304E-05  1.092E-05  9.086E-06  7.525E-06  6.210E-06  5.117E-06  4.218E-06  3.488E-06  2.900E-06
  297.5000  7.784E-05  6.800E-05  5.896E-05  5.076E-05  4.337E-05  3.680E-05  3.101E-05  2.597E-05  2.163E-05  1.793E-05  1.483E-05  1.226E-05  1.014E-05
  298.5000  1.410E-04  1.247E-04  1.095E-04  9.546E-05  8.263E-05  7.101E-05  6.059E-05  5.134E-05  4.322E-05  3.618E-05  3.013E-05  2.500E-05  2.071E-05
  299.5000  4.676E-04  4.184E-04  3.720E-04  3.285E-04  2.881E-04  2.509E-04  2.169E-04  1.862E-04  1.588E-04  1.344E-04  1.131E-04  9.467E-05  7.885E-05
  300.5000  5.939E-04  5.364E-04  4.816E-04  4.296E-04  3.807E-04  3.352E-04  2.930E-04  2.544E-04  2.193E-04  1.877E-04  1.595E-04  1.347E-04  1.131E-04
  301.5000  1.641E-03  1.498E-03  1.359E-03  1.227E-03  1.100E-03  9.807E-04  8.684E-04  7.639E-04  6.672E-04  5.787E-04  4.984E-04  4.262E-04  3.619E-04
  302.5000  2.541E-03  2.336E-03  2.135E-03  1.941E-03  1.755E-03  1.578E-03  1.409E-03  1.251E-03  1.103E-03  9.656E-04  8.395E-04  7.246E-04  6.210E-04
  303.5000  5.609E-03  5.197E-03  4.793E-03  4.399E-03  4.016E-03  3.647E-03  3.293E-03  2.956E-03  2.636E-03  2.336E-03  2.056E-03  1.797E-03  1.559E-03
  304.5000  7.122E-03  6.631E-03  6.147E-03  5.672E-03  5.208E-03  4.757E-03  4.323E-03  3.905E-03  3.507E-03  3.130E-03  2.776E-03  2.444E-03  2.137E-03
  305.5000  1.175E-02  1.102E-02  1.030E-02  9.581E-03  8.874E-03  8.182E-03  7.506E-03  6.851E-03  6.220E-03  5.614E-03  5.037E-03  4.490E-03  3.976E-03
  306.5000  1.351E-02  1.272E-02  1.192E-02  1.113E-02  1.034E-02  9.574E-03  8.821E-03  8.086E-03  7.375E-03  6.689E-03  6.032E-03  5.406E-03  4.814E-03
  307.5000  2.344E-02  2.219E-02  2.094E-02  1.968E-02  1.843E-02  1.719E-02  1.597E-02  1.477E-02  1.360E-02  1.245E-02  1.135E-02  1.028E-02  9.260E-03
  308.5000  2.818E-02  2.674E-02  2.529E-02  2.384E-02  2.239E-02  2.095E-02  1.952E-02  1.811E-02  1.673E-02  1.538E-02  1.407E-02  1.280E-02  1.158E-02
  309.5000  2.807E-02  2.674E-02  2.540E-02  2.405E-02  2.270E-02  2.135E-02  2.001E-02  1.867E-02  1.736E-02  1.607E-02  1.480E-02  1.357E-02  1.237E-02
  310.5000  4.173E-02  3.987E-02  3.799E-02  3.609E-02  3.418E-02  3.227E-02  3.036E-02  2.846E-02  2.657E-02  2.471E-02  2.288E-02  2.109E-02  1.934E-02
  311.5000  5.690E-02  5.447E-02  5.201E-02  4.951E-02  4.700E-02  4.448E-02  4.196E-02  3.944E-02  3.694E-02  3.446E-02  3.202E-02  2.961E-02  2.726E-02
  312.5000  6.150E-02  5.908E-02  5.661E-02  5.411E-02  5.159E-02  4.904E-02  4.648E-02  4.391E-02  4.135E-02  3.880E-02  3.627E-02  3.377E-02  3.131E-02
  313.5000  7.153E-02  6.877E-02  6.595E-02  6.310E-02  6.021E-02  5.730E-02  5.437E-02  5.143E-02  4.849E-02  4.556E-02  4.264E-02  3.976E-02  3.692E-02
  314.5000  7.799E-02  7.520E-02  7.236E-02  6.946E-02  6.652E-02  6.355E-02  6.054E-02  5.752E-02  5.449E-02  5.145E-02  4.842E-02  4.541E-02  4.242E-02
  315.5000  8.180E-02  7.892E-02  7.597E-02  7.297E-02  6.992E-02  6.684E-02  6.372E-02  6.058E-02  5.743E-02  5.427E-02  5.112E-02  4.798E-02  4.487E-02
  316.5000  8.713E-02  8.425E-02  8.130E-02  7.830E-02  7.524E-02  7.213E-02  6.899E-02  6.581E-02  6.262E-02  5.941E-02  5.619E-02  5.298E-02  4.977E-02
  317.5000  1.234E-01  1.193E-01  1.152E-01  1.109E-01  1.066E-01  1.022E-01  9.773E-02  9.324E-02  8.871E-02  8.416E-02  7.960E-02  7.505E-02  7.051E-02
  318.5000  1.032E-01  1.000E-01  9.673E-02  9.338E-02  8.996E-02  8.649E-02  8.296E-02  7.940E-02  7.579E-02  7.216E-02  6.852E-02  6.486E-02  6.121E-02
  319.5000  1.275E-01  1.236E-01  1.196E-01  1.155E-01  1.114E-01  1.071E-01  1.028E-01  9.845E-02  9.404E-02  8.960E-02  8.513E-02  8.065E-02  7.618E-02
  320.5000  1.575E-01  1.528E-01  1.479E-01  1.429E-01  1.378E-01  1.327E-01  1.274E-01  1.221E-01  1.167E-01  1.113E-01  1.059E-01  1.004E-01  9.490E-02
  321.5000  1.413E-01  1.373E-01  1.332E-01  1.290E-01  1.247E-01  1.203E-01  1.159E-01  1.114E-01  1.068E-01  1.022E-01  9.749E-02  9.280E-02  8.809E-02
  322.5000  1.367E-01  1.326E-01  1.285E-01  1.242E-01  1.199E-01  1.155E-01  1.110E-01  1.064E-01  1.018E-01  9.712E-02  9.244E-02  8.773E-02  8.302E-02
  323.5000  1.504E-01  1.462E-01  1.420E-01  1.377E-01  1.332E-01  1.287E-01  1.241E-01  1.194E-01  1.147E-01  1.099E-01  1.050E-01  1.001E-01  9.520E-02
  324.5000  1.763E-01  1.714E-01  1.665E-01  1.614E-01  1.561E-01  1.508E-01  1.454E-01  1.399E-01  1.343E-01  1.287E-01  1.230E-01  1.172E-01  1.114E-01
  325.5000  1.962E-01  1.908E-01  1.852E-01  1.794E-01  1.736E-01  1.676E-01  1.615E-01  1.553E-01  1.491E-01  1.427E-01  1.363E-01  1.299E-01  1.234E-01
  326.5000  2.480E-01  2.415E-01  2.348E-01  2.280E-01  2.209E-01  2.138E-01  2.065E-01  1.990E-01  1.915E-01  1.838E-01  1.761E-01  1.683E-01  1.604E-01
  327.5000  2.282E-01  2.221E-01  2.158E-01  2.094E-01  2.028E-01  1.961E-01  1.893E-01  1.823E-01  1.753E-01  1.681E-01  1.609E-01  1.536E-01  1.463E-01
  328.5000  2.110E-01  2.054E-01  1.996E-01  1.937E-01  1.876E-01  1.814E-01  1.751E-01  1.687E-01  1.622E-01  1.556E-01  1.489E-01  1.422E-01  1.354E-01
  329.5000  2.823E-01  2.751E-01  2.677E-01  2.601E-01  2.523E-01  2.444E-01  2.363E-01  2.280E-01  2.196E-01  2.111E-01  2.024E-01  1.937E-01  1.850E-01
  330.5000  2.538E-01  2.472E-01  2.405E-01  2.335E-01  2.264E-01  2.191E-01  2.117E-01  2.041E-01  1.965E-01  1.887E-01  1.808E-01  1.729E-01  1.649E-01
  331.5000  2.505E-01  2.440E-01  2.373E-01  2.304E-01  2.234E-01  2.162E-01  2.088E-01  2.013E-01  1.937E-01  1.860E-01  1.783E-01  1.704E-01  1.625E-01
  332.5000  2.523E-01  2.460E-01  2.395E-01  2.327E-01  2.259E-01  2.188E-01  2.116E-01  2.043E-01  1.969E-01  1.893E-01  1.817E-01  1.740E-01  1.662E-01
  333.5000  2.352E-01  2.292E-01  2.231E-01  2.167E-01  2.102E-01  2.036E-01  1.968E-01  1.899E-01  1.829E-01  1.758E-01  1.686E-01  1.613E-01  1.540E-01
  334.5000  2.644E-01  2.577E-01  2.508E-01  2.437E-01  2.365E-01  2.291E-01  2.215E-01  2.138E-01  2.060E-01  1.980E-01  1.900E-01  1.819E-01  1.737E-01
  335.5000  2.710E-01  2.643E-01  2.573E-01  2.502E-01  2.429E-01  2.354E-01  2.278E-01  2.200E-01  2.121E-01  2.040E-01  1.959E-01  1.877E-01  1.794E-01
  336.5000  2.115E-01  2.062E-01  2.008E-01  1.952E-01  1.895E-01  1.836E-01  1.776E-01  1.715E-01  1.653E-01  1.590E-01  1.527E-01  1.462E-01  1.397E-01
  337.5000  2.308E-01  2.250E-01  2.190E-01  2.129E-01  2.065E-01  2.001E-01  1.935E-01  1.868E-01  1.800E-01  1.730E-01  1.660E-01  1.589E-01  1.518E-01
  338.5000  2.465E-01  2.404E-01  2.341E-01  2.276E-01  2.210E-01  2.142E-01  2.073E-01  2.002E-01  1.930E-01  1.857E-01  1.783E-01  1.709E-01  1.633E-01
  339.5000  2.686E-01  2.620E-01  2.552E-01  2.481E-01  2.409E-01  2.336E-01  2.260E-01  2.184E-01  2.105E-01  2.026E-01  1.946E-01  1.864E-01  1.782E-01
  340.5000  2.864E-01  2.793E-01  2.720E-01  2.645E-01  2.568E-01  2.489E-01  2.408E-01  2.326E-01  2.242E-01  2.157E-01  2.071E-01  1.984E-01  1.896E-01
  341.5000  2.561E-01  2.498E-01  2.433E-01  2.366E-01  2.298E-01  2.228E-01  2.156E-01  2.083E-01  2.009E-01  1.934E-01  1.857E-01  1.780E-01  1.702E-01
  342.5000  2.843E-01  2.773E-01  2.701E-01  2.627E-01  2.552E-01  2.474E-01  2.395E-01  2.314E-01  2.232E-01  2.148E-01  2.063E-01  1.978E-01  1.891E-01
  343.5000  2.951E-01  2.878E-01  2.804E-01  2.727E-01  2.648E-01  2.567E-01  2.485E-01  2.401E-01  2.315E-01  2.229E-01  2.140E-01  2.051E-01  1.961E-01
  344.5000  2.066E-01  2.016E-01  1.963E-01  1.909E-01  1.854E-01  1.797E-01  1.740E-01  1.681E-01  1.621E-01  1.560E-01  1.498E-01  1.435E-01  1.372E-01
  345.5000  2.849E-01  2.779E-01  2.708E-01  2.634E-01  2.558E-01  2.481E-01  2.402E-01  2.321E-01  2.239E-01  2.156E-01  2.071E-01  1.985E-01  1.899E-01
  346.5000  2.660E-01  2.595E-01  2.527E-01  2.458E-01  2.388E-01  2.315E-01  2.241E-01  2.166E-01  2.089E-01  2.010E-01  1.931E-01  1.851E-01  1.770E-01
  347.5000  2.602E-01  2.539E-01  2.473E-01  2.406E-01  2.337E-01  2.266E-01  2.194E-01  2.120E-01  2.044E-01  1.968E-01  1.890E-01  1.812E-01  1.733E-01
  348.5000  2.866E-01  2.796E-01  2.724E-01  2.650E-01  2.575E-01  2.497E-01  2.417E-01  2.336E-01  2.253E-01  2.169E-01  2.084E-01  1.998E-01  1.910E-01
  349.5000  2.404E-01  2.346E-01  2.285E-01  2.223E-01  2.160E-01  2.095E-01  2.028E-01  1.960E-01  1.890E-01  1.820E-01  1.748E-01  1.676E-01  1.603E-01
  350.5000  3.371E-01  3.289E-01  3.204E-01  3.117E-01  3.028E-01  2.937E-01  2.844E-01  2.748E-01  2.651E-01  2.553E-01  2.452E-01  2.351E-01  2.248E-01
  351.5000  2.907E-01  2.836E-01  2.764E-01  2.689E-01  2.612E-01  2.533E-01  2.453E-01  2.370E-01  2.287E-01  2.202E-01  2.115E-01  2.028E-01  1.939E-01
  352.5000  2.625E-01  2.562E-01  2.496E-01  2.429E-01  2.359E-01  2.288E-01  2.216E-01  2.142E-01  2.066E-01  1.989E-01  1.911E-01  1.832E-01  1.752E-01
  353.5000  3.165E-01  3.089E-01  3.010E-01  2.928E-01  2.845E-01  2.760E-01  2.672E-01  2.583E-01  2.492E-01  2.400E-01  2.306E-01  2.211E-01  2.114E-01
  354.5000  3.431E-01  3.348E-01  3.262E-01  3.175E-01  3.084E-01  2.992E-01  2.897E-01  2.801E-01  2.702E-01  2.602E-01  2.501E-01  2.398E-01  2.293E-01
  355.5000  3.209E-01  3.132E-01  3.052E-01  2.970E-01  2.886E-01  2.800E-01  2.711E-01  2.621E-01  2.529E-01  2.435E-01  2.340E-01  2.244E-01  2.147E-01
  356.5000  2.981E-01  2.910E-01  2.836E-01  2.759E-01  2.681E-01  2.601E-01  2.519E-01  2.435E-01  2.350E-01  2.263E-01  2.175E-01  2.085E-01  1.995E-01
  357.5000  2.538E-01  2.477E-01  2.414E-01  2.349E-01  2.282E-01  2.214E-01  2.144E-01  2.073E-01  2.000E-01  1.926E-01  1.851E-01  1.775E-01  1.698E-01
  358.5000  1.961E-01  1.913E-01  1.865E-01  1.815E-01  1.764E-01  1.711E-01  1.657E-01  1.602E-01  1.546E-01  1.489E-01  1.431E-01  1.372E-01  1.313E-01
  359.5000  3.303E-01  3.224E-01  3.142E-01  3.058E-01  2.972E-01  2.883E-01  2.792E-01  2.700E-01  2.605E-01  2.509E-01  2.412E-01  2.313E-01  2.213E-01
  360.5000  3.065E-01  2.991E-01  2.915E-01  2.838E-01  2.757E-01  2.675E-01  2.591E-01  2.506E-01  2.418E-01  2.329E-01  2.239E-01  2.147E-01  2.054E-01
  361.5000  2.766E-01  2.700E-01  2.632E-01  2.561E-01  2.489E-01  2.415E-01  2.340E-01  2.262E-01  2.183E-01  2.103E-01  2.021E-01  1.939E-01  1.855E-01
  362.5000  3.252E-01  3.174E-01  3.094E-01  3.011E-01  2.927E-01  2.840E-01  2.751E-01  2.660E-01  2.567E-01  2.473E-01  2.377E-01  2.280E-01  2.181E-01
  363.5000  2.895E-01  2.826E-01  2.755E-01  2.682E-01  2.606E-01  2.529E-01  2.450E-01  2.369E-01  2.287E-01  2.203E-01  2.117E-01  2.031E-01  1.943E-01
  364.5000  3.161E-01  3.086E-01  3.008E-01  2.928E-01  2.846E-01  2.762E-01  2.676E-01  2.587E-01  2.497E-01  2.406E-01  2.313E-01  2.218E-01  2.123E-01
  365.5000  3.855E-01  3.764E-01  3.669E-01  3.572E-01  3.472E-01  3.369E-01  3.264E-01  3.156E-01  3.047E-01  2.935E-01  2.821E-01  2.706E-01  2.590E-01
  366.5000  4.085E-01  3.988E-01  3.887E-01  3.784E-01  3.678E-01  3.570E-01  3.458E-01  3.345E-01  3.229E-01  3.110E-01  2.990E-01  2.868E-01  2.745E-01
  367.5000  3.882E-01  3.790E-01  3.695E-01  3.597E-01  3.497E-01  3.394E-01  3.288E-01  3.180E-01  3.070E-01  2.957E-01  2.843E-01  2.728E-01  2.610E-01
  368.5000  3.414E-01  3.333E-01  3.249E-01  3.163E-01  3.075E-01  2.984E-01  2.892E-01  2.797E-01  2.700E-01  2.601E-01  2.501E-01  2.399E-01  2.296E-01
  369.5000  4.099E-01  4.002E-01  3.902E-01  3.799E-01  3.693E-01  3.584E-01  3.473E-01  3.359E-01  3.243E-01  3.124E-01  3.004E-01  2.882E-01  2.758E-01
  370.5000  3.722E-01  3.634E-01  3.543E-01  3.450E-01  3.354E-01  3.255E-01  3.154E-01  3.051E-01  2.945E-01  2.838E-01  2.729E-01  2.618E-01  2.506E-01
  371.5000  4.263E-01  4.162E-01  4.058E-01  3.952E-01  3.842E-01  3.729E-01  3.613E-01  3.495E-01  3.374E-01  3.252E-01  3.127E-01  3.000E-01  2.871E-01
  372.5000  3.152E-01  3.078E-01  3.001E-01  2.922E-01  2.841E-01  2.757E-01  2.672E-01  2.585E-01  2.496E-01  2.405E-01  2.313E-01  2.219E-01  2.124E-01
  373.5000  2.851E-01  2.784E-01  2.715E-01  2.644E-01  2.570E-01  2.495E-01  2.418E-01  2.339E-01  2.258E-01  2.176E-01  2.093E-01  2.008E-01  1.922E-01
  374.5000  3.132E-01  3.059E-01  2.983E-01  2.904E-01  2.824E-01  2.741E-01  2.657E-01  2.570E-01  2.482E-01  2.392E-01  2.300E-01  2.207E-01  2.113E-01
  375.5000  3.537E-01  3.454E-01  3.369E-01  3.280E-01  3.190E-01  3.096E-01  3.001E-01  2.903E-01  2.803E-01  2.702E-01  2.598E-01  2.493E-01  2.387E-01
  376.5000  3.536E-01  3.453E-01  3.367E-01  3.279E-01  3.189E-01  3.095E-01  3.000E-01  2.903E-01  2.803E-01  2.701E-01  2.598E-01  2.493E-01  2.387E-01
  377.5000  4.214E-01  4.116E-01  4.014E-01  3.909E-01  3.801E-01  3.690E-01  3.577E-01  3.460E-01  3.342E-01  3.221E-01  3.098E-01  2.973E-01  2.846E-01
  378.5000  4.597E-01  4.490E-01  4.379E-01  4.265E-01  4.147E-01  4.026E-01  3.903E-01  3.776E-01  3.647E-01  3.515E-01  3.381E-01  3.244E-01  3.106E-01
  379.5000  3.405E-01  3.325E-01  3.243E-01  3.158E-01  3.071E-01  2.982E-01  2.890E-01  2.797E-01  2.701E-01  2.604E-01  2.504E-01  2.403E-01  2.301E-01
  380.5000  4.098E-01  4.003E-01  3.904E-01  3.802E-01  3.698E-01  3.590E-01  3.480E-01  3.367E-01  3.252E-01  3.135E-01  3.016E-01  2.894E-01  2.771E-01
  381.5000  3.854E-01  3.765E-01  3.672E-01  3.576E-01  3.478E-01  3.377E-01  3.274E-01  3.168E-01  3.060E-01  2.950E-01  2.837E-01  2.723E-01  2.608E-01
  382.5000  2.571E-01  2.511E-01  2.449E-01  2.386E-01  2.320E-01  2.253E-01  2.184E-01  2.113E-01  2.041E-01  1.968E-01  1.893E-01  1.817E-01  1.740E-01
  383.5000  2.259E-01  2.207E-01  2.153E-01  2.097E-01  2.039E-01  1.980E-01  1.920E-01  1.858E-01  1.795E-01  1.730E-01  1.664E-01  1.598E-01  1.530E-01
  384.5000  3.394E-01  3.315E-01  3.234E-01  3.150E-01  3.064E-01  2.975E-01  2.884E-01  2.791E-01  2.696E-01  2.600E-01  2.501E-01  2.401E-01  2.299E-01
  385.5000  3.361E-01  3.283E-01  3.202E-01  3.119E-01  3.034E-01  2.947E-01  2.857E-01  2.765E-01  2.671E-01  2.575E-01  2.477E-01  2.378E-01  2.278E-01
  386.5000  3.429E-01  3.349E-01  3.267E-01  3.183E-01  3.096E-01  3.007E-01  2.915E-01  2.821E-01  2.726E-01  2.628E-01  2.529E-01  2.427E-01  2.325E-01
  387.5000  3.189E-01  3.115E-01  3.039E-01  2.961E-01  2.880E-01  2.797E-01  2.712E-01  2.625E-01  2.536E-01  2.445E-01  2.353E-01  2.259E-01  2.163E-01
  388.5000  3.199E-01  3.125E-01  3.049E-01  2.971E-01  2.890E-01  2.807E-01  2.721E-01  2.634E-01  2.545E-01  2.454E-01  2.361E-01  2.267E-01  2.171E-01
  389.5000  4.038E-01  3.945E-01  3.849E-01  3.750E-01  3.648E-01  3.543E-01  3.435E-01  3.325E-01  3.213E-01  3.098E-01  2.981E-01  2.862E-01  2.742E-01
  390.5000  3.970E-01  3.878E-01  3.784E-01  3.687E-01  3.586E-01  3.484E-01  3.378E-01  3.270E-01  3.159E-01  3.047E-01  2.932E-01  2.815E-01  2.697E-01
  391.5000  4.714E-01  4.605E-01  4.494E-01  4.378E-01  4.259E-01  4.137E-01  4.012E-01  3.884E-01  3.753E-01  3.619E-01  3.483E-01  3.344E-01  3.204E-01
  392.5000  3.538E-01  3.457E-01  3.373E-01  3.286E-01  3.197E-01  3.106E-01  3.012E-01  2.916E-01  2.818E-01  2.717E-01  2.615E-01  2.511E-01  2.406E-01
  393.5000  1.540E-01  1.504E-01  1.468E-01  1.430E-01  1.391E-01  1.352E-01  1.311E-01  1.269E-01  1.226E-01  1.183E-01  1.138E-01  1.093E-01  1.047E-01
  394.5000  3.626E-01  3.543E-01  3.457E-01  3.369E-01  3.278E-01  3.184E-01  3.088E-01  2.990E-01  2.889E-01  2.787E-01  2.682E-01  2.576E-01  2.468E-01
  395.5000  4.669E-01  4.563E-01  4.452E-01  4.338E-01  4.221E-01  4.101E-01  3.977E-01  3.851E-01  3.722E-01  3.590E-01  3.455E-01  3.318E-01  3.179E-01
  396.5000  2.744E-01  2.681E-01  2.617E-01  2.550E-01  2.481E-01  2.410E-01  2.338E-01  2.264E-01  2.188E-01  2.110E-01  2.031E-01  1.951E-01  1.869E-01
  397.5000  3.169E-01  3.097E-01  3.022E-01  2.945E-01  2.866E-01  2.784E-01  2.701E-01  2.615E-01  2.527E-01  2.438E-01  2.347E-01  2.254E-01  2.160E-01
  398.5000  5.450E-01  5.326E-01  5.197E-01  5.065E-01  4.929E-01  4.789E-01  4.645E-01  4.498E-01  4.347E-01  4.194E-01  4.037E-01  3.878E-01  3.716E-01
  399.5000  5.673E-01  5.544E-01  5.411E-01  5.273E-01  5.131E-01  4.986E-01  4.836E-01  4.683E-01  4.527E-01  4.367E-01  4.204E-01  4.038E-01  3.870E-01
------------------------------------------------------------
Dose rates,W m-2
   1 = UV index (WMO, 1994; Webb et al., 2011)           
   2 = Previtamin-D3 (CIE 2006)                          
values at z =      0.025 km
Columns: time,sza,weighting spectra
time,hrs.  sza,deg.          1          2
   15.0000     61.544  2.264E+00  9.375E-02
   15.0833     62.106  2.168E+00  8.892E-02
   15.1667     62.686  2.071E+00  8.409E-02
   15.2500     63.282  1.974E+00  7.928E-02
   15.3333     63.896  1.878E+00  7.450E-02
   15.4167     64.525  1.781E+00  6.977E-02
   15.5000     65.170  1.686E+00  6.512E-02
   15.5833     65.831  1.591E+00  6.055E-02
   15.6667     66.506  1.497E+00  5.608E-02
   15.7500     67.195  1.406E+00  5.174E-02
   15.8333     67.898  1.315E+00  4.753E-02
   15.9167     68.615  1.227E+00  4.347E-02
   16.0000     69.344  1.142E+00  3.957E-02
------------------------------------------------------------
