Spectral Irradiance,W m-2 nm-1
values at z =      0.025 km
Columns: wavelength (nm),times (hrs.) or sza (deg.)
    wc,nm     15.000     15.083     15.167     15.250     15.333     15.417     15.500     15.583     15.667     15.750     15.833     15.917     16.000
    sza =      59.044     59.636     60.246     60.873     61.516     62.175     62.851     63.541     64.246     64.966     65.699     66.445     67.204
  280.5000  1.755E-23  1.313E-23  1.044E-23  8.723E-24  7.536E-24  6.658E-24  5.969E-24  5.406E-24  4.933E-24  4.528E-24  4.176E-24  3.867E-24  3.593E-24
  281.5000  3.163E-21  2.308E-21  1.788E-21  1.460E-21  1.240E-21  1.083E-21  9.635E-22  8.681E-22  7.891E-22  7.221E-22  6.642E-22  6.136E-22  5.689E-22
  282.5000  1.918E-19  1.375E-19  1.040E-19  8.295E-20  6.912E-20  5.954E-20  5.247E-20  4.698E-20  4.251E-20  3.877E-20  3.557E-20  3.278E-20  3.032E-20
  283.5000  2.521E-18  1.791E-18  1.335E-18  1.047E-18  8.594E-19  7.315E-19  6.393E-19  5.690E-19  5.129E-19  4.665E-19  4.270E-19  3.928E-19  3.628E-19
  284.5000  1.727E-16  1.219E-16  8.908E-17  6.783E-17  5.396E-17  4.468E-17  3.821E-17  3.348E-17  2.986E-17  2.694E-17  2.452E-17  2.246E-17  2.067E-17
  285.5000  2.505E-15  1.776E-15  1.288E-15  9.636E-16  7.487E-16  6.049E-16  5.062E-16  4.360E-16  3.839E-16  3.434E-16  3.106E-16  2.831E-16  2.595E-16
  286.5000  8.909E-14  6.370E-14  4.617E-14  3.424E-14  2.619E-14  2.074E-14  1.702E-14  1.440E-14  1.251E-14  1.108E-14  9.944E-15  9.018E-15  8.236E-15
  287.5000  1.756E-12  1.275E-12  9.302E-13  6.879E-13  5.196E-13  4.036E-13  3.234E-13  2.675E-13  2.276E-13  1.983E-13  1.759E-13  1.581E-13  1.435E-13
  288.5000  3.406E-11  2.530E-11  1.876E-11  1.397E-11  1.051E-11  8.049E-12  6.307E-12  5.079E-12  4.206E-12  3.576E-12  3.110E-12  2.753E-12  2.470E-12
  289.5000  4.943E-10  3.745E-10  2.822E-10  2.125E-10  1.606E-10  1.226E-10  9.505E-11  7.524E-11  6.105E-11  5.081E-11  4.333E-11  3.774E-11  3.343E-11
  290.5000  4.495E-09  3.470E-09  2.660E-09  2.030E-09  1.547E-09  1.185E-09  9.149E-10  7.169E-10  5.726E-10  4.679E-10  3.914E-10  3.348E-10  2.922E-10
  291.5000  3.599E-08  2.845E-08  2.230E-08  1.735E-08  1.344E-08  1.039E-08  8.056E-09  6.286E-09  4.962E-09  3.981E-09  3.256E-09  2.721E-09  2.322E-09
  292.5000  1.849E-07  1.493E-07  1.194E-07  9.469E-08  7.459E-08  5.848E-08  4.574E-08  3.582E-08  2.819E-08  2.240E-08  1.805E-08  1.480E-08  1.236E-08
  293.5000  1.090E-06  8.986E-07  7.338E-07  5.939E-07  4.768E-07  3.802E-07  3.015E-07  2.384E-07  1.885E-07  1.495E-07  1.194E-07  9.651E-08  7.913E-08
  294.5000  3.620E-06  3.035E-06  2.521E-06  2.076E-06  1.694E-06  1.373E-06  1.104E-06  8.832E-07  7.042E-07  5.609E-07  4.479E-07  3.597E-07  2.917E-07
  295.5000  1.647E-05  1.407E-05  1.192E-05  1.000E-05  8.326E-06  6.874E-06  5.629E-06  4.578E-06  3.700E-06  2.978E-06  2.392E-06  1.922E-06  1.550E-06
  296.5000  4.706E-05  4.084E-05  3.516E-05  3.002E-05  2.542E-05  2.135E-05  1.778E-05  1.470E-05  1.206E-05  9.836E-06  7.981E-06  6.455E-06  5.216E-06
  297.5000  1.390E-04  1.223E-04  1.069E-04  9.268E-05  7.973E-05  6.805E-05  5.762E-05  4.839E-05  4.033E-05  3.337E-05  2.743E-05  2.242E-05  1.825E-05
  298.5000  2.385E-04  2.125E-04  1.881E-04  1.652E-04  1.441E-04  1.248E-04  1.072E-04  9.136E-05  7.726E-05  6.484E-05  5.401E-05  4.469E-05  3.675E-05
  299.5000  7.506E-04  6.766E-04  6.061E-04  5.394E-04  4.768E-04  4.186E-04  3.648E-04  3.156E-04  2.709E-04  2.308E-04  1.951E-04  1.637E-04  1.364E-04
  300.5000  9.156E-04  8.328E-04  7.531E-04  6.769E-04  6.047E-04  5.367E-04  4.731E-04  4.141E-04  3.598E-04  3.103E-04  2.656E-04  2.256E-04  1.901E-04
  301.5000  2.420E-03  2.223E-03  2.031E-03  1.846E-03  1.668E-03  1.499E-03  1.338E-03  1.187E-03  1.045E-03  9.145E-04  7.942E-04  6.845E-04  5.855E-04
  302.5000  3.638E-03  3.364E-03  3.095E-03  2.833E-03  2.580E-03  2.337E-03  2.104E-03  1.883E-03  1.674E-03  1.479E-03  1.297E-03  1.129E-03  9.760E-04
  303.5000  7.751E-03  7.222E-03  6.699E-03  6.187E-03  5.686E-03  5.200E-03  4.730E-03  4.279E-03  3.848E-03  3.439E-03  3.054E-03  2.694E-03  2.359E-03
  304.5000  9.643E-03  9.025E-03  8.412E-03  7.808E-03  7.214E-03  6.635E-03  6.071E-03  5.527E-03  5.003E-03  4.503E-03  4.027E-03  3.579E-03  3.159E-03
  305.5000  1.543E-02  1.454E-02  1.365E-02  1.277E-02  1.189E-02  1.103E-02  1.019E-02  9.361E-03  8.561E-03  7.787E-03  7.044E-03  6.334E-03  5.660E-03
  306.5000  1.751E-02  1.655E-02  1.558E-02  1.462E-02  1.367E-02  1.272E-02  1.179E-02  1.088E-02  9.996E-03  9.135E-03  8.303E-03  7.504E-03  6.742E-03
  307.5000  2.961E-02  2.814E-02  2.666E-02  2.517E-02  2.368E-02  2.221E-02  2.074E-02  1.930E-02  1.788E-02  1.648E-02  1.513E-02  1.381E-02  1.254E-02
  308.5000  3.525E-02  3.357E-02  3.187E-02  3.017E-02  2.846E-02  2.676E-02  2.507E-02  2.339E-02  2.174E-02  2.012E-02  1.853E-02  1.698E-02  1.549E-02
  309.5000  3.452E-02  3.299E-02  3.145E-02  2.989E-02  2.833E-02  2.676E-02  2.520E-02  2.364E-02  2.210E-02  2.057E-02  1.907E-02  1.760E-02  1.617E-02
  310.5000  5.069E-02  4.858E-02  4.644E-02  4.427E-02  4.209E-02  3.990E-02  3.770E-02  3.551E-02  3.333E-02  3.116E-02  2.903E-02  2.692E-02  2.486E-02
  311.5000  6.857E-02  6.583E-02  6.305E-02  6.023E-02  5.738E-02  5.452E-02  5.164E-02  4.876E-02  4.589E-02  4.303E-02  4.020E-02  3.741E-02  3.466E-02
  312.5000  7.305E-02  7.036E-02  6.761E-02  6.482E-02  6.199E-02  5.913E-02  5.625E-02  5.336E-02  5.046E-02  4.757E-02  4.469E-02  4.184E-02  3.901E-02
  313.5000  8.467E-02  8.161E-02  7.848E-02  7.530E-02  7.208E-02  6.883E-02  6.554E-02  6.224E-02  5.893E-02  5.562E-02  5.232E-02  4.904E-02  4.580E-02
  314.5000  9.119E-02  8.813E-02  8.500E-02  8.181E-02  7.856E-02  7.528E-02  7.195E-02  6.859E-02  6.522E-02  6.183E-02  5.845E-02  5.507E-02  5.171E-02
  315.5000  9.545E-02  9.228E-02  8.905E-02  8.575E-02  8.239E-02  7.899E-02  7.555E-02  7.207E-02  6.857E-02  6.506E-02  6.154E-02  5.803E-02  5.454E-02
  316.5000  1.007E-01  9.756E-02  9.435E-02  9.107E-02  8.773E-02  8.433E-02  8.089E-02  7.740E-02  7.389E-02  7.035E-02  6.680E-02  6.324E-02  5.968E-02
  317.5000  1.426E-01  1.382E-01  1.336E-01  1.290E-01  1.243E-01  1.195E-01  1.146E-01  1.096E-01  1.047E-01  9.966E-02  9.463E-02  8.959E-02  8.455E-02
  318.5000  1.182E-01  1.148E-01  1.112E-01  1.076E-01  1.039E-01  1.001E-01  9.627E-02  9.239E-02  8.846E-02  8.450E-02  8.051E-02  7.650E-02  7.248E-02
  319.5000  1.458E-01  1.416E-01  1.373E-01  1.329E-01  1.283E-01  1.238E-01  1.191E-01  1.143E-01  1.095E-01  1.047E-01  9.981E-02  9.490E-02  8.999E-02
  320.5000  1.797E-01  1.746E-01  1.694E-01  1.640E-01  1.585E-01  1.529E-01  1.472E-01  1.415E-01  1.356E-01  1.297E-01  1.238E-01  1.178E-01  1.118E-01
  321.5000  1.599E-01  1.557E-01  1.513E-01  1.467E-01  1.421E-01  1.374E-01  1.326E-01  1.278E-01  1.228E-01  1.178E-01  1.128E-01  1.077E-01  1.026E-01
  322.5000  1.557E-01  1.513E-01  1.468E-01  1.422E-01  1.375E-01  1.328E-01  1.279E-01  1.230E-01  1.180E-01  1.129E-01  1.078E-01  1.027E-01  9.753E-02
  323.5000  1.696E-01  1.652E-01  1.607E-01  1.560E-01  1.512E-01  1.464E-01  1.414E-01  1.364E-01  1.313E-01  1.261E-01  1.209E-01  1.156E-01  1.103E-01
  324.5000  1.989E-01  1.937E-01  1.884E-01  1.829E-01  1.773E-01  1.716E-01  1.658E-01  1.599E-01  1.539E-01  1.478E-01  1.416E-01  1.354E-01  1.292E-01
  325.5000  2.216E-01  2.158E-01  2.098E-01  2.037E-01  1.974E-01  1.910E-01  1.844E-01  1.778E-01  1.710E-01  1.642E-01  1.573E-01  1.503E-01  1.433E-01
  326.5000  2.783E-01  2.713E-01  2.642E-01  2.569E-01  2.494E-01  2.418E-01  2.339E-01  2.260E-01  2.179E-01  2.097E-01  2.014E-01  1.930E-01  1.845E-01
  327.5000  2.565E-01  2.500E-01  2.433E-01  2.365E-01  2.295E-01  2.223E-01  2.150E-01  2.075E-01  2.000E-01  1.923E-01  1.845E-01  1.767E-01  1.688E-01
  328.5000  2.372E-01  2.312E-01  2.250E-01  2.187E-01  2.122E-01  2.056E-01  1.989E-01  1.920E-01  1.850E-01  1.779E-01  1.707E-01  1.635E-01  1.562E-01
  329.5000  3.158E-01  3.082E-01  3.003E-01  2.922E-01  2.839E-01  2.754E-01  2.668E-01  2.579E-01  2.490E-01  2.398E-01  2.306E-01  2.213E-01  2.118E-01
  330.5000  2.844E-01  2.774E-01  2.702E-01  2.628E-01  2.552E-01  2.475E-01  2.396E-01  2.315E-01  2.233E-01  2.150E-01  2.065E-01  1.980E-01  1.894E-01
  331.5000  2.808E-01  2.739E-01  2.667E-01  2.594E-01  2.519E-01  2.442E-01  2.364E-01  2.284E-01  2.203E-01  2.120E-01  2.037E-01  1.953E-01  1.867E-01
  332.5000  2.819E-01  2.751E-01  2.682E-01  2.611E-01  2.537E-01  2.463E-01  2.386E-01  2.308E-01  2.229E-01  2.148E-01  2.066E-01  1.984E-01  1.900E-01
  333.5000  2.631E-01  2.568E-01  2.502E-01  2.435E-01  2.365E-01  2.295E-01  2.223E-01  2.149E-01  2.074E-01  1.998E-01  1.921E-01  1.843E-01  1.764E-01
  334.5000  2.955E-01  2.884E-01  2.811E-01  2.735E-01  2.658E-01  2.580E-01  2.499E-01  2.417E-01  2.334E-01  2.249E-01  2.163E-01  2.076E-01  1.988E-01
  335.5000  3.023E-01  2.952E-01  2.878E-01  2.803E-01  2.725E-01  2.646E-01  2.564E-01  2.482E-01  2.397E-01  2.311E-01  2.225E-01  2.137E-01  2.048E-01
  336.5000  2.360E-01  2.304E-01  2.247E-01  2.187E-01  2.127E-01  2.064E-01  2.001E-01  1.936E-01  1.870E-01  1.803E-01  1.735E-01  1.666E-01  1.596E-01
  337.5000  2.578E-01  2.517E-01  2.453E-01  2.388E-01  2.321E-01  2.252E-01  2.182E-01  2.111E-01  2.038E-01  1.964E-01  1.889E-01  1.813E-01  1.737E-01
  338.5000  2.748E-01  2.684E-01  2.617E-01  2.549E-01  2.478E-01  2.406E-01  2.333E-01  2.258E-01  2.181E-01  2.103E-01  2.025E-01  1.945E-01  1.864E-01
  339.5000  2.994E-01  2.924E-01  2.852E-01  2.777E-01  2.701E-01  2.623E-01  2.543E-01  2.461E-01  2.378E-01  2.294E-01  2.208E-01  2.121E-01  2.033E-01
  340.5000  3.194E-01  3.119E-01  3.042E-01  2.962E-01  2.880E-01  2.796E-01  2.711E-01  2.623E-01  2.534E-01  2.444E-01  2.352E-01  2.259E-01  2.165E-01
  341.5000  2.853E-01  2.786E-01  2.717E-01  2.647E-01  2.574E-01  2.500E-01  2.424E-01  2.347E-01  2.268E-01  2.188E-01  2.106E-01  2.024E-01  1.940E-01
  342.5000  3.166E-01  3.092E-01  3.016E-01  2.938E-01  2.858E-01  2.776E-01  2.692E-01  2.606E-01  2.519E-01  2.430E-01  2.340E-01  2.248E-01  2.156E-01
  343.5000  3.287E-01  3.210E-01  3.131E-01  3.050E-01  2.967E-01  2.881E-01  2.794E-01  2.705E-01  2.614E-01  2.521E-01  2.428E-01  2.332E-01  2.236E-01
  344.5000  2.302E-01  2.248E-01  2.193E-01  2.136E-01  2.078E-01  2.018E-01  1.956E-01  1.894E-01  1.830E-01  1.765E-01  1.699E-01  1.633E-01  1.565E-01
  345.5000  3.171E-01  3.097E-01  3.022E-01  2.944E-01  2.864E-01  2.782E-01  2.698E-01  2.613E-01  2.526E-01  2.437E-01  2.347E-01  2.256E-01  2.163E-01
  346.5000  2.961E-01  2.893E-01  2.822E-01  2.749E-01  2.674E-01  2.597E-01  2.519E-01  2.439E-01  2.357E-01  2.274E-01  2.189E-01  2.104E-01  2.017E-01
  347.5000  2.897E-01  2.830E-01  2.761E-01  2.689E-01  2.616E-01  2.541E-01  2.465E-01  2.386E-01  2.307E-01  2.225E-01  2.143E-01  2.059E-01  1.975E-01
  348.5000  3.190E-01  3.116E-01  3.040E-01  2.962E-01  2.882E-01  2.799E-01  2.715E-01  2.629E-01  2.541E-01  2.452E-01  2.362E-01  2.270E-01  2.177E-01
  349.5000  2.675E-01  2.614E-01  2.550E-01  2.484E-01  2.417E-01  2.348E-01  2.278E-01  2.205E-01  2.132E-01  2.057E-01  1.981E-01  1.904E-01  1.826E-01
  350.5000  3.750E-01  3.663E-01  3.574E-01  3.483E-01  3.388E-01  3.292E-01  3.193E-01  3.092E-01  2.989E-01  2.885E-01  2.778E-01  2.670E-01  2.561E-01
  351.5000  3.234E-01  3.159E-01  3.083E-01  3.003E-01  2.922E-01  2.839E-01  2.754E-01  2.667E-01  2.578E-01  2.488E-01  2.396E-01  2.303E-01  2.209E-01
  352.5000  2.920E-01  2.853E-01  2.784E-01  2.712E-01  2.639E-01  2.564E-01  2.487E-01  2.409E-01  2.329E-01  2.248E-01  2.165E-01  2.081E-01  1.996E-01
  353.5000  3.520E-01  3.439E-01  3.356E-01  3.270E-01  3.182E-01  3.092E-01  2.999E-01  2.905E-01  2.809E-01  2.711E-01  2.611E-01  2.510E-01  2.408E-01
  354.5000  3.814E-01  3.727E-01  3.637E-01  3.544E-01  3.449E-01  3.351E-01  3.251E-01  3.149E-01  3.045E-01  2.939E-01  2.831E-01  2.722E-01  2.611E-01
  355.5000  3.568E-01  3.486E-01  3.402E-01  3.315E-01  3.226E-01  3.135E-01  3.042E-01  2.946E-01  2.849E-01  2.750E-01  2.649E-01  2.547E-01  2.443E-01
  356.5000  3.314E-01  3.238E-01  3.160E-01  3.080E-01  2.997E-01  2.912E-01  2.826E-01  2.737E-01  2.647E-01  2.555E-01  2.461E-01  2.367E-01  2.270E-01
  357.5000  2.820E-01  2.756E-01  2.689E-01  2.621E-01  2.551E-01  2.479E-01  2.405E-01  2.330E-01  2.253E-01  2.175E-01  2.095E-01  2.015E-01  1.933E-01
  358.5000  2.178E-01  2.129E-01  2.078E-01  2.025E-01  1.971E-01  1.915E-01  1.859E-01  1.800E-01  1.741E-01  1.681E-01  1.619E-01  1.557E-01  1.494E-01
  359.5000  3.669E-01  3.586E-01  3.500E-01  3.411E-01  3.320E-01  3.227E-01  3.131E-01  3.033E-01  2.934E-01  2.832E-01  2.729E-01  2.624E-01  2.518E-01
  360.5000  3.404E-01  3.327E-01  3.247E-01  3.165E-01  3.081E-01  2.994E-01  2.906E-01  2.815E-01  2.722E-01  2.628E-01  2.532E-01  2.435E-01  2.337E-01
  361.5000  3.072E-01  3.002E-01  2.930E-01  2.856E-01  2.780E-01  2.703E-01  2.623E-01  2.541E-01  2.458E-01  2.373E-01  2.286E-01  2.199E-01  2.110E-01
  362.5000  3.611E-01  3.529E-01  3.445E-01  3.358E-01  3.269E-01  3.177E-01  3.083E-01  2.987E-01  2.890E-01  2.790E-01  2.688E-01  2.585E-01  2.481E-01
  363.5000  3.215E-01  3.142E-01  3.067E-01  2.990E-01  2.910E-01  2.829E-01  2.746E-01  2.660E-01  2.573E-01  2.485E-01  2.394E-01  2.303E-01  2.210E-01
  364.5000  3.509E-01  3.430E-01  3.349E-01  3.264E-01  3.178E-01  3.089E-01  2.998E-01  2.905E-01  2.810E-01  2.713E-01  2.615E-01  2.515E-01  2.414E-01
  365.5000  4.280E-01  4.183E-01  4.084E-01  3.981E-01  3.876E-01  3.768E-01  3.657E-01  3.543E-01  3.428E-01  3.310E-01  3.190E-01  3.068E-01  2.945E-01
  366.5000  4.533E-01  4.431E-01  4.326E-01  4.217E-01  4.106E-01  3.992E-01  3.874E-01  3.754E-01  3.632E-01  3.507E-01  3.380E-01  3.251E-01  3.121E-01
  367.5000  4.308E-01  4.211E-01  4.111E-01  4.008E-01  3.902E-01  3.794E-01  3.683E-01  3.569E-01  3.453E-01  3.334E-01  3.214E-01  3.091E-01  2.967E-01
  368.5000  3.787E-01  3.703E-01  3.615E-01  3.524E-01  3.431E-01  3.336E-01  3.238E-01  3.138E-01  3.036E-01  2.932E-01  2.826E-01  2.719E-01  2.610E-01
  369.5000  4.547E-01  4.445E-01  4.340E-01  4.231E-01  4.120E-01  4.006E-01  3.889E-01  3.769E-01  3.646E-01  3.521E-01  3.394E-01  3.265E-01  3.134E-01
  370.5000  4.128E-01  4.036E-01  3.941E-01  3.842E-01  3.741E-01  3.638E-01  3.531E-01  3.423E-01  3.312E-01  3.198E-01  3.083E-01  2.966E-01  2.847E-01
  371.5000  4.728E-01  4.622E-01  4.513E-01  4.401E-01  4.285E-01  4.166E-01  4.045E-01  3.920E-01  3.793E-01  3.664E-01  3.532E-01  3.398E-01  3.262E-01
  372.5000  3.495E-01  3.417E-01  3.336E-01  3.253E-01  3.168E-01  3.081E-01  2.991E-01  2.899E-01  2.805E-01  2.709E-01  2.612E-01  2.513E-01  2.413E-01
  373.5000  3.161E-01  3.091E-01  3.018E-01  2.943E-01  2.866E-01  2.787E-01  2.706E-01  2.623E-01  2.538E-01  2.452E-01  2.364E-01  2.274E-01  2.183E-01
  374.5000  3.472E-01  3.395E-01  3.315E-01  3.233E-01  3.149E-01  3.062E-01  2.973E-01  2.882E-01  2.789E-01  2.694E-01  2.597E-01  2.499E-01  2.399E-01
  375.5000  3.921E-01  3.834E-01  3.744E-01  3.651E-01  3.556E-01  3.458E-01  3.357E-01  3.255E-01  3.150E-01  3.043E-01  2.934E-01  2.823E-01  2.710E-01
  376.5000  3.919E-01  3.832E-01  3.742E-01  3.649E-01  3.554E-01  3.456E-01  3.356E-01  3.254E-01  3.149E-01  3.042E-01  2.933E-01  2.822E-01  2.710E-01
  377.5000  4.670E-01  4.566E-01  4.460E-01  4.349E-01  4.236E-01  4.120E-01  4.000E-01  3.878E-01  3.754E-01  3.626E-01  3.497E-01  3.365E-01  3.231E-01
  378.5000  5.094E-01  4.981E-01  4.865E-01  4.745E-01  4.621E-01  4.494E-01  4.364E-01  4.231E-01  4.095E-01  3.957E-01  3.815E-01  3.672E-01  3.526E-01
  379.5000  3.772E-01  3.688E-01  3.602E-01  3.513E-01  3.422E-01  3.328E-01  3.232E-01  3.134E-01  3.033E-01  2.931E-01  2.826E-01  2.720E-01  2.612E-01
  380.5000  4.539E-01  4.439E-01  4.336E-01  4.229E-01  4.119E-01  4.007E-01  3.891E-01  3.773E-01  3.652E-01  3.528E-01  3.403E-01  3.275E-01  3.145E-01
  381.5000  4.269E-01  4.175E-01  4.077E-01  3.977E-01  3.874E-01  3.768E-01  3.660E-01  3.549E-01  3.435E-01  3.319E-01  3.201E-01  3.081E-01  2.959E-01
  382.5000  2.847E-01  2.784E-01  2.719E-01  2.653E-01  2.584E-01  2.513E-01  2.441E-01  2.367E-01  2.291E-01  2.214E-01  2.135E-01  2.055E-01  1.974E-01
  383.5000  2.502E-01  2.447E-01  2.390E-01  2.331E-01  2.271E-01  2.209E-01  2.146E-01  2.081E-01  2.014E-01  1.946E-01  1.877E-01  1.807E-01  1.736E-01
  384.5000  3.757E-01  3.674E-01  3.589E-01  3.501E-01  3.411E-01  3.318E-01  3.223E-01  3.125E-01  3.026E-01  2.924E-01  2.820E-01  2.715E-01  2.608E-01
  385.5000  3.720E-01  3.638E-01  3.554E-01  3.467E-01  3.378E-01  3.286E-01  3.192E-01  3.095E-01  2.997E-01  2.896E-01  2.793E-01  2.689E-01  2.583E-01
  386.5000  3.794E-01  3.711E-01  3.626E-01  3.537E-01  3.446E-01  3.353E-01  3.257E-01  3.158E-01  3.058E-01  2.955E-01  2.851E-01  2.744E-01  2.636E-01
  387.5000  3.529E-01  3.452E-01  3.372E-01  3.290E-01  3.205E-01  3.119E-01  3.029E-01  2.938E-01  2.845E-01  2.749E-01  2.652E-01  2.553E-01  2.453E-01
  388.5000  3.540E-01  3.463E-01  3.383E-01  3.300E-01  3.216E-01  3.129E-01  3.039E-01  2.948E-01  2.854E-01  2.759E-01  2.661E-01  2.562E-01  2.461E-01
  389.5000  4.467E-01  4.370E-01  4.269E-01  4.165E-01  4.059E-01  3.949E-01  3.836E-01  3.721E-01  3.603E-01  3.482E-01  3.360E-01  3.235E-01  3.108E-01
  390.5000  4.391E-01  4.296E-01  4.197E-01  4.095E-01  3.990E-01  3.882E-01  3.772E-01  3.658E-01  3.542E-01  3.424E-01  3.304E-01  3.181E-01  3.056E-01
  391.5000  5.214E-01  5.100E-01  4.983E-01  4.862E-01  4.738E-01  4.610E-01  4.479E-01  4.345E-01  4.207E-01  4.067E-01  3.924E-01  3.778E-01  3.630E-01
  392.5000  3.913E-01  3.828E-01  3.740E-01  3.649E-01  3.556E-01  3.460E-01  3.362E-01  3.261E-01  3.158E-01  3.053E-01  2.946E-01  2.837E-01  2.726E-01
  393.5000  1.702E-01  1.665E-01  1.627E-01  1.588E-01  1.547E-01  1.506E-01  1.463E-01  1.419E-01  1.374E-01  1.329E-01  1.282E-01  1.235E-01  1.186E-01
  394.5000  4.009E-01  3.922E-01  3.832E-01  3.740E-01  3.644E-01  3.547E-01  3.446E-01  3.343E-01  3.238E-01  3.130E-01  3.020E-01  2.909E-01  2.795E-01
  395.5000  5.162E-01  5.050E-01  4.935E-01  4.816E-01  4.693E-01  4.567E-01  4.438E-01  4.305E-01  4.170E-01  4.032E-01  3.890E-01  3.747E-01  3.601E-01
  396.5000  3.033E-01  2.967E-01  2.900E-01  2.830E-01  2.758E-01  2.684E-01  2.608E-01  2.530E-01  2.451E-01  2.370E-01  2.287E-01  2.202E-01  2.117E-01
  397.5000  3.502E-01  3.427E-01  3.349E-01  3.268E-01  3.185E-01  3.100E-01  3.012E-01  2.923E-01  2.831E-01  2.737E-01  2.642E-01  2.544E-01  2.445E-01
  398.5000  6.022E-01  5.892E-01  5.758E-01  5.620E-01  5.477E-01  5.331E-01  5.181E-01  5.027E-01  4.869E-01  4.708E-01  4.544E-01  4.377E-01  4.207E-01
  399.5000  6.268E-01  6.133E-01  5.994E-01  5.850E-01  5.702E-01  5.550E-01  5.393E-01  5.233E-01  5.069E-01  4.902E-01  4.731E-01  4.557E-01  4.380E-01
------------------------------------------------------------
Dose rates,W m-2
   1 = UV index (WMO, 1994; Webb et al., 2011)           
   2 = Previtamin-D3 (CIE 2006)                          
values at z =      0.025 km
Columns: time,sza,weighting spectra
time,hrs.  sza,deg.          1          2
   15.0000     59.044  2.736E+00  1.177E-01
   15.0833     59.636  2.623E+00  1.120E-01
   15.1667     60.246  2.510E+00  1.062E-01
   15.2500     60.873  2.397E+00  1.004E-01
   15.3333     61.516  2.283E+00  9.468E-02
   15.4167     62.175  2.170E+00  8.899E-02
   15.5000     62.851  2.057E+00  8.336E-02
   15.5833     63.541  1.945E+00  7.782E-02
   15.6667     64.246  1.835E+00  7.238E-02
   15.7500     64.966  1.726E+00  6.707E-02
   15.8333     65.699  1.620E+00  6.191E-02
   15.9167     66.445  1.515E+00  5.691E-02
   16.0000     67.204  1.413E+00  5.208E-02
------------------------------------------------------------
