Spectral Irradiance,W m-2 nm-1
values at z =      0.025 km
Columns: wavelength (nm),times (hrs.) or sza (deg.)
    wc,nm     15.000     15.083     15.167     15.250     15.333     15.417     15.500     15.583     15.667     15.750     15.833     15.917     16.000
    sza =      62.688     63.226     63.781     64.354     64.943     65.549     66.170     66.807     67.459     68.125     68.806     69.500     70.207
  280.5000  1.080E-25  1.000E-25  9.292E-26  8.659E-26  8.091E-26  7.577E-26  7.110E-26  6.683E-26  6.293E-26  5.933E-26  5.601E-26  5.293E-26  5.006E-26
  281.5000  2.506E-23  2.312E-23  2.141E-23  1.991E-23  1.856E-23  1.734E-23  1.624E-23  1.524E-23  1.433E-23  1.349E-23  1.271E-23  1.200E-23  1.133E-23
  282.5000  1.861E-21  1.710E-21  1.578E-21  1.463E-21  1.361E-21  1.269E-21  1.187E-21  1.111E-21  1.043E-21  9.803E-22  9.226E-22  8.694E-22  8.200E-22
  283.5000  2.771E-20  2.535E-20  2.334E-20  2.158E-20  2.004E-20  1.866E-20  1.742E-20  1.629E-20  1.527E-20  1.434E-20  1.348E-20  1.269E-20  1.196E-20
  284.5000  2.382E-18  2.155E-18  1.968E-18  1.808E-18  1.671E-18  1.549E-18  1.441E-18  1.344E-18  1.257E-18  1.177E-18  1.104E-18  1.036E-18  9.745E-19
  285.5000  4.116E-17  3.678E-17  3.326E-17  3.034E-17  2.788E-17  2.574E-17  2.387E-17  2.220E-17  2.069E-17  1.933E-17  1.809E-17  1.696E-17  1.591E-17
  286.5000  1.694E-15  1.494E-15  1.336E-15  1.209E-15  1.104E-15  1.014E-15  9.369E-16  8.687E-16  8.079E-16  7.531E-16  7.035E-16  6.581E-16  6.166E-16
  287.5000  4.025E-14  3.486E-14  3.068E-14  2.739E-14  2.473E-14  2.254E-14  2.069E-14  1.909E-14  1.769E-14  1.644E-14  1.531E-14  1.429E-14  1.335E-14
  288.5000  1.001E-12  8.477E-13  7.297E-13  6.382E-13  5.664E-13  5.090E-13  4.620E-13  4.226E-13  3.889E-13  3.594E-13  3.333E-13  3.099E-13  2.887E-13
  289.5000  1.799E-11  1.500E-11  1.269E-11  1.090E-11  9.514E-12  8.423E-12  7.551E-12  6.839E-12  6.244E-12  5.737E-12  5.295E-12  4.905E-12  4.555E-12
  290.5000  2.013E-10  1.662E-10  1.387E-10  1.173E-10  1.007E-10  8.771E-11  7.751E-11  6.936E-11  6.271E-11  5.717E-11  5.245E-11  4.835E-11  4.473E-11
  291.5000  2.111E-09  1.732E-09  1.430E-09  1.191E-09  1.003E-09  8.567E-10  7.420E-10  6.516E-10  5.797E-10  5.213E-10  4.731E-10  4.324E-10  3.974E-10
  292.5000  1.388E-08  1.140E-08  9.379E-09  7.749E-09  6.450E-09  5.422E-09  4.613E-09  3.977E-09  3.476E-09  3.077E-09  2.754E-09  2.490E-09  2.267E-09
  293.5000  1.054E-07  8.713E-08  7.187E-08  5.929E-08  4.904E-08  4.078E-08  3.419E-08  2.897E-08  2.483E-08  2.157E-08  1.897E-08  1.688E-08  1.517E-08
  294.5000  4.318E-07  3.601E-07  2.990E-07  2.476E-07  2.048E-07  1.697E-07  1.412E-07  1.183E-07  9.999E-08  8.546E-08  7.392E-08  6.473E-08  5.735E-08
  295.5000  2.486E-06  2.099E-06  1.763E-06  1.472E-06  1.225E-06  1.017E-06  8.446E-07  7.028E-07  5.874E-07  4.945E-07  4.202E-07  3.608E-07  3.135E-07
  296.5000  8.693E-06  7.439E-06  6.323E-06  5.340E-06  4.485E-06  3.750E-06  3.126E-06  2.602E-06  2.167E-06  1.810E-06  1.519E-06  1.285E-06  1.098E-06
  297.5000  3.082E-05  2.672E-05  2.300E-05  1.967E-05  1.670E-05  1.411E-05  1.185E-05  9.917E-06  8.277E-06  6.903E-06  5.764E-06  4.830E-06  4.071E-06
  298.5000  6.187E-05  5.429E-05  4.731E-05  4.093E-05  3.518E-05  3.003E-05  2.548E-05  2.150E-05  1.806E-05  1.511E-05  1.262E-05  1.055E-05  8.826E-06
  299.5000  2.264E-04  2.011E-04  1.774E-04  1.555E-04  1.353E-04  1.169E-04  1.004E-04  8.564E-05  7.261E-05  6.124E-05  5.143E-05  4.305E-05  3.598E-05
  300.5000  3.103E-04  2.783E-04  2.480E-04  2.196E-04  1.931E-04  1.687E-04  1.464E-04  1.261E-04  1.080E-04  9.186E-05  7.771E-05  6.541E-05  5.484E-05
  301.5000  9.323E-04  8.454E-04  7.621E-04  6.829E-04  6.080E-04  5.378E-04  4.726E-04  4.125E-04  3.576E-04  3.079E-04  2.633E-04  2.238E-04  1.892E-04
  302.5000  1.525E-03  1.393E-03  1.266E-03  1.143E-03  1.027E-03  9.162E-04  8.123E-04  7.155E-04  6.259E-04  5.438E-04  4.693E-04  4.022E-04  3.425E-04
  303.5000  3.594E-03  3.313E-03  3.038E-03  2.772E-03  2.515E-03  2.268E-03  2.034E-03  1.813E-03  1.605E-03  1.411E-03  1.232E-03  1.069E-03  9.206E-04
  304.5000  4.739E-03  4.391E-03  4.049E-03  3.716E-03  3.392E-03  3.079E-03  2.780E-03  2.494E-03  2.224E-03  1.970E-03  1.734E-03  1.515E-03  1.315E-03
  305.5000  8.276E-03  7.730E-03  7.189E-03  6.656E-03  6.134E-03  5.624E-03  5.130E-03  4.654E-03  4.198E-03  3.763E-03  3.353E-03  2.967E-03  2.607E-03
  306.5000  9.750E-03  9.137E-03  8.529E-03  7.927E-03  7.334E-03  6.754E-03  6.188E-03  5.641E-03  5.113E-03  4.608E-03  4.127E-03  3.673E-03  3.246E-03
  307.5000  1.772E-02  1.672E-02  1.572E-02  1.472E-02  1.373E-02  1.275E-02  1.179E-02  1.085E-02  9.936E-03  9.049E-03  8.196E-03  7.378E-03  6.601E-03
  308.5000  2.169E-02  2.052E-02  1.934E-02  1.817E-02  1.700E-02  1.584E-02  1.469E-02  1.357E-02  1.247E-02  1.141E-02  1.037E-02  9.382E-03  8.433E-03
  309.5000  2.228E-02  2.117E-02  2.006E-02  1.893E-02  1.781E-02  1.669E-02  1.558E-02  1.448E-02  1.340E-02  1.235E-02  1.132E-02  1.032E-02  9.355E-03
  310.5000  3.386E-02  3.228E-02  3.068E-02  2.907E-02  2.745E-02  2.583E-02  2.422E-02  2.262E-02  2.104E-02  1.948E-02  1.796E-02  1.647E-02  1.503E-02
  311.5000  4.685E-02  4.476E-02  4.263E-02  4.049E-02  3.834E-02  3.617E-02  3.402E-02  3.187E-02  2.974E-02  2.764E-02  2.557E-02  2.354E-02  2.157E-02
  312.5000  5.197E-02  4.984E-02  4.767E-02  4.547E-02  4.325E-02  4.102E-02  3.877E-02  3.653E-02  3.430E-02  3.208E-02  2.988E-02  2.771E-02  2.559E-02
  313.5000  6.082E-02  5.837E-02  5.589E-02  5.336E-02  5.081E-02  4.824E-02  4.566E-02  4.308E-02  4.050E-02  3.793E-02  3.539E-02  3.288E-02  3.041E-02
  314.5000  6.780E-02  6.529E-02  6.273E-02  6.012E-02  5.748E-02  5.481E-02  5.211E-02  4.940E-02  4.669E-02  4.397E-02  4.127E-02  3.858E-02  3.593E-02
  315.5000  7.138E-02  6.877E-02  6.611E-02  6.340E-02  6.066E-02  5.787E-02  5.507E-02  5.224E-02  4.941E-02  4.658E-02  4.376E-02  4.095E-02  3.817E-02
  316.5000  7.734E-02  7.471E-02  7.202E-02  6.927E-02  6.647E-02  6.364E-02  6.077E-02  5.787E-02  5.496E-02  5.203E-02  4.911E-02  4.619E-02  4.328E-02
  317.5000  1.096E-01  1.059E-01  1.020E-01  9.814E-02  9.418E-02  9.017E-02  8.610E-02  8.200E-02  7.787E-02  7.372E-02  6.958E-02  6.544E-02  6.132E-02
  318.5000  9.308E-02  9.013E-02  8.710E-02  8.400E-02  8.084E-02  7.763E-02  7.437E-02  7.108E-02  6.775E-02  6.441E-02  6.104E-02  5.768E-02  5.432E-02
  319.5000  1.154E-01  1.118E-01  1.081E-01  1.043E-01  1.004E-01  9.647E-02  9.248E-02  8.844E-02  8.436E-02  8.025E-02  7.612E-02  7.199E-02  6.785E-02
  320.5000  1.430E-01  1.386E-01  1.341E-01  1.295E-01  1.248E-01  1.200E-01  1.151E-01  1.101E-01  1.052E-01  1.001E-01  9.507E-02  9.000E-02  8.493E-02
  321.5000  1.301E-01  1.264E-01  1.226E-01  1.186E-01  1.146E-01  1.105E-01  1.063E-01  1.021E-01  9.781E-02  9.347E-02  8.910E-02  8.471E-02  8.030E-02
  322.5000  1.245E-01  1.208E-01  1.169E-01  1.129E-01  1.089E-01  1.048E-01  1.006E-01  9.634E-02  9.204E-02  8.771E-02  8.336E-02  7.898E-02  7.461E-02
  323.5000  1.394E-01  1.355E-01  1.316E-01  1.275E-01  1.233E-01  1.190E-01  1.147E-01  1.103E-01  1.058E-01  1.013E-01  9.672E-02  9.212E-02  8.750E-02
  324.5000  1.633E-01  1.588E-01  1.541E-01  1.493E-01  1.444E-01  1.394E-01  1.343E-01  1.291E-01  1.239E-01  1.185E-01  1.132E-01  1.078E-01  1.023E-01
  325.5000  1.814E-01  1.763E-01  1.710E-01  1.657E-01  1.602E-01  1.545E-01  1.488E-01  1.430E-01  1.371E-01  1.311E-01  1.251E-01  1.191E-01  1.130E-01
  326.5000  2.320E-01  2.259E-01  2.196E-01  2.131E-01  2.064E-01  1.996E-01  1.927E-01  1.857E-01  1.785E-01  1.713E-01  1.640E-01  1.566E-01  1.491E-01
  327.5000  2.126E-01  2.069E-01  2.010E-01  1.950E-01  1.888E-01  1.824E-01  1.760E-01  1.694E-01  1.627E-01  1.560E-01  1.491E-01  1.423E-01  1.353E-01
  328.5000  1.967E-01  1.914E-01  1.860E-01  1.804E-01  1.746E-01  1.688E-01  1.628E-01  1.567E-01  1.506E-01  1.443E-01  1.380E-01  1.317E-01  1.253E-01
  329.5000  2.655E-01  2.587E-01  2.517E-01  2.445E-01  2.371E-01  2.295E-01  2.218E-01  2.140E-01  2.060E-01  1.979E-01  1.897E-01  1.814E-01  1.731E-01
  330.5000  2.378E-01  2.316E-01  2.252E-01  2.186E-01  2.119E-01  2.050E-01  1.980E-01  1.908E-01  1.835E-01  1.762E-01  1.687E-01  1.612E-01  1.536E-01
  331.5000  2.346E-01  2.284E-01  2.221E-01  2.156E-01  2.089E-01  2.021E-01  1.951E-01  1.880E-01  1.808E-01  1.735E-01  1.661E-01  1.587E-01  1.512E-01
  332.5000  2.378E-01  2.318E-01  2.256E-01  2.192E-01  2.127E-01  2.060E-01  1.992E-01  1.922E-01  1.851E-01  1.779E-01  1.707E-01  1.633E-01  1.559E-01
  333.5000  2.211E-01  2.154E-01  2.096E-01  2.036E-01  1.974E-01  1.911E-01  1.847E-01  1.781E-01  1.714E-01  1.647E-01  1.578E-01  1.509E-01  1.439E-01
  334.5000  2.489E-01  2.425E-01  2.360E-01  2.293E-01  2.224E-01  2.154E-01  2.082E-01  2.008E-01  1.934E-01  1.858E-01  1.782E-01  1.704E-01  1.626E-01
  335.5000  2.559E-01  2.495E-01  2.429E-01  2.361E-01  2.292E-01  2.220E-01  2.148E-01  2.073E-01  1.998E-01  1.921E-01  1.844E-01  1.765E-01  1.686E-01
  336.5000  1.995E-01  1.945E-01  1.894E-01  1.841E-01  1.786E-01  1.730E-01  1.673E-01  1.615E-01  1.556E-01  1.496E-01  1.436E-01  1.374E-01  1.312E-01
  337.5000  2.173E-01  2.118E-01  2.061E-01  2.003E-01  1.943E-01  1.881E-01  1.819E-01  1.755E-01  1.690E-01  1.624E-01  1.557E-01  1.489E-01  1.421E-01
  338.5000  2.328E-01  2.270E-01  2.210E-01  2.149E-01  2.086E-01  2.021E-01  1.955E-01  1.888E-01  1.819E-01  1.750E-01  1.679E-01  1.608E-01  1.536E-01
  339.5000  2.538E-01  2.475E-01  2.410E-01  2.344E-01  2.275E-01  2.205E-01  2.133E-01  2.060E-01  1.985E-01  1.910E-01  1.833E-01  1.755E-01  1.677E-01
  340.5000  2.704E-01  2.636E-01  2.567E-01  2.495E-01  2.422E-01  2.347E-01  2.270E-01  2.191E-01  2.112E-01  2.030E-01  1.948E-01  1.865E-01  1.781E-01
  341.5000  2.421E-01  2.361E-01  2.299E-01  2.236E-01  2.171E-01  2.104E-01  2.036E-01  1.966E-01  1.896E-01  1.824E-01  1.751E-01  1.677E-01  1.602E-01
  342.5000  2.688E-01  2.622E-01  2.554E-01  2.484E-01  2.412E-01  2.338E-01  2.262E-01  2.185E-01  2.107E-01  2.027E-01  1.946E-01  1.864E-01  1.781E-01
  343.5000  2.789E-01  2.721E-01  2.650E-01  2.576E-01  2.501E-01  2.425E-01  2.346E-01  2.266E-01  2.184E-01  2.101E-01  2.017E-01  1.932E-01  1.846E-01
  344.5000  1.952E-01  1.904E-01  1.854E-01  1.803E-01  1.750E-01  1.696E-01  1.641E-01  1.585E-01  1.528E-01  1.470E-01  1.411E-01  1.351E-01  1.290E-01
  345.5000  2.696E-01  2.630E-01  2.562E-01  2.491E-01  2.419E-01  2.346E-01  2.270E-01  2.193E-01  2.115E-01  2.035E-01  1.954E-01  1.872E-01  1.790E-01
  346.5000  2.515E-01  2.453E-01  2.389E-01  2.323E-01  2.256E-01  2.187E-01  2.116E-01  2.044E-01  1.970E-01  1.896E-01  1.820E-01  1.743E-01  1.666E-01
  347.5000  2.461E-01  2.401E-01  2.338E-01  2.274E-01  2.208E-01  2.141E-01  2.072E-01  2.001E-01  1.929E-01  1.856E-01  1.782E-01  1.707E-01  1.631E-01
  348.5000  2.712E-01  2.645E-01  2.577E-01  2.506E-01  2.434E-01  2.360E-01  2.284E-01  2.206E-01  2.127E-01  2.047E-01  1.966E-01  1.883E-01  1.800E-01
  349.5000  2.275E-01  2.219E-01  2.162E-01  2.102E-01  2.042E-01  1.980E-01  1.916E-01  1.851E-01  1.785E-01  1.717E-01  1.649E-01  1.580E-01  1.510E-01
  350.5000  3.189E-01  3.111E-01  3.031E-01  2.948E-01  2.863E-01  2.776E-01  2.687E-01  2.596E-01  2.503E-01  2.409E-01  2.313E-01  2.216E-01  2.118E-01
  351.5000  2.750E-01  2.683E-01  2.614E-01  2.543E-01  2.469E-01  2.394E-01  2.317E-01  2.239E-01  2.159E-01  2.077E-01  1.995E-01  1.911E-01  1.827E-01
  352.5000  2.484E-01  2.424E-01  2.361E-01  2.297E-01  2.231E-01  2.163E-01  2.094E-01  2.023E-01  1.951E-01  1.877E-01  1.803E-01  1.727E-01  1.651E-01
  353.5000  2.996E-01  2.923E-01  2.848E-01  2.770E-01  2.691E-01  2.609E-01  2.526E-01  2.441E-01  2.354E-01  2.265E-01  2.176E-01  2.085E-01  1.993E-01
  354.5000  3.248E-01  3.169E-01  3.088E-01  3.004E-01  2.918E-01  2.830E-01  2.739E-01  2.647E-01  2.553E-01  2.457E-01  2.360E-01  2.261E-01  2.162E-01
  355.5000  3.039E-01  2.965E-01  2.889E-01  2.811E-01  2.730E-01  2.648E-01  2.563E-01  2.477E-01  2.389E-01  2.300E-01  2.209E-01  2.117E-01  2.023E-01
  356.5000  2.823E-01  2.755E-01  2.684E-01  2.611E-01  2.537E-01  2.460E-01  2.382E-01  2.302E-01  2.220E-01  2.137E-01  2.052E-01  1.967E-01  1.880E-01
  357.5000  2.403E-01  2.345E-01  2.285E-01  2.223E-01  2.159E-01  2.094E-01  2.028E-01  1.959E-01  1.890E-01  1.819E-01  1.747E-01  1.675E-01  1.601E-01
  358.5000  1.857E-01  1.812E-01  1.766E-01  1.718E-01  1.669E-01  1.619E-01  1.567E-01  1.515E-01  1.461E-01  1.406E-01  1.351E-01  1.295E-01  1.238E-01
  359.5000  3.128E-01  3.053E-01  2.975E-01  2.895E-01  2.812E-01  2.727E-01  2.641E-01  2.552E-01  2.462E-01  2.370E-01  2.277E-01  2.182E-01  2.086E-01
  360.5000  2.903E-01  2.833E-01  2.761E-01  2.686E-01  2.610E-01  2.531E-01  2.451E-01  2.369E-01  2.285E-01  2.200E-01  2.113E-01  2.025E-01  1.937E-01
  361.5000  2.620E-01  2.557E-01  2.492E-01  2.425E-01  2.356E-01  2.285E-01  2.213E-01  2.139E-01  2.063E-01  1.987E-01  1.908E-01  1.829E-01  1.749E-01
  362.5000  3.080E-01  3.006E-01  2.930E-01  2.851E-01  2.770E-01  2.687E-01  2.602E-01  2.515E-01  2.427E-01  2.336E-01  2.244E-01  2.151E-01  2.057E-01
  363.5000  2.743E-01  2.677E-01  2.609E-01  2.539E-01  2.467E-01  2.393E-01  2.318E-01  2.240E-01  2.161E-01  2.081E-01  1.999E-01  1.917E-01  1.833E-01
  364.5000  2.995E-01  2.923E-01  2.849E-01  2.773E-01  2.694E-01  2.614E-01  2.531E-01  2.447E-01  2.361E-01  2.273E-01  2.184E-01  2.093E-01  2.002E-01
  365.5000  3.653E-01  3.566E-01  3.475E-01  3.382E-01  3.287E-01  3.188E-01  3.088E-01  2.985E-01  2.880E-01  2.773E-01  2.664E-01  2.554E-01  2.442E-01
  366.5000  3.871E-01  3.778E-01  3.683E-01  3.584E-01  3.483E-01  3.379E-01  3.272E-01  3.163E-01  3.052E-01  2.939E-01  2.824E-01  2.707E-01  2.589E-01
  367.5000  3.679E-01  3.591E-01  3.501E-01  3.407E-01  3.311E-01  3.212E-01  3.111E-01  3.008E-01  2.902E-01  2.795E-01  2.685E-01  2.574E-01  2.462E-01
  368.5000  3.235E-01  3.158E-01  3.079E-01  2.996E-01  2.912E-01  2.825E-01  2.736E-01  2.646E-01  2.553E-01  2.458E-01  2.362E-01  2.265E-01  2.166E-01
  369.5000  3.885E-01  3.792E-01  3.697E-01  3.598E-01  3.497E-01  3.393E-01  3.286E-01  3.177E-01  3.066E-01  2.953E-01  2.837E-01  2.720E-01  2.602E-01
  370.5000  3.528E-01  3.444E-01  3.358E-01  3.268E-01  3.176E-01  3.082E-01  2.985E-01  2.886E-01  2.785E-01  2.682E-01  2.578E-01  2.472E-01  2.364E-01
  371.5000  4.041E-01  3.945E-01  3.846E-01  3.744E-01  3.638E-01  3.530E-01  3.420E-01  3.307E-01  3.191E-01  3.073E-01  2.954E-01  2.832E-01  2.709E-01
  372.5000  2.988E-01  2.917E-01  2.844E-01  2.768E-01  2.691E-01  2.611E-01  2.529E-01  2.446E-01  2.360E-01  2.273E-01  2.185E-01  2.095E-01  2.004E-01
  373.5000  2.703E-01  2.639E-01  2.573E-01  2.505E-01  2.435E-01  2.363E-01  2.289E-01  2.213E-01  2.136E-01  2.057E-01  1.977E-01  1.896E-01  1.814E-01
  374.5000  2.970E-01  2.900E-01  2.827E-01  2.752E-01  2.675E-01  2.596E-01  2.515E-01  2.432E-01  2.347E-01  2.261E-01  2.173E-01  2.084E-01  1.993E-01
  375.5000  3.354E-01  3.275E-01  3.193E-01  3.109E-01  3.022E-01  2.932E-01  2.841E-01  2.747E-01  2.652E-01  2.554E-01  2.455E-01  2.354E-01  2.252E-01
  376.5000  3.353E-01  3.274E-01  3.192E-01  3.108E-01  3.021E-01  2.932E-01  2.840E-01  2.747E-01  2.651E-01  2.554E-01  2.455E-01  2.354E-01  2.252E-01
  377.5000  3.997E-01  3.902E-01  3.805E-01  3.705E-01  3.601E-01  3.495E-01  3.386E-01  3.275E-01  3.161E-01  3.045E-01  2.927E-01  2.807E-01  2.686E-01
  378.5000  4.360E-01  4.258E-01  4.151E-01  4.042E-01  3.929E-01  3.814E-01  3.695E-01  3.574E-01  3.450E-01  3.323E-01  3.195E-01  3.064E-01  2.931E-01
  379.5000  3.229E-01  3.153E-01  3.075E-01  2.994E-01  2.910E-01  2.825E-01  2.737E-01  2.647E-01  2.555E-01  2.462E-01  2.367E-01  2.270E-01  2.172E-01
  380.5000  3.887E-01  3.796E-01  3.702E-01  3.604E-01  3.504E-01  3.401E-01  3.296E-01  3.188E-01  3.077E-01  2.965E-01  2.850E-01  2.734E-01  2.616E-01
  381.5000  3.656E-01  3.570E-01  3.482E-01  3.390E-01  3.296E-01  3.200E-01  3.100E-01  2.999E-01  2.895E-01  2.789E-01  2.682E-01  2.572E-01  2.461E-01
  382.5000  2.439E-01  2.382E-01  2.322E-01  2.262E-01  2.199E-01  2.134E-01  2.068E-01  2.001E-01  1.932E-01  1.861E-01  1.789E-01  1.716E-01  1.642E-01
  383.5000  2.143E-01  2.093E-01  2.041E-01  1.988E-01  1.933E-01  1.876E-01  1.818E-01  1.759E-01  1.698E-01  1.636E-01  1.573E-01  1.509E-01  1.444E-01
  384.5000  3.220E-01  3.145E-01  3.067E-01  2.987E-01  2.904E-01  2.819E-01  2.732E-01  2.643E-01  2.552E-01  2.459E-01  2.364E-01  2.268E-01  2.170E-01
  385.5000  3.189E-01  3.114E-01  3.037E-01  2.958E-01  2.876E-01  2.792E-01  2.706E-01  2.618E-01  2.528E-01  2.436E-01  2.342E-01  2.247E-01  2.150E-01
  386.5000  3.253E-01  3.177E-01  3.099E-01  3.018E-01  2.935E-01  2.849E-01  2.762E-01  2.672E-01  2.580E-01  2.486E-01  2.390E-01  2.293E-01  2.195E-01
  387.5000  3.026E-01  2.956E-01  2.883E-01  2.808E-01  2.730E-01  2.651E-01  2.569E-01  2.486E-01  2.400E-01  2.313E-01  2.224E-01  2.134E-01  2.043E-01
  388.5000  3.036E-01  2.965E-01  2.893E-01  2.817E-01  2.740E-01  2.660E-01  2.578E-01  2.494E-01  2.409E-01  2.321E-01  2.232E-01  2.142E-01  2.050E-01
  389.5000  3.832E-01  3.743E-01  3.651E-01  3.556E-01  3.459E-01  3.358E-01  3.255E-01  3.149E-01  3.041E-01  2.931E-01  2.819E-01  2.705E-01  2.589E-01
  390.5000  3.768E-01  3.680E-01  3.590E-01  3.497E-01  3.401E-01  3.302E-01  3.201E-01  3.097E-01  2.991E-01  2.883E-01  2.772E-01  2.660E-01  2.546E-01
  391.5000  4.474E-01  4.371E-01  4.263E-01  4.153E-01  4.039E-01  3.922E-01  3.802E-01  3.679E-01  3.553E-01  3.424E-01  3.294E-01  3.160E-01  3.025E-01
  392.5000  3.358E-01  3.281E-01  3.200E-01  3.118E-01  3.032E-01  2.944E-01  2.854E-01  2.762E-01  2.668E-01  2.571E-01  2.473E-01  2.373E-01  2.272E-01
  393.5000  1.461E-01  1.428E-01  1.393E-01  1.357E-01  1.320E-01  1.282E-01  1.242E-01  1.202E-01  1.161E-01  1.119E-01  1.077E-01  1.033E-01  9.891E-02
  394.5000  3.442E-01  3.363E-01  3.281E-01  3.196E-01  3.109E-01  3.019E-01  2.927E-01  2.832E-01  2.736E-01  2.637E-01  2.537E-01  2.435E-01  2.331E-01
  395.5000  4.433E-01  4.331E-01  4.225E-01  4.116E-01  4.004E-01  3.889E-01  3.770E-01  3.649E-01  3.524E-01  3.397E-01  3.268E-01  3.137E-01  3.003E-01
  396.5000  2.605E-01  2.545E-01  2.483E-01  2.419E-01  2.354E-01  2.286E-01  2.216E-01  2.145E-01  2.072E-01  1.997E-01  1.921E-01  1.844E-01  1.766E-01
  397.5000  3.009E-01  2.940E-01  2.868E-01  2.795E-01  2.719E-01  2.640E-01  2.560E-01  2.478E-01  2.394E-01  2.308E-01  2.220E-01  2.131E-01  2.040E-01
  398.5000  5.175E-01  5.056E-01  4.933E-01  4.807E-01  4.676E-01  4.542E-01  4.404E-01  4.262E-01  4.118E-01  3.970E-01  3.819E-01  3.666E-01  3.510E-01
  399.5000  5.387E-01  5.264E-01  5.136E-01  5.004E-01  4.868E-01  4.729E-01  4.585E-01  4.438E-01  4.288E-01  4.134E-01  3.977E-01  3.818E-01  3.656E-01
------------------------------------------------------------
Dose rates,W m-2
   1 = UV index (WMO, 1994; Webb et al., 2011)           
   2 = Previtamin-D3 (CIE 2006)                          
values at z =      0.025 km
Columns: time,sza,weighting spectra
time,hrs.  sza,deg.          1          2
   15.0000     62.688  1.879E+00  7.231E-02
   15.0833     63.226  1.801E+00  6.850E-02
   15.1667     63.781  1.722E+00  6.470E-02
   15.2500     64.354  1.642E+00  6.091E-02
   15.3333     64.943  1.563E+00  5.715E-02
   15.4167     65.549  1.483E+00  5.343E-02
   15.5000     66.170  1.405E+00  4.978E-02
   15.5833     66.807  1.326E+00  4.620E-02
   15.6667     67.459  1.249E+00  4.271E-02
   15.7500     68.125  1.173E+00  3.932E-02
   15.8333     68.806  1.099E+00  3.604E-02
   15.9167     69.500  1.026E+00  3.288E-02
   16.0000     70.207  9.547E-01  2.986E-02
------------------------------------------------------------
