Spectral Irradiance,W m-2 nm-1
values at z =      0.025 km
Columns: wavelength (nm),times (hrs.) or sza (deg.)
    wc,nm     15.000     15.083     15.167     15.250     15.333     15.417     15.500     15.583     15.667     15.750     15.833     15.917     16.000
    sza =      62.661     63.191     63.738     64.303     64.885     65.484     66.098     66.728     67.373     68.033     68.707     69.394     70.095
  280.5000  6.086E-24  5.622E-24  5.214E-24  4.851E-24  4.526E-24  4.233E-24  3.967E-24  3.725E-24  3.503E-24  3.299E-24  3.111E-24  2.937E-24  2.775E-24
  281.5000  9.840E-22  9.048E-22  8.361E-22  7.757E-22  7.220E-22  6.737E-22  6.301E-22  5.905E-22  5.543E-22  5.212E-22  4.907E-22  4.626E-22  4.364E-22
  282.5000  5.370E-20  4.910E-20  4.518E-20  4.177E-20  3.877E-20  3.609E-20  3.369E-20  3.151E-20  2.953E-20  2.772E-20  2.606E-20  2.453E-20  2.311E-20
  283.5000  6.556E-19  5.962E-19  5.465E-19  5.038E-19  4.666E-19  4.335E-19  4.040E-19  3.774E-19  3.532E-19  3.311E-19  3.109E-19  2.923E-19  2.751E-19
  284.5000  3.939E-17  3.533E-17  3.204E-17  2.930E-17  2.696E-17  2.493E-17  2.314E-17  2.154E-17  2.010E-17  1.880E-17  1.760E-17  1.651E-17  1.550E-17
  285.5000  5.247E-16  4.638E-16  4.155E-16  3.764E-16  3.439E-16  3.162E-16  2.923E-16  2.711E-16  2.522E-16  2.352E-16  2.198E-16  2.057E-16  1.928E-16
  286.5000  1.773E-14  1.545E-14  1.367E-14  1.225E-14  1.110E-14  1.014E-14  9.329E-15  8.622E-15  7.997E-15  7.439E-15  6.936E-15  6.478E-15  6.060E-15
  287.5000  3.393E-13  2.901E-13  2.522E-13  2.225E-13  1.990E-13  1.800E-13  1.642E-13  1.507E-13  1.391E-13  1.289E-13  1.198E-13  1.116E-13  1.041E-13
  288.5000  6.662E-12  5.586E-12  4.751E-12  4.104E-12  3.598E-12  3.198E-12  2.876E-12  2.612E-12  2.390E-12  2.199E-12  2.033E-12  1.885E-12  1.752E-12
  289.5000  1.008E-10  8.353E-11  7.000E-11  5.946E-11  5.124E-11  4.480E-11  3.971E-11  3.562E-11  3.227E-11  2.947E-11  2.707E-11  2.498E-11  2.313E-11
  290.5000  9.718E-10  8.006E-10  6.644E-10  5.569E-10  4.728E-10  4.068E-10  3.551E-10  3.141E-10  2.811E-10  2.542E-10  2.317E-10  2.125E-10  1.958E-10
  291.5000  8.556E-09  7.042E-09  5.811E-09  4.820E-09  4.031E-09  3.408E-09  2.917E-09  2.530E-09  2.224E-09  1.978E-09  1.779E-09  1.614E-09  1.474E-09
  292.5000  4.849E-08  4.009E-08  3.311E-08  2.737E-08  2.272E-08  1.899E-08  1.601E-08  1.365E-08  1.178E-08  1.030E-08  9.120E-09  8.161E-09  7.372E-09
  293.5000  3.186E-07  2.657E-07  2.208E-07  1.830E-07  1.517E-07  1.260E-07  1.052E-07  8.845E-08  7.508E-08  6.445E-08  5.599E-08  4.924E-08  4.378E-08
  294.5000  1.162E-06  9.792E-07  8.204E-07  6.843E-07  5.692E-07  4.729E-07  3.934E-07  3.285E-07  2.759E-07  2.336E-07  1.999E-07  1.730E-07  1.514E-07
  295.5000  5.897E-06  5.035E-06  4.270E-06  3.600E-06  3.020E-06  2.523E-06  2.104E-06  1.753E-06  1.463E-06  1.226E-06  1.034E-06  8.795E-07  7.556E-07
  296.5000  1.854E-05  1.604E-05  1.377E-05  1.175E-05  9.961E-06  8.398E-06  7.048E-06  5.896E-06  4.924E-06  4.113E-06  3.443E-06  2.896E-06  2.453E-06
  297.5000  5.982E-05  5.238E-05  4.555E-05  3.934E-05  3.375E-05  2.876E-05  2.437E-05  2.054E-05  1.725E-05  1.444E-05  1.207E-05  1.010E-05  8.481E-06
  298.5000  1.108E-04  9.817E-05  8.636E-05  7.545E-05  6.548E-05  5.643E-05  4.832E-05  4.113E-05  3.481E-05  2.932E-05  2.460E-05  2.060E-05  1.724E-05
  299.5000  3.757E-04  3.366E-04  2.996E-04  2.649E-04  2.327E-04  2.030E-04  1.759E-04  1.514E-04  1.295E-04  1.101E-04  9.310E-05  7.837E-05  6.574E-05
  300.5000  4.857E-04  4.390E-04  3.944E-04  3.522E-04  3.124E-04  2.753E-04  2.411E-04  2.096E-04  1.810E-04  1.554E-04  1.325E-04  1.123E-04  9.472E-05
  301.5000  1.369E-03  1.250E-03  1.135E-03  1.025E-03  9.194E-04  8.200E-04  7.266E-04  6.397E-04  5.594E-04  4.858E-04  4.191E-04  3.592E-04  3.059E-04
  302.5000  2.147E-03  1.974E-03  1.805E-03  1.642E-03  1.485E-03  1.335E-03  1.193E-03  1.060E-03  9.347E-04  8.191E-04  7.128E-04  6.161E-04  5.289E-04
  303.5000  4.813E-03  4.461E-03  4.116E-03  3.778E-03  3.450E-03  3.133E-03  2.829E-03  2.540E-03  2.266E-03  2.009E-03  1.769E-03  1.547E-03  1.343E-03
  304.5000  6.167E-03  5.744E-03  5.325E-03  4.914E-03  4.513E-03  4.123E-03  3.746E-03  3.385E-03  3.040E-03  2.714E-03  2.407E-03  2.120E-03  1.854E-03
  305.5000  1.032E-02  9.682E-03  9.046E-03  8.416E-03  7.796E-03  7.187E-03  6.594E-03  6.018E-03  5.463E-03  4.930E-03  4.423E-03  3.943E-03  3.491E-03
  306.5000  1.194E-02  1.123E-02  1.053E-02  9.831E-03  9.140E-03  8.460E-03  7.794E-03  7.144E-03  6.515E-03  5.908E-03  5.327E-03  4.773E-03  4.250E-03
  307.5000  2.095E-02  1.983E-02  1.871E-02  1.759E-02  1.648E-02  1.537E-02  1.428E-02  1.320E-02  1.215E-02  1.113E-02  1.014E-02  9.181E-03  8.267E-03
  308.5000  2.530E-02  2.401E-02  2.271E-02  2.140E-02  2.010E-02  1.881E-02  1.752E-02  1.626E-02  1.502E-02  1.380E-02  1.262E-02  1.148E-02  1.038E-02
  309.5000  2.539E-02  2.420E-02  2.299E-02  2.177E-02  2.054E-02  1.932E-02  1.810E-02  1.690E-02  1.571E-02  1.453E-02  1.338E-02  1.227E-02  1.118E-02
  310.5000  3.795E-02  3.627E-02  3.456E-02  3.284E-02  3.110E-02  2.936E-02  2.763E-02  2.589E-02  2.418E-02  2.248E-02  2.081E-02  1.917E-02  1.758E-02
  311.5000  5.194E-02  4.974E-02  4.749E-02  4.522E-02  4.294E-02  4.063E-02  3.833E-02  3.603E-02  3.374E-02  3.147E-02  2.923E-02  2.703E-02  2.487E-02
  312.5000  5.652E-02  5.430E-02  5.205E-02  4.976E-02  4.744E-02  4.510E-02  4.274E-02  4.038E-02  3.803E-02  3.568E-02  3.335E-02  3.104E-02  2.877E-02
  313.5000  6.583E-02  6.330E-02  6.073E-02  5.811E-02  5.545E-02  5.277E-02  5.008E-02  4.737E-02  4.466E-02  4.195E-02  3.927E-02  3.661E-02  3.398E-02
  314.5000  7.219E-02  6.963E-02  6.700E-02  6.433E-02  6.162E-02  5.887E-02  5.609E-02  5.329E-02  5.048E-02  4.767E-02  4.486E-02  4.206E-02  3.929E-02
  315.5000  7.579E-02  7.313E-02  7.041E-02  6.764E-02  6.483E-02  6.197E-02  5.909E-02  5.618E-02  5.326E-02  5.033E-02  4.740E-02  4.449E-02  4.159E-02
  316.5000  8.108E-02  7.842E-02  7.569E-02  7.291E-02  7.007E-02  6.719E-02  6.427E-02  6.132E-02  5.834E-02  5.535E-02  5.235E-02  4.935E-02  4.637E-02
  317.5000  1.149E-01  1.111E-01  1.072E-01  1.033E-01  9.927E-02  9.518E-02  9.105E-02  8.687E-02  8.265E-02  7.841E-02  7.416E-02  6.992E-02  6.568E-02
  318.5000  9.643E-02  9.346E-02  9.042E-02  8.731E-02  8.413E-02  8.090E-02  7.761E-02  7.428E-02  7.092E-02  6.753E-02  6.412E-02  6.070E-02  5.728E-02
  319.5000  1.192E-01  1.156E-01  1.119E-01  1.081E-01  1.042E-01  1.003E-01  9.626E-02  9.218E-02  8.806E-02  8.391E-02  7.973E-02  7.554E-02  7.134E-02
  320.5000  1.474E-01  1.430E-01  1.385E-01  1.339E-01  1.291E-01  1.243E-01  1.194E-01  1.144E-01  1.094E-01  1.043E-01  9.923E-02  9.410E-02  8.896E-02
  321.5000  1.327E-01  1.290E-01  1.252E-01  1.213E-01  1.173E-01  1.132E-01  1.090E-01  1.048E-01  1.005E-01  9.614E-02  9.176E-02  8.735E-02  8.292E-02
  322.5000  1.281E-01  1.243E-01  1.204E-01  1.165E-01  1.124E-01  1.083E-01  1.041E-01  9.981E-02  9.549E-02  9.113E-02  8.673E-02  8.232E-02  7.789E-02
  323.5000  1.415E-01  1.376E-01  1.337E-01  1.297E-01  1.255E-01  1.213E-01  1.169E-01  1.125E-01  1.081E-01  1.036E-01  9.901E-02  9.441E-02  8.978E-02
  324.5000  1.658E-01  1.613E-01  1.567E-01  1.519E-01  1.471E-01  1.421E-01  1.370E-01  1.318E-01  1.266E-01  1.213E-01  1.159E-01  1.105E-01  1.051E-01
  325.5000  1.845E-01  1.794E-01  1.742E-01  1.689E-01  1.634E-01  1.578E-01  1.521E-01  1.463E-01  1.404E-01  1.344E-01  1.284E-01  1.224E-01  1.163E-01
  326.5000  2.339E-01  2.278E-01  2.216E-01  2.152E-01  2.086E-01  2.019E-01  1.950E-01  1.880E-01  1.809E-01  1.737E-01  1.664E-01  1.591E-01  1.517E-01
  327.5000  2.150E-01  2.093E-01  2.035E-01  1.975E-01  1.913E-01  1.850E-01  1.786E-01  1.721E-01  1.655E-01  1.587E-01  1.519E-01  1.451E-01  1.382E-01
  328.5000  1.989E-01  1.936E-01  1.882E-01  1.827E-01  1.770E-01  1.712E-01  1.653E-01  1.592E-01  1.531E-01  1.469E-01  1.406E-01  1.342E-01  1.279E-01
  329.5000  2.667E-01  2.599E-01  2.530E-01  2.459E-01  2.386E-01  2.311E-01  2.235E-01  2.157E-01  2.078E-01  1.998E-01  1.916E-01  1.834E-01  1.751E-01
  330.5000  2.395E-01  2.334E-01  2.271E-01  2.205E-01  2.139E-01  2.070E-01  2.001E-01  1.930E-01  1.857E-01  1.784E-01  1.710E-01  1.635E-01  1.560E-01
  331.5000  2.364E-01  2.303E-01  2.240E-01  2.176E-01  2.110E-01  2.042E-01  1.973E-01  1.903E-01  1.831E-01  1.759E-01  1.685E-01  1.611E-01  1.536E-01
  332.5000  2.385E-01  2.326E-01  2.264E-01  2.202E-01  2.137E-01  2.071E-01  2.003E-01  1.934E-01  1.864E-01  1.793E-01  1.721E-01  1.648E-01  1.574E-01
  333.5000  2.222E-01  2.166E-01  2.108E-01  2.049E-01  1.988E-01  1.925E-01  1.862E-01  1.797E-01  1.731E-01  1.664E-01  1.596E-01  1.527E-01  1.458E-01
  334.5000  2.498E-01  2.436E-01  2.371E-01  2.305E-01  2.237E-01  2.167E-01  2.096E-01  2.024E-01  1.950E-01  1.875E-01  1.799E-01  1.722E-01  1.645E-01
  335.5000  2.563E-01  2.500E-01  2.435E-01  2.368E-01  2.299E-01  2.229E-01  2.157E-01  2.084E-01  2.009E-01  1.933E-01  1.856E-01  1.779E-01  1.700E-01
  336.5000  2.000E-01  1.950E-01  1.900E-01  1.847E-01  1.793E-01  1.738E-01  1.682E-01  1.625E-01  1.566E-01  1.507E-01  1.446E-01  1.386E-01  1.324E-01
  337.5000  2.181E-01  2.127E-01  2.071E-01  2.013E-01  1.954E-01  1.893E-01  1.831E-01  1.768E-01  1.704E-01  1.638E-01  1.572E-01  1.505E-01  1.437E-01
  338.5000  2.331E-01  2.274E-01  2.215E-01  2.155E-01  2.092E-01  2.029E-01  1.963E-01  1.897E-01  1.829E-01  1.760E-01  1.690E-01  1.620E-01  1.548E-01
  339.5000  2.541E-01  2.479E-01  2.415E-01  2.349E-01  2.282E-01  2.212E-01  2.141E-01  2.069E-01  1.995E-01  1.920E-01  1.844E-01  1.767E-01  1.690E-01
  340.5000  2.709E-01  2.643E-01  2.574E-01  2.504E-01  2.431E-01  2.357E-01  2.281E-01  2.203E-01  2.124E-01  2.044E-01  1.962E-01  1.880E-01  1.797E-01
  341.5000  2.423E-01  2.364E-01  2.303E-01  2.241E-01  2.176E-01  2.111E-01  2.043E-01  1.974E-01  1.904E-01  1.833E-01  1.761E-01  1.688E-01  1.614E-01
  342.5000  2.690E-01  2.625E-01  2.558E-01  2.488E-01  2.417E-01  2.344E-01  2.269E-01  2.193E-01  2.116E-01  2.037E-01  1.957E-01  1.875E-01  1.793E-01
  343.5000  2.792E-01  2.724E-01  2.654E-01  2.582E-01  2.508E-01  2.432E-01  2.355E-01  2.275E-01  2.195E-01  2.113E-01  2.029E-01  1.945E-01  1.860E-01
  344.5000  1.955E-01  1.908E-01  1.858E-01  1.808E-01  1.756E-01  1.703E-01  1.648E-01  1.593E-01  1.536E-01  1.478E-01  1.420E-01  1.360E-01  1.301E-01
  345.5000  2.696E-01  2.631E-01  2.564E-01  2.495E-01  2.424E-01  2.351E-01  2.277E-01  2.201E-01  2.123E-01  2.044E-01  1.964E-01  1.883E-01  1.801E-01
  346.5000  2.517E-01  2.456E-01  2.393E-01  2.329E-01  2.262E-01  2.194E-01  2.124E-01  2.053E-01  1.980E-01  1.906E-01  1.831E-01  1.755E-01  1.678E-01
  347.5000  2.463E-01  2.404E-01  2.342E-01  2.279E-01  2.214E-01  2.147E-01  2.079E-01  2.009E-01  1.938E-01  1.866E-01  1.792E-01  1.718E-01  1.643E-01
  348.5000  2.713E-01  2.648E-01  2.580E-01  2.511E-01  2.439E-01  2.366E-01  2.291E-01  2.215E-01  2.136E-01  2.057E-01  1.976E-01  1.895E-01  1.812E-01
  349.5000  2.276E-01  2.221E-01  2.165E-01  2.106E-01  2.047E-01  1.985E-01  1.922E-01  1.858E-01  1.792E-01  1.726E-01  1.658E-01  1.590E-01  1.520E-01
  350.5000  3.191E-01  3.114E-01  3.035E-01  2.954E-01  2.870E-01  2.784E-01  2.696E-01  2.606E-01  2.514E-01  2.421E-01  2.326E-01  2.230E-01  2.133E-01
  351.5000  2.752E-01  2.686E-01  2.618E-01  2.547E-01  2.475E-01  2.401E-01  2.325E-01  2.247E-01  2.168E-01  2.088E-01  2.006E-01  1.923E-01  1.839E-01
  352.5000  2.486E-01  2.426E-01  2.365E-01  2.301E-01  2.236E-01  2.169E-01  2.101E-01  2.031E-01  1.959E-01  1.886E-01  1.813E-01  1.738E-01  1.662E-01
  353.5000  2.997E-01  2.926E-01  2.851E-01  2.775E-01  2.697E-01  2.616E-01  2.534E-01  2.449E-01  2.363E-01  2.276E-01  2.187E-01  2.097E-01  2.006E-01
  354.5000  3.249E-01  3.171E-01  3.091E-01  3.009E-01  2.924E-01  2.837E-01  2.747E-01  2.656E-01  2.563E-01  2.468E-01  2.372E-01  2.274E-01  2.176E-01
  355.5000  3.040E-01  2.967E-01  2.892E-01  2.815E-01  2.736E-01  2.654E-01  2.571E-01  2.486E-01  2.399E-01  2.310E-01  2.220E-01  2.129E-01  2.036E-01
  356.5000  2.824E-01  2.757E-01  2.687E-01  2.615E-01  2.542E-01  2.466E-01  2.389E-01  2.310E-01  2.229E-01  2.147E-01  2.063E-01  1.978E-01  1.892E-01
  357.5000  2.404E-01  2.346E-01  2.287E-01  2.226E-01  2.164E-01  2.099E-01  2.034E-01  1.966E-01  1.898E-01  1.828E-01  1.756E-01  1.684E-01  1.611E-01
  358.5000  1.857E-01  1.813E-01  1.768E-01  1.721E-01  1.672E-01  1.623E-01  1.572E-01  1.520E-01  1.467E-01  1.413E-01  1.358E-01  1.302E-01  1.246E-01
  359.5000  3.129E-01  3.055E-01  2.978E-01  2.899E-01  2.818E-01  2.734E-01  2.648E-01  2.561E-01  2.472E-01  2.381E-01  2.288E-01  2.194E-01  2.099E-01
  360.5000  2.903E-01  2.835E-01  2.764E-01  2.690E-01  2.615E-01  2.537E-01  2.458E-01  2.377E-01  2.294E-01  2.210E-01  2.124E-01  2.037E-01  1.949E-01
  361.5000  2.621E-01  2.559E-01  2.495E-01  2.429E-01  2.361E-01  2.291E-01  2.219E-01  2.146E-01  2.071E-01  1.995E-01  1.918E-01  1.839E-01  1.760E-01
  362.5000  3.081E-01  3.008E-01  2.933E-01  2.855E-01  2.776E-01  2.694E-01  2.610E-01  2.524E-01  2.436E-01  2.347E-01  2.256E-01  2.163E-01  2.070E-01
  363.5000  2.744E-01  2.679E-01  2.612E-01  2.543E-01  2.472E-01  2.399E-01  2.324E-01  2.248E-01  2.170E-01  2.090E-01  2.009E-01  1.927E-01  1.844E-01
  364.5000  2.996E-01  2.925E-01  2.852E-01  2.777E-01  2.700E-01  2.620E-01  2.538E-01  2.455E-01  2.370E-01  2.283E-01  2.195E-01  2.105E-01  2.014E-01
  365.5000  3.654E-01  3.568E-01  3.479E-01  3.387E-01  3.293E-01  3.196E-01  3.097E-01  2.995E-01  2.891E-01  2.785E-01  2.678E-01  2.568E-01  2.458E-01
  366.5000  3.871E-01  3.780E-01  3.686E-01  3.589E-01  3.489E-01  3.387E-01  3.281E-01  3.174E-01  3.064E-01  2.952E-01  2.838E-01  2.722E-01  2.605E-01
  367.5000  3.680E-01  3.593E-01  3.504E-01  3.412E-01  3.317E-01  3.220E-01  3.120E-01  3.018E-01  2.913E-01  2.807E-01  2.699E-01  2.589E-01  2.477E-01
  368.5000  3.236E-01  3.160E-01  3.082E-01  3.001E-01  2.917E-01  2.832E-01  2.744E-01  2.654E-01  2.562E-01  2.469E-01  2.374E-01  2.277E-01  2.179E-01
  369.5000  3.886E-01  3.795E-01  3.700E-01  3.603E-01  3.503E-01  3.401E-01  3.295E-01  3.188E-01  3.078E-01  2.966E-01  2.851E-01  2.735E-01  2.618E-01
  370.5000  3.529E-01  3.446E-01  3.361E-01  3.273E-01  3.182E-01  3.089E-01  2.993E-01  2.896E-01  2.796E-01  2.694E-01  2.590E-01  2.485E-01  2.379E-01
  371.5000  4.042E-01  3.947E-01  3.850E-01  3.749E-01  3.645E-01  3.539E-01  3.429E-01  3.317E-01  3.203E-01  3.087E-01  2.968E-01  2.848E-01  2.725E-01
  372.5000  2.988E-01  2.919E-01  2.847E-01  2.772E-01  2.696E-01  2.617E-01  2.536E-01  2.453E-01  2.369E-01  2.283E-01  2.195E-01  2.106E-01  2.016E-01
  373.5000  2.704E-01  2.641E-01  2.576E-01  2.508E-01  2.439E-01  2.368E-01  2.295E-01  2.220E-01  2.144E-01  2.066E-01  1.987E-01  1.906E-01  1.825E-01
  374.5000  2.970E-01  2.901E-01  2.830E-01  2.756E-01  2.680E-01  2.602E-01  2.522E-01  2.440E-01  2.356E-01  2.271E-01  2.184E-01  2.095E-01  2.006E-01
  375.5000  3.355E-01  3.277E-01  3.196E-01  3.113E-01  3.027E-01  2.939E-01  2.849E-01  2.756E-01  2.662E-01  2.565E-01  2.467E-01  2.367E-01  2.266E-01
  376.5000  3.353E-01  3.276E-01  3.195E-01  3.112E-01  3.026E-01  2.938E-01  2.848E-01  2.756E-01  2.661E-01  2.565E-01  2.467E-01  2.367E-01  2.266E-01
  377.5000  3.997E-01  3.905E-01  3.809E-01  3.710E-01  3.608E-01  3.503E-01  3.396E-01  3.286E-01  3.173E-01  3.058E-01  2.942E-01  2.823E-01  2.702E-01
  378.5000  4.361E-01  4.260E-01  4.155E-01  4.048E-01  3.937E-01  3.822E-01  3.705E-01  3.585E-01  3.463E-01  3.338E-01  3.210E-01  3.081E-01  2.949E-01
  379.5000  3.230E-01  3.155E-01  3.078E-01  2.998E-01  2.916E-01  2.831E-01  2.745E-01  2.656E-01  2.565E-01  2.473E-01  2.378E-01  2.282E-01  2.185E-01
  380.5000  3.888E-01  3.798E-01  3.705E-01  3.609E-01  3.510E-01  3.409E-01  3.305E-01  3.198E-01  3.089E-01  2.977E-01  2.864E-01  2.749E-01  2.632E-01
  381.5000  3.657E-01  3.572E-01  3.485E-01  3.395E-01  3.302E-01  3.207E-01  3.109E-01  3.009E-01  2.906E-01  2.801E-01  2.695E-01  2.586E-01  2.476E-01
  382.5000  2.439E-01  2.383E-01  2.325E-01  2.265E-01  2.203E-01  2.139E-01  2.074E-01  2.007E-01  1.939E-01  1.869E-01  1.798E-01  1.726E-01  1.652E-01
  383.5000  2.144E-01  2.094E-01  2.043E-01  1.991E-01  1.936E-01  1.881E-01  1.823E-01  1.765E-01  1.705E-01  1.643E-01  1.581E-01  1.517E-01  1.453E-01
  384.5000  3.220E-01  3.146E-01  3.070E-01  2.991E-01  2.909E-01  2.825E-01  2.739E-01  2.651E-01  2.561E-01  2.469E-01  2.376E-01  2.280E-01  2.184E-01
  385.5000  3.189E-01  3.116E-01  3.040E-01  2.962E-01  2.881E-01  2.798E-01  2.713E-01  2.626E-01  2.537E-01  2.446E-01  2.353E-01  2.259E-01  2.163E-01
  386.5000  3.254E-01  3.179E-01  3.102E-01  3.022E-01  2.940E-01  2.856E-01  2.769E-01  2.680E-01  2.589E-01  2.497E-01  2.402E-01  2.306E-01  2.208E-01
  387.5000  3.027E-01  2.957E-01  2.886E-01  2.812E-01  2.735E-01  2.657E-01  2.576E-01  2.494E-01  2.409E-01  2.323E-01  2.235E-01  2.146E-01  2.055E-01
  388.5000  3.037E-01  2.967E-01  2.895E-01  2.821E-01  2.745E-01  2.666E-01  2.585E-01  2.502E-01  2.418E-01  2.331E-01  2.243E-01  2.154E-01  2.063E-01
  389.5000  3.833E-01  3.745E-01  3.655E-01  3.561E-01  3.465E-01  3.366E-01  3.264E-01  3.159E-01  3.053E-01  2.944E-01  2.833E-01  2.720E-01  2.605E-01
  390.5000  3.768E-01  3.682E-01  3.593E-01  3.502E-01  3.407E-01  3.309E-01  3.209E-01  3.107E-01  3.002E-01  2.895E-01  2.786E-01  2.675E-01  2.562E-01
  391.5000  4.475E-01  4.373E-01  4.267E-01  4.159E-01  4.046E-01  3.931E-01  3.812E-01  3.690E-01  3.566E-01  3.439E-01  3.309E-01  3.178E-01  3.044E-01
  392.5000  3.359E-01  3.283E-01  3.203E-01  3.122E-01  3.038E-01  2.951E-01  2.862E-01  2.771E-01  2.677E-01  2.582E-01  2.485E-01  2.386E-01  2.286E-01
  393.5000  1.462E-01  1.429E-01  1.394E-01  1.359E-01  1.322E-01  1.284E-01  1.246E-01  1.206E-01  1.166E-01  1.124E-01  1.082E-01  1.039E-01  9.952E-02
  394.5000  3.443E-01  3.365E-01  3.284E-01  3.200E-01  3.114E-01  3.026E-01  2.935E-01  2.841E-01  2.746E-01  2.648E-01  2.549E-01  2.448E-01  2.345E-01
  395.5000  4.434E-01  4.333E-01  4.229E-01  4.122E-01  4.011E-01  3.897E-01  3.780E-01  3.660E-01  3.537E-01  3.412E-01  3.284E-01  3.154E-01  3.021E-01
  396.5000  2.606E-01  2.547E-01  2.486E-01  2.423E-01  2.358E-01  2.291E-01  2.222E-01  2.152E-01  2.079E-01  2.006E-01  1.931E-01  1.854E-01  1.776E-01
  397.5000  3.010E-01  2.942E-01  2.871E-01  2.798E-01  2.723E-01  2.646E-01  2.567E-01  2.486E-01  2.402E-01  2.317E-01  2.231E-01  2.142E-01  2.053E-01
  398.5000  5.176E-01  5.059E-01  4.938E-01  4.813E-01  4.684E-01  4.552E-01  4.415E-01  4.276E-01  4.133E-01  3.987E-01  3.838E-01  3.686E-01  3.532E-01
  399.5000  5.388E-01  5.267E-01  5.141E-01  5.011E-01  4.877E-01  4.739E-01  4.597E-01  4.452E-01  4.303E-01  4.151E-01  3.996E-01  3.839E-01  3.678E-01
------------------------------------------------------------
Dose rates,W m-2
   1 = UV index (WMO, 1994; Webb et al., 2011)           
   2 = Previtamin-D3 (CIE 2006)                          
values at z =      0.025 km
Columns: time,sza,weighting spectra
time,hrs.  sza,deg.          1          2
   15.0000     62.661  2.069E+00  8.412E-02
   15.0833     63.191  1.983E+00  7.984E-02
   15.1667     63.738  1.896E+00  7.555E-02
   15.2500     64.303  1.809E+00  7.127E-02
   15.3333     64.885  1.722E+00  6.701E-02
   15.4167     65.484  1.635E+00  6.279E-02
   15.5000     66.098  1.548E+00  5.863E-02
   15.5833     66.728  1.463E+00  5.455E-02
   15.6667     67.373  1.378E+00  5.055E-02
   15.7500     68.033  1.294E+00  4.666E-02
   15.8333     68.707  1.212E+00  4.288E-02
   15.9167     69.394  1.132E+00  3.924E-02
   16.0000     70.095  1.054E+00  3.574E-02
------------------------------------------------------------
