Spectral Irradiance,W m-2 nm-1
values at z =      0.025 km
Columns: wavelength (nm),times (hrs.) or sza (deg.)
    wc,nm     15.000     15.083     15.167     15.250     15.333     15.417     15.500     15.583     15.667     15.750     15.833     15.917     16.000
    sza =      60.968     61.496     62.042     62.607     63.188     63.788     64.403     65.034     65.681     66.342     67.018     67.709     68.413
  280.5000  8.428E-24  7.487E-24  6.743E-24  6.134E-24  5.620E-24  5.177E-24  4.790E-24  4.447E-24  4.142E-24  3.868E-24  3.620E-24  3.395E-24  3.189E-24
  281.5000  1.406E-21  1.232E-21  1.099E-21  9.924E-22  9.045E-22  8.300E-22  7.655E-22  7.090E-22  6.588E-22  6.139E-22  5.734E-22  5.367E-22  5.034E-22
  282.5000  7.964E-20  6.872E-20  6.055E-20  5.420E-20  4.909E-20  4.483E-20  4.120E-20  3.805E-20  3.527E-20  3.280E-20  3.058E-20  2.857E-20  2.675E-20
  283.5000  1.003E-18  8.547E-19  7.454E-19  6.620E-19  5.961E-19  5.421E-19  4.967E-19  4.577E-19  4.234E-19  3.931E-19  3.659E-19  3.415E-19  3.193E-19
  284.5000  6.465E-17  5.371E-17  4.575E-17  3.984E-17  3.533E-17  3.176E-17  2.885E-17  2.642E-17  2.432E-17  2.249E-17  2.086E-17  1.941E-17  1.810E-17
  285.5000  9.155E-16  7.459E-16  6.224E-16  5.317E-16  4.637E-16  4.115E-16  3.701E-16  3.364E-16  3.080E-16  2.836E-16  2.622E-16  2.432E-16  2.262E-16
  286.5000  3.247E-14  2.610E-14  2.143E-14  1.800E-14  1.545E-14  1.352E-14  1.203E-14  1.084E-14  9.862E-15  9.037E-15  8.325E-15  7.700E-15  7.144E-15
  287.5000  6.515E-13  5.182E-13  4.187E-13  3.449E-13  2.901E-13  2.491E-13  2.180E-13  1.938E-13  1.744E-13  1.586E-13  1.452E-13  1.337E-13  1.236E-13
  288.5000  1.323E-11  1.049E-11  8.382E-12  6.787E-12  5.586E-12  4.684E-12  4.005E-12  3.487E-12  3.085E-12  2.766E-12  2.506E-12  2.288E-12  2.101E-12
  289.5000  2.016E-10  1.603E-10  1.279E-10  1.028E-10  8.354E-11  6.892E-11  5.785E-11  4.945E-11  4.300E-11  3.799E-11  3.401E-11  3.076E-11  2.805E-11
  290.5000  1.928E-09  1.544E-09  1.235E-09  9.913E-10  8.007E-10  6.534E-10  5.406E-10  4.544E-10  3.885E-10  3.378E-10  2.981E-10  2.666E-10  2.408E-10
  291.5000  1.653E-08  1.340E-08  1.082E-08  8.726E-09  7.044E-09  5.710E-09  4.668E-09  3.859E-09  3.234E-09  2.753E-09  2.381E-09  2.090E-09  1.859E-09
  292.5000  9.047E-08  7.437E-08  6.076E-08  4.942E-08  4.010E-08  3.253E-08  2.648E-08  2.169E-08  1.794E-08  1.501E-08  1.274E-08  1.098E-08  9.597E-09
  293.5000  5.691E-07  4.751E-07  3.938E-07  3.243E-07  2.658E-07  2.171E-07  1.771E-07  1.447E-07  1.187E-07  9.816E-08  8.197E-08  6.930E-08  5.939E-08
  294.5000  1.994E-06  1.688E-06  1.418E-06  1.182E-06  9.793E-07  8.070E-07  6.626E-07  5.431E-07  4.453E-07  3.663E-07  3.031E-07  2.530E-07  2.135E-07
  295.5000  9.638E-06  8.289E-06  7.073E-06  5.989E-06  5.035E-06  4.205E-06  3.492E-06  2.886E-06  2.379E-06  1.958E-06  1.614E-06  1.335E-06  1.112E-06
  296.5000  2.900E-05  2.529E-05  2.189E-05  1.881E-05  1.604E-05  1.358E-05  1.142E-05  9.543E-06  7.935E-06  6.572E-06  5.432E-06  4.487E-06  3.715E-06
  297.5000  8.975E-05  7.930E-05  6.957E-05  6.059E-05  5.238E-05  4.495E-05  3.831E-05  3.242E-05  2.727E-05  2.280E-05  1.898E-05  1.574E-05  1.304E-05
  298.5000  1.603E-04  1.433E-04  1.272E-04  1.121E-04  9.816E-05  8.531E-05  7.362E-05  6.308E-05  5.368E-05  4.538E-05  3.814E-05  3.188E-05  2.654E-05
  299.5000  5.245E-04  4.739E-04  4.256E-04  3.797E-04  3.366E-04  2.963E-04  2.590E-04  2.249E-04  1.939E-04  1.660E-04  1.411E-04  1.192E-04  1.001E-04
  300.5000  6.592E-04  6.008E-04  5.444E-04  4.903E-04  4.389E-04  3.904E-04  3.449E-04  3.027E-04  2.638E-04  2.283E-04  1.962E-04  1.675E-04  1.420E-04
  301.5000  1.800E-03  1.657E-03  1.516E-03  1.380E-03  1.249E-03  1.124E-03  1.005E-03  8.934E-04  7.887E-04  6.915E-04  6.021E-04  5.206E-04  4.470E-04
  302.5000  2.767E-03  2.562E-03  2.361E-03  2.164E-03  1.973E-03  1.789E-03  1.613E-03  1.446E-03  1.288E-03  1.139E-03  1.001E-03  8.739E-04  7.573E-04
  303.5000  6.050E-03  5.644E-03  5.243E-03  4.847E-03  4.460E-03  4.083E-03  3.718E-03  3.367E-03  3.032E-03  2.713E-03  2.413E-03  2.131E-03  1.869E-03
  304.5000  7.640E-03  7.160E-03  6.681E-03  6.208E-03  5.742E-03  5.286E-03  4.842E-03  4.411E-03  3.997E-03  3.601E-03  3.225E-03  2.869E-03  2.536E-03
  305.5000  1.251E-02  1.180E-02  1.109E-02  1.038E-02  9.679E-03  8.985E-03  8.304E-03  7.638E-03  6.990E-03  6.363E-03  5.761E-03  5.185E-03  4.637E-03
  306.5000  1.433E-02  1.356E-02  1.278E-02  1.200E-02  1.123E-02  1.046E-02  9.706E-03  8.963E-03  8.238E-03  7.534E-03  6.853E-03  6.198E-03  5.573E-03
  307.5000  2.470E-02  2.349E-02  2.228E-02  2.105E-02  1.983E-02  1.860E-02  1.739E-02  1.619E-02  1.501E-02  1.385E-02  1.272E-02  1.162E-02  1.056E-02
  308.5000  2.961E-02  2.823E-02  2.683E-02  2.542E-02  2.400E-02  2.258E-02  2.117E-02  1.976E-02  1.838E-02  1.702E-02  1.568E-02  1.438E-02  1.312E-02
  309.5000  2.936E-02  2.809E-02  2.680E-02  2.550E-02  2.419E-02  2.286E-02  2.154E-02  2.023E-02  1.892E-02  1.762E-02  1.635E-02  1.509E-02  1.387E-02
  310.5000  4.351E-02  4.174E-02  3.993E-02  3.810E-02  3.626E-02  3.439E-02  3.252E-02  3.065E-02  2.879E-02  2.693E-02  2.510E-02  2.329E-02  2.152E-02
  311.5000  5.920E-02  5.689E-02  5.454E-02  5.214E-02  4.972E-02  4.727E-02  4.480E-02  4.233E-02  3.987E-02  3.741E-02  3.497E-02  3.256E-02  3.018E-02
  312.5000  6.375E-02  6.145E-02  5.910E-02  5.671E-02  5.428E-02  5.182E-02  4.933E-02  4.683E-02  4.431E-02  4.180E-02  3.929E-02  3.680E-02  3.433E-02
  313.5000  7.407E-02  7.146E-02  6.878E-02  6.605E-02  6.328E-02  6.046E-02  5.762E-02  5.475E-02  5.187E-02  4.899E-02  4.611E-02  4.325E-02  4.041E-02
  314.5000  8.050E-02  7.787E-02  7.517E-02  7.241E-02  6.960E-02  6.673E-02  6.383E-02  6.090E-02  5.794E-02  5.497E-02  5.199E-02  4.902E-02  4.605E-02
  315.5000  8.439E-02  8.167E-02  7.887E-02  7.601E-02  7.310E-02  7.013E-02  6.712E-02  6.408E-02  6.101E-02  5.792E-02  5.483E-02  5.173E-02  4.864E-02
  316.5000  8.966E-02  8.695E-02  8.416E-02  8.130E-02  7.838E-02  7.540E-02  7.238E-02  6.931E-02  6.621E-02  6.308E-02  5.994E-02  5.678E-02  5.362E-02
  317.5000  1.270E-01  1.232E-01  1.192E-01  1.152E-01  1.110E-01  1.068E-01  1.025E-01  9.819E-02  9.380E-02  8.937E-02  8.491E-02  8.044E-02  7.596E-02
  318.5000  1.060E-01  1.029E-01  9.985E-02  9.667E-02  9.342E-02  9.010E-02  8.672E-02  8.328E-02  7.980E-02  7.627E-02  7.272E-02  6.915E-02  6.556E-02
  319.5000  1.309E-01  1.272E-01  1.234E-01  1.195E-01  1.156E-01  1.115E-01  1.074E-01  1.032E-01  9.893E-02  9.462E-02  9.027E-02  8.589E-02  8.150E-02
  320.5000  1.615E-01  1.571E-01  1.525E-01  1.478E-01  1.430E-01  1.380E-01  1.330E-01  1.279E-01  1.227E-01  1.174E-01  1.121E-01  1.068E-01  1.014E-01
  321.5000  1.446E-01  1.408E-01  1.370E-01  1.330E-01  1.289E-01  1.248E-01  1.205E-01  1.162E-01  1.118E-01  1.073E-01  1.028E-01  9.821E-02  9.361E-02
  322.5000  1.401E-01  1.363E-01  1.324E-01  1.284E-01  1.242E-01  1.200E-01  1.157E-01  1.113E-01  1.069E-01  1.024E-01  9.780E-02  9.321E-02  8.859E-02
  323.5000  1.537E-01  1.499E-01  1.459E-01  1.418E-01  1.376E-01  1.333E-01  1.289E-01  1.244E-01  1.198E-01  1.152E-01  1.105E-01  1.057E-01  1.009E-01
  324.5000  1.802E-01  1.757E-01  1.710E-01  1.662E-01  1.613E-01  1.562E-01  1.510E-01  1.457E-01  1.404E-01  1.349E-01  1.294E-01  1.238E-01  1.182E-01
  325.5000  2.007E-01  1.956E-01  1.903E-01  1.849E-01  1.794E-01  1.737E-01  1.678E-01  1.619E-01  1.559E-01  1.498E-01  1.436E-01  1.373E-01  1.310E-01
  326.5000  2.532E-01  2.471E-01  2.409E-01  2.344E-01  2.277E-01  2.209E-01  2.139E-01  2.068E-01  1.996E-01  1.922E-01  1.847E-01  1.772E-01  1.695E-01
  327.5000  2.331E-01  2.274E-01  2.215E-01  2.154E-01  2.092E-01  2.028E-01  1.963E-01  1.897E-01  1.829E-01  1.760E-01  1.690E-01  1.619E-01  1.548E-01
  328.5000  2.156E-01  2.103E-01  2.049E-01  1.993E-01  1.935E-01  1.876E-01  1.816E-01  1.755E-01  1.692E-01  1.628E-01  1.564E-01  1.498E-01  1.432E-01
  329.5000  2.881E-01  2.813E-01  2.744E-01  2.672E-01  2.598E-01  2.523E-01  2.445E-01  2.366E-01  2.285E-01  2.203E-01  2.120E-01  2.036E-01  1.951E-01
  330.5000  2.591E-01  2.529E-01  2.466E-01  2.400E-01  2.333E-01  2.264E-01  2.193E-01  2.121E-01  2.047E-01  1.972E-01  1.896E-01  1.819E-01  1.741E-01
  331.5000  2.557E-01  2.496E-01  2.433E-01  2.368E-01  2.302E-01  2.233E-01  2.163E-01  2.092E-01  2.019E-01  1.945E-01  1.870E-01  1.793E-01  1.716E-01
  332.5000  2.574E-01  2.514E-01  2.453E-01  2.390E-01  2.324E-01  2.258E-01  2.189E-01  2.119E-01  2.048E-01  1.975E-01  1.902E-01  1.827E-01  1.751E-01
  333.5000  2.400E-01  2.344E-01  2.286E-01  2.226E-01  2.165E-01  2.102E-01  2.037E-01  1.971E-01  1.904E-01  1.835E-01  1.766E-01  1.695E-01  1.624E-01
  334.5000  2.697E-01  2.634E-01  2.570E-01  2.503E-01  2.435E-01  2.364E-01  2.292E-01  2.218E-01  2.143E-01  2.067E-01  1.989E-01  1.911E-01  1.831E-01
  335.5000  2.763E-01  2.700E-01  2.635E-01  2.568E-01  2.499E-01  2.428E-01  2.355E-01  2.281E-01  2.205E-01  2.127E-01  2.049E-01  1.969E-01  1.889E-01
  336.5000  2.157E-01  2.107E-01  2.056E-01  2.004E-01  1.950E-01  1.894E-01  1.837E-01  1.779E-01  1.719E-01  1.659E-01  1.597E-01  1.535E-01  1.472E-01
  337.5000  2.354E-01  2.300E-01  2.244E-01  2.186E-01  2.126E-01  2.065E-01  2.002E-01  1.938E-01  1.872E-01  1.806E-01  1.738E-01  1.669E-01  1.600E-01
  338.5000  2.513E-01  2.456E-01  2.397E-01  2.336E-01  2.273E-01  2.209E-01  2.143E-01  2.075E-01  2.007E-01  1.936E-01  1.865E-01  1.793E-01  1.720E-01
  339.5000  2.738E-01  2.676E-01  2.612E-01  2.546E-01  2.478E-01  2.408E-01  2.336E-01  2.263E-01  2.188E-01  2.112E-01  2.035E-01  1.956E-01  1.876E-01
  340.5000  2.920E-01  2.854E-01  2.785E-01  2.714E-01  2.641E-01  2.566E-01  2.490E-01  2.411E-01  2.331E-01  2.249E-01  2.166E-01  2.082E-01  1.997E-01
  341.5000  2.610E-01  2.551E-01  2.490E-01  2.427E-01  2.363E-01  2.296E-01  2.228E-01  2.159E-01  2.088E-01  2.015E-01  1.942E-01  1.867E-01  1.791E-01
  342.5000  2.897E-01  2.832E-01  2.765E-01  2.695E-01  2.624E-01  2.550E-01  2.475E-01  2.398E-01  2.319E-01  2.239E-01  2.157E-01  2.074E-01  1.990E-01
  343.5000  3.007E-01  2.940E-01  2.870E-01  2.797E-01  2.723E-01  2.647E-01  2.568E-01  2.488E-01  2.406E-01  2.323E-01  2.238E-01  2.152E-01  2.064E-01
  344.5000  2.106E-01  2.059E-01  2.010E-01  1.959E-01  1.907E-01  1.853E-01  1.798E-01  1.742E-01  1.684E-01  1.626E-01  1.566E-01  1.506E-01  1.444E-01
  345.5000  2.903E-01  2.838E-01  2.771E-01  2.702E-01  2.630E-01  2.557E-01  2.482E-01  2.405E-01  2.326E-01  2.246E-01  2.165E-01  2.082E-01  1.998E-01
  346.5000  2.710E-01  2.650E-01  2.587E-01  2.522E-01  2.455E-01  2.386E-01  2.316E-01  2.244E-01  2.170E-01  2.095E-01  2.019E-01  1.941E-01  1.862E-01
  347.5000  2.652E-01  2.593E-01  2.531E-01  2.468E-01  2.403E-01  2.335E-01  2.266E-01  2.196E-01  2.124E-01  2.051E-01  1.976E-01  1.900E-01  1.823E-01
  348.5000  2.921E-01  2.855E-01  2.788E-01  2.718E-01  2.647E-01  2.573E-01  2.497E-01  2.420E-01  2.341E-01  2.260E-01  2.178E-01  2.095E-01  2.010E-01
  349.5000  2.450E-01  2.395E-01  2.339E-01  2.280E-01  2.220E-01  2.158E-01  2.095E-01  2.030E-01  1.964E-01  1.896E-01  1.827E-01  1.758E-01  1.687E-01
  350.5000  3.434E-01  3.358E-01  3.279E-01  3.197E-01  3.113E-01  3.026E-01  2.938E-01  2.847E-01  2.754E-01  2.659E-01  2.563E-01  2.465E-01  2.366E-01
  351.5000  2.962E-01  2.896E-01  2.828E-01  2.757E-01  2.685E-01  2.610E-01  2.534E-01  2.455E-01  2.375E-01  2.294E-01  2.211E-01  2.126E-01  2.040E-01
  352.5000  2.675E-01  2.615E-01  2.554E-01  2.490E-01  2.425E-01  2.358E-01  2.289E-01  2.218E-01  2.146E-01  2.072E-01  1.997E-01  1.921E-01  1.844E-01
  353.5000  3.225E-01  3.153E-01  3.079E-01  3.003E-01  2.924E-01  2.843E-01  2.760E-01  2.675E-01  2.588E-01  2.500E-01  2.409E-01  2.318E-01  2.224E-01
  354.5000  3.495E-01  3.418E-01  3.338E-01  3.255E-01  3.170E-01  3.082E-01  2.992E-01  2.900E-01  2.806E-01  2.710E-01  2.613E-01  2.513E-01  2.413E-01
  355.5000  3.269E-01  3.197E-01  3.123E-01  3.045E-01  2.966E-01  2.884E-01  2.800E-01  2.714E-01  2.626E-01  2.536E-01  2.445E-01  2.352E-01  2.258E-01
  356.5000  3.037E-01  2.970E-01  2.901E-01  2.829E-01  2.755E-01  2.679E-01  2.601E-01  2.522E-01  2.440E-01  2.357E-01  2.272E-01  2.186E-01  2.098E-01
  357.5000  2.585E-01  2.528E-01  2.469E-01  2.408E-01  2.345E-01  2.281E-01  2.214E-01  2.147E-01  2.077E-01  2.006E-01  1.934E-01  1.861E-01  1.786E-01
  358.5000  1.997E-01  1.953E-01  1.908E-01  1.861E-01  1.812E-01  1.762E-01  1.711E-01  1.659E-01  1.605E-01  1.551E-01  1.495E-01  1.438E-01  1.381E-01
  359.5000  3.364E-01  3.290E-01  3.214E-01  3.135E-01  3.053E-01  2.969E-01  2.883E-01  2.795E-01  2.705E-01  2.613E-01  2.519E-01  2.424E-01  2.327E-01
  360.5000  3.121E-01  3.053E-01  2.982E-01  2.909E-01  2.833E-01  2.756E-01  2.676E-01  2.594E-01  2.510E-01  2.425E-01  2.338E-01  2.250E-01  2.160E-01
  361.5000  2.817E-01  2.756E-01  2.692E-01  2.626E-01  2.558E-01  2.487E-01  2.416E-01  2.342E-01  2.267E-01  2.190E-01  2.111E-01  2.031E-01  1.951E-01
  362.5000  3.312E-01  3.239E-01  3.164E-01  3.087E-01  3.007E-01  2.925E-01  2.840E-01  2.754E-01  2.665E-01  2.575E-01  2.483E-01  2.389E-01  2.294E-01
  363.5000  2.949E-01  2.884E-01  2.818E-01  2.749E-01  2.678E-01  2.604E-01  2.529E-01  2.452E-01  2.374E-01  2.293E-01  2.211E-01  2.128E-01  2.043E-01
  364.5000  3.220E-01  3.149E-01  3.077E-01  3.001E-01  2.924E-01  2.844E-01  2.762E-01  2.678E-01  2.592E-01  2.505E-01  2.415E-01  2.324E-01  2.232E-01
  365.5000  3.926E-01  3.841E-01  3.752E-01  3.661E-01  3.566E-01  3.469E-01  3.369E-01  3.267E-01  3.162E-01  3.055E-01  2.946E-01  2.836E-01  2.723E-01
  366.5000  4.160E-01  4.069E-01  3.975E-01  3.879E-01  3.779E-01  3.676E-01  3.570E-01  3.462E-01  3.351E-01  3.238E-01  3.123E-01  3.005E-01  2.886E-01
  367.5000  3.953E-01  3.868E-01  3.779E-01  3.687E-01  3.592E-01  3.494E-01  3.394E-01  3.291E-01  3.186E-01  3.078E-01  2.969E-01  2.857E-01  2.744E-01
  368.5000  3.476E-01  3.401E-01  3.323E-01  3.242E-01  3.159E-01  3.073E-01  2.985E-01  2.894E-01  2.802E-01  2.708E-01  2.611E-01  2.513E-01  2.414E-01
  369.5000  4.174E-01  4.083E-01  3.989E-01  3.893E-01  3.793E-01  3.690E-01  3.584E-01  3.476E-01  3.365E-01  3.252E-01  3.136E-01  3.019E-01  2.899E-01
  370.5000  3.790E-01  3.708E-01  3.623E-01  3.535E-01  3.445E-01  3.351E-01  3.255E-01  3.157E-01  3.057E-01  2.954E-01  2.849E-01  2.742E-01  2.634E-01
  371.5000  4.340E-01  4.247E-01  4.149E-01  4.049E-01  3.945E-01  3.839E-01  3.729E-01  3.617E-01  3.502E-01  3.384E-01  3.264E-01  3.142E-01  3.018E-01
  372.5000  3.209E-01  3.140E-01  3.068E-01  2.994E-01  2.917E-01  2.838E-01  2.758E-01  2.675E-01  2.590E-01  2.503E-01  2.414E-01  2.324E-01  2.232E-01
  373.5000  2.903E-01  2.841E-01  2.776E-01  2.709E-01  2.640E-01  2.568E-01  2.495E-01  2.420E-01  2.343E-01  2.265E-01  2.185E-01  2.103E-01  2.020E-01
  374.5000  3.189E-01  3.120E-01  3.049E-01  2.976E-01  2.900E-01  2.822E-01  2.741E-01  2.659E-01  2.575E-01  2.489E-01  2.401E-01  2.311E-01  2.220E-01
  375.5000  3.601E-01  3.524E-01  3.444E-01  3.361E-01  3.275E-01  3.187E-01  3.096E-01  3.004E-01  2.908E-01  2.811E-01  2.712E-01  2.611E-01  2.508E-01
  376.5000  3.600E-01  3.522E-01  3.442E-01  3.359E-01  3.274E-01  3.186E-01  3.096E-01  3.003E-01  2.908E-01  2.811E-01  2.712E-01  2.611E-01  2.508E-01
  377.5000  4.290E-01  4.198E-01  4.103E-01  4.004E-01  3.903E-01  3.798E-01  3.690E-01  3.580E-01  3.467E-01  3.351E-01  3.233E-01  3.113E-01  2.991E-01
  378.5000  4.680E-01  4.580E-01  4.476E-01  4.369E-01  4.258E-01  4.144E-01  4.026E-01  3.906E-01  3.783E-01  3.657E-01  3.528E-01  3.397E-01  3.264E-01
  379.5000  3.466E-01  3.392E-01  3.315E-01  3.235E-01  3.153E-01  3.069E-01  2.982E-01  2.893E-01  2.802E-01  2.709E-01  2.613E-01  2.517E-01  2.418E-01
  380.5000  4.171E-01  4.082E-01  3.990E-01  3.895E-01  3.796E-01  3.695E-01  3.590E-01  3.483E-01  3.373E-01  3.261E-01  3.147E-01  3.030E-01  2.912E-01
  381.5000  3.923E-01  3.840E-01  3.753E-01  3.663E-01  3.571E-01  3.475E-01  3.377E-01  3.277E-01  3.174E-01  3.068E-01  2.961E-01  2.851E-01  2.740E-01
  382.5000  2.617E-01  2.561E-01  2.503E-01  2.443E-01  2.382E-01  2.318E-01  2.253E-01  2.186E-01  2.117E-01  2.047E-01  1.975E-01  1.902E-01  1.828E-01
  383.5000  2.300E-01  2.251E-01  2.200E-01  2.148E-01  2.093E-01  2.038E-01  1.980E-01  1.921E-01  1.861E-01  1.800E-01  1.737E-01  1.672E-01  1.607E-01
  384.5000  3.454E-01  3.381E-01  3.305E-01  3.226E-01  3.145E-01  3.061E-01  2.975E-01  2.887E-01  2.796E-01  2.704E-01  2.609E-01  2.513E-01  2.415E-01
  385.5000  3.420E-01  3.348E-01  3.272E-01  3.195E-01  3.114E-01  3.032E-01  2.946E-01  2.859E-01  2.770E-01  2.678E-01  2.585E-01  2.489E-01  2.393E-01
  386.5000  3.489E-01  3.415E-01  3.339E-01  3.259E-01  3.178E-01  3.093E-01  3.007E-01  2.918E-01  2.826E-01  2.733E-01  2.638E-01  2.541E-01  2.442E-01
  387.5000  3.245E-01  3.177E-01  3.106E-01  3.032E-01  2.956E-01  2.878E-01  2.797E-01  2.714E-01  2.630E-01  2.543E-01  2.454E-01  2.364E-01  2.272E-01
  388.5000  3.256E-01  3.187E-01  3.116E-01  3.042E-01  2.966E-01  2.887E-01  2.806E-01  2.724E-01  2.639E-01  2.552E-01  2.463E-01  2.372E-01  2.280E-01
  389.5000  4.109E-01  4.022E-01  3.933E-01  3.840E-01  3.744E-01  3.644E-01  3.543E-01  3.438E-01  3.331E-01  3.221E-01  3.110E-01  2.995E-01  2.879E-01
  390.5000  4.040E-01  3.954E-01  3.866E-01  3.775E-01  3.681E-01  3.583E-01  3.483E-01  3.381E-01  3.276E-01  3.168E-01  3.058E-01  2.946E-01  2.832E-01
  391.5000  4.797E-01  4.696E-01  4.591E-01  4.483E-01  4.371E-01  4.256E-01  4.137E-01  4.015E-01  3.890E-01  3.763E-01  3.632E-01  3.499E-01  3.364E-01
  392.5000  3.600E-01  3.524E-01  3.446E-01  3.365E-01  3.281E-01  3.194E-01  3.106E-01  3.014E-01  2.921E-01  2.825E-01  2.727E-01  2.628E-01  2.526E-01
  393.5000  1.567E-01  1.534E-01  1.500E-01  1.464E-01  1.428E-01  1.390E-01  1.352E-01  1.312E-01  1.271E-01  1.230E-01  1.187E-01  1.144E-01  1.100E-01
  394.5000  3.689E-01  3.612E-01  3.532E-01  3.449E-01  3.363E-01  3.275E-01  3.184E-01  3.090E-01  2.995E-01  2.897E-01  2.797E-01  2.695E-01  2.591E-01
  395.5000  4.751E-01  4.651E-01  4.548E-01  4.442E-01  4.331E-01  4.218E-01  4.101E-01  3.981E-01  3.857E-01  3.731E-01  3.603E-01  3.471E-01  3.338E-01
  396.5000  2.792E-01  2.733E-01  2.673E-01  2.610E-01  2.546E-01  2.479E-01  2.410E-01  2.340E-01  2.267E-01  2.193E-01  2.118E-01  2.041E-01  1.962E-01
  397.5000  3.224E-01  3.157E-01  3.087E-01  3.015E-01  2.940E-01  2.863E-01  2.784E-01  2.703E-01  2.619E-01  2.534E-01  2.447E-01  2.358E-01  2.267E-01
  398.5000  5.544E-01  5.429E-01  5.309E-01  5.185E-01  5.057E-01  4.924E-01  4.788E-01  4.649E-01  4.505E-01  4.359E-01  4.209E-01  4.056E-01  3.900E-01
  399.5000  5.771E-01  5.651E-01  5.527E-01  5.398E-01  5.264E-01  5.127E-01  4.985E-01  4.840E-01  4.691E-01  4.539E-01  4.383E-01  4.224E-01  4.062E-01
------------------------------------------------------------
Dose rates,W m-2
   1 = UV index (WMO, 1994; Webb et al., 2011)           
   2 = Previtamin-D3 (CIE 2006)                          
values at z =      0.025 km
Columns: time,sza,weighting spectra
time,hrs.  sza,deg.          1          2
   15.0000     60.968  2.356E+00  9.857E-02
   15.0833     61.496  2.264E+00  9.391E-02
   15.1667     62.042  2.170E+00  8.922E-02
   15.2500     62.607  2.076E+00  8.451E-02
   15.3333     63.188  1.982E+00  7.981E-02
   15.4167     63.788  1.887E+00  7.513E-02
   15.5000     64.403  1.793E+00  7.049E-02
   15.5833     65.034  1.699E+00  6.591E-02
   15.6667     65.681  1.606E+00  6.141E-02
   15.7500     66.342  1.514E+00  5.700E-02
   15.8333     67.018  1.423E+00  5.269E-02
   15.9167     67.709  1.334E+00  4.852E-02
   16.0000     68.413  1.247E+00  4.448E-02
------------------------------------------------------------
