Spectral Irradiance,W m-2 nm-1
values at z =      0.025 km
Columns: wavelength (nm),times (hrs.) or sza (deg.)
    wc,nm     15.000     15.083     15.167     15.250     15.333     15.417     15.500     15.583     15.667     15.750     15.833     15.917     16.000
    sza =      60.059     60.593     61.145     61.715     62.303     62.908     63.529     64.167     64.820     65.488     66.171     66.868     67.579
  280.5000  9.396E-24  7.895E-24  6.810E-24  5.991E-24  5.347E-24  4.823E-24  4.385E-24  4.011E-24  3.688E-24  3.405E-24  3.155E-24  2.933E-24  2.733E-24
  281.5000  1.631E-21  1.345E-21  1.142E-21  9.922E-22  8.774E-22  7.859E-22  7.109E-22  6.476E-22  5.934E-22  5.463E-22  5.049E-22  4.681E-22  4.353E-22
  282.5000  9.585E-20  7.767E-20  6.486E-20  5.558E-20  4.863E-20  4.320E-20  3.884E-20  3.522E-20  3.216E-20  2.951E-20  2.720E-20  2.516E-20  2.334E-20
  283.5000  1.238E-18  9.911E-19  8.176E-19  6.930E-19  6.008E-19  5.301E-19  4.741E-19  4.282E-19  3.897E-19  3.567E-19  3.281E-19  3.029E-19  2.806E-19
  284.5000  8.288E-17  6.513E-17  5.253E-17  4.351E-17  3.695E-17  3.204E-17  2.827E-17  2.528E-17  2.282E-17  2.076E-17  1.900E-17  1.746E-17  1.611E-17
  285.5000  1.196E-15  9.310E-16  7.398E-16  6.019E-16  5.019E-16  4.280E-16  3.723E-16  3.291E-16  2.946E-16  2.662E-16  2.423E-16  2.218E-16  2.039E-16
  286.5000  4.270E-14  3.312E-14  2.609E-14  2.096E-14  1.722E-14  1.446E-14  1.241E-14  1.084E-14  9.613E-15  8.624E-15  7.805E-15  7.112E-15  6.514E-15
  287.5000  8.528E-13  6.623E-13  5.191E-13  4.126E-13  3.339E-13  2.756E-13  2.323E-13  1.996E-13  1.745E-13  1.548E-13  1.388E-13  1.256E-13  1.144E-13
  288.5000  1.697E-11  1.329E-11  1.044E-11  8.261E-12  6.608E-12  5.364E-12  4.432E-12  3.730E-12  3.197E-12  2.786E-12  2.463E-12  2.202E-12  1.987E-12
  289.5000  2.525E-10  1.999E-10  1.581E-10  1.253E-10  9.993E-11  8.046E-11  6.566E-11  5.443E-11  4.590E-11  3.937E-11  3.430E-11  3.030E-11  2.707E-11
  290.5000  2.355E-09  1.886E-09  1.506E-09  1.200E-09  9.587E-10  7.697E-10  6.235E-10  5.112E-10  4.253E-10  3.594E-10  3.086E-10  2.690E-10  2.376E-10
  291.5000  1.949E-08  1.587E-08  1.285E-08  1.036E-08  8.340E-09  6.713E-09  5.425E-09  4.413E-09  3.625E-09  3.015E-09  2.543E-09  2.176E-09  1.890E-09
  292.5000  1.032E-07  8.540E-08  7.017E-08  5.731E-08  4.660E-08  3.779E-08  3.063E-08  2.489E-08  2.033E-08  1.674E-08  1.393E-08  1.174E-08  1.003E-08
  293.5000  6.276E-07  5.280E-07  4.408E-07  3.655E-07  3.012E-07  2.469E-07  2.018E-07  1.647E-07  1.346E-07  1.103E-07  9.101E-08  7.572E-08  6.368E-08
  294.5000  2.139E-06  1.825E-06  1.545E-06  1.298E-06  1.083E-06  8.983E-07  7.414E-07  6.097E-07  5.004E-07  4.107E-07  3.379E-07  2.793E-07  2.326E-07
  295.5000  1.002E-05  8.683E-06  7.469E-06  6.376E-06  5.405E-06  4.549E-06  3.806E-06  3.167E-06  2.623E-06  2.167E-06  1.787E-06  1.475E-06  1.221E-06
  296.5000  2.936E-05  2.579E-05  2.249E-05  1.948E-05  1.675E-05  1.430E-05  1.212E-05  1.022E-05  8.560E-06  7.137E-06  5.928E-06  4.913E-06  4.069E-06
  297.5000  8.872E-05  7.891E-05  6.972E-05  6.118E-05  5.332E-05  4.613E-05  3.965E-05  3.385E-05  2.872E-05  2.421E-05  2.031E-05  1.696E-05  1.412E-05
  298.5000  1.553E-04  1.396E-04  1.248E-04  1.108E-04  9.768E-05  8.556E-05  7.445E-05  6.435E-05  5.525E-05  4.713E-05  3.996E-05  3.369E-05  2.826E-05
  299.5000  4.984E-04  4.527E-04  4.089E-04  3.671E-04  3.276E-04  2.905E-04  2.559E-04  2.240E-04  1.948E-04  1.683E-04  1.444E-04  1.232E-04  1.044E-04
  300.5000  6.172E-04  5.652E-04  5.148E-04  4.664E-04  4.201E-04  3.761E-04  3.347E-04  2.960E-04  2.601E-04  2.270E-04  1.969E-04  1.696E-04  1.452E-04
  301.5000  1.659E-03  1.533E-03  1.409E-03  1.289E-03  1.173E-03  1.062E-03  9.558E-04  8.553E-04  7.607E-04  6.723E-04  5.905E-04  5.152E-04  4.465E-04
  302.5000  2.523E-03  2.345E-03  2.169E-03  1.998E-03  1.830E-03  1.669E-03  1.513E-03  1.365E-03  1.224E-03  1.091E-03  9.666E-04  8.509E-04  7.442E-04
  303.5000  5.448E-03  5.099E-03  4.753E-03  4.412E-03  4.077E-03  3.749E-03  3.432E-03  3.125E-03  2.831E-03  2.550E-03  2.284E-03  2.034E-03  1.799E-03
  304.5000  6.833E-03  6.421E-03  6.011E-03  5.605E-03  5.204E-03  4.811E-03  4.427E-03  4.055E-03  3.695E-03  3.349E-03  3.019E-03  2.706E-03  2.411E-03
  305.5000  1.107E-02  1.047E-02  9.863E-03  9.261E-03  8.662E-03  8.070E-03  7.488E-03  6.917E-03  6.361E-03  5.822E-03  5.302E-03  4.802E-03  4.326E-03
  306.5000  1.263E-02  1.197E-02  1.131E-02  1.065E-02  9.996E-03  9.344E-03  8.700E-03  8.067E-03  7.448E-03  6.845E-03  6.260E-03  5.696E-03  5.156E-03
  307.5000  2.158E-02  2.056E-02  1.954E-02  1.850E-02  1.747E-02  1.644E-02  1.541E-02  1.440E-02  1.339E-02  1.241E-02  1.145E-02  1.052E-02  9.610E-03
  308.5000  2.579E-02  2.463E-02  2.345E-02  2.226E-02  2.106E-02  1.987E-02  1.868E-02  1.749E-02  1.633E-02  1.517E-02  1.405E-02  1.294E-02  1.187E-02
  309.5000  2.544E-02  2.437E-02  2.329E-02  2.219E-02  2.109E-02  1.998E-02  1.887E-02  1.776E-02  1.666E-02  1.557E-02  1.450E-02  1.345E-02  1.242E-02
  310.5000  3.755E-02  3.606E-02  3.454E-02  3.301E-02  3.146E-02  2.990E-02  2.833E-02  2.676E-02  2.520E-02  2.365E-02  2.212E-02  2.060E-02  1.911E-02
  311.5000  5.097E-02  4.903E-02  4.705E-02  4.504E-02  4.301E-02  4.096E-02  3.889E-02  3.683E-02  3.477E-02  3.271E-02  3.067E-02  2.866E-02  2.667E-02
  312.5000  5.464E-02  5.271E-02  5.074E-02  4.874E-02  4.670E-02  4.464E-02  4.256E-02  4.047E-02  3.838E-02  3.628E-02  3.420E-02  3.212E-02  3.007E-02
  313.5000  6.343E-02  6.123E-02  5.899E-02  5.670E-02  5.437E-02  5.202E-02  4.964E-02  4.725E-02  4.485E-02  4.245E-02  4.006E-02  3.767E-02  3.531E-02
  314.5000  6.870E-02  6.648E-02  6.421E-02  6.189E-02  5.953E-02  5.714E-02  5.472E-02  5.227E-02  4.981E-02  4.734E-02  4.486E-02  4.239E-02  3.994E-02
  315.5000  7.197E-02  6.968E-02  6.733E-02  6.493E-02  6.248E-02  6.000E-02  5.749E-02  5.495E-02  5.239E-02  4.982E-02  4.725E-02  4.468E-02  4.213E-02
  316.5000  7.627E-02  7.398E-02  7.163E-02  6.923E-02  6.677E-02  6.428E-02  6.175E-02  5.919E-02  5.661E-02  5.401E-02  5.140E-02  4.878E-02  4.617E-02
  317.5000  1.080E-01  1.048E-01  1.015E-01  9.805E-02  9.458E-02  9.105E-02  8.747E-02  8.384E-02  8.018E-02  7.650E-02  7.280E-02  6.909E-02  6.539E-02
  318.5000  8.992E-02  8.737E-02  8.475E-02  8.208E-02  7.934E-02  7.655E-02  7.372E-02  7.085E-02  6.794E-02  6.501E-02  6.206E-02  5.910E-02  5.613E-02
  319.5000  1.110E-01  1.079E-01  1.047E-01  1.014E-01  9.809E-02  9.468E-02  9.122E-02  8.771E-02  8.416E-02  8.057E-02  7.696E-02  7.333E-02  6.970E-02
  320.5000  1.370E-01  1.332E-01  1.293E-01  1.253E-01  1.212E-01  1.171E-01  1.129E-01  1.086E-01  1.042E-01  9.987E-02  9.546E-02  9.103E-02  8.659E-02
  321.5000  1.223E-01  1.192E-01  1.159E-01  1.125E-01  1.091E-01  1.056E-01  1.020E-01  9.834E-02  9.466E-02  9.093E-02  8.717E-02  8.338E-02  7.957E-02
  322.5000  1.187E-01  1.155E-01  1.122E-01  1.088E-01  1.053E-01  1.017E-01  9.809E-02  9.442E-02  9.071E-02  8.695E-02  8.316E-02  7.936E-02  7.554E-02
  323.5000  1.300E-01  1.267E-01  1.233E-01  1.198E-01  1.162E-01  1.126E-01  1.089E-01  1.051E-01  1.013E-01  9.740E-02  9.349E-02  8.954E-02  8.558E-02
  324.5000  1.524E-01  1.485E-01  1.445E-01  1.404E-01  1.362E-01  1.319E-01  1.276E-01  1.231E-01  1.186E-01  1.141E-01  1.095E-01  1.049E-01  1.002E-01
  325.5000  1.697E-01  1.653E-01  1.609E-01  1.563E-01  1.515E-01  1.467E-01  1.418E-01  1.368E-01  1.318E-01  1.267E-01  1.215E-01  1.163E-01  1.111E-01
  326.5000  2.138E-01  2.086E-01  2.032E-01  1.977E-01  1.920E-01  1.863E-01  1.804E-01  1.744E-01  1.683E-01  1.621E-01  1.559E-01  1.496E-01  1.432E-01
  327.5000  1.969E-01  1.920E-01  1.870E-01  1.818E-01  1.765E-01  1.711E-01  1.656E-01  1.600E-01  1.543E-01  1.485E-01  1.427E-01  1.368E-01  1.309E-01
  328.5000  1.821E-01  1.776E-01  1.729E-01  1.681E-01  1.633E-01  1.583E-01  1.532E-01  1.480E-01  1.427E-01  1.374E-01  1.320E-01  1.265E-01  1.211E-01
  329.5000  2.430E-01  2.372E-01  2.313E-01  2.251E-01  2.188E-01  2.124E-01  2.058E-01  1.992E-01  1.924E-01  1.855E-01  1.785E-01  1.715E-01  1.644E-01
  330.5000  2.187E-01  2.134E-01  2.079E-01  2.023E-01  1.966E-01  1.907E-01  1.847E-01  1.786E-01  1.724E-01  1.661E-01  1.597E-01  1.533E-01  1.469E-01
  331.5000  2.158E-01  2.106E-01  2.052E-01  1.996E-01  1.939E-01  1.881E-01  1.822E-01  1.761E-01  1.700E-01  1.638E-01  1.575E-01  1.511E-01  1.447E-01
  332.5000  2.171E-01  2.119E-01  2.066E-01  2.012E-01  1.956E-01  1.899E-01  1.841E-01  1.782E-01  1.722E-01  1.661E-01  1.599E-01  1.537E-01  1.474E-01
  333.5000  2.025E-01  1.976E-01  1.926E-01  1.875E-01  1.823E-01  1.769E-01  1.714E-01  1.658E-01  1.601E-01  1.544E-01  1.485E-01  1.427E-01  1.367E-01
  334.5000  2.274E-01  2.220E-01  2.165E-01  2.108E-01  2.049E-01  1.989E-01  1.928E-01  1.865E-01  1.802E-01  1.737E-01  1.672E-01  1.607E-01  1.540E-01
  335.5000  2.330E-01  2.275E-01  2.219E-01  2.161E-01  2.102E-01  2.041E-01  1.979E-01  1.916E-01  1.852E-01  1.787E-01  1.721E-01  1.654E-01  1.587E-01
  336.5000  1.818E-01  1.776E-01  1.731E-01  1.686E-01  1.640E-01  1.592E-01  1.544E-01  1.494E-01  1.444E-01  1.393E-01  1.341E-01  1.289E-01  1.237E-01
  337.5000  1.985E-01  1.938E-01  1.890E-01  1.840E-01  1.788E-01  1.736E-01  1.683E-01  1.628E-01  1.573E-01  1.517E-01  1.460E-01  1.402E-01  1.344E-01
  338.5000  2.118E-01  2.068E-01  2.017E-01  1.965E-01  1.911E-01  1.856E-01  1.800E-01  1.742E-01  1.684E-01  1.625E-01  1.565E-01  1.504E-01  1.443E-01
  339.5000  2.308E-01  2.254E-01  2.199E-01  2.141E-01  2.083E-01  2.023E-01  1.962E-01  1.899E-01  1.836E-01  1.771E-01  1.706E-01  1.640E-01  1.574E-01
  340.5000  2.461E-01  2.404E-01  2.344E-01  2.283E-01  2.220E-01  2.156E-01  2.090E-01  2.023E-01  1.955E-01  1.887E-01  1.817E-01  1.746E-01  1.675E-01
  341.5000  2.199E-01  2.148E-01  2.095E-01  2.041E-01  1.985E-01  1.928E-01  1.870E-01  1.811E-01  1.750E-01  1.689E-01  1.627E-01  1.565E-01  1.501E-01
  342.5000  2.441E-01  2.384E-01  2.326E-01  2.266E-01  2.204E-01  2.141E-01  2.076E-01  2.010E-01  1.944E-01  1.876E-01  1.807E-01  1.737E-01  1.667E-01
  343.5000  2.534E-01  2.475E-01  2.414E-01  2.352E-01  2.287E-01  2.222E-01  2.154E-01  2.086E-01  2.016E-01  1.946E-01  1.874E-01  1.802E-01  1.729E-01
  344.5000  1.775E-01  1.733E-01  1.691E-01  1.647E-01  1.602E-01  1.555E-01  1.508E-01  1.460E-01  1.411E-01  1.362E-01  1.311E-01  1.261E-01  1.209E-01
  345.5000  2.445E-01  2.389E-01  2.330E-01  2.270E-01  2.208E-01  2.145E-01  2.081E-01  2.015E-01  1.948E-01  1.880E-01  1.811E-01  1.742E-01  1.672E-01
  346.5000  2.283E-01  2.230E-01  2.175E-01  2.119E-01  2.061E-01  2.002E-01  1.942E-01  1.880E-01  1.817E-01  1.754E-01  1.689E-01  1.624E-01  1.558E-01
  347.5000  2.234E-01  2.182E-01  2.129E-01  2.073E-01  2.017E-01  1.959E-01  1.900E-01  1.840E-01  1.778E-01  1.716E-01  1.653E-01  1.589E-01  1.525E-01
  348.5000  2.460E-01  2.403E-01  2.344E-01  2.284E-01  2.221E-01  2.158E-01  2.093E-01  2.026E-01  1.959E-01  1.891E-01  1.821E-01  1.751E-01  1.680E-01
  349.5000  2.063E-01  2.016E-01  1.966E-01  1.915E-01  1.863E-01  1.810E-01  1.755E-01  1.700E-01  1.643E-01  1.586E-01  1.527E-01  1.469E-01  1.409E-01
  350.5000  2.892E-01  2.825E-01  2.756E-01  2.685E-01  2.612E-01  2.537E-01  2.461E-01  2.383E-01  2.304E-01  2.223E-01  2.142E-01  2.059E-01  1.976E-01
  351.5000  2.494E-01  2.437E-01  2.377E-01  2.316E-01  2.253E-01  2.188E-01  2.122E-01  2.055E-01  1.986E-01  1.917E-01  1.847E-01  1.775E-01  1.704E-01
  352.5000  2.252E-01  2.200E-01  2.146E-01  2.091E-01  2.034E-01  1.976E-01  1.916E-01  1.856E-01  1.794E-01  1.731E-01  1.668E-01  1.604E-01  1.539E-01
  353.5000  2.715E-01  2.653E-01  2.588E-01  2.521E-01  2.453E-01  2.382E-01  2.311E-01  2.238E-01  2.163E-01  2.088E-01  2.011E-01  1.934E-01  1.856E-01
  354.5000  2.943E-01  2.875E-01  2.805E-01  2.732E-01  2.658E-01  2.582E-01  2.505E-01  2.425E-01  2.345E-01  2.263E-01  2.180E-01  2.096E-01  2.012E-01
  355.5000  2.753E-01  2.689E-01  2.624E-01  2.556E-01  2.487E-01  2.416E-01  2.343E-01  2.269E-01  2.194E-01  2.117E-01  2.040E-01  1.961E-01  1.882E-01
  356.5000  2.557E-01  2.498E-01  2.437E-01  2.374E-01  2.310E-01  2.244E-01  2.176E-01  2.108E-01  2.038E-01  1.967E-01  1.895E-01  1.822E-01  1.748E-01
  357.5000  2.176E-01  2.126E-01  2.074E-01  2.021E-01  1.966E-01  1.910E-01  1.852E-01  1.794E-01  1.734E-01  1.674E-01  1.612E-01  1.550E-01  1.488E-01
  358.5000  1.681E-01  1.642E-01  1.602E-01  1.561E-01  1.519E-01  1.476E-01  1.431E-01  1.386E-01  1.340E-01  1.293E-01  1.246E-01  1.198E-01  1.150E-01
  359.5000  2.832E-01  2.767E-01  2.699E-01  2.630E-01  2.559E-01  2.486E-01  2.411E-01  2.335E-01  2.257E-01  2.179E-01  2.099E-01  2.018E-01  1.937E-01
  360.5000  2.628E-01  2.567E-01  2.505E-01  2.440E-01  2.374E-01  2.306E-01  2.237E-01  2.166E-01  2.095E-01  2.022E-01  1.948E-01  1.873E-01  1.797E-01
  361.5000  2.371E-01  2.317E-01  2.260E-01  2.202E-01  2.143E-01  2.082E-01  2.019E-01  1.955E-01  1.891E-01  1.825E-01  1.758E-01  1.690E-01  1.622E-01
  362.5000  2.787E-01  2.723E-01  2.657E-01  2.589E-01  2.519E-01  2.447E-01  2.374E-01  2.299E-01  2.223E-01  2.145E-01  2.067E-01  1.987E-01  1.907E-01
  363.5000  2.482E-01  2.425E-01  2.366E-01  2.305E-01  2.243E-01  2.179E-01  2.114E-01  2.047E-01  1.979E-01  1.910E-01  1.840E-01  1.769E-01  1.698E-01
  364.5000  2.710E-01  2.647E-01  2.583E-01  2.517E-01  2.449E-01  2.379E-01  2.308E-01  2.235E-01  2.161E-01  2.086E-01  2.009E-01  1.932E-01  1.854E-01
  365.5000  3.305E-01  3.229E-01  3.150E-01  3.069E-01  2.987E-01  2.901E-01  2.814E-01  2.726E-01  2.635E-01  2.543E-01  2.450E-01  2.356E-01  2.261E-01
  366.5000  3.501E-01  3.420E-01  3.337E-01  3.252E-01  3.164E-01  3.074E-01  2.982E-01  2.888E-01  2.792E-01  2.695E-01  2.596E-01  2.496E-01  2.396E-01
  367.5000  3.327E-01  3.251E-01  3.172E-01  3.091E-01  3.007E-01  2.922E-01  2.834E-01  2.745E-01  2.654E-01  2.561E-01  2.468E-01  2.373E-01  2.277E-01
  368.5000  2.925E-01  2.858E-01  2.789E-01  2.718E-01  2.644E-01  2.569E-01  2.492E-01  2.414E-01  2.334E-01  2.252E-01  2.170E-01  2.087E-01  2.002E-01
  369.5000  3.512E-01  3.432E-01  3.349E-01  3.263E-01  3.175E-01  3.084E-01  2.992E-01  2.898E-01  2.802E-01  2.704E-01  2.605E-01  2.505E-01  2.404E-01
  370.5000  3.189E-01  3.116E-01  3.041E-01  2.963E-01  2.883E-01  2.801E-01  2.717E-01  2.632E-01  2.544E-01  2.456E-01  2.366E-01  2.275E-01  2.183E-01
  371.5000  3.653E-01  3.569E-01  3.482E-01  3.393E-01  3.302E-01  3.208E-01  3.112E-01  3.014E-01  2.914E-01  2.813E-01  2.710E-01  2.606E-01  2.501E-01
  372.5000  2.700E-01  2.639E-01  2.575E-01  2.509E-01  2.441E-01  2.372E-01  2.301E-01  2.229E-01  2.155E-01  2.080E-01  2.004E-01  1.927E-01  1.849E-01
  373.5000  2.443E-01  2.387E-01  2.329E-01  2.270E-01  2.209E-01  2.146E-01  2.082E-01  2.016E-01  1.949E-01  1.882E-01  1.813E-01  1.743E-01  1.673E-01
  374.5000  2.684E-01  2.622E-01  2.559E-01  2.493E-01  2.426E-01  2.357E-01  2.287E-01  2.215E-01  2.142E-01  2.067E-01  1.992E-01  1.915E-01  1.838E-01
  375.5000  3.031E-01  2.961E-01  2.890E-01  2.816E-01  2.740E-01  2.662E-01  2.583E-01  2.501E-01  2.419E-01  2.335E-01  2.249E-01  2.163E-01  2.075E-01
  376.5000  3.029E-01  2.960E-01  2.888E-01  2.815E-01  2.739E-01  2.661E-01  2.582E-01  2.500E-01  2.418E-01  2.334E-01  2.248E-01  2.162E-01  2.075E-01
  377.5000  3.610E-01  3.528E-01  3.443E-01  3.355E-01  3.264E-01  3.172E-01  3.077E-01  2.980E-01  2.882E-01  2.782E-01  2.680E-01  2.577E-01  2.473E-01
  378.5000  3.938E-01  3.848E-01  3.755E-01  3.660E-01  3.561E-01  3.460E-01  3.357E-01  3.251E-01  3.144E-01  3.035E-01  2.924E-01  2.811E-01  2.698E-01
  379.5000  2.916E-01  2.850E-01  2.781E-01  2.710E-01  2.637E-01  2.562E-01  2.486E-01  2.408E-01  2.328E-01  2.247E-01  2.165E-01  2.082E-01  1.998E-01
  380.5000  3.510E-01  3.430E-01  3.348E-01  3.262E-01  3.175E-01  3.085E-01  2.993E-01  2.899E-01  2.803E-01  2.705E-01  2.607E-01  2.506E-01  2.405E-01
  381.5000  3.302E-01  3.226E-01  3.149E-01  3.068E-01  2.986E-01  2.901E-01  2.815E-01  2.726E-01  2.636E-01  2.545E-01  2.452E-01  2.358E-01  2.262E-01
  382.5000  2.202E-01  2.152E-01  2.100E-01  2.046E-01  1.991E-01  1.935E-01  1.877E-01  1.818E-01  1.758E-01  1.697E-01  1.635E-01  1.573E-01  1.509E-01
  383.5000  1.935E-01  1.891E-01  1.846E-01  1.799E-01  1.750E-01  1.701E-01  1.650E-01  1.598E-01  1.546E-01  1.492E-01  1.437E-01  1.382E-01  1.326E-01
  384.5000  2.907E-01  2.841E-01  2.772E-01  2.702E-01  2.629E-01  2.555E-01  2.479E-01  2.401E-01  2.322E-01  2.241E-01  2.159E-01  2.076E-01  1.993E-01
  385.5000  2.878E-01  2.813E-01  2.745E-01  2.675E-01  2.604E-01  2.530E-01  2.455E-01  2.378E-01  2.299E-01  2.219E-01  2.138E-01  2.056E-01  1.973E-01
  386.5000  2.937E-01  2.870E-01  2.801E-01  2.730E-01  2.656E-01  2.581E-01  2.504E-01  2.426E-01  2.346E-01  2.264E-01  2.182E-01  2.098E-01  2.013E-01
  387.5000  2.731E-01  2.669E-01  2.605E-01  2.539E-01  2.471E-01  2.401E-01  2.330E-01  2.257E-01  2.182E-01  2.107E-01  2.030E-01  1.952E-01  1.873E-01
  388.5000  2.740E-01  2.678E-01  2.614E-01  2.547E-01  2.479E-01  2.409E-01  2.337E-01  2.264E-01  2.189E-01  2.113E-01  2.036E-01  1.958E-01  1.879E-01
  389.5000  3.459E-01  3.380E-01  3.299E-01  3.215E-01  3.129E-01  3.041E-01  2.950E-01  2.858E-01  2.764E-01  2.668E-01  2.570E-01  2.472E-01  2.372E-01
  390.5000  3.400E-01  3.323E-01  3.243E-01  3.161E-01  3.076E-01  2.989E-01  2.901E-01  2.810E-01  2.717E-01  2.623E-01  2.527E-01  2.430E-01  2.332E-01
  391.5000  4.037E-01  3.946E-01  3.851E-01  3.754E-01  3.653E-01  3.550E-01  3.445E-01  3.337E-01  3.227E-01  3.115E-01  3.001E-01  2.886E-01  2.770E-01
  392.5000  3.030E-01  2.962E-01  2.891E-01  2.817E-01  2.742E-01  2.665E-01  2.586E-01  2.505E-01  2.422E-01  2.338E-01  2.253E-01  2.167E-01  2.079E-01
  393.5000  1.319E-01  1.289E-01  1.258E-01  1.226E-01  1.193E-01  1.160E-01  1.125E-01  1.090E-01  1.054E-01  1.018E-01  9.805E-02  9.429E-02  9.049E-02
  394.5000  3.106E-01  3.035E-01  2.963E-01  2.888E-01  2.811E-01  2.731E-01  2.650E-01  2.567E-01  2.483E-01  2.397E-01  2.310E-01  2.221E-01  2.132E-01
  395.5000  3.999E-01  3.909E-01  3.815E-01  3.719E-01  3.620E-01  3.518E-01  3.413E-01  3.307E-01  3.198E-01  3.087E-01  2.975E-01  2.861E-01  2.745E-01
  396.5000  2.350E-01  2.297E-01  2.242E-01  2.186E-01  2.127E-01  2.067E-01  2.006E-01  1.943E-01  1.879E-01  1.814E-01  1.748E-01  1.681E-01  1.614E-01
  397.5000  2.715E-01  2.653E-01  2.590E-01  2.524E-01  2.457E-01  2.388E-01  2.317E-01  2.245E-01  2.171E-01  2.096E-01  2.019E-01  1.942E-01  1.864E-01
  398.5000  4.668E-01  4.563E-01  4.454E-01  4.341E-01  4.226E-01  4.107E-01  3.985E-01  3.861E-01  3.734E-01  3.604E-01  3.473E-01  3.340E-01  3.206E-01
  399.5000  4.860E-01  4.750E-01  4.636E-01  4.519E-01  4.399E-01  4.275E-01  4.149E-01  4.019E-01  3.887E-01  3.753E-01  3.616E-01  3.478E-01  3.337E-01
------------------------------------------------------------
Dose rates,W m-2
   1 = UV index (WMO, 1994; Webb et al., 2011)           
   2 = Previtamin-D3 (CIE 2006)                          
values at z =      0.025 km
Columns: time,sza,weighting spectra
time,hrs.  sza,deg.          1          2
   15.0000     60.059  2.033E+00  8.602E-02
   15.0833     60.593  1.954E+00  8.206E-02
   15.1667     61.145  1.874E+00  7.807E-02
   15.2500     61.715  1.794E+00  7.408E-02
   15.3333     62.303  1.714E+00  7.009E-02
   15.4167     62.908  1.633E+00  6.611E-02
   15.5000     63.529  1.553E+00  6.217E-02
   15.5833     64.167  1.473E+00  5.827E-02
   15.6667     64.820  1.393E+00  5.444E-02
   15.7500     65.488  1.315E+00  5.069E-02
   15.8333     66.171  1.238E+00  4.702E-02
   15.9167     66.868  1.162E+00  4.345E-02
   16.0000     67.579  1.088E+00  4.000E-02
------------------------------------------------------------
