Spectral Irradiance,W m-2 nm-1
values at z =      0.025 km
Columns: wavelength (nm),times (hrs.) or sza (deg.)
    wc,nm     15.000     15.083     15.167     15.250     15.333     15.417     15.500     15.583     15.667     15.750     15.833     15.917     16.000
    sza =      54.826     55.416     56.025     56.653     57.298     57.962     58.642     59.337     60.048     60.774     61.515     62.269     63.037
  280.5000  5.879E-22  3.268E-22  1.787E-22  9.744E-23  5.405E-23  3.132E-23  1.951E-23  1.327E-23  9.835E-24  7.801E-24  6.490E-24  5.570E-24  4.880E-24
  281.5000  8.717E-20  5.101E-20  2.934E-20  1.674E-20  9.624E-21  5.685E-21  3.540E-21  2.367E-21  1.710E-21  1.325E-21  1.082E-21  9.170E-22  7.966E-22
  282.5000  4.363E-18  2.668E-18  1.603E-18  9.530E-19  5.668E-19  3.424E-19  2.146E-19  1.421E-19  1.007E-19  7.622E-20  6.105E-20  5.099E-20  4.385E-20
  283.5000  5.014E-17  3.155E-17  1.950E-17  1.191E-17  7.249E-18  4.454E-18  2.813E-18  1.857E-18  1.301E-18  9.696E-19  7.652E-19  6.315E-19  5.384E-19
  284.5000  2.596E-15  1.722E-15  1.123E-15  7.219E-16  4.604E-16  2.937E-16  1.898E-16  1.260E-16  8.710E-17  6.333E-17  4.854E-17  3.901E-17  3.257E-17
  285.5000  3.004E-14  2.073E-14  1.406E-14  9.398E-15  6.218E-15  4.094E-15  2.708E-15  1.819E-15  1.256E-15  9.013E-16  6.766E-16  5.316E-16  4.349E-16
  286.5000  8.892E-13  6.320E-13  4.420E-13  3.046E-13  2.075E-13  1.403E-13  9.483E-14  6.460E-14  4.480E-14  3.197E-14  2.368E-14  1.828E-14  1.468E-14
  287.5000  1.412E-11  1.038E-11  7.512E-12  5.360E-12  3.778E-12  2.636E-12  1.831E-12  1.273E-12  8.935E-13  6.382E-13  4.682E-13  3.550E-13  2.792E-13
  288.5000  2.140E-10  1.631E-10  1.226E-10  9.090E-11  6.655E-11  4.819E-11  3.462E-11  2.478E-11  1.775E-11  1.281E-11  9.386E-12  7.032E-12  5.419E-12
  289.5000  2.589E-09  2.026E-09  1.564E-09  1.192E-09  8.977E-10  6.681E-10  4.928E-10  3.610E-10  2.637E-10  1.929E-10  1.422E-10  1.063E-10  8.109E-11
  290.5000  2.013E-08  1.610E-08  1.272E-08  9.926E-09  7.655E-09  5.836E-09  4.406E-09  3.299E-09  2.456E-09  1.824E-09  1.358E-09  1.019E-09  7.743E-10
  291.5000  1.344E-07  1.102E-07  8.934E-08  7.163E-08  5.679E-08  4.453E-08  3.457E-08  2.659E-08  2.030E-08  1.541E-08  1.167E-08  8.844E-09  6.744E-09
  292.5000  5.935E-07  4.967E-07  4.115E-07  3.373E-07  2.737E-07  2.197E-07  1.747E-07  1.375E-07  1.074E-07  8.322E-08  6.415E-08  4.932E-08  3.794E-08
  293.5000  3.029E-06  2.584E-06  2.184E-06  1.829E-06  1.517E-06  1.246E-06  1.014E-06  8.168E-07  6.524E-07  5.169E-07  4.066E-07  3.181E-07  2.480E-07
  294.5000  8.977E-06  7.776E-06  6.679E-06  5.687E-06  4.799E-06  4.012E-06  3.325E-06  2.730E-06  2.222E-06  1.793E-06  1.436E-06  1.142E-06  9.032E-07
  295.5000  3.616E-05  3.183E-05  2.780E-05  2.410E-05  2.072E-05  1.766E-05  1.493E-05  1.252E-05  1.041E-05  8.576E-06  7.010E-06  5.686E-06  4.581E-06
  296.5000  9.330E-05  8.324E-05  7.374E-05  6.487E-05  5.665E-05  4.909E-05  4.221E-05  3.601E-05  3.048E-05  2.558E-05  2.130E-05  1.759E-05  1.442E-05
  297.5000  2.519E-04  2.274E-04  2.040E-04  1.818E-04  1.610E-04  1.415E-04  1.235E-04  1.071E-04  9.209E-05  7.860E-05  6.656E-05  5.593E-05  4.663E-05
  298.5000  4.009E-04  3.654E-04  3.313E-04  2.985E-04  2.674E-04  2.380E-04  2.104E-04  1.848E-04  1.612E-04  1.396E-04  1.200E-04  1.024E-04  8.665E-05
  299.5000  1.174E-03  1.080E-03  9.891E-04  9.008E-04  8.159E-04  7.346E-04  6.576E-04  5.851E-04  5.172E-04  4.542E-04  3.961E-04  3.430E-04  2.948E-04
  300.5000  1.356E-03  1.257E-03  1.159E-03  1.064E-03  9.721E-04  8.832E-04  7.981E-04  7.171E-04  6.406E-04  5.686E-04  5.015E-04  4.394E-04  3.823E-04
  301.5000  3.376E-03  3.154E-03  2.933E-03  2.716E-03  2.504E-03  2.298E-03  2.098E-03  1.906E-03  1.722E-03  1.547E-03  1.382E-03  1.227E-03  1.082E-03
  302.5000  4.883E-03  4.584E-03  4.287E-03  3.993E-03  3.704E-03  3.420E-03  3.144E-03  2.877E-03  2.619E-03  2.372E-03  2.136E-03  1.913E-03  1.702E-03
  303.5000  9.936E-03  9.384E-03  8.832E-03  8.283E-03  7.738E-03  7.201E-03  6.673E-03  6.158E-03  5.657E-03  5.172E-03  4.705E-03  4.258E-03  3.832E-03
  304.5000  1.204E-02  1.141E-02  1.078E-02  1.015E-02  9.521E-03  8.898E-03  8.285E-03  7.683E-03  7.095E-03  6.522E-03  5.968E-03  5.434E-03  4.922E-03
  305.5000  1.853E-02  1.765E-02  1.676E-02  1.588E-02  1.499E-02  1.410E-02  1.322E-02  1.235E-02  1.150E-02  1.066E-02  9.839E-03  9.042E-03  8.270E-03
  306.5000  2.067E-02  1.974E-02  1.879E-02  1.784E-02  1.689E-02  1.594E-02  1.499E-02  1.405E-02  1.312E-02  1.220E-02  1.131E-02  1.043E-02  9.582E-03
  307.5000  3.384E-02  3.245E-02  3.104E-02  2.961E-02  2.818E-02  2.673E-02  2.529E-02  2.385E-02  2.242E-02  2.100E-02  1.960E-02  1.823E-02  1.688E-02
  308.5000  3.979E-02  3.822E-02  3.662E-02  3.501E-02  3.337E-02  3.173E-02  3.008E-02  2.844E-02  2.680E-02  2.517E-02  2.356E-02  2.197E-02  2.041E-02
  309.5000  3.815E-02  3.674E-02  3.532E-02  3.387E-02  3.240E-02  3.091E-02  2.942E-02  2.793E-02  2.643E-02  2.494E-02  2.346E-02  2.199E-02  2.055E-02
  310.5000  5.517E-02  5.326E-02  5.130E-02  4.930E-02  4.728E-02  4.523E-02  4.317E-02  4.110E-02  3.902E-02  3.694E-02  3.487E-02  3.281E-02  3.077E-02
  311.5000  7.390E-02  7.142E-02  6.889E-02  6.632E-02  6.370E-02  6.105E-02  5.837E-02  5.567E-02  5.296E-02  5.025E-02  4.754E-02  4.485E-02  4.217E-02
  312.5000  7.736E-02  7.495E-02  7.248E-02  6.996E-02  6.740E-02  6.479E-02  6.215E-02  5.949E-02  5.680E-02  5.411E-02  5.140E-02  4.871E-02  4.602E-02
  313.5000  8.929E-02  8.655E-02  8.375E-02  8.089E-02  7.798E-02  7.501E-02  7.201E-02  6.898E-02  6.592E-02  6.285E-02  5.977E-02  5.669E-02  5.362E-02
  314.5000  9.475E-02  9.204E-02  8.926E-02  8.641E-02  8.350E-02  8.054E-02  7.754E-02  7.449E-02  7.142E-02  6.832E-02  6.520E-02  6.208E-02  5.895E-02
  315.5000  9.891E-02  9.611E-02  9.324E-02  9.030E-02  8.730E-02  8.424E-02  8.113E-02  7.799E-02  7.481E-02  7.160E-02  6.837E-02  6.514E-02  6.189E-02
  316.5000  1.032E-01  1.004E-01  9.758E-02  9.467E-02  9.170E-02  8.867E-02  8.558E-02  8.246E-02  7.929E-02  7.609E-02  7.286E-02  6.962E-02  6.636E-02
  317.5000  1.461E-01  1.422E-01  1.382E-01  1.340E-01  1.298E-01  1.255E-01  1.212E-01  1.167E-01  1.123E-01  1.077E-01  1.032E-01  9.857E-02  9.396E-02
  318.5000  1.198E-01  1.168E-01  1.137E-01  1.105E-01  1.072E-01  1.039E-01  1.004E-01  9.698E-02  9.346E-02  8.991E-02  8.631E-02  8.269E-02  7.905E-02
  319.5000  1.475E-01  1.438E-01  1.400E-01  1.361E-01  1.321E-01  1.280E-01  1.239E-01  1.196E-01  1.154E-01  1.110E-01  1.066E-01  1.022E-01  9.777E-02
  320.5000  1.813E-01  1.769E-01  1.722E-01  1.675E-01  1.627E-01  1.577E-01  1.526E-01  1.475E-01  1.423E-01  1.370E-01  1.317E-01  1.263E-01  1.209E-01
  321.5000  1.599E-01  1.562E-01  1.523E-01  1.483E-01  1.443E-01  1.401E-01  1.359E-01  1.315E-01  1.272E-01  1.227E-01  1.182E-01  1.136E-01  1.091E-01
  322.5000  1.566E-01  1.528E-01  1.489E-01  1.448E-01  1.407E-01  1.364E-01  1.321E-01  1.277E-01  1.233E-01  1.188E-01  1.142E-01  1.096E-01  1.050E-01
  323.5000  1.688E-01  1.649E-01  1.609E-01  1.569E-01  1.527E-01  1.484E-01  1.440E-01  1.395E-01  1.350E-01  1.304E-01  1.258E-01  1.210E-01  1.163E-01
  324.5000  1.979E-01  1.934E-01  1.887E-01  1.839E-01  1.790E-01  1.739E-01  1.688E-01  1.636E-01  1.582E-01  1.528E-01  1.473E-01  1.418E-01  1.362E-01
  325.5000  2.207E-01  2.156E-01  2.104E-01  2.050E-01  1.995E-01  1.938E-01  1.880E-01  1.821E-01  1.761E-01  1.701E-01  1.639E-01  1.577E-01  1.514E-01
  326.5000  2.752E-01  2.691E-01  2.629E-01  2.564E-01  2.498E-01  2.431E-01  2.362E-01  2.291E-01  2.220E-01  2.147E-01  2.073E-01  1.999E-01  1.923E-01
  327.5000  2.541E-01  2.484E-01  2.426E-01  2.366E-01  2.304E-01  2.240E-01  2.176E-01  2.110E-01  2.043E-01  1.975E-01  1.906E-01  1.836E-01  1.766E-01
  328.5000  2.349E-01  2.296E-01  2.242E-01  2.187E-01  2.130E-01  2.071E-01  2.011E-01  1.950E-01  1.888E-01  1.826E-01  1.762E-01  1.697E-01  1.632E-01
  329.5000  3.110E-01  3.043E-01  2.974E-01  2.903E-01  2.830E-01  2.755E-01  2.679E-01  2.600E-01  2.521E-01  2.440E-01  2.358E-01  2.276E-01  2.192E-01
  330.5000  2.806E-01  2.745E-01  2.682E-01  2.616E-01  2.550E-01  2.481E-01  2.411E-01  2.340E-01  2.267E-01  2.193E-01  2.118E-01  2.043E-01  1.966E-01
  331.5000  2.770E-01  2.710E-01  2.647E-01  2.582E-01  2.516E-01  2.448E-01  2.379E-01  2.309E-01  2.237E-01  2.164E-01  2.090E-01  2.015E-01  1.939E-01
  332.5000  2.770E-01  2.711E-01  2.650E-01  2.587E-01  2.522E-01  2.456E-01  2.389E-01  2.320E-01  2.249E-01  2.178E-01  2.106E-01  2.032E-01  1.958E-01
  333.5000  2.588E-01  2.533E-01  2.475E-01  2.416E-01  2.355E-01  2.292E-01  2.229E-01  2.163E-01  2.097E-01  2.030E-01  1.961E-01  1.892E-01  1.822E-01
  334.5000  2.903E-01  2.841E-01  2.777E-01  2.711E-01  2.643E-01  2.573E-01  2.502E-01  2.429E-01  2.355E-01  2.280E-01  2.204E-01  2.127E-01  2.049E-01
  335.5000  2.965E-01  2.902E-01  2.837E-01  2.770E-01  2.702E-01  2.632E-01  2.560E-01  2.487E-01  2.412E-01  2.336E-01  2.259E-01  2.181E-01  2.102E-01
  336.5000  2.315E-01  2.266E-01  2.215E-01  2.163E-01  2.109E-01  2.054E-01  1.998E-01  1.940E-01  1.882E-01  1.822E-01  1.762E-01  1.701E-01  1.639E-01
  337.5000  2.531E-01  2.477E-01  2.421E-01  2.363E-01  2.304E-01  2.243E-01  2.181E-01  2.118E-01  2.054E-01  1.988E-01  1.922E-01  1.854E-01  1.786E-01
  338.5000  2.692E-01  2.635E-01  2.576E-01  2.516E-01  2.454E-01  2.390E-01  2.325E-01  2.258E-01  2.191E-01  2.122E-01  2.052E-01  1.981E-01  1.910E-01
  339.5000  2.931E-01  2.869E-01  2.805E-01  2.740E-01  2.672E-01  2.603E-01  2.532E-01  2.460E-01  2.386E-01  2.312E-01  2.236E-01  2.159E-01  2.081E-01
  340.5000  3.127E-01  3.061E-01  2.993E-01  2.923E-01  2.850E-01  2.776E-01  2.700E-01  2.623E-01  2.544E-01  2.464E-01  2.383E-01  2.300E-01  2.217E-01
  341.5000  2.789E-01  2.731E-01  2.670E-01  2.608E-01  2.544E-01  2.478E-01  2.411E-01  2.342E-01  2.273E-01  2.202E-01  2.129E-01  2.056E-01  1.982E-01
  342.5000  3.094E-01  3.029E-01  2.962E-01  2.893E-01  2.822E-01  2.749E-01  2.675E-01  2.599E-01  2.522E-01  2.443E-01  2.363E-01  2.282E-01  2.200E-01
  343.5000  3.212E-01  3.145E-01  3.075E-01  3.003E-01  2.929E-01  2.854E-01  2.776E-01  2.697E-01  2.617E-01  2.535E-01  2.452E-01  2.368E-01  2.282E-01
  344.5000  2.250E-01  2.202E-01  2.154E-01  2.103E-01  2.052E-01  1.998E-01  1.944E-01  1.889E-01  1.832E-01  1.775E-01  1.716E-01  1.657E-01  1.597E-01
  345.5000  3.095E-01  3.030E-01  2.963E-01  2.894E-01  2.824E-01  2.751E-01  2.677E-01  2.601E-01  2.524E-01  2.445E-01  2.366E-01  2.285E-01  2.203E-01
  346.5000  2.891E-01  2.830E-01  2.768E-01  2.703E-01  2.637E-01  2.569E-01  2.499E-01  2.428E-01  2.356E-01  2.282E-01  2.208E-01  2.132E-01  2.055E-01
  347.5000  2.827E-01  2.768E-01  2.707E-01  2.644E-01  2.579E-01  2.512E-01  2.444E-01  2.375E-01  2.304E-01  2.232E-01  2.159E-01  2.085E-01  2.010E-01
  348.5000  3.111E-01  3.046E-01  2.979E-01  2.910E-01  2.839E-01  2.765E-01  2.691E-01  2.615E-01  2.537E-01  2.458E-01  2.377E-01  2.296E-01  2.214E-01
  349.5000  2.608E-01  2.554E-01  2.498E-01  2.440E-01  2.380E-01  2.319E-01  2.256E-01  2.192E-01  2.127E-01  2.061E-01  1.993E-01  1.925E-01  1.856E-01
  350.5000  3.655E-01  3.578E-01  3.500E-01  3.419E-01  3.335E-01  3.249E-01  3.162E-01  3.072E-01  2.981E-01  2.888E-01  2.794E-01  2.698E-01  2.601E-01
  351.5000  3.151E-01  3.085E-01  3.017E-01  2.947E-01  2.875E-01  2.801E-01  2.726E-01  2.649E-01  2.570E-01  2.490E-01  2.408E-01  2.326E-01  2.243E-01
  352.5000  2.844E-01  2.785E-01  2.723E-01  2.660E-01  2.595E-01  2.529E-01  2.461E-01  2.391E-01  2.320E-01  2.248E-01  2.174E-01  2.100E-01  2.025E-01
  353.5000  3.427E-01  3.355E-01  3.282E-01  3.206E-01  3.128E-01  3.047E-01  2.965E-01  2.882E-01  2.796E-01  2.709E-01  2.621E-01  2.531E-01  2.441E-01
  354.5000  3.712E-01  3.635E-01  3.555E-01  3.473E-01  3.388E-01  3.301E-01  3.213E-01  3.122E-01  3.029E-01  2.935E-01  2.840E-01  2.743E-01  2.645E-01
  355.5000  3.471E-01  3.399E-01  3.324E-01  3.247E-01  3.168E-01  3.087E-01  3.004E-01  2.920E-01  2.833E-01  2.745E-01  2.656E-01  2.565E-01  2.473E-01
  356.5000  3.223E-01  3.156E-01  3.087E-01  3.015E-01  2.942E-01  2.867E-01  2.790E-01  2.711E-01  2.631E-01  2.549E-01  2.466E-01  2.382E-01  2.297E-01
  357.5000  2.742E-01  2.685E-01  2.626E-01  2.566E-01  2.503E-01  2.439E-01  2.374E-01  2.307E-01  2.238E-01  2.169E-01  2.098E-01  2.027E-01  1.954E-01
  358.5000  2.117E-01  2.074E-01  2.028E-01  1.981E-01  1.933E-01  1.884E-01  1.833E-01  1.782E-01  1.729E-01  1.675E-01  1.621E-01  1.565E-01  1.510E-01
  359.5000  3.566E-01  3.492E-01  3.415E-01  3.337E-01  3.256E-01  3.172E-01  3.087E-01  3.000E-01  2.912E-01  2.821E-01  2.730E-01  2.637E-01  2.542E-01
  360.5000  3.307E-01  3.238E-01  3.168E-01  3.095E-01  3.020E-01  2.942E-01  2.863E-01  2.783E-01  2.701E-01  2.617E-01  2.532E-01  2.446E-01  2.358E-01
  361.5000  2.983E-01  2.921E-01  2.858E-01  2.792E-01  2.724E-01  2.655E-01  2.584E-01  2.511E-01  2.437E-01  2.361E-01  2.284E-01  2.207E-01  2.128E-01
  362.5000  3.505E-01  3.433E-01  3.358E-01  3.281E-01  3.201E-01  3.120E-01  3.036E-01  2.951E-01  2.864E-01  2.775E-01  2.685E-01  2.593E-01  2.501E-01
  363.5000  3.120E-01  3.055E-01  2.989E-01  2.920E-01  2.849E-01  2.777E-01  2.702E-01  2.626E-01  2.549E-01  2.470E-01  2.390E-01  2.309E-01  2.226E-01
  364.5000  3.405E-01  3.335E-01  3.262E-01  3.187E-01  3.110E-01  3.031E-01  2.950E-01  2.867E-01  2.782E-01  2.696E-01  2.609E-01  2.520E-01  2.430E-01
  365.5000  4.151E-01  4.066E-01  3.977E-01  3.886E-01  3.792E-01  3.695E-01  3.596E-01  3.495E-01  3.392E-01  3.287E-01  3.181E-01  3.072E-01  2.963E-01
  366.5000  4.396E-01  4.306E-01  4.212E-01  4.115E-01  4.016E-01  3.913E-01  3.809E-01  3.702E-01  3.593E-01  3.482E-01  3.369E-01  3.254E-01  3.138E-01
  367.5000  4.177E-01  4.091E-01  4.002E-01  3.910E-01  3.815E-01  3.718E-01  3.619E-01  3.517E-01  3.414E-01  3.308E-01  3.201E-01  3.092E-01  2.982E-01
  368.5000  3.671E-01  3.595E-01  3.517E-01  3.437E-01  3.354E-01  3.268E-01  3.181E-01  3.092E-01  3.001E-01  2.908E-01  2.814E-01  2.718E-01  2.621E-01
  369.5000  4.406E-01  4.315E-01  4.221E-01  4.125E-01  4.025E-01  3.923E-01  3.818E-01  3.711E-01  3.602E-01  3.491E-01  3.378E-01  3.263E-01  3.147E-01
  370.5000  4.000E-01  3.917E-01  3.832E-01  3.744E-01  3.654E-01  3.561E-01  3.466E-01  3.369E-01  3.270E-01  3.169E-01  3.067E-01  2.962E-01  2.857E-01
  371.5000  4.579E-01  4.485E-01  4.387E-01  4.287E-01  4.184E-01  4.077E-01  3.969E-01  3.858E-01  3.744E-01  3.629E-01  3.511E-01  3.392E-01  3.271E-01
  372.5000  3.384E-01  3.315E-01  3.243E-01  3.169E-01  3.092E-01  3.014E-01  2.933E-01  2.851E-01  2.768E-01  2.682E-01  2.595E-01  2.507E-01  2.418E-01
  373.5000  3.061E-01  2.998E-01  2.933E-01  2.866E-01  2.797E-01  2.726E-01  2.653E-01  2.579E-01  2.503E-01  2.426E-01  2.347E-01  2.268E-01  2.187E-01
  374.5000  3.361E-01  3.292E-01  3.220E-01  3.147E-01  3.071E-01  2.993E-01  2.914E-01  2.832E-01  2.749E-01  2.664E-01  2.578E-01  2.491E-01  2.402E-01
  375.5000  3.794E-01  3.716E-01  3.636E-01  3.553E-01  3.467E-01  3.379E-01  3.290E-01  3.198E-01  3.104E-01  3.008E-01  2.911E-01  2.812E-01  2.712E-01
  376.5000  3.791E-01  3.713E-01  3.633E-01  3.550E-01  3.465E-01  3.377E-01  3.287E-01  3.195E-01  3.101E-01  3.006E-01  2.909E-01  2.810E-01  2.710E-01
  377.5000  4.517E-01  4.424E-01  4.329E-01  4.230E-01  4.128E-01  4.024E-01  3.917E-01  3.807E-01  3.696E-01  3.582E-01  3.466E-01  3.349E-01  3.230E-01
  378.5000  4.926E-01  4.825E-01  4.720E-01  4.613E-01  4.502E-01  4.388E-01  4.272E-01  4.153E-01  4.031E-01  3.907E-01  3.781E-01  3.652E-01  3.523E-01
  379.5000  3.646E-01  3.572E-01  3.494E-01  3.415E-01  3.333E-01  3.249E-01  3.162E-01  3.074E-01  2.984E-01  2.892E-01  2.799E-01  2.704E-01  2.608E-01
  380.5000  4.388E-01  4.298E-01  4.205E-01  4.109E-01  4.011E-01  3.910E-01  3.806E-01  3.700E-01  3.591E-01  3.481E-01  3.369E-01  3.254E-01  3.139E-01
  381.5000  4.125E-01  4.041E-01  3.954E-01  3.864E-01  3.771E-01  3.676E-01  3.579E-01  3.479E-01  3.377E-01  3.273E-01  3.168E-01  3.060E-01  2.952E-01
  382.5000  2.750E-01  2.694E-01  2.636E-01  2.576E-01  2.514E-01  2.451E-01  2.386E-01  2.320E-01  2.252E-01  2.183E-01  2.112E-01  2.041E-01  1.968E-01
  383.5000  2.417E-01  2.367E-01  2.316E-01  2.264E-01  2.209E-01  2.154E-01  2.097E-01  2.038E-01  1.979E-01  1.918E-01  1.856E-01  1.793E-01  1.730E-01
  384.5000  3.629E-01  3.555E-01  3.478E-01  3.399E-01  3.318E-01  3.234E-01  3.148E-01  3.061E-01  2.971E-01  2.880E-01  2.787E-01  2.693E-01  2.598E-01
  385.5000  3.592E-01  3.519E-01  3.443E-01  3.365E-01  3.284E-01  3.202E-01  3.117E-01  3.030E-01  2.942E-01  2.851E-01  2.760E-01  2.666E-01  2.572E-01
  386.5000  3.663E-01  3.589E-01  3.512E-01  3.432E-01  3.350E-01  3.266E-01  3.179E-01  3.091E-01  3.001E-01  2.909E-01  2.815E-01  2.720E-01  2.623E-01
  387.5000  3.407E-01  3.337E-01  3.265E-01  3.191E-01  3.115E-01  3.037E-01  2.957E-01  2.874E-01  2.790E-01  2.705E-01  2.618E-01  2.529E-01  2.440E-01
  388.5000  3.416E-01  3.347E-01  3.275E-01  3.201E-01  3.124E-01  3.046E-01  2.965E-01  2.883E-01  2.799E-01  2.713E-01  2.626E-01  2.537E-01  2.447E-01
  389.5000  4.311E-01  4.223E-01  4.132E-01  4.039E-01  3.942E-01  3.843E-01  3.742E-01  3.638E-01  3.532E-01  3.424E-01  3.314E-01  3.202E-01  3.088E-01
  390.5000  4.237E-01  4.150E-01  4.061E-01  3.969E-01  3.875E-01  3.777E-01  3.678E-01  3.576E-01  3.472E-01  3.365E-01  3.257E-01  3.147E-01  3.036E-01
  391.5000  5.029E-01  4.927E-01  4.821E-01  4.712E-01  4.600E-01  4.485E-01  4.366E-01  4.245E-01  4.121E-01  3.995E-01  3.867E-01  3.737E-01  3.604E-01
  392.5000  3.774E-01  3.697E-01  3.618E-01  3.536E-01  3.452E-01  3.365E-01  3.276E-01  3.186E-01  3.093E-01  2.998E-01  2.902E-01  2.804E-01  2.705E-01
  393.5000  1.642E-01  1.608E-01  1.574E-01  1.538E-01  1.502E-01  1.464E-01  1.425E-01  1.386E-01  1.346E-01  1.304E-01  1.263E-01  1.220E-01  1.177E-01
  394.5000  3.865E-01  3.787E-01  3.706E-01  3.622E-01  3.536E-01  3.447E-01  3.357E-01  3.264E-01  3.169E-01  3.072E-01  2.973E-01  2.873E-01  2.772E-01
  395.5000  4.976E-01  4.875E-01  4.771E-01  4.663E-01  4.552E-01  4.438E-01  4.322E-01  4.202E-01  4.080E-01  3.955E-01  3.828E-01  3.699E-01  3.569E-01
  396.5000  2.923E-01  2.864E-01  2.803E-01  2.740E-01  2.675E-01  2.608E-01  2.539E-01  2.469E-01  2.397E-01  2.324E-01  2.250E-01  2.174E-01  2.097E-01
  397.5000  3.375E-01  3.307E-01  3.236E-01  3.163E-01  3.088E-01  3.011E-01  2.932E-01  2.851E-01  2.768E-01  2.684E-01  2.598E-01  2.510E-01  2.422E-01
  398.5000  5.803E-01  5.686E-01  5.564E-01  5.439E-01  5.310E-01  5.177E-01  5.041E-01  4.902E-01  4.760E-01  4.614E-01  4.467E-01  4.316E-01  4.164E-01
  399.5000  6.039E-01  5.917E-01  5.791E-01  5.661E-01  5.526E-01  5.388E-01  5.247E-01  5.102E-01  4.954E-01  4.803E-01  4.649E-01  4.493E-01  4.334E-01
------------------------------------------------------------
Dose rates,W m-2
   1 = UV index (WMO, 1994; Webb et al., 2011)           
   2 = Previtamin-D3 (CIE 2006)                          
values at z =      0.025 km
Columns: time,sza,weighting spectra
time,hrs.  sza,deg.          1          2
   15.0000     54.826  2.992E+00  1.346E-01
   15.0833     55.416  2.884E+00  1.290E-01
   15.1667     56.025  2.775E+00  1.234E-01
   15.2500     56.653  2.664E+00  1.177E-01
   15.3333     57.298  2.553E+00  1.120E-01
   15.4167     57.962  2.442E+00  1.063E-01
   15.5000     58.642  2.330E+00  1.006E-01
   15.5833     59.337  2.219E+00  9.495E-02
   15.6667     60.048  2.108E+00  8.936E-02
   15.7500     60.774  1.999E+00  8.385E-02
   15.8333     61.515  1.890E+00  7.843E-02
   15.9167     62.269  1.783E+00  7.312E-02
   16.0000     63.037  1.679E+00  6.794E-02
------------------------------------------------------------
