Spectral Irradiance,W m-2 nm-1
values at z =      0.025 km
Columns: wavelength (nm),times (hrs.) or sza (deg.)
    wc,nm     15.000     15.083     15.167     15.250     15.333     15.417     15.500     15.583     15.667     15.750     15.833     15.917     16.000
    sza =      51.789     52.425     53.081     53.754     54.445     55.154     55.878     56.618     57.373     58.142     58.925     59.721     60.530
  280.5000  9.656E-21  5.383E-21  2.938E-21  1.541E-21  7.837E-22  3.876E-22  1.887E-22  9.203E-23  4.631E-23  2.504E-23  1.508E-23  1.022E-23  7.668E-24
  281.5000  1.102E-18  6.516E-19  3.736E-19  2.079E-19  1.123E-19  5.916E-20  3.062E-20  1.578E-20  8.271E-21  4.553E-21  2.720E-21  1.799E-21  1.312E-21
  282.5000  4.410E-17  2.727E-17  1.629E-17  9.594E-18  5.414E-18  3.035E-18  1.656E-18  8.960E-19  4.886E-19  2.750E-19  1.645E-19  1.069E-19  7.602E-20
  283.5000  4.387E-16  2.793E-16  1.732E-16  1.047E-16  6.164E-17  3.544E-17  2.001E-17  1.118E-17  6.263E-18  3.588E-18  2.156E-18  1.390E-18  9.723E-19
  284.5000  1.742E-14  1.170E-14  7.676E-15  4.920E-15  3.047E-15  1.889E-15  1.137E-15  6.757E-16  3.996E-16  2.384E-16  1.460E-16  9.373E-17  6.406E-17
  285.5000  1.659E-13  1.159E-13  7.924E-14  5.306E-14  3.479E-14  2.235E-14  1.411E-14  8.777E-15  5.416E-15  3.346E-15  2.096E-15  1.354E-15  9.163E-16
  286.5000  4.231E-12  3.044E-12  2.149E-12  1.487E-12  1.010E-12  6.724E-13  4.402E-13  2.840E-13  1.813E-13  1.154E-13  7.388E-14  4.824E-14  3.258E-14
  287.5000  5.695E-11  4.236E-11  3.097E-11  2.217E-11  1.569E-11  1.088E-11  7.420E-12  4.987E-12  3.312E-12  2.184E-12  1.439E-12  9.578E-13  6.507E-13
  288.5000  7.211E-10  5.560E-10  4.222E-10  3.156E-10  2.323E-10  1.682E-10  1.200E-10  8.435E-11  5.857E-11  4.027E-11  2.754E-11  1.885E-11  1.302E-11
  289.5000  7.678E-09  6.074E-09  4.738E-09  3.644E-09  2.763E-09  2.064E-09  1.520E-09  1.104E-09  7.923E-10  5.622E-10  3.958E-10  2.777E-10  1.952E-10
  290.5000  5.364E-08  4.335E-08  3.459E-08  2.725E-08  2.118E-08  1.624E-08  1.229E-08  9.182E-09  6.773E-09  4.941E-09  3.570E-09  2.564E-09  1.837E-09
  291.5000  3.170E-07  2.625E-07  2.149E-07  1.739E-07  1.385E-07  1.099E-07  8.576E-08  6.613E-08  5.039E-08  3.797E-08  2.832E-08  2.094E-08  1.540E-08
  292.5000  1.268E-06  1.071E-06  8.952E-07  7.407E-07  6.053E-07  4.907E-07  3.929E-07  3.110E-07  2.434E-07  1.885E-07  1.444E-07  1.096E-07  8.258E-08
  293.5000  5.895E-06  5.071E-06  4.323E-06  3.650E-06  3.054E-06  2.530E-06  2.075E-06  1.684E-06  1.352E-06  1.075E-06  8.456E-07  6.589E-07  5.090E-07
  294.5000  1.625E-05  1.418E-05  1.228E-05  1.054E-05  8.967E-06  7.562E-06  6.318E-06  5.228E-06  4.285E-06  3.477E-06  2.794E-06  2.224E-06  1.754E-06
  295.5000  6.057E-05  5.369E-05  4.724E-05  4.125E-05  3.573E-05  3.072E-05  2.619E-05  2.213E-05  1.853E-05  1.538E-05  1.265E-05  1.031E-05  8.327E-06
  296.5000  1.466E-04  1.316E-04  1.174E-04  1.040E-04  9.144E-05  7.984E-05  6.919E-05  5.950E-05  5.075E-05  4.293E-05  3.601E-05  2.994E-05  2.468E-05
  297.5000  3.743E-04  3.397E-04  3.065E-04  2.749E-04  2.450E-04  2.169E-04  1.908E-04  1.666E-04  1.444E-04  1.242E-04  1.060E-04  8.976E-05  7.536E-05
  298.5000  5.681E-04  5.204E-04  4.743E-04  4.299E-04  3.874E-04  3.470E-04  3.090E-04  2.733E-04  2.402E-04  2.096E-04  1.815E-04  1.561E-04  1.332E-04
  299.5000  1.591E-03  1.471E-03  1.353E-03  1.238E-03  1.128E-03  1.021E-03  9.202E-04  8.241E-04  7.335E-04  6.488E-04  5.701E-04  4.975E-04  4.311E-04
  300.5000  1.776E-03  1.653E-03  1.531E-03  1.412E-03  1.296E-03  1.184E-03  1.076E-03  9.730E-04  8.748E-04  7.819E-04  6.946E-04  6.131E-04  5.376E-04
  301.5000  4.262E-03  3.995E-03  3.729E-03  3.465E-03  3.212E-03  2.961E-03  2.717E-03  2.482E-03  2.256E-03  2.039E-03  1.833E-03  1.639E-03  1.456E-03
  302.5000  6.018E-03  5.667E-03  5.318E-03  4.972E-03  4.630E-03  4.294E-03  3.966E-03  3.647E-03  3.338E-03  3.041E-03  2.755E-03  2.484E-03  2.226E-03
  303.5000  1.190E-02  1.127E-02  1.064E-02  1.001E-02  9.384E-03  8.766E-03  8.158E-03  7.561E-03  6.980E-03  6.414E-03  5.868E-03  5.342E-03  4.838E-03
  304.5000  1.419E-02  1.348E-02  1.277E-02  1.204E-02  1.135E-02  1.064E-02  9.948E-03  9.263E-03  8.592E-03  7.937E-03  7.300E-03  6.684E-03  6.090E-03
  305.5000  2.130E-02  2.033E-02  1.936E-02  1.838E-02  1.740E-02  1.642E-02  1.545E-02  1.449E-02  1.353E-02  1.260E-02  1.168E-02  1.079E-02  9.923E-03
  306.5000  2.352E-02  2.250E-02  2.147E-02  2.044E-02  1.939E-02  1.835E-02  1.731E-02  1.628E-02  1.526E-02  1.425E-02  1.326E-02  1.229E-02  1.135E-02
  307.5000  3.773E-02  3.624E-02  3.473E-02  3.320E-02  3.166E-02  3.011E-02  2.856E-02  2.701E-02  2.547E-02  2.394E-02  2.243E-02  2.094E-02  1.948E-02
  308.5000  4.404E-02  4.236E-02  4.066E-02  3.894E-02  3.720E-02  3.545E-02  3.369E-02  3.193E-02  3.018E-02  2.844E-02  2.671E-02  2.501E-02  2.333E-02
  309.5000  4.163E-02  4.018E-02  3.867E-02  3.714E-02  3.560E-02  3.403E-02  3.246E-02  3.089E-02  2.931E-02  2.774E-02  2.617E-02  2.462E-02  2.308E-02
  310.5000  5.969E-02  5.768E-02  5.563E-02  5.354E-02  5.143E-02  4.929E-02  4.714E-02  4.497E-02  4.279E-02  4.062E-02  3.845E-02  3.629E-02  3.415E-02
  311.5000  7.946E-02  7.688E-02  7.424E-02  7.156E-02  6.884E-02  6.608E-02  6.330E-02  6.049E-02  5.768E-02  5.485E-02  5.203E-02  4.922E-02  4.643E-02
  312.5000  8.225E-02  7.976E-02  7.721E-02  7.461E-02  7.196E-02  6.927E-02  6.655E-02  6.381E-02  6.104E-02  5.826E-02  5.548E-02  5.270E-02  4.992E-02
  313.5000  9.470E-02  9.189E-02  8.900E-02  8.605E-02  8.305E-02  8.000E-02  7.691E-02  7.380E-02  7.065E-02  6.749E-02  6.433E-02  6.116E-02  5.799E-02
  314.5000  9.954E-02  9.676E-02  9.391E-02  9.099E-02  8.802E-02  8.499E-02  8.192E-02  7.882E-02  7.568E-02  7.252E-02  6.934E-02  6.615E-02  6.296E-02
  315.5000  1.038E-01  1.009E-01  9.798E-02  9.497E-02  9.190E-02  8.878E-02  8.561E-02  8.240E-02  7.915E-02  7.588E-02  7.260E-02  6.930E-02  6.600E-02
  316.5000  1.075E-01  1.046E-01  1.018E-01  9.879E-02  9.577E-02  9.269E-02  8.956E-02  8.638E-02  8.317E-02  7.992E-02  7.665E-02  7.337E-02  7.007E-02
  317.5000  1.522E-01  1.482E-01  1.441E-01  1.399E-01  1.357E-01  1.313E-01  1.269E-01  1.224E-01  1.178E-01  1.132E-01  1.086E-01  1.039E-01  9.926E-02
  318.5000  1.240E-01  1.209E-01  1.178E-01  1.145E-01  1.112E-01  1.078E-01  1.044E-01  1.009E-01  9.730E-02  9.371E-02  9.008E-02  8.643E-02  8.276E-02
  319.5000  1.525E-01  1.488E-01  1.449E-01  1.409E-01  1.369E-01  1.328E-01  1.286E-01  1.243E-01  1.200E-01  1.156E-01  1.112E-01  1.067E-01  1.022E-01
  320.5000  1.873E-01  1.827E-01  1.780E-01  1.732E-01  1.683E-01  1.633E-01  1.582E-01  1.530E-01  1.477E-01  1.424E-01  1.370E-01  1.316E-01  1.262E-01
  321.5000  1.641E-01  1.603E-01  1.564E-01  1.524E-01  1.483E-01  1.441E-01  1.398E-01  1.355E-01  1.311E-01  1.266E-01  1.221E-01  1.175E-01  1.129E-01
  322.5000  1.616E-01  1.577E-01  1.538E-01  1.497E-01  1.455E-01  1.412E-01  1.368E-01  1.324E-01  1.279E-01  1.233E-01  1.187E-01  1.141E-01  1.094E-01
  323.5000  1.728E-01  1.689E-01  1.649E-01  1.608E-01  1.566E-01  1.522E-01  1.478E-01  1.434E-01  1.388E-01  1.342E-01  1.295E-01  1.248E-01  1.200E-01
  324.5000  2.028E-01  1.982E-01  1.935E-01  1.887E-01  1.837E-01  1.786E-01  1.734E-01  1.682E-01  1.628E-01  1.574E-01  1.519E-01  1.463E-01  1.407E-01
  325.5000  2.266E-01  2.214E-01  2.161E-01  2.106E-01  2.050E-01  1.993E-01  1.935E-01  1.875E-01  1.815E-01  1.754E-01  1.692E-01  1.630E-01  1.567E-01
  326.5000  2.810E-01  2.749E-01  2.686E-01  2.621E-01  2.554E-01  2.486E-01  2.417E-01  2.346E-01  2.274E-01  2.201E-01  2.127E-01  2.052E-01  1.977E-01
  327.5000  2.601E-01  2.543E-01  2.484E-01  2.423E-01  2.361E-01  2.297E-01  2.232E-01  2.165E-01  2.098E-01  2.030E-01  1.960E-01  1.890E-01  1.820E-01
  328.5000  2.405E-01  2.351E-01  2.297E-01  2.241E-01  2.183E-01  2.124E-01  2.064E-01  2.002E-01  1.940E-01  1.877E-01  1.813E-01  1.748E-01  1.683E-01
  329.5000  3.173E-01  3.105E-01  3.035E-01  2.963E-01  2.889E-01  2.814E-01  2.737E-01  2.659E-01  2.579E-01  2.498E-01  2.416E-01  2.333E-01  2.249E-01
  330.5000  2.868E-01  2.806E-01  2.742E-01  2.676E-01  2.609E-01  2.540E-01  2.469E-01  2.398E-01  2.325E-01  2.250E-01  2.175E-01  2.099E-01  2.023E-01
  331.5000  2.834E-01  2.772E-01  2.709E-01  2.644E-01  2.577E-01  2.508E-01  2.439E-01  2.368E-01  2.295E-01  2.222E-01  2.148E-01  2.072E-01  1.997E-01
  332.5000  2.826E-01  2.766E-01  2.704E-01  2.641E-01  2.576E-01  2.509E-01  2.441E-01  2.372E-01  2.301E-01  2.230E-01  2.157E-01  2.084E-01  2.009E-01
  333.5000  2.645E-01  2.589E-01  2.530E-01  2.470E-01  2.409E-01  2.346E-01  2.282E-01  2.216E-01  2.150E-01  2.082E-01  2.013E-01  1.944E-01  1.874E-01
  334.5000  2.966E-01  2.903E-01  2.838E-01  2.771E-01  2.703E-01  2.632E-01  2.561E-01  2.488E-01  2.413E-01  2.338E-01  2.261E-01  2.184E-01  2.106E-01
  335.5000  3.026E-01  2.962E-01  2.897E-01  2.829E-01  2.760E-01  2.689E-01  2.617E-01  2.543E-01  2.468E-01  2.392E-01  2.315E-01  2.236E-01  2.158E-01
  336.5000  2.364E-01  2.314E-01  2.263E-01  2.210E-01  2.156E-01  2.101E-01  2.044E-01  1.986E-01  1.927E-01  1.868E-01  1.807E-01  1.746E-01  1.684E-01
  337.5000  2.588E-01  2.533E-01  2.477E-01  2.419E-01  2.359E-01  2.298E-01  2.235E-01  2.171E-01  2.106E-01  2.041E-01  1.974E-01  1.906E-01  1.838E-01
  338.5000  2.750E-01  2.692E-01  2.633E-01  2.572E-01  2.509E-01  2.445E-01  2.379E-01  2.312E-01  2.244E-01  2.175E-01  2.105E-01  2.034E-01  1.962E-01
  339.5000  2.995E-01  2.932E-01  2.867E-01  2.801E-01  2.733E-01  2.663E-01  2.592E-01  2.519E-01  2.445E-01  2.370E-01  2.293E-01  2.216E-01  2.138E-01
  340.5000  3.198E-01  3.131E-01  3.062E-01  2.991E-01  2.918E-01  2.843E-01  2.766E-01  2.688E-01  2.609E-01  2.528E-01  2.446E-01  2.364E-01  2.280E-01
  341.5000  2.851E-01  2.792E-01  2.731E-01  2.668E-01  2.603E-01  2.536E-01  2.469E-01  2.400E-01  2.329E-01  2.258E-01  2.185E-01  2.112E-01  2.038E-01
  342.5000  3.163E-01  3.098E-01  3.030E-01  2.960E-01  2.888E-01  2.815E-01  2.740E-01  2.663E-01  2.585E-01  2.506E-01  2.425E-01  2.344E-01  2.262E-01
  343.5000  3.286E-01  3.218E-01  3.147E-01  3.074E-01  3.000E-01  2.923E-01  2.845E-01  2.765E-01  2.684E-01  2.602E-01  2.518E-01  2.434E-01  2.348E-01
  344.5000  2.303E-01  2.255E-01  2.205E-01  2.154E-01  2.102E-01  2.048E-01  1.993E-01  1.937E-01  1.881E-01  1.823E-01  1.764E-01  1.704E-01  1.644E-01
  345.5000  3.167E-01  3.101E-01  3.033E-01  2.963E-01  2.892E-01  2.819E-01  2.744E-01  2.667E-01  2.589E-01  2.510E-01  2.430E-01  2.348E-01  2.266E-01
  346.5000  2.960E-01  2.899E-01  2.835E-01  2.770E-01  2.703E-01  2.634E-01  2.564E-01  2.492E-01  2.419E-01  2.345E-01  2.269E-01  2.193E-01  2.116E-01
  347.5000  2.896E-01  2.835E-01  2.773E-01  2.710E-01  2.644E-01  2.577E-01  2.508E-01  2.438E-01  2.367E-01  2.294E-01  2.220E-01  2.146E-01  2.070E-01
  348.5000  3.187E-01  3.121E-01  3.053E-01  2.983E-01  2.911E-01  2.837E-01  2.761E-01  2.684E-01  2.606E-01  2.526E-01  2.445E-01  2.363E-01  2.280E-01
  349.5000  2.673E-01  2.618E-01  2.560E-01  2.502E-01  2.441E-01  2.379E-01  2.316E-01  2.251E-01  2.186E-01  2.119E-01  2.051E-01  1.982E-01  1.913E-01
  350.5000  3.746E-01  3.669E-01  3.589E-01  3.506E-01  3.422E-01  3.335E-01  3.246E-01  3.156E-01  3.064E-01  2.970E-01  2.875E-01  2.779E-01  2.681E-01
  351.5000  3.231E-01  3.164E-01  3.095E-01  3.024E-01  2.951E-01  2.876E-01  2.800E-01  2.722E-01  2.642E-01  2.561E-01  2.479E-01  2.396E-01  2.312E-01
  352.5000  2.917E-01  2.857E-01  2.794E-01  2.730E-01  2.664E-01  2.597E-01  2.528E-01  2.458E-01  2.386E-01  2.313E-01  2.239E-01  2.164E-01  2.088E-01
  353.5000  3.515E-01  3.443E-01  3.368E-01  3.291E-01  3.211E-01  3.130E-01  3.047E-01  2.962E-01  2.876E-01  2.788E-01  2.699E-01  2.609E-01  2.518E-01
  354.5000  3.809E-01  3.730E-01  3.649E-01  3.565E-01  3.480E-01  3.392E-01  3.302E-01  3.210E-01  3.117E-01  3.022E-01  2.925E-01  2.827E-01  2.729E-01
  355.5000  3.562E-01  3.489E-01  3.413E-01  3.335E-01  3.255E-01  3.173E-01  3.089E-01  3.003E-01  2.915E-01  2.827E-01  2.736E-01  2.645E-01  2.553E-01
  356.5000  3.309E-01  3.241E-01  3.170E-01  3.098E-01  3.023E-01  2.947E-01  2.869E-01  2.789E-01  2.708E-01  2.626E-01  2.542E-01  2.457E-01  2.371E-01
  357.5000  2.816E-01  2.758E-01  2.698E-01  2.636E-01  2.573E-01  2.508E-01  2.442E-01  2.374E-01  2.305E-01  2.235E-01  2.163E-01  2.091E-01  2.018E-01
  358.5000  2.175E-01  2.130E-01  2.084E-01  2.036E-01  1.988E-01  1.937E-01  1.886E-01  1.834E-01  1.781E-01  1.726E-01  1.671E-01  1.616E-01  1.559E-01
  359.5000  3.663E-01  3.588E-01  3.510E-01  3.430E-01  3.348E-01  3.264E-01  3.177E-01  3.089E-01  3.000E-01  2.908E-01  2.816E-01  2.722E-01  2.627E-01
  360.5000  3.398E-01  3.329E-01  3.256E-01  3.182E-01  3.106E-01  3.028E-01  2.948E-01  2.866E-01  2.783E-01  2.698E-01  2.612E-01  2.525E-01  2.437E-01
  361.5000  3.067E-01  3.004E-01  2.939E-01  2.872E-01  2.803E-01  2.732E-01  2.660E-01  2.587E-01  2.512E-01  2.435E-01  2.358E-01  2.279E-01  2.200E-01
  362.5000  3.604E-01  3.530E-01  3.454E-01  3.375E-01  3.294E-01  3.212E-01  3.127E-01  3.040E-01  2.952E-01  2.862E-01  2.771E-01  2.679E-01  2.586E-01
  363.5000  3.209E-01  3.143E-01  3.075E-01  3.005E-01  2.933E-01  2.859E-01  2.784E-01  2.707E-01  2.629E-01  2.549E-01  2.468E-01  2.386E-01  2.302E-01
  364.5000  3.503E-01  3.431E-01  3.357E-01  3.281E-01  3.202E-01  3.122E-01  3.040E-01  2.956E-01  2.870E-01  2.783E-01  2.694E-01  2.605E-01  2.514E-01
  365.5000  4.272E-01  4.184E-01  4.094E-01  4.001E-01  3.905E-01  3.807E-01  3.707E-01  3.604E-01  3.500E-01  3.394E-01  3.286E-01  3.177E-01  3.066E-01
  366.5000  4.525E-01  4.432E-01  4.336E-01  4.238E-01  4.137E-01  4.033E-01  3.927E-01  3.818E-01  3.708E-01  3.595E-01  3.481E-01  3.365E-01  3.248E-01
  367.5000  4.299E-01  4.212E-01  4.121E-01  4.027E-01  3.931E-01  3.833E-01  3.732E-01  3.629E-01  3.524E-01  3.417E-01  3.309E-01  3.198E-01  3.087E-01
  368.5000  3.780E-01  3.703E-01  3.623E-01  3.541E-01  3.456E-01  3.370E-01  3.281E-01  3.191E-01  3.098E-01  3.005E-01  2.909E-01  2.812E-01  2.715E-01
  369.5000  4.538E-01  4.445E-01  4.349E-01  4.251E-01  4.150E-01  4.046E-01  3.939E-01  3.831E-01  3.720E-01  3.607E-01  3.493E-01  3.377E-01  3.259E-01
  370.5000  4.120E-01  4.036E-01  3.949E-01  3.860E-01  3.768E-01  3.674E-01  3.577E-01  3.479E-01  3.378E-01  3.276E-01  3.172E-01  3.066E-01  2.960E-01
  371.5000  4.718E-01  4.622E-01  4.522E-01  4.420E-01  4.315E-01  4.207E-01  4.096E-01  3.984E-01  3.869E-01  3.752E-01  3.633E-01  3.512E-01  3.390E-01
  372.5000  3.488E-01  3.417E-01  3.343E-01  3.268E-01  3.190E-01  3.110E-01  3.028E-01  2.945E-01  2.860E-01  2.774E-01  2.686E-01  2.597E-01  2.506E-01
  373.5000  3.155E-01  3.091E-01  3.024E-01  2.956E-01  2.886E-01  2.813E-01  2.740E-01  2.664E-01  2.587E-01  2.509E-01  2.430E-01  2.349E-01  2.267E-01
  374.5000  3.465E-01  3.395E-01  3.322E-01  3.247E-01  3.170E-01  3.090E-01  3.009E-01  2.927E-01  2.842E-01  2.756E-01  2.669E-01  2.581E-01  2.491E-01
  375.5000  3.913E-01  3.833E-01  3.751E-01  3.666E-01  3.579E-01  3.490E-01  3.398E-01  3.305E-01  3.210E-01  3.113E-01  3.014E-01  2.914E-01  2.813E-01
  376.5000  3.910E-01  3.831E-01  3.749E-01  3.664E-01  3.577E-01  3.488E-01  3.397E-01  3.303E-01  3.208E-01  3.111E-01  3.013E-01  2.913E-01  2.812E-01
  377.5000  4.660E-01  4.565E-01  4.467E-01  4.367E-01  4.263E-01  4.157E-01  4.048E-01  3.937E-01  3.824E-01  3.708E-01  3.591E-01  3.472E-01  3.352E-01
  378.5000  5.083E-01  4.979E-01  4.873E-01  4.763E-01  4.650E-01  4.534E-01  4.416E-01  4.295E-01  4.171E-01  4.045E-01  3.917E-01  3.788E-01  3.656E-01
  379.5000  3.763E-01  3.687E-01  3.608E-01  3.527E-01  3.443E-01  3.358E-01  3.270E-01  3.180E-01  3.089E-01  2.996E-01  2.901E-01  2.805E-01  2.708E-01
  380.5000  4.529E-01  4.437E-01  4.343E-01  4.245E-01  4.145E-01  4.041E-01  3.936E-01  3.828E-01  3.718E-01  3.606E-01  3.492E-01  3.376E-01  3.259E-01
  381.5000  4.259E-01  4.173E-01  4.084E-01  3.992E-01  3.898E-01  3.801E-01  3.702E-01  3.600E-01  3.497E-01  3.391E-01  3.284E-01  3.176E-01  3.066E-01
  382.5000  2.840E-01  2.783E-01  2.723E-01  2.662E-01  2.599E-01  2.535E-01  2.469E-01  2.401E-01  2.332E-01  2.262E-01  2.190E-01  2.118E-01  2.045E-01
  383.5000  2.496E-01  2.446E-01  2.393E-01  2.340E-01  2.284E-01  2.228E-01  2.170E-01  2.110E-01  2.050E-01  1.988E-01  1.925E-01  1.862E-01  1.797E-01
  384.5000  3.749E-01  3.673E-01  3.595E-01  3.514E-01  3.431E-01  3.346E-01  3.259E-01  3.170E-01  3.079E-01  2.986E-01  2.892E-01  2.796E-01  2.700E-01
  385.5000  3.711E-01  3.637E-01  3.559E-01  3.479E-01  3.397E-01  3.313E-01  3.227E-01  3.138E-01  3.048E-01  2.957E-01  2.864E-01  2.769E-01  2.673E-01
  386.5000  3.786E-01  3.710E-01  3.631E-01  3.549E-01  3.466E-01  3.380E-01  3.292E-01  3.202E-01  3.110E-01  3.017E-01  2.922E-01  2.825E-01  2.727E-01
  387.5000  3.521E-01  3.450E-01  3.377E-01  3.301E-01  3.223E-01  3.144E-01  3.062E-01  2.978E-01  2.893E-01  2.806E-01  2.718E-01  2.628E-01  2.537E-01
  388.5000  3.532E-01  3.461E-01  3.387E-01  3.311E-01  3.234E-01  3.153E-01  3.071E-01  2.988E-01  2.902E-01  2.815E-01  2.726E-01  2.636E-01  2.545E-01
  389.5000  4.457E-01  4.368E-01  4.275E-01  4.179E-01  4.081E-01  3.980E-01  3.877E-01  3.771E-01  3.663E-01  3.553E-01  3.441E-01  3.328E-01  3.213E-01
  390.5000  4.381E-01  4.293E-01  4.202E-01  4.108E-01  4.012E-01  3.912E-01  3.811E-01  3.707E-01  3.601E-01  3.493E-01  3.383E-01  3.272E-01  3.159E-01
  391.5000  5.202E-01  5.097E-01  4.989E-01  4.878E-01  4.763E-01  4.646E-01  4.525E-01  4.402E-01  4.276E-01  4.148E-01  4.017E-01  3.885E-01  3.751E-01
  392.5000  3.904E-01  3.826E-01  3.744E-01  3.661E-01  3.575E-01  3.487E-01  3.396E-01  3.304E-01  3.209E-01  3.113E-01  3.015E-01  2.916E-01  2.816E-01
  393.5000  1.699E-01  1.664E-01  1.629E-01  1.593E-01  1.556E-01  1.517E-01  1.478E-01  1.438E-01  1.397E-01  1.355E-01  1.312E-01  1.269E-01  1.225E-01
  394.5000  4.000E-01  3.920E-01  3.837E-01  3.751E-01  3.663E-01  3.573E-01  3.480E-01  3.386E-01  3.289E-01  3.191E-01  3.091E-01  2.989E-01  2.886E-01
  395.5000  5.150E-01  5.047E-01  4.941E-01  4.831E-01  4.717E-01  4.601E-01  4.482E-01  4.360E-01  4.236E-01  4.109E-01  3.980E-01  3.849E-01  3.717E-01
  396.5000  3.026E-01  2.966E-01  2.903E-01  2.839E-01  2.772E-01  2.704E-01  2.634E-01  2.562E-01  2.489E-01  2.415E-01  2.339E-01  2.262E-01  2.184E-01
  397.5000  3.495E-01  3.425E-01  3.353E-01  3.278E-01  3.201E-01  3.122E-01  3.042E-01  2.959E-01  2.875E-01  2.789E-01  2.702E-01  2.613E-01  2.523E-01
  398.5000  6.010E-01  5.889E-01  5.765E-01  5.637E-01  5.505E-01  5.370E-01  5.231E-01  5.089E-01  4.944E-01  4.796E-01  4.646E-01  4.494E-01  4.339E-01
  399.5000  6.255E-01  6.130E-01  6.001E-01  5.868E-01  5.730E-01  5.589E-01  5.445E-01  5.297E-01  5.147E-01  4.993E-01  4.837E-01  4.678E-01  4.517E-01
------------------------------------------------------------
Dose rates,W m-2
   1 = UV index (WMO, 1994; Webb et al., 2011)           
   2 = Previtamin-D3 (CIE 2006)                          
values at z =      0.025 km
Columns: time,sza,weighting spectra
time,hrs.  sza,deg.          1          2
   15.0000     51.789  3.276E+00  1.507E-01
   15.0833     52.425  3.159E+00  1.446E-01
   15.1667     53.081  3.040E+00  1.385E-01
   15.2500     53.754  2.919E+00  1.322E-01
   15.3333     54.445  2.799E+00  1.260E-01
   15.4167     55.154  2.678E+00  1.198E-01
   15.5000     55.878  2.557E+00  1.136E-01
   15.5833     56.618  2.437E+00  1.074E-01
   15.6667     57.373  2.317E+00  1.013E-01
   15.7500     58.142  2.198E+00  9.523E-02
   15.8333     58.925  2.081E+00  8.929E-02
   15.9167     59.721  1.966E+00  8.346E-02
   16.0000     60.530  1.852E+00  7.776E-02
------------------------------------------------------------
