Spectral Irradiance,W m-2 nm-1
values at z =      0.025 km
Columns: wavelength (nm),times (hrs.) or sza (deg.)
    wc,nm     15.000     15.083     15.167     15.250     15.333     15.417     15.500     15.583     15.667     15.750     15.833     15.917     16.000
    sza =      52.049     52.681     53.332     54.001     54.688     55.393     56.113     56.849     57.600     58.365     59.144     59.936     60.742
  280.5000  2.384E-22  1.271E-22  6.527E-23  3.237E-23  1.554E-23  7.275E-24  3.374E-24  1.592E-24  7.969E-25  4.436E-25  2.820E-25  2.025E-25  1.588E-25
  281.5000  3.864E-20  2.181E-20  1.191E-20  6.297E-21  3.215E-21  1.617E-21  7.991E-22  3.975E-22  2.054E-22  1.146E-22  7.131E-23  4.968E-23  3.796E-23
  282.5000  2.090E-18  1.239E-18  7.128E-19  3.981E-19  2.153E-19  1.146E-19  5.984E-20  3.124E-20  1.669E-20  9.414E-21  5.785E-21  3.929E-21  2.926E-21
  283.5000  2.450E-17  1.547E-17  9.204E-18  5.325E-18  2.989E-18  1.650E-18  8.932E-19  4.815E-19  2.634E-19  1.503E-19  9.193E-20  6.150E-20  4.496E-20
  284.5000  1.434E-15  9.305E-16  5.841E-16  3.633E-16  2.177E-16  1.289E-16  7.471E-17  4.288E-17  2.468E-17  1.452E-17  8.926E-18  5.856E-18  4.144E-18
  285.5000  1.778E-14  1.204E-14  7.971E-15  5.158E-15  3.259E-15  2.023E-15  1.233E-15  7.424E-16  4.456E-16  2.701E-16  1.683E-16  1.098E-16  7.619E-17
  286.5000  5.553E-13  3.885E-13  2.662E-13  1.786E-13  1.170E-13  7.566E-14  4.794E-14  2.998E-14  1.861E-14  1.159E-14  7.342E-15  4.804E-15  3.297E-15
  287.5000  9.360E-12  6.791E-12  4.835E-12  3.378E-12  2.316E-12  1.558E-12  1.032E-12  6.734E-13  4.353E-13  2.806E-13  1.821E-13  1.204E-13  8.230E-14
  288.5000  1.513E-10  1.142E-10  8.475E-11  6.185E-11  4.438E-11  3.131E-11  2.175E-11  1.490E-11  1.009E-11  6.779E-12  4.550E-12  3.077E-12  2.117E-12
  289.5000  1.919E-09  1.489E-09  1.138E-09  8.569E-10  6.352E-10  4.635E-10  3.334E-10  2.364E-10  1.656E-10  1.150E-10  7.937E-11  5.483E-11  3.821E-11
  290.5000  1.553E-08  1.234E-08  9.665E-09  7.434E-09  5.689E-09  4.271E-09  3.163E-09  2.311E-09  1.668E-09  1.191E-09  8.437E-10  5.958E-10  4.217E-10
  291.5000  1.084E-07  8.842E-08  7.125E-08  5.670E-08  4.455E-08  3.455E-08  2.646E-08  2.000E-08  1.494E-08  1.104E-08  8.077E-09  5.871E-09  4.254E-09
  292.5000  4.970E-07  4.142E-07  3.415E-07  2.784E-07  2.243E-07  1.786E-07  1.406E-07  1.093E-07  8.406E-08  6.391E-08  4.810E-08  3.590E-08  2.663E-08
  293.5000  2.627E-06  2.234E-06  1.881E-06  1.569E-06  1.295E-06  1.057E-06  8.539E-07  6.823E-07  5.392E-07  4.216E-07  3.263E-07  2.501E-07  1.902E-07
  294.5000  8.004E-06  6.916E-06  5.923E-06  5.027E-06  4.227E-06  3.518E-06  2.901E-06  2.367E-06  1.912E-06  1.529E-06  1.210E-06  9.486E-07  7.372E-07
  295.5000  3.320E-05  2.917E-05  2.543E-05  2.195E-05  1.886E-05  1.603E-05  1.351E-05  1.128E-05  9.325E-06  7.639E-06  6.198E-06  4.981E-06  3.967E-06
  296.5000  8.780E-05  7.821E-05  6.920E-05  6.053E-05  5.298E-05  4.581E-05  3.931E-05  3.344E-05  2.821E-05  2.359E-05  1.954E-05  1.605E-05  1.306E-05
  297.5000  2.422E-04  2.184E-04  1.957E-04  1.743E-04  1.541E-04  1.353E-04  1.180E-04  1.021E-04  8.760E-05  7.458E-05  6.298E-05  5.273E-05  4.376E-05
  298.5000  3.925E-04  3.576E-04  3.239E-04  2.917E-04  2.611E-04  2.322E-04  2.051E-04  1.800E-04  1.568E-04  1.356E-04  1.164E-04  9.905E-05  8.364E-05
  299.5000  1.169E-03  1.076E-03  9.844E-04  8.932E-04  8.113E-04  7.303E-04  6.535E-04  5.812E-04  5.135E-04  4.506E-04  3.927E-04  3.397E-04  2.917E-04
  300.5000  1.368E-03  1.268E-03  1.169E-03  1.073E-03  9.803E-04  8.906E-04  8.047E-04  7.231E-04  6.458E-04  5.732E-04  5.055E-04  4.428E-04  3.851E-04
  301.5000  3.456E-03  3.228E-03  3.002E-03  2.780E-03  2.564E-03  2.352E-03  2.148E-03  1.952E-03  1.764E-03  1.586E-03  1.417E-03  1.258E-03  1.110E-03
  302.5000  5.045E-03  4.736E-03  4.430E-03  4.122E-03  3.829E-03  3.537E-03  3.252E-03  2.977E-03  2.711E-03  2.457E-03  2.214E-03  1.984E-03  1.767E-03
  303.5000  1.038E-02  9.803E-03  9.228E-03  8.657E-03  8.091E-03  7.532E-03  6.984E-03  6.449E-03  5.928E-03  5.424E-03  4.938E-03  4.473E-03  4.030E-03
  304.5000  1.265E-02  1.200E-02  1.134E-02  1.068E-02  1.002E-02  9.370E-03  8.730E-03  8.101E-03  7.487E-03  6.888E-03  6.309E-03  5.750E-03  5.214E-03
  305.5000  1.965E-02  1.873E-02  1.780E-02  1.686E-02  1.593E-02  1.499E-02  1.407E-02  1.315E-02  1.225E-02  1.137E-02  1.051E-02  9.667E-03  8.854E-03
  306.5000  2.202E-02  2.103E-02  2.003E-02  1.903E-02  1.802E-02  1.701E-02  1.601E-02  1.502E-02  1.404E-02  1.307E-02  1.213E-02  1.120E-02  1.030E-02
  307.5000  3.631E-02  3.483E-02  3.332E-02  3.182E-02  3.029E-02  2.876E-02  2.723E-02  2.570E-02  2.418E-02  2.268E-02  2.119E-02  1.973E-02  1.830E-02
  308.5000  4.282E-02  4.114E-02  3.945E-02  3.772E-02  3.599E-02  3.424E-02  3.249E-02  3.074E-02  2.899E-02  2.726E-02  2.555E-02  2.386E-02  2.220E-02
  309.5000  4.125E-02  3.975E-02  3.822E-02  3.667E-02  3.511E-02  3.352E-02  3.193E-02  3.034E-02  2.874E-02  2.715E-02  2.557E-02  2.401E-02  2.246E-02
  310.5000  5.986E-02  5.781E-02  5.571E-02  5.358E-02  5.142E-02  4.923E-02  4.702E-02  4.480E-02  4.258E-02  4.036E-02  3.814E-02  3.594E-02  3.376E-02
  311.5000  8.035E-02  7.770E-02  7.499E-02  7.223E-02  6.943E-02  6.659E-02  6.372E-02  6.084E-02  5.794E-02  5.503E-02  5.213E-02  4.924E-02  4.638E-02
  312.5000  8.445E-02  8.186E-02  7.921E-02  7.651E-02  7.375E-02  7.095E-02  6.812E-02  6.526E-02  6.238E-02  5.949E-02  5.659E-02  5.369E-02  5.080E-02
  313.5000  9.757E-02  9.463E-02  9.162E-02  8.855E-02  8.542E-02  8.224E-02  7.902E-02  7.576E-02  7.248E-02  6.918E-02  6.587E-02  6.256E-02  5.926E-02
  314.5000  1.039E-01  1.010E-01  9.797E-02  9.490E-02  9.178E-02  8.859E-02  8.536E-02  8.209E-02  7.879E-02  7.545E-02  7.210E-02  6.874E-02  6.537E-02
  315.5000  1.085E-01  1.055E-01  1.024E-01  9.924E-02  9.601E-02  9.272E-02  8.938E-02  8.600E-02  8.258E-02  7.913E-02  7.566E-02  7.217E-02  6.868E-02
  316.5000  1.135E-01  1.105E-01  1.074E-01  1.043E-01  1.011E-01  9.785E-02  9.453E-02  9.116E-02  8.775E-02  8.431E-02  8.083E-02  7.734E-02  7.383E-02
  317.5000  1.607E-01  1.565E-01  1.521E-01  1.477E-01  1.432E-01  1.386E-01  1.339E-01  1.291E-01  1.243E-01  1.194E-01  1.145E-01  1.095E-01  1.045E-01
  318.5000  1.321E-01  1.289E-01  1.255E-01  1.220E-01  1.185E-01  1.149E-01  1.112E-01  1.075E-01  1.037E-01  9.987E-02  9.600E-02  9.209E-02  8.817E-02
  319.5000  1.627E-01  1.587E-01  1.546E-01  1.504E-01  1.461E-01  1.417E-01  1.372E-01  1.327E-01  1.281E-01  1.234E-01  1.187E-01  1.139E-01  1.091E-01
  320.5000  2.001E-01  1.953E-01  1.903E-01  1.852E-01  1.800E-01  1.746E-01  1.692E-01  1.637E-01  1.581E-01  1.524E-01  1.466E-01  1.408E-01  1.350E-01
  321.5000  1.769E-01  1.728E-01  1.687E-01  1.644E-01  1.600E-01  1.555E-01  1.509E-01  1.463E-01  1.416E-01  1.368E-01  1.319E-01  1.270E-01  1.220E-01
  322.5000  1.729E-01  1.688E-01  1.646E-01  1.602E-01  1.558E-01  1.512E-01  1.466E-01  1.418E-01  1.370E-01  1.322E-01  1.272E-01  1.223E-01  1.173E-01
  323.5000  1.868E-01  1.827E-01  1.784E-01  1.740E-01  1.695E-01  1.649E-01  1.601E-01  1.553E-01  1.505E-01  1.455E-01  1.405E-01  1.354E-01  1.303E-01
  324.5000  2.191E-01  2.142E-01  2.092E-01  2.040E-01  1.987E-01  1.933E-01  1.877E-01  1.821E-01  1.763E-01  1.705E-01  1.646E-01  1.586E-01  1.526E-01
  325.5000  2.443E-01  2.388E-01  2.331E-01  2.273E-01  2.213E-01  2.152E-01  2.090E-01  2.027E-01  1.962E-01  1.897E-01  1.830E-01  1.763E-01  1.696E-01
  326.5000  3.050E-01  2.985E-01  2.918E-01  2.848E-01  2.777E-01  2.705E-01  2.630E-01  2.554E-01  2.477E-01  2.399E-01  2.319E-01  2.239E-01  2.157E-01
  327.5000  2.815E-01  2.754E-01  2.691E-01  2.626E-01  2.560E-01  2.491E-01  2.422E-01  2.351E-01  2.278E-01  2.205E-01  2.131E-01  2.055E-01  1.979E-01
  328.5000  2.602E-01  2.546E-01  2.487E-01  2.427E-01  2.366E-01  2.303E-01  2.239E-01  2.173E-01  2.106E-01  2.039E-01  1.970E-01  1.900E-01  1.830E-01
  329.5000  3.450E-01  3.378E-01  3.304E-01  3.227E-01  3.148E-01  3.068E-01  2.985E-01  2.901E-01  2.816E-01  2.729E-01  2.641E-01  2.551E-01  2.461E-01
  330.5000  3.111E-01  3.045E-01  2.977E-01  2.907E-01  2.835E-01  2.761E-01  2.686E-01  2.609E-01  2.531E-01  2.451E-01  2.371E-01  2.289E-01  2.206E-01
  331.5000  3.071E-01  3.005E-01  2.938E-01  2.869E-01  2.798E-01  2.724E-01  2.650E-01  2.574E-01  2.497E-01  2.418E-01  2.338E-01  2.257E-01  2.176E-01
  332.5000  3.073E-01  3.010E-01  2.944E-01  2.876E-01  2.807E-01  2.736E-01  2.663E-01  2.589E-01  2.513E-01  2.436E-01  2.358E-01  2.279E-01  2.199E-01
  333.5000  2.871E-01  2.811E-01  2.749E-01  2.685E-01  2.619E-01  2.552E-01  2.483E-01  2.413E-01  2.342E-01  2.269E-01  2.196E-01  2.121E-01  2.046E-01
  334.5000  3.220E-01  3.153E-01  3.084E-01  3.013E-01  2.940E-01  2.865E-01  2.789E-01  2.710E-01  2.631E-01  2.550E-01  2.468E-01  2.385E-01  2.300E-01
  335.5000  3.290E-01  3.222E-01  3.153E-01  3.081E-01  3.007E-01  2.932E-01  2.855E-01  2.776E-01  2.695E-01  2.614E-01  2.531E-01  2.447E-01  2.362E-01
  336.5000  2.568E-01  2.515E-01  2.461E-01  2.405E-01  2.347E-01  2.288E-01  2.227E-01  2.166E-01  2.103E-01  2.039E-01  1.974E-01  1.908E-01  1.841E-01
  337.5000  2.807E-01  2.749E-01  2.688E-01  2.627E-01  2.563E-01  2.498E-01  2.431E-01  2.363E-01  2.294E-01  2.223E-01  2.152E-01  2.079E-01  2.006E-01
  338.5000  2.987E-01  2.925E-01  2.862E-01  2.797E-01  2.731E-01  2.662E-01  2.592E-01  2.521E-01  2.448E-01  2.374E-01  2.299E-01  2.223E-01  2.146E-01
  339.5000  3.252E-01  3.185E-01  3.117E-01  3.046E-01  2.974E-01  2.900E-01  2.824E-01  2.746E-01  2.667E-01  2.586E-01  2.505E-01  2.422E-01  2.338E-01
  340.5000  3.469E-01  3.398E-01  3.325E-01  3.249E-01  3.172E-01  3.092E-01  3.010E-01  2.927E-01  2.843E-01  2.756E-01  2.669E-01  2.580E-01  2.490E-01
  341.5000  3.095E-01  3.032E-01  2.967E-01  2.900E-01  2.831E-01  2.761E-01  2.689E-01  2.615E-01  2.540E-01  2.463E-01  2.386E-01  2.307E-01  2.227E-01
  342.5000  3.433E-01  3.363E-01  3.291E-01  3.217E-01  3.141E-01  3.063E-01  2.983E-01  2.901E-01  2.818E-01  2.734E-01  2.648E-01  2.560E-01  2.472E-01
  343.5000  3.563E-01  3.491E-01  3.416E-01  3.339E-01  3.260E-01  3.179E-01  3.096E-01  3.011E-01  2.924E-01  2.836E-01  2.747E-01  2.656E-01  2.564E-01
  344.5000  2.496E-01  2.445E-01  2.392E-01  2.338E-01  2.283E-01  2.226E-01  2.167E-01  2.108E-01  2.047E-01  1.985E-01  1.923E-01  1.859E-01  1.795E-01
  345.5000  3.433E-01  3.364E-01  3.292E-01  3.218E-01  3.142E-01  3.064E-01  2.985E-01  2.903E-01  2.820E-01  2.736E-01  2.650E-01  2.563E-01  2.475E-01
  346.5000  3.207E-01  3.142E-01  3.074E-01  3.005E-01  2.934E-01  2.861E-01  2.786E-01  2.710E-01  2.632E-01  2.553E-01  2.473E-01  2.391E-01  2.309E-01
  347.5000  3.136E-01  3.072E-01  3.006E-01  2.939E-01  2.869E-01  2.798E-01  2.725E-01  2.651E-01  2.575E-01  2.497E-01  2.419E-01  2.339E-01  2.259E-01
  348.5000  3.451E-01  3.381E-01  3.309E-01  3.235E-01  3.158E-01  3.080E-01  3.000E-01  2.918E-01  2.835E-01  2.750E-01  2.663E-01  2.576E-01  2.487E-01
  349.5000  2.893E-01  2.835E-01  2.774E-01  2.712E-01  2.648E-01  2.582E-01  2.515E-01  2.447E-01  2.377E-01  2.305E-01  2.233E-01  2.160E-01  2.085E-01
  350.5000  4.053E-01  3.972E-01  3.887E-01  3.800E-01  3.710E-01  3.618E-01  3.524E-01  3.428E-01  3.331E-01  3.231E-01  3.130E-01  3.027E-01  2.923E-01
  351.5000  3.494E-01  3.424E-01  3.351E-01  3.276E-01  3.199E-01  3.119E-01  3.038E-01  2.956E-01  2.871E-01  2.785E-01  2.698E-01  2.609E-01  2.520E-01
  352.5000  3.154E-01  3.090E-01  3.025E-01  2.957E-01  2.887E-01  2.816E-01  2.743E-01  2.668E-01  2.592E-01  2.514E-01  2.436E-01  2.356E-01  2.275E-01
  353.5000  3.800E-01  3.723E-01  3.644E-01  3.563E-01  3.479E-01  3.393E-01  3.305E-01  3.215E-01  3.124E-01  3.030E-01  2.936E-01  2.839E-01  2.742E-01
  354.5000  4.116E-01  4.033E-01  3.948E-01  3.860E-01  3.769E-01  3.676E-01  3.581E-01  3.484E-01  3.384E-01  3.283E-01  3.181E-01  3.077E-01  2.971E-01
  355.5000  3.849E-01  3.771E-01  3.691E-01  3.609E-01  3.524E-01  3.437E-01  3.349E-01  3.258E-01  3.165E-01  3.071E-01  2.975E-01  2.877E-01  2.779E-01
  356.5000  3.573E-01  3.501E-01  3.427E-01  3.351E-01  3.272E-01  3.192E-01  3.109E-01  3.025E-01  2.939E-01  2.851E-01  2.762E-01  2.672E-01  2.580E-01
  357.5000  3.040E-01  2.979E-01  2.916E-01  2.851E-01  2.784E-01  2.716E-01  2.645E-01  2.574E-01  2.500E-01  2.426E-01  2.350E-01  2.273E-01  2.196E-01
  358.5000  2.347E-01  2.300E-01  2.252E-01  2.202E-01  2.150E-01  2.097E-01  2.043E-01  1.988E-01  1.931E-01  1.874E-01  1.815E-01  1.756E-01  1.696E-01
  359.5000  3.953E-01  3.873E-01  3.792E-01  3.707E-01  3.621E-01  3.531E-01  3.440E-01  3.347E-01  3.252E-01  3.155E-01  3.057E-01  2.957E-01  2.856E-01
  360.5000  3.665E-01  3.592E-01  3.516E-01  3.438E-01  3.358E-01  3.275E-01  3.191E-01  3.105E-01  3.016E-01  2.927E-01  2.836E-01  2.743E-01  2.649E-01
  361.5000  3.307E-01  3.240E-01  3.172E-01  3.102E-01  3.029E-01  2.955E-01  2.879E-01  2.801E-01  2.722E-01  2.641E-01  2.558E-01  2.475E-01  2.390E-01
  362.5000  3.885E-01  3.807E-01  3.727E-01  3.645E-01  3.560E-01  3.472E-01  3.383E-01  3.291E-01  3.198E-01  3.103E-01  3.007E-01  2.909E-01  2.809E-01
  363.5000  3.458E-01  3.389E-01  3.317E-01  3.244E-01  3.168E-01  3.091E-01  3.011E-01  2.930E-01  2.847E-01  2.762E-01  2.676E-01  2.589E-01  2.501E-01
  364.5000  3.774E-01  3.698E-01  3.621E-01  3.540E-01  3.458E-01  3.373E-01  3.286E-01  3.198E-01  3.107E-01  3.015E-01  2.921E-01  2.826E-01  2.730E-01
  365.5000  4.600E-01  4.509E-01  4.414E-01  4.316E-01  4.216E-01  4.112E-01  4.007E-01  3.899E-01  3.788E-01  3.676E-01  3.562E-01  3.446E-01  3.328E-01
  366.5000  4.871E-01  4.774E-01  4.674E-01  4.571E-01  4.464E-01  4.355E-01  4.243E-01  4.129E-01  4.012E-01  3.893E-01  3.772E-01  3.649E-01  3.525E-01
  367.5000  4.628E-01  4.536E-01  4.440E-01  4.342E-01  4.241E-01  4.137E-01  4.031E-01  3.923E-01  3.812E-01  3.699E-01  3.584E-01  3.468E-01  3.349E-01
  368.5000  4.067E-01  3.986E-01  3.903E-01  3.817E-01  3.728E-01  3.637E-01  3.543E-01  3.448E-01  3.351E-01  3.252E-01  3.151E-01  3.048E-01  2.944E-01
  369.5000  4.881E-01  4.784E-01  4.684E-01  4.580E-01  4.474E-01  4.365E-01  4.253E-01  4.139E-01  4.022E-01  3.903E-01  3.782E-01  3.659E-01  3.534E-01
  370.5000  4.431E-01  4.343E-01  4.252E-01  4.158E-01  4.061E-01  3.962E-01  3.861E-01  3.757E-01  3.651E-01  3.543E-01  3.433E-01  3.322E-01  3.209E-01
  371.5000  5.072E-01  4.971E-01  4.867E-01  4.760E-01  4.650E-01  4.536E-01  4.420E-01  4.301E-01  4.180E-01  4.057E-01  3.931E-01  3.803E-01  3.674E-01
  372.5000  3.748E-01  3.674E-01  3.597E-01  3.518E-01  3.436E-01  3.353E-01  3.267E-01  3.179E-01  3.090E-01  2.998E-01  2.905E-01  2.811E-01  2.716E-01
  373.5000  3.390E-01  3.322E-01  3.253E-01  3.181E-01  3.108E-01  3.032E-01  2.955E-01  2.875E-01  2.794E-01  2.712E-01  2.628E-01  2.543E-01  2.456E-01
  374.5000  3.722E-01  3.648E-01  3.572E-01  3.494E-01  3.413E-01  3.330E-01  3.245E-01  3.158E-01  3.069E-01  2.978E-01  2.886E-01  2.792E-01  2.697E-01
  375.5000  4.202E-01  4.118E-01  4.032E-01  3.944E-01  3.853E-01  3.759E-01  3.663E-01  3.565E-01  3.464E-01  3.362E-01  3.258E-01  3.153E-01  3.046E-01
  376.5000  4.198E-01  4.115E-01  4.029E-01  3.940E-01  3.849E-01  3.756E-01  3.660E-01  3.562E-01  3.462E-01  3.360E-01  3.256E-01  3.150E-01  3.043E-01
  377.5000  5.001E-01  4.902E-01  4.800E-01  4.695E-01  4.587E-01  4.475E-01  4.361E-01  4.244E-01  4.125E-01  4.003E-01  3.880E-01  3.754E-01  3.627E-01
  378.5000  5.454E-01  5.346E-01  5.235E-01  5.120E-01  5.002E-01  4.880E-01  4.756E-01  4.629E-01  4.499E-01  4.366E-01  4.231E-01  4.094E-01  3.956E-01
  379.5000  4.037E-01  3.957E-01  3.875E-01  3.790E-01  3.703E-01  3.613E-01  3.521E-01  3.427E-01  3.330E-01  3.232E-01  3.133E-01  3.031E-01  2.928E-01
  380.5000  4.857E-01  4.761E-01  4.662E-01  4.560E-01  4.455E-01  4.347E-01  4.237E-01  4.123E-01  4.008E-01  3.890E-01  3.770E-01  3.648E-01  3.524E-01
  381.5000  4.566E-01  4.477E-01  4.384E-01  4.288E-01  4.189E-01  4.087E-01  3.983E-01  3.877E-01  3.768E-01  3.658E-01  3.545E-01  3.430E-01  3.314E-01
  382.5000  3.044E-01  2.984E-01  2.922E-01  2.859E-01  2.793E-01  2.725E-01  2.656E-01  2.585E-01  2.513E-01  2.439E-01  2.364E-01  2.287E-01  2.210E-01
  383.5000  2.675E-01  2.622E-01  2.568E-01  2.512E-01  2.454E-01  2.394E-01  2.334E-01  2.271E-01  2.208E-01  2.143E-01  2.077E-01  2.010E-01  1.942E-01
  384.5000  4.016E-01  3.937E-01  3.855E-01  3.771E-01  3.684E-01  3.595E-01  3.504E-01  3.411E-01  3.315E-01  3.218E-01  3.119E-01  3.018E-01  2.916E-01
  385.5000  3.975E-01  3.897E-01  3.816E-01  3.733E-01  3.647E-01  3.559E-01  3.469E-01  3.376E-01  3.282E-01  3.186E-01  3.088E-01  2.988E-01  2.887E-01
  386.5000  4.054E-01  3.974E-01  3.892E-01  3.807E-01  3.720E-01  3.630E-01  3.538E-01  3.444E-01  3.348E-01  3.249E-01  3.149E-01  3.048E-01  2.945E-01
  387.5000  3.769E-01  3.695E-01  3.619E-01  3.540E-01  3.459E-01  3.375E-01  3.290E-01  3.202E-01  3.113E-01  3.022E-01  2.929E-01  2.835E-01  2.739E-01
  388.5000  3.780E-01  3.706E-01  3.629E-01  3.550E-01  3.469E-01  3.385E-01  3.300E-01  3.212E-01  3.122E-01  3.031E-01  2.938E-01  2.843E-01  2.747E-01
  389.5000  4.769E-01  4.676E-01  4.579E-01  4.480E-01  4.377E-01  4.271E-01  4.163E-01  4.053E-01  3.940E-01  3.824E-01  3.707E-01  3.588E-01  3.467E-01
  390.5000  4.687E-01  4.595E-01  4.500E-01  4.402E-01  4.302E-01  4.198E-01  4.092E-01  3.983E-01  3.872E-01  3.759E-01  3.644E-01  3.526E-01  3.407E-01
  391.5000  5.563E-01  5.454E-01  5.342E-01  5.226E-01  5.106E-01  4.983E-01  4.858E-01  4.729E-01  4.597E-01  4.462E-01  4.326E-01  4.187E-01  4.045E-01
  392.5000  4.174E-01  4.092E-01  4.008E-01  3.921E-01  3.832E-01  3.739E-01  3.645E-01  3.548E-01  3.449E-01  3.349E-01  3.246E-01  3.142E-01  3.036E-01
  393.5000  1.816E-01  1.780E-01  1.744E-01  1.706E-01  1.667E-01  1.627E-01  1.586E-01  1.544E-01  1.501E-01  1.457E-01  1.412E-01  1.367E-01  1.321E-01
  394.5000  4.275E-01  4.191E-01  4.105E-01  4.016E-01  3.924E-01  3.830E-01  3.734E-01  3.635E-01  3.534E-01  3.430E-01  3.325E-01  3.219E-01  3.110E-01
  395.5000  5.503E-01  5.396E-01  5.285E-01  5.170E-01  5.052E-01  4.931E-01  4.807E-01  4.679E-01  4.549E-01  4.417E-01  4.282E-01  4.144E-01  4.005E-01
  396.5000  3.233E-01  3.170E-01  3.105E-01  3.037E-01  2.968E-01  2.897E-01  2.824E-01  2.749E-01  2.673E-01  2.595E-01  2.516E-01  2.435E-01  2.353E-01
  397.5000  3.732E-01  3.660E-01  3.584E-01  3.507E-01  3.427E-01  3.345E-01  3.261E-01  3.174E-01  3.086E-01  2.996E-01  2.905E-01  2.812E-01  2.717E-01
  398.5000  6.416E-01  6.291E-01  6.162E-01  6.029E-01  5.892E-01  5.751E-01  5.606E-01  5.458E-01  5.307E-01  5.152E-01  4.995E-01  4.835E-01  4.672E-01
  399.5000  6.677E-01  6.547E-01  6.413E-01  6.274E-01  6.132E-01  5.985E-01  5.834E-01  5.680E-01  5.523E-01  5.362E-01  5.198E-01  5.032E-01  4.863E-01
------------------------------------------------------------
Dose rates,W m-2
   1 = UV index (WMO, 1994; Webb et al., 2011)           
   2 = Previtamin-D3 (CIE 2006)                          
values at z =      0.025 km
Columns: time,sza,weighting spectra
time,hrs.  sza,deg.          1          2
   15.0000     52.049  3.236E+00  1.443E-01
   15.0833     52.681  3.122E+00  1.384E-01
   15.1667     53.332  3.007E+00  1.324E-01
   15.2500     54.001  2.890E+00  1.264E-01
   15.3333     54.688  2.772E+00  1.204E-01
   15.4167     55.393  2.654E+00  1.144E-01
   15.5000     56.113  2.536E+00  1.084E-01
   15.5833     56.849  2.419E+00  1.024E-01
   15.6667     57.600  2.301E+00  9.650E-02
   15.7500     58.365  2.185E+00  9.067E-02
   15.8333     59.144  2.070E+00  8.494E-02
   15.9167     59.936  1.957E+00  7.932E-02
   16.0000     60.742  1.846E+00  7.383E-02
------------------------------------------------------------
