Spectral Irradiance,W m-2 nm-1
values at z =      0.025 km
Columns: wavelength (nm),times (hrs.) or sza (deg.)
    wc,nm     15.000     15.083     15.167     15.250     15.333     15.417     15.500     15.583     15.667     15.750     15.833     15.917     16.000
    sza =      48.372     49.070     49.786     50.519     51.269     52.036     52.818     53.613     54.423     55.246     56.082     56.929     57.789
  280.5000  4.960E-24  2.484E-24  1.191E-24  5.449E-25  2.377E-25  9.854E-26  3.883E-26  1.453E-26  5.180E-27  1.777E-27  6.040E-28  2.173E-28  9.247E-29
  281.5000  1.184E-21  6.313E-22  3.235E-22  1.590E-22  7.480E-23  3.360E-23  1.442E-23  5.904E-24  2.294E-24  8.731E-25  3.248E-25  1.249E-25  5.399E-26
  282.5000  8.927E-20  5.019E-20  2.726E-20  1.424E-20  7.147E-21  3.440E-21  1.588E-21  7.022E-22  2.981E-22  1.222E-22  4.919E-23  2.013E-23  8.928E-24
  283.5000  1.340E-18  7.807E-19  4.397E-19  2.389E-19  1.251E-19  6.293E-20  3.045E-20  1.415E-20  6.329E-21  2.736E-21  1.159E-21  4.950E-22  2.243E-22
  284.5000  1.126E-16  6.990E-17  4.213E-17  2.461E-17  1.391E-17  7.594E-18  4.006E-18  2.040E-18  9.937E-19  4.785E-19  2.232E-19  1.037E-19  4.960E-20
  285.5000  1.865E-15  1.214E-15  7.694E-16  4.740E-16  2.835E-16  1.644E-16  9.241E-17  5.032E-17  2.655E-17  1.361E-17  6.818E-18  3.381E-18  1.699E-18
  286.5000  7.280E-14  4.913E-14  3.235E-14  2.076E-14  1.297E-14  7.872E-15  4.646E-15  2.663E-15  1.483E-15  8.032E-16  4.253E-16  2.221E-16  1.164E-16
  287.5000  1.571E-12  1.104E-12  7.582E-13  5.091E-13  3.337E-13  2.132E-13  1.328E-13  8.059E-14  4.762E-14  2.744E-14  1.546E-14  8.573E-15  4.731E-15
  288.5000  3.321E-11  2.437E-11  1.753E-11  1.237E-11  8.540E-12  5.767E-12  3.810E-12  2.459E-12  1.543E-12  9.551E-13  5.762E-13  3.416E-13  2.004E-13
  289.5000  5.102E-10  3.861E-10  2.872E-10  2.098E-10  1.504E-10  1.056E-10  7.275E-11  4.906E-11  3.239E-11  2.093E-11  1.326E-11  8.254E-12  5.070E-12
  290.5000  4.851E-09  3.695E-09  2.881E-09  2.168E-09  1.603E-09  1.164E-09  8.301E-10  5.781E-10  3.985E-10  2.682E-10  1.771E-10  1.149E-10  7.347E-11
  291.5000  4.064E-08  3.252E-08  2.566E-08  1.995E-08  1.529E-08  1.152E-08  8.550E-09  6.238E-09  4.472E-09  3.150E-09  2.181E-09  1.485E-09  9.955E-10
  292.5000  2.163E-07  1.773E-07  1.435E-07  1.147E-07  9.043E-08  7.029E-08  5.386E-08  4.065E-08  3.021E-08  2.209E-08  1.590E-08  1.126E-08  7.858E-09
  293.5000  1.316E-06  1.103E-06  9.145E-07  7.498E-07  6.074E-07  4.859E-07  3.838E-07  2.991E-07  2.298E-07  1.741E-07  1.300E-07  9.561E-08  6.934E-08
  294.5000  4.475E-06  3.818E-06  3.226E-06  2.698E-06  2.232E-06  1.826E-06  1.477E-06  1.180E-06  9.270E-07  7.248E-07  5.569E-07  4.220E-07  3.155E-07
  295.5000  2.086E-05  1.813E-05  1.563E-05  1.335E-05  1.129E-05  9.460E-06  7.846E-06  6.437E-06  5.222E-06  4.187E-06  3.317E-06  2.596E-06  2.006E-06
  296.5000  6.074E-05  5.363E-05  4.699E-05  4.084E-05  3.520E-05  3.008E-05  2.546E-05  2.136E-05  1.773E-05  1.457E-05  1.184E-05  9.514E-06  7.557E-06
  297.5000  1.824E-04  1.632E-04  1.451E-04  1.280E-04  1.122E-04  9.749E-05  8.406E-05  7.186E-05  6.088E-05  5.110E-05  4.247E-05  3.494E-05  2.845E-05
  298.5000  3.172E-04  2.871E-04  2.583E-04  2.310E-04  2.051E-04  1.809E-04  1.584E-04  1.376E-04  1.185E-04  1.013E-04  8.582E-05  7.203E-05  5.986E-05
  299.5000  1.011E-03  9.246E-04  8.414E-04  7.614E-04  6.849E-04  6.122E-04  5.438E-04  4.797E-04  4.198E-04  3.652E-04  3.149E-04  2.693E-04  2.283E-04
  300.5000  1.244E-03  1.148E-03  1.054E-03  9.623E-04  8.742E-04  7.896E-04  7.091E-04  6.326E-04  5.611E-04  4.941E-04  4.320E-04  3.748E-04  3.226E-04
  301.5000  3.320E-03  3.090E-03  2.863E-03  2.641E-03  2.425E-03  2.215E-03  2.013E-03  1.820E-03  1.635E-03  1.460E-03  1.296E-03  1.142E-03  9.997E-04
  302.5000  5.024E-03  4.703E-03  4.385E-03  4.072E-03  3.764E-03  3.464E-03  3.173E-03  2.892E-03  2.621E-03  2.363E-03  2.117E-03  1.886E-03  1.668E-03
  303.5000  1.078E-02  1.016E-02  9.542E-03  8.929E-03  8.323E-03  7.726E-03  7.142E-03  6.572E-03  6.020E-03  5.487E-03  4.974E-03  4.484E-03  4.019E-03
  304.5000  1.346E-02  1.274E-02  1.202E-02  1.130E-02  1.058E-02  9.869E-03  9.172E-03  8.488E-03  7.821E-03  7.173E-03  6.547E-03  5.944E-03  5.367E-03
  305.5000  2.167E-02  2.062E-02  1.957E-02  1.852E-02  1.747E-02  1.642E-02  1.538E-02  1.435E-02  1.334E-02  1.235E-02  1.139E-02  1.045E-02  9.542E-03
  306.5000  2.464E-02  2.352E-02  2.238E-02  2.124E-02  2.009E-02  1.894E-02  1.781E-02  1.668E-02  1.556E-02  1.447E-02  1.339E-02  1.234E-02  1.133E-02
  307.5000  4.183E-02  4.011E-02  3.836E-02  3.660E-02  3.483E-02  3.304E-02  3.126E-02  2.948E-02  2.772E-02  2.597E-02  2.424E-02  2.254E-02  2.087E-02
  308.5000  4.987E-02  4.791E-02  4.592E-02  4.390E-02  4.187E-02  3.982E-02  3.776E-02  3.570E-02  3.366E-02  3.163E-02  2.962E-02  2.763E-02  2.568E-02
  309.5000  4.893E-02  4.716E-02  4.535E-02  4.352E-02  4.166E-02  3.974E-02  3.789E-02  3.600E-02  3.410E-02  3.221E-02  3.032E-02  2.845E-02  2.661E-02
  310.5000  7.196E-02  6.950E-02  6.700E-02  6.446E-02  6.187E-02  5.926E-02  5.662E-02  5.396E-02  5.129E-02  4.863E-02  4.596E-02  4.331E-02  4.068E-02
  311.5000  9.741E-02  9.424E-02  9.099E-02  8.769E-02  8.432E-02  8.091E-02  7.746E-02  7.399E-02  7.049E-02  6.699E-02  6.348E-02  5.998E-02  5.650E-02
  312.5000  1.039E-01  1.008E-01  9.761E-02  9.434E-02  9.101E-02  8.763E-02  8.420E-02  8.073E-02  7.723E-02  7.371E-02  7.017E-02  6.663E-02  6.309E-02
  313.5000  1.205E-01  1.169E-01  1.133E-01  1.096E-01  1.058E-01  1.020E-01  9.806E-02  9.411E-02  9.012E-02  8.610E-02  8.206E-02  7.800E-02  7.395E-02
  314.5000  1.299E-01  1.263E-01  1.227E-01  1.190E-01  1.152E-01  1.114E-01  1.074E-01  1.034E-01  9.939E-02  9.530E-02  9.119E-02  8.704E-02  8.288E-02
  315.5000  1.359E-01  1.323E-01  1.286E-01  1.247E-01  1.208E-01  1.168E-01  1.128E-01  1.086E-01  1.044E-01  1.002E-01  9.595E-02  9.166E-02  8.734E-02
  316.5000  1.431E-01  1.396E-01  1.362E-01  1.324E-01  1.285E-01  1.246E-01  1.205E-01  1.164E-01  1.122E-01  1.080E-01  1.037E-01  9.938E-02  9.503E-02
  317.5000  2.032E-01  1.981E-01  1.929E-01  1.875E-01  1.821E-01  1.764E-01  1.707E-01  1.649E-01  1.590E-01  1.530E-01  1.469E-01  1.408E-01  1.346E-01
  318.5000  1.685E-01  1.646E-01  1.605E-01  1.563E-01  1.521E-01  1.477E-01  1.432E-01  1.386E-01  1.340E-01  1.293E-01  1.245E-01  1.197E-01  1.148E-01
  319.5000  2.079E-01  2.031E-01  1.980E-01  1.930E-01  1.878E-01  1.825E-01  1.770E-01  1.715E-01  1.658E-01  1.601E-01  1.542E-01  1.483E-01  1.424E-01
  320.5000  2.562E-01  2.504E-01  2.442E-01  2.382E-01  2.319E-01  2.254E-01  2.188E-01  2.120E-01  2.051E-01  1.982E-01  1.911E-01  1.839E-01  1.767E-01
  321.5000  2.281E-01  2.233E-01  2.183E-01  2.131E-01  2.078E-01  2.024E-01  1.968E-01  1.912E-01  1.854E-01  1.795E-01  1.735E-01  1.674E-01  1.613E-01
  322.5000  2.218E-01  2.168E-01  2.117E-01  2.065E-01  2.011E-01  1.956E-01  1.899E-01  1.842E-01  1.783E-01  1.723E-01  1.663E-01  1.601E-01  1.539E-01
  323.5000  2.418E-01  2.368E-01  2.317E-01  2.264E-01  2.210E-01  2.154E-01  2.097E-01  2.038E-01  1.979E-01  1.918E-01  1.856E-01  1.794E-01  1.730E-01
  324.5000  2.835E-01  2.776E-01  2.716E-01  2.654E-01  2.590E-01  2.524E-01  2.457E-01  2.388E-01  2.318E-01  2.247E-01  2.175E-01  2.101E-01  2.027E-01
  325.5000  3.157E-01  3.091E-01  3.023E-01  2.953E-01  2.881E-01  2.808E-01  2.732E-01  2.655E-01  2.577E-01  2.497E-01  2.415E-01  2.333E-01  2.249E-01
  326.5000  3.966E-01  3.888E-01  3.808E-01  3.725E-01  3.640E-01  3.552E-01  3.462E-01  3.370E-01  3.277E-01  3.181E-01  3.084E-01  2.985E-01  2.885E-01
  327.5000  3.653E-01  3.580E-01  3.505E-01  3.427E-01  3.347E-01  3.265E-01  3.181E-01  3.095E-01  3.008E-01  2.918E-01  2.827E-01  2.735E-01  2.641E-01
  328.5000  3.377E-01  3.309E-01  3.240E-01  3.168E-01  3.095E-01  3.019E-01  2.941E-01  2.862E-01  2.781E-01  2.699E-01  2.615E-01  2.529E-01  2.443E-01
  329.5000  4.498E-01  4.412E-01  4.323E-01  4.232E-01  4.138E-01  4.041E-01  3.942E-01  3.841E-01  3.737E-01  3.632E-01  3.524E-01  3.415E-01  3.304E-01
  330.5000  4.047E-01  3.969E-01  3.888E-01  3.804E-01  3.718E-01  3.630E-01  3.540E-01  3.447E-01  3.352E-01  3.256E-01  3.158E-01  3.058E-01  2.956E-01
  331.5000  3.993E-01  3.916E-01  3.836E-01  3.753E-01  3.668E-01  3.581E-01  3.491E-01  3.400E-01  3.306E-01  3.211E-01  3.114E-01  3.015E-01  2.915E-01
  332.5000  4.009E-01  3.934E-01  3.856E-01  3.776E-01  3.693E-01  3.608E-01  3.521E-01  3.432E-01  3.341E-01  3.248E-01  3.153E-01  3.057E-01  2.959E-01
  333.5000  3.740E-01  3.669E-01  3.595E-01  3.519E-01  3.441E-01  3.361E-01  3.279E-01  3.195E-01  3.109E-01  3.021E-01  2.932E-01  2.841E-01  2.749E-01
  334.5000  4.198E-01  4.119E-01  4.037E-01  3.952E-01  3.866E-01  3.776E-01  3.685E-01  3.591E-01  3.496E-01  3.398E-01  3.298E-01  3.197E-01  3.094E-01
  335.5000  4.295E-01  4.215E-01  4.133E-01  4.048E-01  3.961E-01  3.871E-01  3.779E-01  3.684E-01  3.588E-01  3.490E-01  3.389E-01  3.287E-01  3.183E-01
  336.5000  3.351E-01  3.289E-01  3.224E-01  3.158E-01  3.090E-01  3.019E-01  2.947E-01  2.873E-01  2.798E-01  2.721E-01  2.642E-01  2.562E-01  2.481E-01
  337.5000  3.658E-01  3.589E-01  3.519E-01  3.445E-01  3.370E-01  3.293E-01  3.213E-01  3.132E-01  3.049E-01  2.964E-01  2.878E-01  2.789E-01  2.700E-01
  338.5000  3.898E-01  3.826E-01  3.752E-01  3.676E-01  3.597E-01  3.516E-01  3.432E-01  3.347E-01  3.260E-01  3.171E-01  3.080E-01  2.988E-01  2.894E-01
  339.5000  4.245E-01  4.167E-01  4.087E-01  4.004E-01  3.918E-01  3.830E-01  3.740E-01  3.647E-01  3.553E-01  3.456E-01  3.357E-01  3.257E-01  3.155E-01
  340.5000  4.526E-01  4.443E-01  4.356E-01  4.267E-01  4.176E-01  4.082E-01  3.985E-01  3.886E-01  3.785E-01  3.681E-01  3.576E-01  3.468E-01  3.359E-01
  341.5000  4.040E-01  3.967E-01  3.890E-01  3.812E-01  3.731E-01  3.647E-01  3.562E-01  3.474E-01  3.385E-01  3.293E-01  3.200E-01  3.105E-01  3.008E-01
  342.5000  4.482E-01  4.400E-01  4.316E-01  4.229E-01  4.139E-01  4.047E-01  3.953E-01  3.856E-01  3.757E-01  3.656E-01  3.552E-01  3.447E-01  3.340E-01
  343.5000  4.650E-01  4.566E-01  4.478E-01  4.388E-01  4.295E-01  4.199E-01  4.101E-01  4.000E-01  3.897E-01  3.792E-01  3.685E-01  3.575E-01  3.464E-01
  344.5000  3.256E-01  3.196E-01  3.135E-01  3.071E-01  3.006E-01  2.939E-01  2.870E-01  2.800E-01  2.727E-01  2.654E-01  2.578E-01  2.502E-01  2.424E-01
  345.5000  4.482E-01  4.401E-01  4.317E-01  4.231E-01  4.142E-01  4.050E-01  3.956E-01  3.860E-01  3.761E-01  3.661E-01  3.558E-01  3.453E-01  3.347E-01
  346.5000  4.184E-01  4.108E-01  4.029E-01  3.949E-01  3.865E-01  3.779E-01  3.691E-01  3.601E-01  3.509E-01  3.415E-01  3.318E-01  3.220E-01  3.121E-01
  347.5000  4.091E-01  4.017E-01  3.940E-01  3.861E-01  3.780E-01  3.696E-01  3.610E-01  3.522E-01  3.432E-01  3.340E-01  3.246E-01  3.151E-01  3.053E-01
  348.5000  4.502E-01  4.421E-01  4.337E-01  4.250E-01  4.161E-01  4.069E-01  3.975E-01  3.879E-01  3.780E-01  3.679E-01  3.576E-01  3.471E-01  3.364E-01
  349.5000  3.774E-01  3.706E-01  3.636E-01  3.563E-01  3.489E-01  3.412E-01  3.333E-01  3.252E-01  3.169E-01  3.085E-01  2.998E-01  2.910E-01  2.821E-01
  350.5000  5.287E-01  5.192E-01  5.094E-01  4.993E-01  4.888E-01  4.781E-01  4.670E-01  4.557E-01  4.442E-01  4.323E-01  4.203E-01  4.080E-01  3.954E-01
  351.5000  4.557E-01  4.475E-01  4.391E-01  4.304E-01  4.214E-01  4.121E-01  4.026E-01  3.929E-01  3.829E-01  3.727E-01  3.623E-01  3.517E-01  3.409E-01
  352.5000  4.113E-01  4.039E-01  3.963E-01  3.884E-01  3.803E-01  3.720E-01  3.634E-01  3.547E-01  3.457E-01  3.365E-01  3.271E-01  3.176E-01  3.079E-01
  353.5000  4.955E-01  4.866E-01  4.775E-01  4.681E-01  4.583E-01  4.483E-01  4.380E-01  4.275E-01  4.167E-01  4.056E-01  3.944E-01  3.829E-01  3.712E-01
  354.5000  5.367E-01  5.271E-01  5.172E-01  5.070E-01  4.965E-01  4.857E-01  4.745E-01  4.632E-01  4.515E-01  4.395E-01  4.274E-01  4.150E-01  4.023E-01
  355.5000  5.017E-01  4.928E-01  4.836E-01  4.741E-01  4.643E-01  4.541E-01  4.438E-01  4.331E-01  4.222E-01  4.111E-01  3.997E-01  3.881E-01  3.763E-01
  356.5000  4.658E-01  4.575E-01  4.490E-01  4.401E-01  4.310E-01  4.217E-01  4.120E-01  4.022E-01  3.921E-01  3.817E-01  3.712E-01  3.604E-01  3.495E-01
  357.5000  3.962E-01  3.892E-01  3.819E-01  3.744E-01  3.667E-01  3.587E-01  3.505E-01  3.422E-01  3.336E-01  3.248E-01  3.158E-01  3.067E-01  2.974E-01
  358.5000  3.059E-01  3.005E-01  2.949E-01  2.891E-01  2.832E-01  2.770E-01  2.707E-01  2.643E-01  2.576E-01  2.509E-01  2.440E-01  2.369E-01  2.298E-01
  359.5000  5.150E-01  5.059E-01  4.965E-01  4.868E-01  4.768E-01  4.665E-01  4.559E-01  4.450E-01  4.339E-01  4.225E-01  4.109E-01  3.990E-01  3.870E-01
  360.5000  4.775E-01  4.691E-01  4.604E-01  4.514E-01  4.421E-01  4.326E-01  4.228E-01  4.127E-01  4.024E-01  3.919E-01  3.811E-01  3.702E-01  3.590E-01
  361.5000  4.307E-01  4.232E-01  4.153E-01  4.072E-01  3.989E-01  3.903E-01  3.814E-01  3.724E-01  3.631E-01  3.536E-01  3.439E-01  3.340E-01  3.240E-01
  362.5000  5.060E-01  4.971E-01  4.879E-01  4.784E-01  4.686E-01  4.585E-01  4.482E-01  4.376E-01  4.267E-01  4.155E-01  4.042E-01  3.926E-01  3.808E-01
  363.5000  4.503E-01  4.424E-01  4.342E-01  4.258E-01  4.171E-01  4.081E-01  3.989E-01  3.895E-01  3.798E-01  3.699E-01  3.598E-01  3.495E-01  3.390E-01
  364.5000  4.913E-01  4.827E-01  4.738E-01  4.647E-01  4.552E-01  4.454E-01  4.354E-01  4.251E-01  4.145E-01  4.038E-01  3.927E-01  3.815E-01  3.701E-01
  365.5000  5.989E-01  5.884E-01  5.776E-01  5.664E-01  5.548E-01  5.429E-01  5.307E-01  5.182E-01  5.054E-01  4.922E-01  4.788E-01  4.652E-01  4.512E-01
  366.5000  6.341E-01  6.230E-01  6.115E-01  5.997E-01  5.875E-01  5.749E-01  5.620E-01  5.488E-01  5.352E-01  5.213E-01  5.072E-01  4.927E-01  4.780E-01
  367.5000  6.023E-01  5.918E-01  5.809E-01  5.697E-01  5.581E-01  5.462E-01  5.340E-01  5.214E-01  5.085E-01  4.954E-01  4.819E-01  4.682E-01  4.542E-01
  368.5000  5.292E-01  5.200E-01  5.105E-01  5.007E-01  4.905E-01  4.800E-01  4.693E-01  4.583E-01  4.470E-01  4.354E-01  4.236E-01  4.116E-01  3.993E-01
  369.5000  6.350E-01  6.240E-01  6.126E-01  6.008E-01  5.886E-01  5.761E-01  5.632E-01  5.500E-01  5.365E-01  5.226E-01  5.085E-01  4.940E-01  4.793E-01
  370.5000  5.763E-01  5.663E-01  5.560E-01  5.453E-01  5.343E-01  5.229E-01  5.113E-01  4.993E-01  4.870E-01  4.745E-01  4.616E-01  4.485E-01  4.352E-01
  371.5000  6.597E-01  6.482E-01  6.364E-01  6.242E-01  6.116E-01  5.986E-01  5.853E-01  5.716E-01  5.576E-01  5.432E-01  5.285E-01  5.136E-01  4.983E-01
  372.5000  4.874E-01  4.790E-01  4.703E-01  4.613E-01  4.520E-01  4.424E-01  4.325E-01  4.224E-01  4.121E-01  4.015E-01  3.907E-01  3.796E-01  3.684E-01
  373.5000  4.407E-01  4.331E-01  4.252E-01  4.171E-01  4.087E-01  4.000E-01  3.911E-01  3.820E-01  3.727E-01  3.631E-01  3.533E-01  3.434E-01  3.332E-01
  374.5000  4.838E-01  4.755E-01  4.668E-01  4.579E-01  4.487E-01  4.392E-01  4.295E-01  4.195E-01  4.093E-01  3.988E-01  3.880E-01  3.771E-01  3.660E-01
  375.5000  5.461E-01  5.367E-01  5.269E-01  5.169E-01  5.065E-01  4.958E-01  4.848E-01  4.736E-01  4.620E-01  4.502E-01  4.381E-01  4.258E-01  4.132E-01
  376.5000  5.455E-01  5.361E-01  5.264E-01  5.164E-01  5.060E-01  4.953E-01  4.844E-01  4.731E-01  4.616E-01  4.498E-01  4.378E-01  4.255E-01  4.129E-01
  377.5000  6.497E-01  6.386E-01  6.270E-01  6.151E-01  6.028E-01  5.901E-01  5.771E-01  5.637E-01  5.500E-01  5.360E-01  5.216E-01  5.070E-01  4.921E-01
  378.5000  7.084E-01  6.962E-01  6.837E-01  6.707E-01  6.573E-01  6.435E-01  6.293E-01  6.147E-01  5.998E-01  5.845E-01  5.689E-01  5.530E-01  5.367E-01
  379.5000  5.242E-01  5.153E-01  5.060E-01  4.964E-01  4.865E-01  4.763E-01  4.658E-01  4.550E-01  4.440E-01  4.327E-01  4.212E-01  4.094E-01  3.974E-01
  380.5000  6.307E-01  6.199E-01  6.088E-01  5.972E-01  5.853E-01  5.731E-01  5.605E-01  5.475E-01  5.343E-01  5.207E-01  5.068E-01  4.927E-01  4.782E-01
  381.5000  5.928E-01  5.827E-01  5.722E-01  5.614E-01  5.503E-01  5.387E-01  5.269E-01  5.148E-01  5.023E-01  4.896E-01  4.766E-01  4.633E-01  4.497E-01
  382.5000  3.951E-01  3.884E-01  3.814E-01  3.742E-01  3.668E-01  3.591E-01  3.513E-01  3.432E-01  3.349E-01  3.264E-01  3.177E-01  3.089E-01  2.999E-01
  383.5000  3.471E-01  3.412E-01  3.351E-01  3.287E-01  3.222E-01  3.155E-01  3.086E-01  3.015E-01  2.942E-01  2.868E-01  2.792E-01  2.714E-01  2.635E-01
  384.5000  5.210E-01  5.122E-01  5.030E-01  4.935E-01  4.838E-01  4.737E-01  4.633E-01  4.527E-01  4.418E-01  4.307E-01  4.192E-01  4.076E-01  3.957E-01
  385.5000  5.156E-01  5.069E-01  4.978E-01  4.885E-01  4.788E-01  4.689E-01  4.586E-01  4.481E-01  4.373E-01  4.263E-01  4.150E-01  4.035E-01  3.918E-01
  386.5000  5.258E-01  5.169E-01  5.076E-01  4.981E-01  4.883E-01  4.781E-01  4.677E-01  4.570E-01  4.460E-01  4.348E-01  4.233E-01  4.116E-01  3.996E-01
  387.5000  4.888E-01  4.805E-01  4.719E-01  4.631E-01  4.540E-01  4.445E-01  4.349E-01  4.249E-01  4.147E-01  4.043E-01  3.936E-01  3.827E-01  3.716E-01
  388.5000  4.900E-01  4.818E-01  4.732E-01  4.643E-01  4.552E-01  4.458E-01  4.361E-01  4.261E-01  4.159E-01  4.055E-01  3.948E-01  3.839E-01  3.727E-01
  389.5000  6.181E-01  6.077E-01  5.969E-01  5.858E-01  5.742E-01  5.624E-01  5.502E-01  5.376E-01  5.248E-01  5.116E-01  4.981E-01  4.844E-01  4.704E-01
  390.5000  6.073E-01  5.971E-01  5.865E-01  5.756E-01  5.643E-01  5.526E-01  5.406E-01  5.283E-01  5.157E-01  5.028E-01  4.896E-01  4.761E-01  4.623E-01
  391.5000  7.208E-01  7.087E-01  6.961E-01  6.831E-01  6.697E-01  6.559E-01  6.417E-01  6.271E-01  6.122E-01  5.969E-01  5.812E-01  5.652E-01  5.489E-01
  392.5000  5.407E-01  5.316E-01  5.222E-01  5.125E-01  5.024E-01  4.921E-01  4.814E-01  4.705E-01  4.593E-01  4.478E-01  4.361E-01  4.241E-01  4.119E-01
  393.5000  2.351E-01  2.312E-01  2.271E-01  2.229E-01  2.185E-01  2.140E-01  2.094E-01  2.047E-01  1.998E-01  1.948E-01  1.897E-01  1.845E-01  1.792E-01
  394.5000  5.535E-01  5.442E-01  5.346E-01  5.247E-01  5.144E-01  5.039E-01  4.930E-01  4.819E-01  4.704E-01  4.587E-01  4.467E-01  4.345E-01  4.220E-01
  395.5000  7.124E-01  7.004E-01  6.881E-01  6.753E-01  6.622E-01  6.486E-01  6.346E-01  6.203E-01  6.056E-01  5.905E-01  5.751E-01  5.594E-01  5.433E-01
  396.5000  4.184E-01  4.114E-01  4.042E-01  3.967E-01  3.890E-01  3.810E-01  3.728E-01  3.644E-01  3.558E-01  3.469E-01  3.379E-01  3.286E-01  3.192E-01
  397.5000  4.829E-01  4.749E-01  4.665E-01  4.579E-01  4.490E-01  4.398E-01  4.304E-01  4.207E-01  4.107E-01  4.005E-01  3.901E-01  3.795E-01  3.686E-01
  398.5000  8.301E-01  8.162E-01  8.019E-01  7.871E-01  7.718E-01  7.560E-01  7.398E-01  7.232E-01  7.061E-01  6.886E-01  6.707E-01  6.524E-01  6.338E-01
  399.5000  8.636E-01  8.492E-01  8.344E-01  8.190E-01  8.031E-01  7.867E-01  7.699E-01  7.525E-01  7.348E-01  7.166E-01  6.980E-01  6.790E-01  6.596E-01
------------------------------------------------------------
Dose rates,W m-2
   1 = UV index (WMO, 1994; Webb et al., 2011)           
   2 = Previtamin-D3 (CIE 2006)                          
values at z =      0.025 km
Columns: time,sza,weighting spectra
time,hrs.  sza,deg.          1          2
   15.0000     48.372  3.863E+00  1.661E-01
   15.0833     49.070  3.733E+00  1.594E-01
   15.1667     49.786  3.602E+00  1.527E-01
   15.2500     50.519  3.469E+00  1.458E-01
   15.3333     51.269  3.335E+00  1.390E-01
   15.4167     52.036  3.200E+00  1.321E-01
   15.5000     52.818  3.065E+00  1.253E-01
   15.5833     53.613  2.930E+00  1.185E-01
   15.6667     54.423  2.796E+00  1.117E-01
   15.7500     55.246  2.662E+00  1.050E-01
   15.8333     56.082  2.529E+00  9.846E-02
   15.9167     56.929  2.398E+00  9.201E-02
   16.0000     57.789  2.268E+00  8.570E-02
------------------------------------------------------------
