Spectral Irradiance,W m-2 nm-1
values at z =      0.025 km
Columns: wavelength (nm),times (hrs.) or sza (deg.)
    wc,nm     19.000     19.083     19.167     19.250     19.333     19.417     19.500     19.583     19.667     19.750     19.833     19.917     20.000
    sza =      91.140     92.189     93.238     94.286     95.334     96.381     97.428     98.473     99.518    100.561    101.603    102.644    103.683
  280.5000  1.547E-25  8.811E-26  3.840E-26  1.010E-26  6.497E-29  0.000E+00  0.000E+00  0.000E+00  0.000E+00  0.000E+00  0.000E+00  0.000E+00  0.000E+00
  281.5000  2.416E-23  1.378E-23  6.024E-24  1.637E-24  1.551E-26  0.000E+00  0.000E+00  0.000E+00  0.000E+00  0.000E+00  0.000E+00  0.000E+00  0.000E+00
  282.5000  1.268E-21  7.248E-22  3.176E-22  8.872E-23  1.179E-24  0.000E+00  0.000E+00  0.000E+00  0.000E+00  0.000E+00  0.000E+00  0.000E+00  0.000E+00
  283.5000  1.500E-20  8.582E-21  3.767E-21  1.071E-21  1.773E-23  0.000E+00  0.000E+00  0.000E+00  0.000E+00  0.000E+00  0.000E+00  0.000E+00  0.000E+00
  284.5000  8.306E-19  4.766E-19  2.100E-19  6.148E-20  1.468E-21  1.027E-42  0.000E+00  0.000E+00  0.000E+00  0.000E+00  0.000E+00  0.000E+00  0.000E+00
  285.5000  1.015E-17  5.838E-18  2.579E-18  7.717E-19  2.445E-20  2.086E-39  0.000E+00  0.000E+00  0.000E+00  0.000E+00  0.000E+00  0.000E+00  0.000E+00
  286.5000  3.135E-16  1.807E-16  8.006E-17  2.435E-17  9.576E-19  3.347E-36  0.000E+00  0.000E+00  0.000E+00  0.000E+00  0.000E+00  0.000E+00  0.000E+00
  287.5000  5.253E-15  3.037E-15  1.350E-15  4.175E-16  2.064E-17  4.053E-33  0.000E+00  0.000E+00  0.000E+00  0.000E+00  0.000E+00  0.000E+00  0.000E+00
  288.5000  8.521E-14  4.942E-14  2.205E-14  6.948E-15  4.389E-16  7.122E-30  0.000E+00  0.000E+00  0.000E+00  0.000E+00  0.000E+00  0.000E+00  0.000E+00
  289.5000  1.087E-12  6.318E-13  2.828E-13  9.029E-14  6.820E-15  2.808E-27  0.000E+00  0.000E+00  0.000E+00  0.000E+00  0.000E+00  0.000E+00  0.000E+00
  290.5000  8.854E-12  5.160E-12  2.317E-12  7.477E-13  6.529E-14  3.990E-25  0.000E+00  0.000E+00  0.000E+00  0.000E+00  0.000E+00  0.000E+00  0.000E+00
  291.5000  6.276E-11  3.668E-11  1.654E-11  5.400E-12  5.504E-13  6.715E-23  0.000E+00  0.000E+00  0.000E+00  0.000E+00  0.000E+00  0.000E+00  0.000E+00
  292.5000  2.931E-10  1.717E-10  7.769E-11  2.563E-11  2.970E-12  4.437E-21  0.000E+00  0.000E+00  0.000E+00  0.000E+00  0.000E+00  0.000E+00  0.000E+00
  293.5000  1.586E-09  9.310E-10  4.229E-10  1.408E-10  1.830E-11  2.830E-19  0.000E+00  0.000E+00  0.000E+00  0.000E+00  0.000E+00  0.000E+00  0.000E+00
  294.5000  4.953E-09  2.913E-09  1.328E-09  4.455E-10  6.355E-11  6.588E-18  0.000E+00  0.000E+00  0.000E+00  0.000E+00  0.000E+00  0.000E+00  0.000E+00
  295.5000  2.123E-08  1.251E-08  5.723E-09  1.936E-09  3.024E-10  2.212E-16  0.000E+00  0.000E+00  0.000E+00  0.000E+00  0.000E+00  0.000E+00  0.000E+00
  296.5000  5.821E-08  3.432E-08  1.577E-08  5.376E-09  9.060E-10  3.540E-15  0.000E+00  0.000E+00  0.000E+00  0.000E+00  0.000E+00  0.000E+00  0.000E+00
  297.5000  1.669E-07  9.844E-08  4.538E-08  1.558E-08  2.797E-09  4.662E-14  0.000E+00  0.000E+00  0.000E+00  0.000E+00  0.000E+00  0.000E+00  0.000E+00
  298.5000  2.815E-07  1.662E-07  7.681E-08  2.655E-08  5.023E-09  2.909E-13  3.363E-44  0.000E+00  0.000E+00  0.000E+00  0.000E+00  0.000E+00  0.000E+00
  299.5000  8.765E-07  5.166E-07  2.398E-07  8.340E-08  1.652E-08  2.965E-12  3.271E-39  0.000E+00  0.000E+00  0.000E+00  0.000E+00  0.000E+00  0.000E+00
  300.5000  1.071E-06  6.303E-07  2.933E-07  1.026E-07  2.108E-08  9.422E-12  1.165E-35  0.000E+00  0.000E+00  0.000E+00  0.000E+00  0.000E+00  0.000E+00
  301.5000  2.861E-06  1.680E-06  7.841E-07  2.761E-07  5.881E-08  6.810E-11  1.673E-31  0.000E+00  0.000E+00  0.000E+00  0.000E+00  0.000E+00  0.000E+00
  302.5000  4.364E-06  2.557E-06  1.195E-06  4.231E-07  9.231E-08  2.036E-10  7.177E-29  0.000E+00  0.000E+00  0.000E+00  0.000E+00  0.000E+00  0.000E+00
  303.5000  9.577E-06  5.588E-06  2.616E-06  9.320E-07  2.089E-07  9.603E-10  1.212E-25  8.408E-45  0.000E+00  0.000E+00  0.000E+00  0.000E+00  0.000E+00
  304.5000  1.219E-05  7.092E-06  3.322E-06  1.189E-06  2.709E-07  1.928E-09  7.318E-24  1.824E-42  0.000E+00  0.000E+00  0.000E+00  0.000E+00  0.000E+00
  305.5000  2.049E-05  1.184E-05  5.549E-06  1.999E-06  4.657E-07  6.042E-09  3.667E-21  8.692E-39  0.000E+00  0.000E+00  0.000E+00  0.000E+00  0.000E+00
  306.5000  2.386E-05  1.373E-05  6.434E-06  2.326E-06  5.478E-07  9.342E-09  4.919E-20  3.624E-37  0.000E+00  0.000E+00  0.000E+00  0.000E+00  0.000E+00
  307.5000  4.308E-05  2.457E-05  1.149E-05  4.180E-06  1.003E-06  2.731E-08  9.326E-18  4.739E-34  0.000E+00  0.000E+00  0.000E+00  0.000E+00  0.000E+00
  308.5000  5.296E-05  3.007E-05  1.404E-05  5.123E-06  1.239E-06  4.118E-08  6.858E-17  8.539E-33  0.000E+00  0.000E+00  0.000E+00  0.000E+00  0.000E+00
  309.5000  5.547E-05  3.118E-05  1.451E-05  5.319E-06  1.304E-06  5.849E-08  1.511E-15  7.345E-31  0.000E+00  0.000E+00  0.000E+00  0.000E+00  0.000E+00
  310.5000  8.679E-05  4.832E-05  2.240E-05  8.241E-06  2.041E-06  1.141E-07  2.064E-14  2.808E-29  0.000E+00  0.000E+00  0.000E+00  0.000E+00  0.000E+00
  311.5000  1.230E-04  6.794E-05  3.140E-05  1.157E-05  2.888E-06  1.860E-07  1.202E-13  3.616E-28  0.000E+00  0.000E+00  0.000E+00  0.000E+00  0.000E+00
  312.5000  1.467E-04  7.960E-05  3.645E-05  1.348E-05  3.410E-06  2.780E-07  1.737E-12  1.640E-26  0.000E+00  0.000E+00  0.000E+00  0.000E+00  0.000E+00
  313.5000  1.756E-04  9.482E-05  4.329E-05  1.603E-05  4.074E-06  3.556E-07  3.770E-12  5.756E-26  0.000E+00  0.000E+00  0.000E+00  0.000E+00  0.000E+00
  314.5000  2.173E-04  1.148E-04  5.170E-05  1.915E-05  4.936E-06  5.182E-07  3.691E-11  1.561E-24  0.000E+00  0.000E+00  0.000E+00  0.000E+00  0.000E+00
  315.5000  2.345E-04  1.234E-04  5.544E-05  2.054E-05  5.316E-06  5.838E-07  5.664E-11  3.517E-24  0.000E+00  0.000E+00  0.000E+00  0.000E+00  0.000E+00
  316.5000  2.888E-04  1.486E-04  6.561E-05  2.425E-05  6.358E-06  7.983E-07  3.295E-10  4.669E-23  0.000E+00  0.000E+00  0.000E+00  0.000E+00  0.000E+00
  317.5000  4.095E-04  2.108E-04  9.307E-05  3.442E-05  9.034E-06  1.148E-06  4.809E-10  8.959E-23  0.000E+00  0.000E+00  0.000E+00  0.000E+00  0.000E+00
  318.5000  4.106E-04  2.060E-04  8.904E-05  3.272E-05  8.707E-06  1.239E-06  1.890E-09  7.563E-22  0.000E+00  0.000E+00  0.000E+00  0.000E+00  0.000E+00
  319.5000  5.300E-04  2.648E-04  1.139E-04  4.178E-05  1.116E-05  1.635E-06  3.186E-09  1.814E-21  0.000E+00  0.000E+00  0.000E+00  0.000E+00  0.000E+00
  320.5000  6.879E-04  3.413E-04  1.458E-04  5.336E-05  1.431E-05  2.152E-06  5.684E-09  4.749E-21  0.000E+00  0.000E+00  0.000E+00  0.000E+00  0.000E+00
  321.5000  8.053E-04  3.902E-04  1.620E-04  5.839E-05  1.588E-05  2.626E-06  2.074E-08  3.414E-20  0.000E+00  0.000E+00  0.000E+00  0.000E+00  0.000E+00
  322.5000  6.267E-04  3.093E-04  1.313E-04  4.793E-05  1.291E-05  2.002E-06  7.001E-09  1.097E-20  0.000E+00  0.000E+00  0.000E+00  0.000E+00  0.000E+00
  323.5000  9.861E-04  4.733E-04  1.934E-04  6.899E-05  1.889E-05  3.256E-06  4.198E-08  1.412E-19  0.000E+00  0.000E+00  0.000E+00  0.000E+00  0.000E+00
  324.5000  1.138E-03  5.472E-04  2.241E-04  8.005E-05  2.192E-05  3.783E-06  4.693E-08  1.990E-19  0.000E+00  0.000E+00  0.000E+00  0.000E+00  0.000E+00
  325.5000  1.194E-03  5.749E-04  2.364E-04  8.473E-05  2.316E-05  3.953E-06  4.261E-08  2.202E-19  0.000E+00  0.000E+00  0.000E+00  0.000E+00  0.000E+00
  326.5000  2.067E-03  9.862E-04  3.947E-04  1.382E-04  3.813E-05  6.957E-06  1.694E-07  1.550E-18  0.000E+00  0.000E+00  0.000E+00  0.000E+00  0.000E+00
  327.5000  1.701E-03  8.130E-04  3.282E-04  1.159E-04  3.190E-05  5.722E-06  1.098E-07  1.156E-18  0.000E+00  0.000E+00  0.000E+00  0.000E+00  0.000E+00
  328.5000  1.568E-03  7.478E-04  3.012E-04  1.062E-04  2.924E-05  5.249E-06  1.036E-07  1.422E-18  0.000E+00  0.000E+00  0.000E+00  0.000E+00  0.000E+00
  329.5000  2.756E-03  1.317E-03  5.210E-04  1.801E-04  4.980E-05  9.378E-06  3.253E-07  7.092E-18  0.000E+00  0.000E+00  0.000E+00  0.000E+00  0.000E+00
  330.5000  2.194E-03  1.046E-03  4.165E-04  1.451E-04  4.010E-05  7.426E-06  2.089E-07  5.265E-18  0.000E+00  0.000E+00  0.000E+00  0.000E+00  0.000E+00
  331.5000  2.107E-03  1.003E-03  3.994E-04  1.393E-04  3.846E-05  7.103E-06  1.940E-07  6.114E-18  0.000E+00  0.000E+00  0.000E+00  0.000E+00  0.000E+00
  332.5000  2.624E-03  1.256E-03  4.941E-04  1.696E-04  4.693E-05  8.961E-06  3.624E-07  1.685E-17  0.000E+00  0.000E+00  0.000E+00  0.000E+00  0.000E+00
  333.5000  2.220E-03  1.058E-03  4.179E-04  1.443E-04  3.991E-05  7.529E-06  2.633E-07  1.442E-17  0.000E+00  0.000E+00  0.000E+00  0.000E+00  0.000E+00
  334.5000  2.613E-03  1.246E-03  4.902E-04  1.685E-04  4.659E-05  8.858E-06  3.419E-07  2.440E-17  0.000E+00  0.000E+00  0.000E+00  0.000E+00  0.000E+00
  335.5000  2.988E-03  1.432E-03  5.608E-04  1.912E-04  5.287E-05  1.022E-05  4.731E-07  4.531E-17  0.000E+00  0.000E+00  0.000E+00  0.000E+00  0.000E+00
  336.5000  2.252E-03  1.077E-03  4.216E-04  1.439E-04  3.979E-05  7.665E-06  3.425E-07  4.010E-17  0.000E+00  0.000E+00  0.000E+00  0.000E+00  0.000E+00
  337.5000  2.270E-03  1.081E-03  4.241E-04  1.454E-04  4.020E-05  7.673E-06  3.082E-07  4.263E-17  0.000E+00  0.000E+00  0.000E+00  0.000E+00  0.000E+00
  338.5000  2.721E-03  1.302E-03  5.082E-04  1.727E-04  4.772E-05  9.257E-06  4.497E-07  8.332E-17  0.000E+00  0.000E+00  0.000E+00  0.000E+00  0.000E+00
  339.5000  3.009E-03  1.441E-03  5.612E-04  1.902E-04  5.254E-05  1.022E-05  5.148E-07  1.193E-16  0.000E+00  0.000E+00  0.000E+00  0.000E+00  0.000E+00
  340.5000  3.066E-03  1.463E-03  5.701E-04  1.936E-04  5.350E-05  1.036E-05  4.962E-07  1.377E-16  0.000E+00  0.000E+00  0.000E+00  0.000E+00  0.000E+00
  341.5000  2.914E-03  1.395E-03  5.422E-04  1.832E-04  5.058E-05  9.884E-06  5.221E-07  1.849E-16  0.000E+00  0.000E+00  0.000E+00  0.000E+00  0.000E+00
  342.5000  3.268E-03  1.565E-03  6.073E-04  2.048E-04  5.651E-05  1.107E-05  6.010E-07  2.627E-16  0.000E+00  0.000E+00  0.000E+00  0.000E+00  0.000E+00
  343.5000  3.314E-03  1.583E-03  6.140E-04  2.071E-04  5.715E-05  1.117E-05  5.964E-07  3.146E-16  0.000E+00  0.000E+00  0.000E+00  0.000E+00  0.000E+00
  344.5000  2.262E-03  1.078E-03  4.181E-04  1.411E-04  3.894E-05  7.599E-06  3.971E-07  2.512E-16  0.000E+00  0.000E+00  0.000E+00  0.000E+00  0.000E+00
  345.5000  3.317E-03  1.587E-03  6.139E-04  2.061E-04  5.681E-05  1.118E-05  6.411E-07  5.108E-16  0.000E+00  0.000E+00  0.000E+00  0.000E+00  0.000E+00
  346.5000  2.975E-03  1.419E-03  5.486E-04  1.845E-04  5.086E-05  9.974E-06  5.501E-07  5.198E-16  0.000E+00  0.000E+00  0.000E+00  0.000E+00  0.000E+00
  347.5000  2.920E-03  1.392E-03  5.375E-04  1.805E-04  4.974E-05  9.767E-06  5.480E-07  6.274E-16  0.000E+00  0.000E+00  0.000E+00  0.000E+00  0.000E+00
  348.5000  3.257E-03  1.553E-03  5.989E-04  2.007E-04  5.527E-05  1.088E-05  6.281E-07  8.734E-16  0.000E+00  0.000E+00  0.000E+00  0.000E+00  0.000E+00
  349.5000  2.723E-03  1.297E-03  4.996E-04  1.673E-04  4.604E-05  9.069E-06  5.280E-07  8.819E-16  0.000E+00  0.000E+00  0.000E+00  0.000E+00  0.000E+00
  350.5000  3.824E-03  1.821E-03  7.005E-04  2.342E-04  6.443E-05  1.271E-05  7.507E-07  1.506E-15  0.000E+00  0.000E+00  0.000E+00  0.000E+00  0.000E+00
  351.5000  3.275E-03  1.558E-03  5.987E-04  2.000E-04  5.500E-05  1.085E-05  6.434E-07  1.540E-15  0.000E+00  0.000E+00  0.000E+00  0.000E+00  0.000E+00
  352.5000  2.967E-03  1.411E-03  5.416E-04  1.806E-04  4.965E-05  9.806E-06  5.909E-07  1.692E-15  0.000E+00  0.000E+00  0.000E+00  0.000E+00  0.000E+00
  353.5000  3.599E-03  1.711E-03  6.559E-04  2.184E-04  6.000E-05  1.187E-05  7.287E-07  2.492E-15  0.000E+00  0.000E+00  0.000E+00  0.000E+00  0.000E+00
  354.5000  3.919E-03  1.863E-03  7.132E-04  2.371E-04  6.510E-05  1.290E-05  8.053E-07  3.281E-15  0.000E+00  0.000E+00  0.000E+00  0.000E+00  0.000E+00
  355.5000  3.663E-03  1.740E-03  6.655E-04  2.209E-04  6.064E-05  1.202E-05  7.585E-07  3.661E-15  0.000E+00  0.000E+00  0.000E+00  0.000E+00  0.000E+00
  356.5000  3.397E-03  1.612E-03  6.158E-04  2.042E-04  5.602E-05  1.111E-05  7.075E-07  4.035E-15  0.000E+00  0.000E+00  0.000E+00  0.000E+00  0.000E+00
  357.5000  2.883E-03  1.367E-03  5.217E-04  1.728E-04  4.738E-05  9.406E-06  6.035E-07  4.056E-15  0.000E+00  0.000E+00  0.000E+00  0.000E+00  0.000E+00
  358.5000  2.232E-03  1.058E-03  4.031E-04  1.333E-04  3.654E-05  7.261E-06  4.718E-07  3.736E-15  0.000E+00  0.000E+00  0.000E+00  0.000E+00  0.000E+00
  359.5000  3.754E-03  1.778E-03  6.769E-04  2.236E-04  6.124E-05  1.218E-05  7.985E-07  7.424E-15  0.000E+00  0.000E+00  0.000E+00  0.000E+00  0.000E+00
  360.5000  3.480E-03  1.647E-03  6.263E-04  2.066E-04  5.656E-05  1.126E-05  7.449E-07  8.114E-15  0.000E+00  0.000E+00  0.000E+00  0.000E+00  0.000E+00
  361.5000  3.143E-03  1.487E-03  5.647E-04  1.860E-04  5.090E-05  1.014E-05  6.785E-07  8.647E-15  0.000E+00  0.000E+00  0.000E+00  0.000E+00  0.000E+00
  362.5000  3.694E-03  1.747E-03  6.626E-04  2.180E-04  5.961E-05  1.188E-05  8.031E-07  1.195E-14  0.000E+00  0.000E+00  0.000E+00  0.000E+00  0.000E+00
  363.5000  3.287E-03  1.553E-03  5.884E-04  1.933E-04  5.284E-05  1.054E-05  7.188E-07  1.245E-14  0.000E+00  0.000E+00  0.000E+00  0.000E+00  0.000E+00
  364.5000  3.582E-03  1.691E-03  6.400E-04  2.100E-04  5.737E-05  1.145E-05  7.870E-07  1.583E-14  0.000E+00  0.000E+00  0.000E+00  0.000E+00  0.000E+00
  365.5000  4.358E-03  2.055E-03  7.771E-04  2.547E-04  6.954E-05  1.389E-05  9.612E-07  2.240E-14  0.000E+00  0.000E+00  0.000E+00  0.000E+00  0.000E+00
  366.5000  4.616E-03  2.176E-03  8.216E-04  2.690E-04  7.338E-05  1.467E-05  1.024E-06  2.764E-14  0.000E+00  0.000E+00  0.000E+00  0.000E+00  0.000E+00
  367.5000  4.386E-03  2.066E-03  7.794E-04  2.548E-04  6.947E-05  1.390E-05  9.794E-07  3.053E-14  0.000E+00  0.000E+00  0.000E+00  0.000E+00  0.000E+00
  368.5000  3.852E-03  1.813E-03  6.831E-04  2.230E-04  6.078E-05  1.217E-05  8.640E-07  3.104E-14  0.000E+00  0.000E+00  0.000E+00  0.000E+00  0.000E+00
  369.5000  4.619E-03  2.172E-03  8.175E-04  2.666E-04  7.261E-05  1.454E-05  1.041E-06  4.303E-14  0.000E+00  0.000E+00  0.000E+00  0.000E+00  0.000E+00
  370.5000  4.189E-03  1.969E-03  7.400E-04  2.410E-04  6.560E-05  1.315E-05  9.480E-07  4.501E-14  0.000E+00  0.000E+00  0.000E+00  0.000E+00  0.000E+00
  371.5000  4.792E-03  2.251E-03  8.450E-04  2.748E-04  7.476E-05  1.499E-05  1.089E-06  5.930E-14  0.000E+00  0.000E+00  0.000E+00  0.000E+00  0.000E+00
  372.5000  3.539E-03  1.661E-03  6.229E-04  2.024E-04  5.501E-05  1.104E-05  8.082E-07  5.035E-14  0.000E+00  0.000E+00  0.000E+00  0.000E+00  0.000E+00
  373.5000  3.197E-03  1.499E-03  5.615E-04  1.822E-04  4.950E-05  9.939E-06  7.326E-07  5.213E-14  0.000E+00  0.000E+00  0.000E+00  0.000E+00  0.000E+00
  374.5000  3.507E-03  1.643E-03  6.147E-04  1.992E-04  5.408E-05  1.087E-05  8.064E-07  6.544E-14  0.000E+00  0.000E+00  0.000E+00  0.000E+00  0.000E+00
  375.5000  3.956E-03  1.852E-03  6.922E-04  2.240E-04  6.078E-05  1.222E-05  9.135E-07  8.440E-14  0.000E+00  0.000E+00  0.000E+00  0.000E+00  0.000E+00
  376.5000  3.950E-03  1.848E-03  6.898E-04  2.230E-04  6.045E-05  1.216E-05  9.155E-07  9.615E-14  0.000E+00  0.000E+00  0.000E+00  0.000E+00  0.000E+00
  377.5000  4.703E-03  2.199E-03  8.196E-04  2.646E-04  7.169E-05  1.443E-05  1.094E-06  1.304E-13  0.000E+00  0.000E+00  0.000E+00  0.000E+00  0.000E+00
  378.5000  5.123E-03  2.393E-03  8.912E-04  2.873E-04  7.780E-05  1.567E-05  1.195E-06  1.614E-13  0.000E+00  0.000E+00  0.000E+00  0.000E+00  0.000E+00
  379.5000  3.788E-03  1.768E-03  6.578E-04  2.118E-04  5.731E-05  1.155E-05  8.866E-07  1.354E-13  0.000E+00  0.000E+00  0.000E+00  0.000E+00  0.000E+00
  380.5000  4.555E-03  2.125E-03  7.893E-04  2.538E-04  6.863E-05  1.384E-05  1.069E-06  1.845E-13  0.000E+00  0.000E+00  0.000E+00  0.000E+00  0.000E+00
  381.5000  4.279E-03  1.994E-03  7.401E-04  2.377E-04  6.422E-05  1.295E-05  1.008E-06  1.960E-13  0.000E+00  0.000E+00  0.000E+00  0.000E+00  0.000E+00
  382.5000  2.850E-03  1.327E-03  4.920E-04  1.578E-04  4.261E-05  8.600E-06  6.731E-07  1.474E-13  0.000E+00  0.000E+00  0.000E+00  0.000E+00  0.000E+00
  383.5000  2.502E-03  1.164E-03  4.310E-04  1.381E-04  3.726E-05  7.523E-06  5.924E-07  1.459E-13  0.000E+00  0.000E+00  0.000E+00  0.000E+00  0.000E+00
  384.5000  3.753E-03  1.745E-03  6.454E-04  2.065E-04  5.567E-05  1.125E-05  8.910E-07  2.464E-13  0.000E+00  0.000E+00  0.000E+00  0.000E+00  0.000E+00
  385.5000  3.713E-03  1.725E-03  6.371E-04  2.035E-04  5.485E-05  1.109E-05  8.835E-07  2.739E-13  0.000E+00  0.000E+00  0.000E+00  0.000E+00  0.000E+00
  386.5000  3.783E-03  1.756E-03  6.480E-04  2.067E-04  5.567E-05  1.126E-05  9.025E-07  3.132E-13  0.000E+00  0.000E+00  0.000E+00  0.000E+00  0.000E+00
  387.5000  3.515E-03  1.630E-03  6.008E-04  1.914E-04  5.151E-05  1.042E-05  8.403E-07  3.260E-13  0.000E+00  0.000E+00  0.000E+00  0.000E+00  0.000E+00
  388.5000  3.521E-03  1.632E-03  6.008E-04  1.912E-04  5.141E-05  1.041E-05  8.437E-07  3.654E-13  0.000E+00  0.000E+00  0.000E+00  0.000E+00  0.000E+00
  389.5000  4.439E-03  2.056E-03  7.559E-04  2.402E-04  6.455E-05  1.307E-05  1.066E-06  5.147E-13  0.000E+00  0.000E+00  0.000E+00  0.000E+00  0.000E+00
  390.5000  4.359E-03  2.017E-03  7.408E-04  2.351E-04  6.313E-05  1.279E-05  1.049E-06  5.639E-13  0.000E+00  0.000E+00  0.000E+00  0.000E+00  0.000E+00
  391.5000  5.171E-03  2.391E-03  8.770E-04  2.780E-04  7.458E-05  1.512E-05  1.246E-06  7.452E-13  0.000E+00  0.000E+00  0.000E+00  0.000E+00  0.000E+00
  392.5000  3.876E-03  1.791E-03  6.562E-04  2.077E-04  5.568E-05  1.129E-05  9.359E-07  6.215E-13  0.000E+00  0.000E+00  0.000E+00  0.000E+00  0.000E+00
  393.5000  1.685E-03  7.777E-04  2.846E-04  8.998E-05  2.410E-05  4.890E-06  4.074E-07  3.001E-13  0.000E+00  0.000E+00  0.000E+00  0.000E+00  0.000E+00
  394.5000  3.963E-03  1.828E-03  6.682E-04  2.110E-04  5.647E-05  1.146E-05  9.598E-07  7.832E-13  0.000E+00  0.000E+00  0.000E+00  0.000E+00  0.000E+00
  395.5000  5.097E-03  2.349E-03  8.578E-04  2.704E-04  7.234E-05  1.469E-05  1.236E-06  1.116E-12  0.000E+00  0.000E+00  0.000E+00  0.000E+00  0.000E+00
  396.5000  2.993E-03  1.378E-03  5.026E-04  1.582E-04  4.229E-05  8.592E-06  7.268E-07  7.252E-13  0.000E+00  0.000E+00  0.000E+00  0.000E+00  0.000E+00
  397.5000  3.453E-03  1.588E-03  5.787E-04  1.820E-04  4.860E-05  9.877E-06  8.397E-07  9.249E-13  0.000E+00  0.000E+00  0.000E+00  0.000E+00  0.000E+00
  398.5000  5.932E-03  2.727E-03  9.923E-04  3.116E-04  8.314E-05  1.691E-05  1.445E-06  1.754E-12  0.000E+00  0.000E+00  0.000E+00  0.000E+00  0.000E+00
  399.5000  6.168E-03  2.833E-03  1.030E-03  3.229E-04  8.610E-05  1.751E-05  1.504E-06  2.011E-12  0.000E+00  0.000E+00  0.000E+00  0.000E+00  0.000E+00
------------------------------------------------------------
Dose rates,W m-2
   1 = UV index (WMO, 1994; Webb et al., 2011)           
   2 = Previtamin-D3 (CIE 2006)                          
values at z =      0.025 km
Columns: time,sza,weighting spectra
time,hrs.  sza,deg.          1          2
   19.0000     91.140  9.885E-03  2.013E-04
   19.0833     92.189  4.962E-03  1.114E-04
   19.1667     93.238  2.069E-03  5.122E-05
   19.2500     94.286  7.261E-04  1.869E-05
   19.3333     95.334  1.900E-04  4.575E-06
   19.4167     96.381  2.623E-05  2.657E-07
   19.5000     97.428  9.788E-07  3.569E-10
   19.5833     98.473  9.178E-14  2.199E-21
   19.6667     99.518  0.000E+00  0.000E+00
   19.7500    100.561  0.000E+00  0.000E+00
   19.8333    101.603  0.000E+00  0.000E+00
   19.9167    102.644  0.000E+00  0.000E+00
   20.0000    103.683  0.000E+00  0.000E+00
------------------------------------------------------------
