Spectral Irradiance,W m-2 nm-1
values at z =      0.025 km
Columns: wavelength (nm),times (hrs.) or sza (deg.)
    wc,nm     15.000     15.083     15.167     15.250     15.333     15.417     15.500     15.583     15.667     15.750     15.833     15.917     16.000
    sza =      43.744     44.537     45.347     46.172     47.011     47.865     48.730     49.608     50.498     51.398     52.308     53.228     54.157
  280.5000  2.526E-18  1.543E-18  9.155E-19  5.265E-19  2.932E-19  1.577E-19  8.195E-20  4.103E-20  1.977E-20  9.157E-21  4.076E-21  1.745E-21  7.214E-22
  281.5000  1.697E-16  1.083E-16  6.733E-17  4.069E-17  2.388E-17  1.359E-17  7.489E-18  3.992E-18  2.055E-18  1.021E-18  4.893E-19  2.264E-19  1.014E-19
  282.5000  4.312E-15  2.859E-15  1.850E-15  1.167E-15  7.163E-16  4.275E-16  2.479E-16  1.394E-16  7.597E-17  4.008E-17  2.046E-17  1.011E-17  4.853E-18
  283.5000  3.200E-14  2.174E-14  1.444E-14  9.360E-15  5.918E-15  3.643E-15  2.183E-15  1.271E-15  7.184E-16  3.940E-16  2.095E-16  1.081E-16  5.420E-17
  284.5000  7.426E-13  5.276E-13  3.675E-13  2.505E-13  1.671E-13  1.088E-13  6.925E-14  4.297E-14  2.598E-14  1.530E-14  8.764E-15  4.889E-15  2.659E-15
  285.5000  4.766E-12  3.500E-12  2.524E-12  1.786E-12  1.239E-12  8.418E-13  5.598E-13  3.640E-13  2.312E-13  1.434E-13  8.679E-14  5.128E-14  2.960E-14
  286.5000  8.985E-11  6.768E-11  5.014E-11  3.651E-11  2.610E-11  1.831E-11  1.259E-11  8.487E-12  5.599E-12  3.614E-12  2.281E-12  1.408E-12  8.506E-13
  287.5000  8.652E-10  6.703E-10  5.116E-10  3.845E-10  2.843E-10  2.066E-10  1.476E-10  1.035E-10  7.119E-11  4.803E-11  3.176E-11  2.058E-11  1.308E-11
  288.5000  7.621E-09  6.088E-09  4.800E-09  3.733E-09  2.862E-09  2.162E-09  1.608E-09  1.178E-09  8.477E-10  6.000E-10  4.171E-10  2.849E-10  1.912E-10
  289.5000  6.272E-08  5.121E-08  4.131E-08  3.293E-08  2.591E-08  2.012E-08  1.540E-08  1.163E-08  8.647E-09  6.331E-09  4.562E-09  3.235E-09  2.254E-09
  290.5000  3.532E-07  2.936E-07  2.416E-07  1.965E-07  1.580E-07  1.255E-07  9.851E-08  7.629E-08  5.828E-08  4.391E-08  3.260E-08  2.385E-08  1.719E-08
  291.5000  1.635E-06  1.388E-06  1.167E-06  9.718E-07  8.010E-07  6.531E-07  5.267E-07  4.200E-07  3.308E-07  2.574E-07  1.977E-07  1.498E-07  1.121E-07
  292.5000  5.364E-06  4.631E-06  3.964E-06  3.364E-06  2.829E-06  2.356E-06  1.943E-06  1.586E-06  1.281E-06  1.023E-06  8.078E-07  6.261E-07  4.857E-07
  293.5000  2.071E-05  1.816E-05  1.581E-05  1.366E-05  1.170E-05  9.943E-06  8.375E-06  6.990E-06  5.779E-06  4.730E-06  3.832E-06  3.072E-06  2.436E-06
  294.5000  4.941E-05  4.387E-05  3.870E-05  3.390E-05  2.948E-05  2.544E-05  2.178E-05  1.849E-05  1.557E-05  1.299E-05  1.074E-05  8.790E-06  7.125E-06
  295.5000  1.581E-04  1.422E-04  1.272E-04  1.131E-04  9.987E-05  8.760E-05  7.631E-05  6.600E-05  5.664E-05  4.823E-05  4.073E-05  3.410E-05  2.822E-05
  296.5000  3.373E-04  3.068E-04  2.776E-04  2.498E-04  2.234E-04  1.987E-04  1.756E-04  1.541E-04  1.344E-04  1.164E-04  1.000E-04  8.532E-05  7.218E-05
  297.5000  7.716E-04  7.085E-04  6.475E-04  5.888E-04  5.327E-04  4.793E-04  4.289E-04  3.816E-04  3.374E-04  2.965E-04  2.588E-04  2.243E-04  1.928E-04
  298.5000  1.069E-03  9.889E-04  9.114E-04  8.362E-04  7.637E-04  6.940E-04  6.276E-04  5.645E-04  5.050E-04  4.492E-04  3.972E-04  3.490E-04  3.047E-04
  299.5000  2.745E-03  2.560E-03  2.378E-03  2.200E-03  2.027E-03  1.860E-03  1.699E-03  1.544E-03  1.397E-03  1.257E-03  1.125E-03  1.001E-03  8.855E-04
  300.5000  2.871E-03  2.692E-03  2.516E-03  2.343E-03  2.173E-03  2.008E-03  1.848E-03  1.693E-03  1.544E-03  1.402E-03  1.267E-03  1.138E-03  1.018E-03
  301.5000  6.416E-03  6.055E-03  5.696E-03  5.341E-03  4.991E-03  4.647E-03  4.311E-03  3.984E-03  3.667E-03  3.362E-03  3.068E-03  2.787E-03  2.520E-03
  302.5000  8.653E-03  8.199E-03  7.746E-03  7.296E-03  6.850E-03  6.411E-03  5.979E-03  5.557E-03  5.146E-03  4.746E-03  4.360E-03  3.988E-03  3.632E-03
  303.5000  1.621E-02  1.543E-02  1.465E-02  1.387E-02  1.310E-02  1.233E-02  1.157E-02  1.083E-02  1.010E-02  9.383E-03  8.688E-03  8.013E-03  7.361E-03
  304.5000  1.874E-02  1.789E-02  1.703E-02  1.618E-02  1.533E-02  1.448E-02  1.364E-02  1.281E-02  1.199E-02  1.119E-02  1.041E-02  9.645E-03  8.904E-03
  305.5000  2.686E-02  2.574E-02  2.462E-02  2.328E-02  2.236E-02  2.124E-02  2.011E-02  1.900E-02  1.789E-02  1.680E-02  1.573E-02  1.468E-02  1.366E-02
  306.5000  2.910E-02  2.794E-02  2.677E-02  2.560E-02  2.442E-02  2.323E-02  2.205E-02  2.088E-02  1.972E-02  1.857E-02  1.744E-02  1.632E-02  1.523E-02
  307.5000  4.494E-02  4.330E-02  4.164E-02  3.996E-02  3.827E-02  3.657E-02  3.487E-02  3.317E-02  3.148E-02  2.980E-02  2.814E-02  2.649E-02  2.488E-02
  308.5000  5.173E-02  4.990E-02  4.805E-02  4.618E-02  4.430E-02  4.240E-02  4.050E-02  3.859E-02  3.670E-02  3.481E-02  3.293E-02  3.108E-02  2.925E-02
  309.5000  4.774E-02  4.616E-02  4.455E-02  4.292E-02  4.128E-02  3.962E-02  3.795E-02  3.628E-02  3.461E-02  3.295E-02  3.129E-02  2.964E-02  2.801E-02
  310.5000  6.723E-02  6.511E-02  6.295E-02  6.075E-02  5.854E-02  5.630E-02  5.405E-02  5.178E-02  4.951E-02  4.717E-02  4.496E-02  4.273E-02  4.049E-02
  311.5000  8.851E-02  8.581E-02  8.305E-02  8.025E-02  7.742E-02  7.455E-02  7.167E-02  6.876E-02  6.585E-02  6.294E-02  6.003E-02  5.712E-02  5.424E-02
  312.5000  8.977E-02  8.719E-02  8.456E-02  8.188E-02  7.917E-02  7.641E-02  7.364E-02  7.084E-02  6.803E-02  6.521E-02  6.238E-02  5.956E-02  5.674E-02
  313.5000  1.029E-01  1.000E-01  9.704E-02  9.401E-02  9.094E-02  8.783E-02  8.469E-02  8.151E-02  7.833E-02  7.513E-02  7.193E-02  6.873E-02  6.553E-02
  314.5000  1.063E-01  1.035E-01  1.006E-01  9.761E-02  9.460E-02  9.155E-02  8.846E-02  8.534E-02  8.219E-02  7.904E-02  7.586E-02  7.269E-02  6.951E-02
  315.5000  1.102E-01  1.077E-01  1.047E-01  1.016E-01  9.852E-02  9.537E-02  9.219E-02  8.897E-02  8.573E-02  8.246E-02  7.919E-02  7.591E-02  7.262E-02
  316.5000  1.130E-01  1.102E-01  1.072E-01  1.043E-01  1.011E-01  9.814E-02  9.501E-02  9.186E-02  8.867E-02  8.546E-02  8.223E-02  7.899E-02  7.575E-02
  317.5000  1.602E-01  1.561E-01  1.520E-01  1.478E-01  1.434E-01  1.391E-01  1.347E-01  1.302E-01  1.257E-01  1.211E-01  1.165E-01  1.120E-01  1.074E-01
  318.5000  1.290E-01  1.258E-01  1.227E-01  1.194E-01  1.161E-01  1.127E-01  1.093E-01  1.058E-01  1.023E-01  9.878E-02  9.523E-02  9.166E-02  8.808E-02
  319.5000  1.583E-01  1.545E-01  1.506E-01  1.467E-01  1.426E-01  1.385E-01  1.343E-01  1.301E-01  1.258E-01  1.215E-01  1.172E-01  1.129E-01  1.085E-01
  320.5000  1.939E-01  1.893E-01  1.846E-01  1.798E-01  1.749E-01  1.699E-01  1.648E-01  1.597E-01  1.545E-01  1.493E-01  1.441E-01  1.388E-01  1.335E-01
  321.5000  1.681E-01  1.643E-01  1.604E-01  1.564E-01  1.523E-01  1.482E-01  1.439E-01  1.397E-01  1.353E-01  1.310E-01  1.266E-01  1.222E-01  1.177E-01
  322.5000  1.671E-01  1.632E-01  1.592E-01  1.551E-01  1.509E-01  1.466E-01  1.423E-01  1.379E-01  1.335E-01  1.290E-01  1.245E-01  1.200E-01  1.155E-01
  323.5000  1.764E-01  1.724E-01  1.684E-01  1.643E-01  1.601E-01  1.558E-01  1.515E-01  1.471E-01  1.426E-01  1.381E-01  1.336E-01  1.290E-01  1.244E-01
  324.5000  2.072E-01  2.026E-01  1.978E-01  1.930E-01  1.880E-01  1.830E-01  1.779E-01  1.727E-01  1.675E-01  1.622E-01  1.568E-01  1.515E-01  1.461E-01
  325.5000  2.319E-01  2.267E-01  2.214E-01  2.159E-01  2.104E-01  2.047E-01  1.990E-01  1.931E-01  1.872E-01  1.812E-01  1.752E-01  1.692E-01  1.631E-01
  326.5000  2.852E-01  2.790E-01  2.727E-01  2.662E-01  2.596E-01  2.529E-01  2.461E-01  2.391E-01  2.321E-01  2.250E-01  2.178E-01  2.106E-01  2.033E-01
  327.5000  2.648E-01  2.591E-01  2.531E-01  2.470E-01  2.408E-01  2.345E-01  2.281E-01  2.216E-01  2.150E-01  2.083E-01  2.016E-01  1.948E-01  1.880E-01
  328.5000  2.450E-01  2.396E-01  2.341E-01  2.285E-01  2.228E-01  2.169E-01  2.110E-01  2.050E-01  1.989E-01  1.927E-01  1.865E-01  1.802E-01  1.739E-01
  329.5000  3.212E-01  3.144E-01  3.074E-01  3.002E-01  2.929E-01  2.854E-01  2.778E-01  2.702E-01  2.624E-01  2.545E-01  2.465E-01  2.385E-01  2.304E-01
  330.5000  2.913E-01  2.851E-01  2.786E-01  2.721E-01  2.654E-01  2.585E-01  2.516E-01  2.445E-01  2.374E-01  2.302E-01  2.229E-01  2.155E-01  2.081E-01
  331.5000  2.881E-01  2.819E-01  2.755E-01  2.690E-01  2.624E-01  2.556E-01  2.487E-01  2.417E-01  2.346E-01  2.275E-01  2.203E-01  2.130E-01  2.056E-01
  332.5000  2.861E-01  2.800E-01  2.738E-01  2.675E-01  2.610E-01  2.544E-01  2.477E-01  2.409E-01  2.340E-01  2.270E-01  2.200E-01  2.129E-01  2.057E-01
  333.5000  2.684E-01  2.627E-01  2.569E-01  2.509E-01  2.448E-01  2.385E-01  2.322E-01  2.257E-01  2.192E-01  2.126E-01  2.059E-01  1.992E-01  1.924E-01
  334.5000  3.008E-01  2.944E-01  2.879E-01  2.812E-01  2.744E-01  2.674E-01  2.603E-01  2.532E-01  2.459E-01  2.385E-01  2.311E-01  2.236E-01  2.160E-01
  335.5000  3.063E-01  2.999E-01  2.933E-01  2.865E-01  2.797E-01  2.726E-01  2.655E-01  2.582E-01  2.509E-01  2.435E-01  2.359E-01  2.284E-01  2.207E-01
  336.5000  2.396E-01  2.345E-01  2.294E-01  2.241E-01  2.187E-01  2.132E-01  2.076E-01  2.019E-01  1.961E-01  1.903E-01  1.844E-01  1.785E-01  1.725E-01
  337.5000  2.628E-01  2.573E-01  2.516E-01  2.457E-01  2.398E-01  2.337E-01  2.275E-01  2.212E-01  2.149E-01  2.084E-01  2.019E-01  1.954E-01  1.888E-01
  338.5000  2.787E-01  2.728E-01  2.668E-01  2.607E-01  2.545E-01  2.481E-01  2.416E-01  2.350E-01  2.283E-01  2.216E-01  2.147E-01  2.079E-01  2.009E-01
  339.5000  3.035E-01  2.971E-01  2.906E-01  2.840E-01  2.772E-01  2.702E-01  2.632E-01  2.560E-01  2.488E-01  2.414E-01  2.340E-01  2.265E-01  2.189E-01
  340.5000  3.245E-01  3.177E-01  3.108E-01  3.036E-01  2.963E-01  2.889E-01  2.813E-01  2.736E-01  2.658E-01  2.580E-01  2.500E-01  2.419E-01  2.338E-01
  341.5000  2.891E-01  2.831E-01  2.769E-01  2.706E-01  2.641E-01  2.575E-01  2.508E-01  2.440E-01  2.371E-01  2.301E-01  2.230E-01  2.159E-01  2.087E-01
  342.5000  3.208E-01  3.141E-01  3.073E-01  3.003E-01  2.931E-01  2.858E-01  2.784E-01  2.708E-01  2.631E-01  2.554E-01  2.476E-01  2.397E-01  2.317E-01
  343.5000  3.335E-01  3.265E-01  3.194E-01  3.121E-01  3.047E-01  2.970E-01  2.893E-01  2.815E-01  2.735E-01  2.654E-01  2.573E-01  2.490E-01  2.407E-01
  344.5000  2.339E-01  2.290E-01  2.240E-01  2.189E-01  2.137E-01  2.083E-01  2.029E-01  1.974E-01  1.918E-01  1.861E-01  1.804E-01  1.746E-01  1.688E-01
  345.5000  3.214E-01  3.147E-01  3.079E-01  3.009E-01  2.937E-01  2.864E-01  2.790E-01  2.714E-01  2.638E-01  2.560E-01  2.482E-01  2.403E-01  2.323E-01
  346.5000  3.008E-01  2.945E-01  2.881E-01  2.815E-01  2.748E-01  2.679E-01  2.610E-01  2.539E-01  2.467E-01  2.394E-01  2.321E-01  2.247E-01  2.172E-01
  347.5000  2.943E-01  2.882E-01  2.819E-01  2.755E-01  2.689E-01  2.622E-01  2.554E-01  2.484E-01  2.414E-01  2.343E-01  2.271E-01  2.199E-01  2.125E-01
  348.5000  3.239E-01  3.172E-01  3.103E-01  3.032E-01  2.960E-01  2.887E-01  2.812E-01  2.736E-01  2.658E-01  2.580E-01  2.501E-01  2.421E-01  2.341E-01
  349.5000  2.718E-01  2.662E-01  2.604E-01  2.544E-01  2.484E-01  2.422E-01  2.359E-01  2.295E-01  2.231E-01  2.165E-01  2.099E-01  2.032E-01  1.964E-01
  350.5000  3.810E-01  3.731E-01  3.650E-01  3.567E-01  3.483E-01  3.396E-01  3.308E-01  3.218E-01  3.127E-01  3.036E-01  2.943E-01  2.849E-01  2.754E-01
  351.5000  3.288E-01  3.220E-01  3.150E-01  3.078E-01  3.005E-01  2.930E-01  2.854E-01  2.777E-01  2.698E-01  2.619E-01  2.539E-01  2.458E-01  2.376E-01
  352.5000  2.969E-01  2.907E-01  2.844E-01  2.780E-01  2.714E-01  2.646E-01  2.578E-01  2.508E-01  2.437E-01  2.366E-01  2.293E-01  2.220E-01  2.146E-01
  353.5000  3.579E-01  3.505E-01  3.429E-01  3.351E-01  3.271E-01  3.190E-01  3.108E-01  3.024E-01  2.938E-01  2.852E-01  2.765E-01  2.677E-01  2.588E-01
  354.5000  3.878E-01  3.798E-01  3.716E-01  3.632E-01  3.545E-01  3.458E-01  3.368E-01  3.277E-01  3.185E-01  3.091E-01  2.997E-01  2.902E-01  2.805E-01
  355.5000  3.629E-01  3.554E-01  3.477E-01  3.398E-01  3.318E-01  3.235E-01  3.152E-01  3.067E-01  2.980E-01  2.893E-01  2.804E-01  2.715E-01  2.625E-01
  356.5000  3.371E-01  3.302E-01  3.230E-01  3.157E-01  3.083E-01  3.006E-01  2.928E-01  2.849E-01  2.769E-01  2.688E-01  2.606E-01  2.523E-01  2.439E-01
  357.5000  2.870E-01  2.811E-01  2.750E-01  2.688E-01  2.624E-01  2.559E-01  2.493E-01  2.426E-01  2.358E-01  2.289E-01  2.219E-01  2.148E-01  2.077E-01
  358.5000  2.218E-01  2.172E-01  2.125E-01  2.077E-01  2.028E-01  1.978E-01  1.926E-01  1.875E-01  1.822E-01  1.768E-01  1.714E-01  1.660E-01  1.605E-01
  359.5000  3.737E-01  3.660E-01  3.581E-01  3.500E-01  3.417E-01  3.332E-01  3.246E-01  3.159E-01  3.070E-01  2.980E-01  2.889E-01  2.797E-01  2.705E-01
  360.5000  3.467E-01  3.396E-01  3.323E-01  3.248E-01  3.171E-01  3.092E-01  3.013E-01  2.931E-01  2.849E-01  2.766E-01  2.681E-01  2.596E-01  2.510E-01
  361.5000  3.130E-01  3.065E-01  2.999E-01  2.931E-01  2.862E-01  2.791E-01  2.719E-01  2.646E-01  2.572E-01  2.497E-01  2.420E-01  2.344E-01  2.266E-01
  362.5000  3.679E-01  3.604E-01  3.526E-01  3.446E-01  3.365E-01  3.282E-01  3.197E-01  3.111E-01  3.024E-01  2.935E-01  2.846E-01  2.756E-01  2.664E-01
  363.5000  3.277E-01  3.209E-01  3.140E-01  3.069E-01  2.997E-01  2.923E-01  2.848E-01  2.771E-01  2.693E-01  2.614E-01  2.535E-01  2.454E-01  2.373E-01
  364.5000  3.578E-01  3.505E-01  3.429E-01  3.352E-01  3.273E-01  3.192E-01  3.110E-01  3.026E-01  2.941E-01  2.855E-01  2.768E-01  2.681E-01  2.592E-01
  365.5000  4.365E-01  4.275E-01  4.183E-01  4.089E-01  3.993E-01  3.894E-01  3.794E-01  3.692E-01  3.588E-01  3.483E-01  3.377E-01  3.270E-01  3.162E-01
  366.5000  4.625E-01  4.530E-01  4.433E-01  4.333E-01  4.231E-01  4.126E-01  4.020E-01  3.912E-01  3.802E-01  3.691E-01  3.579E-01  3.465E-01  3.351E-01
  367.5000  4.396E-01  4.306E-01  4.214E-01  4.119E-01  4.022E-01  3.922E-01  3.822E-01  3.719E-01  3.615E-01  3.509E-01  3.402E-01  3.294E-01  3.186E-01
  368.5000  3.866E-01  3.787E-01  3.706E-01  3.622E-01  3.537E-01  3.450E-01  3.361E-01  3.271E-01  3.179E-01  3.086E-01  2.992E-01  2.898E-01  2.802E-01
  369.5000  4.643E-01  4.548E-01  4.450E-01  4.350E-01  4.247E-01  4.143E-01  4.036E-01  3.928E-01  3.818E-01  3.707E-01  3.594E-01  3.480E-01  3.365E-01
  370.5000  4.217E-01  4.130E-01  4.042E-01  3.951E-01  3.858E-01  3.763E-01  3.666E-01  3.568E-01  3.468E-01  3.367E-01  3.264E-01  3.161E-01  3.057E-01
  371.5000  4.830E-01  4.731E-01  4.630E-01  4.526E-01  4.419E-01  4.310E-01  4.200E-01  4.087E-01  3.973E-01  3.857E-01  3.740E-01  3.621E-01  3.502E-01
  372.5000  3.572E-01  3.498E-01  3.423E-01  3.347E-01  3.268E-01  3.188E-01  3.106E-01  3.023E-01  2.938E-01  2.852E-01  2.766E-01  2.678E-01  2.590E-01
  373.5000  3.232E-01  3.166E-01  3.098E-01  3.028E-01  2.957E-01  2.884E-01  2.810E-01  2.735E-01  2.659E-01  2.581E-01  2.503E-01  2.423E-01  2.343E-01
  374.5000  3.551E-01  3.478E-01  3.404E-01  3.327E-01  3.249E-01  3.169E-01  3.088E-01  3.005E-01  2.921E-01  2.836E-01  2.750E-01  2.663E-01  2.575E-01
  375.5000  4.010E-01  3.928E-01  3.844E-01  3.758E-01  3.670E-01  3.580E-01  3.488E-01  3.395E-01  3.300E-01  3.204E-01  3.106E-01  3.008E-01  2.909E-01
  376.5000  4.009E-01  3.927E-01  3.843E-01  3.757E-01  3.669E-01  3.579E-01  3.487E-01  3.394E-01  3.299E-01  3.203E-01  3.106E-01  3.007E-01  2.908E-01
  377.5000  4.779E-01  4.681E-01  4.581E-01  4.479E-01  4.374E-01  4.266E-01  4.157E-01  4.046E-01  3.933E-01  3.819E-01  3.703E-01  3.585E-01  3.467E-01
  378.5000  5.214E-01  5.108E-01  4.999E-01  4.887E-01  4.772E-01  4.655E-01  4.536E-01  4.415E-01  4.292E-01  4.167E-01  4.040E-01  3.912E-01  3.784E-01
  379.5000  3.862E-01  3.783E-01  3.702E-01  3.619E-01  3.535E-01  3.448E-01  3.360E-01  3.270E-01  3.179E-01  3.086E-01  2.993E-01  2.898E-01  2.803E-01
  380.5000  4.649E-01  4.555E-01  4.457E-01  4.358E-01  4.256E-01  4.151E-01  4.045E-01  3.937E-01  3.827E-01  3.716E-01  3.603E-01  3.489E-01  3.374E-01
  381.5000  4.373E-01  4.284E-01  4.193E-01  4.099E-01  4.003E-01  3.905E-01  3.805E-01  3.704E-01  3.601E-01  3.496E-01  3.390E-01  3.283E-01  3.175E-01
  382.5000  2.917E-01  2.858E-01  2.797E-01  2.734E-01  2.670E-01  2.605E-01  2.539E-01  2.471E-01  2.402E-01  2.332E-01  2.261E-01  2.190E-01  2.118E-01
  383.5000  2.564E-01  2.512E-01  2.459E-01  2.404E-01  2.348E-01  2.290E-01  2.232E-01  2.172E-01  2.112E-01  2.050E-01  1.988E-01  1.925E-01  1.862E-01
  384.5000  3.852E-01  3.774E-01  3.694E-01  3.611E-01  3.527E-01  3.441E-01  3.353E-01  3.263E-01  3.172E-01  3.080E-01  2.987E-01  2.893E-01  2.797E-01
  385.5000  3.815E-01  3.738E-01  3.658E-01  3.576E-01  3.493E-01  3.408E-01  3.321E-01  3.232E-01  3.142E-01  3.051E-01  2.959E-01  2.865E-01  2.771E-01
  386.5000  3.893E-01  3.814E-01  3.733E-01  3.649E-01  3.564E-01  3.477E-01  3.389E-01  3.298E-01  3.206E-01  3.113E-01  3.019E-01  2.924E-01  2.828E-01
  387.5000  3.621E-01  3.548E-01  3.473E-01  3.395E-01  3.316E-01  3.235E-01  3.153E-01  3.069E-01  2.983E-01  2.897E-01  2.809E-01  2.720E-01  2.631E-01
  388.5000  3.634E-01  3.560E-01  3.484E-01  3.407E-01  3.327E-01  3.246E-01  3.163E-01  3.079E-01  2.994E-01  2.907E-01  2.819E-01  2.730E-01  2.640E-01
  389.5000  4.587E-01  4.494E-01  4.398E-01  4.301E-01  4.200E-01  4.098E-01  3.993E-01  3.887E-01  3.779E-01  3.670E-01  3.559E-01  3.446E-01  3.333E-01
  390.5000  4.510E-01  4.419E-01  4.325E-01  4.229E-01  4.130E-01  4.029E-01  3.927E-01  3.822E-01  3.716E-01  3.609E-01  3.499E-01  3.389E-01  3.278E-01
  391.5000  5.356E-01  5.248E-01  5.136E-01  5.022E-01  4.905E-01  4.786E-01  4.664E-01  4.540E-01  4.414E-01  4.286E-01  4.157E-01  4.026E-01  3.893E-01
  392.5000  4.021E-01  3.939E-01  3.856E-01  3.770E-01  3.682E-01  3.593E-01  3.501E-01  3.408E-01  3.314E-01  3.218E-01  3.121E-01  3.022E-01  2.923E-01
  393.5000  1.750E-01  1.714E-01  1.678E-01  1.641E-01  1.603E-01  1.564E-01  1.524E-01  1.483E-01  1.442E-01  1.401E-01  1.358E-01  1.316E-01  1.272E-01
  394.5000  4.122E-01  4.039E-01  3.953E-01  3.865E-01  3.776E-01  3.684E-01  3.590E-01  3.495E-01  3.398E-01  3.299E-01  3.200E-01  3.099E-01  2.997E-01
  395.5000  5.309E-01  5.202E-01  5.091E-01  4.978E-01  4.863E-01  4.745E-01  4.624E-01  4.501E-01  4.377E-01  4.250E-01  4.122E-01  3.992E-01  3.861E-01
  396.5000  3.120E-01  3.057E-01  2.993E-01  2.926E-01  2.858E-01  2.789E-01  2.718E-01  2.646E-01  2.573E-01  2.498E-01  2.423E-01  2.347E-01  2.270E-01
  397.5000  3.604E-01  3.531E-01  3.457E-01  3.380E-01  3.302E-01  3.221E-01  3.140E-01  3.056E-01  2.972E-01  2.886E-01  2.799E-01  2.711E-01  2.622E-01
  398.5000  6.199E-01  6.074E-01  5.946E-01  5.814E-01  5.679E-01  5.541E-01  5.401E-01  5.258E-01  5.112E-01  4.964E-01  4.815E-01  4.663E-01  4.511E-01
  399.5000  6.454E-01  6.324E-01  6.190E-01  6.053E-01  5.913E-01  5.770E-01  5.623E-01  5.474E-01  5.323E-01  5.169E-01  5.013E-01  4.856E-01  4.697E-01
------------------------------------------------------------
Dose rates,W m-2
   1 = UV index (WMO, 1994; Webb et al., 2011)           
   2 = Previtamin-D3 (CIE 2006)                          
values at z =      0.025 km
Columns: time,sza,weighting spectra
time,hrs.  sza,deg.          1          2
   15.0000     43.744  3.835E+00  1.829E-01
   15.0833     44.537  3.699E+00  1.759E-01
   15.1667     45.347  3.562E+00  1.687E-01
   15.2500     46.172  3.423E+00  1.615E-01
   15.3333     47.011  3.287E+00  1.545E-01
   15.4167     47.865  3.149E+00  1.473E-01
   15.5000     48.730  3.011E+00  1.402E-01
   15.5833     49.608  2.874E+00  1.331E-01
   15.6667     50.498  2.739E+00  1.261E-01
   15.7500     51.398  2.604E+00  1.192E-01
   15.8333     52.308  2.472E+00  1.124E-01
   15.9167     53.228  2.342E+00  1.057E-01
   16.0000     54.157  2.214E+00  9.914E-02
------------------------------------------------------------
