Spectral Irradiance,W m-2 nm-1
values at z =      0.025 km
Columns: wavelength (nm),times (hrs.) or sza (deg.)
    wc,nm     15.000     15.083     15.167     15.250     15.333     15.417     15.500     15.583     15.667     15.750     15.833     15.917     16.000
    sza =      44.999     45.765     46.549     47.348     48.162     48.992     49.834     50.690     51.557     52.436     53.326     54.227     55.137
  280.5000  1.213E-20  6.843E-21  3.725E-21  1.955E-21  9.870E-22  4.781E-22  2.221E-22  9.873E-23  4.191E-23  1.697E-23  6.563E-24  2.431E-24  8.723E-25
  281.5000  1.384E-18  8.218E-19  4.726E-19  2.629E-19  1.412E-19  7.303E-20  3.638E-20  1.741E-20  7.991E-21  3.515E-21  1.483E-21  6.013E-22  2.366E-22
  282.5000  5.540E-17  3.438E-17  2.073E-17  1.212E-17  6.863E-18  3.756E-18  1.986E-18  1.012E-18  4.969E-19  2.346E-19  1.066E-19  4.672E-20  1.989E-20
  283.5000  5.517E-16  3.524E-16  2.190E-16  1.323E-16  7.752E-17  4.400E-17  2.418E-17  1.284E-17  6.581E-18  3.253E-18  1.551E-18  7.144E-19  3.199E-19
  284.5000  2.192E-14  1.475E-14  9.692E-15  6.210E-15  3.876E-15  2.352E-15  1.387E-15  7.939E-16  4.404E-16  2.367E-16  1.232E-16  6.223E-17  3.060E-17
  285.5000  2.091E-13  1.463E-13  1.002E-13  6.704E-14  4.382E-14  2.793E-14  1.735E-14  1.049E-14  6.172E-15  3.528E-15  1.959E-15  1.049E-15  5.575E-16
  286.5000  5.342E-12  3.850E-12  2.720E-12  1.883E-12  1.275E-12  8.440E-13  5.457E-13  3.443E-13  2.117E-13  1.269E-13  7.403E-14  4.210E-14  2.338E-14
  287.5000  7.207E-11  5.368E-11  3.928E-11  2.822E-11  1.988E-11  1.372E-11  9.273E-12  6.131E-12  3.962E-12  2.501E-12  1.542E-12  9.283E-13  5.467E-13
  288.5000  9.156E-10  7.068E-10  5.373E-10  4.018E-10  2.954E-10  2.134E-10  1.513E-10  1.053E-10  7.176E-11  4.794E-11  3.136E-11  2.009E-11  1.261E-11
  289.5000  9.783E-09  7.748E-09  6.051E-09  4.657E-09  3.531E-09  2.633E-09  1.932E-09  1.394E-09  9.873E-10  6.866E-10  4.685E-10  3.136E-10  2.061E-10
  290.5000  6.858E-08  5.549E-08  4.433E-08  3.496E-08  2.719E-08  2.084E-08  1.573E-08  1.170E-08  8.556E-09  6.154E-09  4.350E-09  3.022E-09  2.063E-09
  291.5000  4.070E-07  3.374E-07  2.766E-07  2.241E-07  1.794E-07  1.418E-07  1.079E-07  8.511E-08  6.455E-08  4.823E-08  3.514E-08  2.571E-08  1.833E-08
  292.5000  1.635E-06  1.382E-06  1.157E-06  9.591E-07  7.862E-07  6.371E-07  5.103E-07  4.037E-07  3.154E-07  2.431E-07  1.848E-07  1.385E-07  1.023E-07
  293.5000  7.634E-06  6.577E-06  5.616E-06  4.752E-06  3.983E-06  3.304E-06  2.713E-06  2.174E-06  1.753E-06  1.404E-06  1.101E-06  8.504E-07  6.510E-07
  294.5000  2.113E-05  1.847E-05  1.602E-05  1.378E-05  1.175E-05  9.928E-06  8.311E-06  6.890E-06  5.653E-06  4.589E-06  3.684E-06  2.924E-06  2.293E-06
  295.5000  7.916E-05  7.027E-05  6.194E-05  5.420E-05  4.708E-05  4.056E-05  3.466E-05  2.936E-05  2.465E-05  2.050E-05  1.688E-05  1.368E-05  1.109E-05
  296.5000  1.925E-04  1.730E-04  1.546E-04  1.372E-04  1.210E-04  1.060E-04  9.209E-05  7.942E-05  6.795E-05  5.764E-05  4.847E-05  4.031E-05  3.332E-05
  297.5000  4.934E-04  4.486E-04  4.056E-04  3.646E-04  3.258E-04  2.892E-04  2.551E-04  2.235E-04  1.926E-04  1.678E-04  1.437E-04  1.221E-04  1.028E-04
  298.5000  7.519E-04  6.900E-04  6.301E-04  5.724E-04  5.172E-04  4.646E-04  4.150E-04  3.684E-04  3.249E-04  2.846E-04  2.475E-04  2.137E-04  1.830E-04
  299.5000  2.114E-03  1.957E-03  1.804E-03  1.655E-03  1.511E-03  1.373E-03  1.241E-03  1.115E-03  9.964E-04  8.849E-04  7.810E-04  6.845E-04  5.960E-04
  300.5000  2.367E-03  2.207E-03  2.048E-03  1.894E-03  1.743E-03  1.597E-03  1.456E-03  1.321E-03  1.192E-03  1.070E-03  9.547E-04  8.468E-04  7.463E-04
  301.5000  5.700E-03  5.352E-03  5.007E-03  4.666E-03  4.332E-03  4.005E-03  3.688E-03  3.380E-03  3.084E-03  2.800E-03  2.524E-03  2.271E-03  2.029E-03
  302.5000  8.067E-03  7.610E-03  7.155E-03  6.705E-03  6.260E-03  5.822E-03  5.395E-03  4.978E-03  4.574E-03  4.183E-03  3.808E-03  3.449E-03  3.108E-03
  303.5000  1.599E-02  1.517E-02  1.435E-02  1.353E-02  1.272E-02  1.191E-02  1.112E-02  1.034E-02  9.584E-03  8.844E-03  8.126E-03  7.434E-03  6.768E-03
  304.5000  1.910E-02  1.818E-02  1.725E-02  1.633E-02  1.540E-02  1.449E-02  1.358E-02  1.269E-02  1.181E-02  1.096E-02  1.012E-02  9.312E-03  8.529E-03
  305.5000  2.873E-02  2.748E-02  2.621E-02  2.494E-02  2.367E-02  2.240E-02  2.113E-02  1.988E-02  1.864E-02  1.742E-02  1.622E-02  1.505E-02  1.391E-02
  306.5000  3.176E-02  3.044E-02  2.910E-02  2.775E-02  2.640E-02  2.505E-02  2.370E-02  2.236E-02  2.103E-02  1.968E-02  1.842E-02  1.715E-02  1.591E-02
  307.5000  5.103E-02  4.910E-02  4.714E-02  4.516E-02  4.316E-02  4.115E-02  3.914E-02  3.713E-02  3.513E-02  3.314E-02  3.117E-02  2.923E-02  2.732E-02
  308.5000  5.958E-02  5.742E-02  5.522E-02  5.299E-02  5.073E-02  4.847E-02  4.619E-02  4.391E-02  4.164E-02  3.938E-02  3.711E-02  3.491E-02  3.272E-02
  309.5000  5.642E-02  5.450E-02  5.256E-02  5.058E-02  4.859E-02  4.657E-02  4.454E-02  4.228E-02  4.046E-02  3.842E-02  3.638E-02  3.436E-02  3.236E-02
  310.5000  8.088E-02  7.829E-02  7.564E-02  7.295E-02  7.023E-02  6.747E-02  6.468E-02  6.170E-02  5.908E-02  5.626E-02  5.345E-02  5.066E-02  4.787E-02
  311.5000  1.077E-01  1.044E-01  1.010E-01  9.752E-02  9.401E-02  9.046E-02  8.687E-02  8.325E-02  7.955E-02  7.598E-02  7.233E-02  6.869E-02  6.507E-02
  312.5000  1.115E-01  1.083E-01  1.051E-01  1.017E-01  9.832E-02  9.486E-02  9.137E-02  8.784E-02  8.428E-02  8.070E-02  7.711E-02  7.352E-02  6.993E-02
  313.5000  1.284E-01  1.248E-01  1.211E-01  1.173E-01  1.135E-01  1.095E-01  1.056E-01  1.016E-01  9.745E-02  9.347E-02  8.939E-02  8.530E-02  8.121E-02
  314.5000  1.350E-01  1.315E-01  1.278E-01  1.241E-01  1.203E-01  1.164E-01  1.124E-01  1.085E-01  1.045E-01  1.004E-01  9.634E-02  9.224E-02  8.813E-02
  315.5000  1.408E-01  1.371E-01  1.333E-01  1.295E-01  1.256E-01  1.215E-01  1.175E-01  1.134E-01  1.092E-01  1.051E-01  1.008E-01  9.660E-02  9.235E-02
  316.5000  1.458E-01  1.422E-01  1.385E-01  1.347E-01  1.309E-01  1.269E-01  1.229E-01  1.189E-01  1.148E-01  1.106E-01  1.065E-01  1.022E-01  9.801E-02
  317.5000  2.064E-01  2.013E-01  1.961E-01  1.908E-01  1.853E-01  1.797E-01  1.741E-01  1.683E-01  1.625E-01  1.567E-01  1.507E-01  1.448E-01  1.388E-01
  318.5000  1.683E-01  1.643E-01  1.603E-01  1.562E-01  1.519E-01  1.476E-01  1.432E-01  1.388E-01  1.342E-01  1.297E-01  1.250E-01  1.204E-01  1.157E-01
  319.5000  2.068E-01  2.021E-01  1.971E-01  1.921E-01  1.870E-01  1.817E-01  1.764E-01  1.710E-01  1.655E-01  1.599E-01  1.542E-01  1.486E-01  1.428E-01
  320.5000  2.539E-01  2.481E-01  2.421E-01  2.360E-01  2.298E-01  2.234E-01  2.170E-01  2.104E-01  2.037E-01  1.969E-01  1.901E-01  1.832E-01  1.762E-01
  321.5000  2.226E-01  2.178E-01  2.128E-01  2.077E-01  2.025E-01  1.972E-01  1.918E-01  1.863E-01  1.807E-01  1.751E-01  1.693E-01  1.635E-01  1.577E-01
  322.5000  2.189E-01  2.140E-01  2.089E-01  2.038E-01  1.985E-01  1.930E-01  1.875E-01  1.819E-01  1.762E-01  1.704E-01  1.646E-01  1.587E-01  1.528E-01
  323.5000  2.343E-01  2.293E-01  2.243E-01  2.190E-01  2.137E-01  2.083E-01  2.027E-01  1.970E-01  1.913E-01  1.854E-01  1.795E-01  1.736E-01  1.675E-01
  324.5000  2.747E-01  2.689E-01  2.630E-01  2.569E-01  2.506E-01  2.442E-01  2.377E-01  2.310E-01  2.243E-01  2.174E-01  2.104E-01  2.034E-01  1.963E-01
  325.5000  3.067E-01  3.001E-01  2.934E-01  2.866E-01  2.795E-01  2.723E-01  2.650E-01  2.575E-01  2.499E-01  2.422E-01  2.344E-01  2.265E-01  2.185E-01
  326.5000  3.805E-01  3.728E-01  3.648E-01  3.567E-01  3.483E-01  3.397E-01  3.310E-01  3.221E-01  3.131E-01  3.039E-01  2.946E-01  2.851E-01  2.756E-01
  327.5000  3.518E-01  3.446E-01  3.371E-01  3.295E-01  3.217E-01  3.136E-01  3.055E-01  2.971E-01  2.886E-01  2.800E-01  2.713E-01  2.625E-01  2.536E-01
  328.5000  3.251E-01  3.184E-01  3.116E-01  3.045E-01  2.973E-01  2.899E-01  2.823E-01  2.746E-01  2.668E-01  2.588E-01  2.508E-01  2.426E-01  2.344E-01
  329.5000  4.290E-01  4.205E-01  4.118E-01  4.028E-01  3.935E-01  3.841E-01  3.744E-01  3.646E-01  3.546E-01  3.445E-01  3.342E-01  3.237E-01  3.132E-01
  330.5000  3.875E-01  3.797E-01  3.717E-01  3.635E-01  3.550E-01  3.464E-01  3.376E-01  3.286E-01  3.194E-01  3.101E-01  3.007E-01  2.912E-01  2.815E-01
  331.5000  3.826E-01  3.749E-01  3.670E-01  3.588E-01  3.505E-01  3.419E-01  3.332E-01  3.243E-01  3.152E-01  3.060E-01  2.967E-01  2.873E-01  2.777E-01
  332.5000  3.816E-01  3.741E-01  3.664E-01  3.584E-01  3.503E-01  3.420E-01  3.335E-01  3.248E-01  3.160E-01  3.071E-01  2.980E-01  2.888E-01  2.794E-01
  333.5000  3.569E-01  3.498E-01  3.425E-01  3.350E-01  3.274E-01  3.195E-01  3.115E-01  3.033E-01  2.950E-01  2.865E-01  2.779E-01  2.692E-01  2.605E-01
  334.5000  4.000E-01  3.921E-01  3.840E-01  3.756E-01  3.671E-01  3.583E-01  3.494E-01  3.403E-01  3.310E-01  3.216E-01  3.120E-01  3.023E-01  2.925E-01
  335.5000  4.079E-01  4.000E-01  3.918E-01  3.834E-01  3.748E-01  3.660E-01  3.570E-01  3.478E-01  3.385E-01  3.290E-01  3.193E-01  3.095E-01  2.996E-01
  336.5000  3.185E-01  3.123E-01  3.059E-01  2.993E-01  2.926E-01  2.857E-01  2.787E-01  2.715E-01  2.641E-01  2.567E-01  2.491E-01  2.415E-01  2.338E-01
  337.5000  3.484E-01  3.416E-01  3.346E-01  3.273E-01  3.199E-01  3.123E-01  3.045E-01  2.966E-01  2.885E-01  2.803E-01  2.720E-01  2.636E-01  2.550E-01
  338.5000  3.701E-01  3.629E-01  3.555E-01  3.479E-01  3.402E-01  3.322E-01  3.240E-01  3.157E-01  3.073E-01  2.987E-01  2.899E-01  2.811E-01  2.721E-01
  339.5000  4.028E-01  3.950E-01  3.870E-01  3.788E-01  3.703E-01  3.616E-01  3.528E-01  3.438E-01  3.346E-01  3.252E-01  3.158E-01  3.061E-01  2.964E-01
  340.5000  4.299E-01  4.216E-01  4.130E-01  4.042E-01  3.951E-01  3.858E-01  3.764E-01  3.667E-01  3.569E-01  3.468E-01  3.367E-01  3.264E-01  3.160E-01
  341.5000  3.831E-01  3.758E-01  3.682E-01  3.604E-01  3.523E-01  3.441E-01  3.357E-01  3.272E-01  3.185E-01  3.096E-01  3.006E-01  2.915E-01  2.822E-01
  342.5000  4.248E-01  4.167E-01  4.083E-01  3.996E-01  3.908E-01  3.817E-01  3.724E-01  3.629E-01  3.533E-01  3.435E-01  3.335E-01  3.234E-01  3.132E-01
  343.5000  4.411E-01  4.326E-01  4.238E-01  4.148E-01  4.056E-01  3.962E-01  3.865E-01  3.767E-01  3.667E-01  3.565E-01  3.461E-01  3.356E-01  3.250E-01
  344.5000  3.089E-01  3.030E-01  2.969E-01  2.905E-01  2.841E-01  2.775E-01  2.707E-01  2.638E-01  2.567E-01  2.496E-01  2.423E-01  2.349E-01  2.275E-01
  345.5000  4.246E-01  4.165E-01  4.081E-01  3.995E-01  3.907E-01  3.816E-01  3.724E-01  3.630E-01  3.533E-01  3.436E-01  3.336E-01  3.236E-01  3.134E-01
  346.5000  3.967E-01  3.891E-01  3.812E-01  3.732E-01  3.649E-01  3.564E-01  3.478E-01  3.389E-01  3.299E-01  3.208E-01  3.115E-01  3.020E-01  2.925E-01
  347.5000  3.878E-01  3.804E-01  3.727E-01  3.649E-01  3.568E-01  3.485E-01  3.401E-01  3.314E-01  3.226E-01  3.137E-01  3.046E-01  2.954E-01  2.861E-01
  348.5000  4.266E-01  4.185E-01  4.101E-01  4.014E-01  3.926E-01  3.835E-01  3.742E-01  3.647E-01  3.551E-01  3.453E-01  3.353E-01  3.252E-01  3.149E-01
  349.5000  3.576E-01  3.508E-01  3.438E-01  3.365E-01  3.291E-01  3.215E-01  3.137E-01  3.058E-01  2.977E-01  2.895E-01  2.811E-01  2.726E-01  2.640E-01
  350.5000  5.010E-01  4.914E-01  4.816E-01  4.715E-01  4.611E-01  4.504E-01  4.395E-01  4.284E-01  4.171E-01  4.056E-01  3.939E-01  3.820E-01  3.700E-01
  351.5000  4.318E-01  4.236E-01  4.151E-01  4.064E-01  3.975E-01  3.883E-01  3.789E-01  3.693E-01  3.596E-01  3.496E-01  3.395E-01  3.293E-01  3.189E-01
  352.5000  3.897E-01  3.823E-01  3.746E-01  3.667E-01  3.587E-01  3.504E-01  3.420E-01  3.333E-01  3.245E-01  3.156E-01  3.065E-01  2.972E-01  2.879E-01
  353.5000  4.694E-01  4.604E-01  4.513E-01  4.418E-01  4.321E-01  4.221E-01  4.120E-01  4.016E-01  3.910E-01  3.802E-01  3.693E-01  3.582E-01  3.469E-01
  354.5000  5.083E-01  4.986E-01  4.887E-01  4.785E-01  4.680E-01  4.572E-01  4.462E-01  4.350E-01  4.235E-01  4.119E-01  4.001E-01  3.880E-01  3.759E-01
  355.5000  4.752E-01  4.662E-01  4.569E-01  4.473E-01  4.375E-01  4.275E-01  4.172E-01  4.067E-01  3.960E-01  3.851E-01  3.741E-01  3.629E-01  3.515E-01
  356.5000  4.411E-01  4.328E-01  4.242E-01  4.153E-01  4.062E-01  3.969E-01  3.874E-01  3.776E-01  3.677E-01  3.576E-01  3.473E-01  3.369E-01  3.264E-01
  357.5000  3.752E-01  3.681E-01  3.608E-01  3.533E-01  3.455E-01  3.376E-01  3.295E-01  3.212E-01  3.128E-01  3.042E-01  2.955E-01  2.866E-01  2.777E-01
  358.5000  2.897E-01  2.842E-01  2.786E-01  2.728E-01  2.668E-01  2.607E-01  2.544E-01  2.481E-01  2.415E-01  2.349E-01  2.282E-01  2.214E-01  2.144E-01
  359.5000  4.877E-01  4.785E-01  4.690E-01  4.592E-01  4.492E-01  4.389E-01  4.284E-01  4.177E-01  4.067E-01  3.956E-01  3.843E-01  3.728E-01  3.611E-01
  360.5000  4.522E-01  4.437E-01  4.349E-01  4.258E-01  4.165E-01  4.070E-01  3.973E-01  3.873E-01  3.772E-01  3.669E-01  3.564E-01  3.457E-01  3.349E-01
  361.5000  4.078E-01  4.002E-01  3.922E-01  3.841E-01  3.757E-01  3.671E-01  3.584E-01  3.494E-01  3.403E-01  3.309E-01  3.215E-01  3.119E-01  3.022E-01
  362.5000  4.791E-01  4.701E-01  4.608E-01  4.512E-01  4.414E-01  4.313E-01  4.210E-01  4.105E-01  3.998E-01  3.888E-01  3.777E-01  3.665E-01  3.550E-01
  363.5000  4.263E-01  4.183E-01  4.100E-01  4.015E-01  3.928E-01  3.839E-01  3.747E-01  3.653E-01  3.558E-01  3.461E-01  3.362E-01  3.262E-01  3.160E-01
  364.5000  4.652E-01  4.565E-01  4.475E-01  4.382E-01  4.287E-01  4.189E-01  4.089E-01  3.987E-01  3.883E-01  3.777E-01  3.669E-01  3.560E-01  3.449E-01
  365.5000  5.670E-01  5.564E-01  5.454E-01  5.341E-01  5.225E-01  5.106E-01  4.984E-01  4.860E-01  4.733E-01  4.604E-01  4.473E-01  4.340E-01  4.205E-01
  366.5000  6.003E-01  5.891E-01  5.774E-01  5.655E-01  5.532E-01  5.407E-01  5.278E-01  5.146E-01  5.012E-01  4.876E-01  4.737E-01  4.596E-01  4.453E-01
  367.5000  5.702E-01  5.595E-01  5.485E-01  5.372E-01  5.255E-01  5.136E-01  5.014E-01  4.889E-01  4.762E-01  4.632E-01  4.500E-01  4.366E-01  4.231E-01
  368.5000  5.011E-01  4.917E-01  4.820E-01  4.721E-01  4.618E-01  4.514E-01  4.406E-01  4.297E-01  4.185E-01  4.071E-01  3.955E-01  3.838E-01  3.719E-01
  369.5000  6.012E-01  5.900E-01  5.784E-01  5.665E-01  5.542E-01  5.416E-01  5.288E-01  5.156E-01  5.022E-01  4.886E-01  4.747E-01  4.606E-01  4.463E-01
  370.5000  5.456E-01  5.355E-01  5.249E-01  5.141E-01  5.030E-01  4.916E-01  4.799E-01  4.680E-01  4.559E-01  4.435E-01  4.309E-01  4.181E-01  4.051E-01
  371.5000  6.245E-01  6.129E-01  6.009E-01  5.885E-01  5.758E-01  5.627E-01  5.494E-01  5.358E-01  5.219E-01  5.077E-01  4.933E-01  4.787E-01  4.638E-01
  372.5000  4.615E-01  4.529E-01  4.440E-01  4.349E-01  4.255E-01  4.158E-01  4.060E-01  3.959E-01  3.857E-01  3.752E-01  3.646E-01  3.538E-01  3.428E-01
  373.5000  4.172E-01  4.095E-01  4.014E-01  3.932E-01  3.847E-01  3.760E-01  3.671E-01  3.580E-01  3.488E-01  3.393E-01  3.297E-01  3.199E-01  3.100E-01
  374.5000  4.581E-01  4.495E-01  4.408E-01  4.317E-01  4.224E-01  4.129E-01  4.031E-01  3.931E-01  3.829E-01  3.726E-01  3.620E-01  3.513E-01  3.405E-01
  375.5000  5.170E-01  5.074E-01  4.975E-01  4.873E-01  4.768E-01  4.660E-01  4.550E-01  4.438E-01  4.323E-01  4.206E-01  4.087E-01  3.966E-01  3.843E-01
  376.5000  5.164E-01  5.069E-01  4.970E-01  4.868E-01  4.763E-01  4.656E-01  4.546E-01  4.433E-01  4.319E-01  4.202E-01  4.083E-01  3.963E-01  3.840E-01
  377.5000  6.152E-01  6.038E-01  5.920E-01  5.799E-01  5.674E-01  5.546E-01  5.415E-01  5.282E-01  5.145E-01  5.006E-01  4.865E-01  4.721E-01  4.576E-01
  378.5000  6.707E-01  6.583E-01  6.455E-01  6.322E-01  6.187E-01  6.047E-01  5.905E-01  5.759E-01  5.611E-01  5.459E-01  5.305E-01  5.149E-01  4.990E-01
  379.5000  4.964E-01  4.872E-01  4.777E-01  4.679E-01  4.579E-01  4.476E-01  4.371E-01  4.263E-01  4.153E-01  4.041E-01  3.927E-01  3.811E-01  3.694E-01
  380.5000  5.972E-01  5.861E-01  5.747E-01  5.630E-01  5.509E-01  5.385E-01  5.259E-01  5.129E-01  4.997E-01  4.862E-01  4.725E-01  4.586E-01  4.445E-01
  381.5000  5.614E-01  5.510E-01  5.403E-01  5.292E-01  5.179E-01  5.063E-01  4.944E-01  4.822E-01  4.698E-01  4.571E-01  4.443E-01  4.312E-01  4.179E-01
  382.5000  3.742E-01  3.673E-01  3.601E-01  3.528E-01  3.452E-01  3.375E-01  3.296E-01  3.215E-01  3.132E-01  3.048E-01  2.962E-01  2.875E-01  2.786E-01
  383.5000  3.287E-01  3.226E-01  3.163E-01  3.099E-01  3.033E-01  2.965E-01  2.895E-01  2.824E-01  2.752E-01  2.678E-01  2.602E-01  2.526E-01  2.448E-01
  384.5000  4.934E-01  4.843E-01  4.749E-01  4.653E-01  4.553E-01  4.451E-01  4.347E-01  4.240E-01  4.131E-01  4.020E-01  3.907E-01  3.792E-01  3.676E-01
  385.5000  4.883E-01  4.793E-01  4.700E-01  4.605E-01  4.507E-01  4.406E-01  4.303E-01  4.197E-01  4.089E-01  3.979E-01  3.868E-01  3.754E-01  3.639E-01
  386.5000  4.979E-01  4.888E-01  4.793E-01  4.696E-01  4.596E-01  4.493E-01  4.388E-01  4.280E-01  4.170E-01  4.058E-01  3.945E-01  3.829E-01  3.711E-01
  387.5000  4.629E-01  4.544E-01  4.456E-01  4.366E-01  4.273E-01  4.177E-01  4.079E-01  3.980E-01  3.878E-01  3.774E-01  3.668E-01  3.560E-01  3.451E-01
  388.5000  4.641E-01  4.556E-01  4.468E-01  4.377E-01  4.284E-01  4.189E-01  4.091E-01  3.991E-01  3.888E-01  3.784E-01  3.678E-01  3.570E-01  3.461E-01
  389.5000  5.855E-01  5.747E-01  5.637E-01  5.522E-01  5.405E-01  5.284E-01  5.161E-01  5.035E-01  4.906E-01  4.775E-01  4.641E-01  4.505E-01  4.367E-01
  390.5000  5.753E-01  5.647E-01  5.539E-01  5.426E-01  5.311E-01  5.193E-01  5.072E-01  4.948E-01  4.821E-01  4.692E-01  4.561E-01  4.427E-01  4.292E-01
  391.5000  6.828E-01  6.703E-01  6.573E-01  6.440E-01  6.304E-01  6.163E-01  6.020E-01  5.873E-01  5.723E-01  5.570E-01  5.414E-01  5.256E-01  5.095E-01
  392.5000  5.122E-01  5.028E-01  4.931E-01  4.832E-01  4.729E-01  4.624E-01  4.516E-01  4.406E-01  4.294E-01  4.179E-01  4.062E-01  3.943E-01  3.823E-01
  393.5000  2.228E-01  2.187E-01  2.145E-01  2.101E-01  2.057E-01  2.011E-01  1.964E-01  1.917E-01  1.868E-01  1.818E-01  1.767E-01  1.715E-01  1.663E-01
  394.5000  5.244E-01  5.148E-01  5.049E-01  4.947E-01  4.842E-01  4.735E-01  4.625E-01  4.512E-01  4.397E-01  4.280E-01  4.160E-01  4.039E-01  3.916E-01
  395.5000  6.749E-01  6.626E-01  6.499E-01  6.368E-01  6.233E-01  6.095E-01  5.953E-01  5.808E-01  5.660E-01  5.509E-01  5.356E-01  5.200E-01  5.041E-01
  396.5000  3.964E-01  3.892E-01  3.817E-01  3.741E-01  3.661E-01  3.580E-01  3.497E-01  3.412E-01  3.325E-01  3.237E-01  3.147E-01  3.055E-01  2.962E-01
  397.5000  4.576E-01  4.493E-01  4.407E-01  4.318E-01  4.227E-01  4.133E-01  4.037E-01  3.939E-01  3.839E-01  3.737E-01  3.633E-01  3.527E-01  3.420E-01
  398.5000  7.866E-01  7.723E-01  7.575E-01  7.422E-01  7.266E-01  7.105E-01  6.940E-01  6.772E-01  6.600E-01  6.424E-01  6.245E-01  6.064E-01  5.879E-01
  399.5000  8.184E-01  8.035E-01  7.881E-01  7.723E-01  7.560E-01  7.393E-01  7.222E-01  7.047E-01  6.868E-01  6.685E-01  6.499E-01  6.310E-01  6.119E-01
------------------------------------------------------------
Dose rates,W m-2
   1 = UV index (WMO, 1994; Webb et al., 2011)           
   2 = Previtamin-D3 (CIE 2006)                          
values at z =      0.025 km
Columns: time,sza,weighting spectra
time,hrs.  sza,deg.          1          2
   15.0000     44.999  4.419E+00  2.036E-01
   15.0833     45.765  4.267E+00  1.957E-01
   15.1667     46.549  4.114E+00  1.877E-01
   15.2500     47.348  3.960E+00  1.797E-01
   15.3333     48.162  3.805E+00  1.716E-01
   15.4167     48.992  3.649E+00  1.635E-01
   15.5000     49.834  3.494E+00  1.555E-01
   15.5833     50.690  3.338E+00  1.474E-01
   15.6667     51.557  3.185E+00  1.395E-01
   15.7500     52.436  3.032E+00  1.317E-01
   15.8333     53.326  2.881E+00  1.240E-01
   15.9167     54.227  2.731E+00  1.164E-01
   16.0000     55.137  2.584E+00  1.089E-01
------------------------------------------------------------
