Spectral Irradiance,W m-2 nm-1
values at z =      0.025 km
Columns: wavelength (nm),times (hrs.) or sza (deg.)
    wc,nm     15.000     15.083     15.167     15.250     15.333     15.417     15.500     15.583     15.667     15.750     15.833     15.917     16.000
    sza =      44.746     45.517     46.306     47.110     47.930     48.764     49.611     50.471     51.343     52.226     53.121     54.025     54.939
  280.5000  2.155E-18  1.303E-18  7.639E-19  4.338E-19  2.381E-19  1.261E-19  6.440E-20  3.164E-20  1.493E-20  6.765E-21  2.941E-21  1.230E-21  4.982E-22
  281.5000  1.515E-16  9.581E-17  5.893E-17  3.521E-17  2.040E-17  1.144E-17  6.207E-18  3.252E-18  1.643E-18  7.999E-19  3.752E-19  1.698E-19  7.458E-20
  282.5000  4.001E-15  2.630E-15  1.686E-15  1.052E-15  6.383E-16  3.759E-16  2.149E-16  1.190E-16  6.372E-17  3.299E-17  1.606E-17  7.955E-18  3.764E-18
  283.5000  3.043E-14  2.050E-14  1.349E-14  8.662E-15  5.281E-15  3.293E-15  1.947E-15  1.117E-15  6.212E-16  3.347E-16  1.747E-16  8.837E-17  4.349E-17
  284.5000  7.386E-13  5.212E-13  3.601E-13  2.434E-13  1.607E-13  1.036E-13  6.515E-14  3.989E-14  2.377E-14  1.378E-14  7.762E-15  4.254E-15  2.274E-15
  285.5000  4.896E-12  3.573E-12  2.559E-12  1.797E-12  1.236E-12  8.312E-13  5.468E-13  3.514E-13  2.203E-13  1.347E-13  8.030E-14  4.668E-14  2.650E-14
  286.5000  9.455E-11  7.081E-11  5.213E-11  3.769E-11  2.673E-11  1.858E-11  1.266E-11  8.439E-12  5.501E-12  3.505E-12  2.181E-12  1.326E-12  7.885E-13
  287.5000  9.350E-10  7.207E-10  5.470E-10  4.085E-10  2.999E-10  2.162E-10  1.531E-10  1.063E-10  7.235E-11  4.823E-11  3.149E-11  2.012E-11  1.260E-11
  288.5000  8.473E-09  6.739E-09  5.287E-09  4.090E-09  3.117E-09  2.338E-09  1.726E-09  1.253E-09  8.933E-10  6.142E-10  4.301E-10  2.901E-10  1.921E-10
  289.5000  7.110E-08  5.782E-08  4.645E-08  3.684E-08  2.883E-08  2.224E-08  1.692E-08  1.267E-08  9.343E-09  6.776E-09  4.833E-09  3.366E-09  2.335E-09
  290.5000  4.067E-07  3.370E-07  2.761E-07  2.237E-07  1.790E-07  1.414E-07  1.103E-07  8.481E-08  6.429E-08  4.802E-08  3.532E-08  2.557E-08  1.823E-08
  291.5000  1.917E-06  1.622E-06  1.360E-06  1.128E-06  9.256E-07  7.510E-07  6.024E-07  4.774E-07  3.735E-07  2.884E-07  2.197E-07  1.650E-07  1.222E-07
  292.5000  6.375E-06  5.490E-06  4.686E-06  3.963E-06  3.321E-06  2.754E-06  2.260E-06  1.835E-06  1.473E-06  1.169E-06  9.161E-07  7.088E-07  5.414E-07
  293.5000  2.492E-05  2.181E-05  1.894E-05  1.632E-05  1.394E-05  1.180E-05  9.896E-06  8.221E-06  6.761E-06  5.502E-06  4.428E-06  3.524E-06  2.772E-06
  294.5000  6.002E-05  5.320E-05  4.683E-05  4.092E-05  3.548E-05  3.051E-05  2.603E-05  2.201E-05  1.845E-05  1.531E-05  1.258E-05  1.023E-05  8.236E-06
  295.5000  1.939E-04  1.742E-04  1.555E-04  1.379E-04  1.215E-04  1.063E-04  9.234E-05  7.957E-05  6.802E-05  5.766E-05  4.845E-05  4.033E-05  3.326E-05
  296.5000  4.168E-04  3.786E-04  3.421E-04  3.072E-04  2.743E-04  2.433E-04  2.145E-04  1.878E-04  1.632E-04  1.407E-04  1.204E-04  1.022E-04  8.599E-05
  297.5000  9.592E-04  8.799E-04  8.032E-04  7.294E-04  6.588E-04  5.916E-04  5.282E-04  4.687E-04  4.133E-04  3.619E-04  3.147E-04  2.713E-04  2.326E-04
  298.5000  1.335E-03  1.234E-03  1.136E-03  1.041E-03  9.499E-04  8.618E-04  7.779E-04  6.982E-04  6.231E-04  5.527E-04  4.871E-04  4.264E-04  3.707E-04
  299.5000  3.444E-03  3.209E-03  2.979E-03  2.754E-03  2.535E-03  2.322E-03  2.118E-03  1.922E-03  1.735E-03  1.557E-03  1.390E-03  1.233E-03  1.087E-03
  300.5000  3.611E-03  3.385E-03  3.162E-03  2.942E-03  2.727E-03  2.517E-03  2.313E-03  2.116E-03  1.927E-03  1.746E-03  1.574E-03  1.410E-03  1.257E-03
  301.5000  8.095E-03  7.637E-03  7.182E-03  6.731E-03  6.286E-03  5.848E-03  5.421E-03  5.004E-03  4.600E-03  4.209E-03  3.814E-03  3.472E-03  3.133E-03
  302.5000  1.093E-02  1.036E-02  9.783E-03  9.213E-03  8.646E-03  8.086E-03  7.536E-03  6.998E-03  6.472E-03  5.959E-03  5.467E-03  4.992E-03  4.536E-03
  303.5000  2.051E-02  1.953E-02  1.854E-02  1.756E-02  1.657E-02  1.560E-02  1.463E-02  1.368E-02  1.274E-02  1.183E-02  1.094E-02  1.007E-02  9.236E-03
  304.5000  2.373E-02  2.265E-02  2.157E-02  2.049E-02  1.941E-02  1.833E-02  1.726E-02  1.620E-02  1.516E-02  1.413E-02  1.313E-02  1.215E-02  1.120E-02
  305.5000  3.405E-02  3.265E-02  3.123E-02  2.980E-02  2.837E-02  2.694E-02  2.551E-02  2.409E-02  2.268E-02  2.128E-02  1.991E-02  1.856E-02  1.724E-02
  306.5000  3.689E-02  3.543E-02  3.396E-02  3.247E-02  3.098E-02  2.948E-02  2.798E-02  2.649E-02  2.501E-02  2.354E-02  2.208E-02  2.065E-02  1.925E-02
  307.5000  5.701E-02  5.495E-02  5.286E-02  5.075E-02  4.861E-02  4.646E-02  4.431E-02  4.215E-02  3.999E-02  3.785E-02  3.569E-02  3.361E-02  3.153E-02
  308.5000  6.560E-02  6.331E-02  6.100E-02  5.864E-02  5.626E-02  5.386E-02  5.146E-02  4.904E-02  4.663E-02  4.422E-02  4.182E-02  3.945E-02  3.710E-02
  309.5000  6.054E-02  5.857E-02  5.656E-02  5.452E-02  5.245E-02  5.036E-02  4.825E-02  4.614E-02  4.402E-02  4.189E-02  3.978E-02  3.767E-02  3.558E-02
  310.5000  8.524E-02  8.259E-02  7.990E-02  7.716E-02  7.438E-02  7.156E-02  6.872E-02  6.586E-02  6.298E-02  6.010E-02  5.722E-02  5.434E-02  5.148E-02
  311.5000  1.122E-01  1.088E-01  1.054E-01  1.019E-01  9.834E-02  9.473E-02  9.111E-02  8.745E-02  8.377E-02  8.007E-02  7.637E-02  7.267E-02  6.898E-02
  312.5000  1.137E-01  1.105E-01  1.073E-01  1.039E-01  1.006E-01  9.711E-02  9.363E-02  9.011E-02  8.657E-02  8.300E-02  7.942E-02  7.583E-02  7.224E-02
  313.5000  1.303E-01  1.267E-01  1.230E-01  1.193E-01  1.154E-01  1.116E-01  1.076E-01  1.036E-01  9.964E-02  9.560E-02  9.154E-02  8.748E-02  8.341E-02
  314.5000  1.346E-01  1.311E-01  1.275E-01  1.238E-01  1.199E-01  1.163E-01  1.124E-01  1.085E-01  1.046E-01  1.006E-01  9.659E-02  9.257E-02  8.854E-02
  315.5000  1.399E-01  1.363E-01  1.322E-01  1.288E-01  1.250E-01  1.211E-01  1.171E-01  1.131E-01  1.090E-01  1.049E-01  1.008E-01  9.662E-02  9.246E-02
  316.5000  1.429E-01  1.394E-01  1.358E-01  1.321E-01  1.283E-01  1.245E-01  1.207E-01  1.167E-01  1.127E-01  1.087E-01  1.047E-01  1.006E-01  9.647E-02
  317.5000  2.023E-01  1.973E-01  1.923E-01  1.871E-01  1.818E-01  1.764E-01  1.709E-01  1.653E-01  1.597E-01  1.540E-01  1.482E-01  1.425E-01  1.367E-01
  318.5000  1.628E-01  1.590E-01  1.551E-01  1.511E-01  1.470E-01  1.429E-01  1.386E-01  1.343E-01  1.300E-01  1.256E-01  1.211E-01  1.166E-01  1.121E-01
  319.5000  1.997E-01  1.951E-01  1.903E-01  1.855E-01  1.804E-01  1.755E-01  1.703E-01  1.651E-01  1.598E-01  1.544E-01  1.490E-01  1.436E-01  1.381E-01
  320.5000  2.444E-01  2.389E-01  2.331E-01  2.272E-01  2.212E-01  2.151E-01  2.089E-01  2.026E-01  1.961E-01  1.896E-01  1.831E-01  1.765E-01  1.698E-01
  321.5000  2.118E-01  2.072E-01  2.024E-01  1.976E-01  1.926E-01  1.875E-01  1.823E-01  1.771E-01  1.717E-01  1.663E-01  1.608E-01  1.553E-01  1.497E-01
  322.5000  2.104E-01  2.056E-01  2.007E-01  1.957E-01  1.906E-01  1.854E-01  1.801E-01  1.747E-01  1.693E-01  1.637E-01  1.581E-01  1.525E-01  1.468E-01
  323.5000  2.219E-01  2.171E-01  2.123E-01  2.073E-01  2.022E-01  1.970E-01  1.917E-01  1.863E-01  1.808E-01  1.752E-01  1.696E-01  1.639E-01  1.582E-01
  324.5000  2.605E-01  2.549E-01  2.492E-01  2.433E-01  2.373E-01  2.312E-01  2.250E-01  2.186E-01  2.122E-01  2.056E-01  1.990E-01  1.923E-01  1.856E-01
  325.5000  2.914E-01  2.851E-01  2.787E-01  2.721E-01  2.654E-01  2.585E-01  2.514E-01  2.443E-01  2.370E-01  2.296E-01  2.222E-01  2.147E-01  2.071E-01
  326.5000  3.581E-01  3.507E-01  3.431E-01  3.353E-01  3.273E-01  3.191E-01  3.108E-01  3.023E-01  2.937E-01  2.850E-01  2.761E-01  2.672E-01  2.582E-01
  327.5000  3.323E-01  3.254E-01  3.182E-01  3.109E-01  3.034E-01  2.957E-01  2.879E-01  2.800E-01  2.719E-01  2.637E-01  2.554E-01  2.470E-01  2.385E-01
  328.5000  3.072E-01  3.008E-01  2.942E-01  2.874E-01  2.805E-01  2.734E-01  2.662E-01  2.589E-01  2.514E-01  2.438E-01  2.362E-01  2.284E-01  2.206E-01
  329.5000  4.025E-01  3.943E-01  3.860E-01  3.774E-01  3.686E-01  3.595E-01  3.504E-01  3.410E-01  3.315E-01  3.218E-01  3.120E-01  3.021E-01  2.921E-01
  330.5000  3.648E-01  3.574E-01  3.497E-01  3.418E-01  3.337E-01  3.255E-01  3.170E-01  3.085E-01  2.997E-01  2.909E-01  2.819E-01  2.729E-01  2.637E-01
  331.5000  3.606E-01  3.532E-01  3.456E-01  3.378E-01  3.298E-01  3.216E-01  3.133E-01  3.048E-01  2.961E-01  2.874E-01  2.785E-01  2.695E-01  2.605E-01
  332.5000  3.578E-01  3.506E-01  3.432E-01  3.356E-01  3.279E-01  3.199E-01  3.118E-01  3.036E-01  2.952E-01  2.867E-01  2.780E-01  2.693E-01  2.605E-01
  333.5000  3.355E-01  3.288E-01  3.218E-01  3.146E-01  3.073E-01  2.998E-01  2.921E-01  2.843E-01  2.764E-01  2.683E-01  2.601E-01  2.519E-01  2.435E-01
  334.5000  3.758E-01  3.682E-01  3.604E-01  3.525E-01  3.443E-01  3.359E-01  3.274E-01  3.187E-01  3.098E-01  3.009E-01  2.918E-01  2.826E-01  2.732E-01
  335.5000  3.824E-01  3.748E-01  3.670E-01  3.589E-01  3.507E-01  3.423E-01  3.337E-01  3.249E-01  3.160E-01  3.070E-01  2.978E-01  2.885E-01  2.791E-01
  336.5000  2.989E-01  2.930E-01  2.868E-01  2.805E-01  2.741E-01  2.675E-01  2.608E-01  2.539E-01  2.469E-01  2.398E-01  2.327E-01  2.254E-01  2.180E-01
  337.5000  3.277E-01  3.211E-01  3.144E-01  3.074E-01  3.003E-01  2.930E-01  2.856E-01  2.781E-01  2.704E-01  2.625E-01  2.546E-01  2.466E-01  2.385E-01
  338.5000  3.473E-01  3.404E-01  3.333E-01  3.260E-01  3.186E-01  3.109E-01  3.032E-01  2.952E-01  2.872E-01  2.790E-01  2.706E-01  2.622E-01  2.537E-01
  339.5000  3.780E-01  3.705E-01  3.628E-01  3.549E-01  3.468E-01  3.385E-01  3.301E-01  3.215E-01  3.127E-01  3.038E-01  2.947E-01  2.856E-01  2.763E-01
  340.5000  4.040E-01  3.960E-01  3.877E-01  3.793E-01  3.706E-01  3.617E-01  3.526E-01  3.434E-01  3.340E-01  3.244E-01  3.147E-01  3.049E-01  2.950E-01
  341.5000  3.596E-01  3.526E-01  3.453E-01  3.378E-01  3.301E-01  3.222E-01  3.142E-01  3.060E-01  2.977E-01  2.893E-01  2.807E-01  2.720E-01  2.632E-01
  342.5000  3.988E-01  3.910E-01  3.829E-01  3.746E-01  3.661E-01  3.574E-01  3.485E-01  3.395E-01  3.303E-01  3.209E-01  3.114E-01  3.018E-01  2.921E-01
  343.5000  4.144E-01  4.062E-01  3.978E-01  3.892E-01  3.804E-01  3.713E-01  3.621E-01  3.527E-01  3.431E-01  3.333E-01  3.235E-01  3.134E-01  3.033E-01
  344.5000  2.905E-01  2.848E-01  2.789E-01  2.728E-01  2.666E-01  2.603E-01  2.538E-01  2.472E-01  2.405E-01  2.336E-01  2.267E-01  2.196E-01  2.125E-01
  345.5000  3.989E-01  3.911E-01  3.830E-01  3.748E-01  3.663E-01  3.576E-01  3.488E-01  3.398E-01  3.306E-01  3.212E-01  3.117E-01  3.021E-01  2.924E-01
  346.5000  3.731E-01  3.658E-01  3.582E-01  3.505E-01  3.426E-01  3.344E-01  3.261E-01  3.177E-01  3.090E-01  3.003E-01  2.914E-01  2.824E-01  2.733E-01
  347.5000  3.648E-01  3.577E-01  3.503E-01  3.428E-01  3.350E-01  3.271E-01  3.190E-01  3.107E-01  3.023E-01  2.937E-01  2.850E-01  2.762E-01  2.673E-01
  348.5000  4.014E-01  3.935E-01  3.854E-01  3.771E-01  3.686E-01  3.599E-01  3.510E-01  3.419E-01  3.327E-01  3.233E-01  3.137E-01  3.041E-01  2.943E-01
  349.5000  3.366E-01  3.300E-01  3.232E-01  3.163E-01  3.091E-01  3.018E-01  2.944E-01  2.868E-01  2.790E-01  2.711E-01  2.631E-01  2.550E-01  2.468E-01
  350.5000  4.716E-01  4.624E-01  4.529E-01  4.432E-01  4.332E-01  4.230E-01  4.125E-01  4.019E-01  3.910E-01  3.800E-01  3.688E-01  3.574E-01  3.460E-01
  351.5000  4.067E-01  3.988E-01  3.906E-01  3.822E-01  3.736E-01  3.648E-01  3.558E-01  3.466E-01  3.372E-01  3.277E-01  3.181E-01  3.083E-01  2.984E-01
  352.5000  3.671E-01  3.599E-01  3.526E-01  3.450E-01  3.372E-01  3.293E-01  3.212E-01  3.129E-01  3.044E-01  2.959E-01  2.872E-01  2.783E-01  2.694E-01
  353.5000  4.422E-01  4.336E-01  4.248E-01  4.157E-01  4.063E-01  3.967E-01  3.870E-01  3.770E-01  3.669E-01  3.565E-01  3.461E-01  3.354E-01  3.247E-01
  354.5000  4.790E-01  4.697E-01  4.601E-01  4.502E-01  4.401E-01  4.298E-01  4.192E-01  4.084E-01  3.975E-01  3.863E-01  3.750E-01  3.635E-01  3.518E-01
  355.5000  4.479E-01  4.392E-01  4.303E-01  4.211E-01  4.116E-01  4.020E-01  3.921E-01  3.820E-01  3.717E-01  3.613E-01  3.507E-01  3.400E-01  3.291E-01
  356.5000  4.160E-01  4.079E-01  3.996E-01  3.910E-01  3.823E-01  3.733E-01  3.641E-01  3.548E-01  3.453E-01  3.356E-01  3.257E-01  3.158E-01  3.057E-01
  357.5000  3.539E-01  3.471E-01  3.400E-01  3.327E-01  3.253E-01  3.177E-01  3.099E-01  3.019E-01  2.938E-01  2.856E-01  2.772E-01  2.687E-01  2.602E-01
  358.5000  2.733E-01  2.680E-01  2.626E-01  2.570E-01  2.512E-01  2.453E-01  2.393E-01  2.332E-01  2.269E-01  2.206E-01  2.141E-01  2.076E-01  2.010E-01
  359.5000  4.603E-01  4.514E-01  4.422E-01  4.328E-01  4.231E-01  4.132E-01  4.031E-01  3.928E-01  3.822E-01  3.715E-01  3.607E-01  3.497E-01  3.385E-01
  360.5000  4.269E-01  4.186E-01  4.101E-01  4.014E-01  3.925E-01  3.833E-01  3.739E-01  3.643E-01  3.546E-01  3.447E-01  3.346E-01  3.244E-01  3.140E-01
  361.5000  3.851E-01  3.777E-01  3.700E-01  3.622E-01  3.541E-01  3.458E-01  3.374E-01  3.287E-01  3.199E-01  3.110E-01  3.019E-01  2.927E-01  2.834E-01
  362.5000  4.525E-01  4.438E-01  4.348E-01  4.256E-01  4.161E-01  4.064E-01  3.965E-01  3.863E-01  3.760E-01  3.655E-01  3.548E-01  3.440E-01  3.331E-01
  363.5000  4.028E-01  3.950E-01  3.870E-01  3.788E-01  3.704E-01  3.618E-01  3.529E-01  3.439E-01  3.347E-01  3.254E-01  3.159E-01  3.063E-01  2.965E-01
  364.5000  4.397E-01  4.312E-01  4.225E-01  4.135E-01  4.043E-01  3.949E-01  3.853E-01  3.754E-01  3.654E-01  3.552E-01  3.449E-01  3.344E-01  3.238E-01
  365.5000  5.360E-01  5.257E-01  5.151E-01  5.042E-01  4.930E-01  4.815E-01  4.698E-01  4.578E-01  4.456E-01  4.332E-01  4.206E-01  4.078E-01  3.948E-01
  366.5000  5.677E-01  5.568E-01  5.455E-01  5.340E-01  5.221E-01  5.100E-01  4.976E-01  4.849E-01  4.720E-01  4.588E-01  4.455E-01  4.319E-01  4.182E-01
  367.5000  5.393E-01  5.290E-01  5.183E-01  5.073E-01  4.961E-01  4.846E-01  4.728E-01  4.607E-01  4.485E-01  4.360E-01  4.233E-01  4.105E-01  3.974E-01
  368.5000  4.741E-01  4.650E-01  4.556E-01  4.460E-01  4.361E-01  4.260E-01  4.156E-01  4.050E-01  3.943E-01  3.833E-01  3.722E-01  3.609E-01  3.494E-01
  369.5000  5.690E-01  5.581E-01  5.468E-01  5.353E-01  5.235E-01  5.113E-01  4.989E-01  4.862E-01  4.733E-01  4.601E-01  4.468E-01  4.332E-01  4.195E-01
  370.5000  5.165E-01  5.066E-01  4.964E-01  4.860E-01  4.752E-01  4.642E-01  4.529E-01  4.414E-01  4.297E-01  4.178E-01  4.057E-01  3.934E-01  3.809E-01
  371.5000  5.913E-01  5.800E-01  5.684E-01  5.564E-01  5.441E-01  5.315E-01  5.186E-01  5.055E-01  4.921E-01  4.784E-01  4.645E-01  4.505E-01  4.362E-01
  372.5000  4.370E-01  4.287E-01  4.201E-01  4.113E-01  4.022E-01  3.929E-01  3.834E-01  3.736E-01  3.637E-01  3.536E-01  3.434E-01  3.330E-01  3.225E-01
  373.5000  3.953E-01  3.877E-01  3.800E-01  3.720E-01  3.638E-01  3.553E-01  3.467E-01  3.380E-01  3.290E-01  3.199E-01  3.106E-01  3.012E-01  2.917E-01
  374.5000  4.341E-01  4.258E-01  4.173E-01  4.085E-01  3.995E-01  3.903E-01  3.808E-01  3.712E-01  3.614E-01  3.514E-01  3.412E-01  3.309E-01  3.204E-01
  375.5000  4.900E-01  4.807E-01  4.711E-01  4.612E-01  4.510E-01  4.406E-01  4.300E-01  4.191E-01  4.080E-01  3.967E-01  3.853E-01  3.736E-01  3.618E-01
  376.5000  4.896E-01  4.803E-01  4.707E-01  4.608E-01  4.507E-01  4.403E-01  4.297E-01  4.188E-01  4.077E-01  3.965E-01  3.850E-01  3.734E-01  3.616E-01
  377.5000  5.834E-01  5.723E-01  5.609E-01  5.491E-01  5.370E-01  5.247E-01  5.120E-01  4.991E-01  4.859E-01  4.725E-01  4.588E-01  4.450E-01  4.310E-01
  378.5000  6.362E-01  6.241E-01  6.117E-01  5.989E-01  5.857E-01  5.722E-01  5.584E-01  5.443E-01  5.300E-01  5.153E-01  5.005E-01  4.854E-01  4.701E-01
  379.5000  4.710E-01  4.620E-01  4.528E-01  4.433E-01  4.336E-01  4.236E-01  4.134E-01  4.030E-01  3.924E-01  3.816E-01  3.706E-01  3.594E-01  3.481E-01
  380.5000  5.667E-01  5.560E-01  5.449E-01  5.335E-01  5.218E-01  5.098E-01  4.975E-01  4.850E-01  4.722E-01  4.592E-01  4.460E-01  4.326E-01  4.190E-01
  381.5000  5.328E-01  5.228E-01  5.123E-01  5.016E-01  4.907E-01  4.794E-01  4.679E-01  4.561E-01  4.441E-01  4.318E-01  4.194E-01  4.068E-01  3.940E-01
  382.5000  3.553E-01  3.485E-01  3.416E-01  3.345E-01  3.272E-01  3.196E-01  3.120E-01  3.041E-01  2.961E-01  2.880E-01  2.797E-01  2.713E-01  2.628E-01
  383.5000  3.121E-01  3.062E-01  3.001E-01  2.939E-01  2.875E-01  2.809E-01  2.741E-01  2.672E-01  2.602E-01  2.531E-01  2.458E-01  2.384E-01  2.309E-01
  384.5000  4.687E-01  4.598E-01  4.507E-01  4.413E-01  4.317E-01  4.218E-01  4.117E-01  4.013E-01  3.908E-01  3.801E-01  3.691E-01  3.581E-01  3.468E-01
  385.5000  4.640E-01  4.552E-01  4.462E-01  4.369E-01  4.274E-01  4.176E-01  4.076E-01  3.973E-01  3.869E-01  3.763E-01  3.655E-01  3.545E-01  3.434E-01
  386.5000  4.732E-01  4.643E-01  4.551E-01  4.456E-01  4.359E-01  4.259E-01  4.157E-01  4.053E-01  3.947E-01  3.838E-01  3.728E-01  3.616E-01  3.503E-01
  387.5000  4.400E-01  4.317E-01  4.232E-01  4.144E-01  4.053E-01  3.961E-01  3.866E-01  3.769E-01  3.670E-01  3.570E-01  3.467E-01  3.364E-01  3.258E-01
  388.5000  4.413E-01  4.330E-01  4.244E-01  4.156E-01  4.065E-01  3.973E-01  3.878E-01  3.781E-01  3.682E-01  3.581E-01  3.478E-01  3.374E-01  3.268E-01
  389.5000  5.568E-01  5.463E-01  5.355E-01  5.244E-01  5.130E-01  5.013E-01  4.893E-01  4.771E-01  4.646E-01  4.519E-01  4.389E-01  4.258E-01  4.125E-01
  390.5000  5.472E-01  5.369E-01  5.263E-01  5.154E-01  5.042E-01  4.927E-01  4.809E-01  4.689E-01  4.567E-01  4.442E-01  4.315E-01  4.186E-01  4.055E-01
  391.5000  6.496E-01  6.374E-01  6.248E-01  6.119E-01  5.986E-01  5.849E-01  5.710E-01  5.567E-01  5.422E-01  5.274E-01  5.123E-01  4.970E-01  4.815E-01
  392.5000  4.874E-01  4.782E-01  4.688E-01  4.591E-01  4.492E-01  4.389E-01  4.285E-01  4.178E-01  4.069E-01  3.958E-01  3.845E-01  3.730E-01  3.613E-01
  393.5000  2.120E-01  2.080E-01  2.040E-01  1.997E-01  1.954E-01  1.910E-01  1.864E-01  1.818E-01  1.770E-01  1.722E-01  1.673E-01  1.623E-01  1.572E-01
  394.5000  4.992E-01  4.899E-01  4.802E-01  4.703E-01  4.601E-01  4.497E-01  4.390E-01  4.280E-01  4.169E-01  4.055E-01  3.939E-01  3.822E-01  3.703E-01
  395.5000  6.427E-01  6.306E-01  6.182E-01  6.055E-01  5.924E-01  5.789E-01  5.652E-01  5.511E-01  5.367E-01  5.221E-01  5.072E-01  4.921E-01  4.768E-01
  396.5000  3.776E-01  3.705E-01  3.632E-01  3.557E-01  3.481E-01  3.402E-01  3.321E-01  3.238E-01  3.154E-01  3.068E-01  2.981E-01  2.892E-01  2.802E-01
  397.5000  4.359E-01  4.278E-01  4.194E-01  4.107E-01  4.019E-01  3.928E-01  3.834E-01  3.739E-01  3.642E-01  3.543E-01  3.442E-01  3.339E-01  3.236E-01
  398.5000  7.494E-01  7.355E-01  7.210E-01  7.062E-01  6.910E-01  6.753E-01  6.593E-01  6.429E-01  6.262E-01  6.092E-01  5.919E-01  5.743E-01  5.564E-01
  399.5000  7.799E-01  7.654E-01  7.504E-01  7.350E-01  7.191E-01  7.028E-01  6.862E-01  6.692E-01  6.518E-01  6.341E-01  6.160E-01  5.977E-01  5.792E-01
------------------------------------------------------------
Dose rates,W m-2
   1 = UV index (WMO, 1994; Webb et al., 2011)           
   2 = Previtamin-D3 (CIE 2006)                          
values at z =      0.025 km
Columns: time,sza,weighting spectra
time,hrs.  sza,deg.          1          2
   15.0000     44.746  4.835E+00  2.316E-01
   15.0833     45.517  4.666E+00  2.227E-01
   15.1667     46.306  4.495E+00  2.138E-01
   15.2500     47.110  4.324E+00  2.048E-01
   15.3333     47.930  4.151E+00  1.958E-01
   15.4167     48.764  3.978E+00  1.868E-01
   15.5000     49.611  3.806E+00  1.778E-01
   15.5833     50.471  3.634E+00  1.688E-01
   15.6667     51.343  3.463E+00  1.599E-01
   15.7500     52.226  3.293E+00  1.511E-01
   15.8333     53.121  3.125E+00  1.424E-01
   15.9167     54.025  2.960E+00  1.338E-01
   16.0000     54.939  2.798E+00  1.255E-01
------------------------------------------------------------
